    1      2  1.1800e-07  2.3600e-07
    2      3  4.2585e-09  1.2776e-08
    3      6  7.3876e-12  4.4326e-11
    3      7  3.8836e-09  2.7185e-08
    4      8  3.4852e-07  2.7882e-06
    4      9  1.1850e-07  1.0665e-06
    5     10  5.9451e-07  5.9451e-06
    5     11  9.9080e-08  1.0899e-06
    6     12  4.6218e-08  5.5461e-07
    6     13  3.4969e-08  4.5459e-07
    7     14  2.6615e-07  3.7260e-06
    7     15  2.5502e-07  3.8253e-06
    8     16  1.2277e-05  1.9643e-04
    8     17  5.7347e-07  9.7489e-06
    8     18  1.4542e-06  2.6176e-05
    9     19  1.3648e-06  2.5931e-05
   10     20  3.4514e-06  6.9028e-05
   10     21  5.1636e-06  1.0843e-04
   10     22  3.2230e-08  7.0906e-07
   11     23  2.4604e-07  5.6589e-06
   12     24  3.6061e-07  8.6546e-06
   12     25  1.7717e-07  4.4292e-06
   12     26  1.8802e-07  4.8886e-06
   13     27  9.5738e-08  2.5849e-06
   14     28  4.3585e-08  1.2204e-06
   14     29  4.9665e-08  1.4403e-06
   14     30  9.5110e-08  2.8533e-06
   15     31  2.5457e-08  7.8917e-07
   16     32  1.0044e-07  3.2141e-06
   16     33  6.8164e-08  2.2494e-06
   16     34  9.3230e-08  3.1698e-06
   16     36  5.7060e-08  2.0541e-06
   17     35  1.2265e-08  4.2927e-07
   17     37  5.3932e-09  1.9955e-07
   18     36  8.1473e-18  2.9330e-16
   18     38  1.2338e-08  4.6885e-07
   18     40  2.3661e-09  9.4642e-08
   19     39  7.0346e-09  2.7435e-07
   19     41  4.7134e-09  1.9325e-07
   20     42  4.7746e-09  2.0054e-07
   20     43  1.0296e-09  4.4272e-08
   20     44  1.2219e-08  5.3762e-07
   20     46  9.9838e-10  4.5926e-08
   21     45  7.9181e-09  3.5632e-07
   22     46  6.1295e-19  2.8196e-17
   22     47  2.0635e-09  9.6987e-08
   22     48  2.6550e-09  1.2744e-07
   22     49  4.6623e-10  2.2845e-08
   22     50  1.4417e-09  7.2083e-08
   23     51  3.3854e-09  1.7265e-07
   24     52  1.3633e-09  7.0894e-08
   24     53  1.1140e-08  5.9041e-07
   24     54  1.3763e-09  7.4320e-08
   25     55  6.8478e-11  3.7663e-09
   26     56  5.7658e-09  3.2288e-07
   26     57  2.8147e-09  1.6044e-07
   26     58  4.7421e-10  2.7504e-08
   27     59  4.2444e-11  2.5042e-09
   28     60  8.5369e-11  5.1222e-09
   28     61  1.4775e-11  9.0126e-10
   28     62  2.5570e-10  1.5853e-08
   28     64  2.6535e-09  1.6983e-07
   29     63  1.8330e-08  1.1548e-06
   29     65  3.0155e-09  1.9601e-07
   30     64  8.1315e-20  5.2041e-18
   30     66  3.0907e-09  2.0399e-07
   30     67  2.4462e-08  1.6389e-06
   30     68  3.3986e-09  2.3111e-07
   30     70  6.7085e-09  4.6960e-07
   31     69  8.8598e-10  6.1132e-08
   31     71  4.4690e-09  3.1730e-07
   32     70  3.1139e-15  2.1798e-13
   32     72  8.6609e-09  6.2358e-07
   32     73  1.9304e-09  1.4092e-07
   32     74  3.8825e-08  2.8731e-06
   32     76  5.2599e-09  3.9975e-07
   33     75  2.5178e-08  1.8883e-06
   34     76  2.1426e-13  1.6284e-11
   34     77  2.1514e-08  1.6566e-06
   34     78  2.4974e-08  1.9479e-06
   34     80  2.6821e-07  2.1457e-05
   34     82  1.0129e-07  8.3060e-06
   35     79  2.3632e-08  1.8670e-06
   35     81  5.5110e-08  4.4639e-06
   36     82  4.4122e-12  3.6180e-10
   36     83  6.7946e-08  5.6395e-06
   36     84  6.7889e-09  5.7027e-07
   36     86  1.5757e-08  1.3551e-06
   37     85  1.9720e-08  1.6762e-06
   37     87  3.8591e-08  3.3574e-06
   38     86  9.7962e-19  8.4247e-17
   38     87  2.8256e-10  2.4583e-08
   38     88  2.2525e-09  1.9822e-07
   39     89  1.0296e-08  9.1632e-07
   40     90  1.0911e-08  9.8197e-07
   40     91  2.5141e-08  2.2878e-06
   40     92  2.1028e-08  1.9345e-06
   40     94  4.4850e-08  4.2159e-06
   41     93  6.3392e-08  5.8955e-06
   42     95  4.5808e-08  4.3518e-06
   42     96  1.1692e-08  1.1224e-06
   42     97  2.3998e-08  2.3278e-06
   42     98  7.9515e-09  7.7924e-07
   42    100  1.4115e-08  1.4115e-06
   44     99  6.3882e-09  6.3244e-07
   44    100  1.7952e-14  1.7952e-12
   44    101  2.3173e-09  2.3405e-07
   44    102  6.0956e-09  6.2175e-07
   44    104  4.6992e-09  4.8872e-07
   45    103  9.8436e-09  1.0139e-06
   46    104  2.1970e-16  2.2849e-14
   46    105  1.3266e-09  1.3929e-07
   46    106  2.8672e-09  3.0392e-07
   46    108  1.2788e-08  1.3811e-06
   46    110  3.0113e-08  3.3124e-06
   47    107  9.9396e-09  1.0635e-06
   47    109  1.9735e-08  2.1511e-06
   48    110  5.8743e-14  6.4617e-12
   48    111  3.9410e-09  4.3745e-07
   48    112  7.8027e-09  8.7390e-07
   48    113  1.0704e-08  1.2096e-06
   48    114  2.8876e-08  3.2919e-06
   48    116  6.0133e-09  6.9754e-07
   49    113  4.7109e-16  5.3233e-14
   49    115  2.9181e-08  3.3558e-06
   50    115  2.3282e-14  2.6775e-12
   50    116  1.7791e-15  2.0637e-13
   50    117  2.4586e-09  2.8766e-07
   50    118  6.9258e-10  8.1724e-08
   50    119  3.9394e-10  4.6879e-08
   50    120  8.1794e-10  9.8153e-08
   50    122  4.3426e-09  5.2980e-07
   50    124  2.7749e-08  3.4409e-06
   51    121  1.4984e-08  1.8131e-06
   51    123  7.1757e-09  8.8262e-07
   52    122  3.8935e-14  4.7501e-12
   52    124  4.2699e-16  5.2946e-14
   52    125  5.8192e-08  7.2741e-06
   52    126  6.8731e-08  8.6601e-06
   52    128  3.4932e-07  4.4713e-05
   52    130  8.1300e-08  1.0569e-05
   53    127  1.6602e-07  2.1085e-05
   53    129  3.6646e-15  4.7274e-13
   54    128  2.0779e-18  2.6597e-16
   54    129  5.8356e-07  7.5279e-05
   54    130  2.3843e-14  3.0996e-12
   54    131  6.4188e-08  8.4086e-06
   54    132  6.8029e-08  8.9798e-06
   54    134  1.7657e-08  2.3661e-06
   54    136  3.7381e-08  5.0838e-06
   55    133  2.5704e-08  3.4187e-06
   56    134  3.6719e-19  4.9204e-17
   56    135  1.1868e-08  1.6022e-06
   56    136  5.5140e-17  7.4991e-15
   56    137  6.9244e-09  9.4864e-07
   56    138  5.8127e-08  8.0215e-06
   57    139  4.6462e-09  6.4582e-07
   58    140  4.2512e-08  5.9517e-06
   58    142  1.9531e-08  2.7734e-06
   59    141  2.4744e-08  3.4889e-06
   60    142  1.0385e-19  1.4746e-17
   60    143  4.1467e-09  5.9298e-07
   60    144  8.2430e-09  1.1870e-06
   60    145  1.6483e-09  2.3900e-07
   60    146  3.9651e-09  5.7890e-07
   60    148  4.2680e-09  6.3166e-07
   60    150  3.4969e-10  5.2454e-08
   62    147  7.0190e-09  1.0318e-06
   62    148  7.0916e-17  1.0496e-14
   62    149  4.1987e-10  6.2561e-08
   62    150  1.9937e-14  2.9905e-12
   62    152  3.4320e-11  5.2166e-09
   62    154  7.8151e-12  1.2035e-09
   63    151  1.5435e-11  2.3308e-09
   63    153  2.3528e-11  3.5998e-09
   64    154  1.6364e-17  2.5200e-15
   64    155  1.2216e-09  1.8935e-07
   64    156  1.3690e-10  2.1357e-08
   64    157  6.0030e-11  9.4247e-09
   64    158  9.1055e-11  1.4387e-08
   64    160  4.6748e-11  7.4797e-09
   65    159  1.5948e-11  2.5357e-09
   66    160  4.6291e-18  7.4066e-16
   66    161  6.5737e-11  1.0584e-08
   66    162  2.2053e-11  3.5726e-09
   66    163  2.9294e-11  4.7749e-09
   66    164  1.8239e-11  2.9913e-09
   67    165  2.8877e-11  4.7646e-09
   68    166  1.4183e-11  2.3544e-09
   68    167  3.0896e-11  5.1596e-09
   68    168  1.6350e-11  2.7468e-09
   68    170  2.7401e-11  4.6581e-09
   69    169  1.4303e-10  2.4171e-08
   70    170  6.3682e-18  1.0826e-15
   70    171  3.6558e-11  6.2514e-09
   70    172  9.4536e-12  1.6260e-09
   70    173  1.1420e-11  1.9757e-09
   70    174  5.4592e-11  9.4990e-09
   70    176  7.2599e-11  1.2777e-08
   71    175  1.2280e-11  2.1490e-09
   71    176  2.2733e-19  4.0011e-17
   72    177  1.2517e-10  2.2156e-08
   72    178  5.3329e-11  9.4925e-09
   72    179  3.2337e-11  5.7884e-09
   72    180  9.5991e-11  1.7278e-08
   73    181  9.6971e-11  1.7552e-08
   74    182  1.3331e-09  2.4263e-07
   74    183  1.5391e-09  2.8166e-07
   74    184  2.1911e-09  4.0316e-07
   74    186  2.0897e-09  3.8869e-07
   75    185  9.8621e-10  1.8245e-07
   75    187  7.8729e-10  1.4722e-07
   76    186  2.1581e-19  4.0141e-17
   76    187  6.3983e-12  1.1965e-09
   76    188  2.7170e-09  5.1080e-07
   76    189  1.1331e-09  2.1416e-07
   76    190  2.2119e-09  4.2025e-07
   76    192  2.3108e-09  4.4368e-07
   77    191  1.3110e-08  2.5040e-06
   77    193  1.0450e-09  2.0168e-07
   78    192  3.6445e-16  6.9974e-14
   78    194  6.1780e-09  1.1985e-06
   78    195  1.0001e-08  1.9503e-06
   78    196  1.1699e-08  2.2930e-06
   78    198  1.6555e-08  3.2779e-06
   79    197  1.6338e-08  3.2186e-06
   80    198  1.8431e-15  3.6493e-13
   80    199  9.8037e-09  1.9509e-06
   80    200  3.5793e-07  7.1587e-05
   80    201  4.5113e-07  9.0677e-05
   80    202  1.3174e-06  2.6611e-04
   80    204  9.5410e-07  1.9464e-04
   80    206  5.1809e-18  1.0673e-15
   81    203  1.0582e-06  2.1482e-04
   81    205  6.6818e-07  1.3698e-04
   82    204  1.2147e-15  2.4781e-13
   82    206  7.9003e-07  1.6275e-04
   82    207  1.0569e-06  2.1877e-04
   82    208  5.1768e-07  1.0768e-04
   82    210  6.1582e-16  1.2932e-13
   82    211  3.7990e-20  8.0158e-18
   82    212  1.3546e-20  2.8717e-18
   83    209  4.3100e-07  9.0079e-05
   83    210  3.8040e-19  7.9883e-17
   84    210  1.0503e-17  2.2056e-15
   86    222  2.8992e-19  6.4363e-17
   88    223  1.7296e-17  3.8569e-15
   88    224  1.1106e-19  2.4878e-17
   88    226  4.4363e-14  1.0026e-11
   88    228  6.4015e-17  1.4595e-14
   89    227  1.2028e-14  2.7303e-12
   90    227  2.7798e-17  6.3101e-15
   90    228  2.1328e-17  4.8628e-15
   90    230  2.0908e-12  4.8088e-10
   90    231  1.6088e-18  3.7164e-16
   90    232  1.5633e-07  3.6268e-05
   90    234  1.8272e-18  4.2756e-16
   91    231  1.8032e-11  4.1654e-09
   91    234  2.1171e-20  4.9541e-18
   92    234  6.8082e-12  1.5931e-09
   92    235  3.8864e-07  9.1329e-05
   92    236  9.5007e-10  2.2422e-07
   92    238  1.2386e-07  2.9478e-05
   92    240  4.6106e-20  1.1065e-17
   94    239  5.4134e-18  1.2938e-15
   94    240  1.8811e-13  4.5145e-11
   94    244  2.2897e-09  5.5868e-07
   95    243  1.6549e-18  4.0213e-16
   96    244  6.2144e-19  1.5163e-16
   96    247  3.4928e-15  8.6271e-13
   97    246  3.8575e-11  9.4894e-09
  100    258  2.6277e-07  6.7795e-05
  100    260  5.7201e-07  1.4872e-04
  100    262  1.7184e-07  4.5021e-05
  102    260  9.1270e-18  2.3730e-15
  102    261  3.7787e-07  9.8624e-05
  102    263  1.2181e-07  3.2035e-05
  102    264  1.9710e-07  5.2034e-05
  102    266  1.8879e-07  5.0217e-05
  103    265  1.5501e-07  4.1077e-05
  104    267  9.0200e-08  2.4083e-05
  104    268  1.6304e-07  4.3696e-05
  104    270  7.0732e-07  1.9098e-04
  104    272  5.4744e-07  1.4890e-04
  104    274  2.3107e-06  6.3314e-04
  105    269  7.5807e-07  2.0392e-04
  105    271  3.0218e-07  8.1891e-05
  106    273  6.7996e-07  1.8563e-04
  106    275  5.5142e-06  1.5164e-03
  106    276  1.7251e-05  4.7611e-03
  106    278  1.5257e-05  4.2415e-03
  106    280  4.5698e-06  1.2795e-03
  107    277  4.1457e-06  1.1484e-03
  108    279  1.9472e-05  5.4328e-03
  108    281  1.4233e-06  3.9994e-04
  108    282  8.2761e-06  2.3339e-03
  108    283  7.2267e-08  2.0452e-05
  108    284  2.4708e-08  7.0170e-06
  108    286  1.6159e-08  4.6214e-06
  110    285  6.6935e-10  1.9077e-07
  110    287  1.8133e-08  5.2043e-06
  110    288  3.6909e-09  1.0630e-06
  110    290  8.5177e-09  2.4701e-06
  111    289  3.3769e-09  9.7593e-07
  111    290  3.0898e-19  8.9603e-17
  111    291  2.1703e-14  6.3156e-12
  111    292  2.3871e-08  6.9705e-06
  111    293  6.0132e-09  1.7619e-06
  111    294  9.2472e-09  2.7187e-06
  111    295  1.4408e-09  4.2503e-07
  111    296  3.4563e-10  1.0231e-07
  111    297  2.3915e-10  7.1027e-08
  111    298  5.1666e-12  1.5396e-09
  111    299  5.1695e-14  1.5457e-11
  111    300  5.8863e-13  1.7659e-10
  111    301  1.8435e-08  5.5490e-06
  111    302  1.8591e-08  5.6144e-06
  111    303  6.7339e-09  2.0404e-06
  111    304  1.4247e-08  4.3309e-06
  111    305  1.2915e-08  3.9392e-06
  111    306  5.0412e-08  1.5426e-05
  111    307  2.6769e-08  8.2179e-06
  111    308  3.8155e-08  1.1752e-05
  111    309  6.5299e-08  2.0177e-05
  111    310  7.0676e-08  2.1909e-05
  111    311  6.5439e-08  2.0352e-05
  111    312  7.7864e-08  2.4294e-05
  111    313  1.1751e-07  3.6780e-05
  111    314  6.4133e-08  2.0138e-05
  111    315  9.2364e-08  2.9095e-05
  111    316  2.0693e-07  6.5390e-05
  111    317  1.9076e-07  6.0469e-05
  111    318  4.6697e-07  1.4850e-04
  111    319  1.5037e-07  4.7969e-05
  111    320  3.8044e-07  1.2174e-04
  111    321  1.6879e-07  5.4183e-05
  111    322  1.8969e-07  6.1080e-05
  111    323  4.6746e-07  1.5099e-04
  111    324  3.4894e-07  1.1306e-04
  111    325  6.1757e-07  2.0071e-04
  111    326  4.3655e-06  1.4231e-03
  111    327  4.9897e-06  1.6316e-03
  111    328  1.0107e-06  3.3152e-04
  111    329  2.4292e-05  7.9919e-03
  111    330  3.6499e-06  1.2045e-03
  111    331  2.6766e-06  8.8596e-04
  111    332  1.7965e-05  5.9643e-03
  111    333  5.9442e-06  1.9794e-03
  111    334  1.6118e-06  5.3833e-04
  111    335  1.8123e-06  6.0713e-04
  111    336  4.5979e-07  1.5449e-04
  111    337  4.7821e-04  1.6116e-01
    1      1  1.9067e-07  1.9067e-07
    2      4  1.9727e-01  7.8909e-01


