    1      2  1.1811e-15  2.3622e-15
    3      6  9.5179e-20  5.7108e-19
    3      7  1.1558e-20  8.0909e-20
    4      9  2.5535e-19  2.2981e-18
    5     10  1.6586e-19  1.6586e-18
    6     12  8.9499e-08  1.0740e-06
    6     13  8.0778e-14  1.0501e-12
    7     14  8.1422e-18  1.1399e-16
    7     15  9.8086e-19  1.4713e-17
    8     16  1.7839e-09  2.8542e-08
    8     17  2.5957e-16  4.4128e-15
    8     18  2.8019e-19  5.0435e-18
    9     19  9.2192e-20  1.7516e-18
   10     20  1.9049e-09  3.8099e-08
   10     21  3.9467e-15  8.2880e-14
   10     22  8.7261e-19  1.9197e-17
   11     23  2.5747e-13  5.9219e-12
   12     24  1.5811e-09  3.7946e-08
   12     25  1.5052e-10  3.7630e-09
   12     26  8.1434e-11  2.1173e-09
   13     26  7.5973e-15  1.9753e-13
   13     27  1.1690e-10  3.1562e-09
   14     28  1.5073e-09  4.2203e-08
   14     29  8.5641e-10  2.4836e-08
   14     30  2.5852e-09  7.7557e-08
   15     31  1.6899e-09  5.2386e-08
   16     32  4.2240e-09  1.3517e-07
   16     33  1.3767e-09  4.5430e-08
   16     34  3.1508e-09  1.0713e-07
   16     36  4.5438e-09  1.6358e-07
   17     35  2.3593e-09  8.2574e-08
   17     37  4.1819e-09  1.5473e-07
   18     36  2.8076e-13  1.0107e-11
   18     38  9.2780e-09  3.5256e-07
   18     40  1.8568e-10  7.4273e-09
   19     39  1.6192e-09  6.3148e-08
   19     40  5.3850e-17  2.1540e-15
   19     41  1.8600e-10  7.6260e-09
   20     40  1.8633e-17  7.4530e-16
   20     42  5.3837e-08  2.2612e-06
   20     43  2.8719e-10  1.2349e-08
   20     44  7.6667e-10  3.3734e-08
   20     46  9.6724e-09  4.4493e-07
   21     45  1.9295e-09  8.6828e-08
   22     46  4.9366e-19  2.2708e-17
   22     47  7.3872e-08  3.4720e-06
   22     48  1.4062e-07  6.7500e-06
   22     49  1.6787e-09  8.2259e-08
   22     50  3.7157e-08  1.8579e-06
   23     51  2.2061e-07  1.1251e-05
   24     52  8.4887e-07  4.4141e-05
   24     53  2.0666e-07  1.0953e-05
   24     54  3.5016e-08  1.8908e-06
   25     55  1.8979e-09  1.0438e-07
   26     56  1.9088e-06  1.0690e-04
   26     57  8.2192e-08  4.6849e-06
   26     58  5.0849e-08  2.9493e-06
   27     59  3.2790e-07  1.9346e-05
   28     60  6.6924e-08  4.0154e-06
   28     61  1.7083e-08  1.0420e-06
   28     62  1.0164e-07  6.3014e-06
   28     64  7.6085e-07  4.8694e-05
   29     63  4.1463e-07  2.6122e-05
   29     65  1.4468e-06  9.4044e-05
   30     64  1.2167e-19  7.7871e-18
   30     66  3.8167e-07  2.5190e-05
   30     67  1.9873e-07  1.3315e-05
   30     68  8.9058e-07  6.0560e-05
   30     70  2.7211e-06  1.9048e-04
   31     69  1.6603e-06  1.1456e-04
   31     71  8.5568e-07  6.0753e-05
   32     70  3.7245e-13  2.6071e-11
   32     72  1.0717e-06  7.7159e-05
   32     73  6.2326e-07  4.5498e-05
   32     74  1.0193e-06  7.5429e-05
   32     76  3.3983e-06  2.5827e-04
   33     75  1.3229e-06  9.9218e-05
   34     76  7.6599e-13  5.8215e-11
   34     77  6.3128e-06  4.8609e-04
   34     78  4.7977e-06  3.7422e-04
   34     80  2.4680e-05  1.9744e-03
   34     82  2.8398e-06  2.3287e-04
   35     79  2.6351e-06  2.0817e-04
   35     81  2.3438e-06  1.8985e-04
   36     82  1.3398e-11  1.0987e-09
   36     83  3.6223e-06  3.0065e-04
   36     84  3.0583e-05  2.5689e-03
   36     86  1.1339e-06  9.7516e-05
   37     85  4.8506e-06  4.1230e-04
   37     87  1.5422e-05  1.3417e-03
   38     86  1.2797e-17  1.1005e-15
   38     87  1.1291e-07  9.8235e-06
   38     88  1.9676e-04  1.7315e-02
   39     89  7.3712e-05  6.5604e-03
   40     90  1.6048e-05  1.4443e-03
   40     91  5.0071e-05  4.5565e-03
   40     92  2.8392e-04  2.6120e-02
   40     94  1.4680e-03  1.3799e-01
   41     93  2.4350e-04  2.2646e-02
   42     95  5.7377e-05  5.4508e-03
   42     96  3.7933e-05  3.6416e-03
   42     97  5.4595e-05  5.2957e-03
   42     98  6.3467e-05  6.2198e-03
   42    100  7.7227e-05  7.7227e-03
   44     99  2.4391e-04  2.4147e-02
   44    100  4.4586e-11  4.4586e-09
   44    101  8.6153e-05  8.7014e-03
   44    102  1.1301e-03  1.1527e-01
   44    104  6.9348e-04  7.2122e-02
   45    103  3.6478e-04  3.7572e-02
   46    104  4.9160e-13  5.1126e-11
   46    105  3.6976e-04  3.8825e-02
   46    106  2.1869e-04  2.3181e-02
   46    107  1.4034e-20  1.5017e-18
   46    108  2.3228e-04  2.5086e-02
   46    110  6.5363e-05  7.1899e-03
   47    107  1.3839e-04  1.4808e-02
   47    109  1.8819e-04  2.0513e-02
   48    110  3.6898e-11  4.0588e-09
   48    111  1.1134e-05  1.2359e-03
   48    112  9.5147e-05  1.0656e-02
   48    113  2.1805e-05  2.4640e-03
   48    114  2.6207e-05  2.9876e-03
   48    116  1.3940e-05  1.6170e-03
   49    113  9.5965e-13  1.0844e-10
   49    115  2.3818e-05  2.7390e-03
   50    115  1.9003e-11  2.1854e-09
   50    116  7.0491e-14  8.1770e-12
   50    117  2.5689e-05  3.0056e-03
   50    118  4.5507e-06  5.3698e-04
   50    119  1.8322e-06  2.1803e-04
   50    120  6.8921e-06  8.2705e-04
   50    122  4.2669e-07  5.2057e-05
   50    124  7.8948e-07  9.7895e-05
   51    121  4.4465e-06  5.3803e-04
   51    123  3.0394e-07  3.7385e-05
   52    122  8.3348e-13  1.0169e-10
   52    124  1.0433e-15  1.2937e-13
   52    125  8.5387e-07  1.0673e-04
   52    126  3.2991e-07  4.1569e-05
   52    128  1.6816e-06  2.1525e-04
   52    130  6.5100e-08  8.4630e-06
   53    127  6.6312e-07  8.4217e-05
   53    129  5.9682e-15  7.6990e-13
   54    128  1.7987e-19  2.3023e-17
   54    129  3.8697e-07  4.9920e-05
   54    130  5.3462e-16  6.9500e-14
   54    131  3.5949e-09  4.7093e-07
   54    132  1.2662e-10  1.6714e-08
   54    134  1.5238e-14  2.0419e-12
   54    136  9.0886e-16  1.2361e-13
   55    133  7.0886e-13  9.4279e-11
   56    135  6.9896e-17  9.4359e-15
   56    137  5.7076e-18  7.8194e-16
   56    138  1.8122e-18  2.5008e-16
   57    139  1.8546e-19  2.5779e-17
   58    140  4.3153e-20  6.0415e-18
   58    142  1.2404e-20  1.7614e-18
    1      1  1.0355e-09  1.0355e-09
    2      4  8.2623e-02  3.3049e-01


