1  3.1788e-09
2  7.5939e-09
3  8.1612e-10
4  2.2409e-01
5  0.0000e+00
6  2.1906e-11
7  9.9919e-10
8  3.0251e-09
9  1.2160e-09
10  5.0671e-08
11  3.1114e-09
12  3.5475e-09
13  1.4900e-07
14  5.4682e-08
15  5.9822e-06
16  1.4991e-07
17  5.1086e-09
18  3.2906e-08
19  5.4546e-07
20  7.7912e-07
21  3.7977e-07
22  3.7195e-09
23  6.9817e-07
24  2.4475e-07
25  3.5926e-07
26  4.4268e-08
27  1.2407e-07
28  2.8430e-07
29  7.1357e-08
30  5.4220e-08
31  4.4038e-08
32  9.2341e-08
33  5.8412e-07
34  4.5356e-07
35  1.9886e-08
36  2.0224e-08
37  9.8931e-09
38  4.3058e-08
39  3.7188e-08
40  1.4817e-08
41  7.3401e-08
42  2.2218e-07
43  5.2051e-08
44  5.8858e-08
45  5.6117e-08
46  2.3019e-08
47  3.1477e-08
48  5.8108e-08
49  4.3587e-08
50  4.3353e-08
51  1.7050e-08
52  8.1715e-08
53  5.3513e-08
54  2.4913e-08
55  1.7233e-08
56  3.1185e-08
57  1.0783e-07
58  5.3047e-09
59  6.1904e-09
60  1.2764e-08
61  2.1365e-08
62  2.2071e-08
63  8.5724e-08
64  5.6562e-08
65  3.8813e-08
66  7.6862e-08
67  2.9413e-08
68  3.1182e-08
69  2.3302e-08
70  7.1239e-08
71  1.9637e-08
72  8.2920e-08
73  4.0950e-08
74  1.2204e-07
75  3.3425e-07
76  4.0953e-07
77  3.0011e-07
78  2.5019e-07
79  3.4629e-07
80  1.2686e-06
81  7.5082e-07
82  5.9293e-07
83  7.4721e-07
84  3.4446e-07
85  2.8245e-07
86  5.9984e-07
87  4.9839e-07
88  4.9253e-07
89  3.2476e-07
90  4.9934e-07
91  1.0407e-07
92  3.8511e-07
93  2.5487e-07
94  6.5364e-07
95  4.2771e-07
96  5.2522e-07
97  3.8324e-07
98  8.3537e-08
99  8.9368e-08
100  1.0289e-07
101  1.2074e-07
102  8.1928e-08
103  1.0192e-07
104  1.4994e-07
105  1.4754e-07
106  3.0233e-07
107  3.3423e-07
108  8.5772e-07
109  3.9289e-06
110  6.8997e-06
111  1.1044e-06
112  4.1497e-06
113  2.5929e-06
114  2.5686e-06
115  1.5344e-06
116  2.6463e-07
117  3.1179e-07
118  2.0900e-07
119  1.5408e-07
120  6.9392e-07
121  3.2368e-07
122  4.6716e-07
123  5.9404e-07
124  2.6482e-06
125  3.2063e-06
126  5.6131e-06
127  6.6557e-06
128  6.6050e-06
129  5.3339e-06
130  4.9946e-06
131  3.2152e-06
132  1.8060e-06
133  1.3654e-06
134  1.5445e-06
135  1.1545e-06
136  1.9843e-06
137  1.6478e-06
138  1.4795e-06
139  8.6912e-07
140  1.2870e-06
141  2.8243e-06
142  1.1530e-06
143  8.3499e-07
144  1.4811e-06
145  7.1777e-07
146  6.1832e-07
147  4.7396e-07
148  4.8753e-07
149  3.2512e-07
150  8.3928e-07
151  7.7023e-07
152  8.1982e-07
153  4.9533e-07
154  7.7188e-07
155  4.1848e-07
156  8.0239e-07
157  5.7917e-07
158  1.1237e-06
159  5.1847e-07
160  1.1090e-06
161  5.6146e-07
162  1.0293e-06
163  6.0627e-07
164  1.4820e-06
165  7.5268e-07
166  1.4077e-06
167  6.4167e-07
168  1.0489e-06
169  1.1973e-06
170  1.0020e-06
171  1.0219e-06
172  1.1904e-06
173  1.4096e-06
174  2.1480e-06
175  1.7496e-06
176  1.8363e-06
177  2.0954e-06
178  1.8102e-06
179  1.3800e-06
180  1.2923e-06
181  1.0281e-06
182  7.0761e-07
183  3.1890e-07
184  2.9779e-07
185  1.8502e-07
186  4.8969e-07
187  3.3554e-07
188  1.1143e-06
189  2.3702e-06
190  5.9101e-06
191  9.3185e-06
192  1.7876e-05
193  2.9166e-05
194  4.0443e-05
195  4.4412e-05
196  3.0579e-05
197  2.2211e-05
198  9.0726e-06
199  3.4401e-06
200  2.1263e-06
201  1.2819e-06
202  1.5484e-06
203  1.0655e-06
204  1.3928e-06
205  1.5185e-06
206  2.7139e-05
207  2.7078e-05
208  2.1227e-05
209  3.5292e-05
210  1.8252e-12
211  5.0366e-18
212  6.2714e-18
213  5.0017e-44
214  9.5588e-19
215  1.3885e-24
216  7.2664e-24
217  2.1182e-94
218  1.6428e-20
219  1.9489e-21
220  2.7863e-21
221  4.2070e-320
222  2.9162e-17
223  4.8621e-16
224  1.5736e-17
225  3.0145e-40
226  4.4623e-12
227  3.3889e-13
228  5.0605e-11
229  1.1244e-29
230  2.1031e-10
231  5.0690e-10
232  2.2150e-05
233  6.7195e-26
234  6.8481e-10
235  1.0925e-05
236  5.5447e-08
237  -1.8055e-318
238  1.2458e-05
239  3.8868e-17
240  1.0976e-11
241  0.0000e+00
242  2.0863e-122
243  1.1882e-17
244  1.3360e-07
245  0.0000e+00
246  2.0841e-09
247  2.5078e-14
248  1.8521e-121
249  0.0000e+00
250  0.0000e+00
251  2.1725e-314
252  0.0000e+00
253  0.0000e+00
254  0.0000e+00
255  0.0000e+00
256  0.0000e+00
257  8.6437e-26
258  2.4320e-06
259  8.4583e-26
260  2.3525e-06
261  1.7262e-06
262  2.0479e-06
263  1.8760e-06
264  2.1510e-06
265  1.4998e-06
266  1.8583e-06
267  1.0654e-06
268  8.5477e-07
269  1.5887e-06
270  1.4997e-06
271  1.2392e-06
272  1.5022e-06
273  1.4165e-06
274  1.1576e-06
275  6.8506e-07
276  6.6065e-07
277  1.5471e-07
278  1.6015e-07
279  4.2616e-08
280  1.2364e-08
281  4.0163e-09
282  7.0075e-09
283  5.3322e-09
284  8.0760e-09
285  8.2449e-09
286  8.9574e-09
287  7.5605e-09
288  7.7116e-09
289  4.2650e-09
290  4.8355e-09
291  2.1791e-09
292  1.5686e-08
293  6.8553e-09
294  1.2472e-08
295  6.2646e-09
296  4.7024e-09
297  2.3224e-09
298  2.9476e-09
299  3.9774e-10
300  2.1110e-10
301  6.7627e-09
302  6.3255e-09
303  1.0772e-09
304  2.2972e-09
305  5.3095e-10
306  6.9820e-10
307  4.5146e-10
308  2.3309e-10
309  7.4893e-11
310  2.1246e-10
311  6.4784e-11
312  4.4727e-11
313  2.5902e-11
314  3.4306e-11
315  9.6856e-12
316  2.2106e-11
317  7.1380e-12
318  1.0196e-11
319  5.0145e-12
320  4.9732e-12
321  3.2876e-12
322  2.4417e-12
323  3.4569e-12
324  3.4120e-12
325  3.8292e-13
326  1.9017e-12
327  1.6126e-12
328  4.3953e-14
329  4.9472e-13
330  1.6613e-13
331  2.9748e-14
332  1.0188e-13
333  2.3274e-14
334  3.7045e-14
335  2.4560e-15
336  1.9488e-14
337  1.0557e-14

