1  2.6070e-08
2  2.2694e-01
3  2.3197e-09
4  2.1072e-08
5  1.7144e-07
6  5.5183e-08
7  7.3538e-06
8  3.3849e-07
9  5.4405e-07
10  1.4012e-06
11  5.7579e-07
12  6.0591e-07
13  9.3225e-08
14  2.3971e-07
15  1.9668e-08
16  6.1024e-07
17  1.9548e-08
18  2.5339e-08
19  4.1798e-08
20  1.1628e-07
21  2.1756e-08
22  4.1617e-08
23  7.4928e-09
24  5.4605e-08
25  2.9639e-09
26  5.5610e-08
27  1.5410e-09
28  2.2148e-08
29  4.4996e-08
30  9.1656e-08
31  1.1824e-08
32  1.9331e-07
33  1.0733e-07
34  6.2148e-07
35  2.0842e-07
36  2.8089e-07
37  1.2258e-07
38  7.3169e-08
39  4.9852e-08
40  2.2226e-07
41  2.8819e-08
42  1.6801e-07
43  1.0665e-33
44  5.5315e-08
45  1.4487e-08
46  1.6522e-06
47  6.9020e-07
48  3.1725e-06
49  9.0271e-07
50  9.8544e-07
51  2.1970e-07
52  3.9641e-06
53  1.0502e-06
54  3.7885e-06
55  3.0110e-07
56  1.1296e-06
57  1.6191e-07
58  4.7889e-07
59  4.6891e-07
60  1.1378e-06
61  1.3381e-85
62  4.9795e-07
63  9.8298e-08
64  6.2429e-07
65  6.0081e-09
66  3.6843e-07
67  8.8138e-08
68  8.6781e-07
69  6.4482e-07
70  9.8393e-07
71  1.2026e-07
72  1.7913e-06
73  4.8581e-07
74  1.3895e-06
75  2.7475e-07
76  1.1595e-06
77  9.9112e-07
78  1.8307e-05
79  7.5547e-06
80  9.3493e-06
81  3.3740e-07
82  1.8334e-05
83  1.4511e-05
84  6.9861e-16
85  2.2959e-26
86  1.9287e-17
87  6.6349e-21
88  2.9309e-11
89  2.5021e-13
90  1.1538e-05
91  3.7511e-10
92  1.6367e-05
93  1.5456e-19
94  1.0510e-07
95  1.2704e-17
96  2.6838e-14
97  1.5958e-09
98  -6.4552e-314
99  7.7568e-322
100  9.1819e-06
101  2.5086e-313
102  1.5167e-05
103  3.6440e-06
104  4.1349e-05
105  1.1158e-05
106  8.1045e-05
107  8.2082e-06
108  9.4357e-06
109  -1.7998e-319
110  4.1377e-06
111  5.6061e-05
112  0.0000e+00
113  0.0000e+00
114  0.0000e+00
115  0.0000e+00
116  0.0000e+00
117  0.0000e+00
118  0.0000e+00

