1  3.1612e-02
2  2.3089e-01
3  4.3811e-11
4  2.5144e-07
5  2.9530e-09
6  6.1344e-09
7  1.2537e-06
8  1.8785e-06
9  3.8672e-08
10  2.1313e-06
11  5.1512e-07
12  4.1163e-06
13  1.0390e-08
14  3.9992e-07
15  1.1036e-08
16  8.7253e-07
17  4.3089e-08
18  1.7692e-07
19  5.1640e-09
20  3.0923e-09
21  2.8371e-10
22  1.7426e-08
23  9.8016e-11
24  3.8172e-10
25  3.2293e-11
26  5.5681e-10
27  4.4635e-12
28  2.5483e-09
29  9.5794e-11
30  2.0523e-10
31  1.6527e-11
32  4.7021e-10
33  4.5214e-11
34  1.5285e-09
35  1.3191e-10
36  5.3298e-10
37  2.4317e-10
38  1.4493e-10
39  1.4283e-10
40  3.3961e-10
41  9.4977e-11
42  5.5815e-10
43  5.2241e-36
44  1.1010e-10
45  1.3293e-11
46  1.4354e-10
47  2.1832e-11
48  1.4704e-10
49  3.4241e-11
50  4.4841e-10
51  2.8592e-11
52  8.9082e-10
53  1.4914e-11
54  1.7411e-08
55  3.6985e-09
56  4.7370e-09
57  1.8438e-10
58  4.7139e-10
59  3.3204e-11
60  1.8828e-10
61  2.3963e-90
62  4.0738e-11
63  6.7349e-12
64  1.1651e-11
65  3.5373e-13
66  2.1114e-12
67  6.9949e-13
68  3.8725e-12
69  2.2666e-12
70  4.4319e-12
71  5.1476e-13
72  2.4764e-12
73  5.2910e-12
74  3.8078e-12
75  4.2651e-13
76  7.9821e-12
77  1.7836e-12
78  1.0739e-11
79  2.3983e-12
80  9.0644e-12
81  6.4404e-12
82  6.2114e-10
83  6.8156e-11
84  2.8631e-14
85  1.5882e-47
86  2.4838e-14
87  2.1859e-27
88  8.2258e-18
89  8.2429e-20
90  3.4260e-12
91  1.2358e-16
92  3.7907e-12
93  4.6535e-26
94  3.1473e-14
95  2.9276e-22
96  6.1791e-19
97  2.4691e-16
98  9.3003e-314
99  -1.8429e-321
100  2.0610e-10
101  3.0496e-208
102  4.8418e-10
103  1.5741e-10
104  2.9636e-11
105  1.8155e-11
106  1.0532e-10
107  6.6819e-12
108  3.5425e-08
109  1.5824e-319
110  3.4187e-08
111  1.2791e-04
112  0.0000e+00
113  0.0000e+00
114  0.0000e+00
115  0.0000e+00
116  0.0000e+00
117  0.0000e+00
118  0.0000e+00

