    1      2  4.6606e-15  9.3212e-15
    2      3  1.8790e-20  5.6370e-20
    3      6  1.1339e-18  6.8036e-18
    3      7  6.9978e-20  4.8985e-19
    4      9  7.8945e-19  7.1051e-18
    5     10  2.0525e-18  2.0525e-17
    5     11  5.6718e-20  6.2389e-19
    6     12  4.4095e-07  5.2914e-06
    6     13  2.0503e-12  2.6654e-11
    7     14  1.2279e-16  1.7191e-15
    7     15  5.4147e-20  8.1221e-19
    8     16  4.1634e-09  6.6615e-08
    8     17  5.1189e-16  8.7021e-15
    8     18  2.3985e-18  4.3173e-17
   10     20  5.1716e-09  1.0343e-07
   10     21  8.5745e-15  1.8006e-13
   10     22  4.4252e-18  9.7355e-17
   11     23  5.7493e-13  1.3223e-11
   12     24  6.1621e-09  1.4789e-07
   12     25  2.9796e-10  7.4490e-09
   12     26  6.1911e-11  1.6097e-09
   13     26  1.1608e-13  3.0181e-12
   13     27  7.3616e-10  1.9876e-08
   14     28  1.1547e-08  3.2332e-07
   14     29  3.0192e-09  8.7558e-08
   14     30  1.3571e-08  4.0714e-07
   15     31  6.6076e-09  2.0484e-07
   16     32  9.1198e-09  2.9183e-07
   16     33  1.9834e-09  6.5453e-08
   16     34  1.0702e-08  3.6386e-07
   16     36  3.0804e-08  1.1089e-06
   17     35  1.2831e-08  4.4910e-07
   17     37  1.7733e-08  6.5613e-07
   18     36  7.1913e-12  2.5889e-10
   18     38  4.5358e-08  1.7236e-06
   18     40  1.6106e-09  6.4424e-08
   19     39  7.8219e-09  3.0505e-07
   19     40  8.0139e-15  3.2055e-13
   19     41  9.9502e-10  4.0796e-08
   20     40  2.4732e-15  9.8930e-14
   20     42  8.8145e-08  3.7021e-06
   20     43  6.6409e-10  2.8556e-08
   20     44  3.9959e-09  1.7582e-07
   20     46  1.0915e-07  5.0211e-06
   21     45  1.3012e-08  5.8554e-07
   22     46  6.2649e-17  2.8818e-15
   22     47  6.9601e-08  3.2713e-06
   22     48  3.2953e-07  1.5817e-05
   22     49  3.7747e-08  1.8496e-06
   22     50  2.8224e-07  1.4112e-05
   23     51  6.3094e-07  3.2178e-05
   24     52  1.0158e-06  5.2821e-05
   24     53  1.3344e-07  7.0724e-06
   24     54  8.7322e-08  4.7154e-06
   25     55  4.5515e-09  2.5033e-07
   26     56  3.1105e-06  1.7419e-04
   26     57  1.7876e-07  1.0189e-05
   26     58  2.6335e-08  1.5274e-06
   27     59  1.8020e-07  1.0632e-05
   28     60  3.8620e-08  2.3172e-06
   28     61  2.4532e-08  1.4964e-06
   28     62  1.1075e-06  6.8667e-05
   28     64  1.3160e-06  8.4221e-05
   29     63  9.1854e-07  5.7868e-05
   29     65  1.4236e-06  9.2537e-05
   30     64  1.2088e-19  7.7362e-18
   30     66  5.0051e-07  3.3034e-05
   30     67  2.8229e-07  1.8913e-05
   30     68  4.7218e-06  3.2108e-04
   30     70  3.1655e-06  2.2159e-04
   31     69  2.0994e-06  1.4486e-04
   31     71  5.8163e-07  4.1295e-05
   32     70  3.5916e-14  2.5141e-12
   32     72  1.0651e-06  7.6687e-05
   32     73  5.7490e-07  4.1968e-05
   32     74  8.9175e-07  6.5990e-05
   32     76  6.7696e-06  5.1449e-04
   33     75  2.3428e-06  1.7571e-04
   34     76  3.3731e-13  2.5635e-11
   34     77  3.0085e-06  2.3165e-04
   34     78  4.2634e-06  3.3255e-04
   34     80  2.7853e-05  2.2282e-03
   34     82  1.6117e-05  1.3216e-03
   35     79  4.0694e-06  3.2148e-04
   35     81  3.7792e-06  3.0611e-04
   36     82  4.8334e-13  3.9634e-11
   36     83  3.6409e-06  3.0220e-04
   36     84  1.9066e-05  1.6016e-03
   36     86  2.5547e-06  2.1971e-04
   37     85  5.1219e-06  4.3536e-04
   37     87  6.2466e-06  5.4345e-04
   38     86  1.9038e-19  1.6373e-17
   38     87  4.5735e-08  3.9789e-06
   38     88  1.6459e-04  1.4484e-02
   39     89  4.8724e-05  4.3364e-03
   40     90  9.5881e-06  8.6293e-04
   40     91  3.7302e-05  3.3945e-03
   40     92  5.8135e-04  5.3484e-02
   40     94  4.0214e-04  3.7801e-02
   41     93  2.4349e-05  2.2645e-03
   42     95  1.4567e-04  1.3839e-02
   42     96  1.9098e-05  1.8334e-03
   42     97  3.1287e-05  3.0349e-03
   42     98  1.0885e-05  1.0668e-03
   42    100  5.7042e-05  5.7042e-03
   44     99  3.2454e-05  3.2130e-03
   44    100  9.5797e-12  9.5797e-10
   44    101  5.9828e-05  6.0427e-03
   44    102  5.7820e-04  5.8976e-02
   44    104  1.8009e-04  1.8729e-02
   45    103  1.4751e-04  1.5194e-02
   46    104  2.3042e-16  2.3964e-14
   46    105  5.1359e-05  5.3927e-03
   46    106  1.3508e-04  1.4319e-02
   46    107  7.2240e-20  7.7297e-18
   46    108  3.7162e-05  4.0134e-03
   46    110  4.6072e-06  5.0680e-04
   47    107  2.5594e-05  2.7385e-03
   47    109  3.2362e-05  3.5275e-03
   48    110  1.3533e-12  1.4886e-10
   48    111  1.2311e-06  1.3665e-04
   48    112  1.5296e-05  1.7131e-03
   48    113  1.8125e-06  2.0481e-04
   48    114  1.1278e-06  1.2857e-04
   48    116  8.4930e-07  9.8519e-05
   49    113  7.9768e-14  9.0137e-12
   49    115  2.1290e-06  2.4484e-04
   50    115  1.6986e-12  1.9534e-10
   50    116  5.6199e-13  6.5191e-11
   50    117  5.6584e-07  6.6203e-05
   50    118  1.7576e-07  2.0739e-05
   50    119  1.1742e-07  1.3973e-05
   50    120  6.9275e-07  8.3129e-05
   50    122  1.4520e-07  1.7714e-05
   50    124  6.6769e-08  8.2794e-06
   51    121  3.2034e-07  3.8761e-05
   51    123  1.8219e-08  2.2409e-06
   52    122  1.4828e-14  1.8091e-12
   52    124  1.2205e-17  1.5134e-15
   52    125  9.5375e-09  1.1922e-06
   52    126  4.7395e-08  5.9718e-06
   52    128  5.5123e-09  7.0557e-07
   52    130  1.8641e-09  2.4234e-07
   53    127  6.0438e-09  7.6756e-07
   53    129  2.5599e-16  3.3023e-14
   54    128  1.4298e-19  1.8301e-17
   54    129  5.6883e-09  7.3379e-07
   54    130  9.8937e-18  1.2862e-15
   54    131  8.3715e-11  1.0967e-08
   54    132  4.4659e-12  5.8950e-10
   54    134  3.4982e-16  4.6876e-14
   54    136  1.8716e-18  2.5454e-16
   55    133  9.1868e-15  1.2219e-12
   56    135  1.2710e-18  1.7158e-16
   56    137  9.9291e-19  1.3603e-16
   56    138  1.6769e-19  2.3141e-17
    1      1  2.0307e-09  2.0307e-09
    2      4  1.7807e-01  7.1229e-01


