1  2.3565e-09
2  1.8429e-01
3  5.7341e-18
4  6.4488e-16
5  4.5699e-18
6  3.8454e-08
7  1.2089e-10
8  2.7948e-09
9  1.6622e-11
10  6.3202e-10
11  5.2518e-11
12  1.7979e-09
13  1.1111e-09
14  2.6182e-08
15  1.9956e-09
16  1.0605e-07
17  2.7154e-07
18  3.3406e-07
19  6.9473e-08
20  2.6277e-06
21  8.9794e-07
22  4.2080e-06
23  8.9720e-07
24  3.3228e-06
25  9.0070e-07
26  4.1012e-06
27  8.4773e-08
28  2.3904e-06
29  2.4956e-06
30  1.8977e-06
31  4.4306e-07
32  1.2259e-05
33  8.2973e-06
34  7.3435e-05
35  7.7557e-06
36  6.1096e-05
37  1.3166e-05
38  1.6787e-05
39  3.4427e-06
40  6.1274e-05
41  9.4855e-06
42  1.1189e-04
43  2.9414e-30
44  2.6336e-04
45  3.4907e-05
46  4.2315e-04
47  2.2456e-04
48  2.3613e-04
49  1.5449e-05
50  2.4608e-04
51  8.4492e-05
52  3.5795e-04
53  9.1525e-05
54  1.8754e-05
55  4.5197e-10
56  1.2268e-11
57  9.6144e-14
58  7.9418e-13
59  4.2079e-14
60  3.5577e-14
61  -2.2517e-316
62  8.8241e-15
63  2.7913e-15
64  7.7844e-16
65  2.4362e-17
66  2.1724e-17
67  1.3484e-18
68  1.6686e-18
69  1.7150e-19
70  1.2981e-20
71  1.9459e-22
72  5.2444e-23
73  2.0802e-25
74  0.0000e+00
75  0.0000e+00
76  0.0000e+00
77  0.0000e+00
78  0.0000e+00
79  0.0000e+00
80  0.0000e+00
81  0.0000e+00
82  0.0000e+00
83  0.0000e+00
84  0.0000e+00
85  0.0000e+00
86  0.0000e+00
87  0.0000e+00
88  0.0000e+00
89  0.0000e+00
90  0.0000e+00
91  0.0000e+00
92  0.0000e+00
93  0.0000e+00
94  0.0000e+00
95  0.0000e+00
96  0.0000e+00
97  0.0000e+00
98  0.0000e+00
99  0.0000e+00
100  0.0000e+00
101  0.0000e+00
102  0.0000e+00
103  0.0000e+00
104  0.0000e+00
105  0.0000e+00
106  0.0000e+00
107  0.0000e+00
108  0.0000e+00
109  0.0000e+00
110  0.0000e+00
111  0.0000e+00
112  0.0000e+00
113  0.0000e+00
114  0.0000e+00
115  0.0000e+00
116  0.0000e+00
117  0.0000e+00
118  0.0000e+00

