1  1.3468e-08
2  2.1184e-01
3  3.9474e-10
4  1.3182e-09
5  1.0788e-08
6  1.6411e-07
7  5.4298e-06
8  1.6556e-07
9  5.7760e-07
10  1.1527e-06
11  4.8223e-07
12  1.0057e-06
13  4.6468e-08
14  2.8372e-07
15  7.2995e-08
16  7.4147e-07
17  1.1011e-07
18  1.9510e-07
19  3.9188e-07
20  1.2464e-06
21  2.7893e-07
22  1.5220e-06
23  4.6438e-07
24  1.9044e-06
25  1.5506e-07
26  3.9107e-07
27  1.4639e-08
28  4.1628e-07
29  1.8262e-06
30  1.6742e-06
31  1.3610e-07
32  5.1894e-06
33  4.4518e-06
34  1.5960e-05
35  4.9882e-06
36  3.8796e-06
37  1.3661e-06
38  1.7636e-06
39  7.2763e-07
40  3.9949e-06
41  2.2966e-06
42  3.0028e-06
43  1.9064e-32
44  1.2645e-06
45  4.4466e-07
46  2.2995e-06
47  1.0697e-06
48  9.5740e-07
49  1.7049e-07
50  1.0585e-05
51  2.9785e-06
52  4.4399e-05
53  1.3121e-05
54  6.6646e-05
55  9.4133e-06
56  2.4991e-05
57  2.6807e-06
58  1.4630e-05
59  3.5301e-06
60  2.7680e-05
61  2.5165e-84
62  2.2480e-05
63  8.1710e-06
64  2.8124e-05
65  4.5223e-06
66  2.3267e-05
67  3.7116e-06
68  2.7014e-05
69  4.8561e-06
70  2.0530e-05
71  3.0173e-06
72  2.4597e-05
73  7.9029e-06
74  8.5615e-05
75  2.3046e-05
76  1.8270e-04
77  7.9211e-05
78  6.4955e-05
79  5.7680e-06
80  5.4846e-06
81  2.6148e-06
82  1.2146e-05
83  2.2687e-06
84  1.1735e-18
85  9.3864e-28
86  3.2401e-20
87  1.0735e-23
88  4.9761e-15
89  4.0410e-16
90  4.6227e-08
91  6.0584e-13
92  2.6928e-08
93  1.1341e-22
94  7.7127e-11
95  2.0558e-21
96  4.3572e-18
97  1.0094e-12
98  8.7760e-314
99  7.4110e-323
100  4.3783e-10
101  -7.4442e-313
102  1.2133e-10
103  8.6566e-12
104  1.5789e-12
105  7.5448e-13
106  2.8245e-14
107  2.2587e-15
108  1.6231e-14
109  -1.7704e-319
110  7.9221e-16
111  3.7679e-16
112  0.0000e+00
113  0.0000e+00
114  0.0000e+00
115  0.0000e+00
116  0.0000e+00
117  0.0000e+00
118  0.0000e+00

