1  1.3454e-07
2  2.1898e-01
3  2.2423e-09
4  1.8010e-08
5  1.6636e-07
6  7.9268e-08
7  8.6970e-06
8  3.3418e-07
9  6.7163e-07
10  1.5827e-06
11  3.7415e-07
12  1.0902e-06
13  6.5300e-08
14  2.0845e-07
15  4.8257e-08
16  2.4474e-07
17  2.4390e-08
18  4.1903e-08
19  7.2289e-08
20  1.9329e-07
21  4.4150e-08
22  1.5681e-07
23  8.3657e-08
24  2.0711e-07
25  4.0680e-08
26  1.5826e-07
27  2.7060e-09
28  6.2861e-08
29  5.2721e-07
30  6.0320e-07
31  4.0518e-08
32  1.7602e-06
33  1.8364e-06
34  6.1104e-06
35  1.5373e-06
36  8.6095e-07
37  3.1000e-07
38  2.9252e-07
39  1.6036e-07
40  1.1914e-06
41  6.4530e-07
42  9.1577e-07
43  7.0201e-33
44  3.4861e-07
45  1.4101e-07
46  7.0025e-07
47  4.1043e-07
48  3.5581e-07
49  8.5313e-08
50  2.7819e-06
51  8.6167e-07
52  1.0697e-05
53  3.0826e-06
54  1.0759e-05
55  9.5858e-07
56  2.3788e-06
57  2.0818e-07
58  1.7803e-06
59  6.7447e-07
60  2.0444e-06
61  1.4061e-83
62  1.6407e-06
63  5.3678e-07
64  2.0506e-06
65  3.1528e-07
66  1.3328e-06
67  4.1677e-07
68  2.2561e-06
69  1.0050e-06
70  2.6962e-06
71  3.3519e-07
72  1.5441e-06
73  6.3202e-07
74  4.3288e-06
75  1.3193e-06
76  2.7380e-05
77  2.6793e-05
78  5.4995e-05
79  9.6607e-06
80  7.7814e-06
81  3.5069e-06
82  1.6143e-04
83  5.9810e-05
84  1.8822e-15
85  9.3542e-26
86  5.1965e-17
87  1.8188e-20
88  7.9666e-12
89  6.8590e-13
90  3.7558e-05
91  1.0283e-09
92  4.4474e-05
93  4.0357e-19
94  2.7445e-07
95  2.4167e-17
96  5.1070e-14
97  3.6548e-09
98  7.0069e-314
99  -1.1413e-321
100  2.9098e-05
101  -7.6360e-313
102  3.3049e-05
103  6.8135e-06
104  1.0482e-05
105  6.1166e-06
106  9.4906e-07
107  4.4904e-08
108  1.5001e-06
109  -3.2828e-319
110  4.9292e-07
111  3.7757e-07
112  0.0000e+00
113  0.0000e+00
114  0.0000e+00
115  0.0000e+00
116  0.0000e+00
117  0.0000e+00
118  0.0000e+00

