1  5.5642e-09
2  7.5171e-09
3  6.9229e-10
4  2.0907e-01
5  0.0000e+00
6  2.0974e-11
7  1.1734e-09
8  9.8079e-09
9  3.9332e-09
10  1.0767e-07
11  3.3987e-09
12  6.1315e-09
13  2.7269e-07
14  8.4223e-08
15  1.1346e-05
16  2.5108e-07
17  7.5781e-09
18  4.8053e-08
19  1.0196e-06
20  1.4387e-06
21  5.2106e-07
22  4.4304e-09
23  9.3782e-07
24  3.1561e-07
25  4.3282e-07
26  4.3622e-08
27  1.0772e-07
28  2.3815e-07
29  5.5778e-08
30  5.1805e-08
31  4.5639e-08
32  7.5564e-08
33  4.8353e-07
34  3.7219e-07
35  1.5375e-08
36  1.3779e-08
37  9.1235e-09
38  3.7104e-08
39  3.0493e-08
40  1.2907e-08
41  6.4403e-08
42  2.1712e-07
43  4.2638e-08
44  5.3723e-08
45  5.4922e-08
46  1.6076e-08
47  2.3597e-08
48  4.7823e-08
49  4.2997e-08
50  4.2481e-08
51  1.3919e-08
52  4.6546e-08
53  3.8781e-08
54  1.8071e-08
55  7.2156e-09
56  3.2150e-08
57  9.4800e-08
58  1.8226e-09
59  3.0281e-09
60  6.9221e-09
61  1.0572e-08
62  9.5278e-09
63  1.2667e-07
64  4.4253e-08
65  5.5161e-08
66  1.4427e-07
67  1.5070e-07
68  4.3882e-08
69  2.3920e-08
70  1.0178e-07
71  2.3897e-08
72  7.4237e-08
73  4.9832e-08
74  2.3537e-07
75  9.5716e-07
76  8.2945e-07
77  1.0827e-06
78  1.0449e-06
79  1.1226e-06
80  4.6401e-06
81  1.3400e-06
82  3.8689e-07
83  6.1026e-07
84  2.7854e-07
85  2.8121e-07
86  6.7429e-07
87  5.8898e-07
88  2.3780e-07
89  9.7936e-08
90  1.4151e-07
91  5.5152e-08
92  1.3743e-07
93  1.5991e-07
94  5.1478e-07
95  2.7153e-07
96  1.5743e-07
97  1.8943e-07
98  3.1869e-08
99  3.6147e-08
100  4.4714e-08
101  5.4969e-08
102  4.9936e-08
103  7.0833e-08
104  5.8589e-08
105  6.0003e-08
106  1.6047e-07
107  1.7392e-07
108  2.6134e-07
109  2.9971e-07
110  3.8809e-07
111  7.0450e-08
112  2.2281e-07
113  1.0139e-07
114  7.6291e-08
115  7.1165e-08
116  1.1605e-08
117  2.8996e-08
118  2.4014e-08
119  1.6405e-08
120  1.0916e-07
121  9.9952e-08
122  2.9387e-07
123  3.5457e-07
124  2.3749e-06
125  3.4134e-06
126  8.5852e-06
127  7.2480e-06
128  5.7266e-06
129  6.1031e-06
130  5.2271e-06
131  2.6350e-06
132  1.1235e-06
133  9.9444e-07
134  9.1581e-07
135  3.7675e-07
136  5.3193e-07
137  6.1800e-07
138  6.1643e-07
139  2.1588e-07
140  2.8183e-07
141  6.6242e-07
142  3.0786e-07
143  1.1345e-07
144  7.4160e-08
145  3.0638e-08
146  5.2686e-08
147  6.8570e-08
148  7.3428e-08
149  4.0029e-08
150  7.3838e-08
151  4.7559e-08
152  1.1916e-07
153  6.6456e-08
154  1.3615e-07
155  1.6496e-07
156  7.8935e-08
157  1.1035e-07
158  2.3670e-07
159  2.3769e-08
160  1.4689e-07
161  1.4300e-07
162  1.1344e-07
163  9.0715e-08
164  2.4729e-07
165  1.7007e-07
166  5.3064e-07
167  3.7269e-07
168  3.2048e-07
169  8.0187e-07
170  3.2509e-07
171  3.2815e-07
172  3.2401e-07
173  2.4191e-07
174  6.4901e-07
175  3.1374e-07
176  4.5442e-07
177  6.3333e-07
178  4.1190e-07
179  2.3767e-07
180  2.2866e-07
181  3.0455e-07
182  2.7125e-07
183  1.7441e-07
184  1.5307e-07
185  9.5106e-08
186  9.9062e-08
187  7.8491e-08
188  1.3959e-07
189  1.4008e-07
190  1.1568e-06
191  1.2738e-06
192  4.0118e-06
193  6.1809e-06
194  2.0188e-05
195  2.9686e-05
196  3.6479e-05
197  2.6228e-05
198  1.3443e-05
199  3.5380e-06
200  1.4443e-06
201  2.5662e-07
202  2.9568e-07
203  3.0422e-07
204  5.3475e-07
205  5.1774e-07
206  2.3196e-05
207  2.4952e-05
208  1.4445e-05
209  3.8987e-05
210  2.7069e-12
211  9.4278e-18
212  8.6910e-18
213  4.7580e-44
214  1.4177e-18
215  2.5990e-24
216  1.0070e-23
217  2.3955e-94
218  2.4364e-20
219  3.6480e-21
220  3.8613e-21
221  -2.2673e-320
222  4.3251e-17
223  9.1013e-16
224  2.1807e-17
225  2.8676e-40
226  6.6181e-12
227  6.3436e-13
228  7.0128e-11
229  1.0696e-29
230  3.1191e-10
231  9.4885e-10
232  3.0696e-05
233  6.3921e-26
234  1.0157e-09
235  2.0450e-05
236  1.0213e-07
237  9.6274e-319
238  1.8477e-05
239  8.6704e-17
240  2.0218e-11
241  0.0000e+00
242  3.9233e-125
243  2.6506e-17
244  2.4610e-07
245  0.0000e+00
246  3.6742e-09
247  5.5943e-14
248  3.7755e-124
249  0.0000e+00
250  0.0000e+00
251  6.0416e-315
252  0.0000e+00
253  0.0000e+00
254  0.0000e+00
255  0.0000e+00
256  0.0000e+00
257  6.8324e-26
258  9.1301e-06
259  9.5078e-26
260  1.0849e-05
261  8.9996e-06
262  1.1242e-05
263  1.2754e-05
264  1.5536e-05
265  1.3155e-05
266  1.7889e-05
267  9.2333e-06
268  9.4591e-06
269  2.0342e-05
270  1.7964e-05
271  1.6881e-05
272  2.2796e-05
273  2.2563e-05
274  2.8566e-05
275  1.9967e-05
276  2.0172e-05
277  6.2019e-06
278  7.1820e-06
279  2.8315e-06
280  1.0544e-06
281  3.2959e-07
282  3.8386e-07
283  2.5244e-07
284  3.9476e-07
285  4.0097e-07
286  4.3540e-07
287  6.1652e-07
288  5.2471e-07
289  3.2977e-07
290  3.6744e-07
291  1.9041e-07
292  1.3670e-06
293  6.7868e-07
294  1.0548e-06
295  3.5482e-07
296  7.8684e-07
297  3.9639e-07
298  6.5613e-08
299  5.1201e-08
300  1.7597e-08
301  8.7075e-07
302  1.0852e-06
303  6.3476e-07
304  6.4800e-07
305  6.3655e-07
306  9.2010e-07
307  5.2890e-07
308  4.0862e-07
309  3.1159e-07
310  4.7282e-07
311  1.3923e-07
312  2.7527e-07
313  1.5176e-07
314  3.1241e-07
315  1.6293e-07
316  2.3816e-07
317  2.3421e-07
318  9.6446e-07
319  2.1794e-07
320  3.5855e-07
321  6.6552e-08
322  4.8155e-08
323  3.9535e-08
324  3.2221e-08
325  4.9701e-09
326  1.4455e-08
327  1.3049e-08
328  4.6024e-10
329  5.6822e-09
330  2.9615e-09
331  2.7968e-10
332  7.0631e-10
333  1.2741e-10
334  1.1894e-10
335  4.0460e-11
336  1.9011e-11
337  6.1537e-10

