1  4.3943e-09
2  2.0893e-01
3  1.3244e-10
4  3.0597e-11
5  1.6391e-10
6  1.2810e-08
7  1.6903e-06
8  7.7586e-08
9  2.3243e-07
10  7.3024e-07
11  2.7212e-07
12  4.2008e-07
13  9.5566e-08
14  7.5548e-07
15  1.6804e-07
16  1.5566e-06
17  2.6095e-07
18  1.3475e-06
19  9.9224e-07
20  5.1839e-06
21  4.0050e-07
22  3.4556e-06
23  3.5151e-07
24  1.8442e-06
25  1.0681e-07
26  2.9125e-07
27  1.4476e-08
28  3.3763e-07
29  1.1917e-06
30  1.1576e-06
31  1.1740e-07
32  3.3031e-06
33  3.1710e-06
34  2.7068e-05
35  8.2349e-06
36  9.8285e-06
37  3.5511e-06
38  3.7619e-06
39  7.3282e-07
40  1.1040e-05
41  6.2944e-06
42  7.3999e-06
43  5.4706e-32
44  3.3408e-06
45  1.1158e-06
46  6.2053e-06
47  3.1335e-06
48  2.3099e-06
49  3.7771e-07
50  1.9200e-05
51  4.3819e-06
52  2.5324e-04
53  7.4006e-05
54  1.8996e-04
55  1.1685e-05
56  6.8176e-05
57  5.2633e-06
58  3.3546e-05
59  1.1231e-05
60  1.1454e-04
61  -3.4584e-316
62  6.8151e-05
63  2.8362e-05
64  7.1855e-05
65  1.1055e-05
66  4.0951e-05
67  5.9350e-06
68  3.2241e-05
69  4.7505e-06
70  1.4373e-05
71  1.7515e-06
72  9.7327e-06
73  2.3349e-06
74  1.1824e-05
75  2.0863e-06
76  5.0776e-06
77  1.1712e-06
78  5.4765e-07
79  2.7673e-08
80  1.5021e-09
81  2.3822e-10
82  4.6443e-10
83  6.8475e-11
84  1.1805e-16
85  8.7750e-49
86  2.9870e-27
87  1.0538e-30
88  1.4071e-17
89  3.9736e-23
90  1.3186e-14
91  5.9572e-20
92  1.8945e-15
93  6.5252e-30
94  1.9112e-18
95  4.2865e-22
96  6.6696e-26
97  2.7127e-20
98  8.5503e-314
99  1.5365e-321
100  6.4545e-19
101  6.4326e-313
102  6.6854e-20
103  1.6625e-21
104  8.9491e-23
105  1.7121e-23
106  0.0000e+00
107  0.0000e+00
108  0.0000e+00
109  0.0000e+00
110  0.0000e+00
111  0.0000e+00
112  0.0000e+00
113  0.0000e+00
114  0.0000e+00
115  0.0000e+00
116  0.0000e+00
117  0.0000e+00
118  0.0000e+00

