1  1.2818e-07
2  2.2089e-01
3  1.6192e-09
4  7.6343e-09
5  9.0946e-08
6  1.0476e-07
7  6.9779e-06
8  2.4819e-07
9  5.7307e-07
10  1.3099e-06
11  3.7401e-07
12  1.0894e-06
13  5.1756e-08
14  1.7825e-07
15  4.3078e-08
16  2.7383e-07
17  3.1217e-08
18  5.5353e-08
19  1.0497e-07
20  3.1021e-07
21  6.7679e-08
22  2.9740e-07
23  1.4108e-07
24  3.3219e-07
25  7.5160e-08
26  2.3389e-07
27  5.2893e-09
28  1.2290e-07
29  8.0146e-07
30  8.3749e-07
31  5.7153e-08
32  2.4599e-06
33  2.3989e-06
34  7.5033e-06
35  2.0534e-06
36  9.0613e-07
37  4.1364e-07
38  4.3990e-07
39  1.8461e-07
40  1.3262e-06
41  7.2362e-07
42  1.0809e-06
43  7.6015e-33
44  4.1165e-07
45  1.5166e-07
46  7.8311e-07
47  4.2902e-07
48  3.8452e-07
49  8.7653e-08
50  4.0368e-06
51  1.2063e-06
52  1.5018e-05
53  4.4838e-06
54  1.2631e-05
55  1.5303e-06
56  2.4980e-06
57  2.6248e-07
58  2.1407e-06
59  7.7623e-07
60  2.9416e-06
61  1.8526e-83
62  2.4074e-06
63  8.5366e-07
64  2.8544e-06
65  4.4607e-07
66  2.1816e-06
67  6.3046e-07
68  3.4165e-06
69  1.3049e-06
70  3.6744e-06
71  4.7730e-07
72  2.8854e-06
73  1.1477e-06
74  1.1143e-05
75  3.7142e-06
76  6.8077e-05
77  5.4768e-05
78  8.1581e-05
79  1.1082e-05
80  1.2447e-05
81  6.4871e-06
82  1.5641e-04
83  4.5136e-05
84  9.8384e-16
85  4.6301e-26
86  2.7162e-17
87  8.4883e-21
88  4.1647e-12
89  3.2010e-13
90  2.1248e-05
91  4.7990e-10
92  2.1999e-05
93  1.8991e-19
94  1.2915e-07
95  1.0386e-17
96  2.1950e-14
97  1.7089e-09
98  9.9425e-314
99  1.8083e-321
100  7.8843e-06
101  -4.0949e-313
102  5.7778e-06
103  9.2064e-07
104  7.7572e-07
105  4.2894e-07
106  4.1312e-08
107  2.2313e-09
108  5.6600e-08
109  1.1443e-319
110  1.2024e-08
111  6.6109e-09
112  0.0000e+00
113  0.0000e+00
114  0.0000e+00
115  0.0000e+00
116  0.0000e+00
117  0.0000e+00
118  0.0000e+00

