    1      2  8.6466e-09  1.7293e-08
    2      3  9.4313e-10  2.8294e-09
    3      6  2.8512e-11  1.7107e-10
    3      7  1.9721e-09  1.3805e-08
    4      8  3.6923e-08  2.9538e-07
    4      9  1.6092e-08  1.4483e-07
    5     10  3.2015e-07  3.2015e-06
    5     11  3.2105e-09  3.5315e-08
    6     12  1.4007e-08  1.6808e-07
    6     13  2.3044e-07  2.9958e-06
    7     14  9.8923e-08  1.3849e-06
    7     15  1.9050e-05  2.8575e-04
    8     16  4.0658e-07  6.5053e-06
    8     17  1.2782e-08  2.1729e-07
    8     18  7.7061e-08  1.3871e-06
    9     19  1.5690e-06  2.9812e-05
   10     20  2.2017e-06  4.4034e-05
   10     21  7.7793e-07  1.6337e-05
   10     22  6.2952e-09  1.3849e-07
   11     23  1.2720e-06  2.9256e-05
   12     24  4.1465e-07  9.9515e-06
   12     25  4.9602e-07  1.2400e-05
   12     26  5.2637e-08  1.3686e-06
   13     26  6.1835e-20  1.6077e-18
   13     27  9.8898e-08  2.6703e-06
   14     28  1.8966e-07  5.3106e-06
   14     29  4.5065e-08  1.3069e-06
   14     30  4.3477e-08  1.3043e-06
   15     31  3.8958e-08  1.2077e-06
   16     32  5.4422e-08  1.7415e-06
   16     33  2.9475e-07  9.7267e-06
   16     34  2.2540e-07  7.6637e-06
   16     36  7.9250e-09  2.8530e-07
   17     35  9.4465e-09  3.3063e-07
   17     37  5.6786e-09  2.1011e-07
   18     36  1.3435e-19  4.8365e-18
   18     38  2.2751e-08  8.6453e-07
   18     40  8.3505e-09  3.3402e-07
   19     39  1.8570e-08  7.2422e-07
   19     41  4.3699e-08  1.7917e-06
   20     42  1.1390e-07  4.7838e-06
   20     43  1.9210e-08  8.2602e-07
   20     44  3.1675e-08  1.3937e-06
   20     46  1.3905e-08  6.3964e-07
   21     45  3.1720e-08  1.4274e-06
   22     46  1.5429e-20  7.0973e-19
   22     47  1.9311e-08  9.0761e-07
   22     48  3.4433e-08  1.6528e-06
   22     49  2.3148e-08  1.1343e-06
   22     50  2.1614e-08  1.0807e-06
   23     51  1.0765e-08  5.4902e-07
   24     52  4.5638e-08  2.3732e-06
   24     53  3.0179e-08  1.5995e-06
   24     54  1.4984e-08  8.0915e-07
   25     55  8.1077e-09  4.4592e-07
   26     56  2.3330e-08  1.3065e-06
   26     57  7.2019e-08  4.1051e-06
   26     58  2.3926e-09  1.3877e-07
   27     59  3.5447e-09  2.0914e-07
   28     60  7.0399e-09  4.2239e-07
   28     61  1.1172e-08  6.8149e-07
   28     62  1.0096e-08  6.2598e-07
   28     64  2.6888e-08  1.7208e-06
   29     63  5.6816e-08  3.5794e-06
   29     65  2.4353e-08  1.5829e-06
   30     66  4.8418e-08  3.1956e-06
   30     67  3.0966e-08  2.0747e-06
   30     68  1.6109e-08  1.0954e-06
   30     70  4.0235e-08  2.8165e-06
   31     69  1.0651e-08  7.3489e-07
   31     71  1.1012e-08  7.8183e-07
   32     70  4.9053e-16  3.4337e-14
   32     72  4.5945e-08  3.3080e-06
   32     73  2.4278e-08  1.7723e-06
   32     74  6.7201e-08  4.9729e-06
   32     76  1.7521e-07  1.3316e-05
   33     75  1.5571e-07  1.1678e-05
   34     76  4.0710e-14  3.0940e-12
   34     77  1.6968e-07  1.3065e-05
   34     78  1.1529e-07  8.9925e-06
   34     80  3.8525e-07  3.0820e-05
   34     82  2.1266e-07  1.7438e-05
   35     79  1.0341e-07  8.1693e-06
   35     81  2.2085e-07  1.7889e-05
   36     82  6.6461e-14  5.4498e-12
   36     83  2.5169e-07  2.0890e-05
   36     84  9.3116e-08  7.8217e-06
   36     86  1.4770e-07  1.2702e-05
   37     85  7.0386e-08  5.9828e-06
   37     87  1.3090e-07  1.1388e-05
   38     87  9.5848e-10  8.3388e-08
   38     88  1.2566e-07  1.1058e-05
   39     89  8.7403e-08  7.7789e-06
   40     90  1.3833e-07  1.2450e-05
   40     91  3.5799e-08  3.2577e-06
   40     92  8.6565e-08  7.9640e-06
   40     94  2.2024e-07  2.0703e-05
   41     93  7.3097e-08  6.7980e-06
   42     95  1.4930e-07  1.4183e-05
   42     96  1.4006e-07  1.3446e-05
   42     97  1.4669e-07  1.4229e-05
   42     98  2.5577e-08  2.5065e-06
   42    100  4.2241e-08  4.2241e-06
   44     99  3.1742e-08  3.1424e-06
   44    100  2.8136e-14  2.8136e-12
   44    101  4.9414e-08  4.9908e-06
   44    102  3.3018e-08  3.3678e-06
   44    104  5.1204e-08  5.3252e-06
   45    103  4.2975e-08  4.4265e-06
   46    104  4.6278e-19  4.8129e-17
   46    105  5.0657e-08  5.3190e-06
   46    106  1.1001e-07  1.1661e-05
   46    108  4.9546e-07  5.3510e-05
   46    110  9.1985e-06  1.0118e-03
   47    107  1.1483e-07  1.2286e-05
   47    109  4.4291e-06  4.8278e-04
   48    110  4.2530e-13  4.6784e-11
   48    111  1.5433e-06  1.7130e-04
   48    112  6.3643e-06  7.1280e-04
   48    113  3.7894e-06  4.2820e-04
   48    114  4.2083e-06  4.7975e-04
   48    116  4.0124e-07  4.6544e-05
   49    113  1.6677e-13  1.8845e-11
   49    115  3.4737e-06  3.9948e-04
   50    115  2.7716e-12  3.1873e-10
   50    116  1.5053e-12  1.7462e-10
   50    117  6.0198e-07  7.0431e-05
   50    118  3.3557e-07  3.9598e-05
   50    119  2.0531e-07  2.4431e-05
   50    120  8.0437e-07  9.6524e-05
   50    122  6.4552e-07  7.8753e-05
   50    124  2.2522e-06  2.7927e-04
   51    121  4.2034e-07  5.0861e-05
   51    123  5.1838e-07  6.3760e-05
   52    122  2.3840e-14  2.9085e-12
   52    124  2.7130e-16  3.3642e-14
   52    125  2.5570e-06  3.1963e-04
   52    126  5.3758e-06  6.7734e-04
   52    128  8.0115e-06  1.0255e-03
   52    130  4.7249e-06  6.1424e-04
   53    127  6.4619e-06  8.2067e-04
   53    129  2.0113e-14  2.5945e-12
   54    128  8.2543e-16  1.0566e-13
   54    129  7.5614e-06  9.7542e-04
   54    130  5.1880e-14  6.7444e-12
   54    131  2.9773e-06  3.9002e-04
   54    132  2.3501e-06  3.1021e-04
   54    134  1.9376e-06  2.5964e-04
   54    136  2.3606e-06  3.2104e-04
   55    133  1.8344e-06  2.4398e-04
   56    134  6.8636e-18  9.1973e-16
   56    135  1.3102e-06  1.7688e-04
   56    136  5.2870e-15  7.1904e-13
   56    137  2.3018e-06  3.1535e-04
   56    138  1.9878e-06  2.7432e-04
   57    139  9.4201e-07  1.3094e-04
   58    140  1.3165e-06  1.8431e-04
   58    142  1.2176e-06  1.7289e-04
   59    141  2.6069e-06  3.6758e-04
   60    142  1.5635e-17  2.2201e-15
   60    143  1.2602e-06  1.8021e-04
   60    144  2.2907e-06  3.2987e-04
   60    145  1.1565e-06  1.6769e-04
   60    146  1.2555e-06  1.8331e-04
   60    148  6.2503e-07  9.2504e-05
   60    150  6.0742e-07  9.1113e-05
   62    147  1.0813e-06  1.5895e-04
   62    148  8.7903e-13  1.3010e-10
   62    149  3.2788e-07  4.8855e-05
   62    150  1.4237e-12  2.1355e-10
   62    152  8.9794e-07  1.3649e-04
   62    154  9.9107e-07  1.5262e-04
   63    151  4.8280e-07  7.2902e-05
   63    153  5.1724e-07  7.9138e-05
   64    154  2.9352e-14  4.5202e-12
   64    155  7.6702e-07  1.1889e-04
   64    156  7.4697e-07  1.1653e-04
   64    157  7.4536e-07  1.1702e-04
   64    158  1.4747e-06  2.3300e-04
   64    160  1.1187e-06  1.7899e-04
   65    159  2.8019e-07  4.4550e-05
   66    160  3.7430e-15  5.9887e-13
   66    161  7.8512e-07  1.2640e-04
   66    162  7.9234e-07  1.2836e-04
   66    163  5.5671e-07  9.0743e-05
   66    164  1.6225e-06  2.6609e-04
   67    165  1.0187e-06  1.6809e-04
   68    166  2.1788e-06  3.6169e-04
   68    167  1.2665e-06  2.1150e-04
   68    168  1.1645e-06  1.9563e-04
   68    170  8.6532e-07  1.4710e-04
   69    169  1.9601e-06  3.3125e-04
   70    170  4.1288e-15  7.0189e-13
   70    171  8.8578e-07  1.5147e-04
   70    172  1.0864e-06  1.8686e-04
   70    173  9.3416e-07  1.6161e-04
   70    174  2.1880e-06  3.8072e-04
   70    176  2.3534e-06  4.1420e-04
   71    175  1.5010e-06  2.6268e-04
   71    176  7.3201e-16  1.2883e-13
   72    176  6.8535e-18  1.2062e-15
   72    177  3.0120e-06  5.3312e-04
   72    178  2.1328e-06  3.7964e-04
   72    179  1.3077e-06  2.3409e-04
   72    180  1.7080e-06  3.0744e-04
   73    181  1.7900e-06  3.2400e-04
   74    182  1.3986e-06  2.5455e-04
   74    183  7.6375e-07  1.3977e-04
   74    184  5.2786e-07  9.7127e-05
   74    186  3.4568e-07  6.4296e-05
   75    185  2.7381e-07  5.0654e-05
   75    187  1.8040e-07  3.3735e-05
   76    186  2.2585e-18  4.2007e-16
   76    187  1.4661e-09  2.7417e-07
   76    188  4.0485e-07  7.6112e-05
   76    189  5.5334e-07  1.0458e-04
   76    190  2.4378e-06  4.6317e-04
   76    192  1.0279e-05  1.9737e-03
   77    191  4.7394e-06  9.0522e-04
   77    193  1.3646e-05  2.6336e-03
   78    192  1.0269e-15  1.9716e-13
   78    194  2.8847e-05  5.5963e-03
   78    195  3.7835e-05  7.3777e-03
   78    196  4.0570e-05  7.9517e-03
   78    198  1.9765e-05  3.9134e-03
   79    197  3.4157e-05  6.7290e-03
   80    198  7.3210e-15  1.4496e-12
   80    199  8.3044e-06  1.6526e-03
   80    200  4.6594e-06  9.3188e-04
   80    201  1.1708e-06  2.3534e-04
   80    202  1.4739e-06  2.9773e-04
   80    204  1.5811e-06  3.2255e-04
   81    203  1.1280e-06  2.2899e-04
   81    205  1.8277e-06  3.7468e-04
   81    207  4.6629e-19  9.6522e-17
   82    204  2.5730e-19  5.2488e-17
   82    206  4.7148e-05  9.7125e-03
   82    207  5.1408e-05  1.0641e-02
   82    208  3.2842e-05  6.8312e-03
   82    210  5.9219e-12  1.2436e-09
   82    211  1.6523e-17  3.4863e-15
   82    212  1.7237e-17  3.6543e-15
   82    214  2.7619e-18  5.9105e-16
   83    209  8.0558e-05  1.6837e-02
   83    210  1.2422e-16  2.6087e-14
   83    211  2.0993e-19  4.4295e-17
   83    212  5.1508e-19  1.0920e-16
   83    214  3.4140e-19  7.3059e-17
   84    210  3.4299e-15  7.2027e-13
   84    218  5.3334e-20  1.1627e-17
   86    222  9.4678e-17  2.1018e-14
   87    223  2.9787e-20  6.6424e-18
   88    223  1.6153e-15  3.6021e-13
   88    224  4.4544e-17  9.9778e-15
   88    226  1.4487e-11  3.2741e-09
   88    228  1.4324e-10  3.2658e-08
   89    227  1.1233e-12  2.5499e-10
   89    228  3.1351e-18  7.1481e-16
   90    227  2.5961e-15  5.8932e-13
   90    228  8.5541e-15  1.9503e-12
   90    230  6.8278e-10  1.5704e-07
   90    231  1.5025e-16  3.4708e-14
   90    232  6.2699e-05  1.4546e-02
   90    234  2.3087e-16  5.4023e-14
   91    231  1.6840e-09  3.8901e-07
   91    234  6.9137e-18  1.6178e-15
   92    234  2.2233e-09  5.2025e-07
   92    235  3.6296e-05  8.5295e-03
   92    236  1.8837e-07  4.4456e-05
   92    238  4.0447e-05  9.6263e-03
   92    240  9.4544e-18  2.2691e-15
   93    240  6.6749e-19  1.6020e-16
   94    239  1.1760e-16  2.8105e-14
   94    240  3.7290e-11  8.9497e-09
   94    244  4.5391e-07  1.1075e-04
   95    243  3.5949e-17  8.7356e-15
   96    244  1.2320e-16  3.0060e-14
   96    247  7.5874e-14  1.8741e-11
   97    246  7.2782e-09  1.7904e-06
  100    258  1.0267e-05  2.6489e-03
  100    260  1.1793e-05  3.0661e-03
  100    262  1.1631e-05  3.0473e-03
  102    260  5.1726e-19  1.3449e-16
  102    261  9.5148e-06  2.4834e-03
  102    263  1.1410e-05  3.0007e-03
  102    264  1.4350e-05  3.7884e-03
  102    266  1.4898e-05  3.9629e-03
  103    265  1.1404e-05  3.0221e-03
  104    267  8.4877e-06  2.2662e-03
  104    268  7.0335e-06  1.8850e-03
  104    270  1.6648e-05  4.4950e-03
  104    272  2.6530e-05  7.2161e-03
  104    274  2.9917e-05  8.1973e-03
  105    269  1.4665e-05  3.9450e-03
  105    271  1.6298e-05  4.4168e-03
  106    273  3.1298e-05  8.5444e-03
  106    275  2.4533e-05  6.7465e-03
  106    276  3.0166e-05  8.3259e-03
  106    278  1.0266e-05  2.8540e-03
  106    280  1.0930e-06  3.0603e-04
  107    277  8.0354e-06  2.2258e-03
  108    279  3.5454e-06  9.8918e-04
  108    281  2.8804e-07  8.0940e-05
  108    282  4.0801e-07  1.1506e-04
  108    283  3.3381e-07  9.4467e-05
  108    284  5.7284e-07  1.6269e-04
  108    286  7.8297e-07  2.2393e-04
  110    285  6.5936e-07  1.8792e-04
  110    287  7.4014e-07  2.1242e-04
  110    288  8.0507e-07  2.3186e-04
  110    290  5.6453e-07  1.6371e-04
  111    289  4.6987e-07  1.3579e-04
  111    290  1.1203e-18  3.2490e-16
  111    291  2.5744e-07  7.4916e-05
  111    292  1.8848e-06  5.5037e-04
  111    293  8.1996e-07  2.4025e-04
  111    294  1.6003e-06  4.7048e-04
  111    295  8.9535e-07  2.6413e-04
  111    296  7.7650e-07  2.2984e-04
  111    297  4.3670e-07  1.2970e-04
  111    298  6.5828e-07  1.9617e-04
  111    299  1.0058e-07  3.0074e-05
  111    300  5.9948e-08  1.7984e-05
  111    301  1.7587e-06  5.2935e-04
  111    302  1.7807e-06  5.3776e-04
  111    303  1.0982e-06  3.3276e-04
  111    304  1.0862e-06  3.3021e-04
  111    305  3.9786e-07  1.2135e-04
  111    306  8.3249e-07  2.5474e-04
  111    307  5.2986e-07  1.6267e-04
  111    308  2.4672e-07  7.5989e-05
  111    309  2.1839e-07  6.7482e-05
  111    310  3.0620e-07  9.4923e-05
  111    311  1.3525e-07  4.2063e-05
  111    312  1.1512e-07  3.5917e-05
  111    313  9.5610e-08  2.9926e-05
  111    314  8.3743e-08  2.6295e-05
  111    315  6.6539e-08  2.0960e-05
  111    316  8.3104e-08  2.6261e-05
  111    317  3.5395e-08  1.1220e-05
  111    318  6.4872e-08  2.0629e-05
  111    319  3.3889e-08  1.0810e-05
  111    320  3.7798e-08  1.2095e-05
  111    321  2.4623e-08  7.9041e-06
  111    322  1.7089e-08  5.5025e-06
  111    323  5.0008e-08  1.6153e-05
  111    324  2.8336e-08  9.1810e-06
  111    325  3.2766e-09  1.0649e-06
  111    326  2.5719e-08  8.3843e-06
  111    327  2.6189e-08  8.5638e-06
  111    328  3.2870e-09  1.0781e-06
  111    329  1.3898e-08  4.5725e-06
  111    330  1.0643e-08  3.5121e-06
  111    331  3.0801e-09  1.0195e-06
  111    332  6.4231e-09  2.1325e-06
  111    333  1.1131e-09  3.7065e-07
  111    334  7.3897e-10  2.4682e-07
  111    335  4.6690e-11  1.5641e-08
  111    336  1.5376e-09  5.1662e-07
  111    337  8.5825e-10  2.8923e-07
    1      1  2.6909e-09  2.6909e-09
    2      4  1.9146e-01  7.6583e-01


