    1      2  7.3562e-09  1.4712e-08
    2      3  7.9212e-10  2.3764e-09
    3      6  2.3780e-11  1.4268e-10
    3      7  1.5052e-09  1.0537e-08
    4      8  2.5953e-08  2.0762e-07
    4      9  1.0847e-08  9.7623e-08
    5     10  2.4372e-07  2.4372e-06
    5     11  3.3872e-09  3.7259e-08
    6     12  1.1506e-08  1.3807e-07
    6     13  3.1969e-07  4.1560e-06
    7     14  8.4385e-08  1.1814e-06
    7     15  1.8367e-05  2.7551e-04
    8     16  3.6825e-07  5.8920e-06
    8     17  1.0724e-08  1.8231e-07
    8     18  6.6306e-08  1.1935e-06
    9     19  1.5573e-06  2.9589e-05
   10     20  2.1727e-06  4.3453e-05
   10     21  6.9194e-07  1.4531e-05
   10     22  5.4475e-09  1.1985e-07
   11     23  1.2614e-06  2.9011e-05
   12     24  4.0757e-07  9.7816e-06
   12     25  5.0745e-07  1.2686e-05
   12     26  4.5615e-08  1.1860e-06
   13     26  7.9495e-20  2.0669e-18
   13     27  9.2796e-08  2.5055e-06
   14     28  1.8572e-07  5.2003e-06
   14     29  4.2127e-08  1.2217e-06
   14     30  4.5701e-08  1.3710e-06
   15     31  4.1222e-08  1.2779e-06
   16     32  5.3255e-08  1.7042e-06
   16     33  3.3001e-07  1.0890e-05
   16     34  2.5278e-07  8.5946e-06
   16     36  8.6695e-09  3.1210e-07
   17     35  1.1047e-08  3.8664e-07
   17     37  6.9008e-09  2.5533e-07
   18     36  9.0629e-20  3.2626e-18
   18     38  2.6820e-08  1.0192e-06
   18     40  1.0486e-08  4.1942e-07
   19     39  2.1632e-08  8.4366e-07
   19     41  5.5372e-08  2.2703e-06
   20     42  1.4575e-07  6.1217e-06
   20     43  2.5171e-08  1.0824e-06
   20     44  3.8925e-08  1.7127e-06
   20     46  1.8528e-08  8.5227e-07
   21     45  4.0032e-08  1.8015e-06
   22     46  1.1703e-20  5.3835e-19
   22     47  2.4744e-08  1.1629e-06
   22     48  4.5711e-08  2.1942e-06
   22     49  3.2930e-08  1.6136e-06
   22     50  3.1668e-08  1.5834e-06
   23     51  1.3346e-08  6.8065e-07
   24     52  6.0649e-08  3.1537e-06
   24     53  4.1052e-08  2.1758e-06
   24     54  1.9379e-08  1.0465e-06
   25     55  1.1673e-08  6.4203e-07
   26     56  2.6998e-08  1.5119e-06
   26     57  9.2081e-08  5.2486e-06
   26     58  3.6025e-09  2.0894e-07
   27     59  4.8884e-09  2.8842e-07
   28     60  9.7439e-09  5.8464e-07
   28     61  1.5987e-08  9.7518e-07
   28     62  1.5190e-08  9.4177e-07
   28     64  4.0031e-08  2.5620e-06
   29     63  7.3281e-08  4.6167e-06
   29     65  3.2292e-08  2.0990e-06
   30     66  6.3418e-08  4.1856e-06
   30     67  3.1848e-08  2.1338e-06
   30     68  2.1832e-08  1.4846e-06
   30     70  5.4770e-08  3.8339e-06
   31     69  1.5574e-08  1.0746e-06
   31     71  1.4930e-08  1.0600e-06
   32     70  4.3540e-16  3.0478e-14
   32     72  6.2652e-08  4.5109e-06
   32     73  3.1817e-08  2.3226e-06
   32     74  8.7769e-08  6.4949e-06
   32     76  2.4769e-07  1.8825e-05
   33     75  2.0802e-07  1.5601e-05
   34     76  3.2402e-14  2.4625e-12
   34     77  2.2266e-07  1.7145e-05
   34     78  1.5588e-07  1.2158e-05
   34     80  5.5604e-07  4.4483e-05
   34     82  2.9380e-07  2.4092e-05
   35     79  1.5566e-07  1.2297e-05
   35     81  3.2074e-07  2.5980e-05
   36     82  5.8235e-14  4.7753e-12
   36     83  3.7792e-07  3.1367e-05
   36     84  1.4761e-07  1.2400e-05
   36     86  2.5101e-07  2.1587e-05
   37     85  1.1416e-07  9.7038e-06
   37     87  2.2783e-07  1.9821e-05
   38     87  1.6682e-09  1.4514e-07
   38     88  2.5170e-07  2.2149e-05
   39     89  1.7661e-07  1.5718e-05
   40     90  2.7952e-07  2.5156e-05
   40     91  6.6395e-08  6.0419e-06
   40     92  2.2364e-07  2.0575e-05
   40     94  4.7008e-07  4.4187e-05
   41     93  1.6821e-07  1.5643e-05
   42     95  3.1457e-07  2.9884e-05
   42     96  3.3193e-07  3.1865e-05
   42     97  2.9653e-07  2.8763e-05
   42     98  5.3352e-08  5.2285e-06
   42    100  8.1397e-08  8.1397e-06
   44     99  6.3562e-08  6.2926e-06
   44    100  3.4310e-14  3.4310e-12
   44    101  9.7348e-08  9.8321e-06
   44    102  6.6452e-08  6.7781e-06
   44    104  1.1660e-07  1.2127e-05
   45    103  8.7069e-08  8.9681e-06
   46    104  5.8133e-19  6.0459e-17
   46    105  1.1711e-07  1.2296e-05
   46    106  2.5363e-07  2.6885e-05
   46    108  9.4709e-07  1.0229e-04
   46    110  1.2541e-05  1.3795e-03
   47    107  2.8931e-07  3.0956e-05
   47    109  6.4557e-06  7.0367e-04
   48    110  3.7150e-13  4.0865e-11
   48    111  2.0782e-06  2.3068e-04
   48    112  8.1707e-06  9.1511e-04
   48    113  4.8938e-06  5.5300e-04
   48    114  5.2644e-06  6.0015e-04
   48    116  5.1606e-07  5.9863e-05
   49    113  2.1538e-13  2.4338e-11
   49    115  3.8274e-06  4.4015e-04
   50    115  3.0537e-12  3.5118e-10
   50    116  9.8076e-13  1.1377e-10
   50    117  6.9521e-07  8.1340e-05
   50    118  4.1544e-07  4.9022e-05
   50    119  2.7181e-07  3.2345e-05
   50    120  1.1778e-06  1.4134e-04
   50    122  8.2812e-07  1.0103e-04
   50    124  3.8450e-06  4.7678e-04
   51    121  5.8669e-07  7.0990e-05
   51    123  8.0271e-07  9.8734e-05
   52    122  1.9384e-14  2.3648e-12
   52    124  2.4117e-16  2.9905e-14
   52    125  4.5555e-06  5.6944e-04
   52    126  8.8930e-06  1.1205e-03
   52    128  1.1438e-05  1.4640e-03
   52    130  6.7249e-06  8.7423e-04
   53    127  1.0469e-05  1.3296e-03
   53    129  2.4532e-14  3.1647e-12
   54    128  8.2409e-16  1.0548e-13
   54    129  9.3488e-06  1.2060e-03
   54    130  3.9403e-14  5.1224e-12
   54    131  4.3656e-06  5.7190e-04
   54    132  3.0407e-06  4.0137e-04
   54    134  2.6895e-06  3.6039e-04
   54    136  3.1791e-06  4.3236e-04
   55    133  2.5353e-06  3.3720e-04
   56    134  5.8611e-18  7.8539e-16
   56    135  1.8102e-06  2.4437e-04
   56    136  4.4396e-15  6.0378e-13
   56    137  2.9454e-06  4.0351e-04
   56    138  2.6678e-06  3.6815e-04
   57    139  1.4184e-06  1.9715e-04
   58    140  1.9699e-06  2.7578e-04
   58    142  1.6442e-06  2.3347e-04
   59    141  3.7142e-06  5.2370e-04
   60    142  1.3879e-17  1.9708e-15
   60    143  1.6039e-06  2.2936e-04
   60    144  2.9435e-06  4.2387e-04
   60    145  1.5001e-06  2.1752e-04
   60    146  1.4697e-06  2.1457e-04
   60    148  8.4561e-07  1.2515e-04
   60    150  1.0864e-06  1.6296e-04
   62    147  1.1713e-06  1.7219e-04
   62    148  5.8292e-13  8.6272e-11
   62    149  4.9388e-07  7.3588e-05
   62    150  1.2631e-12  1.8946e-10
   62    152  1.3462e-06  2.0462e-04
   62    154  1.3235e-06  2.0382e-04
   63    151  9.3902e-07  1.4179e-04
   63    153  7.9112e-07  1.2104e-04
   64    154  2.7000e-14  4.1580e-12
   64    155  8.1354e-07  1.2610e-04
   64    156  1.1388e-06  1.7765e-04
   64    157  9.4969e-07  1.4910e-04
   64    158  1.9059e-06  3.0114e-04
   64    160  1.6846e-06  2.6953e-04
   65    159  5.7082e-07  9.0760e-05
   66    160  4.1106e-15  6.5770e-13
   66    161  9.7482e-07  1.5695e-04
   66    162  1.3565e-06  2.1975e-04
   66    163  8.7921e-07  1.4331e-04
   66    164  2.4841e-06  4.0739e-04
   67    165  1.3964e-06  2.3041e-04
   68    166  2.6604e-06  4.4163e-04
   68    167  1.3183e-06  2.2015e-04
   68    168  1.5284e-06  2.5676e-04
   68    170  1.3281e-06  2.2579e-04
   69    169  2.1416e-06  3.6194e-04
   70    170  2.8830e-15  4.9010e-13
   70    171  1.3250e-06  2.2658e-04
   70    172  1.6191e-06  2.7849e-04
   70    173  1.6112e-06  2.7873e-04
   70    174  3.0878e-06  5.3728e-04
   70    176  2.9540e-06  5.1990e-04
   71    175  2.3142e-06  4.0499e-04
   71    176  6.8670e-16  1.2086e-13
   72    176  6.4293e-18  1.1316e-15
   72    177  3.3623e-06  5.9513e-04
   72    178  2.5756e-06  4.5846e-04
   72    179  1.7533e-06  3.1384e-04
   72    180  1.9736e-06  3.5524e-04
   73    181  1.8061e-06  3.2690e-04
   74    182  1.2917e-06  2.3510e-04
   74    183  6.3326e-07  1.1589e-04
   74    184  4.5635e-07  8.3968e-05
   74    186  4.3190e-07  8.0333e-05
   75    185  2.5044e-07  4.6331e-05
   75    187  2.4660e-07  4.6114e-05
   76    186  1.3313e-18  2.4763e-16
   76    187  2.0042e-09  3.7478e-07
   76    188  7.7404e-07  1.4552e-04
   76    189  1.3970e-06  2.6404e-04
   76    190  4.8482e-06  9.2116e-04
   76    192  1.8463e-05  3.5449e-03
   77    191  8.6536e-06  1.6528e-03
   77    193  2.8752e-05  5.5491e-03
   78    192  1.1363e-15  2.1816e-13
   78    194  5.0366e-05  9.7711e-03
   78    195  6.2167e-05  1.2122e-02
   78    196  5.3356e-05  1.0458e-02
   78    198  1.9929e-05  3.9459e-03
   79    197  4.0406e-05  7.9600e-03
   80    198  5.4146e-15  1.0721e-12
   80    199  8.1768e-06  1.6272e-03
   80    200  4.6341e-06  9.2682e-04
   80    201  2.0173e-06  4.0547e-04
   80    202  2.6563e-06  5.3657e-04
   80    204  2.4547e-06  5.0075e-04
   81    203  1.8837e-06  3.8239e-04
   81    205  2.7330e-06  5.6027e-04
   81    207  4.9060e-19  1.0155e-16
   81    208  1.0476e-20  2.1789e-18
   82    204  2.6912e-19  5.4901e-17
   82    206  6.2686e-05  1.2913e-02
   82    207  6.5718e-05  1.3604e-02
   82    208  4.5650e-05  9.4951e-03
   82    210  6.3068e-12  1.3244e-09
   82    211  1.7384e-17  3.6680e-15
   82    212  1.9365e-17  4.1053e-15
   82    214  2.9414e-18  6.2947e-16
   83    209  9.6013e-05  2.0067e-02
   83    210  1.3230e-16  2.7782e-14
   83    211  2.2088e-19  4.6605e-17
   83    212  5.7865e-19  1.2267e-16
   83    214  3.6359e-19  7.7808e-17
   84    210  3.6528e-15  7.6708e-13
   84    218  5.6800e-20  1.2383e-17
   86    222  1.0083e-16  2.2384e-14
   87    223  3.1340e-20  6.9887e-18
   88    223  1.6995e-15  3.7899e-13
   88    224  5.0041e-17  1.1209e-14
   88    226  1.5429e-11  3.4869e-09
   88    228  1.6091e-10  3.6689e-08
   89    227  1.1818e-12  2.6828e-10
   89    228  3.5221e-18  8.0303e-16
   90    227  2.7314e-15  6.2004e-13
   90    228  9.6099e-15  2.1910e-12
   90    230  7.2715e-10  1.6724e-07
   90    231  1.5809e-16  3.6518e-14
   90    232  7.0437e-05  1.6341e-02
   90    234  2.4587e-16  5.7534e-14
   91    231  1.7718e-09  4.0929e-07
   91    234  7.3630e-18  1.7230e-15
   92    234  2.3678e-09  5.5406e-07
   92    235  3.8188e-05  8.9741e-03
   92    236  1.9498e-07  4.6015e-05
   92    238  4.3075e-05  1.0252e-02
   92    240  9.7858e-18  2.3486e-15
   93    240  6.9089e-19  1.6581e-16
   94    239  1.1365e-16  2.7161e-14
   94    240  3.8598e-11  9.2634e-09
   94    244  4.6982e-07  1.1464e-04
   95    243  3.4742e-17  8.4423e-15
   96    244  1.2751e-16  3.1113e-14
   96    247  7.3326e-14  1.8112e-11
   97    246  7.4970e-09  1.8443e-06
  100    258  1.0035e-05  2.5891e-03
  100    260  1.0737e-05  2.7917e-03
  100    262  1.0268e-05  2.6902e-03
  102    260  2.9808e-19  7.7500e-17
  102    261  8.3482e-06  2.1789e-03
  102    263  9.9008e-06  2.6039e-03
  102    264  1.2018e-05  3.1728e-03
  102    266  1.1546e-05  3.0712e-03
  103    265  9.0149e-06  2.3889e-03
  104    267  6.6392e-06  1.7727e-03
  104    268  5.4733e-06  1.4668e-03
  104    270  1.1886e-05  3.2092e-03
  104    272  1.6074e-05  4.3722e-03
  104    274  1.5895e-05  4.3552e-03
  105    269  1.1013e-05  2.9625e-03
  105    271  1.1051e-05  2.9950e-03
  106    273  1.7507e-05  4.7793e-03
  106    275  1.1441e-05  3.1464e-03
  106    276  1.2845e-05  3.5451e-03
  106    278  3.8567e-06  1.0722e-03
  106    280  3.5578e-07  9.9617e-05
  107    277  3.2846e-06  9.0984e-04
  108    279  1.1918e-06  3.3251e-04
  108    281  1.0344e-07  2.9067e-05
  108    282  1.7276e-07  4.8719e-05
  108    283  1.3783e-07  3.9006e-05
  108    284  2.2094e-07  6.2746e-05
  108    286  2.7318e-07  7.8130e-05
  110    285  2.3893e-07  6.8095e-05
  110    287  2.4944e-07  7.1589e-05
  110    288  2.6688e-07  7.6861e-05
  110    290  1.7550e-07  5.0894e-05
  111    289  1.5358e-07  4.4385e-05
  111    290  2.2824e-19  6.6191e-17
  111    291  7.9005e-08  2.2991e-05
  111    292  5.3567e-07  1.5642e-04
  111    293  2.1985e-07  6.4417e-05
  111    294  4.1790e-07  1.2286e-04
  111    295  2.2707e-07  6.6985e-05
  111    296  1.8829e-07  5.5733e-05
  111    297  1.0133e-07  3.0094e-05
  111    298  1.4314e-07  4.2656e-05
  111    299  2.0767e-08  6.2093e-06
  111    300  1.1666e-08  3.4997e-06
  111    301  3.7391e-07  1.1255e-04
  111    302  3.8992e-07  1.1776e-04
  111    303  1.3880e-07  4.2057e-05
  111    304  1.8172e-07  5.5243e-05
  111    305  5.5055e-08  1.6792e-05
  111    306  1.0947e-07  3.3498e-05
  111    307  6.7531e-08  2.0732e-05
  111    308  3.2696e-08  1.0070e-05
  111    309  1.9348e-08  5.9786e-06
  111    310  3.6014e-08  1.1164e-05
  111    311  1.2974e-08  4.0350e-06
  111    312  1.1249e-08  3.5097e-06
  111    313  8.1146e-09  2.5399e-06
  111    314  7.9494e-09  2.4961e-06
  111    315  4.6122e-09  1.4529e-06
  111    316  7.3030e-09  2.3077e-06
  111    317  2.4943e-09  7.9069e-07
  111    318  4.6104e-09  1.4661e-06
  111    319  2.2831e-09  7.2829e-07
  111    320  2.3917e-09  7.6533e-07
  111    321  1.6951e-09  5.4413e-07
  111    322  1.1327e-09  3.6471e-07
  111    323  2.9786e-09  9.6208e-07
  111    324  1.8850e-09  6.1075e-07
  111    325  1.8594e-10  6.0432e-08
  111    326  1.6165e-09  5.2697e-07
  111    327  1.4358e-09  4.6950e-07
  111    328  9.0795e-11  2.9781e-08
  111    329  7.3768e-10  2.4270e-07
  111    330  5.3327e-10  1.7598e-07
  111    331  8.6484e-11  2.8626e-08
  111    332  2.7827e-10  9.2384e-08
  111    333  4.8912e-11  1.6288e-08
  111    334  3.7541e-11  1.2539e-08
  111    335  1.8940e-12  6.3448e-10
  111    336  5.4823e-11  1.8420e-08
  111    337  3.0397e-11  1.0244e-08
    1      1  2.0825e-09  2.0825e-09
    2      4  1.8993e-01  7.5972e-01


