    1      2  8.4258e-10  1.6852e-09
    2      3  2.2369e-11  6.7107e-11
    3      6  2.3250e-12  1.3950e-11
    3      7  4.6910e-11  3.2837e-10
    4      8  2.2729e-11  1.8183e-10
    4      9  7.8363e-13  7.0527e-12
    5     10  6.2702e-12  6.2702e-11
    5     11  5.1856e-11  5.7041e-10
    6     12  2.0700e-09  2.4841e-08
    6     13  5.9597e-09  7.7476e-08
    7     14  6.6450e-07  9.3029e-06
    7     15  1.3675e-06  2.0512e-05
    8     16  6.7263e-08  1.0762e-06
    8     17  8.1457e-10  1.3848e-08
    8     18  3.5471e-08  6.3847e-07
    9     19  4.6669e-07  8.8671e-06
   10     20  6.4463e-07  1.2893e-05
   10     21  2.6630e-07  5.5924e-06
   10     22  7.3010e-09  1.6062e-07
   11     23  2.4261e-07  5.5800e-06
   12     24  9.7973e-08  2.3513e-06
   12     25  8.9560e-08  2.2390e-06
   12     26  9.2336e-08  2.4007e-06
   13     26  2.0034e-18  5.2088e-17
   13     27  4.3381e-07  1.1713e-05
   14     28  1.3123e-06  3.6744e-05
   14     29  1.4536e-07  4.2154e-06
   14     30  6.2836e-08  1.8851e-06
   15     31  1.1233e-07  3.4824e-06
   16     32  1.5269e-07  4.8861e-06
   16     33  1.9324e-06  6.3768e-05
   16     34  1.4880e-06  5.0593e-05
   16     36  2.4619e-08  8.8628e-07
   17     35  1.9641e-08  6.8744e-07
   17     37  1.3149e-07  4.8652e-06
   18     36  6.8526e-19  2.4669e-17
   18     38  3.4327e-07  1.3044e-05
   18     40  1.1628e-06  4.6512e-05
   19     39  7.1967e-07  2.8067e-05
   19     41  7.0006e-08  2.8703e-06
   20     42  1.8074e-06  7.5911e-05
   20     43  9.2798e-07  3.9903e-05
   20     44  1.2293e-07  5.4088e-06
   20     46  3.5537e-07  1.6347e-05
   21     45  2.9960e-07  1.3482e-05
   22     46  2.1445e-19  9.8646e-18
   22     47  4.0057e-07  1.8827e-05
   22     48  7.4018e-07  3.5529e-05
   22     49  7.1244e-07  3.4910e-05
   22     50  8.0548e-07  4.0274e-05
   23     51  3.4429e-07  1.7559e-05
   24     52  3.4839e-07  1.8117e-05
   24     53  2.8311e-07  1.5005e-05
   24     54  1.9126e-07  1.0328e-05
   25     55  2.3132e-07  1.2723e-05
   26     56  1.3556e-06  7.5913e-05
   26     57  2.1672e-06  1.2353e-04
   26     58  7.3113e-08  4.2406e-06
   27     59  1.1404e-07  6.7283e-06
   28     60  3.0934e-07  1.8560e-05
   28     61  4.2119e-07  2.5693e-05
   28     62  2.5017e-07  1.5511e-05
   28     64  3.0047e-07  1.9230e-05
   29     63  1.0505e-06  6.6182e-05
   29     65  2.7152e-07  1.7648e-05
   30     64  2.4973e-19  1.5983e-17
   30     66  6.3499e-07  4.1909e-05
   30     67  4.7500e-07  3.1825e-05
   30     68  2.4668e-07  1.6774e-05
   30     70  1.0807e-06  7.5647e-05
   31     69  2.6971e-07  1.8610e-05
   31     71  2.0965e-07  1.4885e-05
   32     70  1.6505e-14  1.1554e-12
   32     72  5.9918e-07  4.3141e-05
   32     73  4.8055e-07  3.5080e-05
   32     74  1.5546e-06  1.1504e-04
   32     76  4.4152e-06  3.3555e-04
   33     75  3.2864e-06  2.4648e-04
   34     76  1.3654e-12  1.0377e-10
   34     77  6.6382e-06  5.1114e-04
   34     78  1.2423e-05  9.6899e-04
   34     80  2.4655e-05  1.9724e-03
   34     82  5.7238e-06  4.6935e-04
   35     79  1.8740e-05  1.4805e-03
   35     81  6.0635e-06  4.9114e-04
   36     82  2.5534e-12  2.0938e-10
   36     83  5.7398e-06  4.7640e-04
   36     84  7.4836e-06  6.2862e-04
   36     86  4.4779e-06  3.8510e-04
   37     85  4.8991e-06  4.1642e-04
   37     87  6.3742e-06  5.5455e-04
   38     86  5.9907e-19  5.1520e-17
   38     87  4.6674e-08  4.0606e-06
   38     88  1.0104e-05  8.8918e-04
   39     89  2.5729e-06  2.2899e-04
   40     90  4.8047e-06  4.3242e-04
   40     91  3.7007e-06  3.3677e-04
   40     92  4.2028e-06  3.8666e-04
   40     94  3.4623e-06  3.2545e-04
   41     93  1.3267e-06  1.2338e-04
   42     95  3.9487e-06  3.7513e-04
   42     96  6.2316e-06  5.9823e-04
   42     97  8.7045e-06  8.4434e-04
   42     98  2.0988e-06  2.0568e-04
   42    100  4.9828e-06  4.9828e-04
   44     99  3.2960e-06  3.2631e-04
   44    100  3.7398e-12  3.7398e-10
   44    101  6.5725e-06  6.6382e-04
   44    102  7.9331e-06  8.0917e-04
   44    104  3.6966e-06  3.8445e-04
   45    103  7.6012e-06  7.8292e-04
   46    104  7.7070e-17  8.0152e-15
   46    105  3.0788e-06  3.2328e-04
   46    106  7.0190e-06  7.4402e-04
   46    108  1.7161e-05  1.8534e-03
   46    110  1.4202e-04  1.5622e-02
   47    107  8.3035e-06  8.8847e-04
   47    109  7.1419e-05  7.7847e-03
   48    110  1.0069e-11  1.1076e-09
   48    111  2.3671e-05  2.6275e-03
   48    112  9.7100e-05  1.0875e-02
   48    113  5.6442e-05  6.3780e-03
   48    114  6.8644e-05  7.8255e-03
   48    116  8.2989e-06  9.6267e-04
   49    113  2.4841e-12  2.8070e-10
   49    115  8.1325e-05  9.3524e-03
   50    115  6.4886e-11  7.4619e-09
   50    116  5.9407e-11  6.8912e-09
   50    117  1.2009e-05  1.4051e-03
   50    118  5.6145e-06  6.6251e-04
   50    119  3.3093e-06  3.9381e-04
   50    120  1.2253e-05  1.4704e-03
   50    122  4.8087e-06  5.8666e-04
   50    124  1.9252e-05  2.3872e-03
   51    121  4.9135e-06  5.9453e-04
   51    123  3.2392e-06  3.9842e-04
   52    122  5.3493e-13  6.5262e-11
   52    124  4.0784e-15  5.0572e-13
   52    125  2.7727e-05  3.4658e-03
   52    126  1.0235e-04  1.2896e-02
   52    128  2.5536e-04  3.2686e-02
   52    130  1.1611e-04  1.5095e-02
   53    127  1.4062e-04  1.7858e-02
   53    129  8.7786e-13  1.1324e-10
   54    128  1.8067e-14  2.3126e-12
   54    129  6.3663e-04  8.2126e-02
   54    130  4.9432e-12  6.4262e-10
   54    131  2.8694e-05  3.7589e-03
   54    132  7.6387e-05  1.0083e-02
   54    134  1.2776e-04  1.7120e-02
   54    136  4.9098e-05  6.6773e-03
   55    133  1.1540e-04  1.5348e-02
   56    134  3.3503e-16  4.4895e-14
   56    135  8.7413e-05  1.1801e-02
   56    136  4.3507e-13  5.9170e-11
   56    137  6.2276e-05  8.5318e-03
   56    138  1.2871e-04  1.7761e-02
   57    139  6.5786e-05  9.1442e-03
   58    140  6.6029e-05  9.2440e-03
   58    142  1.7151e-05  2.4354e-03
   59    141  4.5500e-05  6.4155e-03
   60    142  2.5003e-16  3.5504e-14
   60    143  5.2559e-06  7.5159e-04
   60    144  3.2390e-06  4.6642e-04
   60    145  2.4100e-07  3.4945e-05
   60    146  5.1852e-07  7.5704e-05
   60    148  3.3493e-06  4.9570e-04
   60    150  8.3365e-06  1.2505e-03
   62    147  1.1868e-06  1.7446e-04
   62    148  1.1540e-12  1.7080e-10
   62    149  2.1606e-06  3.2193e-04
   62    150  1.6642e-11  2.4964e-09
   62    152  1.0984e-05  1.6696e-03
   62    154  7.3308e-06  1.1289e-03
   63    151  4.8968e-06  7.3942e-04
   63    153  5.6889e-06  8.7040e-04
   64    152  3.1922e-20  4.8522e-18
   64    154  4.4870e-13  6.9099e-11
   64    155  7.6157e-06  1.1804e-03
   64    156  3.4736e-06  5.4188e-04
   64    157  7.3371e-06  1.1519e-03
   64    158  9.2786e-06  1.4660e-03
   64    160  2.5868e-06  4.1389e-04
   65    159  2.2196e-07  3.5292e-05
   66    160  1.0616e-14  1.6986e-12
   66    161  3.7344e-06  6.0125e-04
   66    162  2.0071e-06  3.2516e-04
   66    163  1.7528e-06  2.8571e-04
   66    164  3.3440e-06  5.4841e-04
   67    165  2.1119e-06  3.4847e-04
   68    166  6.4260e-06  1.0667e-03
   68    167  5.3577e-06  8.9473e-04
   68    168  2.9244e-06  4.9130e-04
   68    170  1.8588e-06  3.1599e-04
   69    169  8.2770e-06  1.3988e-03
   70    170  1.6012e-14  2.7220e-12
   70    171  1.8257e-06  3.1219e-04
   70    172  1.2023e-06  2.0679e-04
   70    173  7.5859e-07  1.3124e-04
   70    174  1.9856e-06  3.4549e-04
   70    176  1.3809e-06  2.4304e-04
   71    175  7.1373e-07  1.2490e-04
   71    176  4.1079e-16  7.2299e-14
   72    176  3.8461e-18  6.7691e-16
   72    177  2.7514e-06  4.8699e-04
   72    178  1.0087e-06  1.7955e-04
   72    179  4.5545e-07  8.1525e-05
   72    180  5.4859e-07  9.8746e-05
   73    181  5.7720e-07  1.0447e-04
   74    182  4.5255e-07  8.2364e-05
   74    183  2.4356e-07  4.4571e-05
   74    184  1.4376e-07  2.6452e-05
   74    186  5.8932e-08  1.0961e-05
   75    185  5.3878e-08  9.9675e-06
   75    187  4.1263e-08  7.7161e-06
   76    186  3.0776e-19  5.7243e-17
   76    187  3.3536e-10  6.2711e-08
   76    188  5.6785e-08  1.0676e-05
   76    189  3.0369e-08  5.7397e-06
   76    190  1.0725e-07  2.0378e-05
   76    192  2.0483e-07  3.9327e-05
   77    191  2.1228e-07  4.0545e-05
   77    193  1.1587e-07  2.2363e-05
   78    192  6.1064e-17  1.1724e-14
   78    194  2.3520e-07  4.5629e-05
   78    195  1.9111e-07  3.7266e-05
   78    196  1.8002e-07  3.5284e-05
   78    198  5.4396e-08  1.0770e-05
   79    197  1.2751e-07  2.5120e-05
   80    198  2.1537e-17  4.2643e-15
   80    199  1.5694e-08  3.1231e-06
   80    200  1.1611e-08  2.3222e-06
   80    201  1.3242e-09  2.6616e-07
   80    202  2.9810e-10  6.0216e-08
   80    204  3.1546e-12  6.4353e-10
   81    203  2.5607e-11  5.1982e-09
   81    205  1.9166e-12  3.9290e-10
   82    206  4.9452e-12  1.0187e-09
   82    207  4.3450e-12  8.9941e-10
   82    208  4.3283e-12  9.0028e-10
   82    210  9.7849e-18  2.0548e-15
   82    214  2.6539e-17  5.6793e-15
   83    209  2.7284e-12  5.7025e-10
   83    211  2.9825e-16  6.2930e-14
   83    212  6.4329e-17  1.3638e-14
   86    219  9.9742e-17  2.1844e-14
   86    220  5.3615e-17  1.1795e-14
   88    228  7.1461e-20  1.6293e-17
   90    230  9.3266e-20  2.1451e-17
   90    232  3.1280e-14  7.2570e-12
   91    231  2.8535e-19  6.5915e-17
   92    234  3.0567e-19  7.1526e-17
   92    235  6.1500e-15  1.4452e-12
   92    236  5.3475e-18  1.2620e-15
   92    238  2.6962e-15  6.4169e-13
   94    244  1.1002e-17  2.6844e-15
   97    246  1.7963e-19  4.4188e-17
  100    258  9.9842e-18  2.5759e-15
  100    260  3.5794e-18  9.3065e-16
  100    262  9.2050e-19  2.4117e-16
  102    261  1.4999e-18  3.9148e-16
  102    263  5.9650e-19  1.5688e-16
  102    264  5.0067e-19  1.3218e-16
  102    266  1.7433e-19  4.6371e-17
  103    265  2.2960e-19  6.0843e-17
  104    267  5.2883e-20  1.4120e-17
  104    268  2.6293e-20  7.0465e-18
  104    270  1.6346e-20  4.4135e-18
  105    269  2.9713e-20  7.9927e-18
    1      1  7.7944e-10  7.7944e-10
    2      4  1.5099e-01  6.0396e-01


