1  6.3686e-11
2  1.5038e-16
3  4.8500e-22
4  1.5374e-01
5  0.0000e+00
6  4.9298e-20
7  3.4827e-21
8  3.9889e-20
9  4.7041e-19
10  1.0687e-19
11  1.0016e-22
12  1.2619e-07
13  2.3762e-14
14  1.4286e-18
15  3.7321e-15
16  5.6111e-09
17  9.6508e-16
18  9.4903e-17
19  1.5864e-16
20  4.5163e-09
21  1.5547e-13
22  2.7581e-16
23  4.2886e-13
24  1.6752e-09
25  3.9205e-10
26  1.2042e-09
27  7.3264e-10
28  8.2834e-10
29  1.0912e-09
30  3.0336e-09
31  3.6781e-09
32  1.5182e-08
33  6.4867e-09
34  4.7263e-08
35  1.3009e-09
36  2.6122e-09
37  6.7111e-09
38  1.2742e-08
39  2.1698e-09
40  1.5164e-10
41  3.3427e-10
42  1.8130e-07
43  5.9049e-08
44  1.0701e-07
45  2.4956e-09
46  1.3086e-08
47  2.2901e-07
48  9.8272e-07
49  7.8553e-09
50  4.2900e-08
51  1.7801e-07
52  4.4284e-06
53  1.3096e-06
54  6.7174e-07
55  3.0112e-08
56  6.1510e-07
57  1.2374e-07
58  2.8314e-06
59  1.5745e-06
60  4.6872e-07
61  1.4866e-06
62  6.3600e-07
63  6.0347e-07
64  1.1459e-06
65  7.1699e-07
66  1.1261e-06
67  1.0089e-06
68  6.3581e-07
69  1.5967e-07
70  2.5699e-07
71  2.8844e-08
72  5.8394e-07
73  8.8620e-06
74  2.5977e-06
75  9.6177e-07
76  3.7960e-06
77  1.2755e-05
78  1.9634e-05
79  1.0955e-05
80  4.7078e-05
81  3.5410e-06
82  3.9464e-07
83  4.7915e-06
84  2.1543e-05
85  8.9421e-06
86  2.1823e-05
87  7.6422e-06
88  1.2345e-05
89  3.5798e-05
90  1.5760e-04
91  1.7262e-05
92  2.7935e-05
93  1.9844e-05
94  1.0046e-05
95  2.2172e-06
96  2.7662e-05
97  1.9843e-05
98  3.0089e-05
99  2.4602e-05
100  1.4413e-04
101  3.9643e-04
102  5.6979e-04
103  9.6078e-05
104  2.2926e-04
105  4.7238e-04
106  2.3770e-04
107  6.0568e-05
108  3.4542e-04
109  1.6022e-04
110  1.6224e-04
111  2.8778e-05
112  5.4791e-05
113  2.7215e-05
114  9.6651e-05
115  1.9433e-05
116  1.3316e-05
117  2.1383e-05
118  3.5884e-06
119  1.0578e-06
120  7.7804e-07
121  1.9472e-07
122  1.3748e-07
123  8.1109e-08
124  7.4291e-07
125  4.0174e-06
126  9.8272e-06
127  5.3562e-06
128  4.9850e-06
129  1.7169e-06
130  1.2159e-07
131  3.4430e-09
132  1.4949e-10
133  1.3504e-13
134  3.6395e-16
135  3.7303e-16
136  1.6363e-15
137  1.4522e-16
138  3.8784e-16
139  4.9691e-18
140  6.2045e-18
141  6.5727e-18
142  1.3414e-18
143  2.3155e-19
144  7.6931e-19
145  1.0750e-20
146  1.3803e-20
147  2.3523e-20
148  1.8544e-20
149  1.6185e-20
150  1.0512e-20
151  2.8543e-21
152  8.8292e-21
153  5.0194e-21
154  3.2539e-21
155  2.6866e-21
156  2.1170e-22
157  3.8628e-22
158  2.0808e-22
159  1.2793e-23
160  2.2061e-23
161  2.3532e-23
162  9.5735e-24
163  5.8987e-24
164  8.1009e-24
165  4.1753e-24
166  6.1573e-24
167  1.6710e-24
168  6.9368e-25
169  5.5217e-25
170  0.0000e+00
171  0.0000e+00
172  0.0000e+00
173  0.0000e+00
174  0.0000e+00
175  0.0000e+00
176  0.0000e+00
177  0.0000e+00
178  0.0000e+00
179  0.0000e+00
180  0.0000e+00
181  0.0000e+00
182  0.0000e+00
183  0.0000e+00
184  0.0000e+00
185  0.0000e+00
186  0.0000e+00
187  0.0000e+00
188  0.0000e+00
189  0.0000e+00
190  0.0000e+00
191  0.0000e+00
192  0.0000e+00
193  0.0000e+00
194  0.0000e+00
195  0.0000e+00
196  0.0000e+00
197  0.0000e+00
198  0.0000e+00
199  0.0000e+00
200  0.0000e+00
201  0.0000e+00
202  0.0000e+00
203  0.0000e+00
204  0.0000e+00
205  0.0000e+00
206  0.0000e+00
207  0.0000e+00
208  0.0000e+00
209  0.0000e+00
210  0.0000e+00
211  0.0000e+00
212  0.0000e+00
213  0.0000e+00
214  0.0000e+00
215  0.0000e+00
216  0.0000e+00
217  0.0000e+00
218  0.0000e+00
219  0.0000e+00
220  0.0000e+00
221  0.0000e+00
222  0.0000e+00
223  0.0000e+00
224  0.0000e+00
225  0.0000e+00
226  0.0000e+00
227  0.0000e+00
228  0.0000e+00
229  0.0000e+00
230  0.0000e+00
231  0.0000e+00
232  0.0000e+00
233  0.0000e+00
234  0.0000e+00
235  0.0000e+00
236  0.0000e+00
237  0.0000e+00
238  0.0000e+00
239  0.0000e+00
240  0.0000e+00
241  0.0000e+00
242  0.0000e+00
243  0.0000e+00
244  0.0000e+00
245  0.0000e+00
246  0.0000e+00
247  0.0000e+00
248  0.0000e+00
249  0.0000e+00
250  0.0000e+00
251  0.0000e+00
252  0.0000e+00
253  0.0000e+00
254  0.0000e+00
255  0.0000e+00
256  0.0000e+00
257  0.0000e+00
258  0.0000e+00
259  0.0000e+00
260  0.0000e+00
261  0.0000e+00
262  0.0000e+00
263  0.0000e+00
264  0.0000e+00
265  0.0000e+00
266  0.0000e+00
267  0.0000e+00
268  0.0000e+00
269  0.0000e+00
270  0.0000e+00
271  0.0000e+00
272  0.0000e+00
273  0.0000e+00
274  0.0000e+00
275  0.0000e+00
276  0.0000e+00
277  0.0000e+00
278  0.0000e+00
279  0.0000e+00
280  0.0000e+00
281  0.0000e+00
282  0.0000e+00
283  0.0000e+00
284  0.0000e+00
285  0.0000e+00
286  0.0000e+00
287  0.0000e+00
288  0.0000e+00
289  0.0000e+00
290  0.0000e+00
291  0.0000e+00
292  0.0000e+00
293  0.0000e+00
294  0.0000e+00
295  0.0000e+00
296  0.0000e+00
297  0.0000e+00
298  0.0000e+00
299  0.0000e+00
300  0.0000e+00
301  0.0000e+00
302  0.0000e+00
303  0.0000e+00
304  0.0000e+00
305  0.0000e+00
306  0.0000e+00
307  0.0000e+00
308  0.0000e+00
309  0.0000e+00
310  0.0000e+00
311  0.0000e+00
312  0.0000e+00
313  0.0000e+00
314  0.0000e+00
315  0.0000e+00
316  0.0000e+00
317  0.0000e+00
318  0.0000e+00
319  0.0000e+00
320  0.0000e+00
321  0.0000e+00
322  0.0000e+00
323  0.0000e+00
324  0.0000e+00
325  0.0000e+00
326  0.0000e+00
327  0.0000e+00
328  0.0000e+00
329  0.0000e+00
330  0.0000e+00
331  0.0000e+00
332  0.0000e+00
333  0.0000e+00
334  0.0000e+00
335  0.0000e+00
336  0.0000e+00
337  0.0000e+00

