1  3.5494e-08
2  1.4406e-08
3  1.0866e-09
4  2.1455e-01
5  0.0000e+00
6  2.5024e-11
7  2.4855e-09
8  2.3335e-08
9  1.0760e-08
10  2.2526e-07
11  2.1693e-09
12  7.7737e-09
13  6.4336e-08
14  5.8463e-08
15  1.1385e-05
16  3.8707e-07
17  1.5025e-08
18  8.4600e-08
19  8.6690e-07
20  1.3149e-06
21  7.8997e-07
22  8.3736e-09
23  7.6820e-07
24  2.9500e-07
25  3.9354e-07
26  8.6915e-08
27  1.0080e-07
28  1.5548e-07
29  5.3067e-08
30  4.7090e-08
31  2.0768e-08
32  6.8368e-08
33  2.7835e-07
34  2.2782e-07
35  1.3351e-08
36  1.5879e-08
37  4.0240e-09
38  1.9130e-08
39  1.6731e-08
40  5.2028e-09
41  1.7799e-08
42  7.3112e-08
43  1.6294e-08
44  2.2963e-08
45  2.1780e-08
46  2.3457e-09
47  3.9349e-09
48  6.2244e-09
49  4.0216e-09
50  3.1797e-09
51  2.8725e-09
52  7.9658e-09
53  1.1058e-08
54  2.5051e-09
55  5.4615e-10
56  8.2210e-09
57  1.6407e-08
58  4.6742e-10
59  3.1116e-10
60  8.7262e-10
61  9.3828e-10
62  9.2304e-10
63  3.5969e-08
64  5.5508e-09
65  1.0577e-08
66  2.4132e-08
67  7.5696e-08
68  1.2906e-08
69  6.4206e-09
70  3.4863e-08
71  9.6092e-09
72  2.6122e-08
73  2.0760e-08
74  6.8741e-08
75  2.1070e-07
76  1.3759e-07
77  3.1051e-07
78  3.2542e-07
79  2.9477e-07
80  1.6436e-06
81  3.8439e-07
82  2.6436e-07
83  2.7991e-07
84  7.6949e-08
85  9.8670e-08
86  1.6975e-07
87  2.0082e-07
88  9.9563e-08
89  8.3197e-08
90  7.6736e-08
91  5.9098e-08
92  5.0445e-08
93  4.6372e-08
94  1.3838e-07
95  6.0868e-08
96  2.6889e-08
97  6.4077e-08
98  1.4453e-08
99  1.8806e-08
100  2.7505e-08
101  2.4445e-08
102  2.6596e-08
103  3.5117e-08
104  1.3175e-08
105  8.5228e-09
106  3.6580e-08
107  3.5240e-08
108  5.6166e-08
109  8.1926e-08
110  1.2748e-07
111  2.0618e-08
112  1.0134e-07
113  7.2527e-08
114  6.3175e-08
115  7.5560e-08
116  4.8246e-09
117  1.8140e-08
118  7.1647e-09
119  6.7869e-09
120  4.0829e-08
121  4.0109e-08
122  4.1778e-08
123  5.0006e-08
124  2.7820e-07
125  7.7489e-07
126  2.3047e-06
127  3.2579e-06
128  2.2958e-06
129  3.2640e-06
130  2.0522e-06
131  1.2100e-06
132  8.8212e-07
133  5.5138e-07
134  4.2863e-07
135  1.1707e-07
136  1.6647e-07
137  1.2190e-07
138  1.7138e-07
139  7.7379e-08
140  1.4882e-07
141  1.9395e-07
142  9.8745e-08
143  5.4197e-08
144  4.0619e-08
145  1.0832e-08
146  2.6971e-08
147  4.1297e-08
148  1.7887e-08
149  3.8381e-09
150  8.6831e-09
151  1.5070e-09
152  9.8878e-09
153  9.1297e-09
154  6.6223e-09
155  5.7336e-08
156  3.4727e-09
157  1.1927e-08
158  2.8472e-08
159  2.2890e-10
160  2.3269e-09
161  5.2096e-09
162  3.0330e-09
163  3.9379e-09
164  4.7729e-09
165  3.6564e-09
166  1.1059e-08
167  1.8014e-08
168  1.2106e-08
169  8.9337e-08
170  1.9143e-08
171  4.2392e-08
172  2.4070e-08
173  1.6505e-08
174  7.4045e-08
175  2.2664e-08
176  4.4383e-08
177  2.0440e-07
178  1.4021e-07
179  7.5936e-08
180  9.7413e-08
181  1.3906e-07
182  1.5873e-07
183  1.2502e-07
184  1.2648e-07
185  6.3519e-08
186  5.6113e-08
187  6.6334e-08
188  9.9526e-08
189  5.1259e-08
190  9.5127e-08
191  9.2214e-08
192  4.0368e-08
193  2.1342e-08
194  1.1515e-07
195  2.5060e-07
196  1.3433e-06
197  2.9854e-06
198  6.1490e-06
199  3.2548e-06
200  7.0193e-06
201  1.7983e-06
202  1.1987e-06
203  2.9117e-07
204  5.0744e-08
205  1.4905e-08
206  9.9817e-07
207  2.0095e-06
208  4.2797e-07
209  3.6046e-06
210  3.8663e-13
211  1.2410e-18
212  8.5545e-19
213  4.9590e-44
214  2.0249e-19
215  3.4210e-25
216  9.9116e-25
217  7.3122e-94
218  3.4800e-21
219  4.8018e-22
220  3.8006e-22
221  6.6926e-320
222  6.1776e-18
223  1.1980e-16
224  2.1465e-18
225  2.9887e-40
226  9.4527e-13
227  8.3500e-14
228  6.9027e-12
229  1.1148e-29
230  4.4550e-11
231  1.2490e-10
232  3.0213e-06
233  6.6621e-26
234  1.4507e-10
235  2.6918e-06
236  1.0339e-08
237  -4.5154e-319
238  2.6391e-06
239  1.5122e-17
240  2.0467e-12
241  0.0000e+00
242  7.5130e-116
243  4.6228e-18
244  2.4913e-08
245  0.0000e+00
246  4.2532e-10
247  9.7570e-15
248  3.8666e-115
249  0.0000e+00
250  0.0000e+00
251  1.3175e-315
252  0.0000e+00
253  0.0000e+00
254  0.0000e+00
255  0.0000e+00
256  0.0000e+00
257  8.5717e-26
258  7.4191e-07
259  4.5165e-26
260  1.2815e-06
261  1.3970e-06
262  1.2624e-06
263  1.4083e-06
264  1.6445e-06
265  1.5055e-06
266  2.0395e-06
267  9.6378e-07
268  1.1328e-06
269  3.1680e-06
270  3.2628e-06
271  3.1549e-06
272  5.9623e-06
273  7.6462e-06
274  1.5765e-05
275  2.2826e-05
276  3.3821e-05
277  1.2652e-05
278  2.4836e-05
279  1.8059e-05
280  9.8746e-06
281  3.5151e-06
282  3.1048e-06
283  1.0120e-06
284  9.2872e-07
285  6.7581e-07
286  6.9822e-07
287  1.3912e-06
288  1.1010e-06
289  1.0171e-06
290  1.2486e-06
291  6.1611e-07
292  5.2710e-06
293  3.0261e-06
294  4.8916e-06
295  1.6444e-06
296  3.5514e-06
297  1.6114e-06
298  2.5129e-07
299  1.9311e-07
300  6.5384e-08
301  4.8339e-06
302  3.2998e-06
303  2.6406e-06
304  5.1808e-06
305  5.7994e-06
306  6.2077e-06
307  1.6335e-06
308  4.6093e-06
309  4.5431e-06
310  3.7859e-06
311  2.5695e-06
312  5.3810e-06
313  1.0889e-06
314  2.3882e-06
315  4.5969e-06
316  8.1294e-06
317  4.6787e-06
318  5.9404e-05
319  2.7609e-05
320  2.1187e-05
321  6.9486e-06
322  9.6443e-06
323  5.6598e-06
324  5.1856e-06
325  2.2309e-06
326  2.4464e-06
327  5.0377e-06
328  9.7316e-07
329  2.3056e-06
330  1.6722e-06
331  6.9605e-07
332  1.2687e-06
333  2.1845e-07
334  2.0063e-07
335  1.4038e-07
336  6.2277e-08
337  1.2489e-06

