1  6.3282e-09
2  7.8951e-09
3  7.2907e-10
4  2.1258e-01
5  0.0000e+00
6  2.1634e-11
7  1.2381e-09
8  8.8734e-09
9  3.5935e-09
10  1.0332e-07
11  3.3917e-09
12  5.7750e-09
13  2.3970e-07
14  7.5040e-08
15  1.0325e-05
16  2.3629e-07
17  7.3812e-09
18  4.6338e-08
19  9.2195e-07
20  1.3070e-06
21  5.0573e-07
22  4.4148e-09
23  8.8161e-07
24  3.0064e-07
25  4.1930e-07
26  4.5279e-08
27  1.0820e-07
28  2.3676e-07
29  5.7610e-08
30  5.1036e-08
31  4.3565e-08
32  7.7813e-08
33  4.8883e-07
34  3.7710e-07
35  1.5697e-08
36  1.4640e-08
37  8.8310e-09
38  3.6841e-08
39  3.0656e-08
40  1.2460e-08
41  6.1320e-08
42  2.0986e-07
43  4.2297e-08
44  5.2484e-08
45  5.3010e-08
46  1.4886e-08
47  2.2158e-08
48  4.4631e-08
49  3.9839e-08
50  3.9289e-08
51  1.3370e-08
52  4.3607e-08
53  3.5892e-08
54  1.6641e-08
55  6.5757e-09
56  3.0853e-08
57  9.0200e-08
58  1.7033e-09
59  2.8142e-09
60  6.4861e-09
61  9.8181e-09
62  8.7976e-09
63  1.2015e-07
64  4.0712e-08
65  5.1678e-08
66  1.3491e-07
67  1.4707e-07
68  4.1458e-08
69  2.2445e-08
70  9.6412e-08
71  2.2762e-08
72  7.0551e-08
73  4.7535e-08
74  2.1788e-07
75  8.6909e-07
76  7.4439e-07
77  9.8831e-07
78  9.6826e-07
79  1.0445e-06
80  4.3005e-06
81  1.1972e-06
82  3.5408e-07
83  5.5574e-07
84  2.5352e-07
85  2.5809e-07
86  6.1422e-07
87  5.3877e-07
88  2.1705e-07
89  8.9888e-08
90  1.2754e-07
91  5.0854e-08
92  1.2423e-07
93  1.4565e-07
94  4.6882e-07
95  2.4499e-07
96  1.4027e-07
97  1.7375e-07
98  2.8876e-08
99  3.2890e-08
100  4.0898e-08
101  4.9746e-08
102  4.5177e-08
103  6.3606e-08
104  5.1077e-08
105  5.1830e-08
106  1.4061e-07
107  1.5192e-07
108  2.2857e-07
109  2.6659e-07
110  3.4988e-07
111  6.3287e-08
112  2.0454e-07
113  9.4663e-08
114  7.1290e-08
115  6.7426e-08
116  1.0780e-08
117  2.7508e-08
118  2.2260e-08
119  1.5142e-08
120  9.9415e-08
121  8.9053e-08
122  2.5702e-07
123  3.0773e-07
124  2.0789e-06
125  3.0337e-06
126  7.7033e-06
127  6.5451e-06
128  5.1290e-06
129  5.5688e-06
130  4.8135e-06
131  2.4143e-06
132  1.0234e-06
133  9.0672e-07
134  8.3994e-07
135  3.4617e-07
136  4.7845e-07
137  5.2858e-07
138  5.2682e-07
139  1.9090e-07
140  2.5613e-07
141  5.8695e-07
142  2.7523e-07
143  1.0711e-07
144  7.5290e-08
145  3.0697e-08
146  5.1965e-08
147  6.6843e-08
148  6.5953e-08
149  3.4735e-08
150  6.4205e-08
151  3.9864e-08
152  1.0376e-07
153  5.8003e-08
154  1.1549e-07
155  1.4796e-07
156  6.3559e-08
157  9.3197e-08
158  1.9740e-07
159  1.7521e-08
160  1.1629e-07
161  1.1868e-07
162  9.0331e-08
163  7.3479e-08
164  1.9511e-07
165  1.3515e-07
166  4.3352e-07
167  3.1702e-07
168  2.6648e-07
169  6.9929e-07
170  2.7276e-07
171  2.8174e-07
172  2.7444e-07
173  2.0250e-07
174  5.6503e-07
175  2.7004e-07
176  4.0324e-07
177  5.8466e-07
178  3.7464e-07
179  2.1135e-07
180  2.0423e-07
181  2.7431e-07
182  2.4500e-07
183  1.5943e-07
184  1.3940e-07
185  8.5774e-08
186  8.6279e-08
187  6.8765e-08
188  1.1387e-07
189  1.0587e-07
190  9.0129e-07
191  9.8034e-07
192  3.1130e-06
193  4.6885e-06
194  1.6275e-05
195  2.4601e-05
196  3.1880e-05
197  2.3888e-05
198  1.2851e-05
199  3.4718e-06
200  1.4568e-06
201  2.1940e-07
202  2.2407e-07
203  2.3015e-07
204  4.1643e-07
205  4.0410e-07
206  1.9931e-05
207  2.1569e-05
208  1.2232e-05
209  3.4015e-05
210  2.3901e-12
211  8.3553e-18
212  7.6139e-18
213  3.3434e-44
214  1.2517e-18
215  2.3034e-24
216  8.8218e-24
217  2.5350e-94
218  2.1513e-20
219  3.2331e-21
220  3.3827e-21
221  -4.5568e-320
222  3.8189e-17
223  8.0659e-16
224  1.9105e-17
225  2.0150e-40
226  5.8435e-12
227  5.6220e-13
228  6.1437e-11
229  7.5160e-30
230  2.7540e-10
231  8.4092e-10
232  2.6891e-05
233  2.6861e-27
234  8.9678e-10
235  1.8124e-05
236  8.9740e-08
237  -1.4743e-318
238  1.6314e-05
239  7.9407e-17
240  1.7766e-11
241  0.0000e+00
242  2.1225e-124
243  2.4275e-17
244  2.1625e-07
245  0.0000e+00
246  3.2359e-09
247  5.1234e-14
248  1.9843e-123
249  0.0000e+00
250  0.0000e+00
251  -5.7245e-314
252  0.0000e+00
253  0.0000e+00
254  0.0000e+00
255  0.0000e+00
256  0.0000e+00
257  6.1287e-26
258  8.0471e-06
259  5.2047e-26
260  9.6401e-06
261  8.0311e-06
262  9.9839e-06
263  1.1346e-05
264  1.3827e-05
265  1.1745e-05
266  1.5950e-05
267  8.2330e-06
268  8.5293e-06
269  1.8659e-05
270  1.6757e-05
271  1.5867e-05
272  2.1802e-05
273  2.1870e-05
274  2.8161e-05
275  2.0151e-05
276  2.0615e-05
277  6.3804e-06
278  7.5191e-06
279  3.0151e-06
280  1.1256e-06
281  3.4751e-07
282  3.8642e-07
283  2.4932e-07
284  3.9341e-07
285  4.0386e-07
286  4.4230e-07
287  6.3232e-07
288  5.3506e-07
289  3.3602e-07
290  3.6952e-07
291  1.9044e-07
292  1.3775e-06
293  6.9359e-07
294  1.0839e-06
295  3.6484e-07
296  8.0382e-07
297  3.9989e-07
298  6.5761e-08
299  5.1304e-08
300  1.7627e-08
301  9.1359e-07
302  1.1003e-06
303  6.3096e-07
304  6.8801e-07
305  7.0222e-07
306  9.6935e-07
307  5.4778e-07
308  4.1981e-07
309  3.7017e-07
310  5.2254e-07
311  1.4914e-07
312  3.1370e-07
313  1.5524e-07
314  3.5755e-07
315  1.8455e-07
316  2.4714e-07
317  2.7249e-07
318  1.1509e-06
319  2.6959e-07
320  4.2297e-07
321  7.8774e-08
322  6.0648e-08
323  4.7282e-08
324  3.7646e-08
325  6.2251e-09
326  1.6689e-08
327  1.5449e-08
328  5.8703e-10
329  6.4670e-09
330  3.4151e-09
331  3.4854e-10
332  8.3862e-10
333  1.5100e-10
334  1.4254e-10
335  5.4230e-11
336  2.4132e-11
337  7.2807e-10

