    1      2  1.2719e-14  2.5438e-14
    2      3  5.5472e-18  1.6642e-17
    3      6  1.0272e-15  6.1633e-15
    3      7  4.3135e-18  3.0195e-17
    4      8  2.2956e-13  1.8364e-12
    4      9  1.3422e-18  1.2080e-17
    5     10  1.4666e-16  1.4666e-15
    5     11  6.5292e-19  7.1821e-18
    6     12  9.6741e-09  1.1609e-07
    6     13  1.3784e-13  1.7919e-12
    7     14  4.7904e-09  6.7065e-08
    7     15  7.3548e-09  1.1032e-07
    8     16  5.0422e-10  8.0676e-09
    8     17  1.4775e-11  2.5117e-10
    8     18  9.3671e-09  1.6861e-07
    9     19  9.5291e-09  1.8105e-07
   10     20  3.7905e-10  7.5809e-09
   10     21  2.0464e-08  4.2974e-07
   10     22  5.9225e-09  1.3029e-07
   11     23  1.3797e-08  3.1733e-07
   12     24  7.1479e-09  1.7155e-07
   12     25  2.2284e-08  5.5709e-07
   12     26  2.8072e-07  7.2987e-06
   13     26  4.4699e-14  1.1622e-12
   13     27  3.3394e-09  9.0163e-08
   14     28  6.7886e-09  1.9008e-07
   14     29  6.3310e-08  1.8360e-06
   14     30  3.5950e-08  1.0785e-06
   15     31  1.1004e-08  3.4111e-07
   16     32  5.7644e-08  1.8446e-06
   16     33  7.7673e-07  2.5632e-05
   16     34  6.0413e-07  2.0540e-05
   16     36  4.5899e-08  1.6524e-06
   17     35  1.7770e-08  6.2194e-07
   17     37  2.8332e-07  1.0483e-05
   18     36  1.4747e-17  5.3088e-16
   18     38  3.9223e-07  1.4905e-05
   18     40  7.1364e-07  2.8546e-05
   19     39  4.7547e-07  1.8543e-05
   19     41  1.0848e-07  4.4478e-06
   20     42  1.1776e-06  4.9458e-05
   20     43  2.7152e-07  1.1675e-05
   20     44  2.8729e-07  1.2641e-05
   20     46  2.0091e-06  9.2420e-05
   21     45  1.1927e-06  5.3673e-05
   22     46  8.9505e-20  4.1172e-18
   22     47  9.7733e-07  4.5934e-05
   22     48  1.8587e-07  8.9218e-06
   22     49  8.0772e-07  3.9578e-05
   22     50  1.1655e-06  5.8277e-05
   23     51  1.9384e-07  9.8857e-06
   24     52  8.5992e-08  4.4716e-06
   24     53  1.8437e-06  9.7716e-05
   24     54  7.2896e-06  3.9364e-04
   25     55  5.6780e-07  3.1229e-05
   26     56  1.4586e-06  8.1684e-05
   26     57  2.7963e-07  1.5939e-05
   26     58  9.9814e-10  5.7892e-08
   27     59  5.5553e-10  3.2776e-08
   28     60  2.6603e-09  1.5962e-07
   28     61  1.8390e-08  1.1218e-06
   28     62  2.8851e-07  1.7888e-05
   28     64  9.7435e-08  6.2359e-06
   29     63  1.7641e-06  1.1114e-04
   29     65  8.6014e-08  5.5909e-06
   30     64  8.5120e-20  5.4477e-18
   30     66  5.4300e-07  3.5838e-05
   30     67  2.8314e-07  1.8971e-05
   30     68  1.4947e-07  1.0164e-05
   30     70  7.5380e-07  5.2766e-05
   31     69  3.0225e-07  2.0855e-05
   31     71  1.6565e-07  1.1761e-05
   32     70  1.6722e-15  1.1705e-13
   32     72  4.7776e-07  3.4398e-05
   32     73  4.3257e-07  3.1578e-05
   32     74  1.3010e-06  9.6271e-05
   32     76  8.9574e-06  6.8076e-04
   33     75  6.1041e-06  4.5780e-04
   34     76  2.7959e-13  2.1249e-11
   34     77  2.3769e-05  1.8302e-03
   34     78  2.6026e-05  2.0300e-03
   34     80  2.4475e-05  1.9580e-03
   34     82  1.5645e-05  1.2829e-03
   35     79  6.4278e-06  5.0780e-04
   35     81  1.4878e-05  1.2051e-03
   36     82  5.9950e-13  4.9159e-11
   36     83  4.8302e-06  4.0090e-04
   36     84  2.0839e-05  1.7505e-03
   36     86  2.4468e-06  2.1042e-04
   37     85  9.0951e-06  7.7309e-04
   37     87  6.4147e-06  5.5808e-04
   38     86  9.6095e-20  8.2642e-18
   38     87  4.6970e-08  4.0864e-06
   38     88  1.9749e-05  1.7379e-03
   39     89  6.2853e-06  5.5939e-04
   40     90  2.2170e-06  1.9953e-04
   40     91  2.5311e-07  2.3033e-05
   40     92  2.9814e-07  2.7429e-05
   40     94  3.9060e-06  3.6716e-04
   41     93  3.0529e-07  2.8392e-05
   42     95  5.7202e-06  5.4342e-04
   42     96  3.5190e-06  3.3782e-04
   42     97  1.7181e-06  1.6665e-04
   42     98  1.7403e-07  1.7055e-05
   42    100  1.0148e-06  1.0148e-04
   44     99  3.2037e-07  3.1717e-05
   44    100  3.1056e-14  3.1056e-12
   44    101  2.7384e-06  2.7658e-04
   44    102  9.0108e-06  9.1910e-04
   44    104  9.2998e-06  9.6718e-04
   45    103  6.3046e-06  6.4937e-04
   46    104  3.5783e-18  3.7214e-16
   46    105  5.7487e-06  6.0361e-04
   46    106  1.6192e-05  1.7164e-03
   46    108  3.0902e-05  3.3374e-03
   46    110  1.6069e-05  1.7676e-03
   47    107  2.3860e-05  2.5530e-03
   47    109  2.1201e-05  2.3109e-03
   48    110  2.7607e-13  3.0368e-11
   48    111  2.3636e-06  2.6236e-04
   48    112  3.9170e-06  4.3871e-04
   48    113  1.3757e-06  1.5545e-04
   48    114  1.2047e-06  1.3733e-04
   48    116  7.0933e-07  8.2283e-05
   49    113  6.0543e-14  6.8414e-12
   49    115  9.3866e-07  1.0795e-04
   50    115  7.4892e-13  8.6125e-11
   50    116  7.4983e-14  8.6980e-12
   50    117  2.5184e-06  2.9465e-04
   50    118  4.3798e-06  5.1682e-04
   50    119  4.0171e-06  4.7803e-04
   50    120  2.7350e-05  3.2820e-03
   50    122  4.1241e-05  5.0314e-03
   50    124  2.0447e-04  2.5354e-02
   51    121  2.1196e-05  2.5647e-03
   51    123  4.9503e-05  6.0889e-03
   52    122  2.9854e-13  3.6422e-11
   52    124  1.0771e-14  1.3356e-12
   52    125  3.0417e-04  3.8022e-02
   52    126  6.4642e-04  8.1449e-02
   52    128  1.9756e-04  2.5288e-02
   52    130  1.6812e-05  2.1855e-03
   53    127  3.0291e-04  3.8469e-02
   53    129  1.6576e-13  2.1383e-11
   54    128  2.5069e-15  3.2088e-13
   54    129  6.0839e-05  7.8483e-03
   54    130  3.5666e-14  4.6366e-12
   54    131  2.4145e-07  3.1630e-05
   54    132  1.5542e-07  2.0515e-05
   54    134  2.7805e-08  3.7258e-06
   54    136  5.1044e-08  6.9420e-06
   55    133  3.3156e-07  4.4098e-05
   56    134  1.8795e-20  2.5186e-18
   56    135  4.3552e-08  5.8796e-06
   56    136  1.9119e-17  2.6002e-15
   56    137  6.6393e-10  9.0958e-08
   56    138  4.9941e-11  6.8919e-09
   57    139  2.4448e-11  3.3983e-09
   58    140  6.6996e-11  9.3795e-09
   58    142  4.2012e-10  5.9657e-08
   59    141  2.9685e-10  4.1855e-08
   60    143  4.5377e-10  6.4890e-08
   60    144  3.7834e-10  5.4481e-08
   60    145  1.9742e-10  2.8626e-08
   60    146  3.0921e-10  4.5145e-08
   60    148  3.1851e-10  4.7139e-08
   60    150  1.5829e-10  2.3743e-08
   62    147  3.1644e-10  4.6517e-08
   62    148  2.1202e-17  3.1379e-15
   62    149  1.2815e-10  1.9095e-08
   62    150  1.2077e-16  1.8115e-14
   62    152  2.3556e-10  3.5805e-08
   62    154  2.1706e-10  3.3427e-08
   63    151  1.0294e-10  1.5544e-08
   63    153  1.3623e-10  2.0843e-08
   64    154  9.7401e-19  1.5000e-16
   64    155  1.7099e-10  2.6504e-08
   64    156  6.3013e-11  9.8300e-09
   64    157  7.9077e-11  1.2415e-08
   64    158  1.0035e-10  1.5855e-08
   64    160  3.8868e-11  6.2188e-09
   65    159  1.2492e-11  1.9862e-09
   66    160  2.8029e-20  4.4847e-18
   66    161  3.1767e-11  5.1145e-09
   66    162  1.7013e-11  2.7561e-09
   66    163  1.0519e-11  1.7145e-09
   66    164  1.7987e-11  2.9499e-09
   67    165  9.8078e-12  1.6183e-09
   68    166  1.8053e-11  2.9968e-09
   68    167  7.1160e-12  1.1884e-09
   68    168  3.7577e-12  6.3130e-10
   68    170  1.1472e-12  1.9502e-10
   69    169  5.0123e-12  8.4708e-10
   70    171  6.1241e-13  1.0472e-10
   70    172  4.1868e-13  7.2014e-11
   70    173  2.2349e-13  3.8665e-11
   70    174  2.7953e-13  4.8639e-11
   70    176  1.0121e-13  1.7813e-11
   71    175  9.5580e-14  1.6727e-11
   72    177  8.5928e-14  1.5209e-11
   72    178  3.6412e-14  6.4814e-12
   72    179  1.3125e-14  2.3495e-12
   72    180  7.6034e-15  1.3686e-12
   73    181  6.6950e-15  1.2118e-12
   74    182  4.4053e-15  8.0177e-13
   74    183  3.3962e-15  6.2151e-13
   74    184  8.0886e-15  1.4883e-12
   74    186  1.2141e-14  2.2582e-12
   75    185  7.8680e-15  1.4556e-12
   75    187  9.2056e-15  1.7214e-12
   76    187  7.4815e-17  1.3990e-14
   76    188  1.2478e-14  2.3458e-12
   76    189  6.7132e-15  1.2688e-12
   76    190  1.3958e-14  2.6521e-12
   76    192  4.6949e-15  9.0142e-13
   77    191  5.9162e-15  1.1300e-12
   77    193  2.6539e-15  5.1221e-13
   78    194  2.5757e-15  4.9969e-13
   78    195  1.1488e-15  2.2402e-13
   78    196  4.8651e-16  9.5355e-14
   78    198  2.3659e-17  4.6845e-15
   79    197  1.2695e-16  2.5010e-14
   80    199  2.4631e-18  4.9016e-16
   80    200  3.9974e-19  7.9949e-17
   80    201  1.7419e-20  3.5013e-18
    1      1  1.4660e-09  1.4660e-09
    2      4  1.8183e-01  7.2734e-01


