1  2.2465e-09
2  1.3581e-09
3  3.8389e-11
4  2.2385e-01
5  0.0000e+00
6  3.7948e-12
7  5.9545e-11
8  1.6980e-12
9  5.8273e-14
10  1.0271e-11
11  5.9928e-11
12  2.6094e-09
13  3.0815e-10
14  6.6895e-07
15  5.8010e-08
16  7.4590e-09
17  4.2290e-10
18  3.9285e-08
19  4.9089e-08
20  7.8293e-08
21  1.8472e-07
22  4.8321e-09
23  4.8525e-08
24  3.8258e-08
25  4.6659e-08
26  3.4200e-07
27  2.3319e-07
28  6.8239e-07
29  1.0801e-07
30  4.8596e-08
31  6.6623e-08
32  9.6619e-08
33  8.1522e-07
34  6.2661e-07
35  9.3541e-09
36  1.4527e-08
37  6.0607e-08
38  1.3642e-07
39  2.1810e-07
40  4.3465e-07
41  5.0021e-08
42  6.6511e-07
43  3.4588e-07
44  7.1389e-08
45  1.5231e-07
46  9.8771e-08
47  1.2530e-07
48  1.7439e-07
49  3.2458e-07
50  3.7732e-07
51  6.6472e-08
52  1.2862e-07
53  5.8989e-08
54  3.2786e-08
55  5.5850e-08
56  2.0320e-07
57  3.8793e-07
58  8.5394e-09
59  1.3595e-08
60  3.2155e-08
61  5.4679e-08
62  4.0968e-08
63  2.9415e-07
64  8.0973e-08
65  8.8780e-08
66  3.0829e-07
67  2.0470e-07
68  1.2427e-07
69  1.3749e-07
70  6.8461e-07
71  1.4285e-07
72  3.9615e-07
73  2.9166e-07
74  6.4153e-07
75  2.3726e-07
76  6.0939e-08
77  2.2589e-07
78  9.7626e-07
79  1.6803e-06
80  8.0491e-06
81  4.3475e-06
82  3.1183e-06
83  2.9643e-06
84  1.1218e-06
85  8.0190e-07
86  1.9012e-06
87  2.1651e-06
88  1.9198e-06
89  5.7067e-07
90  8.9600e-07
91  3.0727e-07
92  1.3638e-06
93  8.8035e-07
94  2.7195e-06
95  1.9939e-06
96  1.2639e-06
97  1.4673e-06
98  4.5016e-07
99  6.4354e-07
100  8.3454e-07
101  1.0199e-06
102  5.7748e-07
103  6.0763e-07
104  3.9729e-07
105  3.9881e-07
106  6.2701e-07
107  5.3996e-07
108  6.5079e-07
109  1.4784e-06
110  2.6954e-06
111  4.4951e-07
112  1.5659e-06
113  7.0726e-07
114  7.0093e-07
115  6.5915e-07
116  7.2063e-08
117  1.1774e-07
118  7.5550e-08
119  5.0337e-08
120  2.3480e-07
121  1.5048e-07
122  3.2442e-07
123  2.8433e-07
124  2.2166e-06
125  4.5937e-06
126  2.3184e-05
127  3.0498e-05
128  6.2611e-05
129  9.6975e-05
130  7.0632e-05
131  2.4710e-05
132  5.0908e-05
133  4.9582e-05
134  3.1445e-05
135  2.1563e-05
136  3.3923e-05
137  1.9447e-05
138  1.2388e-05
139  1.8107e-05
140  4.5198e-05
141  2.7619e-05
142  8.1701e-06
143  2.3525e-06
144  1.3882e-06
145  9.7171e-07
146  1.7294e-06
147  1.7680e-06
148  2.1992e-06
149  1.4404e-06
150  1.9857e-06
151  1.4835e-06
152  2.5913e-06
153  1.5751e-06
154  2.9134e-06
155  1.8725e-06
156  2.1167e-06
157  2.0938e-06
158  4.2161e-06
159  8.0930e-07
160  2.7541e-06
161  1.8123e-06
162  1.7104e-06
163  1.1800e-06
164  3.1657e-06
165  1.9040e-06
166  4.3094e-06
167  2.2587e-06
168  2.5965e-06
169  4.9206e-06
170  2.3147e-06
171  2.0361e-06
172  2.0291e-06
173  2.0071e-06
174  3.3690e-06
175  1.9501e-06
176  2.4202e-06
177  2.9521e-06
178  1.8025e-06
179  1.0936e-06
180  7.6909e-07
181  5.1061e-07
182  2.5318e-07
183  1.1483e-07
184  2.0848e-07
185  8.6679e-08
186  3.2176e-07
187  2.4721e-07
188  6.2446e-07
189  3.9421e-07
190  9.3971e-07
191  7.0627e-07
192  7.3401e-07
193  4.6063e-07
194  6.6364e-07
195  4.6228e-07
196  4.1960e-07
197  2.4546e-07
198  1.2300e-07
199  2.5449e-08
200  5.8660e-09
201  1.6565e-10
202  2.1138e-11
203  9.1016e-12
204  1.0801e-11
205  6.9496e-12
206  2.7314e-11
207  1.9876e-11
208  2.8064e-11
209  1.7757e-11
210  3.8339e-24
211  3.9081e-25
212  1.2003e-24
213  1.6305e-45
214  2.7234e-15
215  6.6799e-32
216  1.3371e-30
217  0.0000e+00
218  1.7848e-22
219  1.4853e-28
220  5.1271e-28
221  6.5889e-320
222  6.7524e-25
223  1.4543e-23
224  1.1466e-24
225  3.5353e-40
226  1.0332e-19
227  1.0137e-20
228  3.6873e-18
229  1.3187e-29
230  4.8696e-18
231  1.5162e-17
232  1.6140e-12
233  4.6961e-27
234  1.5857e-17
235  3.2678e-13
236  3.0940e-16
237  1.5053e-318
238  2.8847e-13
239  3.5951e-28
240  1.1071e-16
241  0.0000e+00
242  1.9028e-140
243  4.3375e-23
244  8.1036e-16
245  0.0000e+00
246  1.1337e-17
247  6.1916e-23
248  6.7569e-140
249  0.0000e+00
250  0.0000e+00
251  3.9467e-314
252  0.0000e+00
253  0.0000e+00
254  0.0000e+00
255  0.0000e+00
256  0.0000e+00
257  9.1512e-26
258  4.5028e-15
259  9.8990e-26
260  2.0397e-15
261  1.4234e-15
262  1.3234e-15
263  8.6528e-16
264  6.6061e-16
265  4.4457e-16
266  3.8490e-16
267  2.1035e-16
268  1.2539e-16
269  2.0992e-16
270  9.3821e-17
271  5.4816e-17
272  3.2351e-17
273  1.4472e-17
274  9.3208e-18
275  3.5916e-18
276  3.2743e-18
277  6.8586e-19
278  6.9445e-19
279  1.6886e-19
280  4.1027e-20
281  8.3043e-21
282  2.5352e-21
283  9.7236e-23
284  1.0795e-23
285  0.0000e+00
286  0.0000e+00
287  0.0000e+00
288  0.0000e+00
289  0.0000e+00
290  0.0000e+00
291  0.0000e+00
292  0.0000e+00
293  0.0000e+00
294  0.0000e+00
295  0.0000e+00
296  0.0000e+00
297  0.0000e+00
298  0.0000e+00
299  0.0000e+00
300  0.0000e+00
301  0.0000e+00
302  0.0000e+00
303  0.0000e+00
304  0.0000e+00
305  0.0000e+00
306  0.0000e+00
307  0.0000e+00
308  0.0000e+00
309  0.0000e+00
310  0.0000e+00
311  0.0000e+00
312  0.0000e+00
313  0.0000e+00
314  0.0000e+00
315  0.0000e+00
316  0.0000e+00
317  0.0000e+00
318  0.0000e+00
319  0.0000e+00
320  0.0000e+00
321  0.0000e+00
322  0.0000e+00
323  0.0000e+00
324  0.0000e+00
325  0.0000e+00
326  0.0000e+00
327  0.0000e+00
328  0.0000e+00
329  0.0000e+00
330  0.0000e+00
331  0.0000e+00
332  0.0000e+00
333  0.0000e+00
334  0.0000e+00
335  0.0000e+00
336  0.0000e+00
337  0.0000e+00

