1  5.7054e-09
2  2.2108e-01
3  3.7849e-11
4  1.4385e-13
5  4.2569e-11
6  4.7274e-09
7  1.2673e-07
8  3.3676e-08
9  6.6777e-09
10  4.2873e-08
11  1.5903e-08
12  7.7047e-07
13  1.2013e-08
14  5.7358e-08
15  7.1629e-09
16  1.0187e-06
17  1.4174e-07
18  5.6580e-07
19  2.3603e-07
20  1.7606e-06
21  6.3589e-07
22  1.0184e-06
23  2.2124e-07
24  4.7549e-07
25  1.0285e-07
26  3.2230e-06
27  5.8976e-08
28  3.4725e-07
29  1.4094e-06
30  1.7958e-06
31  4.4157e-07
32  2.6230e-06
33  3.8302e-07
34  2.2092e-05
35  1.3864e-05
36  7.1504e-06
37  3.7336e-06
38  2.4463e-06
39  1.6656e-06
40  9.4341e-06
41  1.1220e-06
42  9.2846e-06
43  1.1564e-31
44  9.3818e-06
45  3.5834e-06
46  7.6041e-06
47  3.4364e-06
48  3.7333e-06
49  8.1347e-07
50  2.1390e-05
51  4.9335e-06
52  4.2082e-04
53  1.4191e-04
54  2.0026e-04
55  2.1669e-05
56  7.2275e-06
57  8.9994e-07
58  2.3086e-06
59  1.0013e-06
60  6.8609e-07
61  -2.0537e-315
62  3.9272e-07
63  1.0685e-07
64  3.9338e-07
65  6.9757e-10
66  6.7178e-08
67  1.1935e-08
68  1.1432e-07
69  8.4334e-08
70  6.2408e-08
71  4.0774e-09
72  3.1723e-08
73  2.5161e-09
74  2.7951e-09
75  1.5440e-10
76  7.0688e-10
77  5.0896e-10
78  3.2739e-10
79  2.3762e-11
80  5.1150e-12
81  8.8272e-15
82  1.4703e-17
83  1.5204e-18
84  6.3116e-23
85  1.3461e-28
86  1.3208e-23
87  0.0000e+00
88  3.1020e-24
89  6.0944e-23
90  4.8553e-21
91  2.1208e-24
92  1.3604e-21
93  7.9051e-323
94  7.6129e-25
95  6.4001e-26
96  2.8640e-151
97  0.0000e+00
98  0.0000e+00
99  0.0000e+00
100  0.0000e+00
101  0.0000e+00
102  0.0000e+00
103  0.0000e+00
104  0.0000e+00
105  0.0000e+00
106  0.0000e+00
107  0.0000e+00
108  0.0000e+00
109  0.0000e+00
110  0.0000e+00
111  0.0000e+00
112  0.0000e+00
113  0.0000e+00
114  0.0000e+00
115  0.0000e+00
116  0.0000e+00
117  0.0000e+00
118  0.0000e+00

