1  3.5420e-09
2  2.2606e-01
3  1.0490e-10
4  8.2266e-12
5  9.9788e-11
6  4.6145e-09
7  1.1831e-06
8  5.9634e-08
9  1.2543e-07
10  4.9426e-07
11  1.6708e-07
12  2.1123e-07
13  3.2407e-07
14  1.1522e-06
15  9.3629e-08
16  2.1271e-06
17  7.9075e-08
18  7.0955e-07
19  3.4876e-07
20  1.3847e-06
21  1.2996e-07
22  1.0592e-06
23  4.8818e-08
24  2.6082e-07
25  9.5402e-08
26  5.9909e-07
27  2.0678e-08
28  3.9940e-07
29  4.3347e-07
30  1.5081e-06
31  4.0130e-07
32  1.1017e-06
33  1.1554e-07
34  9.3709e-06
35  5.7092e-06
36  4.0146e-06
37  2.0296e-06
38  1.1869e-06
39  3.8192e-07
40  4.8259e-06
41  7.8981e-07
42  4.3488e-06
43  4.0763e-32
44  2.3824e-06
45  5.7486e-07
46  3.6598e-06
47  1.7097e-06
48  1.8636e-06
49  2.1816e-07
50  5.0647e-06
51  9.9740e-07
52  8.7864e-05
53  2.1840e-05
54  8.0286e-05
55  1.0873e-05
56  3.1928e-05
57  1.9465e-05
58  5.5289e-05
59  2.4817e-05
60  1.8009e-05
61  9.9744e-290
62  1.9002e-05
63  8.8883e-06
64  4.5024e-05
65  5.7317e-06
66  3.4326e-05
67  7.8253e-06
68  4.3381e-05
69  1.1720e-05
70  3.1433e-05
71  5.0325e-06
72  9.5360e-06
73  1.1788e-06
74  1.0687e-05
75  4.4891e-06
76  1.3855e-05
77  3.5219e-06
78  3.6992e-06
79  1.6363e-07
80  4.2219e-09
81  3.8479e-10
82  2.3357e-09
83  6.2149e-10
84  1.5914e-21
85  -2.4703e-323
86  4.3939e-23
87  1.4969e-26
88  1.3996e-16
89  5.6447e-19
90  5.8322e-11
91  8.4626e-16
92  3.7043e-11
93  1.2787e-25
94  8.6958e-14
95  6.4368e-24
96  1.3606e-20
97  1.6989e-15
98  5.2070e-314
99  -1.0919e-321
100  1.7756e-12
101  -4.8914e-313
102  9.6906e-13
103  1.4653e-13
104  1.8563e-13
105  1.0508e-13
106  6.9803e-15
107  1.4807e-16
108  1.9571e-17
109  0.0000e+00
110  0.0000e+00
111  0.0000e+00
112  0.0000e+00
113  0.0000e+00
114  0.0000e+00
115  0.0000e+00
116  0.0000e+00
117  0.0000e+00
118  0.0000e+00

