    1      2  1.0129e-03  2.0259e-03
    1      3  3.4284e-20  1.0285e-19
    2      3  1.7516e-05  5.2547e-05
    3      7  6.0841e-11  4.2589e-10
    4      8  1.6858e-07  1.3486e-06
    4      9  6.7372e-11  6.0635e-10
    5     10  1.2234e-09  1.2234e-08
    5     11  2.7947e-09  3.0742e-08
    6     12  2.2240e-09  2.6689e-08
    6     13  4.7188e-09  6.1344e-08
    7     14  5.4197e-07  7.5876e-06
    7     15  4.7892e-07  7.1839e-06
    8     16  1.2456e-06  1.9929e-05
    8     17  1.1641e-08  1.9789e-07
    8     18  3.8303e-07  6.8946e-06
    9     19  2.8140e-08  5.3466e-07
   10     20  7.3370e-07  1.4674e-05
   10     21  2.4579e-08  5.1616e-07
   10     22  9.3506e-07  2.0571e-05
   11     23  4.1262e-07  9.4903e-06
   12     24  1.4339e-06  3.4413e-05
   12     25  4.6205e-07  1.1551e-05
   12     26  6.8687e-07  1.7859e-05
   13     27  6.8268e-09  1.8432e-07
   14     28  2.3701e-07  6.6363e-06
   14     29  2.1767e-08  6.3124e-07
   14     30  4.1111e-09  1.2333e-07
   15     31  7.1458e-09  2.2152e-07
   16     32  1.0471e-07  3.3506e-06
   16     33  9.4613e-09  3.1222e-07
   16     34  9.1900e-08  3.1246e-06
   16     36  3.2073e-07  1.1546e-05
   17     35  8.6402e-09  3.0241e-07
   17     37  1.8441e-08  6.8233e-07
   18     36  3.9847e-14  1.4345e-12
   18     38  9.3800e-08  3.5644e-06
   18     40  4.5697e-10  1.8279e-08
   19     39  2.6321e-09  1.0265e-07
   19     40  5.3262e-19  2.1305e-17
   19     41  4.2390e-11  1.7380e-09
   20     40  1.5296e-19  6.1183e-18
   20     42  3.8992e-10  1.6377e-08
   20     43  5.9023e-11  2.5380e-09
   20     44  7.6130e-10  3.3497e-08
   20     46  4.3785e-10  2.0141e-08
   21     45  1.4898e-10  6.7043e-09
   22     46  1.9175e-17  8.8203e-16
   22     47  1.2849e-10  6.0390e-09
   22     48  8.1105e-09  3.8931e-07
   22     49  2.3250e-10  1.1392e-08
   22     50  2.8772e-10  1.4386e-08
   23     51  5.3275e-11  2.7170e-09
   24     52  9.0245e-11  4.6928e-09
   24     53  4.7466e-11  2.5157e-09
   24     54  6.7866e-11  3.6648e-09
   25     55  1.7056e-11  9.3808e-10
   26     56  3.1647e-11  1.7722e-09
   26     57  3.2906e-11  1.8756e-09
   26     58  2.2277e-10  1.2921e-08
   27     59  2.3506e-12  1.3868e-10
   28     60  7.6693e-10  4.6016e-08
   28     61  2.1546e-12  1.3143e-10
   28     62  1.6404e-11  1.0170e-09
   28     64  4.6899e-10  3.0015e-08
   29     63  4.5129e-11  2.8431e-09
   29     65  2.3928e-12  1.5553e-10
   30     64  7.8826e-20  5.0449e-18
   30     66  2.4804e-11  1.6370e-09
   30     67  3.2007e-12  2.1445e-10
   30     68  3.2083e-11  2.1817e-09
   30     70  4.6950e-11  3.2865e-09
   31     69  3.4176e-12  2.3582e-10
   31     71  5.7300e-12  4.0683e-10
   32     70  2.8339e-14  1.9837e-12
   32     72  3.2659e-11  2.3514e-09
   32     73  9.0390e-12  6.5985e-10
   32     74  8.2072e-11  6.0733e-09
   32     76  1.3298e-10  1.0107e-08
   33     75  2.5240e-11  1.8930e-09
   34     76  2.0909e-13  1.5891e-11
   34     77  4.1149e-12  3.1685e-10
   34     78  1.0757e-10  8.3905e-09
   34     80  3.4675e-10  2.7740e-08
   34     82  3.2509e-10  2.6657e-08
   35     79  3.4907e-11  2.7576e-09
   35     81  3.6847e-11  2.9846e-09
   36     82  1.1403e-12  9.3504e-11
   36     83  9.8107e-12  8.1429e-10
   36     84  4.4428e-11  3.7320e-09
   36     86  2.0127e-10  1.7310e-08
   37     85  5.4347e-11  4.6195e-09
   37     87  6.9463e-11  6.0433e-09
   38     86  3.6610e-18  3.1485e-16
   38     87  5.0853e-13  4.4242e-11
   38     88  7.2203e-11  6.3539e-09
   39     89  6.5941e-11  5.8687e-09
   40     90  5.4108e-11  4.8697e-09
   40     91  1.6221e-11  1.4761e-09
   40     92  3.6294e-11  3.3391e-09
   40     94  4.9172e-11  4.6222e-09
   41     93  4.2853e-11  3.9853e-09
   42     95  1.8039e-11  1.7137e-09
   42     96  1.3451e-10  1.2913e-08
   42     97  2.0999e-11  2.0369e-09
   42     98  4.5057e-11  4.4156e-09
   42    100  3.8108e-11  3.8108e-09
   44     99  1.2856e-11  1.2727e-09
   44    100  3.7571e-12  3.7571e-10
   44    101  5.7147e-12  5.7718e-10
   44    102  1.5162e-11  1.5465e-09
   44    104  1.3359e-11  1.3893e-09
   45    103  6.1101e-12  6.2934e-10
   46    104  8.0149e-17  8.3355e-15
   46    105  7.1140e-12  7.4697e-10
   46    106  1.3399e-11  1.4203e-09
   46    108  1.8438e-11  1.9913e-09
   46    110  2.7352e-11  3.0087e-09
   47    107  5.3091e-12  5.6807e-10
   47    109  4.7933e-12  5.2247e-10
   48    110  2.7277e-14  3.0005e-12
   48    111  4.4554e-12  4.9455e-10
   48    112  1.0437e-11  1.1689e-09
   48    113  7.4538e-12  8.4228e-10
   48    114  2.5302e-11  2.8844e-09
   48    116  1.9583e-11  2.2716e-09
   49    113  3.2805e-19  3.7069e-17
   49    115  1.5605e-11  1.7946e-09
   50    115  1.2451e-17  1.4319e-15
   50    116  3.7359e-13  4.3337e-11
   50    117  2.9452e-12  3.4458e-10
   50    118  1.9534e-11  2.3050e-09
   50    119  7.4384e-12  8.8517e-10
   50    120  3.8255e-11  4.5906e-09
   50    122  6.6969e-11  8.1702e-09
   50    124  6.3955e-11  7.9304e-09
   51    121  1.0552e-11  1.2768e-09
   51    123  2.2836e-12  2.8089e-10
   52    122  1.6122e-14  1.9669e-12
   52    124  2.0631e-15  2.5583e-13
   52    125  2.0218e-11  2.5273e-09
   52    126  1.3072e-10  1.6471e-08
   52    128  9.8617e-11  1.2623e-08
   52    130  1.8204e-10  2.3666e-08
   53    127  6.6227e-12  8.4108e-10
   53    129  1.8594e-17  2.3986e-15
   54    128  8.4079e-16  1.0762e-13
   54    129  3.8479e-11  4.9638e-09
   54    130  1.2755e-13  1.6581e-11
   54    131  4.8245e-10  6.3202e-08
   54    132  1.9075e-09  2.5179e-07
   54    134  4.9319e-09  6.6087e-07
   54    136  1.2268e-09  1.6685e-07
   55    133  2.1130e-09  2.8102e-07
   56    134  4.3522e-14  5.8319e-12
   56    135  2.0954e-09  2.8288e-07
   56    136  2.3265e-12  3.1640e-10
   56    137  3.9939e-11  5.4717e-09
   56    138  9.6475e-11  1.3314e-08
   57    139  8.5984e-11  1.1952e-08
   58    140  1.9804e-10  2.7726e-08
   58    142  7.5110e-12  1.0666e-09
   59    141  1.4052e-11  1.9814e-09
   60    142  5.6389e-17  8.0072e-15
   60    143  1.1228e-11  1.6056e-09
   60    144  3.0955e-11  4.4575e-09
   60    145  2.9090e-12  4.2181e-10
   60    146  7.2884e-12  1.0641e-09
   60    148  1.2490e-11  1.8485e-09
   60    150  1.5693e-11  2.3539e-09
   62    147  8.8677e-12  1.3035e-09
   62    148  4.2484e-13  6.2877e-11
   62    149  7.9297e-13  1.1815e-10
   62    150  7.6391e-14  1.1459e-11
   62    152  3.7050e-12  5.6315e-10
   62    154  3.3266e-12  5.1229e-10
   63    151  9.3249e-13  1.4081e-10
   63    153  1.8988e-12  2.9052e-10
   64    154  1.5992e-15  2.4627e-13
   64    155  4.6925e-13  7.2734e-11
   64    156  1.5491e-12  2.4165e-10
   64    157  3.9129e-13  6.1433e-11
   64    158  6.8734e-13  1.0860e-10
   64    160  1.7868e-12  2.8589e-10
   65    159  1.5143e-13  2.4077e-11
   66    160  3.6961e-17  5.9138e-15
   66    161  1.1464e-13  1.8457e-11
   66    162  3.3334e-13  5.4001e-11
   66    163  1.3612e-13  2.2188e-11
   66    164  2.9843e-13  4.8943e-11
   67    165  2.9921e-13  4.9369e-11
   68    166  4.8872e-13  8.1128e-11
   68    167  3.2405e-13  5.4116e-11
   68    168  3.1303e-13  5.2589e-11
   68    170  4.3900e-13  7.4630e-11
   69    169  9.2586e-13  1.5647e-10
   70    170  1.2022e-16  2.0437e-14
   70    171  3.1578e-13  5.3998e-11
   70    172  1.4822e-13  2.5494e-11
   70    173  1.0216e-13  1.7673e-11
   70    174  7.8664e-13  1.3688e-10
   70    176  4.3600e-13  7.6735e-11
   71    175  2.0645e-13  3.6129e-11
   71    176  2.5871e-17  4.5532e-15
   72    176  2.4216e-19  4.2620e-17
   72    177  2.4493e-13  4.3352e-11
   72    178  2.1682e-13  3.8594e-11
   72    179  1.9980e-13  3.5765e-11
   72    180  3.3724e-13  6.0704e-11
   73    181  2.0462e-12  3.7036e-10
   74    182  1.2005e-12  2.1848e-10
   74    183  1.6876e-13  3.0883e-11
   74    184  7.0997e-14  1.3063e-11
   74    186  6.2248e-14  1.1578e-11
   75    185  4.0437e-14  7.4809e-12
   75    187  1.3139e-13  2.4571e-11
   76    186  9.4382e-20  1.7555e-17
   76    187  1.0676e-15  1.9965e-13
   76    188  5.7491e-14  1.0808e-11
   76    189  2.7622e-13  5.2206e-11
   76    190  2.2456e-13  4.2667e-11
   76    192  2.6034e-12  4.9985e-10
   77    191  5.0335e-13  9.6140e-11
   77    193  2.2620e-13  4.3656e-11
   78    192  1.5224e-17  2.9230e-15
   78    194  7.5186e-13  1.4586e-10
   78    195  5.2091e-13  1.0158e-10
   78    196  5.4587e-13  1.0699e-10
   78    198  2.4046e-12  4.7611e-10
   79    197  1.0028e-12  1.9756e-10
   80    198  2.3409e-16  4.6351e-14
   80    199  1.7492e-13  3.4809e-11
   80    200  4.5566e-13  9.1131e-11
   80    201  3.2848e-13  6.6025e-11
   80    202  5.8489e-13  1.1815e-10
   80    204  2.1506e-12  4.3873e-10
   81    203  7.5148e-13  1.5255e-10
   81    205  2.0244e-12  4.1500e-10
   82    204  3.6802e-19  7.5076e-17
   82    206  5.1797e-12  1.0670e-09
   82    208  9.9252e-12  2.0644e-09
   84    215  2.6913e-13  5.7862e-11
   84    216  1.3103e-14  2.8303e-12
   84    218  5.3050e-15  1.1565e-12
   88    226  2.1094e-19  4.7671e-17
   88    228  5.2371e-18  1.1941e-15
   89    227  7.1025e-20  1.6123e-17
   90    230  9.9413e-18  2.2865e-15
   90    232  2.2925e-12  5.3185e-10
   91    231  1.0648e-16  2.4597e-14
   92    234  3.2371e-17  7.5749e-15
   92    235  2.2950e-12  5.3932e-10
   92    236  1.3145e-14  3.1022e-12
   92    238  5.8891e-13  1.4016e-10
   94    240  2.6020e-18  6.2448e-16
   94    244  3.1672e-14  7.7280e-12
   96    247  1.4877e-18  3.6747e-16
   97    246  1.3424e-16  3.3024e-14
  100    258  3.3981e-12  8.7672e-10
  100    260  4.5090e-11  1.1723e-08
  100    262  2.2582e-10  5.9165e-08
  102    260  8.5939e-20  2.2344e-17
  102    261  7.9635e-11  2.0785e-08
  102    263  8.2929e-11  2.1810e-08
  102    264  6.6194e-11  1.7475e-08
  102    266  4.5507e-12  1.2105e-09
  103    265  6.6180e-11  1.7538e-08
  104    267  4.2436e-13  1.1331e-10
  104    268  5.6184e-13  1.5057e-10
  104    270  4.1979e-13  1.1334e-10
  104    272  3.7790e-13  1.0279e-10
  104    274  2.1659e-13  5.9345e-11
  105    269  1.5757e-12  4.2386e-10
  105    271  2.3304e-13  6.3154e-11
  106    273  2.9536e-13  8.0633e-11
  106    275  1.3012e-12  3.5782e-10
  106    276  4.7094e-12  1.2998e-09
  106    278  1.8186e-12  5.0558e-10
  106    280  3.1774e-11  8.8967e-09
  107    277  1.3158e-12  3.6447e-10
  108    279  1.8417e-11  5.1383e-09
  108    281  1.6745e-11  4.7055e-09
  108    282  4.5346e-10  1.2788e-07
  108    283  2.7833e-10  7.8767e-08
  108    284  5.7599e-09  1.6358e-06
  108    286  6.2551e-09  1.7890e-06
  110    285  1.5192e-08  4.3297e-06
  110    286  4.0667e-20  1.1631e-17
  110    287  9.6706e-09  2.7755e-06
  110    288  3.9991e-09  1.1517e-06
  110    290  3.8705e-09  1.1224e-06
  111    289  2.0483e-09  5.9195e-07
  111    290  1.1251e-16  3.2627e-14
  111    291  3.0098e-10  8.7586e-08
  111    292  4.9216e-09  1.4371e-06
  111    293  4.6920e-10  1.3748e-07
  111    294  5.3825e-10  1.5824e-07
  111    295  1.0702e-10  3.1572e-08
  111    296  3.7610e-11  1.1132e-08
  111    297  4.3388e-12  1.2886e-09
  111    298  4.5703e-12  1.3619e-09
  111    299  3.3703e-16  1.0077e-13
  111    300  3.0310e-14  9.0930e-12
  111    301  1.6918e-13  5.0922e-11
  111    302  5.0521e-13  1.5257e-10
  111    303  6.1922e-14  1.8762e-11
  111    304  1.0324e-13  3.1385e-11
  111    305  3.4458e-15  1.0510e-12
  111    306  1.6712e-14  5.1139e-12
  111    307  3.7000e-16  1.1359e-13
  111    308  3.0698e-16  9.4549e-14
  111    309  2.2454e-17  6.9384e-15
  111    310  1.5635e-17  4.8469e-15
  111    311  5.7839e-18  1.7988e-15
  111    312  3.1505e-18  9.8297e-16
  111    313  7.9416e-19  2.4857e-16
  111    314  5.9263e-18  1.8609e-15
  111    315  5.9177e-19  1.8641e-16
  111    316  6.3350e-19  2.0019e-16
  111    317  1.5943e-19  5.0539e-17
  111    318  3.1418e-14  9.9909e-12
  111    319  3.4338e-16  1.0954e-13
  111    320  4.2182e-15  1.3498e-12
  111    321  2.7281e-17  8.7573e-15
  111    322  3.4027e-16  1.0957e-13
  111    323  5.4949e-17  1.7749e-14
  111    324  6.4091e-17  2.0766e-14
  111    325  2.3962e-17  7.7877e-15
  111    326  1.0929e-17  3.5630e-15
  111    327  7.0493e-17  2.3051e-14
  111    328  2.2687e-17  7.4415e-15
  111    329  1.7028e-14  5.6023e-12
  111    330  2.5670e-15  8.4711e-13
  111    331  1.0288e-13  3.4054e-11
  111    332  1.0655e-14  3.5373e-12
  111    333  8.4313e-13  2.8076e-10
  111    334  5.8605e-14  1.9574e-11
  111    335  2.5281e-12  8.4692e-10
  111    336  9.5661e-14  3.2142e-11
  111    337  8.4444e-05  2.8458e-02
    1      1  2.3517e-02  2.3517e-02
    2      4  2.3642e-01  9.4567e-01


