    1      2  4.5119e-04  9.0238e-04
    1      3  1.3121e-20  3.9363e-20
    2      3  6.7035e-06  2.0111e-05
    3      7  1.0705e-10  7.4937e-10
    4      8  1.0906e-07  8.7244e-07
    4      9  1.7906e-10  1.6115e-09
    5     10  2.3066e-09  2.3066e-08
    5     11  4.5080e-09  4.9588e-08
    6     12  3.1655e-09  3.7986e-08
    6     13  5.9997e-09  7.7996e-08
    7     14  6.5455e-07  9.1638e-06
    7     15  5.8169e-07  8.7254e-06
    8     16  1.7451e-06  2.7921e-05
    8     17  1.9193e-08  3.2628e-07
    8     18  5.0987e-07  9.1776e-06
    9     19  2.8255e-08  5.3685e-07
   10     20  8.6864e-07  1.7373e-05
   10     21  3.4179e-08  7.1776e-07
   10     22  1.0462e-06  2.3016e-05
   11     23  4.6738e-07  1.0750e-05
   12     24  1.0540e-06  2.5296e-05
   12     25  3.8395e-07  9.5987e-06
   12     26  5.0419e-07  1.3109e-05
   13     27  5.5457e-09  1.4973e-07
   14     28  1.9493e-07  5.4582e-06
   14     29  1.6383e-08  4.7511e-07
   14     30  3.0947e-09  9.2841e-08
   15     31  5.6995e-09  1.7669e-07
   16     32  8.4281e-08  2.6970e-06
   16     33  7.4496e-09  2.4584e-07
   16     34  7.4475e-08  2.5321e-06
   16     36  2.1928e-07  7.8940e-06
   17     35  1.0032e-08  3.5113e-07
   17     37  1.2230e-08  4.5251e-07
   18     36  3.7692e-14  1.3569e-12
   18     38  5.7148e-08  2.1716e-06
   18     40  2.3746e-10  9.4982e-09
   19     39  1.5041e-09  5.8661e-08
   19     40  2.4303e-19  9.7211e-18
   19     41  2.6573e-11  1.0895e-09
   20     40  6.9814e-20  2.7926e-18
   20     42  2.3903e-10  1.0039e-08
   20     43  3.6978e-11  1.5901e-09
   20     44  4.7385e-10  2.0850e-08
   20     46  2.5425e-10  1.1696e-08
   21     45  8.7768e-11  3.9495e-09
   22     46  9.5095e-18  4.3744e-16
   22     47  1.0110e-10  4.7517e-09
   22     48  4.4324e-09  2.1276e-07
   22     49  1.4753e-10  7.2290e-09
   22     50  1.6569e-10  8.2846e-09
   23     51  3.4324e-11  1.7505e-09
   24     52  5.9218e-11  3.0794e-09
   24     53  3.0305e-11  1.6062e-09
   24     54  3.9826e-11  2.1506e-09
   25     55  1.0336e-11  5.6850e-10
   26     56  2.1898e-11  1.2263e-09
   26     57  1.9888e-11  1.1336e-09
   26     58  1.2576e-10  7.2943e-09
   27     59  1.4321e-12  8.4496e-11
   28     60  4.1379e-10  2.4827e-08
   28     61  1.1917e-12  7.2695e-11
   28     62  9.8411e-12  6.1015e-10
   28     64  2.4183e-10  1.5477e-08
   29     63  2.4292e-11  1.5304e-09
   29     65  1.2828e-12  8.3380e-11
   30     64  3.7858e-20  2.4229e-18
   30     66  1.4474e-11  9.5527e-10
   30     67  1.8569e-12  1.2441e-10
   30     68  2.0261e-11  1.3777e-09
   30     70  2.7825e-11  1.9478e-09
   31     69  2.4616e-12  1.6985e-10
   31     71  3.7499e-12  2.6624e-10
   32     70  1.7527e-14  1.2269e-12
   32     72  2.3708e-11  1.7070e-09
   32     73  6.5198e-12  4.7595e-10
   32     74  5.6785e-11  4.2021e-09
   32     76  7.8630e-11  5.9759e-09
   33     75  1.6732e-11  1.2549e-09
   34     76  1.2327e-13  9.3683e-12
   34     77  2.8026e-12  2.1580e-10
   34     78  7.2756e-11  5.6750e-09
   34     80  2.0147e-10  1.6118e-08
   34     82  1.6502e-10  1.3531e-08
   35     79  2.3341e-11  1.8439e-09
   35     81  2.1522e-11  1.7432e-09
   36     82  5.9366e-13  4.8681e-11
   36     83  5.8760e-12  4.8771e-10
   36     84  2.3219e-11  1.9504e-09
   36     86  9.8918e-11  8.5070e-09
   37     85  3.2708e-11  2.7802e-09
   37     87  3.6094e-11  3.1402e-09
   38     86  1.7627e-18  1.5159e-16
   38     87  2.6424e-13  2.2989e-11
   38     88  3.7845e-11  3.3304e-09
   39     89  2.9727e-11  2.6457e-09
   40     90  2.4955e-11  2.2459e-09
   40     91  7.4531e-12  6.7824e-10
   40     92  1.7591e-11  1.6184e-09
   40     94  2.0281e-11  1.9064e-09
   41     93  1.8726e-11  1.7415e-09
   42     95  8.2179e-12  7.8070e-10
   42     96  6.1690e-11  5.9222e-09
   42     97  1.0226e-11  9.9195e-10
   42     98  2.1580e-11  2.1148e-09
   42    100  1.7698e-11  1.7698e-09
   44     99  6.0587e-12  5.9981e-10
   44    100  1.5424e-12  1.5424e-10
   44    101  2.6389e-12  2.6652e-10
   44    102  7.1596e-12  7.3028e-10
   44    104  6.5848e-12  6.8482e-10
   45    103  2.8563e-12  2.9420e-10
   46    104  3.0064e-17  3.1267e-15
   46    105  3.4274e-12  3.5988e-10
   46    106  6.3443e-12  6.7250e-10
   46    108  8.8935e-12  9.6050e-10
   46    110  1.2840e-11  1.4124e-09
   47    107  2.4869e-12  2.6610e-10
   47    109  2.3219e-12  2.5309e-10
   48    110  1.1607e-14  1.2768e-12
   48    111  2.0869e-12  2.3165e-10
   48    112  5.2459e-12  5.8754e-10
   48    113  3.4966e-12  3.9511e-10
   48    114  1.2094e-11  1.3787e-09
   48    116  8.6066e-12  9.9836e-10
   49    113  1.5389e-19  1.7389e-17
   49    115  7.2358e-12  8.3212e-10
   50    115  5.7732e-18  6.6391e-16
   50    116  1.5089e-13  1.7503e-11
   50    117  1.5035e-12  1.7591e-10
   50    118  9.9090e-12  1.1693e-09
   50    119  3.5654e-12  4.2429e-10
   50    120  1.7258e-11  2.0709e-09
   50    122  2.8554e-11  3.4835e-09
   50    124  2.7114e-11  3.3621e-09
   51    121  4.7258e-12  5.7183e-10
   51    123  9.9132e-13  1.2193e-10
   52    122  6.4921e-15  7.9204e-13
   52    124  7.7801e-16  9.6473e-14
   52    125  8.7845e-12  1.0981e-09
   52    126  5.4176e-11  6.8262e-09
   52    128  4.7542e-11  6.0854e-09
   52    130  1.2555e-10  1.6321e-08
   53    127  2.9420e-12  3.7364e-10
   53    129  9.0383e-18  1.1659e-15
   54    128  3.1442e-16  4.0246e-14
   54    129  2.0448e-11  2.6378e-09
   54    130  5.9576e-14  7.7448e-12
   54    131  3.2735e-10  4.2883e-08
   54    132  1.2069e-09  1.5931e-07
   54    134  2.4996e-09  3.3495e-07
   54    136  4.9202e-10  6.6915e-08
   55    133  1.4266e-09  1.8974e-07
   56    134  2.2971e-14  3.0781e-12
   56    135  9.8260e-10  1.3265e-07
   56    136  9.2315e-13  1.2555e-10
   56    137  1.6452e-11  2.2539e-09
   56    138  4.7760e-11  6.5909e-09
   57    139  3.9001e-11  5.4211e-09
   58    140  7.9030e-11  1.1064e-08
   58    142  2.8447e-12  4.0394e-10
   59    141  5.2724e-12  7.4340e-10
   60    142  1.7814e-17  2.5295e-15
   60    143  4.2769e-12  6.1160e-10
   60    144  1.2385e-11  1.7835e-09
   60    145  1.1341e-12  1.6445e-10
   60    146  3.0553e-12  4.4608e-10
   60    148  4.5404e-12  6.7198e-10
   60    150  5.9952e-12  8.9929e-10
   62    147  3.4157e-12  5.0210e-10
   62    148  1.4856e-13  2.1987e-11
   62    149  2.9887e-13  4.4532e-11
   62    150  2.6044e-14  3.9066e-12
   62    152  1.4528e-12  2.2082e-10
   62    154  1.1876e-12  1.8289e-10
   63    151  3.5455e-13  5.3538e-11
   63    153  7.1653e-13  1.0963e-10
   64    154  5.5101e-16  8.4856e-14
   64    155  1.7945e-13  2.7814e-11
   64    156  6.0823e-13  9.4883e-11
   64    157  1.5574e-13  2.4452e-11
   64    158  2.6913e-13  4.2522e-11
   64    160  6.2546e-13  1.0007e-10
   65    159  5.9181e-14  9.4097e-12
   66    160  1.2596e-17  2.0153e-15
   66    161  4.5024e-14  7.2489e-12
   66    162  1.2405e-13  2.0097e-11
   66    163  5.2876e-14  8.6188e-12
   66    164  1.0771e-13  1.7665e-11
   67    165  1.1657e-13  1.9235e-11
   68    166  1.7291e-13  2.8703e-11
   68    167  1.1791e-13  1.9691e-11
   68    168  1.0866e-13  1.8254e-11
   68    170  1.4296e-13  2.4303e-11
   69    169  3.2920e-13  5.5634e-11
   70    170  3.8144e-17  6.4844e-15
   70    171  1.1821e-13  2.0214e-11
   70    172  5.5863e-14  9.6085e-12
   70    173  3.7634e-14  6.5107e-12
   70    174  2.7159e-13  4.7257e-11
   70    176  1.3907e-13  2.4477e-11
   71    175  7.0541e-14  1.2345e-11
   71    176  7.1482e-18  1.2581e-15
   72    176  6.6910e-20  1.1776e-17
   72    177  9.0847e-14  1.6080e-11
   72    178  7.6873e-14  1.3683e-11
   72    179  6.8588e-14  1.2277e-11
   72    180  1.0929e-13  1.9671e-11
   73    181  6.4660e-13  1.1704e-10
   74    182  3.5592e-13  6.4778e-11
   74    183  6.2095e-14  1.1363e-11
   74    184  2.5480e-14  4.6883e-12
   74    186  2.0819e-14  3.8723e-12
   75    185  1.4228e-14  2.6322e-12
   75    187  4.6681e-14  8.7293e-12
   76    186  2.7250e-20  5.0686e-18
   76    187  3.7931e-16  7.0930e-14
   76    188  2.0427e-14  3.8403e-12
   76    189  1.0095e-13  1.9080e-11
   76    190  7.6404e-14  1.4517e-11
   76    192  8.4254e-13  1.6177e-10
   77    191  1.8903e-13  3.6105e-11
   77    193  7.3175e-14  1.4123e-11
   78    192  4.9405e-18  9.4857e-16
   78    194  2.3988e-13  4.6537e-11
   78    195  1.8920e-13  3.6893e-11
   78    196  1.8509e-13  3.6278e-11
   78    198  7.7518e-13  1.5348e-10
   79    197  3.7299e-13  7.3479e-11
   80    198  7.1903e-17  1.4237e-14
   80    199  5.6721e-14  1.1288e-11
   80    200  1.4538e-13  2.9076e-11
   80    201  1.1492e-13  2.3099e-11
   80    202  1.8924e-13  3.8227e-11
   80    204  7.0725e-13  1.4428e-10
   81    203  2.7548e-13  5.5922e-11
   81    205  6.7270e-13  1.3790e-10
   81    207  1.3336e-13  2.7606e-11
   82    204  1.0304e-19  2.1020e-17
   82    206  2.3188e-12  4.7767e-10
   82    208  3.3920e-12  7.0554e-10
   82    212  6.3212e-15  1.3401e-12
   83    209  4.6832e-13  9.7878e-11
   83    214  5.3852e-15  1.1524e-12
   84    211  3.7563e-16  7.9258e-14
   84    215  8.3118e-14  1.7870e-11
   88    226  8.2392e-20  1.8621e-17
   88    228  1.9636e-18  4.4771e-16
   89    227  2.6338e-20  5.9786e-18
   90    230  3.8831e-18  8.9311e-16
   90    232  8.5955e-13  1.9942e-10
   91    231  3.9486e-17  9.1212e-15
   92    234  1.2644e-17  2.9588e-15
   92    235  8.5102e-13  1.9999e-10
   92    236  4.9817e-15  1.1757e-12
   92    238  2.3003e-13  5.4747e-11
   94    240  9.8619e-19  2.3669e-16
   94    244  1.2004e-14  2.9290e-12
   96    247  5.0270e-19  1.2417e-16
   97    246  5.3170e-17  1.3080e-14
  100    258  1.2022e-12  3.1016e-10
  100    260  1.5540e-11  4.0405e-09
  100    262  7.6066e-11  1.9929e-08
  102    260  2.2359e-20  5.8135e-18
  102    261  2.6815e-11  6.9986e-09
  102    263  2.8842e-11  7.5856e-09
  102    264  2.3718e-11  6.2616e-09
  102    266  1.6728e-12  4.4497e-10
  103    265  2.4164e-11  6.4035e-09
  104    267  1.5188e-13  4.0553e-11
  104    268  2.0055e-13  5.3747e-11
  104    270  1.5070e-13  4.0688e-11
  104    272  1.3681e-13  3.7211e-11
  104    274  7.8349e-14  2.1468e-11
  105    269  5.6315e-13  1.5149e-10
  105    271  8.3576e-14  2.2649e-11
  106    273  1.0722e-13  2.9272e-11
  106    275  4.7629e-13  1.3098e-10
  106    276  1.7337e-12  4.7849e-10
  106    278  6.7996e-13  1.8903e-10
  106    280  1.2943e-11  3.6239e-09
  107    277  4.8417e-13  1.3412e-10
  108    279  7.4142e-12  2.0686e-09
  108    281  6.8488e-12  1.9245e-09
  108    282  1.9911e-10  5.6149e-08
  108    283  1.2942e-10  3.6627e-08
  108    284  3.5979e-09  1.0218e-06
  108    286  3.8677e-09  1.1061e-06
  110    285  8.5776e-09  2.4446e-06
  110    286  1.4610e-20  4.1786e-18
  110    287  5.8236e-09  1.6714e-06
  110    288  2.5342e-09  7.2984e-07
  110    290  2.5453e-09  7.3813e-07
  111    289  1.2810e-09  3.7022e-07
  111    290  4.6766e-17  1.3562e-14
  111    291  1.8677e-10  5.4350e-08
  111    292  3.2598e-09  9.5187e-07
  111    293  2.9861e-10  8.7494e-08
  111    294  3.5175e-10  1.0341e-07
  111    295  6.9702e-11  2.0562e-08
  111    296  2.2956e-11  6.7950e-09
  111    297  2.7606e-12  8.1988e-10
  111    298  2.9411e-12  8.7645e-10
  111    299  1.4659e-16  4.3830e-14
  111    300  2.6436e-14  7.9309e-12
  111    301  1.0501e-13  3.1608e-11
  111    302  3.1095e-13  9.3908e-11
  111    303  3.8184e-14  1.1570e-11
  111    304  6.3493e-14  1.9302e-11
  111    305  2.1210e-15  6.4690e-13
  111    306  1.0077e-14  3.0835e-12
  111    307  2.2331e-16  6.8556e-14
  111    308  1.8638e-16  5.7404e-14
  111    309  1.3393e-17  4.1383e-15
  111    310  9.2530e-18  2.8684e-15
  111    311  3.4085e-18  1.0600e-15
  111    312  1.8489e-18  5.7686e-16
  111    313  4.7188e-19  1.4770e-16
  111    314  3.4771e-18  1.0918e-15
  111    315  3.7813e-19  1.1911e-16
  111    316  3.2552e-19  1.0287e-16
  111    317  1.1531e-19  3.6552e-17
  111    318  1.9397e-14  6.1684e-12
  111    319  2.1609e-16  6.8932e-14
  111    320  2.4678e-15  7.8968e-13
  111    321  1.5948e-17  5.1194e-15
  111    322  2.2129e-16  7.1254e-14
  111    323  3.6367e-17  1.1747e-14
  111    324  4.3537e-17  1.4106e-14
  111    325  1.6447e-17  5.3454e-15
  111    326  7.5385e-18  2.4575e-15
  111    327  5.4841e-17  1.7933e-14
  111    328  1.8448e-17  6.0510e-15
  111    329  4.1599e-14  1.3686e-11
  111    330  6.2769e-15  2.0714e-12
  111    331  2.3481e-13  7.7722e-11
  111    332  2.4285e-14  8.0625e-12
  111    333  1.6633e-12  5.5387e-10
  111    334  1.1540e-13  3.8543e-11
  111    335  4.5543e-12  1.5257e-09
  111    336  1.7213e-13  5.7835e-11
  111    337  1.2700e-04  4.2799e-02
    1      1  1.3216e-02  1.3216e-02
    2      4  2.3572e-01  9.4287e-01


