    1      2  5.3730e-15  1.0746e-14
    2      3  1.3915e-19  4.1745e-19
    3      6  1.2914e-17  7.7485e-17
    3      7  5.6721e-19  3.9705e-18
    4      8  5.0781e-16  4.0625e-15
    4      9  1.7509e-18  1.5758e-17
    5     10  1.5467e-17  1.5467e-16
    5     11  6.5854e-20  7.2440e-19
    6     12  3.9801e-08  4.7761e-07
    6     13  9.9375e-14  1.2919e-12
    7     14  2.9156e-13  4.0819e-12
    7     15  7.8042e-11  1.1706e-09
    8     16  2.3370e-09  3.7392e-08
    8     17  9.0639e-15  1.5409e-13
    8     18  1.1721e-11  2.1099e-10
    9     19  1.6562e-11  3.1468e-10
   10     20  3.8956e-10  7.7912e-09
   10     21  7.4012e-11  1.5542e-09
   10     22  1.0019e-10  2.2042e-09
   11     23  1.9163e-10  4.4075e-09
   12     24  3.9082e-10  9.3797e-09
   12     25  5.0031e-10  1.2508e-08
   12     26  2.0731e-09  5.3900e-08
   13     26  1.8618e-14  4.8406e-13
   13     27  1.2660e-09  3.4182e-08
   14     28  7.0387e-09  1.9708e-07
   14     29  3.3276e-09  9.6499e-08
   14     30  2.3010e-08  6.9030e-07
   15     31  2.6460e-09  8.2027e-08
   16     32  2.7159e-08  8.6907e-07
   16     33  1.7106e-08  5.6450e-07
   16     34  2.3796e-08  8.0905e-07
   16     36  4.3934e-08  1.5816e-06
   17     35  2.6407e-08  9.2424e-07
   17     37  2.2090e-07  8.1733e-06
   18     36  6.8066e-17  2.4504e-15
   18     38  4.2444e-07  1.6129e-05
   18     40  2.8142e-08  1.1257e-06
   19     39  1.9688e-08  7.6784e-07
   19     41  4.5053e-08  1.8472e-06
   20     42  9.4162e-08  3.9548e-06
   20     43  7.1288e-08  3.0654e-06
   20     44  1.9305e-07  8.4941e-06
   20     46  1.1382e-06  5.2357e-05
   21     45  3.3866e-07  1.5240e-05
   22     47  9.2482e-07  4.3467e-05
   22     48  2.2527e-07  1.0813e-05
   22     49  7.7631e-07  3.8039e-05
   22     50  1.2198e-06  6.0990e-05
   23     51  4.8303e-07  2.4634e-05
   24     52  3.1583e-08  1.6423e-06
   24     53  1.3815e-06  7.3221e-05
   24     54  4.9778e-06  2.6880e-04
   25     55  2.0438e-07  1.1241e-05
   26     56  1.1485e-06  6.4313e-05
   26     57  1.2321e-07  7.0229e-06
   26     58  7.4977e-09  4.3487e-07
   27     59  7.5951e-09  4.4811e-07
   28     60  2.4986e-08  1.4992e-06
   28     61  5.9735e-08  3.6438e-06
   28     62  2.4913e-07  1.5446e-05
   28     64  3.3292e-08  2.1307e-06
   29     63  4.8685e-07  3.0672e-05
   29     65  2.8399e-08  1.8459e-06
   30     64  1.5860e-20  1.0151e-18
   30     66  1.7504e-07  1.1553e-05
   30     67  1.4033e-07  9.4023e-06
   30     68  6.9566e-07  4.7305e-05
   30     70  1.3169e-06  9.2184e-05
   31     69  8.3369e-07  5.7525e-05
   31     71  1.5733e-07  1.1171e-05
   32     70  1.5958e-15  1.1171e-13
   32     72  4.4767e-07  3.2232e-05
   32     73  7.2364e-06  5.2826e-04
   32     74  4.8314e-06  3.5753e-04
   32     76  3.1085e-06  2.3625e-04
   33     75  1.3061e-06  9.7954e-05
   34     76  2.3743e-14  1.8045e-12
   34     77  1.1403e-05  8.7806e-04
   34     78  1.6169e-05  1.2611e-03
   34     80  9.8525e-06  7.8820e-04
   34     82  1.6955e-05  1.3903e-03
   35     79  4.0269e-06  3.1812e-04
   35     81  1.1330e-05  9.1774e-04
   36     82  1.6576e-13  1.3592e-11
   36     83  3.2109e-06  2.6650e-04
   36     84  3.2035e-06  2.6909e-04
   36     86  1.9084e-05  1.6412e-03
   37     85  7.6541e-06  6.5060e-04
   37     87  1.7629e-06  1.5337e-04
   38     86  2.7908e-20  2.4001e-18
   38     87  1.2908e-08  1.1230e-06
   38     88  3.0096e-06  2.6484e-04
   39     89  1.8587e-06  1.6543e-04
   40     90  3.1763e-06  2.8587e-04
   40     91  3.4723e-06  3.1598e-04
   40     92  2.5756e-05  2.3696e-03
   40     94  3.9093e-06  3.6748e-04
   41     93  4.2438e-06  3.9468e-04
   42     95  3.0741e-06  2.9204e-04
   42     96  1.1688e-05  1.1220e-03
   42     97  5.6558e-06  5.4861e-04
   42     98  1.9190e-06  1.8806e-04
   42    100  3.4589e-05  3.4589e-03
   44     99  1.2172e-05  1.2050e-03
   44    100  3.7896e-13  3.7896e-11
   44    101  6.0558e-05  6.1164e-03
   44    102  1.3792e-05  1.4068e-03
   44    104  4.9463e-05  5.1442e-03
   45    103  1.0786e-05  1.1109e-03
   46    104  1.5467e-18  1.6085e-16
   46    105  2.2148e-05  2.3255e-03
   46    106  3.7551e-05  3.9804e-03
   46    108  2.2621e-05  2.4430e-03
   46    110  1.0843e-04  1.1927e-02
   47    107  3.9901e-05  4.2694e-03
   47    109  6.1964e-05  6.7541e-03
   48    110  2.3483e-13  2.5832e-11
   48    111  1.9843e-05  2.2025e-03
   48    112  5.4390e-05  6.0917e-03
   48    113  3.2580e-05  3.6815e-03
   48    114  3.7765e-05  4.3052e-03
   48    116  1.0271e-06  1.1914e-04
   49    113  1.4338e-12  1.6202e-10
   49    115  1.4897e-05  1.7132e-03
   50    115  1.1886e-11  1.3669e-09
   50    116  3.7017e-13  4.2939e-11
   50    117  1.9164e-06  2.2421e-04
   50    118  1.0073e-06  1.1886e-04
   50    119  8.3255e-07  9.9073e-05
   50    120  1.2471e-05  1.4965e-03
   50    122  2.8506e-05  3.4777e-03
   50    124  2.2092e-05  2.7394e-03
   51    121  1.0964e-05  1.3266e-03
   51    123  1.3901e-05  1.7099e-03
   52    122  5.5814e-14  6.8093e-12
   52    124  1.5015e-15  1.8619e-13
   52    125  5.0691e-05  6.3364e-03
   52    126  1.3770e-04  1.7351e-02
   52    128  6.2292e-05  7.9734e-03
   52    130  3.4648e-07  4.5042e-05
   53    127  8.9677e-05  1.1389e-02
   53    129  6.9583e-14  8.9762e-12
   54    128  2.0360e-16  2.6060e-14
   54    129  1.6834e-05  2.1716e-03
   54    130  3.0421e-15  3.9547e-13
   54    131  4.9062e-09  6.4271e-07
   54    132  1.8467e-09  2.4377e-07
   54    134  5.8721e-10  7.8687e-08
   54    136  3.9303e-11  5.3452e-09
   55    133  1.9930e-09  2.6506e-07
   56    135  6.3793e-11  8.6120e-09
   56    137  5.9519e-11  8.1540e-09
   56    138  1.8308e-11  2.5265e-09
   57    139  2.5580e-12  3.5556e-10
   58    140  4.6862e-12  6.5607e-10
   58    142  4.3517e-14  6.1794e-12
   59    141  1.5511e-13  2.1871e-11
   60    143  7.9113e-14  1.1313e-11
   60    144  2.4078e-13  3.4672e-11
   60    145  1.0079e-13  1.4615e-11
   60    146  1.6951e-13  2.4749e-11
   60    148  1.1060e-13  1.6369e-11
   60    150  5.7875e-14  8.6813e-12
   62    147  1.4899e-13  2.1902e-11
   62    149  5.9440e-14  8.8565e-12
   62    150  2.2076e-20  3.3114e-18
   62    152  4.7200e-14  7.1744e-12
   62    154  2.1953e-14  3.3807e-12
   63    151  2.3814e-14  3.5959e-12
   63    153  2.3100e-14  3.5343e-12
   64    155  2.0065e-14  3.1101e-12
   64    156  3.6138e-15  5.6375e-13
   64    157  4.3272e-15  6.7938e-13
   64    158  4.6656e-15  7.3717e-13
   64    160  1.3060e-15  2.0896e-13
   65    159  7.2100e-16  1.1464e-13
   66    161  1.0845e-15  1.7460e-13
   66    162  5.6198e-16  9.1040e-14
   66    163  3.0902e-16  5.0370e-14
   66    164  4.7468e-16  7.7847e-14
   67    165  2.5392e-16  4.1897e-14
   68    166  4.5059e-16  7.4798e-14
   68    167  1.4378e-16  2.4011e-14
   68    168  9.9359e-17  1.6692e-14
   68    170  2.5319e-17  4.3043e-15
   69    169  1.1301e-16  1.9098e-14
   70    171  1.0215e-17  1.7468e-15
   70    172  6.7941e-18  1.1686e-15
   70    173  3.6306e-18  6.2810e-16
   70    174  3.7238e-18  6.4794e-16
   70    176  1.4490e-18  2.5502e-16
   71    175  1.5295e-18  2.6766e-16
   72    177  6.4984e-19  1.1502e-16
   72    178  1.2600e-19  2.2429e-17
   72    179  3.2401e-20  5.7997e-18
   72    180  1.3819e-20  2.4873e-18
    1      1  1.3548e-09  1.3548e-09
    2      4  2.1454e-01  8.5818e-01


