1  1.0116e-02
2  1.0203e+04
3  4.0499e-10
4  2.7319e-07
5  2.5053e-08
6  2.8294e-08
7  2.2533e-06
8  4.7719e-06
9  4.2548e-08
10  5.3717e-06
11  1.0106e-06
12  2.3796e-06
13  7.8641e-09
14  1.8978e-07
15  4.6500e-09
16  2.0833e-07
17  4.8984e-08
18  4.6870e-08
19  1.3268e-09
20  8.2984e-10
21  1.4026e-10
22  4.1200e-09
23  1.7580e-11
24  4.4729e-11
25  2.1249e-12
26  9.5965e-11
27  9.7498e-13
28  4.9915e-10
29  1.2762e-11
30  3.8720e-11
31  3.5503e-12
32  6.3078e-11
33  6.2872e-12
34  2.2681e-10
35  1.4493e-11
36  8.8304e-11
37  5.6000e-11
38  2.9171e-11
39  1.0772e-11
40  7.9806e-11
41  1.0903e-11
42  1.4384e-10
43  1.0890e-36
44  2.0143e-11
45  3.0972e-12
46  2.7676e-11
47  4.3958e-12
48  2.6957e-11
49  4.1517e-12
50  8.2336e-11
51  4.8726e-12
52  5.3370e-10
53  4.9057e-12
54  6.1526e-09
55  2.9737e-09
56  6.9771e-10
57  2.5758e-11
58  4.4982e-11
59  5.9644e-12
60  2.3192e-11
61  2.7583e-92
62  3.2303e-12
63  5.4090e-13
64  1.2632e-12
65  4.9665e-14
66  2.0591e-13
67  6.2713e-14
68  3.3515e-13
69  8.5257e-14
70  2.2608e-13
71  2.5185e-14
72  1.7258e-13
73  7.1840e-14
74  1.7441e-13
75  5.5969e-14
76  7.6956e-13
77  2.5468e-13
78  9.3973e-13
79  2.8170e-13
80  8.6801e-13
81  1.1455e-12
82  -9.2091e-10
83  -2.0562e-12
84  -7.1682e-21
85  -1.0559e-24
86  3.7587e-22
87  5.3855e-28
88  6.6079e-20
89  2.0308e-20
90  7.0458e-13
91  3.0446e-17
92  8.4202e-13
93  1.0029e-26
94  6.7994e-15
95  3.5414e-23
96  7.4746e-20
97  4.3277e-17
98  2.9458e-309
99  -1.7490e-321
100  5.5273e-11
101  2.2012e-202
102  4.9201e-11
103  8.7033e-12
104  3.4318e-13
105  4.5524e-13
106  8.3982e-12
107  2.2041e-13
108  2.3517e-08
109  -3.7207e-319
110  2.7400e-08
111  3.5934e-04
112  0.0000e+00
113  0.0000e+00
114  0.0000e+00
115  0.0000e+00
116  0.0000e+00
117  0.0000e+00
118  0.0000e+00

