    1      2  1.4713e-08  2.9426e-08
    2      3  1.0038e-09  3.0113e-09
    3      6  2.4945e-11  1.4967e-10
    3      7  2.5601e-09  1.7921e-08
    4      8  2.4416e-08  1.9533e-07
    4      9  1.1837e-08  1.0653e-07
    5     10  2.4881e-07  2.4881e-06
    5     11  1.9089e-09  2.0998e-08
    6     12  7.4502e-09  8.9402e-08
    6     13  4.9586e-08  6.4462e-07
    7     14  5.1801e-08  7.2521e-07
    7     15  1.0913e-05  1.6369e-04
    8     16  3.9182e-07  6.2691e-06
    8     17  1.6047e-08  2.7281e-07
    8     18  8.9339e-08  1.6081e-06
    9     19  8.2176e-07  1.5613e-05
   10     20  1.2392e-06  2.4784e-05
   10     21  8.0158e-07  1.6833e-05
   10     22  3.2920e-09  7.2423e-08
   11     23  3.9941e-07  9.1865e-06
   12     24  4.5085e-07  1.0820e-05
   12     25  5.1050e-07  1.2763e-05
   12     26  1.0903e-07  2.8347e-06
   13     26  1.0769e-19  2.8000e-18
   13     27  8.8191e-08  2.3812e-06
   14     28  1.2615e-07  3.5321e-06
   14     29  7.3651e-08  2.1359e-06
   14     30  7.0654e-08  2.1196e-06
   15     31  5.8897e-08  1.8258e-06
   16     32  7.7545e-08  2.4814e-06
   16     33  9.3647e-08  3.0903e-06
   16     34  8.6111e-08  2.9278e-06
   16     36  2.1447e-08  7.7210e-07
   17     35  3.3993e-09  1.1898e-07
   17     37  1.9782e-08  7.3193e-07
   18     36  7.3678e-20  2.6524e-18
   18     38  3.0367e-08  1.1540e-06
   18     40  9.0856e-09  3.6342e-07
   19     39  1.1565e-08  4.5105e-07
   19     41  4.7524e-08  1.9485e-06
   20     42  7.4445e-08  3.1267e-06
   20     43  1.1942e-08  5.1349e-07
   20     44  4.5264e-08  1.9916e-06
   20     46  1.1564e-08  5.3193e-07
   21     45  3.2559e-08  1.4651e-06
   22     46  2.4430e-19  1.1238e-17
   22     47  3.0456e-08  1.4314e-06
   22     48  3.5347e-08  1.6967e-06
   22     49  4.3209e-09  2.1172e-07
   22     50  1.6170e-08  8.0851e-07
   23     51  3.6324e-08  1.8525e-06
   24     52  6.4424e-08  3.3500e-06
   24     53  3.5044e-08  1.8573e-06
   24     54  1.3041e-08  7.0422e-07
   25     55  9.5046e-09  5.2275e-07
   26     56  3.5562e-08  1.9915e-06
   26     57  3.4948e-08  1.9921e-06
   26     58  2.9330e-10  1.7011e-08
   27     59  7.2046e-10  4.2507e-08
   28     60  1.4252e-09  8.5510e-08
   28     61  1.1964e-09  7.2982e-08
   28     62  5.9003e-09  3.6582e-07
   28     64  1.0313e-08  6.6003e-07
   29     63  2.2999e-07  1.4489e-05
   29     65  4.9235e-08  3.2003e-06
   30     64  3.6427e-20  2.3313e-18
   30     66  1.1136e-07  7.3499e-06
   30     67  2.0703e-07  1.3871e-05
   30     68  3.7854e-08  2.5740e-06
   30     70  8.4622e-08  5.9235e-06
   31     69  1.3148e-08  9.0721e-07
   31     71  3.8856e-08  2.7588e-06
   32     70  3.0440e-15  2.1308e-13
   32     72  1.2340e-07  8.8847e-06
   32     73  7.6004e-08  5.5483e-06
   32     74  2.0083e-07  1.4861e-05
   32     76  1.0781e-07  8.1938e-06
   33     75  1.6345e-07  1.2259e-05
   34     76  9.2786e-14  7.0517e-12
   34     77  4.5124e-07  3.4745e-05
   34     78  7.6598e-07  5.9747e-05
   34     80  5.4796e-06  4.3837e-04
   34     82  1.9126e-06  1.5683e-04
   35     79  1.0304e-06  8.1399e-05
   35     81  1.5510e-06  1.2563e-04
   36     82  5.1387e-12  4.2137e-10
   36     83  9.6839e-07  8.0376e-05
   36     84  5.9481e-07  4.9964e-05
   36     86  8.8031e-07  7.5706e-05
   37     85  4.5440e-07  3.8624e-05
   37     87  6.1853e-07  5.3812e-05
   38     86  2.1940e-18  1.8868e-16
   38     87  4.5290e-09  3.9402e-07
   38     88  5.7727e-07  5.0800e-05
   39     89  4.4371e-07  3.9490e-05
   40     90  3.8812e-07  3.4931e-05
   40     91  3.7755e-07  3.4357e-05
   40     92  6.5402e-07  6.0170e-05
   40     94  1.2415e-06  1.1670e-04
   41     93  2.1554e-06  2.0045e-04
   42     95  7.8891e-07  7.4946e-05
   42     96  2.2545e-07  2.1643e-05
   42     97  4.0426e-07  3.9213e-05
   42     98  1.6809e-07  1.6473e-05
   42    100  1.8890e-07  1.8890e-05
   44     99  1.3945e-07  1.3805e-05
   44    100  1.1578e-14  1.1578e-12
   44    101  6.3603e-08  6.4239e-06
   44    102  1.7918e-07  1.8277e-05
   44    104  1.3318e-07  1.3851e-05
   45    103  2.4340e-07  2.5070e-05
   46    104  5.1068e-16  5.3111e-14
   46    105  2.2561e-07  2.3689e-05
   46    106  2.0031e-07  2.1233e-05
   46    108  3.0702e-07  3.3158e-05
   46    110  7.8423e-07  8.6265e-05
   47    107  4.1505e-07  4.4411e-05
   47    109  5.1981e-07  5.6659e-05
   48    110  1.3284e-13  1.4612e-11
   48    111  8.3532e-08  9.2721e-06
   48    112  3.6753e-07  4.1164e-05
   48    113  4.2505e-07  4.8031e-05
   48    114  5.2319e-07  5.9644e-05
   48    116  1.3760e-08  1.5961e-06
   49    113  1.8707e-14  2.1139e-12
   49    115  4.5175e-07  5.1952e-05
   50    115  3.6044e-13  4.1450e-11
   50    116  2.7449e-15  3.1840e-13
   50    117  6.3200e-08  7.3945e-06
   50    118  3.4597e-08  4.0824e-06
   50    119  2.3572e-08  2.8051e-06
   50    120  7.8697e-08  9.4436e-06
   50    122  1.2260e-07  1.4957e-05
   50    124  1.3236e-06  1.6413e-04
   51    121  2.3212e-07  2.8086e-05
   51    123  2.9946e-07  3.6833e-05
   52    122  2.8286e-14  3.4509e-12
   52    124  4.0942e-16  5.0768e-14
   52    125  1.2330e-06  1.5412e-04
   52    126  3.4936e-06  4.4019e-04
   52    128  8.3390e-06  1.0674e-03
   52    130  1.3569e-06  1.7640e-04
   53    127  4.5203e-06  5.7408e-04
   53    129  2.6948e-14  3.4763e-12
   54    128  1.0649e-17  1.3631e-15
   54    129  8.2138e-06  1.0596e-03
   54    130  5.0941e-14  6.6223e-12
   54    131  9.9459e-07  1.3029e-04
   54    132  8.7020e-07  1.1487e-04
   54    134  5.4726e-07  7.3333e-05
   54    136  1.0630e-06  1.4456e-04
   55    133  3.9924e-07  5.3099e-05
   56    134  1.2846e-18  1.7213e-16
   56    135  4.6053e-07  6.2171e-05
   56    136  2.2106e-16  3.0064e-14
   56    137  6.5347e-07  8.9525e-05
   56    138  8.1230e-07  1.1210e-04
   57    139  1.2233e-07  1.7004e-05
   58    140  5.4590e-07  7.6426e-05
   58    142  1.0145e-07  1.4406e-05
   59    141  1.1681e-07  1.6470e-05
   60    142  1.0219e-19  1.4511e-17
   60    143  4.8238e-08  6.8980e-06
   60    144  1.4002e-07  2.0163e-05
   60    145  4.5710e-08  6.6280e-06
   60    146  1.4734e-07  2.1511e-05
   60    148  1.6548e-07  2.4492e-05
   60    150  4.6949e-08  7.0424e-06
   62    147  2.3031e-07  3.3856e-05
   62    148  3.2739e-16  4.8454e-14
   62    149  3.9314e-08  5.8578e-06
   62    150  1.8418e-13  2.7627e-11
   62    152  1.1464e-07  1.7425e-05
   62    154  1.3874e-07  2.1366e-05
   63    151  3.1881e-08  4.8140e-06
   63    153  9.3471e-08  1.4301e-05
   64    154  8.1886e-15  1.2610e-12
   64    155  4.9079e-07  7.6072e-05
   64    156  1.0695e-07  1.6683e-05
   64    157  1.1974e-07  1.8799e-05
   64    158  1.3651e-07  2.1569e-05
   64    160  2.2164e-07  3.5462e-05
   65    159  1.8254e-07  2.9023e-05
   66    160  7.6565e-15  1.2250e-12
   66    161  1.7332e-07  2.7904e-05
   66    162  9.4554e-08  1.5318e-05
   66    163  8.4294e-08  1.3740e-05
   66    164  2.3998e-07  3.9357e-05
   67    165  1.7410e-07  2.8726e-05
   68    166  2.9509e-07  4.8986e-05
   68    167  3.3164e-07  5.5384e-05
   68    168  3.4145e-07  5.7363e-05
   68    170  3.6292e-07  6.1696e-05
   69    169  8.4546e-07  1.4288e-04
   70    170  6.3107e-15  1.0728e-12
   70    171  2.3067e-07  3.9445e-05
   70    172  1.6359e-07  2.8138e-05
   70    173  1.8561e-07  3.2110e-05
   70    174  4.9904e-07  8.6833e-05
   70    176  1.1995e-06  2.1111e-04
   71    175  2.2006e-07  3.8511e-05
   71    176  9.4811e-16  1.6687e-13
   72    176  8.8767e-18  1.5623e-15
   72    177  8.8372e-07  1.5642e-04
   72    178  6.2496e-07  1.1124e-04
   72    179  3.6953e-07  6.6146e-05
   72    180  5.4800e-07  9.8640e-05
   72    182  1.1126e-20  2.0249e-18
   73    181  7.0279e-07  1.2721e-04
   74    182  8.0857e-07  1.4716e-04
   74    183  2.7147e-07  4.9678e-05
   74    184  1.3047e-07  2.4006e-05
   74    186  6.4334e-08  1.1966e-05
   75    185  3.7920e-08  7.0153e-06
   75    187  3.2869e-08  6.1465e-06
   76    186  2.1857e-18  4.0653e-16
   76    187  2.6713e-10  4.9953e-08
   76    188  1.5680e-07  2.9479e-05
   76    189  5.8828e-08  1.1119e-05
   76    190  5.8856e-07  1.1183e-04
   76    192  2.6598e-06  5.1069e-04
   77    191  1.6705e-06  3.1906e-04
   77    193  2.5522e-06  4.9258e-04
   78    192  7.4587e-15  1.4321e-12
   78    194  9.2255e-06  1.7897e-03
   78    195  7.8317e-06  1.5272e-03
   78    196  1.3282e-05  2.6032e-03
   78    198  3.2834e-05  6.5012e-03
   79    197  1.2904e-05  2.5421e-03
   80    198  2.9539e-13  5.8486e-11
   80    199  2.3500e-05  4.6764e-03
   80    200  3.9221e-05  7.8443e-03
   80    201  1.0188e-05  2.0478e-03
   80    202  2.6035e-06  5.2591e-04
   80    204  3.1398e-07  6.4052e-05
   80    206  6.4096e-17  1.3204e-14
   81    203  3.4990e-07  7.1029e-05
   81    205  7.1506e-08  1.4659e-05
   81    207  1.0805e-19  2.2367e-17
   82    204  6.3665e-17  1.2988e-14
   82    206  7.5624e-06  1.5579e-03
   82    207  9.1714e-06  1.8985e-03
   82    208  5.5593e-06  1.1563e-03
   82    210  3.5721e-14  7.5014e-12
   82    211  8.2215e-19  1.7347e-16
   82    212  9.9841e-19  2.1166e-16
   82    214  8.2027e-20  1.7554e-17
   83    209  1.4870e-05  3.1078e-03
   83    210  2.2065e-17  4.6337e-15
   83    211  4.8646e-20  1.0264e-17
   83    212  9.4658e-20  2.0068e-17
   83    214  6.0641e-20  1.2977e-17
   84    210  6.0923e-16  1.2794e-13
   86    222  1.6817e-17  3.7334e-15
   88    223  3.7430e-16  8.3469e-14
   88    224  8.1859e-18  1.8336e-15
   88    226  2.5733e-12  5.8156e-10
   88    228  4.7184e-15  1.0758e-12
   89    227  2.6029e-13  5.9087e-11
   89    228  5.7615e-19  1.3136e-16
   90    227  6.0158e-16  1.3656e-13
   90    228  1.5720e-15  3.5842e-13
   90    230  1.2128e-10  2.7894e-08
   90    231  3.4817e-17  8.0428e-15
   90    232  1.1522e-05  2.6732e-03
   90    234  1.0599e-16  2.4801e-14
   91    231  3.9024e-10  9.0145e-08
   91    234  1.2280e-18  2.8736e-16
   92    234  3.9491e-10  9.2410e-08
   92    235  8.4106e-06  1.9765e-03
   92    236  3.8159e-08  9.0055e-06
   92    238  7.1843e-06  1.7099e-03
   92    240  1.8515e-18  4.4437e-16
   93    240  1.3521e-19  3.2452e-17
   94    239  3.8368e-17  9.1700e-15
   94    240  7.5540e-12  1.8130e-09
   94    244  9.1950e-08  2.2436e-05
   95    243  1.1729e-17  2.8502e-15
   96    244  2.4956e-17  6.0893e-15
   96    247  2.4756e-14  6.1146e-12
   97    246  1.2914e-09  3.1768e-07
  100    258  3.4684e-06  8.9483e-04
  100    260  4.0266e-06  1.0469e-03
  100    262  4.3366e-06  1.1362e-03
  102    260  1.9017e-17  4.9443e-15
  102    261  3.2703e-06  8.5355e-04
  102    263  3.8886e-06  1.0227e-03
  102    264  7.8806e-06  2.0805e-03
  102    266  1.0561e-05  2.8093e-03
  103    265  6.6227e-06  1.7550e-03
  104    267  9.2208e-06  2.4620e-03
  104    268  7.8544e-06  2.1050e-03
  104    270  3.2524e-05  8.7815e-03
  104    272  2.2377e-05  6.0865e-03
  104    274  5.5087e-05  1.5094e-02
  105    269  2.7591e-05  7.4219e-03
  105    271  2.0185e-05  5.4702e-03
  106    273  2.8124e-05  7.6777e-03
  106    275  2.9834e-05  8.2044e-03
  106    276  4.4571e-05  1.2302e-02
  106    278  1.3847e-05  3.8494e-03
  106    280  7.9722e-07  2.2322e-04
  107    277  8.0622e-06  2.2332e-03
  108    279  4.7356e-06  1.3212e-03
  108    281  2.3148e-07  6.5047e-05
  108    282  1.7559e-07  4.9517e-05
  108    283  6.0943e-10  1.7247e-07
  108    284  1.8700e-10  5.3107e-08
  108    286  1.0398e-10  2.9737e-08
  110    285  4.0457e-12  1.1530e-09
  110    287  2.1720e-10  6.2336e-08
  110    288  6.0127e-11  1.7317e-08
  110    290  3.5504e-10  1.0296e-07
  111    289  5.9369e-11  1.7158e-08
  111    291  1.9128e-17  5.5661e-15
  111    292  2.0822e-09  6.0800e-07
  111    293  8.4399e-10  2.4729e-07
  111    294  1.9842e-09  5.8335e-07
  111    295  4.6440e-10  1.3700e-07
  111    296  1.2384e-10  3.6658e-08
  111    297  8.6762e-11  2.5768e-08
  111    298  2.0788e-12  6.1950e-10
  111    299  2.0801e-14  6.2194e-12
  111    300  2.4199e-13  7.2598e-11
  111    301  8.0913e-09  2.4355e-06
  111    302  5.3655e-09  1.6204e-06
  111    303  3.3212e-09  1.0063e-06
  111    304  6.7744e-09  2.0594e-06
  111    305  8.2117e-09  2.5046e-06
  111    306  2.8279e-08  8.6533e-06
  111    307  1.4125e-08  4.3365e-06
  111    308  2.0346e-08  6.2666e-06
  111    309  2.6457e-08  8.1752e-06
  111    310  2.5479e-08  7.8984e-06
  111    311  2.5862e-08  8.0432e-06
  111    312  3.7361e-08  1.1657e-05
  111    313  3.4312e-08  1.0740e-05
  111    314  2.8666e-08  9.0010e-06
  111    315  3.4790e-08  1.0959e-05
  111    316  6.8536e-08  2.1657e-05
  111    317  4.5742e-08  1.4500e-05
  111    318  6.8721e-08  2.1853e-05
  111    319  5.1028e-08  1.6278e-05
  111    320  1.1334e-07  3.6269e-05
  111    321  3.9675e-08  1.2736e-05
  111    322  7.1940e-08  2.3165e-05
  111    323  9.9285e-08  3.2069e-05
  111    324  8.4809e-08  2.7478e-05
  111    325  8.8550e-08  2.8779e-05
  111    326  1.4610e-07  4.7630e-05
  111    327  1.4797e-07  4.8387e-05
  111    328  1.6609e-07  5.4477e-05
  111    329  4.7673e-07  1.5685e-04
  111    330  7.6394e-08  2.5210e-05
  111    331  2.0487e-07  6.7812e-05
  111    332  3.4590e-07  1.1484e-04
  111    333  8.2823e-08  2.7580e-05
  111    334  1.8174e-08  6.0702e-06
  111    335  1.9515e-08  6.5376e-06
  111    336  9.9274e-09  3.3356e-06
  111    337  2.5950e-07  8.7451e-05
    1      1  3.0965e-08  3.0965e-08
    2      4  2.1216e-01  8.4864e-01


