    1      2  2.7524e-03  5.5049e-03
    1      3  1.1607e-19  3.4822e-19
    2      3  5.9302e-05  1.7791e-04
    3      7  2.6758e-11  1.8731e-10
    4      8  5.4489e-07  4.3591e-06
    4      9  1.5264e-11  1.3738e-10
    5     10  4.7373e-10  4.7373e-09
    5     11  1.4313e-09  1.5744e-08
    6     12  1.4040e-09  1.6848e-08
    6     13  3.7804e-09  4.9145e-08
    7     14  7.5682e-07  1.0595e-05
    7     15  6.7474e-07  1.0121e-05
    8     16  1.4070e-06  2.2511e-05
    8     17  1.1084e-08  1.8842e-07
    8     18  4.5933e-07  8.2679e-06
    9     19  5.1255e-08  9.7384e-07
   10     20  8.1200e-08  1.6240e-06
   10     21  3.4806e-08  7.3093e-07
   10     22  3.3457e-06  7.3605e-05
   11     23  7.9740e-07  1.8340e-05
   12     24  2.2542e-06  5.4102e-05
   12     25  1.7736e-06  4.4339e-05
   12     26  2.5750e-06  6.6950e-05
   13     27  2.2495e-08  6.0736e-07
   14     28  6.2625e-07  1.7535e-05
   14     29  4.0001e-08  1.1600e-06
   14     30  9.0940e-09  2.7282e-07
   15     31  1.6593e-08  5.1437e-07
   16     32  2.2277e-07  7.1287e-06
   16     33  2.2241e-08  7.3397e-07
   16     34  4.9562e-08  1.6851e-06
   16     36  3.3031e-07  1.1891e-05
   17     35  3.2326e-08  1.1314e-06
   17     37  1.5681e-08  5.8022e-07
   18     36  1.4934e-13  5.3761e-12
   18     38  1.1418e-07  4.3387e-06
   18     40  5.9842e-10  2.3937e-08
   19     39  3.6984e-09  1.4424e-07
   19     40  2.9230e-19  1.1692e-17
   19     41  6.7371e-11  2.7622e-09
   20     40  8.3959e-20  3.3583e-18
   20     42  5.0908e-10  2.1381e-08
   20     43  9.2482e-11  3.9767e-09
   20     44  6.5144e-10  2.8663e-08
   20     46  7.0545e-10  3.2451e-08
   21     45  3.4379e-10  1.5471e-08
   22     46  1.0093e-16  4.6430e-15
   22     47  1.5673e-10  7.3662e-09
   22     48  1.2545e-08  6.0218e-07
   22     49  1.9971e-10  9.7859e-09
   22     50  3.1035e-10  1.5518e-08
   23     51  3.9810e-11  2.0303e-09
   24     52  1.8067e-11  9.3950e-10
   24     53  2.7958e-11  1.4818e-09
   24     54  6.8163e-11  3.6808e-09
   25     55  5.7852e-12  3.1818e-10
   26     56  5.8912e-12  3.2991e-10
   26     57  2.4251e-11  1.3823e-09
   26     58  2.2538e-10  1.3072e-08
   27     59  2.1855e-12  1.2895e-10
   28     60  1.0249e-09  6.1496e-08
   28     61  3.7980e-12  2.3168e-10
   28     62  1.3491e-11  8.3641e-10
   28     64  6.9019e-10  4.4172e-08
   29     63  3.6299e-11  2.2868e-09
   29     65  3.3891e-12  2.2029e-10
   30     64  6.9477e-20  4.4465e-18
   30     66  3.1450e-11  2.0757e-09
   30     67  4.4182e-12  2.9602e-10
   30     68  3.0288e-11  2.0596e-09
   30     70  4.3145e-11  3.0201e-09
   31     69  2.4235e-12  1.6722e-10
   31     71  5.0957e-12  3.6179e-10
   32     70  2.0468e-14  1.4327e-12
   32     72  2.3122e-11  1.6648e-09
   32     73  4.4238e-12  3.2294e-10
   32     74  7.9688e-12  5.8969e-10
   32     76  8.9735e-11  6.8199e-09
   33     75  6.9083e-12  5.1812e-10
   34     76  7.7303e-14  5.8751e-12
   34     77  3.0643e-12  2.3595e-10
   34     78  6.3903e-11  4.9844e-09
   34     80  1.0695e-10  8.5556e-09
   34     82  3.9312e-10  3.2236e-08
   35     79  1.6102e-11  1.2720e-09
   35     81  1.0147e-11  8.2190e-10
   36     82  5.2663e-13  4.3184e-11
   36     83  8.4529e-12  7.0159e-10
   36     84  1.4673e-11  1.2325e-09
   36     86  2.4233e-10  2.0840e-08
   37     85  7.5880e-11  6.4498e-09
   37     87  1.9637e-11  1.7084e-09
   38     86  2.9542e-17  2.5406e-15
   38     87  1.4376e-13  1.2507e-11
   38     88  8.8103e-11  7.7531e-09
   39     89  2.7538e-11  2.4509e-09
   40     90  5.3209e-11  4.7888e-09
   40     91  2.5328e-11  2.3048e-09
   40     92  1.1145e-10  1.0254e-08
   40     94  4.0197e-11  3.7786e-09
   41     93  3.3975e-11  3.1597e-09
   42     95  5.8992e-11  5.6043e-09
   42     96  3.2998e-10  3.1678e-08
   42     97  4.9254e-11  4.7776e-09
   42     98  7.1595e-11  7.0163e-09
   42    100  7.8354e-11  7.8354e-09
   44     99  3.2496e-11  3.2171e-09
   44    100  3.8820e-14  3.8820e-12
   44    101  1.0301e-11  1.0404e-09
   44    102  2.8908e-11  2.9487e-09
   44    104  1.5898e-11  1.6534e-09
   45    103  1.3624e-11  1.4033e-09
   46    104  7.8432e-16  8.1569e-14
   46    105  7.9958e-12  8.3956e-10
   46    106  1.9583e-11  2.0758e-09
   46    108  3.1530e-11  3.4052e-09
   46    110  4.8631e-11  5.3495e-09
   47    107  8.5569e-12  9.1559e-10
   47    109  7.9451e-12  8.6602e-10
   48    110  4.8211e-14  5.3032e-12
   48    111  7.8558e-12  8.7199e-10
   48    112  2.5317e-11  2.8355e-09
   48    113  9.4233e-12  1.0648e-09
   48    114  4.4623e-11  5.0870e-09
   48    116  2.4312e-11  2.8202e-09
   49    113  4.1473e-19  4.6864e-17
   49    115  1.8645e-11  2.1441e-09
   50    115  1.4876e-17  1.7107e-15
   50    116  2.2850e-14  2.6506e-12
   50    117  5.0354e-12  5.8915e-10
   50    118  3.0159e-11  3.5588e-09
   50    119  1.1818e-11  1.4063e-09
   50    120  7.9445e-11  9.5335e-09
   50    122  1.4901e-10  1.8179e-08
   50    124  1.4792e-10  1.8342e-08
   51    121  1.8082e-11  2.1879e-09
   51    123  5.0192e-12  6.1736e-10
   52    122  3.0787e-14  3.7560e-12
   52    124  4.1978e-15  5.2053e-13
   52    125  5.6383e-11  7.0478e-09
   52    126  3.7715e-10  4.7520e-08
   52    128  2.7077e-10  3.4659e-08
   52    130  7.7327e-10  1.0052e-07
   53    127  2.3071e-11  2.9300e-09
   53    129  6.1020e-17  7.8716e-15
   54    128  3.7212e-18  4.7632e-16
   54    129  1.3747e-10  1.7733e-08
   54    130  5.2695e-14  6.8503e-12
   54    131  1.9736e-09  2.5854e-07
   54    132  4.3882e-09  5.7925e-07
   54    134  1.5375e-08  2.0602e-06
   54    136  2.1914e-09  2.9803e-07
   55    133  7.3980e-09  9.8394e-07
   56    134  4.4520e-15  5.9657e-13
   56    135  4.0553e-09  5.4747e-07
   56    136  1.0873e-13  1.4787e-11
   56    137  8.6479e-11  1.1848e-08
   56    138  8.5211e-10  1.1759e-07
   57    139  2.2498e-10  3.1273e-08
   58    140  2.8178e-10  3.9449e-08
   58    142  1.3248e-10  1.8812e-08
   59    141  5.0185e-11  7.0761e-09
   60    142  3.9289e-18  5.5790e-16
   60    143  5.1782e-11  7.4048e-09
   60    144  7.6983e-11  1.1086e-08
   60    145  7.2870e-12  1.0566e-09
   60    146  3.2039e-11  4.6777e-09
   60    148  2.3901e-11  3.5374e-09
   60    150  4.7504e-11  7.1256e-09
   62    147  1.5337e-11  2.2545e-09
   62    148  3.4106e-16  5.0478e-14
   62    149  2.6045e-12  3.8807e-10
   62    150  5.5216e-14  8.2824e-12
   62    152  8.5385e-12  1.2979e-09
   62    154  8.1589e-12  1.2565e-09
   63    151  2.3103e-12  3.4885e-10
   63    153  3.7228e-12  5.6958e-10
   64    154  2.3019e-15  3.5450e-13
   64    155  1.1986e-12  1.8579e-10
   64    156  4.9087e-12  7.6576e-10
   64    157  9.8602e-13  1.5481e-10
   64    158  2.8804e-12  4.5511e-10
   64    160  5.6676e-12  9.0682e-10
   65    159  5.6115e-13  8.9222e-11
   66    160  1.0207e-16  1.6332e-14
   66    161  4.7582e-13  7.6607e-11
   66    162  1.1051e-12  1.7902e-10
   66    163  3.7139e-13  6.0536e-11
   66    164  9.0242e-13  1.4800e-10
   67    165  7.4370e-13  1.2271e-10
   68    166  2.5433e-12  4.2219e-10
   68    167  8.3487e-13  1.3942e-10
   68    168  1.2786e-12  2.1480e-10
   68    170  6.9706e-13  1.1850e-10
   69    169  1.3554e-12  2.2905e-10
   70    170  1.3996e-16  2.3794e-14
   70    171  5.7499e-13  9.8323e-11
   70    172  4.1178e-13  7.0826e-11
   70    173  2.1531e-13  3.7249e-11
   70    174  1.3859e-12  2.4114e-10
   70    176  1.2515e-12  2.2026e-10
   71    175  4.3757e-13  7.6575e-11
   71    176  4.4695e-17  7.8664e-15
   72    176  4.1836e-19  7.3632e-17
   72    177  5.5490e-13  9.8217e-11
   72    178  5.5624e-13  9.9011e-11
   72    179  3.4295e-13  6.1389e-11
   72    180  1.1761e-12  2.1170e-10
   73    181  1.2916e-12  2.3378e-10
   74    182  1.2037e-12  2.1908e-10
   74    183  8.2939e-13  1.5178e-10
   74    184  3.6498e-13  6.7156e-11
   74    186  4.1789e-13  7.7727e-11
   75    185  2.1787e-13  4.0306e-11
   75    187  6.3210e-13  1.1820e-10
   76    186  2.1515e-19  4.0019e-17
   76    187  5.1361e-15  9.6045e-13
   76    188  4.8088e-13  9.0405e-11
   76    189  1.5455e-12  2.9210e-10
   76    190  1.1041e-12  2.0978e-10
   76    192  1.0566e-11  2.0287e-09
   77    191  2.7588e-12  5.2694e-10
   77    193  7.7674e-13  1.4991e-10
   78    192  1.9547e-16  3.7531e-14
   78    194  2.3903e-12  4.6371e-10
   78    195  1.7367e-12  3.3866e-10
   78    196  2.6280e-12  5.1509e-10
   78    198  9.5681e-12  1.8945e-09
   79    197  3.2819e-12  6.4654e-10
   80    198  2.9187e-15  5.7790e-13
   80    199  1.7761e-12  3.5345e-10
   80    200  4.3874e-12  8.7749e-10
   80    201  7.0310e-13  1.4132e-10
   80    202  2.7934e-12  5.6426e-10
   80    204  7.1305e-12  1.4546e-09
   81    203  4.4602e-12  9.0542e-10
   81    205  1.2950e-11  2.6547e-09
   82    204  3.3705e-17  6.8759e-15
   82    206  2.8439e-11  5.8584e-09
   82    207  7.3893e-11  1.5296e-08
   82    208  3.9142e-11  8.1415e-09
   82    212  7.5286e-14  1.5961e-11
   83    209  1.3267e-10  2.7729e-08
   83    214  5.7332e-14  1.2269e-11
   86    218  1.1454e-20  2.4970e-18
   88    226  8.0435e-19  1.8178e-16
   89    227  2.8743e-19  6.5246e-17
   90    230  3.7909e-17  8.7190e-15
   90    232  9.3764e-12  2.1753e-09
   91    231  4.3092e-16  9.9542e-14
   92    234  1.2344e-16  2.8885e-14
   92    235  9.2874e-12  2.1825e-09
   92    236  3.8881e-14  9.1758e-12
   92    238  2.2457e-12  5.3447e-10
   94    240  7.6899e-18  1.8456e-15
   94    244  9.3604e-14  2.2839e-11
   96    247  5.4775e-18  1.3530e-15
   97    246  5.0879e-16  1.2516e-13
  100    258  1.4974e-11  3.8633e-09
  100    260  2.6463e-10  6.8803e-08
  100    262  7.9010e-10  2.0701e-07
  102    260  4.2538e-18  1.1060e-15
  102    261  4.1703e-10  1.0885e-07
  102    263  3.1350e-10  8.2451e-08
  102    264  1.7722e-10  4.6787e-08
  102    266  4.8835e-12  1.2990e-09
  103    265  1.4369e-10  3.8079e-08
  104    267  6.6669e-13  1.7801e-10
  104    268  1.6440e-12  4.4060e-10
  104    270  1.5417e-12  4.1626e-10
  104    272  1.0825e-12  2.9445e-10
  104    274  9.3552e-13  2.5633e-10
  105    269  7.5086e-12  2.0198e-09
  105    271  4.0653e-13  1.1017e-10
  106    273  1.2196e-12  3.3296e-10
  106    275  3.7118e-12  1.0208e-09
  106    276  1.6560e-11  4.5706e-09
  106    278  6.5023e-12  1.8076e-09
  106    280  7.4011e-11  2.0723e-08
  107    277  3.4440e-12  9.5400e-10
  108    279  9.0389e-11  2.5219e-08
  108    281  1.4065e-11  3.9523e-09
  108    282  1.9093e-09  5.3841e-07
  108    283  8.2907e-10  2.3463e-07
  108    284  4.3152e-08  1.2255e-05
  108    286  1.6698e-08  4.7757e-06
  110    285  4.8553e-08  1.3837e-05
  110    286  1.1803e-18  3.3756e-16
  110    287  5.0585e-08  1.4518e-05
  110    288  5.6117e-09  1.6162e-06
  110    290  5.9652e-09  1.7299e-06
  111    289  4.8270e-09  1.3950e-06
  111    290  4.7764e-14  1.3852e-11
  111    291  4.6240e-10  1.3456e-07
  111    292  7.0610e-09  2.0618e-06
  111    293  5.9678e-10  1.7486e-07
  111    294  3.1996e-10  9.4068e-08
  111    295  8.5901e-11  2.5341e-08
  111    296  1.1942e-10  3.5349e-08
  111    297  2.5724e-12  7.6400e-10
  111    298  2.3774e-14  7.0845e-12
  111    299  6.4971e-17  1.9426e-14
  111    300  5.0147e-16  1.5044e-13
  111    301  1.1416e-12  3.4363e-10
  111    302  7.4237e-12  2.2419e-09
  111    303  6.0579e-13  1.8355e-10
  111    304  3.2815e-13  9.9759e-11
  111    305  1.4235e-14  4.3418e-12
  111    306  9.5789e-14  2.9311e-11
  111    307  2.1253e-15  6.5246e-13
  111    308  1.7985e-15  5.5395e-13
  111    309  2.1255e-16  6.5677e-14
  111    310  1.9355e-16  6.0001e-14
  111    311  9.0933e-17  2.8280e-14
  111    312  2.8462e-17  8.8803e-15
  111    313  9.1098e-18  2.8514e-15
  111    314  1.0287e-16  3.2301e-14
  111    315  8.9094e-18  2.8065e-15
  111    316  1.4339e-17  4.5313e-15
  111    317  7.9882e-19  2.5323e-16
  111    318  3.1991e-13  1.0173e-10
  111    319  3.4495e-15  1.1004e-12
  111    320  4.7257e-14  1.5122e-11
  111    321  3.0594e-16  9.8208e-14
  111    322  3.4747e-15  1.1188e-12
  111    323  5.5144e-16  1.7812e-13
  111    324  6.2744e-16  2.0329e-13
  111    325  2.3228e-16  7.5492e-14
  111    326  1.0546e-16  3.4379e-14
  111    327  6.4557e-16  2.1110e-13
  111    328  2.0384e-16  6.6858e-14
  111    329  5.7944e-15  1.9064e-12
  111    330  8.4160e-16  2.7773e-13
  111    331  3.0935e-14  1.0239e-11
  111    332  3.1997e-15  1.0623e-12
  111    333  3.3836e-13  1.1267e-10
  111    334  2.3590e-14  7.8791e-12
  111    335  1.2286e-12  4.1156e-10
  111    336  4.6588e-14  1.5654e-11
  111    337  2.0171e-04  6.7975e-02
    1      1  4.6379e-02  4.6379e-02
    2      4  2.1989e-01  8.7954e-01


