    1      2  7.7852e-09  1.5570e-08
    2      3  6.6141e-10  1.9842e-09
    3      6  2.0278e-11  1.2167e-10
    3      7  1.2061e-09  8.4425e-09
    4      8  5.4511e-09  4.3609e-08
    4      9  2.2046e-09  1.9841e-08
    5     10  7.9003e-08  7.9003e-07
    5     11  3.1194e-09  3.4313e-08
    6     12  4.4589e-09  5.3507e-08
    6     13  1.5700e-07  2.0410e-06
    7     14  5.4091e-08  7.5727e-07
    7     15  9.0402e-06  1.3560e-04
    8     16  2.2322e-07  3.5715e-06
    8     17  7.5410e-09  1.2820e-07
    8     18  4.6399e-08  8.3519e-07
    9     19  8.0758e-07  1.5344e-05
   10     20  1.1569e-06  2.3138e-05
   10     21  5.3303e-07  1.1194e-05
   10     22  2.2131e-09  4.8687e-08
   11     23  4.7397e-07  1.0901e-05
   12     24  5.2791e-07  1.2670e-05
   12     25  6.4543e-07  1.6136e-05
   12     26  4.7325e-08  1.2304e-06
   13     26  4.2154e-19  1.0960e-17
   13     27  4.9433e-08  1.3347e-06
   14     28  1.0379e-07  2.9061e-06
   14     29  4.3262e-08  1.2546e-06
   14     30  4.6915e-08  1.4075e-06
   15     31  4.8446e-08  1.5018e-06
   16     32  5.3513e-08  1.7124e-06
   16     33  1.2554e-07  4.1429e-06
   16     34  1.2682e-07  4.3120e-06
   16     36  2.7678e-08  9.9640e-07
   17     35  4.2094e-09  1.4733e-07
   17     37  3.7784e-08  1.3980e-06
   18     36  6.4323e-20  2.3156e-18
   18     38  5.1048e-08  1.9398e-06
   18     40  2.4166e-08  9.6662e-07
   19     39  1.5883e-08  6.1944e-07
   19     41  1.3559e-07  5.5592e-06
   20     42  2.2547e-07  9.4696e-06
   20     43  3.1506e-08  1.3547e-06
   20     44  1.2909e-07  5.6801e-06
   20     46  6.3987e-08  2.9434e-06
   21     45  1.0484e-07  4.7178e-06
   22     46  8.3578e-19  3.8446e-17
   22     47  1.3785e-07  6.4788e-06
   22     48  1.8402e-07  8.8327e-06
   22     49  3.7974e-08  1.8607e-06
   22     50  1.2463e-07  6.2317e-06
   23     51  2.0302e-07  1.0354e-05
   24     52  3.4298e-07  1.7835e-05
   24     53  8.4190e-08  4.4621e-06
   24     54  7.0085e-08  3.7846e-06
   25     55  9.7655e-08  5.3710e-06
   26     56  5.9573e-08  3.3361e-06
   26     57  1.6818e-07  9.5861e-06
   26     58  2.7417e-09  1.5902e-07
   27     59  8.9326e-09  5.2702e-07
   28     60  1.3187e-08  7.9120e-07
   28     61  2.9888e-08  1.8231e-06
   28     62  7.0225e-08  4.3540e-06
   28     64  1.3122e-07  8.3979e-06
   29     63  9.2773e-07  5.8447e-05
   29     65  2.8342e-07  1.8422e-05
   30     64  1.0592e-19  6.7791e-18
   30     66  7.1648e-07  4.7288e-05
   30     67  3.8928e-07  2.6082e-05
   30     68  1.9792e-07  1.3458e-05
   30     70  3.8252e-07  2.6777e-05
   31     69  8.1405e-08  5.6169e-06
   31     71  1.6197e-07  1.1500e-05
   32     70  1.7947e-14  1.2563e-12
   32     72  5.8299e-07  4.1975e-05
   32     73  3.7005e-07  2.7014e-05
   32     74  7.0394e-07  5.2092e-05
   32     76  6.7874e-07  5.1584e-05
   33     75  4.7658e-07  3.5744e-05
   34     76  2.5473e-13  1.9360e-11
   34     77  1.8819e-06  1.4491e-04
   34     78  2.5551e-06  1.9929e-04
   34     80  1.1581e-05  9.2645e-04
   34     82  2.0542e-06  1.6845e-04
   35     79  3.4631e-06  2.7359e-04
   35     81  1.7382e-06  1.4080e-04
   36     82  4.4371e-12  3.6384e-10
   36     83  1.4989e-06  1.2441e-04
   36     84  1.1875e-06  9.9754e-05
   36     86  2.1195e-06  1.8227e-04
   37     85  9.0876e-07  7.7245e-05
   37     87  4.7365e-07  4.1207e-05
   38     86  4.6030e-18  3.9586e-16
   38     87  3.4681e-09  3.0173e-07
   38     88  6.3191e-07  5.5608e-05
   39     89  3.8254e-07  3.4046e-05
   40     90  5.2449e-07  4.7204e-05
   40     91  4.9831e-07  4.5346e-05
   40     92  1.4608e-06  1.3439e-04
   40     94  1.6699e-06  1.5697e-04
   41     93  3.0036e-06  2.7933e-04
   42     95  1.0456e-06  9.9335e-05
   42     96  4.2951e-07  4.1233e-05
   42     97  4.0131e-07  3.8927e-05
   42     98  2.7973e-07  2.7414e-05
   42    100  2.4885e-07  2.4885e-05
   44     99  1.4985e-07  1.4835e-05
   44    100  7.9973e-15  7.9973e-13
   44    101  2.2392e-07  2.2616e-05
   44    102  3.4185e-07  3.4869e-05
   44    104  3.8799e-07  4.0351e-05
   45    103  3.8476e-07  3.9630e-05
   46    104  8.3269e-16  8.6600e-14
   46    105  5.5491e-07  5.8266e-05
   46    106  4.4401e-07  4.7065e-05
   46    108  3.9545e-07  4.2708e-05
   46    110  8.9243e-07  9.8168e-05
   47    107  5.5156e-07  5.9017e-05
   47    109  5.3756e-07  5.8594e-05
   48    110  1.3784e-13  1.5163e-11
   48    111  1.3210e-07  1.4663e-05
   48    112  5.9791e-07  6.6966e-05
   48    113  3.2240e-07  3.6432e-05
   48    114  2.2416e-07  2.5554e-05
   48    116  3.0514e-08  3.5397e-06
   49    113  1.4189e-14  1.6034e-12
   49    115  1.4979e-07  1.7226e-05
   50    115  1.1951e-13  1.3744e-11
   50    116  9.8370e-16  1.1411e-13
   50    117  8.8811e-08  1.0391e-05
   50    118  8.9198e-08  1.0525e-05
   50    119  9.4492e-08  1.1245e-05
   50    120  3.2737e-07  3.9284e-05
   50    122  5.7390e-07  7.0016e-05
   50    124  2.8321e-06  3.5118e-04
   51    121  4.0056e-07  4.8468e-05
   51    123  8.0460e-07  9.8965e-05
   52    122  3.9995e-14  4.8794e-12
   52    124  5.8117e-16  7.2065e-14
   52    125  2.9709e-06  3.7136e-04
   52    126  8.4858e-06  1.0692e-03
   52    128  1.5859e-05  2.0300e-03
   52    130  2.4319e-06  3.1615e-04
   53    127  1.0163e-05  1.2907e-03
   53    129  3.2486e-14  4.1907e-12
   54    128  2.8288e-17  3.6208e-15
   54    129  1.0584e-05  1.3653e-03
   54    130  7.5568e-14  9.8238e-12
   54    131  2.2877e-06  2.9969e-04
   54    132  2.1916e-06  2.8929e-04
   54    134  1.6706e-06  2.2386e-04
   54    136  3.3380e-06  4.5397e-04
   55    133  7.6491e-07  1.0173e-04
   56    134  3.0067e-18  4.0290e-16
   56    135  1.6397e-06  2.2135e-04
   56    136  8.4916e-16  1.1549e-13
   56    137  1.7492e-06  2.3963e-04
   56    138  1.5392e-06  2.1241e-04
   57    139  2.5428e-07  3.5344e-05
   58    140  6.8169e-07  9.5437e-05
   58    142  1.6710e-07  2.3728e-05
   59    141  8.9579e-08  1.2631e-05
   60    142  9.3846e-20  1.3326e-17
   60    143  1.9954e-07  2.8534e-05
   60    144  5.9517e-07  8.5704e-05
   60    145  3.3241e-07  4.8199e-05
   60    146  7.6595e-07  1.1183e-04
   60    148  1.0332e-06  1.5292e-04
   60    150  4.8156e-07  7.2233e-05
   62    147  8.3756e-07  1.2312e-04
   62    148  1.3408e-15  1.9844e-13
   62    149  4.0552e-07  6.0422e-05
   62    150  1.7364e-12  2.6047e-10
   62    152  1.0587e-06  1.6092e-04
   62    154  9.8915e-07  1.5233e-04
   63    151  7.1106e-07  1.0737e-04
   63    153  6.1936e-07  9.4762e-05
   64    154  5.9222e-14  9.1202e-12
   64    155  7.4570e-07  1.1558e-04
   64    156  1.0382e-06  1.6195e-04
   64    157  6.1996e-07  9.7334e-05
   64    158  1.1267e-06  1.7802e-04
   64    160  9.6925e-07  1.5508e-04
   65    159  8.2897e-07  1.3181e-04
   66    160  3.8494e-14  6.1591e-12
   66    161  5.4202e-07  8.7266e-05
   66    162  1.0971e-06  1.7773e-04
   66    163  6.9619e-07  1.1348e-04
   66    164  2.2081e-06  3.6213e-04
   67    165  9.7166e-07  1.6032e-04
   68    166  1.7108e-06  2.8399e-04
   68    167  1.0120e-06  1.6900e-04
   68    168  1.7243e-06  2.8968e-04
   68    170  1.1720e-06  1.9924e-04
   69    169  1.6528e-06  2.7932e-04
   70    170  1.4075e-14  2.3928e-12
   70    171  8.4450e-07  1.4441e-04
   70    172  6.8885e-07  1.1848e-04
   70    173  1.1427e-06  1.9770e-04
   70    174  2.0311e-06  3.5342e-04
   70    176  1.4482e-06  2.5488e-04
   71    175  1.0240e-06  1.7921e-04
   71    176  5.0397e-15  8.8698e-13
   72    176  4.7184e-17  8.3044e-15
   72    177  9.5127e-07  1.6837e-04
   72    178  8.0174e-07  1.4271e-04
   72    179  5.4588e-07  9.7712e-05
   72    180  6.4657e-07  1.1638e-04
   72    182  1.2084e-20  2.1993e-18
   73    181  6.3008e-07  1.1404e-04
   74    182  1.0252e-06  1.8659e-04
   74    183  3.7682e-07  6.8958e-05
   74    184  1.9903e-06  3.6622e-04
   74    186  6.6819e-06  1.2428e-03
   75    185  9.3612e-07  1.7318e-04
   75    187  4.4014e-06  8.2307e-04
   76    186  6.7070e-17  1.2475e-14
   76    187  3.5771e-08  6.6892e-06
   76    188  9.8395e-06  1.8498e-03
   76    189  1.0382e-05  1.9621e-03
   76    190  4.0311e-05  7.6591e-03
   76    192  3.5869e-05  6.8869e-03
   77    191  3.3179e-05  6.3372e-03
   77    193  3.5191e-05  6.7918e-03
   78    192  1.5708e-13  3.0159e-11
   78    194  6.2372e-05  1.2100e-02
   78    195  6.0223e-05  1.1744e-02
   78    196  6.4181e-05  1.2579e-02
   78    198  3.7550e-05  7.4349e-03
   79    197  5.0733e-05  9.9945e-03
   80    198  1.3620e-12  2.6967e-10
   80    199  1.0150e-05  2.0198e-03
   80    200  2.4712e-06  4.9423e-04
   80    201  3.5156e-07  7.0663e-05
   80    202  4.9729e-07  1.0045e-04
   80    204  1.2136e-06  2.4757e-04
   80    206  4.5564e-16  9.3862e-14
   81    203  1.0610e-06  2.1539e-04
   81    205  1.8771e-07  3.8481e-05
   81    207  1.5581e-19  3.2253e-17
   82    204  2.1183e-16  4.3213e-14
   82    206  2.2935e-05  4.7245e-03
   82    207  2.1462e-05  4.4427e-03
   82    208  1.7544e-05  3.6491e-03
   82    210  5.8489e-14  1.2283e-11
   82    211  1.1856e-18  2.5015e-16
   82    212  1.9526e-18  4.1396e-16
   82    214  1.3431e-19  2.8742e-17
   83    209  2.7566e-05  5.7614e-03
   83    210  3.6129e-17  7.5871e-15
   83    211  7.0149e-20  1.4802e-17
   83    212  1.8513e-19  3.9247e-17
   83    214  9.9293e-20  2.1249e-17
   84    210  9.9755e-16  2.0948e-13
   84    218  1.5510e-20  3.3811e-18
   86    222  2.7536e-17  6.1130e-15
   88    223  5.3975e-16  1.2037e-13
   88    224  1.6009e-17  3.5861e-15
   88    226  4.2135e-12  9.5225e-10
   88    228  9.2278e-15  2.1039e-12
   89    227  3.7535e-13  8.5205e-11
   89    228  1.1268e-18  2.5691e-16
   90    227  8.6750e-16  1.9692e-13
   90    228  3.0744e-15  7.0097e-13
   90    230  1.9858e-10  4.5673e-08
   90    231  5.0208e-17  1.1598e-14
   90    232  2.2535e-05  5.2280e-03
   90    234  1.7354e-16  4.0609e-14
   91    231  5.6273e-10  1.2999e-07
   91    234  2.0108e-18  4.7052e-16
   92    234  6.4663e-10  1.5131e-07
   92    235  1.2128e-05  2.8502e-03
   92    236  7.5265e-08  1.7763e-05
   92    238  1.1764e-05  2.7997e-03
   92    240  3.6521e-18  8.7650e-16
   93    240  2.6671e-19  6.4010e-17
   94    239  5.3351e-17  1.2751e-14
   94    240  1.4900e-11  3.5760e-09
   94    244  1.8137e-07  4.4254e-05
   95    243  1.6309e-17  3.9632e-15
   96    244  4.9225e-17  1.2011e-14
   96    247  3.4423e-14  8.5024e-12
   97    246  2.7158e-09  6.6809e-07
  100    258  4.3158e-06  1.1135e-03
  100    260  4.6587e-06  1.2113e-03
  100    262  4.3749e-06  1.1462e-03
  102    260  2.4165e-17  6.2829e-15
  102    261  3.6677e-06  9.5727e-04
  102    263  3.3842e-06  8.9004e-04
  102    264  7.0307e-06  1.8561e-03
  102    266  9.0532e-06  2.4081e-03
  103    265  5.8953e-06  1.5622e-03
  104    267  6.9134e-06  1.8459e-03
  104    268  4.3720e-06  1.1717e-03
  104    270  8.9259e-06  2.4100e-03
  104    272  2.9682e-06  8.0734e-04
  104    274  3.4846e-06  9.5478e-04
  105    269  1.0580e-05  2.8460e-03
  105    271  4.6360e-06  1.2563e-03
  106    273  3.0014e-06  8.1939e-04
  106    275  7.4430e-07  2.0468e-04
  106    276  8.2150e-07  2.2674e-04
  106    278  9.5297e-08  2.6492e-05
  106    280  1.4452e-09  4.0465e-07
  107    277  9.9872e-08  2.7664e-05
  108    279  1.4713e-08  4.1048e-06
  108    281  1.9696e-10  5.5347e-08
  108    282  7.9421e-11  2.2397e-08
  108    283  1.3960e-12  3.9506e-10
  108    284  4.8756e-12  1.3847e-09
  108    286  1.2438e-11  3.5574e-09
  110    285  4.5903e-13  1.3082e-10
  110    287  1.5932e-11  4.5724e-09
  110    288  3.5084e-12  1.0104e-09
  110    290  1.9496e-11  5.6539e-09
  111    289  3.5139e-12  1.0155e-09
  111    291  2.0292e-19  5.9049e-17
  111    292  6.5794e-11  1.9212e-08
  111    293  1.4705e-11  4.3087e-09
  111    294  4.0606e-11  1.1938e-08
  111    295  1.0002e-11  2.9505e-09
  111    296  2.8184e-12  8.3424e-10
  111    297  1.9827e-12  5.8885e-10
  111    298  4.7516e-14  1.4160e-11
  111    299  4.7544e-16  1.4216e-13
  111    300  5.4909e-15  1.6473e-12
  111    301  1.0813e-10  3.2547e-08
  111    302  4.8046e-11  1.4510e-08
  111    303  5.1176e-11  1.5506e-08
  111    304  1.0154e-10  3.0868e-08
  111    305  1.1547e-10  3.5218e-08
  111    306  3.1469e-10  9.6294e-08
  111    307  1.5403e-10  4.7288e-08
  111    308  1.7250e-10  5.3129e-08
  111    309  1.9155e-10  5.9188e-08
  111    310  1.8248e-10  5.6568e-08
  111    311  1.9740e-10  6.1391e-08
  111    312  2.1827e-10  6.8101e-08
  111    313  1.5297e-10  4.7879e-08
  111    314  1.5994e-10  5.0221e-08
  111    315  1.4348e-10  4.5198e-08
  111    316  2.1541e-10  6.8070e-08
  111    317  1.4819e-10  4.6976e-08
  111    318  1.5850e-10  5.0404e-08
  111    319  2.0718e-10  6.6092e-08
  111    320  3.1977e-10  1.0233e-07
  111    321  1.2304e-10  3.9494e-08
  111    322  2.0853e-10  6.7147e-08
  111    323  1.8750e-10  6.0562e-08
  111    324  2.0906e-10  6.7734e-08
  111    325  1.1182e-10  3.6342e-08
  111    326  2.0929e-10  6.8230e-08
  111    327  1.2648e-10  4.1358e-08
  111    328  1.7201e-10  5.6421e-08
  111    329  2.3050e-10  7.5834e-08
  111    330  1.5731e-11  5.1913e-09
  111    331  1.8559e-10  6.1432e-08
  111    332  7.2685e-11  2.4132e-08
  111    333  1.3092e-11  4.3597e-09
  111    334  3.3780e-12  1.1282e-09
  111    335  4.7462e-12  1.5900e-09
  111    336  6.4685e-13  2.1734e-10
  111    337  1.5097e-11  5.0878e-09
    1      1  3.0311e-08  3.0311e-08
    2      4  2.0879e-01  8.3516e-01


