1  3.1987e-11
2  9.6332e-26
3  3.8213e-27
4  4.3011e-02
5  0.0000e+00
6  8.8108e-37
7  3.6967e-25
8  6.2570e-20
9  1.8937e-31
10  8.4617e-19
11  1.0816e-27
12  4.5995e-06
13  2.2668e-12
14  1.6275e-18
15  3.6268e-21
16  9.9528e-09
17  1.2798e-18
18  2.2744e-23
19  2.3635e-21
20  1.0900e-08
21  1.9023e-15
22  7.6948e-20
23  5.1142e-13
24  1.2704e-08
25  1.1617e-13
26  1.1943e-11
27  1.6548e-09
28  6.1531e-08
29  2.6007e-10
30  2.3731e-08
31  9.3153e-09
32  8.5847e-08
33  5.7621e-09
34  1.4391e-07
35  3.2939e-08
36  5.2414e-08
37  1.2838e-08
38  6.2131e-07
39  3.6720e-08
40  2.0253e-07
41  1.6278e-08
42  1.2387e-06
43  6.8638e-08
44  4.8172e-08
45  3.0038e-07
46  1.0957e-06
47  2.0266e-07
48  4.6877e-07
49  1.0102e-06
50  7.1829e-07
51  2.9060e-07
52  6.7142e-07
53  1.3139e-06
54  4.0155e-06
55  6.1667e-07
56  1.4131e-06
57  5.1040e-06
58  2.0097e-03
59  3.0134e-04
60  8.0494e-03
61  1.3687e-04
62  1.5045e-04
63  5.0634e-05
64  2.7369e-03
65  1.4782e-05
66  3.6611e-05
67  6.5409e-06
68  1.2201e-04
69  1.3781e-06
70  1.3682e-05
71  2.0521e-07
72  2.0069e-06
73  9.5096e-08
74  1.8604e-06
75  2.2084e-08
76  4.3897e-08
77  1.2334e-08
78  3.4947e-07
79  9.5005e-09
80  3.2339e-08
81  2.5185e-09
82  3.4962e-08
83  4.6634e-09
84  3.9111e-08
85  1.8989e-09
86  3.1699e-09
87  1.5987e-09
88  1.3772e-08
89  5.1160e-09
90  1.6283e-07
91  2.7503e-08
92  1.4046e-07
93  7.5333e-10
94  7.4740e-11
95  5.8598e-12
96  7.0887e-12
97  5.8900e-14
98  1.2753e-14
99  3.1124e-16
100  2.1812e-16
101  3.7770e-18
102  2.5292e-18
103  1.4592e-20
104  1.6961e-21
105  7.3677e-23
106  6.9569e-23
107  4.4708e-25
108  1.0516e-25
109  9.7793e-28
110  1.8276e-28
111  2.7538e-30
112  2.7591e-33
113  0.0000e+00
114  0.0000e+00
115  0.0000e+00
116  0.0000e+00
117  0.0000e+00
118  0.0000e+00
119  0.0000e+00
120  0.0000e+00
121  0.0000e+00
122  0.0000e+00
123  0.0000e+00
124  0.0000e+00
125  0.0000e+00
126  0.0000e+00
127  0.0000e+00
128  0.0000e+00
129  0.0000e+00
130  0.0000e+00
131  0.0000e+00
132  0.0000e+00
133  0.0000e+00
134  0.0000e+00
135  0.0000e+00
136  0.0000e+00
137  0.0000e+00
138  0.0000e+00
139  0.0000e+00
140  0.0000e+00
141  0.0000e+00
142  0.0000e+00
143  0.0000e+00
144  0.0000e+00
145  0.0000e+00
146  0.0000e+00
147  0.0000e+00
148  0.0000e+00
149  0.0000e+00
150  0.0000e+00
151  0.0000e+00
152  0.0000e+00
153  0.0000e+00
154  0.0000e+00
155  0.0000e+00
156  0.0000e+00
157  0.0000e+00
158  0.0000e+00
159  0.0000e+00
160  0.0000e+00
161  0.0000e+00
162  0.0000e+00
163  0.0000e+00
164  0.0000e+00
165  0.0000e+00
166  0.0000e+00
167  0.0000e+00
168  0.0000e+00
169  0.0000e+00
170  0.0000e+00
171  0.0000e+00
172  0.0000e+00
173  0.0000e+00
174  0.0000e+00
175  0.0000e+00
176  0.0000e+00
177  0.0000e+00
178  0.0000e+00
179  0.0000e+00
180  0.0000e+00
181  0.0000e+00
182  0.0000e+00
183  0.0000e+00
184  0.0000e+00
185  0.0000e+00
186  0.0000e+00
187  0.0000e+00
188  0.0000e+00
189  0.0000e+00
190  0.0000e+00
191  0.0000e+00
192  0.0000e+00
193  0.0000e+00
194  0.0000e+00
195  0.0000e+00
196  0.0000e+00
197  0.0000e+00
198  0.0000e+00
199  0.0000e+00
200  0.0000e+00
201  0.0000e+00
202  0.0000e+00
203  0.0000e+00
204  0.0000e+00
205  0.0000e+00
206  0.0000e+00
207  0.0000e+00
208  0.0000e+00
209  0.0000e+00
210  0.0000e+00
211  0.0000e+00
212  0.0000e+00
213  0.0000e+00
214  0.0000e+00
215  0.0000e+00
216  0.0000e+00
217  0.0000e+00
218  0.0000e+00
219  0.0000e+00
220  0.0000e+00
221  0.0000e+00
222  0.0000e+00
223  0.0000e+00
224  0.0000e+00
225  0.0000e+00
226  0.0000e+00
227  0.0000e+00
228  0.0000e+00
229  0.0000e+00
230  0.0000e+00
231  0.0000e+00
232  0.0000e+00
233  0.0000e+00
234  0.0000e+00
235  0.0000e+00
236  0.0000e+00
237  0.0000e+00
238  0.0000e+00
239  0.0000e+00
240  0.0000e+00
241  0.0000e+00
242  0.0000e+00
243  0.0000e+00
244  0.0000e+00
245  0.0000e+00
246  0.0000e+00
247  0.0000e+00
248  0.0000e+00
249  0.0000e+00
250  0.0000e+00
251  0.0000e+00
252  0.0000e+00
253  0.0000e+00
254  0.0000e+00
255  0.0000e+00
256  0.0000e+00
257  0.0000e+00
258  0.0000e+00
259  0.0000e+00
260  0.0000e+00
261  0.0000e+00
262  0.0000e+00
263  0.0000e+00
264  0.0000e+00
265  0.0000e+00
266  0.0000e+00
267  0.0000e+00
268  0.0000e+00
269  0.0000e+00
270  0.0000e+00
271  0.0000e+00
272  0.0000e+00
273  0.0000e+00
274  0.0000e+00
275  0.0000e+00
276  0.0000e+00
277  0.0000e+00
278  0.0000e+00
279  0.0000e+00
280  0.0000e+00
281  0.0000e+00
282  0.0000e+00
283  0.0000e+00
284  0.0000e+00
285  0.0000e+00
286  0.0000e+00
287  0.0000e+00
288  0.0000e+00
289  0.0000e+00
290  0.0000e+00
291  0.0000e+00
292  0.0000e+00
293  0.0000e+00
294  0.0000e+00
295  0.0000e+00
296  0.0000e+00
297  0.0000e+00
298  0.0000e+00
299  0.0000e+00
300  0.0000e+00
301  0.0000e+00
302  0.0000e+00
303  0.0000e+00
304  0.0000e+00
305  0.0000e+00
306  0.0000e+00
307  0.0000e+00
308  0.0000e+00
309  0.0000e+00
310  0.0000e+00
311  0.0000e+00
312  0.0000e+00
313  0.0000e+00
314  0.0000e+00
315  0.0000e+00
316  0.0000e+00
317  0.0000e+00
318  0.0000e+00
319  0.0000e+00
320  0.0000e+00
321  0.0000e+00
322  0.0000e+00
323  0.0000e+00
324  0.0000e+00
325  0.0000e+00
326  0.0000e+00
327  0.0000e+00
328  0.0000e+00
329  0.0000e+00
330  0.0000e+00
331  0.0000e+00
332  0.0000e+00
333  0.0000e+00
334  0.0000e+00
335  0.0000e+00
336  0.0000e+00
337  0.0000e+00

