1  2.8555e-10
2  1.1294e-15
3  9.8419e-21
4  2.1034e-01
5  0.0000e+00
6  7.4984e-19
7  7.0016e-20
8  2.0396e-18
9  1.6173e-18
10  1.5800e-18
11  3.8812e-21
12  7.9309e-08
13  4.8210e-14
14  2.5670e-17
15  3.0265e-12
16  3.4672e-09
17  1.4833e-15
18  6.1011e-14
19  1.0719e-13
20  1.3994e-09
21  4.3569e-13
22  5.9858e-14
23  7.4444e-14
24  3.2902e-10
25  1.2721e-10
26  1.1628e-09
27  1.2416e-09
28  6.2202e-09
29  3.0870e-09
30  9.5533e-09
31  2.8392e-09
32  5.3956e-09
33  9.1631e-09
34  8.5327e-08
35  4.9870e-08
36  9.2367e-08
37  3.8025e-08
38  6.6614e-08
39  2.3216e-09
40  1.5517e-09
41  7.1680e-09
42  2.1406e-08
43  3.4015e-07
44  6.1750e-07
45  1.7390e-08
46  2.4985e-07
47  5.0297e-07
48  1.1281e-06
49  7.5977e-08
50  2.5983e-07
51  4.4124e-07
52  2.6623e-07
53  2.1378e-06
54  4.5716e-06
55  1.4409e-07
56  4.2620e-07
57  2.8013e-08
58  2.4656e-08
59  2.0228e-08
60  1.0238e-08
61  5.5773e-08
62  1.7024e-07
63  2.1440e-07
64  1.7403e-08
65  1.4666e-07
66  1.0851e-06
67  1.0118e-06
68  3.3205e-07
69  1.7757e-07
70  4.9454e-07
71  7.4817e-08
72  3.3034e-07
73  7.2330e-06
74  3.1292e-06
75  1.0154e-06
76  3.5507e-06
77  1.2097e-05
78  1.7569e-05
79  9.2579e-06
80  2.9308e-05
81  1.1761e-06
82  2.6303e-06
83  3.5573e-06
84  9.6739e-07
85  7.6048e-06
86  2.2110e-05
87  3.5170e-06
88  4.6176e-06
89  1.3062e-05
90  5.1620e-05
91  7.6277e-06
92  1.8099e-05
93  1.5124e-05
94  4.3803e-06
95  9.5387e-08
96  7.5750e-08
97  8.6811e-07
98  6.5890e-06
99  1.4366e-05
100  3.7921e-05
101  7.6283e-05
102  2.3626e-05
103  6.0460e-06
104  1.8390e-05
105  9.4149e-05
106  1.6138e-04
107  7.3535e-05
108  8.8249e-05
109  1.6825e-04
110  2.1987e-04
111  2.9335e-05
112  5.1680e-05
113  2.5405e-05
114  3.0096e-05
115  9.7299e-06
116  1.6304e-06
117  7.6598e-06
118  5.3588e-06
119  3.0909e-06
120  7.2531e-06
121  3.5443e-06
122  4.7129e-06
123  2.8402e-06
124  7.6303e-06
125  1.6059e-05
126  3.5925e-05
127  1.6288e-05
128  9.2795e-06
129  2.5282e-06
130  4.2703e-08
131  9.4348e-10
132  4.5171e-11
133  4.5661e-12
134  2.6973e-13
135  4.3823e-14
136  2.4313e-15
137  2.7034e-16
138  7.1037e-16
139  2.4777e-16
140  5.0583e-16
141  6.5506e-17
142  4.8856e-17
143  2.5618e-17
144  4.3078e-18
145  6.4480e-19
146  2.1111e-18
147  2.2234e-18
148  2.9409e-18
149  1.1185e-18
150  9.4575e-19
151  2.8317e-19
152  7.7508e-19
153  4.1914e-19
154  2.9791e-19
155  3.2800e-19
156  2.5664e-20
157  4.3679e-20
158  3.4862e-20
159  2.9237e-21
160  5.6342e-21
161  5.9613e-21
162  2.8222e-21
163  1.7873e-21
164  2.7402e-21
165  1.5511e-21
166  3.1430e-21
167  9.9764e-22
168  6.5624e-22
169  7.7528e-22
170  1.5838e-22
171  5.5552e-23
172  3.2714e-23
173  1.3267e-23
174  1.0200e-23
175  2.4826e-24
176  1.8614e-24
177  5.4204e-25
178  0.0000e+00
179  0.0000e+00
180  0.0000e+00
181  0.0000e+00
182  0.0000e+00
183  0.0000e+00
184  0.0000e+00
185  0.0000e+00
186  0.0000e+00
187  0.0000e+00
188  0.0000e+00
189  0.0000e+00
190  0.0000e+00
191  0.0000e+00
192  0.0000e+00
193  0.0000e+00
194  0.0000e+00
195  0.0000e+00
196  0.0000e+00
197  0.0000e+00
198  0.0000e+00
199  0.0000e+00
200  0.0000e+00
201  0.0000e+00
202  0.0000e+00
203  0.0000e+00
204  0.0000e+00
205  0.0000e+00
206  0.0000e+00
207  0.0000e+00
208  0.0000e+00
209  0.0000e+00
210  0.0000e+00
211  0.0000e+00
212  0.0000e+00
213  0.0000e+00
214  0.0000e+00
215  0.0000e+00
216  0.0000e+00
217  0.0000e+00
218  0.0000e+00
219  0.0000e+00
220  0.0000e+00
221  0.0000e+00
222  0.0000e+00
223  0.0000e+00
224  0.0000e+00
225  0.0000e+00
226  0.0000e+00
227  0.0000e+00
228  0.0000e+00
229  0.0000e+00
230  0.0000e+00
231  0.0000e+00
232  0.0000e+00
233  0.0000e+00
234  0.0000e+00
235  0.0000e+00
236  0.0000e+00
237  0.0000e+00
238  0.0000e+00
239  0.0000e+00
240  0.0000e+00
241  0.0000e+00
242  0.0000e+00
243  0.0000e+00
244  0.0000e+00
245  0.0000e+00
246  0.0000e+00
247  0.0000e+00
248  0.0000e+00
249  0.0000e+00
250  0.0000e+00
251  0.0000e+00
252  0.0000e+00
253  0.0000e+00
254  0.0000e+00
255  0.0000e+00
256  0.0000e+00
257  0.0000e+00
258  0.0000e+00
259  0.0000e+00
260  0.0000e+00
261  0.0000e+00
262  0.0000e+00
263  0.0000e+00
264  0.0000e+00
265  0.0000e+00
266  0.0000e+00
267  0.0000e+00
268  0.0000e+00
269  0.0000e+00
270  0.0000e+00
271  0.0000e+00
272  0.0000e+00
273  0.0000e+00
274  0.0000e+00
275  0.0000e+00
276  0.0000e+00
277  0.0000e+00
278  0.0000e+00
279  0.0000e+00
280  0.0000e+00
281  0.0000e+00
282  0.0000e+00
283  0.0000e+00
284  0.0000e+00
285  0.0000e+00
286  0.0000e+00
287  0.0000e+00
288  0.0000e+00
289  0.0000e+00
290  0.0000e+00
291  0.0000e+00
292  0.0000e+00
293  0.0000e+00
294  0.0000e+00
295  0.0000e+00
296  0.0000e+00
297  0.0000e+00
298  0.0000e+00
299  0.0000e+00
300  0.0000e+00
301  0.0000e+00
302  0.0000e+00
303  0.0000e+00
304  0.0000e+00
305  0.0000e+00
306  0.0000e+00
307  0.0000e+00
308  0.0000e+00
309  0.0000e+00
310  0.0000e+00
311  0.0000e+00
312  0.0000e+00
313  0.0000e+00
314  0.0000e+00
315  0.0000e+00
316  0.0000e+00
317  0.0000e+00
318  0.0000e+00
319  0.0000e+00
320  0.0000e+00
321  0.0000e+00
322  0.0000e+00
323  0.0000e+00
324  0.0000e+00
325  0.0000e+00
326  0.0000e+00
327  0.0000e+00
328  0.0000e+00
329  0.0000e+00
330  0.0000e+00
331  0.0000e+00
332  0.0000e+00
333  0.0000e+00
334  0.0000e+00
335  0.0000e+00
336  0.0000e+00
337  0.0000e+00

