1  1.0389e-08
2  2.3186e-01
3  7.1868e-10
4  1.4875e-09
5  1.9892e-08
6  1.1620e-07
7  3.7524e-06
8  1.2850e-07
9  3.6445e-07
10  8.4755e-07
11  6.1038e-07
12  5.5481e-07
13  1.4015e-07
14  4.7877e-07
15  4.2203e-08
16  1.2591e-06
17  3.2015e-08
18  6.0696e-08
19  1.0818e-07
20  3.9920e-07
21  5.9809e-08
22  1.6546e-07
23  1.2818e-08
24  1.2836e-07
25  1.2874e-08
26  1.2270e-07
27  4.2614e-09
28  1.0653e-07
29  1.7834e-07
30  3.5396e-07
31  4.2726e-08
32  1.0853e-06
33  8.2265e-07
34  5.1300e-06
35  2.0333e-06
36  1.1798e-06
37  6.1552e-07
38  1.4538e-07
39  5.7328e-08
40  6.6513e-07
41  1.3427e-07
42  4.4108e-07
43  2.0126e-33
44  1.8994e-07
45  6.4618e-08
46  6.3579e-07
47  3.2997e-07
48  1.7877e-07
49  1.5949e-08
50  2.5588e-06
51  5.4372e-07
52  1.9760e-05
53  4.5120e-06
54  1.1574e-05
55  1.3654e-06
56  1.8530e-06
57  2.3537e-07
58  9.2820e-07
59  1.4125e-06
60  5.9306e-07
61  1.8525e-84
62  5.5722e-07
63  2.1326e-07
64  1.2796e-06
65  1.4521e-07
66  1.2887e-06
67  3.1343e-07
68  1.9075e-06
69  5.9296e-07
70  1.7753e-06
71  3.0137e-07
72  1.1507e-06
73  2.1301e-07
74  8.6102e-07
75  4.4690e-07
76  2.2890e-05
77  3.0438e-05
78  9.3848e-05
79  8.8061e-06
80  1.8642e-06
81  8.4204e-07
82  4.1004e-05
83  2.0660e-05
84  6.8741e-16
85  2.2540e-26
86  1.8978e-17
87  6.5091e-21
88  3.5384e-11
89  2.4547e-13
90  1.4218e-05
91  3.6800e-10
92  1.6083e-05
93  1.6025e-19
94  1.0898e-07
95  1.1356e-17
96  2.3993e-14
97  1.5456e-09
98  -1.8897e-314
99  9.3872e-322
100  9.1260e-06
101  4.8684e-313
102  1.1922e-05
103  2.4843e-06
104  1.1501e-05
105  5.5291e-06
106  5.7346e-06
107  4.1715e-07
108  1.9290e-07
109  -1.1477e-320
110  9.1523e-08
111  3.5268e-07
112  0.0000e+00
113  0.0000e+00
114  0.0000e+00
115  0.0000e+00
116  0.0000e+00
117  0.0000e+00
118  0.0000e+00

