    1      2  5.7984e-09  1.1597e-08
    2      3  5.3847e-10  1.6154e-09
    3      6  1.6374e-11  9.8243e-11
    3      7  5.4686e-10  3.8280e-09
    4      8  6.8358e-10  5.4686e-09
    4      9  2.4585e-10  2.2126e-09
    5     10  8.9428e-09  8.9428e-08
    5     11  2.1780e-09  2.3958e-08
    6     12  1.9112e-09  2.2935e-08
    6     13  1.1039e-07  1.4350e-06
    7     14  1.2227e-07  1.7117e-06
    7     15  3.2581e-06  4.8871e-05
    8     16  9.3037e-08  1.4886e-06
    8     17  2.9858e-09  5.0758e-08
    8     18  2.0917e-08  3.7650e-07
    9     19  3.4816e-07  6.6150e-06
   10     20  4.9852e-07  9.9705e-06
   10     21  3.1513e-07  6.6178e-06
   10     22  3.3349e-09  7.3369e-08
   11     23  6.2398e-07  1.4352e-05
   12     24  2.1442e-07  5.1460e-06
   12     25  2.8632e-07  7.1580e-06
   12     26  3.2642e-08  8.4869e-07
   13     26  1.8110e-19  4.7085e-18
   13     27  1.6095e-07  4.3456e-06
   14     28  4.1117e-07  1.1513e-05
   14     29  9.0906e-08  2.6363e-06
   14     30  5.8127e-08  1.7438e-06
   15     31  4.7556e-08  1.4742e-06
   16     32  1.0596e-07  3.3907e-06
   16     33  7.2935e-07  2.4069e-05
   16     34  5.6708e-07  1.9281e-05
   16     36  2.3916e-08  8.6098e-07
   17     35  2.1867e-08  7.6534e-07
   17     37  1.2493e-08  4.6222e-07
   18     36  6.3488e-20  2.2856e-18
   18     38  5.2897e-08  2.0101e-06
   18     40  1.7825e-08  7.1301e-07
   19     39  4.4998e-08  1.7549e-06
   19     41  8.2558e-08  3.3849e-06
   20     42  3.0425e-07  1.2779e-05
   20     43  8.1093e-08  3.4870e-06
   20     44  6.4979e-08  2.8591e-06
   20     46  3.0766e-08  1.4153e-06
   21     45  6.9637e-08  3.1336e-06
   22     47  3.7195e-08  1.7481e-06
   22     48  7.5927e-08  3.6445e-06
   22     49  5.1409e-08  2.5190e-06
   22     50  4.3934e-08  2.1967e-06
   23     51  1.4540e-08  7.4156e-07
   24     52  7.5763e-08  3.9397e-06
   24     53  6.1106e-08  3.2386e-06
   24     54  3.0113e-08  1.6261e-06
   25     55  2.0117e-08  1.1064e-06
   26     56  4.4861e-08  2.5122e-06
   26     57  1.0288e-07  5.8642e-06
   26     58  3.9466e-09  2.2890e-07
   27     59  4.9334e-09  2.9107e-07
   28     60  1.0192e-08  6.1155e-07
   28     61  1.7510e-08  1.0681e-06
   28     62  2.2589e-08  1.4005e-06
   28     64  8.7844e-08  5.6220e-06
   29     63  1.3555e-07  8.5396e-06
   29     65  6.9814e-08  4.5379e-06
   30     66  1.7147e-07  1.1317e-05
   30     67  7.2419e-08  4.8521e-06
   30     68  5.5898e-08  3.8011e-06
   30     70  8.7993e-08  6.1595e-06
   31     69  3.1133e-08  2.1482e-06
   31     71  1.7636e-08  1.2522e-06
   32     70  3.0814e-16  2.1570e-14
   32     72  5.6311e-08  4.0544e-06
   32     73  4.8271e-08  3.5238e-06
   32     74  2.7231e-07  2.0151e-05
   32     76  1.0105e-06  7.6799e-05
   33     75  1.0555e-06  7.9164e-05
   34     76  5.4414e-14  4.1355e-12
   34     77  7.9480e-07  6.1200e-05
   34     78  9.8588e-07  7.6899e-05
   34     80  3.7710e-06  3.0168e-04
   34     82  2.0489e-07  1.6801e-05
   35     79  1.5839e-06  1.2512e-04
   35     81  8.2999e-07  6.7229e-05
   36     82  5.1910e-14  4.2567e-12
   36     83  5.0618e-07  4.2013e-05
   36     84  2.8672e-07  2.4084e-05
   36     86  6.1877e-07  5.3214e-05
   37     85  2.6546e-07  2.2564e-05
   37     87  4.6335e-07  4.0312e-05
   38     87  3.3928e-09  2.9517e-07
   38     88  1.6439e-07  1.4466e-05
   39     89  6.2500e-08  5.5625e-06
   40     90  1.0629e-07  9.5659e-06
   40     91  3.9177e-08  3.5651e-06
   40     92  1.9750e-07  1.8170e-05
   40     94  4.8502e-07  4.5592e-05
   41     93  1.7188e-07  1.5985e-05
   42     95  2.0774e-07  1.9736e-05
   42     96  1.4093e-07  1.3529e-05
   42     97  8.0927e-08  7.8500e-06
   42     98  3.1694e-08  3.1061e-06
   42    100  4.5453e-08  4.5453e-06
   44     99  3.4803e-08  3.4455e-06
   44    100  6.7794e-15  6.7794e-13
   44    101  7.0444e-08  7.1148e-06
   44    102  6.7289e-08  6.8635e-06
   44    104  1.0608e-07  1.1033e-05
   45    103  9.1335e-08  9.4075e-06
   46    104  2.8395e-19  2.9531e-17
   46    105  1.0665e-07  1.1199e-05
   46    106  2.1362e-07  2.2644e-05
   46    108  2.6742e-07  2.8882e-05
   46    110  2.0363e-07  2.2399e-05
   47    107  1.9570e-07  2.0940e-05
   47    109  1.9974e-07  2.1772e-05
   48    110  3.8370e-15  4.2207e-13
   48    111  4.0638e-08  4.5108e-06
   48    112  7.4689e-08  8.3652e-06
   48    113  2.6373e-08  2.9802e-06
   48    114  1.7819e-08  2.0314e-06
   48    116  6.6086e-09  7.6659e-07
   49    113  1.1607e-15  1.3116e-13
   49    115  1.1530e-08  1.3259e-06
   50    115  9.1993e-15  1.0579e-12
   50    116  9.6226e-16  1.1162e-13
   50    117  1.6455e-08  1.9253e-06
   50    118  2.7366e-08  3.2292e-06
   50    119  2.8031e-08  3.3357e-06
   50    120  1.6716e-07  2.0059e-05
   50    122  5.1056e-07  6.2288e-05
   50    124  2.8694e-06  3.5581e-04
   51    121  1.9891e-07  2.4069e-05
   51    123  6.6558e-07  8.1867e-05
   52    122  2.1136e-15  2.5786e-13
   52    124  6.5012e-17  8.0615e-15
   52    125  4.2351e-06  5.2939e-04
   52    126  9.2887e-06  1.1704e-03
   52    128  5.2817e-06  6.7606e-04
   52    130  8.2796e-06  1.0763e-03
   53    127  5.6523e-06  7.1784e-04
   53    129  3.2556e-14  4.1998e-12
   54    128  2.0909e-16  2.6764e-14
   54    129  9.9175e-06  1.2794e-03
   54    130  1.7036e-14  2.2147e-12
   54    131  4.3464e-06  5.6938e-04
   54    132  1.7858e-06  2.3572e-04
   54    134  2.6591e-06  3.5632e-04
   54    136  1.0375e-06  1.4110e-04
   55    133  2.4557e-06  3.2660e-04
   56    134  3.5963e-18  4.8191e-16
   56    135  1.2582e-06  1.6985e-04
   56    136  1.1185e-15  1.5212e-13
   56    137  1.0243e-06  1.4033e-04
   56    138  1.1290e-06  1.5580e-04
   57    139  4.2141e-07  5.8576e-05
   58    140  6.4617e-07  9.0464e-05
   58    142  1.2592e-06  1.7881e-04
   59    141  3.1408e-06  4.4285e-04
   60    142  5.0202e-18  7.1287e-16
   60    143  2.2197e-07  3.1742e-05
   60    144  1.1094e-07  1.5975e-05
   60    145  6.6202e-08  9.5993e-06
   60    146  1.2340e-07  1.8016e-05
   60    148  2.4722e-07  3.6588e-05
   60    150  2.3675e-07  3.5512e-05
   62    147  1.5696e-07  2.3073e-05
   62    148  2.7916e-14  4.1316e-12
   62    149  1.7552e-07  2.6152e-05
   62    150  1.4555e-13  2.1833e-11
   62    152  3.1540e-07  4.7941e-05
   62    154  5.0038e-07  7.7059e-05
   63    151  2.2563e-07  3.4071e-05
   63    153  2.2485e-07  3.4401e-05
   64    154  2.6156e-15  4.0280e-13
   64    155  2.9977e-07  4.6464e-05
   64    156  6.0527e-07  9.4423e-05
   64    157  4.2209e-07  6.6268e-05
   64    158  8.8611e-07  1.4000e-04
   64    160  7.5947e-07  1.2151e-04
   65    159  4.2161e-07  6.7036e-05
   66    160  9.7712e-16  1.5634e-13
   66    161  3.7750e-07  6.0777e-05
   66    162  8.4586e-07  1.3703e-04
   66    163  4.8518e-07  7.9084e-05
   66    164  1.3048e-06  2.1398e-04
   67    165  6.7527e-07  1.1142e-04
   68    166  1.4855e-06  2.4659e-04
   68    167  6.3319e-07  1.0574e-04
   68    168  1.1121e-06  1.8683e-04
   68    170  8.0437e-07  1.3674e-04
   69    169  1.0596e-06  1.7907e-04
   70    170  5.4233e-16  9.2196e-14
   70    171  6.4376e-07  1.1008e-04
   70    172  5.6492e-07  9.7166e-05
   70    173  5.6414e-07  9.7596e-05
   70    174  7.8717e-07  1.3697e-04
   70    176  5.3703e-07  9.4518e-05
   71    175  5.5672e-07  9.7426e-05
   71    176  6.1442e-17  1.0814e-14
   72    176  5.7525e-19  1.0124e-16
   72    177  6.7519e-07  1.1951e-04
   72    178  6.2869e-07  1.1191e-04
   72    179  5.0710e-07  9.0770e-05
   72    180  3.9514e-07  7.1126e-05
   73    181  3.7541e-07  6.7950e-05
   74    182  4.2291e-07  7.6970e-05
   74    183  2.6736e-07  4.8926e-05
   74    184  5.1202e-07  9.4211e-05
   74    186  1.3638e-06  2.5366e-04
   75    185  4.2245e-07  7.8153e-05
   75    187  1.1149e-06  2.0849e-04
   76    186  8.8269e-19  1.6418e-16
   76    187  9.0613e-09  1.6945e-06
   76    188  3.2527e-06  6.1150e-04
   76    189  5.3233e-06  1.0061e-03
   76    190  1.3512e-05  2.5673e-03
   76    192  2.5726e-05  4.9394e-03
   77    191  1.4792e-05  2.8253e-03
   77    193  3.7435e-05  7.2250e-03
   78    192  6.9065e-16  1.3260e-13
   78    194  4.2500e-05  8.2450e-03
   78    195  3.6584e-05  7.1338e-03
   78    196  1.6758e-05  3.2846e-03
   78    198  1.2592e-06  2.4933e-04
   79    197  5.7548e-06  1.1337e-03
   80    198  3.0575e-16  6.0539e-14
   80    199  4.6146e-07  9.1831e-05
   80    200  3.7992e-07  7.5985e-05
   80    201  2.5337e-07  5.0928e-05
   80    202  3.4327e-07  6.9340e-05
   80    204  5.8290e-07  1.1891e-04
   80    206  6.3841e-15  1.3151e-12
   81    203  4.1480e-07  8.4204e-05
   81    205  5.7289e-07  1.1744e-04
   81    207  6.9833e-20  1.4456e-17
   82    204  3.3569e-20  6.8481e-18
   82    206  1.2884e-05  2.6541e-03
   82    207  1.2518e-05  2.5913e-03
   82    208  1.0245e-05  2.1309e-03
   82    210  8.3616e-13  1.7559e-10
   82    211  2.4745e-18  5.2212e-16
   82    212  2.7972e-18  5.9302e-16
   82    214  3.8998e-19  8.3455e-17
   83    209  1.6453e-05  3.4386e-03
   83    210  1.7540e-17  3.6834e-15
   83    211  3.1440e-20  6.6339e-18
   83    212  8.3587e-20  1.7720e-17
   83    214  4.8205e-20  1.0316e-17
   84    210  4.8429e-16  1.0170e-13
   86    222  1.3368e-17  2.9678e-15
   88    223  2.4191e-16  5.3946e-14
   88    224  7.2285e-18  1.6192e-15
   88    226  2.0456e-12  4.6230e-10
   88    228  2.3244e-11  5.2997e-09
   89    227  1.6823e-13  3.8188e-11
   89    228  5.0876e-19  1.1600e-16
   90    227  3.8880e-16  8.8258e-14
   90    228  1.3881e-15  3.1650e-13
   90    230  9.6406e-11  2.2173e-08
   90    231  2.2502e-17  5.1981e-15
   90    232  1.0175e-05  2.3605e-03
   90    234  3.2598e-17  7.6279e-15
   91    231  2.5221e-10  5.8260e-08
   91    234  9.7620e-19  2.2843e-16
   92    234  3.1392e-10  7.3458e-08
   92    235  5.4358e-06  1.2774e-03
   92    236  3.1294e-08  7.3854e-06
   92    238  5.7110e-06  1.3592e-03
   92    240  1.5707e-18  3.7696e-16
   93    240  1.1089e-19  2.6614e-17
   94    239  2.2393e-17  5.3519e-15
   94    240  6.1951e-12  1.4868e-09
   94    244  7.5409e-08  1.8400e-05
   95    243  6.8455e-18  1.6635e-15
   96    244  2.0467e-17  4.9938e-15
   96    247  1.4448e-14  3.5687e-12
   97    246  1.0818e-09  2.6611e-07
  100    258  1.9750e-06  5.0954e-04
  100    260  1.8056e-06  4.6945e-04
  100    262  1.5441e-06  4.0455e-04
  102    261  1.3138e-06  3.4291e-04
  102    263  1.5359e-06  4.0394e-04
  102    264  1.6565e-06  4.3731e-04
  102    266  1.6383e-06  4.3580e-04
  103    265  1.2000e-06  3.1801e-04
  104    267  8.8161e-07  2.3539e-04
  104    268  8.0926e-07  2.1688e-04
  104    270  1.0193e-06  2.7520e-04
  104    272  8.8105e-07  2.3965e-04
  104    274  7.3493e-07  2.0137e-04
  105    269  1.3836e-06  3.7219e-04
  105    271  8.4512e-07  2.2903e-04
  106    273  7.1035e-07  1.9393e-04
  106    275  3.7613e-07  1.0343e-04
  106    276  3.2847e-07  9.0659e-05
  106    278  7.3050e-08  2.0308e-05
  106    280  5.5086e-09  1.5424e-06
  107    277  9.1394e-08  2.5316e-05
  108    279  1.7974e-08  5.0148e-06
  108    281  2.0184e-09  5.6718e-07
  108    282  3.6571e-09  1.0313e-06
  108    283  2.8494e-09  8.0639e-07
  108    284  4.4155e-09  1.2540e-06
  108    286  4.2994e-09  1.2296e-06
  110    285  4.3234e-09  1.2322e-06
  110    287  4.8624e-09  1.3955e-06
  110    288  3.8623e-09  1.1123e-06
  110    290  2.3782e-09  6.8968e-07
  111    289  2.1299e-09  6.1553e-07
  111    291  1.2526e-09  3.6451e-07
  111    292  9.4777e-09  2.7675e-06
  111    293  4.5823e-09  1.3426e-06
  111    294  6.2828e-09  1.8471e-06
  111    295  1.9314e-09  5.6976e-07
  111    296  3.3521e-09  9.9221e-07
  111    297  1.2427e-09  3.6908e-07
  111    298  1.7177e-10  5.1188e-08
  111    299  1.3426e-10  4.0144e-08
  111    300  4.4482e-11  1.3345e-08
  111    301  2.2228e-09  6.6906e-07
  111    302  1.8807e-09  5.6796e-07
  111    303  1.4828e-09  4.4929e-07
  111    304  1.0154e-09  3.0867e-07
  111    305  6.7937e-10  2.0721e-07
  111    306  1.2411e-09  3.7979e-07
  111    307  7.2092e-10  2.2132e-07
  111    308  4.5416e-10  1.3988e-07
  111    309  9.9683e-11  3.0802e-08
  111    310  3.4137e-10  1.0583e-07
  111    311  1.5052e-10  4.6813e-08
  111    312  1.2192e-10  3.8040e-08
  111    313  1.4704e-10  4.6025e-08
  111    314  1.8856e-10  5.9207e-08
  111    315  5.2246e-11  1.6457e-08
  111    316  2.2729e-10  7.1823e-08
  111    317  1.0455e-10  3.3142e-08
  111    318  1.3142e-10  4.1791e-08
  111    319  5.8694e-11  1.8724e-08
  111    320  7.5385e-11  2.4123e-08
  111    321  3.3944e-12  1.0896e-09
  111    322  1.7948e-12  5.7793e-10
  111    323  5.9870e-13  1.9338e-10
  111    324  6.5039e-13  2.1073e-10
  111    325  6.5271e-14  2.1213e-11
  111    326  6.1087e-14  1.9915e-11
  111    327  3.6917e-14  1.2072e-11
  111    328  1.0853e-15  3.5597e-13
  111    329  3.1234e-15  1.0276e-12
  111    330  8.1009e-16  2.6733e-13
  111    331  1.8169e-16  6.0139e-14
  111    332  1.1510e-16  3.8213e-14
  111    333  4.9700e-17  1.6550e-14
  111    334  8.6149e-17  2.8774e-14
  111    335  1.7999e-17  6.0298e-15
  111    336  6.6140e-18  2.2223e-15
  111    337  1.2936e-16  4.3594e-14
    1      1  3.0426e-09  3.0426e-09
    2      4  2.3101e-01  9.2402e-01


