1  5.3448e-10
2  2.6099e-15
3  9.5644e-18
4  1.4646e-01
5  0.0000e+00
6  1.2722e-15
7  4.3527e-18
8  2.8306e-13
9  1.7660e-18
10  1.0211e-16
11  2.3520e-19
12  9.1946e-09
13  1.8827e-13
14  2.6888e-09
15  9.9928e-09
16  4.7735e-10
17  1.0497e-11
18  1.0726e-08
19  1.2852e-08
20  4.2326e-10
21  1.8612e-08
22  6.5345e-09
23  1.1818e-08
24  7.4728e-09
25  1.9888e-08
26  2.7510e-07
27  3.9154e-09
28  8.9918e-09
29  8.7079e-08
30  3.8574e-08
31  1.3554e-08
32  6.1045e-08
33  8.3576e-07
34  6.5247e-07
35  2.0554e-08
36  4.9982e-08
37  2.3864e-07
38  3.1128e-07
39  4.9711e-07
40  7.6403e-07
41  1.2858e-07
42  1.1821e-06
43  2.3790e-07
44  2.7108e-07
45  1.1441e-06
46  1.9231e-06
47  8.7071e-07
48  1.4880e-07
49  6.5886e-07
50  9.6004e-07
51  1.6705e-07
52  6.5150e-08
53  1.6766e-06
54  6.7384e-06
55  2.5838e-07
56  1.9582e-06
57  2.7574e-07
58  1.1841e-09
59  2.6736e-09
60  7.0177e-08
61  3.7069e-07
62  2.7760e-07
63  6.2490e-07
64  5.3825e-08
65  7.1893e-08
66  4.9322e-07
67  7.5616e-07
68  7.7198e-07
69  9.6948e-07
70  1.5497e-06
71  2.6509e-07
72  5.8670e-07
73  5.0738e-06
74  4.6771e-06
75  1.2465e-06
76  5.1361e-06
77  2.1287e-05
78  2.2867e-05
79  4.7376e-06
80  2.1154e-05
81  8.3679e-06
82  1.2161e-05
83  3.5717e-05
84  1.7982e-05
85  7.0206e-06
86  4.1152e-06
87  1.7525e-05
88  3.7453e-05
89  7.8648e-06
90  1.3288e-06
91  3.5642e-07
92  1.3107e-05
93  1.2051e-05
94  9.5515e-06
95  3.6478e-06
96  3.9616e-05
97  1.7529e-05
98  3.0852e-06
99  2.4854e-05
100  5.4249e-05
101  6.6781e-05
102  1.8484e-05
103  1.2100e-05
104  5.1918e-05
105  2.1800e-05
106  1.2024e-04
107  2.1304e-04
108  1.4866e-04
109  4.7335e-04
110  7.3630e-04
111  1.0445e-04
112  2.3515e-04
113  1.5506e-04
114  1.5710e-04
115  6.6321e-05
116  2.8925e-06
117  1.1324e-05
118  8.4593e-06
119  4.4887e-06
120  3.2121e-05
121  1.6041e-05
122  2.4680e-05
123  1.8564e-05
124  6.0477e-05
125  5.5240e-05
126  1.3076e-04
127  1.3477e-04
128  1.6876e-04
129  6.0221e-05
130  9.9234e-06
131  1.8404e-07
132  3.1149e-07
133  6.7273e-07
134  9.0398e-08
135  1.5939e-07
136  1.6824e-07
137  2.7202e-09
138  3.9018e-10
139  4.2796e-10
140  1.1964e-09
141  4.1472e-09
142  2.4275e-09
143  9.4724e-10
144  8.5061e-11
145  7.9606e-12
146  6.5638e-11
147  1.1414e-10
148  5.3314e-11
149  5.0467e-11
150  1.5250e-10
151  8.6328e-11
152  1.9110e-10
153  9.9607e-11
154  1.0784e-10
155  1.0828e-10
156  2.3853e-11
157  2.8976e-11
158  2.9718e-11
159  3.8104e-12
160  9.6997e-12
161  8.2491e-12
162  4.4649e-12
163  2.7010e-12
164  4.5970e-12
165  2.5584e-12
166  5.3284e-12
167  2.1195e-12
168  1.4963e-12
169  2.1330e-12
170  4.5845e-13
171  2.1295e-13
172  1.5085e-13
173  7.1575e-14
174  8.0529e-14
175  3.0941e-14
176  3.7253e-14
177  2.4231e-14
178  6.3411e-15
179  1.9087e-15
180  1.3916e-15
181  1.1590e-15
182  5.5932e-16
183  2.7513e-16
184  1.5514e-16
185  7.0591e-17
186  9.5506e-17
187  4.2003e-17
188  5.6641e-17
189  2.5751e-17
190  8.1804e-17
191  9.0259e-17
192  6.5779e-17
193  2.1460e-17
194  1.6595e-17
195  6.3414e-18
196  3.5420e-18
197  1.3950e-18
198  4.4560e-19
199  9.3222e-20
200  3.5971e-20
201  3.0724e-21
202  5.8386e-22
203  2.2668e-23
204  9.9039e-25
205  0.0000e+00
206  0.0000e+00
207  0.0000e+00
208  0.0000e+00
209  0.0000e+00
210  0.0000e+00
211  0.0000e+00
212  0.0000e+00
213  0.0000e+00
214  0.0000e+00
215  0.0000e+00
216  0.0000e+00
217  0.0000e+00
218  0.0000e+00
219  0.0000e+00
220  0.0000e+00
221  0.0000e+00
222  0.0000e+00
223  0.0000e+00
224  0.0000e+00
225  0.0000e+00
226  0.0000e+00
227  0.0000e+00
228  0.0000e+00
229  0.0000e+00
230  0.0000e+00
231  0.0000e+00
232  0.0000e+00
233  0.0000e+00
234  0.0000e+00
235  0.0000e+00
236  0.0000e+00
237  0.0000e+00
238  0.0000e+00
239  0.0000e+00
240  0.0000e+00
241  0.0000e+00
242  0.0000e+00
243  0.0000e+00
244  0.0000e+00
245  0.0000e+00
246  0.0000e+00
247  0.0000e+00
248  0.0000e+00
249  0.0000e+00
250  0.0000e+00
251  0.0000e+00
252  0.0000e+00
253  0.0000e+00
254  0.0000e+00
255  0.0000e+00
256  0.0000e+00
257  0.0000e+00
258  0.0000e+00
259  0.0000e+00
260  0.0000e+00
261  0.0000e+00
262  0.0000e+00
263  0.0000e+00
264  0.0000e+00
265  0.0000e+00
266  0.0000e+00
267  0.0000e+00
268  0.0000e+00
269  0.0000e+00
270  0.0000e+00
271  0.0000e+00
272  0.0000e+00
273  0.0000e+00
274  0.0000e+00
275  0.0000e+00
276  0.0000e+00
277  0.0000e+00
278  0.0000e+00
279  0.0000e+00
280  0.0000e+00
281  0.0000e+00
282  0.0000e+00
283  0.0000e+00
284  0.0000e+00
285  0.0000e+00
286  0.0000e+00
287  0.0000e+00
288  0.0000e+00
289  0.0000e+00
290  0.0000e+00
291  0.0000e+00
292  0.0000e+00
293  0.0000e+00
294  0.0000e+00
295  0.0000e+00
296  0.0000e+00
297  0.0000e+00
298  0.0000e+00
299  0.0000e+00
300  0.0000e+00
301  0.0000e+00
302  0.0000e+00
303  0.0000e+00
304  0.0000e+00
305  0.0000e+00
306  0.0000e+00
307  0.0000e+00
308  0.0000e+00
309  0.0000e+00
310  0.0000e+00
311  0.0000e+00
312  0.0000e+00
313  0.0000e+00
314  0.0000e+00
315  0.0000e+00
316  0.0000e+00
317  0.0000e+00
318  0.0000e+00
319  0.0000e+00
320  0.0000e+00
321  0.0000e+00
322  0.0000e+00
323  0.0000e+00
324  0.0000e+00
325  0.0000e+00
326  0.0000e+00
327  0.0000e+00
328  0.0000e+00
329  0.0000e+00
330  0.0000e+00
331  0.0000e+00
332  0.0000e+00
333  0.0000e+00
334  0.0000e+00
335  0.0000e+00
336  0.0000e+00
337  0.0000e+00

