1  1.0382e-09
2  2.3217e-15
3  5.0941e-21
4  9.6009e-02
5  0.0000e+00
6  3.3301e-19
7  1.7015e-20
8  8.6861e-22
9  3.3805e-19
10  5.1072e-19
11  2.4706e-20
12  2.6668e-07
13  1.0889e-12
14  6.3359e-17
15  9.0094e-21
16  1.2103e-09
17  1.1990e-16
18  4.8599e-19
19  1.9128e-21
20  1.2842e-09
21  1.5567e-15
22  2.7034e-19
23  1.5736e-13
24  1.7491e-09
25  1.3593e-11
26  4.0570e-12
27  3.3941e-10
28  6.2502e-09
29  4.8298e-10
30  6.4787e-09
31  1.5795e-09
32  2.5752e-09
33  5.1783e-10
34  1.0346e-08
35  5.7510e-09
36  2.7061e-08
37  6.3501e-09
38  1.6131e-08
39  2.1199e-09
40  2.4695e-09
41  5.3801e-10
42  5.0656e-09
43  9.2387e-10
44  2.0316e-09
45  4.8358e-09
46  1.2819e-07
47  7.7500e-09
48  3.9008e-08
49  1.5525e-08
50  4.4776e-07
51  8.2035e-08
52  1.2617e-08
53  2.2262e-08
54  5.9858e-07
55  4.9068e-09
56  3.6176e-07
57  8.2187e-08
58  4.2942e-09
59  8.3262e-10
60  5.6000e-08
61  3.3425e-08
62  9.1038e-07
63  4.0582e-07
64  4.3736e-08
65  1.6130e-07
66  4.1229e-06
67  1.4248e-06
68  5.9429e-07
69  8.8753e-08
70  1.0440e-07
71  3.2793e-07
72  1.5724e-07
73  3.8378e-07
74  6.6351e-06
75  6.8649e-07
76  1.7439e-06
77  2.1170e-07
78  4.7203e-07
79  1.1708e-06
80  1.8672e-05
81  1.6943e-06
82  3.0298e-05
83  2.1117e-06
84  1.5187e-06
85  1.9175e-06
86  1.7419e-04
87  9.8743e-06
88  1.3273e-04
89  1.0326e-04
90  1.7755e-04
91  6.8646e-06
92  2.0484e-03
93  3.6494e-04
94  3.5105e-05
95  1.9018e-04
96  1.3079e-04
97  1.1818e-05
98  9.3889e-04
99  4.7789e-05
100  8.2663e-04
101  6.2720e-05
102  3.3904e-04
103  9.3115e-05
104  5.1462e-05
105  4.2627e-05
106  3.2221e-04
107  3.9929e-05
108  3.5291e-05
109  6.9297e-05
110  3.6133e-06
111  4.4237e-06
112  5.2503e-05
113  4.4282e-06
114  3.7153e-06
115  9.0211e-06
116  2.5363e-06
117  1.0253e-06
118  1.7932e-06
119  4.4176e-07
120  2.5633e-07
121  3.9804e-07
122  2.1038e-07
123  3.8619e-08
124  3.1454e-07
125  2.6799e-08
126  4.4824e-09
127  3.8953e-09
128  1.0203e-08
129  6.8421e-09
130  7.1577e-09
131  5.5115e-10
132  4.3934e-11
133  2.6878e-13
134  1.1068e-14
135  9.1095e-18
136  4.1751e-19
137  1.1223e-19
138  1.6421e-20
139  9.4179e-24
140  1.5979e-22
141  2.0535e-24
142  2.6349e-33
143  0.0000e+00
144  0.0000e+00
145  0.0000e+00
146  0.0000e+00
147  0.0000e+00
148  0.0000e+00
149  0.0000e+00
150  0.0000e+00
151  0.0000e+00
152  0.0000e+00
153  0.0000e+00
154  0.0000e+00
155  0.0000e+00
156  0.0000e+00
157  0.0000e+00
158  0.0000e+00
159  0.0000e+00
160  0.0000e+00
161  0.0000e+00
162  0.0000e+00
163  0.0000e+00
164  0.0000e+00
165  0.0000e+00
166  0.0000e+00
167  0.0000e+00
168  0.0000e+00
169  0.0000e+00
170  0.0000e+00
171  0.0000e+00
172  0.0000e+00
173  0.0000e+00
174  0.0000e+00
175  0.0000e+00
176  0.0000e+00
177  0.0000e+00
178  0.0000e+00
179  0.0000e+00
180  0.0000e+00
181  0.0000e+00
182  0.0000e+00
183  0.0000e+00
184  0.0000e+00
185  0.0000e+00
186  0.0000e+00
187  0.0000e+00
188  0.0000e+00
189  0.0000e+00
190  0.0000e+00
191  0.0000e+00
192  0.0000e+00
193  0.0000e+00
194  0.0000e+00
195  0.0000e+00
196  0.0000e+00
197  0.0000e+00
198  0.0000e+00
199  0.0000e+00
200  0.0000e+00
201  0.0000e+00
202  0.0000e+00
203  0.0000e+00
204  0.0000e+00
205  0.0000e+00
206  0.0000e+00
207  0.0000e+00
208  0.0000e+00
209  0.0000e+00
210  0.0000e+00
211  0.0000e+00
212  0.0000e+00
213  0.0000e+00
214  0.0000e+00
215  0.0000e+00
216  0.0000e+00
217  0.0000e+00
218  0.0000e+00
219  0.0000e+00
220  0.0000e+00
221  0.0000e+00
222  0.0000e+00
223  0.0000e+00
224  0.0000e+00
225  0.0000e+00
226  0.0000e+00
227  0.0000e+00
228  0.0000e+00
229  0.0000e+00
230  0.0000e+00
231  0.0000e+00
232  0.0000e+00
233  0.0000e+00
234  0.0000e+00
235  0.0000e+00
236  0.0000e+00
237  0.0000e+00
238  0.0000e+00
239  0.0000e+00
240  0.0000e+00
241  0.0000e+00
242  0.0000e+00
243  0.0000e+00
244  0.0000e+00
245  0.0000e+00
246  0.0000e+00
247  0.0000e+00
248  0.0000e+00
249  0.0000e+00
250  0.0000e+00
251  0.0000e+00
252  0.0000e+00
253  0.0000e+00
254  0.0000e+00
255  0.0000e+00
256  0.0000e+00
257  0.0000e+00
258  0.0000e+00
259  0.0000e+00
260  0.0000e+00
261  0.0000e+00
262  0.0000e+00
263  0.0000e+00
264  0.0000e+00
265  0.0000e+00
266  0.0000e+00
267  0.0000e+00
268  0.0000e+00
269  0.0000e+00
270  0.0000e+00
271  0.0000e+00
272  0.0000e+00
273  0.0000e+00
274  0.0000e+00
275  0.0000e+00
276  0.0000e+00
277  0.0000e+00
278  0.0000e+00
279  0.0000e+00
280  0.0000e+00
281  0.0000e+00
282  0.0000e+00
283  0.0000e+00
284  0.0000e+00
285  0.0000e+00
286  0.0000e+00
287  0.0000e+00
288  0.0000e+00
289  0.0000e+00
290  0.0000e+00
291  0.0000e+00
292  0.0000e+00
293  0.0000e+00
294  0.0000e+00
295  0.0000e+00
296  0.0000e+00
297  0.0000e+00
298  0.0000e+00
299  0.0000e+00
300  0.0000e+00
301  0.0000e+00
302  0.0000e+00
303  0.0000e+00
304  0.0000e+00
305  0.0000e+00
306  0.0000e+00
307  0.0000e+00
308  0.0000e+00
309  0.0000e+00
310  0.0000e+00
311  0.0000e+00
312  0.0000e+00
313  0.0000e+00
314  0.0000e+00
315  0.0000e+00
316  0.0000e+00
317  0.0000e+00
318  0.0000e+00
319  0.0000e+00
320  0.0000e+00
321  0.0000e+00
322  0.0000e+00
323  0.0000e+00
324  0.0000e+00
325  0.0000e+00
326  0.0000e+00
327  0.0000e+00
328  0.0000e+00
329  0.0000e+00
330  0.0000e+00
331  0.0000e+00
332  0.0000e+00
333  0.0000e+00
334  0.0000e+00
335  0.0000e+00
336  0.0000e+00
337  0.0000e+00

