1  1.6695e-09
2  3.5756e-09
3  2.6210e-10
4  1.9984e-01
5  0.0000e+00
6  9.6778e-12
7  3.0935e-10
8  6.2024e-10
9  1.6389e-10
10  1.0022e-09
11  4.7637e-10
12  2.3670e-09
13  1.5365e-07
14  2.8943e-07
15  6.5496e-06
16  2.1337e-07
17  3.6244e-09
18  2.3800e-08
19  9.6076e-07
20  1.3322e-06
21  4.4552e-07
22  4.3371e-09
23  8.5304e-07
24  2.6844e-07
25  3.1109e-07
26  2.2070e-08
27  3.0676e-07
28  8.8054e-07
29  1.2624e-07
30  7.1118e-08
31  9.7969e-08
32  1.4078e-07
33  1.3025e-06
34  1.0005e-06
35  2.2740e-08
36  2.6205e-08
37  6.2117e-08
38  1.2532e-07
39  6.6395e-08
40  1.0172e-07
41  1.5761e-07
42  6.2231e-07
43  1.6969e-07
44  1.2014e-07
45  1.4749e-07
46  7.2307e-08
47  9.6298e-08
48  2.0970e-07
49  1.7845e-07
50  1.6724e-07
51  3.0702e-08
52  1.5657e-07
53  1.2383e-07
54  6.9993e-08
55  7.6295e-08
56  2.0938e-07
57  2.9777e-07
58  1.1382e-08
59  1.3042e-08
60  2.6832e-08
61  5.0788e-08
62  8.4359e-08
63  5.0718e-07
64  3.3006e-07
65  2.5225e-07
66  7.0268e-07
67  2.9332e-07
68  3.6480e-07
69  3.1182e-07
70  8.4797e-07
71  1.4668e-07
72  4.0347e-07
73  2.3346e-07
74  5.3613e-07
75  1.6211e-07
76  2.4142e-07
77  6.9877e-07
78  1.4114e-06
79  1.9037e-06
80  8.3101e-06
81  4.1350e-06
82  1.5947e-06
83  2.2466e-06
84  8.0241e-07
85  5.7797e-07
86  1.4270e-06
87  1.2898e-06
88  8.0469e-07
89  3.2333e-07
90  5.6997e-07
91  2.3664e-07
92  1.8356e-06
93  9.1304e-07
94  2.2379e-06
95  1.0046e-06
96  7.8570e-07
97  4.4935e-07
98  3.3739e-07
99  4.4684e-07
100  5.2212e-07
101  6.0690e-07
102  3.1350e-07
103  3.2401e-07
104  3.5567e-07
105  3.2421e-07
106  5.0921e-07
107  3.7253e-07
108  5.3823e-07
109  8.3646e-07
110  1.1697e-06
111  1.9225e-07
112  5.2627e-07
113  2.7948e-07
114  2.5078e-07
115  1.6642e-07
116  4.7500e-08
117  7.2408e-08
118  1.0063e-07
119  1.0203e-07
120  4.3945e-07
121  3.7734e-07
122  7.9513e-07
123  8.9583e-07
124  3.7351e-06
125  4.8581e-06
126  9.7067e-06
127  1.1347e-05
128  1.3418e-05
129  8.0684e-06
130  2.6455e-06
131  2.3799e-06
132  2.2798e-06
133  2.0894e-06
134  2.5317e-06
135  2.0740e-06
136  3.0513e-06
137  1.9598e-06
138  1.2483e-06
139  1.3223e-06
140  2.9375e-06
141  1.6810e-06
142  4.1659e-07
143  2.2943e-07
144  3.9885e-07
145  3.9310e-07
146  6.5432e-07
147  8.0569e-07
148  1.8570e-06
149  1.2202e-06
150  1.1894e-06
151  1.0653e-06
152  1.3828e-06
153  9.4527e-07
154  1.5198e-06
155  7.8732e-07
156  1.8454e-06
157  1.3132e-06
158  2.7635e-06
159  1.1691e-06
160  1.9716e-06
161  1.0492e-06
162  2.1056e-06
163  1.2761e-06
164  3.4555e-06
165  1.8821e-06
166  3.5983e-06
167  1.5282e-06
168  3.0215e-06
169  2.8963e-06
170  2.2022e-06
171  1.9068e-06
172  2.0226e-06
173  2.4164e-06
174  2.7538e-06
175  1.8448e-06
176  1.7151e-06
177  1.8385e-06
178  1.1867e-06
179  8.5495e-07
180  9.3615e-07
181  1.0269e-06
182  2.0719e-06
183  1.5240e-06
184  6.0819e-06
185  3.3121e-06
186  1.7786e-05
187  1.4468e-05
188  2.9276e-05
189  3.0223e-05
190  6.0483e-05
191  5.0370e-05
192  9.9587e-05
193  9.3125e-05
194  1.4260e-04
195  9.3089e-05
196  5.0762e-05
197  1.9388e-05
198  6.8165e-06
199  2.1847e-06
200  1.3807e-06
201  9.0819e-07
202  9.7885e-07
203  1.2355e-06
204  1.8809e-06
205  1.3710e-06
206  2.8063e-05
207  2.1290e-05
208  2.2788e-05
209  2.7552e-05
210  1.2560e-12
211  3.6588e-18
212  5.0808e-18
213  5.1141e-44
214  6.5782e-19
215  1.0086e-24
216  5.8868e-24
217  2.5012e-96
218  1.1305e-20
219  1.4157e-21
220  2.2573e-21
221  -7.2588e-320
222  2.0069e-17
223  3.5320e-16
224  1.2749e-17
225  3.0822e-40
226  3.0709e-12
227  2.4618e-13
228  4.0997e-11
229  1.1496e-29
230  1.4473e-10
231  3.6823e-10
232  1.7945e-05
233  6.8705e-26
234  4.7128e-10
235  7.9364e-06
236  5.0144e-08
237  7.6423e-319
238  8.5736e-06
239  3.6073e-17
240  9.9266e-12
241  0.0000e+00
242  1.0825e-122
243  1.1027e-17
244  1.2083e-07
245  0.0000e+00
246  1.8142e-09
247  2.3275e-14
248  1.2576e-121
249  0.0000e+00
250  0.0000e+00
251  9.6309e-314
252  0.0000e+00
253  0.0000e+00
254  0.0000e+00
255  0.0000e+00
256  0.0000e+00
257  8.4645e-26
258  2.6364e-06
259  9.4807e-26
260  1.6213e-06
261  1.5741e-06
262  1.8968e-06
263  1.5502e-06
264  1.6515e-06
265  1.5471e-06
266  1.7560e-06
267  1.3307e-06
268  9.9151e-07
269  1.9589e-06
270  1.0594e-06
271  6.9464e-07
272  5.6943e-07
273  3.7485e-07
274  2.9072e-07
275  1.0263e-07
276  7.8384e-08
277  1.2741e-08
278  9.4043e-09
279  1.5274e-09
280  2.6656e-10
281  3.7710e-11
282  7.7418e-12
283  2.5433e-13
284  2.5246e-13
285  2.5662e-13
286  7.3691e-13
287  1.6408e-12
288  9.2330e-13
289  4.7796e-13
290  1.1850e-12
291  6.8390e-14
292  3.5570e-12
293  9.2147e-13
294  3.3811e-12
295  2.0213e-12
296  1.2189e-12
297  3.6838e-13
298  7.5288e-13
299  1.0156e-19
300  3.5881e-14
301  3.5490e-12
302  8.5331e-13
303  1.1953e-12
304  1.6165e-12
305  3.3103e-12
306  2.6887e-12
307  7.2512e-13
308  4.1686e-13
309  1.1087e-12
310  6.7648e-13
311  4.9225e-13
312  2.4455e-13
313  2.4575e-13
314  2.3474e-13
315  2.1115e-13
316  1.7885e-13
317  2.6225e-13
318  1.0129e-13
319  2.2495e-13
320  1.1889e-13
321  5.3652e-14
322  7.4318e-14
323  4.3973e-14
324  4.6896e-14
325  1.9895e-14
326  2.5513e-14
327  1.4576e-14
328  1.1450e-16
329  3.5931e-15
330  8.2814e-17
331  2.9622e-16
332  8.9071e-17
333  5.5321e-16
334  4.0532e-19
335  2.6732e-17
336  5.3794e-19
337  1.7754e-16

