1  1.2470e-09
2  2.7749e-15
3  7.8614e-21
4  1.1073e-01
5  0.0000e+00
6  5.0293e-19
7  2.7082e-20
8  5.8869e-22
9  4.4731e-19
10  8.1123e-19
11  3.0197e-20
12  2.8805e-07
13  1.2428e-12
14  7.2511e-17
15  1.1892e-20
16  1.6118e-09
17  1.7744e-16
18  7.5087e-19
19  2.0722e-21
20  1.8182e-09
21  2.4211e-15
22  5.2369e-19
23  2.1985e-13
24  2.4725e-09
25  3.4170e-11
26  6.7543e-12
27  4.4225e-10
28  7.4370e-09
29  8.3789e-10
30  7.6835e-09
31  2.3643e-09
32  3.2130e-09
33  6.7176e-10
34  9.8710e-09
35  6.8757e-09
36  2.5560e-08
37  8.7399e-09
38  2.2518e-08
39  3.2971e-09
40  2.1400e-09
41  5.8041e-10
42  1.4294e-08
43  7.4173e-10
44  2.3575e-09
45  6.6091e-09
46  1.2347e-07
47  1.6492e-08
48  8.1890e-08
49  1.9384e-08
50  5.1256e-07
51  1.9433e-07
52  6.0658e-08
53  2.4598e-08
54  4.0289e-07
55  6.1158e-09
56  9.6762e-07
57  1.4123e-07
58  7.0214e-09
59  4.6233e-09
60  2.1881e-08
61  4.0559e-08
62  1.3239e-06
63  6.8276e-07
64  1.0805e-07
65  2.8300e-07
66  4.0625e-06
67  1.5504e-06
68  2.5519e-06
69  2.3972e-07
70  1.2613e-07
71  3.8952e-07
72  2.6751e-07
73  3.2547e-07
74  4.5583e-06
75  1.7507e-06
76  4.8557e-06
77  5.9346e-07
78  7.4437e-07
79  1.8063e-06
80  2.3423e-05
81  2.1956e-06
82  3.4795e-05
83  1.0592e-06
84  3.1287e-06
85  2.8523e-06
86  6.8200e-05
87  9.6158e-06
88  2.0321e-04
89  1.0002e-04
90  4.0756e-05
91  5.1344e-06
92  1.8764e-03
93  1.6042e-04
94  7.9454e-05
95  3.2944e-04
96  1.6579e-05
97  3.2385e-06
98  2.3774e-04
99  3.1015e-05
100  8.5551e-04
101  8.3179e-05
102  7.1158e-04
103  1.9507e-04
104  7.3726e-05
105  4.1280e-05
106  3.1810e-04
107  4.4772e-05
108  3.6134e-05
109  6.9064e-05
110  4.4734e-06
111  3.4561e-06
112  4.6806e-05
113  4.5738e-06
114  3.0779e-06
115  8.4718e-06
116  1.3355e-06
117  8.0631e-07
118  2.2236e-06
119  5.9814e-07
120  5.4764e-07
121  5.3707e-07
122  2.8709e-07
123  3.6402e-08
124  4.4492e-08
125  2.3605e-08
126  1.5780e-07
127  8.4302e-08
128  1.1558e-07
129  2.9153e-08
130  1.3120e-08
131  7.3871e-10
132  4.6140e-11
133  2.0438e-13
134  8.3456e-15
135  7.7717e-18
136  1.3751e-18
137  3.5691e-19
138  5.2794e-20
139  4.7621e-23
140  6.6960e-22
141  3.4948e-24
142  1.7486e-24
143  1.8863e-24
144  0.0000e+00
145  0.0000e+00
146  0.0000e+00
147  0.0000e+00
148  0.0000e+00
149  0.0000e+00
150  0.0000e+00
151  0.0000e+00
152  0.0000e+00
153  0.0000e+00
154  0.0000e+00
155  0.0000e+00
156  0.0000e+00
157  0.0000e+00
158  0.0000e+00
159  0.0000e+00
160  0.0000e+00
161  0.0000e+00
162  0.0000e+00
163  0.0000e+00
164  0.0000e+00
165  0.0000e+00
166  0.0000e+00
167  0.0000e+00
168  0.0000e+00
169  0.0000e+00
170  0.0000e+00
171  0.0000e+00
172  0.0000e+00
173  0.0000e+00
174  0.0000e+00
175  0.0000e+00
176  0.0000e+00
177  0.0000e+00
178  0.0000e+00
179  0.0000e+00
180  0.0000e+00
181  0.0000e+00
182  0.0000e+00
183  0.0000e+00
184  0.0000e+00
185  0.0000e+00
186  0.0000e+00
187  0.0000e+00
188  0.0000e+00
189  0.0000e+00
190  0.0000e+00
191  0.0000e+00
192  0.0000e+00
193  0.0000e+00
194  0.0000e+00
195  0.0000e+00
196  0.0000e+00
197  0.0000e+00
198  0.0000e+00
199  0.0000e+00
200  0.0000e+00
201  0.0000e+00
202  0.0000e+00
203  0.0000e+00
204  0.0000e+00
205  0.0000e+00
206  0.0000e+00
207  0.0000e+00
208  0.0000e+00
209  0.0000e+00
210  0.0000e+00
211  0.0000e+00
212  0.0000e+00
213  0.0000e+00
214  0.0000e+00
215  0.0000e+00
216  0.0000e+00
217  0.0000e+00
218  0.0000e+00
219  0.0000e+00
220  0.0000e+00
221  0.0000e+00
222  0.0000e+00
223  0.0000e+00
224  0.0000e+00
225  0.0000e+00
226  0.0000e+00
227  0.0000e+00
228  0.0000e+00
229  0.0000e+00
230  0.0000e+00
231  0.0000e+00
232  0.0000e+00
233  0.0000e+00
234  0.0000e+00
235  0.0000e+00
236  0.0000e+00
237  0.0000e+00
238  0.0000e+00
239  0.0000e+00
240  0.0000e+00
241  0.0000e+00
242  0.0000e+00
243  0.0000e+00
244  0.0000e+00
245  0.0000e+00
246  0.0000e+00
247  0.0000e+00
248  0.0000e+00
249  0.0000e+00
250  0.0000e+00
251  0.0000e+00
252  0.0000e+00
253  0.0000e+00
254  0.0000e+00
255  0.0000e+00
256  0.0000e+00
257  0.0000e+00
258  0.0000e+00
259  0.0000e+00
260  0.0000e+00
261  0.0000e+00
262  0.0000e+00
263  0.0000e+00
264  0.0000e+00
265  0.0000e+00
266  0.0000e+00
267  0.0000e+00
268  0.0000e+00
269  0.0000e+00
270  0.0000e+00
271  0.0000e+00
272  0.0000e+00
273  0.0000e+00
274  0.0000e+00
275  0.0000e+00
276  0.0000e+00
277  0.0000e+00
278  0.0000e+00
279  0.0000e+00
280  0.0000e+00
281  0.0000e+00
282  0.0000e+00
283  0.0000e+00
284  0.0000e+00
285  0.0000e+00
286  0.0000e+00
287  0.0000e+00
288  0.0000e+00
289  0.0000e+00
290  0.0000e+00
291  0.0000e+00
292  0.0000e+00
293  0.0000e+00
294  0.0000e+00
295  0.0000e+00
296  0.0000e+00
297  0.0000e+00
298  0.0000e+00
299  0.0000e+00
300  0.0000e+00
301  0.0000e+00
302  0.0000e+00
303  0.0000e+00
304  0.0000e+00
305  0.0000e+00
306  0.0000e+00
307  0.0000e+00
308  0.0000e+00
309  0.0000e+00
310  0.0000e+00
311  0.0000e+00
312  0.0000e+00
313  0.0000e+00
314  0.0000e+00
315  0.0000e+00
316  0.0000e+00
317  0.0000e+00
318  0.0000e+00
319  0.0000e+00
320  0.0000e+00
321  0.0000e+00
322  0.0000e+00
323  0.0000e+00
324  0.0000e+00
325  0.0000e+00
326  0.0000e+00
327  0.0000e+00
328  0.0000e+00
329  0.0000e+00
330  0.0000e+00
331  0.0000e+00
332  0.0000e+00
333  0.0000e+00
334  0.0000e+00
335  0.0000e+00
336  0.0000e+00
337  0.0000e+00

