    1      2  1.1055e-08  2.2111e-08
    2      3  8.4473e-10  2.5342e-09
    3      6  2.0901e-11  1.2541e-10
    3      7  1.9364e-09  1.3555e-08
    4      8  1.2695e-08  1.0156e-07
    4      9  5.3724e-09  4.8352e-08
    5     10  1.3742e-07  1.3742e-06
    5     11  2.5410e-09  2.7951e-08
    6     12  6.1190e-09  7.3428e-08
    6     13  9.5083e-08  1.2361e-06
    7     14  5.8726e-08  8.2216e-07
    7     15  1.1593e-05  1.7390e-04
    8     16  3.6864e-07  5.8982e-06
    8     17  1.3577e-08  2.3081e-07
    8     18  7.6905e-08  1.3843e-06
    9     19  9.9307e-07  1.8868e-05
   10     20  1.4933e-06  2.9867e-05
   10     21  8.1885e-07  1.7196e-05
   10     22  8.3576e-09  1.8387e-07
   11     23  8.5235e-07  1.9604e-05
   12     24  3.2638e-07  7.8332e-06
   12     25  4.6510e-07  1.1627e-05
   12     26  8.5297e-08  2.2177e-06
   13     26  6.8600e-20  1.7836e-18
   13     27  1.0820e-07  2.9215e-06
   14     28  1.7755e-07  4.9714e-06
   14     29  5.9812e-08  1.7346e-06
   14     30  5.2634e-08  1.5790e-06
   15     31  2.4734e-08  7.6676e-07
   16     32  7.9763e-08  2.5524e-06
   16     33  3.5887e-07  1.1843e-05
   16     34  2.9203e-07  9.9289e-06
   16     36  1.9638e-08  7.0698e-07
   17     35  1.6806e-08  5.8821e-07
   17     37  5.3676e-09  1.9860e-07
   18     36  1.3494e-17  4.8577e-16
   18     38  2.5361e-08  9.6371e-07
   18     40  6.3016e-09  2.5206e-07
   19     39  2.2903e-08  8.9324e-07
   19     41  2.6077e-08  1.0692e-06
   20     42  1.0741e-07  4.5114e-06
   20     43  2.5910e-08  1.1141e-06
   20     44  3.0890e-08  1.3592e-06
   20     46  4.8932e-09  2.2509e-07
   21     45  2.8919e-08  1.3013e-06
   22     46  1.6482e-18  7.5815e-17
   22     47  9.0345e-09  4.2462e-07
   22     48  1.5540e-08  7.4592e-07
   22     49  1.1502e-08  5.6362e-07
   22     50  1.0020e-08  5.0100e-07
   23     51  7.4050e-09  3.7765e-07
   24     52  1.1477e-08  5.9678e-07
   24     53  2.3106e-08  1.2246e-06
   24     54  4.8418e-09  2.6146e-07
   25     55  9.4041e-10  5.1723e-08
   26     56  1.7737e-08  9.9329e-07
   26     57  3.7570e-08  2.1415e-06
   26     58  1.6585e-09  9.6193e-08
   27     59  4.8005e-10  2.8323e-08
   28     60  1.5794e-09  9.4766e-08
   28     61  1.6063e-09  9.7983e-08
   28     62  1.6187e-09  1.0036e-07
   28     64  9.3571e-09  5.9885e-07
   29     63  7.3210e-08  4.6123e-06
   29     65  1.9211e-08  1.2487e-06
   30     64  4.0523e-19  2.5935e-17
   30     66  4.3256e-08  2.8549e-06
   30     67  1.7257e-07  1.1562e-05
   30     68  2.6267e-08  1.7862e-06
   30     70  7.8012e-08  5.4608e-06
   31     69  1.2792e-08  8.8267e-07
   31     71  2.3240e-08  1.6500e-06
   32     70  6.5792e-14  4.6055e-12
   32     72  5.8040e-08  4.1789e-06
   32     73  4.6711e-08  3.4099e-06
   32     74  8.5123e-08  6.2991e-06
   32     76  1.5473e-08  1.1760e-06
   33     75  5.0227e-08  3.7670e-06
   34     76  1.0841e-12  8.2392e-11
   34     77  7.1321e-08  5.4917e-06
   34     78  1.1667e-07  9.1000e-06
   34     80  1.2060e-06  9.6478e-05
   34     82  6.4601e-07  5.2973e-05
   35     79  1.1736e-07  9.2711e-06
   35     81  5.6700e-07  4.5927e-05
   36     82  1.7459e-11  1.4317e-09
   36     83  6.6800e-07  5.5444e-05
   36     84  1.3415e-07  1.1269e-05
   36     86  2.4776e-07  2.1308e-05
   37     85  1.7946e-07  1.5254e-05
   37     87  2.8690e-07  2.4961e-05
   38     86  2.1021e-18  1.8078e-16
   38     87  2.1008e-09  1.8277e-07
   38     88  1.0314e-07  9.0763e-06
   39     89  1.1710e-07  1.0422e-05
   40     90  1.1129e-07  1.0016e-05
   40     91  1.0605e-07  9.6505e-06
   40     92  1.1126e-07  1.0236e-05
   40     94  5.9491e-07  5.5921e-05
   41     93  1.7656e-07  1.6420e-05
   42     95  3.0120e-07  2.8614e-05
   42     96  1.1105e-07  1.0661e-05
   42     97  2.9037e-07  2.8166e-05
   42     98  3.8374e-08  3.7607e-06
   42    100  7.0138e-08  7.0138e-06
   44     99  4.6790e-08  4.6322e-06
   44    100  4.9753e-12  4.9753e-10
   44    101  5.4715e-08  5.5262e-06
   44    102  6.2691e-08  6.3944e-06
   44    104  2.7992e-08  2.9112e-06
   45    103  8.6331e-08  8.8921e-06
   46    104  2.3046e-16  2.3968e-14
   46    105  1.6217e-08  1.7027e-06
   46    106  7.6661e-08  8.1261e-06
   46    108  1.0802e-07  1.1666e-05
   46    110  2.7793e-07  3.0572e-05
   47    107  7.0692e-08  7.5641e-06
   47    109  1.7908e-07  1.9520e-05
   48    110  1.5415e-12  1.6956e-10
   48    111  4.1093e-08  4.5613e-06
   48    112  2.1052e-07  2.3578e-05
   48    113  1.6525e-07  1.8673e-05
   48    114  1.6512e-07  1.8824e-05
   48    116  1.0926e-08  1.2674e-06
   49    113  7.2726e-15  8.2181e-13
   49    115  2.2029e-07  2.5333e-05
   50    115  1.7576e-13  2.0212e-11
   50    116  7.2740e-12  8.4378e-10
   50    117  2.6264e-08  3.0729e-06
   50    118  6.9939e-09  8.2528e-07
   50    119  7.3227e-09  8.7140e-07
   50    120  4.6258e-08  5.5510e-06
   50    122  6.1154e-08  7.4608e-06
   50    124  2.6631e-07  3.3023e-05
   51    121  6.0201e-08  7.2843e-06
   51    123  7.7915e-08  9.5836e-06
   52    122  2.2214e-13  2.7101e-11
   52    124  2.2074e-15  2.7372e-13
   52    125  6.5652e-07  8.2065e-05
   52    126  1.1051e-06  1.3924e-04
   52    128  2.6536e-06  3.3967e-04
   52    130  1.0549e-06  1.3714e-04
   53    127  2.1121e-06  2.6824e-04
   53    129  1.6041e-14  2.0693e-12
   54    128  6.8375e-14  8.7520e-12
   54    129  3.9608e-06  5.1094e-04
   54    130  4.7707e-12  6.2019e-10
   54    131  6.3936e-07  8.3756e-05
   54    132  4.9827e-07  6.5772e-05
   54    134  2.6399e-07  3.5375e-05
   54    136  4.9579e-07  6.7428e-05
   55    133  2.4039e-07  3.1971e-05
   56    134  4.0053e-16  5.3671e-14
   56    135  2.3209e-07  3.1333e-05
   56    136  1.2135e-13  1.6503e-11
   56    137  3.5605e-07  4.8778e-05
   56    138  3.7340e-07  5.1529e-05
   57    139  8.0939e-08  1.1251e-05
   58    140  1.5277e-07  2.1388e-05
   58    142  4.3076e-08  6.1168e-06
   59    141  9.5896e-08  1.3521e-05
   60    142  1.1507e-16  1.6339e-14
   60    143  3.1338e-08  4.4813e-06
   60    144  3.4994e-08  5.0391e-06
   60    145  1.2611e-08  1.8286e-06
   60    146  4.9609e-08  7.2429e-06
   60    148  4.1652e-08  6.1645e-06
   60    150  1.9055e-08  2.8583e-06
   62    147  8.1807e-08  1.2026e-05
   62    148  7.7926e-12  1.1533e-09
   62    149  8.1075e-09  1.2080e-06
   62    150  2.3948e-12  3.5921e-10
   62    152  1.6189e-08  2.4607e-06
   62    154  8.3037e-09  1.2788e-06
   63    151  2.2338e-09  3.3730e-07
   63    153  1.6675e-08  2.5513e-06
   64    154  9.0411e-14  1.3923e-11
   64    155  1.4565e-07  2.2576e-05
   64    156  1.0171e-08  1.5866e-06
   64    157  2.3220e-08  3.6455e-06
   64    158  7.4530e-08  1.1776e-05
   64    160  3.1573e-09  5.0516e-07
   65    159  1.3062e-09  2.0769e-07
   66    160  9.2074e-16  1.4732e-13
   66    161  5.2322e-09  8.4238e-07
   66    162  3.1908e-09  5.1691e-07
   66    163  6.4857e-09  1.0572e-06
   66    164  4.7434e-09  7.7791e-07
   67    165  6.3407e-09  1.0462e-06
   68    166  7.4561e-09  1.2377e-06
   68    167  2.2965e-08  3.8351e-06
   68    168  1.5163e-08  2.5475e-06
   68    170  1.3578e-08  2.3083e-06
   69    169  1.6012e-07  2.7061e-05
   70    170  4.2349e-14  7.1994e-12
   70    171  7.7992e-08  1.3337e-05
   70    172  2.2789e-08  3.9197e-06
   70    173  1.6940e-08  2.9306e-06
   70    174  9.5131e-08  1.6553e-05
   70    176  3.0906e-08  5.4394e-06
   71    175  1.7998e-08  3.1496e-06
   71    176  1.1683e-15  2.0561e-13
   72    176  1.0938e-17  1.9250e-15
   72    177  3.3871e-07  5.9952e-05
   72    178  1.8097e-07  3.2212e-05
   72    179  1.3379e-07  2.3948e-05
   72    180  3.3257e-07  5.9862e-05
   73    181  5.0294e-07  9.1033e-05
   74    182  8.3673e-07  1.5229e-04
   74    183  9.1269e-07  1.6702e-04
   74    184  4.9530e-07  9.1136e-05
   74    186  1.6313e-07  3.0343e-05
   75    185  1.9218e-07  3.5554e-05
   75    187  2.2324e-07  4.1745e-05
   76    186  2.5820e-16  4.8026e-14
   76    187  1.8143e-09  3.3927e-07
   76    188  2.4332e-07  4.5744e-05
   76    189  2.3981e-07  4.5323e-05
   76    190  1.3198e-07  2.5077e-05
   76    192  7.3367e-08  1.4087e-05
   77    191  3.2182e-07  6.1468e-05
   77    193  3.1695e-08  6.1171e-06
   78    192  6.6832e-15  1.2832e-12
   78    194  4.3745e-07  8.4865e-05
   78    195  8.1377e-07  1.5869e-04
   78    196  1.0944e-06  2.1450e-04
   78    198  5.0464e-06  9.9919e-04
   79    197  2.4665e-06  4.8591e-04
   80    198  1.5731e-13  3.1147e-11
   80    199  2.4124e-06  4.8006e-04
   80    200  3.3233e-05  6.6465e-03
   80    201  1.2237e-05  2.4596e-03
   80    202  8.5476e-06  1.7266e-03
   80    204  6.3748e-07  1.3005e-04
   81    203  3.3663e-06  6.8336e-04
   81    205  1.6484e-07  3.3792e-05
   81    207  5.4572e-20  1.1296e-17
   82    204  2.3496e-16  4.7932e-14
   82    206  1.5303e-06  3.1525e-04
   82    207  3.2768e-06  6.7830e-04
   82    208  1.0481e-06  2.1801e-04
   82    210  4.3163e-13  9.0643e-11
   82    211  1.9337e-18  4.0802e-16
   82    212  1.0155e-18  2.1528e-16
   82    214  2.0131e-19  4.3080e-17
   83    209  4.9329e-06  1.0310e-03
   83    210  9.0542e-18  1.9014e-15
   83    211  2.4569e-20  5.1841e-18
   83    212  3.0344e-20  6.4329e-18
   83    214  2.4883e-20  5.3251e-18
   84    210  2.4999e-16  5.2498e-14
   86    222  6.9007e-18  1.5320e-15
   88    223  1.8904e-16  4.2157e-14
   88    224  2.6241e-18  5.8780e-16
   88    226  1.0559e-12  2.3864e-10
   88    228  8.4382e-12  1.9239e-09
   89    227  1.3146e-13  2.9842e-11
   89    228  1.8469e-19  4.2110e-17
   90    227  3.0384e-16  6.8971e-14
   90    228  5.0393e-16  1.1490e-13
   90    230  4.9765e-11  1.1446e-08
   90    231  1.7585e-17  4.0621e-15
   90    232  3.6937e-06  8.5693e-04
   90    234  1.6827e-17  3.9375e-15
   91    231  1.9709e-10  4.5528e-08
   91    234  5.0392e-19  1.1792e-16
   92    234  1.6205e-10  3.7919e-08
   92    235  4.2479e-06  9.9825e-04
   92    236  1.5016e-08  3.5437e-06
   92    238  2.9480e-06  7.0163e-04
   92    240  7.5367e-19  1.8088e-16
   93    240  5.3210e-20  1.2770e-17
   94    239  2.7759e-17  6.6345e-15
   94    240  2.9727e-12  7.1344e-10
   94    244  3.6184e-08  8.8289e-06
   95    243  8.4861e-18  2.0621e-15
   96    244  9.8207e-18  2.3963e-15
   96    247  1.7911e-14  4.4240e-12
   97    246  5.6627e-10  1.3930e-07
  100    258  2.4240e-06  6.2539e-04
  100    260  2.4550e-06  6.3831e-04
  100    262  1.6734e-06  4.3843e-04
  102    260  9.4248e-18  2.4505e-15
  102    261  1.5560e-06  4.0613e-04
  102    263  1.4699e-06  3.8658e-04
  102    264  1.7948e-06  4.7384e-04
  102    266  2.6368e-06  7.0138e-04
  103    265  2.1543e-06  5.7088e-04
  104    267  2.4299e-06  6.4879e-04
  104    268  3.6554e-06  9.7965e-04
  104    270  1.2001e-05  3.2403e-03
  104    272  1.9802e-05  5.3861e-03
  104    274  4.9372e-05  1.3528e-02
  105    269  1.1158e-05  3.0015e-03
  105    271  1.1901e-05  3.2251e-03
  106    273  2.3048e-05  6.2921e-03
  106    275  6.5552e-05  1.8027e-02
  106    276  1.1210e-04  3.0941e-02
  106    278  7.7117e-05  2.1439e-02
  106    280  1.9195e-05  5.3746e-03
  107    277  3.5457e-05  9.8215e-03
  108    279  4.5415e-05  1.2671e-02
  108    281  6.5671e-06  1.8454e-03
  108    282  6.9537e-06  1.9610e-03
  108    283  6.8096e-07  1.9271e-04
  108    284  1.1770e-07  3.3426e-05
  108    286  2.9557e-09  8.4532e-07
  110    285  6.2735e-09  1.7880e-06
  110    287  2.3522e-09  6.7508e-07
  110    288  1.5224e-09  4.3844e-07
  110    290  4.8469e-09  1.4056e-06
  111    289  8.6430e-10  2.4978e-07
  111    291  3.1103e-10  9.0511e-08
  111    292  2.9359e-08  8.5728e-06
  111    293  9.9064e-09  2.9026e-06
  111    294  4.9817e-08  1.4646e-05
  111    295  3.9871e-08  1.1762e-05
  111    296  2.7623e-08  8.1765e-06
  111    297  9.0026e-09  2.6738e-06
  111    298  1.8873e-08  5.6242e-06
  111    299  2.6293e-15  7.8616e-13
  111    300  9.2690e-10  2.7807e-07
  111    301  3.2355e-07  9.7390e-05
  111    302  9.8922e-08  2.9875e-05
  111    303  1.2403e-07  3.7580e-05
  111    304  1.8782e-07  5.7098e-05
  111    305  2.4830e-07  7.5731e-05
  111    306  5.3334e-07  1.6320e-04
  111    307  2.4230e-07  7.4386e-05
  111    308  2.7941e-07  8.6060e-05
  111    309  4.8571e-07  1.5008e-04
  111    310  2.9107e-07  9.0231e-05
  111    311  4.0053e-07  1.2456e-04
  111    312  3.1549e-07  9.8432e-05
  111    313  3.2717e-07  1.0240e-04
  111    314  2.4032e-07  7.5460e-05
  111    315  3.1133e-07  9.8070e-05
  111    316  4.3333e-07  1.3693e-04
  111    317  4.4171e-07  1.4002e-04
  111    318  4.4103e-07  1.4025e-04
  111    319  5.0432e-07  1.6088e-04
  111    320  7.5072e-07  2.4023e-04
  111    321  3.6602e-07  1.1749e-04
  111    322  4.5877e-07  1.4772e-04
  111    323  6.6105e-07  2.1352e-04
  111    324  6.0680e-07  1.9660e-04
  111    325  3.3555e-07  1.0905e-04
  111    326  7.2940e-07  2.3778e-04
  111    327  5.1670e-07  1.6896e-04
  111    328  1.5036e-06  4.9317e-04
  111    329  2.4175e-06  7.9537e-04
  111    330  1.8759e-07  6.1905e-05
  111    331  1.1751e-06  3.8895e-04
  111    332  1.0376e-06  3.4447e-04
  111    333  3.4102e-07  1.1356e-04
  111    334  7.3050e-08  2.4399e-05
  111    335  1.8844e-07  6.3127e-05
  111    336  2.9559e-08  9.9319e-06
  111    337  1.6966e-06  5.7175e-04
    1      1  2.5263e-07  2.5263e-07
    2      4  2.0691e-01  8.2762e-01


