1  4.7917e-10
2  1.0817e-01
3  1.0132e-18
4  7.2456e-15
5  9.0823e-19
6  1.4414e-08
7  5.0222e-10
8  1.1092e-09
9  1.5981e-10
10  2.7861e-10
11  9.2105e-11
12  1.1461e-09
13  4.9027e-10
14  1.4046e-08
15  7.7487e-10
16  4.9955e-08
17  1.3401e-07
18  1.6992e-07
19  5.0196e-08
20  2.4908e-06
21  1.0618e-06
22  4.5058e-06
23  8.8013e-07
24  3.9397e-06
25  1.0060e-06
26  3.6731e-06
27  2.4881e-08
28  9.2313e-07
29  2.0392e-06
30  4.4500e-06
31  2.0147e-06
32  3.3861e-05
33  2.6366e-06
34  8.1593e-05
35  2.3787e-05
36  4.5183e-05
37  1.7141e-05
38  7.2142e-06
39  2.5429e-06
40  6.2416e-05
41  9.1491e-06
42  1.3213e-04
43  4.8851e-30
44  5.2412e-04
45  6.9610e-05
46  1.2519e-03
47  5.5789e-04
48  8.3623e-04
49  4.5628e-05
50  2.4849e-04
51  1.1129e-04
52  7.7609e-04
53  1.9502e-04
54  4.9674e-05
55  3.7675e-09
56  3.6591e-10
57  2.6562e-12
58  1.7596e-11
59  3.1063e-13
60  1.6431e-12
61  3.5325e-316
62  5.9727e-13
63  1.0927e-13
64  3.5427e-14
65  2.3641e-15
66  1.3873e-15
67  1.0266e-16
68  1.6340e-16
69  1.7308e-17
70  2.7175e-18
71  1.3576e-19
72  3.5003e-20
73  1.9259e-22
74  8.3920e-23
75  9.2992e-24
76  6.4213e-24
77  2.7257e-25
78  0.0000e+00
79  0.0000e+00
80  0.0000e+00
81  0.0000e+00
82  0.0000e+00
83  0.0000e+00
84  0.0000e+00
85  0.0000e+00
86  0.0000e+00
87  0.0000e+00
88  0.0000e+00
89  0.0000e+00
90  0.0000e+00
91  0.0000e+00
92  0.0000e+00
93  0.0000e+00
94  0.0000e+00
95  0.0000e+00
96  0.0000e+00
97  0.0000e+00
98  0.0000e+00
99  0.0000e+00
100  0.0000e+00
101  0.0000e+00
102  0.0000e+00
103  0.0000e+00
104  0.0000e+00
105  0.0000e+00
106  0.0000e+00
107  0.0000e+00
108  0.0000e+00
109  0.0000e+00
110  0.0000e+00
111  0.0000e+00
112  0.0000e+00
113  0.0000e+00
114  0.0000e+00
115  0.0000e+00
116  0.0000e+00
117  0.0000e+00
118  0.0000e+00

