1  2.3768e-08
2  1.7492e-01
3  5.4291e-10
4  8.3577e-09
5  5.2010e-08
6  3.2967e-07
7  1.5219e-05
8  3.7248e-07
9  1.4706e-06
10  2.6575e-06
11  7.0385e-07
12  1.4257e-06
13  4.5169e-08
14  2.1960e-07
15  5.5060e-08
16  4.5403e-07
17  6.9982e-08
18  1.2681e-07
19  2.8506e-07
20  8.7737e-07
21  2.2122e-07
22  1.2528e-06
23  4.6802e-07
24  1.6789e-06
25  1.2813e-07
26  2.8196e-07
27  1.3908e-08
28  5.7169e-07
29  2.4035e-06
30  3.3760e-06
31  5.4768e-07
32  5.2562e-06
33  8.5884e-07
34  3.2171e-05
35  8.6533e-06
36  8.6479e-06
37  2.3334e-06
38  1.0592e-06
39  6.5541e-07
40  8.8540e-06
41  5.0857e-06
42  4.3347e-06
43  3.2222e-32
44  2.2449e-06
45  7.1169e-07
46  4.2812e-06
47  1.9103e-06
48  2.3689e-06
49  2.0793e-07
50  8.8802e-06
51  2.6180e-06
52  7.0415e-05
53  2.6220e-05
54  4.6156e-05
55  1.9728e-06
56  1.3226e-05
57  7.5146e-07
58  2.8957e-06
59  4.7320e-07
60  1.1870e-05
61  4.0173e-83
62  1.0652e-05
63  4.8327e-06
64  1.2888e-05
65  2.1623e-06
66  1.4488e-05
67  2.5424e-06
68  1.5073e-05
69  3.3789e-06
70  1.7916e-05
71  2.5844e-06
72  8.2191e-06
73  2.1129e-06
74  6.1348e-05
75  2.7080e-05
76  3.1683e-04
77  1.7367e-04
78  3.8949e-04
79  7.0791e-05
80  1.6051e-05
81  2.8830e-06
82  9.5368e-05
83  3.4122e-05
84  9.4130e-16
85  4.6815e-26
86  2.5988e-17
87  9.1096e-21
88  3.9857e-12
89  3.4353e-13
90  2.2730e-05
91  5.1503e-10
92  2.2266e-05
93  2.3118e-19
94  1.5721e-07
95  1.1534e-17
96  2.4380e-14
97  2.6110e-09
98  -1.0672e-314
99  -1.9763e-322
100  9.9077e-06
101  -1.2043e-313
102  1.2577e-05
103  2.8248e-06
104  7.6641e-06
105  4.4168e-06
106  6.6745e-07
107  7.6221e-09
108  7.3845e-10
109  1.8722e-319
110  6.9851e-12
111  2.6360e-10
112  0.0000e+00
113  0.0000e+00
114  0.0000e+00
115  0.0000e+00
116  0.0000e+00
117  0.0000e+00
118  0.0000e+00

