1  1.1878e-09
2  3.8084e-02
3  1.9109e-20
4  5.0871e-20
5  3.0891e-20
6  5.0839e-08
7  3.0404e-18
8  3.8267e-10
9  1.6958e-21
10  3.7849e-10
11  6.1991e-14
12  4.7661e-10
13  8.8781e-11
14  2.7078e-09
15  3.7978e-10
16  8.3621e-09
17  2.3305e-09
18  4.0237e-09
19  5.0497e-10
20  2.8236e-08
21  8.8670e-10
22  1.0907e-07
23  1.3068e-08
24  1.6092e-07
25  1.5903e-09
26  7.2474e-08
27  1.2096e-10
28  2.5981e-07
29  1.1305e-07
30  1.6669e-06
31  1.3471e-07
32  2.7063e-06
33  1.7211e-07
34  1.7804e-05
35  7.2997e-07
36  3.5050e-04
37  1.8942e-05
38  1.4437e-04
39  1.3560e-04
40  3.5878e-03
41  5.1593e-04
42  2.6436e-03
43  9.9961e-26
44  5.8971e-04
45  8.9686e-05
46  4.6319e-04
47  1.7872e-04
48  1.0287e-04
49  2.3320e-05
50  5.1969e-06
51  1.3568e-06
52  2.9953e-07
53  4.2077e-08
54  2.2989e-08
55  6.6798e-13
56  3.3992e-18
57  1.5170e-24
58  2.3821e-23
59  0.0000e+00
60  0.0000e+00
61  0.0000e+00
62  0.0000e+00
63  0.0000e+00
64  0.0000e+00
65  0.0000e+00
66  0.0000e+00
67  0.0000e+00
68  0.0000e+00
69  0.0000e+00
70  0.0000e+00
71  0.0000e+00
72  0.0000e+00
73  0.0000e+00
74  0.0000e+00
75  0.0000e+00
76  0.0000e+00
77  0.0000e+00
78  0.0000e+00
79  0.0000e+00
80  0.0000e+00
81  0.0000e+00
82  0.0000e+00
83  0.0000e+00
84  0.0000e+00
85  0.0000e+00
86  0.0000e+00
87  0.0000e+00
88  0.0000e+00
89  0.0000e+00
90  0.0000e+00
91  0.0000e+00
92  0.0000e+00
93  0.0000e+00
94  0.0000e+00
95  0.0000e+00
96  0.0000e+00
97  0.0000e+00
98  0.0000e+00
99  0.0000e+00
100  0.0000e+00
101  0.0000e+00
102  0.0000e+00
103  0.0000e+00
104  0.0000e+00
105  0.0000e+00
106  0.0000e+00
107  0.0000e+00
108  0.0000e+00
109  0.0000e+00
110  0.0000e+00
111  0.0000e+00
112  0.0000e+00
113  0.0000e+00
114  0.0000e+00
115  0.0000e+00
116  0.0000e+00
117  0.0000e+00
118  0.0000e+00

