    1      2  1.2769e-16  2.5538e-16
    3      6  2.2688e-20  1.3613e-19
    4      8  3.8575e-20  3.0860e-19
    4      9  2.2735e-19  2.0462e-18
    5     10  4.3989e-20  4.3989e-19
    6     12  4.5794e-08  5.4953e-07
    6     13  8.3722e-15  1.0884e-13
    7     14  3.1517e-19  4.4124e-18
    7     15  2.0730e-16  3.1095e-15
    8     16  1.7160e-09  2.7456e-08
    8     17  2.6823e-16  4.5600e-15
    8     18  3.4602e-17  6.2283e-16
    9     19  4.8944e-17  9.2994e-16
   10     20  1.4492e-09  2.8983e-08
   10     21  7.0195e-15  1.4741e-13
   10     22  7.7906e-18  1.7139e-16
   11     23  1.8828e-13  4.3305e-12
   12     24  6.7786e-10  1.6269e-08
   12     25  1.1542e-10  2.8855e-09
   12     26  2.4777e-10  6.4420e-09
   13     26  7.1334e-16  1.8547e-14
   13     27  1.3939e-10  3.7635e-09
   14     28  3.0207e-10  8.4579e-09
   14     29  4.2953e-10  1.2456e-08
   14     30  1.1296e-09  3.3888e-08
   15     31  1.1572e-09  3.5873e-08
   16     32  4.6282e-09  1.4810e-07
   16     33  1.9578e-09  6.4608e-08
   16     34  1.1874e-08  4.0372e-07
   16     36  1.1055e-09  3.9800e-08
   17     35  6.3655e-10  2.2279e-08
   17     37  2.6409e-09  9.7712e-08
   18     36  1.0089e-14  3.6320e-13
   18     38  4.5574e-09  1.7318e-07
   18     40  6.3385e-11  2.5354e-09
   19     39  7.7738e-10  3.0318e-08
   19     40  3.1175e-19  1.2470e-17
   19     41  1.1496e-10  4.7132e-09
   20     40  1.2202e-19  4.8810e-18
   20     42  7.1391e-08  2.9984e-06
   20     43  3.6937e-09  1.5883e-07
   20     44  1.4324e-08  6.3024e-07
   20     46  5.2428e-09  2.4117e-07
   21     45  1.6487e-09  7.4193e-08
   22     47  1.4147e-07  6.6493e-06
   22     48  2.5837e-07  1.2402e-05
   22     49  2.1310e-09  1.0442e-07
   22     50  1.2456e-08  6.2279e-07
   23     51  1.0034e-07  5.1171e-06
   24     52  2.1976e-06  1.1427e-04
   24     53  2.1166e-07  1.1218e-05
   24     54  2.5481e-07  1.3760e-05
   25     55  2.4856e-08  1.3671e-06
   26     56  7.2022e-07  4.0332e-05
   26     57  5.4630e-08  3.1139e-06
   26     58  6.1730e-07  3.5803e-05
   27     59  1.4367e-06  8.4767e-05
   28     60  4.2385e-07  2.5431e-05
   28     61  4.8295e-07  2.9460e-05
   28     62  2.3582e-07  1.4621e-05
   28     64  7.9358e-07  5.0789e-05
   29     63  5.1376e-07  3.2367e-05
   29     65  8.0217e-07  5.2141e-05
   30     64  1.0534e-19  6.7415e-18
   30     66  4.4999e-07  2.9699e-05
   30     67  6.5199e-07  4.3683e-05
   30     68  8.0607e-08  5.4813e-06
   30     70  2.8489e-07  1.9942e-05
   31     69  1.0327e-07  7.1256e-06
   31     71  9.5247e-07  6.7625e-05
   32     70  1.7990e-14  1.2593e-12
   32     72  2.2103e-06  1.5914e-04
   32     73  4.2072e-06  3.0712e-04
   32     74  2.1951e-06  1.6244e-04
   32     76  2.7362e-06  2.0795e-04
   33     75  7.3335e-07  5.5002e-05
   34     76  3.2950e-13  2.5042e-11
   34     77  1.0323e-05  7.9489e-04
   34     78  7.3851e-06  5.7604e-04
   34     80  2.7453e-05  2.1963e-03
   34     82  1.4752e-07  1.2096e-05
   35     79  3.6175e-06  2.8578e-04
   35     81  2.4246e-06  1.9639e-04
   36     82  1.0180e-11  8.3475e-10
   36     83  4.0239e-06  3.3399e-04
   36     84  3.3666e-05  2.8280e-03
   36     86  1.4366e-06  1.2355e-04
   37     85  2.2538e-06  1.9158e-04
   37     87  1.5497e-05  1.3482e-03
   38     86  5.0994e-18  4.3855e-16
   38     87  1.1347e-07  9.8718e-06
   38     88  1.5673e-04  1.3792e-02
   39     89  3.5020e-05  3.1168e-03
   40     90  5.2337e-05  4.7104e-03
   40     91  4.6342e-05  4.2171e-03
   40     92  9.5864e-06  8.8195e-04
   40     94  1.8331e-04  1.7231e-02
   41     93  2.7507e-05  2.5582e-03
   42     95  7.2786e-05  6.9147e-03
   42     96  3.0986e-04  2.9747e-02
   42     97  9.8898e-05  9.5931e-03
   42     98  8.6944e-05  8.5205e-03
   42    100  3.3729e-04  3.3729e-02
   44     99  2.8769e-04  2.8482e-02
   44    100  3.6095e-11  3.6095e-09
   44    101  4.2049e-04  4.2469e-02
   44    102  1.3822e-03  1.4098e-01
   44    104  6.8246e-04  7.0976e-02
   45    103  3.3095e-04  3.4088e-02
   46    104  3.7700e-13  3.9208e-11
   46    105  7.2143e-04  7.5750e-02
   46    106  1.5537e-04  1.6469e-02
   46    108  3.2578e-04  3.5185e-02
   46    110  2.5598e-04  2.8158e-02
   47    107  1.0160e-04  1.0871e-02
   47    109  1.5175e-04  1.6541e-02
   48    110  2.4496e-11  2.6945e-09
   48    111  2.7473e-05  3.0496e-03
   48    112  7.2731e-05  8.1459e-03
   48    113  3.5317e-05  3.9908e-03
   48    114  1.4266e-04  1.6263e-02
   48    116  3.1065e-05  3.6036e-03
   49    113  1.5543e-12  1.7564e-10
   49    115  3.2455e-05  3.7324e-03
   50    115  2.5895e-11  2.9779e-09
   50    116  8.1049e-14  9.4016e-12
   50    117  6.4062e-05  7.4953e-03
   50    118  1.3033e-05  1.5379e-03
   50    119  3.9284e-06  4.6748e-04
   50    120  1.0835e-05  1.3002e-03
   50    122  4.3632e-06  5.3231e-04
   50    124  1.3351e-06  1.6556e-04
   51    121  6.2233e-06  7.5302e-04
   51    123  1.6041e-06  1.9731e-04
   52    122  9.0607e-13  1.1054e-10
   52    124  3.5172e-15  4.3613e-13
   52    125  1.6335e-06  2.0419e-04
   52    126  1.3537e-06  1.7057e-04
   52    128  5.4784e-06  7.0123e-04
   52    130  1.8126e-07  2.3563e-05
   53    127  2.4822e-06  3.1524e-04
   53    129  1.3440e-14  1.7337e-12
   54    128  6.4537e-19  8.2607e-17
   54    129  1.4305e-06  1.8454e-04
   54    130  1.8062e-15  2.3481e-13
   54    131  9.0190e-09  1.1815e-06
   54    132  3.0252e-10  3.9933e-08
   54    134  3.2521e-15  4.3578e-13
   54    136  1.0900e-14  1.4823e-12
   55    133  1.1363e-12  1.5113e-10
   56    135  5.0876e-16  6.8683e-14
   56    137  7.6358e-17  1.0461e-14
   56    138  4.5598e-16  6.2925e-14
   57    139  3.1905e-17  4.4347e-15
   58    140  4.9123e-18  6.8772e-16
   58    142  1.8531e-18  2.6314e-16
   59    141  1.6417e-18  2.3148e-16
   60    143  7.6966e-20  1.1006e-17
   60    144  5.3532e-19  7.7086e-17
   60    145  9.2147e-20  1.3361e-17
   60    146  1.7516e-20  2.5573e-18
    1      1  8.2816e-10  8.2816e-10
    2      4  7.5420e-02  3.0168e-01


