    1      2  3.6531e-09  7.3061e-09
    2      3  2.7236e-10  8.1709e-10
    3      6  1.0199e-11  6.1196e-11
    3      7  2.8557e-10  1.9990e-09
    4      8  2.9824e-09  2.3859e-08
    4      9  9.4257e-10  8.4831e-09
    5     10  1.2664e-08  1.2664e-07
    5     11  1.1334e-09  1.2468e-08
    6     12  3.4163e-09  4.0995e-08
    6     13  3.2018e-07  4.1623e-06
    7     14  2.1790e-07  3.0506e-06
    7     15  1.3052e-05  1.9579e-04
    8     16  3.0418e-07  4.8669e-06
    8     17  6.0961e-09  1.0363e-07
    8     18  3.8288e-08  6.8918e-07
    9     19  1.4072e-06  2.6737e-05
   10     20  1.9502e-06  3.9004e-05
   10     21  5.0729e-07  1.0653e-05
   10     22  2.3637e-09  5.2001e-08
   11     23  6.7863e-07  1.5609e-05
   12     24  6.4297e-07  1.5431e-05
   12     25  5.9002e-07  1.4750e-05
   12     26  2.2909e-08  5.9563e-07
   13     26  7.5192e-19  1.9550e-17
   13     27  4.7168e-08  1.2735e-06
   14     28  1.8057e-07  5.0559e-06
   14     29  4.5551e-08  1.3210e-06
   14     30  5.9965e-08  1.7989e-06
   15     31  7.0770e-08  2.1939e-06
   16     32  8.4068e-08  2.6902e-06
   16     33  2.7694e-07  9.1392e-06
   16     34  2.8812e-07  9.7960e-06
   16     36  4.9820e-08  1.7935e-06
   17     35  7.2457e-09  2.5360e-07
   17     37  1.1086e-07  4.1019e-06
   18     36  3.1357e-20  1.1289e-18
   18     38  1.3050e-07  4.9588e-06
   18     40  8.2805e-08  3.3122e-06
   19     39  3.4249e-08  1.3357e-06
   19     41  4.2822e-07  1.7557e-05
   20     42  6.9554e-07  2.9213e-05
   20     43  7.9253e-08  3.4079e-06
   20     44  4.0899e-07  1.7996e-05
   20     46  2.7852e-07  1.2812e-05
   21     45  3.7182e-07  1.6732e-05
   22     46  8.4276e-19  3.8767e-17
   22     47  7.1749e-07  3.3722e-05
   22     48  9.0602e-07  4.3489e-05
   22     49  1.3845e-07  6.7843e-06
   22     50  4.4086e-07  2.2043e-05
   23     51  6.9070e-07  3.5225e-05
   24     52  2.3789e-06  1.2370e-04
   24     53  4.5668e-07  2.4204e-05
   24     54  1.4389e-07  7.7701e-06
   25     55  1.5424e-07  8.4832e-06
   26     56  6.9480e-08  3.8909e-06
   26     57  2.9630e-07  1.6889e-05
   26     58  7.7462e-09  4.4928e-07
   27     59  2.0365e-08  1.2016e-06
   28     60  3.1553e-08  1.8932e-06
   28     61  9.9412e-08  6.0641e-06
   28     62  2.5581e-07  1.5860e-05
   28     64  4.8451e-07  3.1009e-05
   29     63  2.5036e-06  1.5773e-04
   29     65  7.9988e-07  5.1992e-05
   30     64  7.8664e-20  5.0345e-18
   30     66  1.9940e-06  1.3160e-04
   30     67  7.6376e-07  5.1172e-05
   30     68  6.1125e-07  4.1565e-05
   30     70  1.2977e-06  9.0842e-05
   31     69  2.9405e-07  2.0289e-05
   31     71  5.2779e-07  3.7473e-05
   32     70  1.8270e-14  1.2789e-12
   32     72  1.8215e-06  1.3115e-04
   32     73  1.2925e-06  9.4355e-05
   32     74  2.3064e-06  1.7067e-04
   32     76  1.5654e-06  1.1897e-04
   33     75  9.9921e-07  7.4941e-05
   34     76  1.5009e-13  1.1407e-11
   34     77  3.9488e-06  3.0406e-04
   34     78  5.3843e-06  4.1997e-04
   34     80  2.3163e-05  1.8531e-03
   34     82  2.9502e-06  2.4192e-04
   35     79  7.3546e-06  5.8102e-04
   35     81  2.0506e-06  1.6610e-04
   36     82  1.4408e-12  1.1814e-10
   36     83  3.0646e-06  2.5436e-04
   36     84  2.3283e-06  1.9557e-04
   36     86  4.3649e-06  3.7538e-04
   37     85  1.8241e-06  1.5505e-04
   37     87  8.2878e-07  7.2104e-05
   38     86  2.6267e-18  2.2590e-16
   38     87  6.0685e-09  5.2796e-07
   38     88  1.2730e-06  1.1203e-04
   39     89  7.2703e-07  6.4705e-05
   40     90  1.1249e-06  1.0124e-04
   40     91  2.1285e-06  1.9369e-04
   40     92  5.4692e-06  5.0317e-04
   40     94  2.8379e-06  2.6676e-04
   41     93  5.1982e-06  4.8343e-04
   42     95  2.1239e-06  2.0177e-04
   42     96  9.8363e-07  9.4429e-05
   42     97  7.4466e-07  7.2232e-05
   42     98  7.2091e-07  7.0649e-05
   42    100  6.2763e-07  6.2763e-05
   44     99  3.4426e-07  3.4081e-05
   44    100  5.0533e-15  5.0533e-13
   44    101  6.9741e-07  7.0438e-05
   44    102  8.2054e-07  8.3695e-05
   44    104  8.9217e-07  9.2786e-05
   45    103  8.1989e-07  8.4448e-05
   46    104  5.0216e-16  5.2225e-14
   46    105  1.1638e-06  1.2219e-04
   46    106  1.0870e-06  1.1522e-04
   46    108  9.6376e-07  1.0409e-04
   46    110  2.3260e-06  2.5586e-04
   47    107  1.1293e-06  1.2083e-04
   47    109  1.2704e-06  1.3847e-04
   48    110  9.1875e-14  1.0106e-11
   48    111  3.8816e-07  4.3086e-05
   48    112  1.6401e-06  1.8370e-04
   48    113  6.5140e-07  7.3608e-05
   48    114  4.2108e-07  4.8003e-05
   48    116  9.3346e-08  1.0828e-05
   49    113  2.8669e-14  3.2395e-12
   49    115  2.7597e-07  3.1737e-05
   50    115  2.2019e-13  2.5321e-11
   50    116  5.1580e-16  5.9833e-14
   50    117  2.1071e-07  2.4653e-05
   50    118  2.6253e-07  3.0979e-05
   50    119  3.0648e-07  3.6472e-05
   50    120  1.0319e-06  1.2383e-04
   50    122  1.7121e-06  2.0887e-04
   50    124  7.8019e-06  9.6743e-04
   51    121  1.0503e-06  1.2708e-04
   51    123  2.1839e-06  2.6862e-04
   52    122  2.8969e-14  3.5342e-12
   52    124  4.2956e-16  5.3266e-14
   52    125  9.5882e-06  1.1985e-03
   52    126  3.2617e-05  4.1098e-03
   52    128  5.3583e-05  6.8586e-03
   52    130  5.9521e-06  7.7377e-04
   53    127  3.9723e-05  5.0449e-03
   53    129  7.5118e-14  9.6902e-12
   54    128  3.0618e-17  3.9192e-15
   54    129  3.1072e-05  4.0083e-03
   54    130  6.3282e-14  8.2266e-12
   54    131  1.0160e-05  1.3310e-03
   54    132  9.0329e-06  1.1923e-03
   54    134  7.3904e-06  9.9032e-04
   54    136  1.3301e-05  1.8090e-03
   55    133  3.8933e-06  5.1780e-04
   56    134  4.1963e-18  5.6230e-16
   56    135  6.4698e-06  8.7342e-04
   56    136  9.5045e-16  1.2926e-13
   56    137  7.2717e-06  9.9622e-04
   56    138  6.9467e-06  9.5865e-04
   57    139  1.2766e-06  1.7744e-04
   58    140  3.8613e-06  5.4058e-04
   58    142  2.3808e-06  3.3807e-04
   59    141  2.0415e-06  2.8785e-04
   60    142  5.9654e-19  8.4709e-17
   60    143  1.0494e-06  1.5007e-04
   60    144  2.5417e-06  3.6601e-04
   60    145  1.2750e-06  1.8487e-04
   60    146  3.2939e-06  4.8092e-04
   60    148  9.1157e-06  1.3491e-03
   60    150  4.2779e-06  6.4168e-04
   62    147  4.7351e-06  6.9606e-04
   62    148  2.1704e-15  3.2123e-13
   62    149  3.4396e-06  5.1250e-04
   62    150  4.1353e-12  6.2030e-10
   62    152  6.3786e-06  9.6955e-04
   62    154  5.0608e-06  7.7936e-04
   63    151  5.4937e-06  8.2954e-04
   63    153  3.3381e-06  5.1072e-04
   64    154  9.1169e-14  1.4040e-11
   64    155  2.7604e-06  4.2785e-04
   64    156  7.1695e-06  1.1184e-03
   64    157  3.7099e-06  5.8245e-04
   64    158  8.1111e-06  1.2815e-03
   64    160  6.2199e-06  9.9519e-04
   65    159  4.7422e-06  7.5401e-04
   66    160  6.2353e-14  9.9765e-12
   66    161  3.5006e-06  5.6360e-04
   66    162  9.7302e-06  1.5763e-03
   66    163  4.8805e-06  7.9552e-04
   66    164  1.2711e-05  2.0846e-03
   67    165  5.0200e-06  8.2831e-04
   68    166  9.6495e-06  1.6018e-03
   68    167  4.0896e-06  6.8296e-04
   68    168  1.1383e-05  1.9123e-03
   68    170  7.1961e-06  1.2233e-03
   69    169  6.2050e-06  1.0486e-03
   70    170  1.5269e-14  2.5957e-12
   70    171  5.7421e-06  9.8190e-04
   70    172  5.4792e-06  9.4243e-04
   70    173  8.9137e-06  1.5421e-03
   70    174  1.1337e-05  1.9726e-03
   70    176  6.3057e-06  1.1098e-03
   71    175  5.1325e-06  8.9819e-04
   71    176  7.2348e-15  1.2733e-12
   72    176  6.7736e-17  1.1922e-14
   72    177  4.1904e-06  7.4171e-04
   72    178  4.7764e-06  8.5020e-04
   72    179  3.4333e-06  6.1456e-04
   72    180  4.6205e-06  8.3168e-04
   72    182  9.2271e-20  1.6793e-17
   73    181  4.7483e-06  8.5943e-04
   74    182  1.4054e-05  2.5578e-03
   74    183  6.6986e-06  1.2258e-03
   74    184  3.2145e-05  5.9147e-03
   74    186  8.7965e-05  1.6361e-02
   75    185  1.3965e-05  2.5835e-03
   75    187  3.8872e-05  7.2690e-03
   76    186  2.8741e-16  5.3458e-14
   76    187  3.1592e-07  5.9077e-05
   76    188  6.5431e-05  1.2301e-02
   76    189  8.2092e-05  1.5515e-02
   76    190  1.6062e-04  3.0517e-02
   76    192  8.5524e-05  1.6421e-02
   77    191  8.8129e-05  1.6833e-02
   77    193  8.3502e-05  1.6116e-02
   78    192  1.1909e-13  2.2865e-11
   78    194  1.1274e-04  2.1871e-02
   78    195  1.0265e-04  2.0018e-02
   78    196  8.0421e-05  1.5762e-02
   78    198  2.3982e-05  4.7485e-03
   79    197  5.1376e-05  1.0121e-02
   80    198  3.9799e-13  7.8802e-11
   80    199  5.0514e-06  1.0052e-03
   80    200  1.7096e-06  3.4191e-04
   80    201  5.1108e-07  1.0273e-04
   80    202  1.3295e-06  2.6856e-04
   80    204  1.9193e-06  3.9154e-04
   81    203  1.8896e-06  3.8358e-04
   81    205  3.0636e-07  6.2803e-05
   81    207  3.1156e-20  6.4494e-18
   82    204  1.0685e-16  2.1797e-14
   82    206  1.5959e-05  3.2876e-03
   82    207  1.3124e-05  2.7167e-03
   82    208  1.4126e-05  2.9382e-03
   82    210  1.2695e-14  2.6659e-12
   82    211  2.3706e-19  5.0021e-17
   82    212  5.0865e-19  1.0783e-16
   82    214  2.9151e-20  6.2383e-18
   83    209  1.2378e-05  2.5869e-03
   83    210  7.8415e-18  1.6467e-15
   83    211  1.4027e-20  2.9597e-18
   83    212  4.8224e-20  1.0224e-17
   83    214  2.1551e-20  4.6118e-18
   84    210  2.1651e-16  4.5467e-14
   86    222  5.9765e-18  1.3268e-15
   88    223  1.0793e-16  2.4068e-14
   88    224  4.1704e-18  9.3416e-16
   88    226  9.1450e-13  2.0668e-10
   88    228  2.4038e-15  5.4807e-13
   89    227  7.5055e-14  1.7038e-11
   89    228  2.9352e-19  6.6924e-17
   90    227  1.7347e-16  3.9377e-14
   90    228  8.0087e-16  1.8260e-13
   90    230  4.3100e-11  9.9130e-09
   90    231  1.0040e-17  2.3191e-15
   90    232  5.8702e-06  1.3619e-03
   90    234  3.7666e-17  8.8139e-15
   91    231  1.1252e-10  2.5993e-08
   91    234  4.3642e-19  1.0212e-16
   92    234  1.4035e-10  3.2841e-08
   92    235  2.4252e-06  5.6992e-04
   92    236  1.3195e-08  3.1140e-06
   92    238  2.5532e-06  6.0766e-04
   92    240  6.4022e-19  1.5365e-16
   93    240  4.6755e-20  1.1221e-17
   94    239  5.8008e-18  1.3864e-15
   94    240  2.6120e-12  6.2689e-10
   94    244  3.1794e-08  7.7578e-06
   95    243  1.7733e-18  4.3091e-16
   96    244  8.6293e-18  2.1055e-15
   96    247  3.7427e-15  9.2446e-13
   97    246  5.4936e-10  1.3514e-07
  100    258  4.2594e-07  1.0989e-04
  100    260  4.0524e-07  1.0536e-04
  100    262  3.0667e-07  8.0348e-05
  102    260  6.1076e-19  1.5880e-16
  102    261  2.9297e-07  7.6465e-05
  102    263  2.0036e-07  5.2695e-05
  102    264  3.0684e-07  8.1006e-05
  102    266  2.6611e-07  7.0786e-05
  103    265  2.1084e-07  5.5874e-05
  104    267  1.5368e-07  4.1034e-05
  104    268  8.8368e-08  2.3683e-05
  104    270  1.0128e-07  2.7345e-05
  104    272  1.9227e-08  5.2297e-06
  104    274  1.4543e-08  3.9847e-06
  105    269  1.7492e-07  4.7053e-05
  105    271  4.0579e-08  1.0997e-05
  106    273  1.7118e-08  4.6731e-06
  106    275  1.9465e-09  5.3528e-07
  106    276  1.8814e-09  5.1925e-07
  106    278  1.2042e-10  3.3475e-08
  106    280  9.6193e-13  2.6934e-10
  107    277  1.7105e-10  4.7382e-08
  108    279  1.3129e-11  3.6631e-09
  108    281  9.4757e-14  2.6627e-11
  108    282  3.2055e-14  9.0396e-12
  108    283  3.0898e-15  8.7442e-13
  108    284  3.6385e-14  1.0333e-11
  108    286  6.6183e-14  1.8928e-11
  110    285  2.5349e-15  7.2243e-13
  110    287  5.4028e-14  1.5506e-11
  110    288  7.4534e-15  2.1466e-12
  110    290  1.4384e-14  4.1712e-12
  111    289  7.2097e-15  2.0836e-12
  111    292  6.6305e-14  1.9361e-11
  111    293  2.2714e-14  6.6552e-12
  111    294  4.8132e-14  1.4151e-11
  111    295  1.0048e-14  2.9642e-12
  111    296  2.7573e-15  8.1617e-13
  111    297  1.9274e-15  5.7245e-13
  111    298  4.3141e-17  1.2856e-14
  111    299  4.3165e-19  1.2906e-16
  111    300  4.9008e-18  1.4702e-15
  111    301  7.5396e-14  2.2694e-11
  111    302  3.0307e-14  9.1526e-12
  111    303  3.0929e-14  9.3716e-12
  111    304  5.4844e-14  1.6673e-11
  111    305  8.3122e-14  2.5352e-11
  111    306  1.7523e-13  5.3619e-11
  111    307  5.9263e-14  1.8194e-11
  111    308  5.5258e-14  1.7019e-11
  111    309  5.4664e-14  1.6891e-11
  111    310  5.8230e-14  1.8051e-11
  111    311  5.8922e-14  1.8325e-11
  111    312  5.9576e-14  1.8588e-11
  111    313  3.7837e-14  1.1843e-11
  111    314  4.4090e-14  1.3844e-11
  111    315  3.1654e-14  9.9711e-12
  111    316  4.1568e-14  1.3136e-11
  111    317  2.3822e-14  7.5515e-12
  111    318  2.0530e-14  6.5287e-12
  111    319  2.7411e-14  8.7440e-12
  111    320  3.2471e-14  1.0391e-11
  111    321  1.0912e-14  3.5029e-12
  111    322  2.1422e-14  6.8979e-12
  111    323  1.4252e-14  4.6035e-12
  111    324  1.7877e-14  5.7920e-12
  111    325  1.0325e-14  3.3557e-12
  111    326  7.8445e-15  2.5573e-12
  111    327  1.1579e-14  3.7864e-12
  111    328  2.3669e-16  7.7636e-14
  111    329  2.2630e-15  7.4453e-13
  111    330  9.5922e-17  3.1654e-14
  111    331  9.7538e-17  3.2285e-14
  111    332  3.3399e-17  1.1088e-14
  111    333  1.7148e-16  5.7101e-14
  111    334  9.3769e-18  3.1319e-15
  111    335  1.3756e-17  4.6083e-15
  111    336  3.7760e-18  1.2687e-15
  111    337  2.8159e-17  9.4897e-15
    1      1  7.1297e-09  7.1297e-09
    2      4  1.7145e-01  6.8579e-01


