    1      2  3.9218e-10  7.8436e-10
    2      3  5.1699e-12  1.5510e-11
    3      6  1.0433e-12  6.2600e-12
    3      7  9.4656e-12  6.6259e-11
    4      8  1.8562e-12  1.4850e-11
    4      9  2.9420e-17  2.6478e-16
    5     10  2.6333e-12  2.6333e-11
    5     11  9.5059e-12  1.0456e-10
    6     12  2.6809e-09  3.2171e-08
    6     13  2.2965e-11  2.9855e-10
    7     14  1.1549e-07  1.6169e-06
    7     15  6.7256e-08  1.0088e-06
    8     16  1.9540e-09  3.1263e-08
    8     17  1.0465e-10  1.7790e-09
    8     18  4.8002e-08  8.6403e-07
    9     19  6.3366e-08  1.2039e-06
   10     20  6.2985e-08  1.2597e-06
   10     21  2.6766e-08  5.6208e-07
   10     22  8.4138e-09  1.8510e-07
   11     23  2.1154e-08  4.8654e-07
   12     24  2.5129e-08  6.0310e-07
   12     25  3.3079e-08  8.2698e-07
   12     26  7.4519e-07  1.9375e-05
   13     26  6.0414e-16  1.5708e-14
   13     27  4.1364e-08  1.1168e-06
   14     28  1.2908e-07  3.6142e-06
   14     29  5.6302e-08  1.6328e-06
   14     30  7.3547e-08  2.2064e-06
   15     31  8.3001e-08  2.5730e-06
   16     32  7.0433e-08  2.2539e-06
   16     33  4.8607e-07  1.6040e-05
   16     34  5.3285e-07  1.8117e-05
   16     36  8.9590e-08  3.2252e-06
   17     35  1.1305e-08  3.9567e-07
   17     37  4.9746e-07  1.8406e-05
   18     36  4.1264e-19  1.4855e-17
   18     38  9.1766e-07  3.4871e-05
   18     40  1.1208e-06  4.4830e-05
   19     39  1.6201e-06  6.3184e-05
   19     41  7.5792e-08  3.1075e-06
   20     42  3.7457e-06  1.5732e-04
   20     43  3.2092e-08  1.3800e-06
   20     44  1.1801e-06  5.1927e-05
   20     46  2.3938e-06  1.1012e-04
   21     45  4.4366e-06  1.9965e-04
   22     46  2.3983e-17  1.1032e-15
   22     47  5.9599e-07  2.8012e-05
   22     48  8.3884e-07  4.0264e-05
   22     49  1.5553e-07  7.6210e-06
   22     50  1.1055e-06  5.5273e-05
   23     51  1.2051e-06  6.1459e-05
   24     52  6.8186e-07  3.5457e-05
   24     53  3.2912e-07  1.7443e-05
   24     54  3.4340e-07  1.8544e-05
   25     55  1.6596e-07  9.1276e-06
   26     56  9.3033e-07  5.2099e-05
   26     57  1.9902e-06  1.1344e-04
   26     58  2.4405e-08  1.4155e-06
   27     59  6.8979e-08  4.0698e-06
   28     60  6.5863e-08  3.9518e-06
   28     61  6.8657e-08  4.1881e-06
   28     62  1.9198e-07  1.1903e-05
   28     64  1.4568e-07  9.3233e-06
   29     63  2.3048e-06  1.4520e-04
   29     65  3.1056e-07  2.0187e-05
   30     64  4.6103e-19  2.9506e-17
   30     66  7.3773e-07  4.8690e-05
   30     67  6.4501e-07  4.3216e-05
   30     68  4.4043e-07  2.9949e-05
   30     70  1.9432e-06  1.3602e-04
   31     69  4.3998e-07  3.0358e-05
   31     71  6.8696e-07  4.8774e-05
   32     70  9.6350e-14  6.7445e-12
   32     72  2.0453e-06  1.4726e-04
   32     73  3.2791e-06  2.3937e-04
   32     74  8.7796e-06  6.4969e-04
   32     76  2.0199e-06  1.5351e-04
   33     75  1.8577e-06  1.3933e-04
   34     76  1.0272e-12  7.8069e-11
   34     77  1.1083e-05  8.5341e-04
   34     78  3.8027e-05  2.9661e-03
   34     80  2.1221e-05  1.6976e-03
   34     82  5.6290e-06  4.6158e-04
   35     79  2.6864e-05  2.1222e-03
   35     81  4.8339e-06  3.9155e-04
   36     82  2.0159e-11  1.6531e-09
   36     83  3.7558e-06  3.1173e-04
   36     84  1.5347e-05  1.2891e-03
   36     86  2.7435e-06  2.3594e-04
   37     85  3.4445e-06  2.9278e-04
   37     87  2.9227e-06  2.5427e-04
   38     86  1.2739e-17  1.0956e-15
   38     87  2.1401e-08  1.8619e-06
   38     88  5.5954e-06  4.9240e-04
   39     89  4.7572e-06  4.2340e-04
   40     90  8.0605e-06  7.2545e-04
   40     91  5.2928e-06  4.8165e-04
   40     92  7.0130e-06  6.4520e-04
   40     94  5.8069e-06  5.4585e-04
   41     93  8.6566e-06  8.0506e-04
   42     95  5.3666e-06  5.0983e-04
   42     96  4.6309e-06  4.4457e-04
   42     97  5.5551e-06  5.3885e-04
   42     98  5.1894e-06  5.0856e-04
   42    100  5.0739e-06  5.0739e-04
   44     99  2.4612e-06  2.4366e-04
   44    100  2.7797e-13  2.7797e-11
   44    101  3.9550e-06  3.9945e-04
   44    102  9.2547e-06  9.4398e-04
   44    104  5.3343e-06  5.5477e-04
   45    103  9.6033e-06  9.8914e-04
   46    104  1.6752e-14  1.7422e-12
   46    105  5.0752e-06  5.3290e-04
   46    106  3.3218e-06  3.5211e-04
   46    108  3.4936e-06  3.7731e-04
   46    110  8.8198e-06  9.7018e-04
   47    107  4.6690e-06  4.9959e-04
   47    109  5.4932e-06  5.9875e-04
   48    110  1.2469e-12  1.3716e-10
   48    111  1.1498e-06  1.2762e-04
   48    112  4.5902e-06  5.1410e-04
   48    113  3.4488e-06  3.8971e-04
   48    114  3.5763e-06  4.0770e-04
   48    116  3.6579e-07  4.2432e-05
   49    113  1.5178e-13  1.7151e-11
   49    115  2.8484e-06  3.2756e-04
   50    115  2.2726e-12  2.6135e-10
   50    116  1.1965e-14  1.3880e-12
   50    117  1.6060e-06  1.8790e-04
   50    118  1.3534e-06  1.5970e-04
   50    119  1.2265e-06  1.4596e-04
   50    120  5.0354e-06  6.0425e-04
   50    122  1.5673e-05  1.9121e-03
   50    124  1.6531e-04  2.0499e-02
   51    121  1.1860e-05  1.4351e-03
   51    123  3.5567e-05  4.3747e-03
   52    122  1.7631e-12  2.1510e-10
   52    124  6.8538e-14  8.4988e-12
   52    125  2.4605e-04  3.0756e-02
   52    126  8.1046e-04  1.0212e-01
   52    128  7.4660e-04  9.5565e-02
   52    130  1.2451e-04  1.6186e-02
   53    127  6.0131e-04  7.6366e-02
   53    129  7.3665e-13  9.5028e-11
   54    128  5.6128e-16  7.1844e-14
   54    129  4.8756e-04  6.2895e-02
   54    130  1.5468e-12  2.0108e-10
   54    131  3.3615e-05  4.4036e-03
   54    132  5.7542e-05  7.5955e-03
   54    134  1.2333e-05  1.6526e-03
   54    136  4.2727e-06  5.8109e-04
   55    133  1.3502e-05  1.7958e-03
   56    134  1.3974e-17  1.8726e-15
   56    135  3.4469e-06  4.6533e-04
   56    136  1.1251e-15  1.5301e-13
   56    137  8.5633e-07  1.1732e-04
   56    138  9.3672e-07  1.2927e-04
   57    139  6.0138e-07  8.3591e-05
   58    140  3.9821e-06  5.5750e-04
   58    142  4.0695e-08  5.7787e-06
   59    141  1.7273e-07  2.4355e-05
   60    142  5.4699e-20  7.7673e-18
   60    143  4.0723e-08  5.8233e-06
   60    144  2.1358e-07  3.0755e-05
   60    145  1.0586e-07  1.5350e-05
   60    146  1.5242e-07  2.2253e-05
   60    148  1.0380e-07  1.5362e-05
   60    150  4.1602e-08  6.2403e-06
   62    147  1.4777e-07  2.1722e-05
   62    148  1.2459e-16  1.8439e-14
   62    149  4.1807e-08  6.2293e-06
   62    150  1.9759e-13  2.9638e-11
   62    152  8.3719e-08  1.2725e-05
   62    154  7.4730e-08  1.1508e-05
   63    151  1.9938e-08  3.0106e-06
   63    153  6.5339e-08  9.9969e-06
   64    154  3.9580e-15  6.0954e-13
   64    155  1.5190e-07  2.3545e-05
   64    156  2.0174e-08  3.1472e-06
   64    157  2.6373e-08  4.1405e-06
   64    158  2.4342e-08  3.8461e-06
   64    160  2.9585e-08  4.7336e-06
   65    159  2.0552e-08  3.2678e-06
   66    160  6.4087e-16  1.0254e-13
   66    161  2.3910e-08  3.8495e-06
   66    162  9.3600e-09  1.5163e-06
   66    163  8.0384e-09  1.3103e-06
   66    164  1.1576e-08  1.8985e-06
   67    165  9.6459e-09  1.5916e-06
   68    166  1.1289e-08  1.8739e-06
   68    167  1.3932e-08  2.3266e-06
   68    168  7.9464e-09  1.3350e-06
   68    170  4.5939e-09  7.8097e-07
   69    169  1.7483e-08  2.9547e-06
   70    170  7.9093e-17  1.3446e-14
   70    171  2.9536e-09  5.0507e-07
   70    172  1.0859e-09  1.8677e-07
   70    173  1.1810e-09  2.0432e-07
   70    174  2.3160e-09  4.0299e-07
   70    176  1.9061e-09  3.3547e-07
   71    175  6.0785e-10  1.0637e-07
   71    176  1.4270e-18  2.5115e-16
   72    176  1.3361e-20  2.3515e-18
   72    177  1.1356e-09  2.0100e-07
   72    178  3.0850e-10  5.4913e-08
   72    179  1.3160e-10  2.3556e-08
   72    180  1.3250e-10  2.3851e-08
   73    181  1.0341e-10  1.8718e-08
   74    182  8.7181e-11  1.5867e-08
   74    183  2.7334e-11  5.0021e-09
   74    184  1.5401e-11  2.8338e-09
   74    186  1.0990e-11  2.0442e-09
   75    185  5.1565e-12  9.5395e-10
   75    187  5.3453e-12  9.9957e-10
   76    187  4.3443e-14  8.1238e-12
   76    188  2.2026e-11  4.1408e-09
   76    189  7.1191e-12  1.3455e-09
   76    190  1.9635e-11  3.7307e-09
   76    192  1.1333e-11  2.1759e-09
   77    191  3.3436e-11  6.3863e-09
   77    193  6.8272e-12  1.3177e-09
   78    192  1.0837e-19  2.0806e-17
   78    194  9.7466e-12  1.8908e-09
   78    195  4.2652e-12  8.3171e-10
   78    196  1.6811e-12  3.2949e-10
   78    198  2.2463e-13  4.4477e-11
   79    197  5.5483e-13  1.0930e-10
   80    199  6.5853e-14  1.3105e-11
   80    200  4.1232e-14  8.2463e-12
   80    201  1.1480e-14  2.3075e-12
   80    202  1.8064e-15  3.6490e-13
   80    204  8.7552e-18  1.7861e-15
   81    203  1.4985e-16  3.0419e-14
   81    205  4.1891e-19  8.5877e-17
   82    206  8.5265e-20  1.7565e-17
   82    207  7.2032e-20  1.4911e-17
   82    208  6.1058e-20  1.2700e-17
   83    209  1.9956e-20  4.1708e-18
    1      1  5.9127e-09  5.9127e-09
    2      4  1.3508e-01  5.4031e-01


