    1      2  1.0022e-07  2.0044e-07
    2      3  3.9351e-09  1.1805e-08
    3      6  1.2738e-11  7.6429e-11
    3      7  2.3905e-09  1.6734e-08
    4      8  3.9643e-07  3.1714e-06
    4      9  1.4229e-07  1.2806e-06
    5     10  7.6175e-07  7.6175e-06
    5     11  4.7778e-08  5.2556e-07
    6     12  3.8647e-08  4.6377e-07
    6     13  3.0248e-08  3.9323e-07
    7     14  2.6643e-07  3.7300e-06
    7     15  2.5909e-07  3.8864e-06
    8     16  1.4094e-05  2.2550e-04
    8     17  6.4391e-07  1.0946e-05
    8     18  1.5297e-06  2.7535e-05
    9     19  1.7144e-06  3.2574e-05
   10     20  3.9171e-06  7.8341e-05
   10     21  5.4966e-06  1.1543e-04
   10     22  3.2019e-08  7.0443e-07
   11     23  3.1411e-07  7.2246e-06
   12     24  4.2695e-07  1.0247e-05
   12     25  1.9281e-07  4.8204e-06
   12     26  2.1854e-07  5.6820e-06
   13     27  1.0665e-07  2.8797e-06
   14     28  5.4425e-08  1.5239e-06
   14     29  6.3713e-08  1.8477e-06
   14     30  1.0652e-07  3.1956e-06
   15     31  3.1588e-08  9.7923e-07
   16     32  1.2034e-07  3.8509e-06
   16     33  8.3922e-08  2.7694e-06
   16     34  9.8748e-08  3.3574e-06
   16     36  6.0495e-08  2.1778e-06
   17     35  1.2269e-08  4.2940e-07
   17     37  7.6197e-09  2.8193e-07
   18     36  5.1481e-18  1.8533e-16
   18     38  1.7227e-08  6.5461e-07
   18     40  3.4419e-09  1.3768e-07
   19     39  9.8972e-09  3.8599e-07
   19     41  8.4522e-09  3.4654e-07
   20     42  8.6233e-09  3.6218e-07
   20     43  1.7351e-09  7.4607e-08
   20     44  1.8660e-08  8.2106e-07
   20     46  1.6790e-09  7.7233e-08
   21     45  1.2181e-08  5.4814e-07
   22     46  5.4232e-19  2.4947e-17
   22     47  3.7042e-09  1.7410e-07
   22     48  4.7328e-09  2.2717e-07
   22     49  8.4575e-10  4.1442e-08
   22     50  2.6139e-09  1.3069e-07
   23     51  5.9284e-09  3.0235e-07
   24     52  2.8795e-09  1.4973e-07
   24     53  1.8084e-08  9.5843e-07
   24     54  2.2606e-09  1.2207e-07
   25     55  1.2162e-10  6.6893e-09
   26     56  9.7153e-09  5.4406e-07
   26     57  4.8471e-09  2.7629e-07
   26     58  6.0228e-10  3.4932e-08
   27     59  6.3996e-11  3.7757e-09
   28     60  1.4510e-10  8.7061e-09
   28     61  2.7713e-11  1.6905e-09
   28     62  4.7458e-10  2.9424e-08
   28     64  3.8125e-09  2.4400e-07
   29     63  3.4417e-08  2.1683e-06
   29     65  5.5180e-09  3.5867e-07
   30     64  9.6332e-20  6.1653e-18
   30     66  5.6776e-09  3.7472e-07
   30     67  4.2924e-08  2.8759e-06
   30     68  5.3262e-09  3.6218e-07
   30     70  1.0926e-08  7.6479e-07
   31     69  1.4355e-09  9.9052e-08
   31     71  6.7044e-09  4.7602e-07
   32     70  3.0273e-15  2.1191e-13
   32     72  1.3402e-08  9.6494e-07
   32     73  3.1721e-09  2.3157e-07
   32     74  5.6697e-08  4.1955e-06
   32     76  7.5262e-09  5.7199e-07
   33     75  3.7033e-08  2.7774e-06
   34     76  1.8939e-13  1.4393e-11
   34     77  3.3905e-08  2.6106e-06
   34     78  3.8083e-08  2.9705e-06
   34     80  3.8181e-07  3.0545e-05
   34     82  1.4036e-07  1.1509e-05
   35     79  3.5849e-08  2.8321e-06
   35     81  7.7323e-08  6.2632e-06
   36     82  3.8614e-12  3.1664e-10
   36     83  9.1491e-08  7.5938e-06
   36     84  1.0874e-08  9.1341e-07
   36     86  2.4007e-08  2.0646e-06
   37     85  2.6826e-08  2.2802e-06
   37     87  4.8944e-08  4.2581e-06
   38     86  7.5821e-19  6.5206e-17
   38     87  3.5837e-10  3.1179e-08
   38     88  3.4190e-09  3.0087e-07
   39     89  1.5648e-08  1.3927e-06
   40     90  1.5037e-08  1.3534e-06
   40     91  3.3396e-08  3.0390e-06
   40     92  2.8513e-08  2.6232e-06
   40     94  6.1405e-08  5.7721e-06
   41     93  8.9362e-08  8.3107e-06
   42     95  6.1304e-08  5.8239e-06
   42     96  1.5192e-08  1.4584e-06
   42     97  3.2341e-08  3.1370e-06
   42     98  1.0415e-08  1.0207e-06
   42    100  1.8562e-08  1.8562e-06
   44     99  8.9775e-09  8.8877e-07
   44    100  1.6030e-14  1.6030e-12
   44    101  2.9234e-09  2.9527e-07
   44    102  8.4498e-09  8.6188e-07
   44    104  5.7781e-09  6.0092e-07
   45    103  1.3794e-08  1.4208e-06
   46    104  1.7608e-16  1.8312e-14
   46    105  1.8625e-09  1.9556e-07
   46    106  4.1950e-09  4.4467e-07
   46    108  1.7336e-08  1.8722e-06
   46    110  3.9812e-08  4.3794e-06
   47    107  1.4743e-08  1.5775e-06
   47    109  2.7980e-08  3.0498e-06
   48    110  4.8390e-14  5.3230e-12
   48    111  4.7598e-09  5.2833e-07
   48    112  1.0684e-08  1.1966e-06
   48    113  1.5680e-08  1.7719e-06
   48    114  3.8343e-08  4.3710e-06
   48    116  6.2959e-09  7.3032e-07
   49    113  6.9009e-16  7.7980e-14
   49    115  3.9839e-08  4.5815e-06
   50    115  3.1786e-14  3.6554e-12
   50    116  1.3539e-15  1.5705e-13
   50    117  3.1497e-09  3.6852e-07
   50    118  8.9104e-10  1.0514e-07
   50    119  5.6672e-10  6.7440e-08
   50    120  1.1902e-09  1.4283e-07
   50    122  5.2024e-09  6.3470e-07
   50    124  3.9252e-08  4.8672e-06
   51    121  2.1059e-08  2.5482e-06
   51    123  1.0352e-08  1.2733e-06
   52    122  3.3227e-14  4.0537e-12
   52    124  3.9257e-16  4.8678e-14
   52    125  7.7649e-08  9.7062e-06
   52    126  9.8135e-08  1.2365e-05
   52    128  4.9504e-07  6.3365e-05
   52    130  1.1570e-07  1.5041e-05
   53    127  2.3414e-07  2.9736e-05
   53    129  4.5616e-15  5.8845e-13
   54    128  1.5887e-18  2.0336e-16
   54    129  8.1097e-07  1.0462e-04
   54    130  1.8211e-14  2.3674e-12
   54    131  9.0757e-08  1.1889e-05
   54    132  9.3400e-08  1.2329e-05
   54    134  2.6310e-08  3.5255e-06
   54    136  5.5980e-08  7.6132e-06
   55    133  3.5587e-08  4.7331e-06
   56    134  2.7099e-19  3.6313e-17
   56    135  1.8555e-08  2.5049e-06
   56    136  4.9064e-17  6.6727e-15
   56    137  1.1841e-08  1.6222e-06
   56    138  8.1862e-08  1.1297e-05
   57    139  7.0452e-09  9.7928e-07
   58    140  6.3593e-08  8.9030e-06
   58    142  2.6985e-08  3.8318e-06
   59    141  3.4768e-08  4.9022e-06
   60    142  7.7873e-20  1.1058e-17
   60    143  5.9343e-09  8.4860e-07
   60    144  1.2117e-08  1.7449e-06
   60    145  2.1402e-09  3.1032e-07
   60    146  6.0334e-09  8.8088e-07
   60    148  5.9491e-09  8.8046e-07
   60    150  5.1833e-10  7.7750e-08
   62    147  1.1013e-08  1.6189e-06
   62    148  6.1845e-17  9.1530e-15
   62    149  5.1495e-10  7.6727e-08
   62    150  1.6143e-14  2.4215e-12
   62    152  6.1853e-11  9.4017e-09
   62    154  1.4826e-11  2.2833e-09
   63    151  2.0562e-11  3.1049e-09
   63    153  4.8562e-11  7.4299e-09
   64    154  1.9651e-17  3.0263e-15
   64    155  2.6171e-09  4.0566e-07
   64    156  2.0758e-10  3.2382e-08
   64    157  1.1065e-10  1.7371e-08
   64    158  1.7011e-10  2.6877e-08
   64    160  1.0639e-10  1.7022e-08
   65    159  4.7530e-11  7.5573e-09
   66    160  7.2693e-18  1.1631e-15
   66    161  1.4086e-10  2.2678e-08
   66    162  4.6803e-11  7.5821e-09
   66    163  6.1048e-11  9.9508e-09
   66    164  4.0125e-11  6.5805e-09
   67    165  5.5896e-11  9.2228e-09
   68    166  3.3047e-11  5.4859e-09
   68    167  6.9064e-11  1.1534e-08
   68    168  3.9474e-11  6.6316e-09
   68    170  7.6786e-11  1.3054e-08
   69    169  3.6209e-10  6.1193e-08
   70    170  9.3443e-18  1.5885e-15
   70    171  8.8772e-11  1.5180e-08
   70    172  2.7809e-11  4.7831e-09
   70    173  3.5483e-11  6.1385e-09
   70    174  1.5957e-10  2.7764e-08
   70    176  3.0529e-10  5.3731e-08
   71    175  3.6594e-11  6.4039e-09
   71    176  3.9150e-19  6.8904e-17
   72    177  4.9944e-10  8.8402e-08
   72    178  2.5198e-10  4.4852e-08
   72    179  1.6178e-10  2.8958e-08
   72    180  5.0148e-10  9.0267e-08
   73    181  6.1429e-10  1.1119e-07
   74    182  7.0268e-09  1.2789e-06
   74    183  7.2819e-09  1.3326e-06
   74    184  9.6551e-09  1.7765e-06
   74    186  8.1843e-09  1.5223e-06
   75    185  4.1063e-09  7.5966e-07
   75    187  2.9708e-09  5.5554e-07
   76    186  4.9934e-19  9.2878e-17
   76    187  2.4144e-11  4.5149e-09
   76    188  1.0283e-08  1.9332e-06
   76    189  3.8915e-09  7.3550e-07
   76    190  7.8790e-09  1.4970e-06
   76    192  7.2642e-09  1.3947e-06
   77    191  3.7331e-08  7.1303e-06
   77    193  3.6675e-09  7.0782e-07
   78    192  5.8478e-16  1.1228e-13
   78    194  1.9237e-08  3.7319e-06
   78    195  2.6822e-08  5.2304e-06
   78    196  3.1220e-08  6.1192e-06
   78    198  3.9313e-08  7.7841e-06
   79    197  3.7519e-08  7.3912e-06
   80    198  2.2959e-15  4.5459e-13
   80    199  2.2238e-08  4.4253e-06
   80    200  8.8495e-07  1.7699e-04
   80    201  9.7121e-07  1.9521e-04
   80    202  2.5853e-06  5.2224e-04
   80    204  1.4729e-06  3.0048e-04
   81    203  1.8404e-06  3.7360e-04
   81    205  8.4981e-07  1.7421e-04
   82    204  1.1857e-15  2.4189e-13
   82    206  9.0614e-07  1.8667e-04
   82    207  1.1191e-06  2.3164e-04
   82    208  4.5212e-07  9.4042e-05
   82    210  1.4937e-15  3.1368e-13
   82    211  5.6925e-20  1.2011e-17
   82    212  2.9350e-20  6.2222e-18
   83    209  6.5507e-07  1.3691e-04
   83    210  9.2267e-19  1.9376e-16
   84    210  2.5475e-17  5.3498e-15
   86    222  7.0322e-19  1.5612e-16
   88    223  2.5916e-17  5.7794e-15
   88    224  2.4064e-19  5.3903e-17
   88    226  1.0760e-13  2.4319e-11
   88    228  1.3870e-16  3.1624e-14
   89    227  1.8023e-14  4.0911e-12
   89    228  1.6937e-20  3.8616e-18
   90    227  4.1653e-17  9.4553e-15
   90    228  4.6212e-17  1.0536e-14
   90    230  5.0713e-12  1.1664e-09
   90    231  2.4107e-18  5.5688e-16
   90    232  3.3872e-07  7.8582e-05
   90    234  4.4320e-18  1.0371e-15
   91    231  2.7020e-11  6.2416e-09
   91    234  5.1352e-20  1.2016e-17
   92    234  1.6514e-11  3.8642e-09
   92    235  5.8235e-07  1.3685e-04
   92    236  2.0529e-09  4.8448e-07
   92    238  3.0042e-07  7.1500e-05
   92    240  9.9625e-20  2.3910e-17
   94    239  7.1544e-18  1.7099e-15
   94    240  4.0646e-13  9.7550e-11
   94    244  4.9475e-09  1.2072e-06
   95    243  2.1871e-18  5.3147e-16
   96    244  1.3428e-18  3.2764e-16
   96    247  4.6161e-15  1.1402e-12
   97    246  9.3135e-11  2.2911e-08
  100    258  3.4388e-07  8.8722e-05
  100    260  6.8055e-07  1.7694e-04
  100    262  2.3580e-07  6.1781e-05
  102    260  6.1177e-18  1.5906e-15
  102    261  4.6117e-07  1.2036e-04
  102    263  1.8833e-07  4.9530e-05
  102    264  3.1144e-07  8.2219e-05
  102    266  3.0500e-07  8.1130e-05
  103    265  2.4557e-07  6.5076e-05
  104    267  1.4804e-07  3.9526e-05
  104    268  2.5857e-07  6.9298e-05
  104    270  1.1226e-06  3.0310e-04
  104    272  8.5822e-07  2.3344e-04
  104    274  3.6136e-06  9.9012e-04
  105    269  1.1937e-06  3.2111e-04
  105    271  4.8648e-07  1.3184e-04
  106    273  1.0738e-06  2.9316e-04
  106    275  8.0906e-06  2.2249e-03
  106    276  2.4272e-05  6.6991e-03
  106    278  2.0913e-05  5.8139e-03
  106    280  5.6418e-06  1.5797e-03
  107    277  5.8246e-06  1.6134e-03
  108    279  2.4761e-05  6.9084e-03
  108    281  1.8209e-06  5.1169e-04
  108    282  9.4593e-06  2.6675e-03
  108    283  7.2339e-08  2.0472e-05
  108    284  1.8587e-08  5.2787e-06
  108    286  1.0868e-08  3.1083e-06
  110    285  4.4734e-10  1.2749e-07
  110    287  1.2584e-08  3.6115e-06
  110    288  2.6018e-09  7.4932e-07
  110    290  6.3616e-09  1.8449e-06
  111    289  2.3870e-09  6.8985e-07
  111    290  1.1581e-19  3.3586e-17
  111    291  1.1574e-14  3.3680e-12
  111    292  1.9178e-08  5.5999e-06
  111    293  5.1635e-09  1.5129e-06
  111    294  9.0511e-09  2.6610e-06
  111    295  1.4865e-09  4.3851e-07
  111    296  3.5716e-10  1.0572e-07
  111    297  2.4747e-10  7.3500e-08
  111    298  5.4180e-12  1.6146e-09
  111    299  5.4211e-14  1.6209e-11
  111    300  6.1920e-13  1.8576e-10
  111    301  2.0439e-08  6.1522e-06
  111    302  2.0736e-08  6.2622e-06
  111    303  7.8416e-09  2.3760e-06
  111    304  1.7234e-08  5.2392e-06
  111    305  1.5857e-08  4.8365e-06
  111    306  6.3202e-08  1.9340e-05
  111    307  3.4412e-08  1.0564e-05
  111    308  5.0151e-08  1.5446e-05
  111    309  8.7685e-08  2.7095e-05
  111    310  9.4794e-08  2.9386e-05
  111    311  8.8405e-08  2.7494e-05
  111    312  1.0680e-07  3.3320e-05
  111    313  1.5861e-07  4.9646e-05
  111    314  8.8192e-08  2.7692e-05
  111    315  1.2654e-07  3.9861e-05
  111    316  2.8148e-07  8.8948e-05
  111    317  2.5467e-07  8.0731e-05
  111    318  6.0696e-07  1.9301e-04
  111    319  2.0115e-07  6.4166e-05
  111    320  5.0983e-07  1.6314e-04
  111    321  2.2450e-07  7.2065e-05
  111    322  2.6218e-07  8.4422e-05
  111    323  6.2810e-07  2.0288e-04
  111    324  4.7021e-07  1.5235e-04
  111    325  8.2162e-07  2.6703e-04
  111    326  5.9027e-06  1.9243e-03
  111    327  6.5773e-06  2.1508e-03
  111    328  1.3122e-06  4.3042e-04
  111    329  3.2357e-05  1.0646e-02
  111    330  4.7819e-06  1.5780e-03
  111    331  3.4892e-06  1.1549e-03
  111    332  2.4024e-05  7.9758e-03
  111    333  7.6366e-06  2.5430e-03
  111    334  2.0951e-06  6.9977e-04
  111    335  2.2811e-06  7.6418e-04
  111    336  5.8263e-07  1.9576e-04
  111    337  5.0390e-04  1.6981e-01
    1      1  1.1306e-07  1.1306e-07
    2      4  1.9087e-01  7.6349e-01


