    1      2  3.1706e-03  6.3412e-03
    1      3  1.3885e-19  4.1656e-19
    2      3  7.0940e-05  2.1282e-04
    3      7  2.4960e-11  1.7472e-10
    4      8  8.4336e-07  6.7469e-06
    4      9  1.2297e-11  1.1068e-10
    5     10  4.2982e-10  4.2982e-09
    5     11  1.3741e-09  1.5115e-08
    6     12  1.4010e-09  1.6812e-08
    6     13  3.9461e-09  5.1300e-08
    7     14  1.0405e-06  1.4567e-05
    7     15  9.2878e-07  1.3932e-05
    8     16  1.8701e-06  2.9921e-05
    8     17  1.4424e-08  2.4521e-07
    8     18  6.1635e-07  1.1094e-05
    9     19  7.3856e-08  1.4033e-06
   10     20  1.0415e-07  2.0830e-06
   10     21  4.1537e-08  8.7227e-07
   10     22  4.7831e-06  1.0523e-04
   11     23  1.1390e-06  2.6197e-05
   12     24  3.5337e-06  8.4809e-05
   12     25  2.8009e-06  7.0022e-05
   12     26  4.1749e-06  1.0855e-04
   13     27  3.5810e-08  9.6686e-07
   14     28  1.0063e-06  2.8177e-05
   14     29  6.4957e-08  1.8838e-06
   14     30  1.4781e-08  4.4344e-07
   15     31  2.6722e-08  8.2839e-07
   16     32  3.6389e-07  1.1644e-05
   16     33  3.6421e-08  1.2019e-06
   16     34  8.3397e-08  2.8355e-06
   16     36  5.4577e-07  1.9648e-05
   17     35  4.8600e-08  1.7010e-06
   17     37  2.5955e-08  9.6032e-07
   18     36  2.3578e-13  8.4879e-12
   18     38  1.9011e-07  7.2243e-06
   18     40  1.0271e-09  4.1086e-08
   19     39  6.2316e-09  2.4303e-07
   19     40  5.1515e-19  2.0606e-17
   19     41  1.1177e-10  4.5827e-09
   20     40  1.4799e-19  5.9194e-18
   20     42  8.5031e-10  3.5713e-08
   20     43  1.5387e-10  6.6162e-09
   20     44  1.0712e-09  4.7134e-08
   20     46  1.1928e-09  5.4869e-08
   21     45  5.7429e-10  2.5843e-08
   22     46  1.7375e-16  7.9923e-15
   22     47  2.5664e-10  1.2062e-08
   22     48  2.1328e-08  1.0238e-06
   22     49  3.2940e-10  1.6140e-08
   22     50  5.2684e-10  2.6342e-08
   23     51  6.6116e-11  3.3719e-09
   24     52  2.9890e-11  1.5543e-09
   24     53  4.6301e-11  2.4539e-09
   24     54  1.1520e-10  6.2205e-09
   25     55  9.7115e-12  5.3413e-10
   26     56  9.3709e-12  5.2477e-10
   26     57  4.0077e-11  2.2844e-09
   26     58  3.8019e-10  2.2051e-08
   27     59  3.6462e-12  2.1512e-10
   28     60  1.7425e-09  1.0455e-07
   28     61  6.4091e-12  3.9096e-10
   28     62  2.2837e-11  1.4159e-09
   28     64  1.1830e-09  7.5712e-08
   29     63  6.1565e-11  3.8786e-09
   29     65  5.7784e-12  3.7560e-10
   30     64  1.2031e-19  7.7001e-18
   30     66  5.2768e-11  3.4827e-09
   30     67  7.4033e-12  4.9602e-10
   30     68  5.1365e-11  3.4928e-09
   30     70  7.2953e-11  5.1067e-09
   31     69  4.0205e-12  2.7741e-10
   31     71  8.5118e-12  6.0434e-10
   32     70  3.4772e-14  2.4340e-12
   32     72  3.7613e-11  2.7081e-09
   32     73  7.2288e-12  5.2770e-10
   32     74  1.2967e-11  9.5959e-10
   32     76  1.4862e-10  1.1295e-08
   33     75  1.0982e-11  8.2362e-10
   34     76  1.2593e-13  9.5707e-12
   34     77  4.9515e-12  3.8126e-10
   34     78  1.0292e-10  8.0274e-09
   34     80  1.7647e-10  1.4118e-08
   34     82  6.5838e-10  5.3987e-08
   35     79  2.6209e-11  2.0705e-09
   35     81  1.6533e-11  1.3392e-09
   36     82  8.6798e-13  7.1174e-11
   36     83  1.3937e-11  1.1568e-09
   36     84  2.4062e-11  2.0212e-09
   36     86  4.0744e-10  3.5040e-08
   37     85  1.2342e-10  1.0491e-08
   37     87  3.1208e-11  2.7151e-09
   38     86  4.9372e-17  4.2460e-15
   38     87  2.2847e-13  1.9877e-11
   38     88  1.4590e-10  1.2839e-08
   39     89  4.5277e-11  4.0297e-09
   40     90  8.7877e-11  7.9090e-09
   40     91  4.1683e-11  3.7932e-09
   40     92  1.8449e-10  1.6973e-08
   40     94  6.6556e-11  6.2562e-09
   41     93  5.6402e-11  5.2454e-09
   42     95  9.7677e-11  9.2794e-09
   42     96  5.6146e-10  5.3900e-08
   42     97  8.3243e-11  8.0746e-09
   42     98  1.2182e-10  1.1938e-08
   42    100  1.3429e-10  1.3429e-08
   44     99  5.5452e-11  5.4897e-09
   44    100  6.7750e-14  6.7750e-12
   44    101  1.7632e-11  1.7809e-09
   44    102  4.9461e-11  5.0450e-09
   44    104  2.7445e-11  2.8543e-09
   45    103  2.3367e-11  2.4068e-09
   46    104  1.3813e-15  1.4365e-13
   46    105  1.3500e-11  1.4175e-09
   46    106  3.3251e-11  3.5246e-09
   46    108  5.3713e-11  5.8010e-09
   46    110  8.3287e-11  9.1615e-09
   47    107  1.4557e-11  1.5576e-09
   47    109  1.3503e-11  1.4718e-09
   48    110  8.4103e-14  9.2513e-12
   48    111  1.3468e-11  1.4950e-09
   48    112  4.3123e-11  4.8297e-09
   48    113  1.6116e-11  1.8211e-09
   48    114  7.6445e-11  8.7147e-09
   48    116  4.2276e-11  4.9040e-09
   49    113  7.0926e-19  8.0146e-17
   49    115  3.2162e-11  3.6986e-09
   50    115  2.5661e-17  2.9510e-15
   50    116  4.0597e-14  4.7093e-12
   50    117  8.5007e-12  9.9458e-10
   50    118  5.0940e-11  6.0109e-09
   50    119  2.0123e-11  2.3946e-09
   50    120  1.3665e-10  1.6398e-08
   50    122  2.5941e-10  3.1648e-08
   50    124  2.5920e-10  3.2141e-08
   51    121  3.1131e-11  3.7669e-09
   51    123  8.7177e-12  1.0723e-09
   52    122  5.3989e-14  6.5866e-12
   52    124  7.4474e-15  9.2347e-13
   52    125  9.8923e-11  1.2365e-08
   52    126  6.6311e-10  8.3552e-08
   52    128  4.6563e-10  5.9600e-08
   52    130  1.2683e-09  1.6488e-07
   53    127  4.0023e-11  5.0829e-09
   53    129  9.7348e-17  1.2558e-14
   54    128  6.6748e-18  8.5438e-16
   54    129  2.3245e-10  2.9986e-08
   54    130  9.1630e-14  1.1912e-11
   54    131  3.2676e-09  4.2805e-07
   54    132  7.1675e-09  9.4610e-07
   54    134  2.6662e-08  3.5727e-06
   54    136  3.9208e-09  5.3323e-07
   55    133  1.2091e-08  1.6081e-06
   56    134  7.6219e-15  1.0213e-12
   56    135  7.1224e-09  9.6153e-07
   56    136  1.9711e-13  2.6807e-11
   56    137  1.5379e-10  2.1070e-08
   56    138  1.4923e-09  2.0594e-07
   57    139  3.9997e-10  5.5596e-08
   58    140  5.0608e-10  7.0852e-08
   58    142  2.3267e-10  3.3039e-08
   59    141  8.9137e-11  1.2568e-08
   60    142  7.2468e-18  1.0290e-15
   60    143  9.2104e-11  1.3171e-08
   60    144  1.3850e-10  1.9944e-08
   60    145  1.3005e-11  1.8858e-09
   60    146  5.6654e-11  8.2714e-09
   60    148  4.3119e-11  6.3816e-09
   60    150  8.5516e-11  1.2827e-08
   62    147  2.7411e-11  4.0295e-09
   62    148  6.2509e-16  9.2513e-14
   62    149  4.6266e-12  6.8936e-10
   62    150  9.9676e-14  1.4951e-11
   62    152  1.5313e-11  2.3276e-09
   62    154  1.4836e-11  2.2847e-09
   63    151  4.1528e-12  6.2707e-10
   63    153  6.7027e-12  1.0255e-09
   64    154  4.2232e-15  6.5037e-13
   64    155  2.1495e-12  3.3317e-10
   64    156  8.8271e-12  1.3770e-09
   64    157  1.7657e-12  2.7721e-10
   64    158  5.1584e-12  8.1503e-10
   64    160  1.0396e-11  1.6634e-09
   65    159  1.0075e-12  1.6019e-10
   66    160  1.8767e-16  3.0028e-14
   66    161  8.5592e-13  1.3780e-10
   66    162  2.0075e-12  3.2521e-10
   66    163  6.7373e-13  1.0982e-10
   66    164  1.6555e-12  2.7149e-10
   67    165  1.3406e-12  2.2120e-10
   68    166  4.6453e-12  7.7113e-10
   68    167  1.5193e-12  2.5372e-10
   68    168  2.3545e-12  3.9555e-10
   68    170  1.2939e-12  2.1996e-10
   69    169  2.4865e-12  4.2022e-10
   70    170  2.6193e-16  4.4528e-14
   70    171  1.0439e-12  1.7851e-10
   70    172  7.5016e-13  1.2903e-10
   70    173  3.9355e-13  6.8085e-11
   70    174  2.5539e-12  4.4437e-10
   70    176  2.3272e-12  4.0958e-10
   71    175  8.0581e-13  1.4102e-10
   71    176  8.5099e-17  1.4977e-14
   72    176  7.9656e-19  1.4019e-16
   72    177  1.0077e-12  1.7837e-10
   72    178  1.0139e-12  1.8047e-10
   72    179  6.2791e-13  1.1240e-10
   72    180  2.1608e-12  3.8894e-10
   73    181  2.3864e-12  4.3194e-10
   74    182  2.2339e-12  4.0658e-10
   74    183  1.5108e-12  2.7647e-10
   74    184  6.6444e-13  1.2226e-10
   74    186  7.6326e-13  1.4197e-10
   75    185  3.9695e-13  7.3435e-11
   75    187  1.1553e-12  2.1604e-10
   76    186  4.0526e-19  7.5378e-17
   76    187  9.3872e-15  1.7554e-12
   76    188  8.7282e-13  1.6409e-10
   76    189  2.8272e-12  5.3434e-10
   76    190  2.0345e-12  3.8656e-10
   76    192  1.9596e-11  3.7623e-09
   77    191  5.0059e-12  9.5612e-10
   77    193  1.4454e-12  2.7897e-10
   78    192  3.6259e-16  6.9617e-14
   78    194  4.4451e-12  8.6235e-10
   78    195  3.1468e-12  6.1362e-10
   78    196  4.8311e-12  9.4689e-10
   78    198  1.7745e-11  3.5135e-09
   79    197  5.9180e-12  1.1658e-09
   80    198  5.4285e-15  1.0748e-12
   80    199  3.2407e-12  6.4490e-10
   80    200  8.1571e-12  1.6314e-09
   80    201  1.3069e-12  2.6268e-10
   80    202  5.2720e-12  1.0649e-09
   80    204  1.3318e-11  2.7169e-09
   81    203  8.2876e-12  1.6824e-09
   81    205  2.3750e-11  4.8687e-09
   82    204  6.4956e-17  1.3251e-14
   82    206  5.3478e-11  1.1016e-08
   82    207  1.3575e-10  2.8100e-08
   82    208  7.2194e-11  1.5016e-08
   83    209  2.4496e-10  5.1197e-08
   83    214  1.0351e-13  2.2151e-11
   86    218  2.0687e-20  4.5098e-18
   86    219  9.0517e-13  1.9823e-10
   86    220  4.5570e-14  1.0025e-11
   88    226  1.4700e-18  3.3222e-16
   89    227  5.3217e-19  1.2080e-16
   90    230  6.9280e-17  1.5934e-14
   90    232  1.7236e-11  3.9988e-09
   91    231  7.9783e-16  1.8430e-13
   92    234  2.2559e-16  5.2789e-14
   92    235  1.7195e-11  4.0409e-09
   92    236  7.0293e-14  1.6589e-11
   92    238  4.1040e-12  9.7676e-10
   94    239  1.4831e-20  3.5447e-18
   94    240  1.3902e-17  3.3366e-15
   94    244  1.6923e-13  4.1291e-11
   96    247  9.5695e-18  2.3637e-15
   97    246  9.2672e-16  2.2797e-13
  100    258  2.7917e-11  7.2026e-09
  100    260  4.9267e-10  1.2810e-07
  100    262  1.4882e-09  3.8990e-07
  102    260  8.3257e-18  2.1647e-15
  102    261  7.7759e-10  2.0295e-07
  102    263  5.8938e-10  1.5501e-07
  102    264  3.3248e-10  8.7774e-08
  102    266  9.2041e-12  2.4483e-09
  103    265  2.6877e-10  7.1223e-08
  104    267  1.2495e-12  3.3361e-10
  104    268  3.0796e-12  8.2533e-10
  104    270  2.8845e-12  7.7882e-10
  104    272  2.0223e-12  5.5007e-10
  104    274  1.7472e-12  4.7873e-10
  105    269  1.4061e-11  3.7825e-09
  105    271  7.6091e-13  2.0621e-10
  106    273  2.2783e-12  6.2197e-10
  106    275  6.9231e-12  1.9038e-09
  106    276  3.0856e-11  8.5161e-09
  106    278  1.2084e-11  3.3593e-09
  106    280  1.3627e-10  3.8155e-08
  107    277  6.4167e-12  1.7774e-09
  108    279  1.6661e-10  4.6485e-08
  108    281  2.5867e-11  7.2687e-09
  108    282  3.4361e-09  9.6898e-07
  108    283  1.4665e-09  4.1503e-07
  108    284  7.2075e-08  2.0469e-05
  108    286  2.7897e-08  7.9785e-06
  110    285  8.4043e-08  2.3952e-05
  110    286  2.2509e-18  6.4375e-16
  110    287  8.6517e-08  2.4830e-05
  110    288  9.5194e-09  2.7416e-06
  110    290  1.0029e-08  2.9085e-06
  111    289  8.2260e-09  2.3773e-06
  111    290  8.6635e-14  2.5124e-11
  111    291  8.2675e-10  2.4059e-07
  111    292  1.1888e-08  3.4713e-06
  111    293  1.0149e-09  2.9738e-07
  111    294  5.4127e-10  1.5913e-07
  111    295  1.5012e-10  4.4287e-08
  111    296  2.1524e-10  6.3711e-08
  111    297  4.7457e-12  1.4095e-09
  111    298  4.5092e-14  1.3438e-11
  111    299  1.1438e-16  3.4200e-14
  111    300  8.4881e-16  2.5464e-13
  111    301  1.9367e-12  5.8294e-10
  111    302  1.2585e-11  3.8007e-09
  111    303  1.0275e-12  3.1134e-10
  111    304  5.5642e-13  1.6915e-10
  111    305  2.4160e-14  7.3687e-12
  111    306  1.6274e-13  4.9799e-11
  111    307  3.6153e-15  1.1099e-12
  111    308  3.0519e-15  9.3999e-13
  111    309  3.6125e-16  1.1163e-13
  111    310  3.2902e-16  1.0199e-13
  111    311  1.5443e-16  4.8027e-14
  111    312  4.8582e-17  1.5158e-14
  111    313  1.5373e-17  4.8117e-15
  111    314  1.7468e-16  5.4850e-14
  111    315  1.4767e-17  4.6517e-15
  111    316  2.5036e-17  7.9112e-15
  111    317  1.2947e-18  4.1042e-16
  111    318  5.3947e-13  1.7155e-10
  111    319  5.8138e-15  1.8546e-12
  111    320  8.0782e-14  2.5850e-11
  111    321  5.2305e-16  1.6790e-13
  111    322  5.9352e-15  1.9111e-12
  111    323  9.4173e-16  3.0418e-13
  111    324  1.0711e-15  3.4705e-13
  111    325  3.9648e-16  1.2886e-13
  111    326  1.7999e-16  5.8678e-14
  111    327  1.1011e-15  3.6007e-13
  111    328  3.4760e-16  1.1401e-13
  111    329  7.2694e-15  2.3916e-12
  111    330  1.0409e-15  3.4349e-13
  111    331  3.4689e-14  1.1482e-11
  111    332  3.5813e-15  1.1890e-12
  111    333  3.8607e-13  1.2856e-10
  111    334  2.6922e-14  8.9918e-12
  111    335  1.4331e-12  4.8008e-10
  111    336  5.4356e-14  1.8264e-11
  111    337  4.7479e-04  1.6000e-01
    1      1  5.0733e-02  5.0733e-02
    2      4  1.9551e-01  7.8205e-01


