    1      2  8.7326e-09  1.7465e-08
    2      3  6.4630e-10  1.9389e-09
    3      6  2.3755e-11  1.4253e-10
    3      7  2.1142e-09  1.4799e-08
    4      8  3.4404e-08  2.7523e-07
    4      9  1.5012e-08  1.3511e-07
    5     10  3.0275e-07  3.0275e-06
    5     11  2.8583e-09  3.1441e-08
    6     12  1.2498e-08  1.4998e-07
    6     13  1.7057e-07  2.2175e-06
    7     14  9.2833e-08  1.2997e-06
    7     15  1.9476e-05  2.9213e-04
    8     16  4.5316e-07  7.2505e-06
    8     17  1.4893e-08  2.5317e-07
    8     18  8.8014e-08  1.5843e-06
    9     19  1.6022e-06  3.0442e-05
   10     20  2.2792e-06  4.5585e-05
   10     21  8.9221e-07  1.8736e-05
   10     22  3.3372e-09  7.3418e-08
   11     23  7.4462e-07  1.7126e-05
   12     24  7.5327e-07  1.8078e-05
   12     25  7.5628e-07  1.8907e-05
   12     26  7.0608e-08  1.8358e-06
   13     26  2.4557e-19  6.3848e-18
   13     27  7.2603e-08  1.9603e-06
   14     28  1.5722e-07  4.4022e-06
   14     29  6.0256e-08  1.7474e-06
   14     30  6.7894e-08  2.0368e-06
   15     31  7.0587e-08  2.1882e-06
   16     32  6.7421e-08  2.1575e-06
   16     33  1.1764e-07  3.8820e-06
   16     34  1.1543e-07  3.9248e-06
   16     36  1.9763e-08  7.1147e-07
   17     35  3.1501e-09  1.1025e-07
   17     37  3.1777e-08  1.1758e-06
   18     36  6.9345e-20  2.4964e-18
   18     38  4.1533e-08  1.5782e-06
   18     40  1.5478e-08  6.1912e-07
   19     39  1.1278e-08  4.3985e-07
   19     41  9.0818e-08  3.7236e-06
   20     42  1.2925e-07  5.4286e-06
   20     43  1.6351e-08  7.0308e-07
   20     44  8.3228e-08  3.6620e-06
   20     46  2.8117e-08  1.2934e-06
   21     45  6.6375e-08  2.9869e-06
   22     46  6.9061e-19  3.1768e-17
   22     47  7.6127e-08  3.5780e-06
   22     48  9.4006e-08  4.5123e-06
   22     49  1.3991e-08  6.8557e-07
   22     50  4.8804e-08  2.4402e-06
   23     51  9.3529e-08  4.7700e-06
   24     52  1.7390e-07  9.0427e-06
   24     53  6.0139e-08  3.1874e-06
   24     54  3.5278e-08  1.9050e-06
   25     55  4.2424e-08  2.3333e-06
   26     56  6.3329e-08  3.5464e-06
   26     57  1.0381e-07  5.9171e-06
   26     58  8.0293e-10  4.6570e-08
   27     59  2.8058e-09  1.6554e-07
   28     60  4.7974e-09  2.8785e-07
   28     61  6.9219e-09  4.2224e-07
   28     62  2.3269e-08  1.4427e-06
   28     64  4.1368e-08  2.6475e-06
   29     63  5.9418e-07  3.7433e-05
   29     65  1.4678e-07  9.5408e-06
   30     64  9.7335e-20  6.2295e-18
   30     66  3.8629e-07  2.5495e-05
   30     67  4.1200e-07  2.7604e-05
   30     68  1.1520e-07  7.8335e-06
   30     70  2.4667e-07  1.7267e-05
   31     69  4.2596e-08  2.9391e-06
   31     71  1.1204e-07  7.9547e-06
   32     70  1.2591e-14  8.8140e-13
   32     72  3.9440e-07  2.8397e-05
   32     73  2.4646e-07  1.7992e-05
   32     74  5.2896e-07  3.9143e-05
   32     76  3.7217e-07  2.8285e-05
   33     75  4.1347e-07  3.1010e-05
   34     76  2.9719e-13  2.2586e-11
   34     77  1.3127e-06  1.0108e-04
   34     78  2.1370e-06  1.6669e-04
   34     80  1.2797e-05  1.0238e-03
   34     82  3.2995e-06  2.7056e-04
   35     79  2.9610e-06  2.3392e-04
   35     81  2.8905e-06  2.3413e-04
   36     82  1.0416e-11  8.5407e-10
   36     83  2.1192e-06  1.7590e-04
   36     84  1.5017e-06  1.2615e-04
   36     86  2.7465e-06  2.3620e-04
   37     85  1.2280e-06  1.0438e-04
   37     87  9.4873e-07  8.2539e-05
   38     86  8.1638e-18  7.0209e-16
   38     87  6.9468e-09  6.0437e-07
   38     88  8.6904e-07  7.6475e-05
   39     89  5.7223e-07  5.0928e-05
   40     90  6.9056e-07  6.2151e-05
   40     91  5.7800e-07  5.2598e-05
   40     92  1.4073e-06  1.2947e-04
   40     94  2.3773e-06  2.2346e-04
   41     93  4.0511e-06  3.7676e-04
   42     95  1.6759e-06  1.5921e-04
   42     96  5.4752e-07  5.2562e-05
   42     97  7.6755e-07  7.4453e-05
   42     98  3.5795e-07  3.5079e-05
   42    100  3.2717e-07  3.2717e-05
   44     99  2.4624e-07  2.4378e-05
   44    100  1.9419e-14  1.9419e-12
   44    101  1.7583e-07  1.7759e-05
   44    102  3.6559e-07  3.7290e-05
   44    104  3.2149e-07  3.3435e-05
   45    103  4.4361e-07  4.5692e-05
   46    104  1.2665e-15  1.3171e-13
   46    105  5.5225e-07  5.7987e-05
   46    106  4.2501e-07  4.5051e-05
   46    108  5.2641e-07  5.6852e-05
   46    110  1.3011e-06  1.4312e-04
   47    107  7.5508e-07  8.0793e-05
   47    109  8.1540e-07  8.8878e-05
   48    110  2.7749e-13  3.0524e-11
   48    111  1.6211e-07  1.7995e-05
   48    112  7.4817e-07  8.3796e-05
   48    113  6.3736e-07  7.2022e-05
   48    114  5.7193e-07  6.5200e-05
   48    116  2.1397e-08  2.4820e-06
   49    113  2.8051e-14  3.1697e-12
   49    115  4.0966e-07  4.7111e-05
   50    115  3.2685e-13  3.7588e-11
   50    116  3.4976e-15  4.0573e-13
   50    117  8.6142e-08  1.0079e-05
   50    118  6.0103e-08  7.0921e-06
   50    119  5.1266e-08  6.1007e-06
   50    120  2.0788e-07  2.4945e-05
   50    122  3.5914e-07  4.3816e-05
   50    124  2.7817e-06  3.4493e-04
   51    121  3.8627e-07  4.6739e-05
   51    123  6.7035e-07  8.2453e-05
   52    122  5.3605e-14  6.5398e-12
   52    124  7.6003e-16  9.4244e-14
   52    125  2.6905e-06  3.3631e-04
   52    126  8.1583e-06  1.0280e-03
   52    128  1.8817e-05  2.4085e-03
   52    130  2.8582e-06  3.7157e-04
   53    127  9.9294e-06  1.2610e-03
   53    129  4.5241e-14  5.8360e-12
   54    128  3.4999e-17  4.4798e-15
   54    129  1.6204e-05  2.0903e-03
   54    130  1.4794e-13  1.9233e-11
   54    131  2.2413e-06  2.9362e-04
   54    132  2.5334e-06  3.3441e-04
   54    134  1.2266e-06  1.6437e-04
   54    136  3.1144e-06  4.2355e-04
   55    133  8.0762e-07  1.0741e-04
   56    134  3.9449e-18  5.2862e-16
   56    135  1.2142e-06  1.6392e-04
   56    136  8.1755e-16  1.1119e-13
   56    137  1.8889e-06  2.5878e-04
   56    138  1.9333e-06  2.6679e-04
   57    139  2.8030e-07  3.8961e-05
   58    140  8.2005e-07  1.1481e-04
   58    142  1.6365e-07  2.3239e-05
   59    141  1.4355e-07  2.0240e-05
   60    142  1.8981e-19  2.6953e-17
   60    143  1.3386e-07  1.9142e-05
   60    144  4.2039e-07  6.0537e-05
   60    145  1.9247e-07  2.7908e-05
   60    146  5.1950e-07  7.5847e-05
   60    148  5.9817e-07  8.8529e-05
   60    150  2.1159e-07  3.1738e-05
   62    147  6.7998e-07  9.9956e-05
   62    148  1.4021e-15  2.0751e-13
   62    149  1.9694e-07  2.9344e-05
   62    150  1.1408e-12  1.7112e-10
   62    152  5.7153e-07  8.6873e-05
   62    154  5.9428e-07  9.1519e-05
   63    151  2.5282e-07  3.8176e-05
   63    153  3.8404e-07  5.8757e-05
   64    154  4.7685e-14  7.3435e-12
   64    155  9.5816e-07  1.4851e-04
   64    156  4.8694e-07  7.5962e-05
   64    157  4.3095e-07  6.7658e-05
   64    158  5.8955e-07  9.3149e-05
   64    160  7.3170e-07  1.1707e-04
   65    159  6.7533e-07  1.0738e-04
   66    160  4.0405e-14  6.4649e-12
   66    161  4.7116e-07  7.5856e-05
   66    162  3.7663e-07  6.1014e-05
   66    163  2.9858e-07  4.8669e-05
   66    164  1.1126e-06  1.8247e-04
   67    165  6.7517e-07  1.1140e-04
   68    166  1.1689e-06  1.9404e-04
   68    167  1.0476e-06  1.7495e-04
   68    168  1.2219e-06  2.0528e-04
   68    170  1.0429e-06  1.7730e-04
   69    169  2.1303e-06  3.6003e-04
   70    170  2.3242e-14  3.9511e-12
   70    171  6.5108e-07  1.1133e-04
   70    172  5.0079e-07  8.6137e-05
   70    173  6.1739e-07  1.0681e-04
   70    174  1.6894e-06  2.9395e-04
   70    176  2.6426e-06  4.6510e-04
   71    175  9.0468e-07  1.5832e-04
   71    176  5.7211e-15  1.0069e-12
   72    176  5.3564e-17  9.4273e-15
   72    177  1.6029e-06  2.8372e-04
   72    178  1.1348e-06  2.0200e-04
   72    179  6.7707e-07  1.2120e-04
   72    180  8.5284e-07  1.5351e-04
   73    181  9.3051e-07  1.6842e-04
   74    182  8.5346e-07  1.5533e-04
   74    183  2.3347e-07  4.2724e-05
   74    184  3.7594e-07  6.9173e-05
   74    186  7.8385e-07  1.4580e-04
   75    185  1.6359e-07  3.0264e-05
   75    187  5.9512e-07  1.1129e-04
   76    186  1.4632e-17  2.7216e-15
   76    187  4.8366e-09  9.0445e-07
   76    188  2.4204e-06  4.5503e-04
   76    189  1.2148e-06  2.2960e-04
   76    190  9.9717e-06  1.8946e-03
   76    192  2.0423e-05  3.9212e-03
   77    191  1.5730e-05  3.0043e-03
   77    193  1.9143e-05  3.6945e-03
   78    192  9.7101e-14  1.8643e-11
   78    194  4.5888e-05  8.9023e-03
   78    195  4.0280e-05  7.8547e-03
   78    196  6.2595e-05  1.2269e-02
   78    198  9.1741e-05  1.8165e-02
   79    197  5.9661e-05  1.1753e-02
   80    198  2.0428e-12  4.0447e-10
   80    199  4.6422e-05  9.2380e-03
   80    200  3.0946e-05  6.1891e-03
   80    201  4.4438e-06  8.9320e-04
   80    202  8.5239e-07  1.7218e-04
   80    204  1.6246e-06  3.3142e-04
   81    203  1.0345e-06  2.1001e-04
   81    205  2.9370e-07  6.0209e-05
   81    207  2.6774e-19  5.5423e-17
   82    204  2.7024e-16  5.5128e-14
   82    206  2.6979e-05  5.5577e-03
   82    207  2.8373e-05  5.8732e-03
   82    208  2.0498e-05  4.2637e-03
   82    210  8.7970e-14  1.8474e-11
   82    211  2.0372e-18  4.2986e-16
   82    212  2.8340e-18  6.0081e-16
   82    214  2.0201e-19  4.3230e-17
   83    209  4.0006e-05  8.3612e-03
   83    210  5.4340e-17  1.1411e-14
   83    211  1.2054e-19  2.5434e-17
   83    212  2.6869e-19  5.6961e-17
   83    214  1.4934e-19  3.1959e-17
   84    210  1.5003e-15  3.1507e-13
   84    218  2.3327e-20  5.0853e-18
   86    222  4.1415e-17  9.1942e-15
   87    223  1.7104e-20  3.8141e-18
   88    223  9.2750e-16  2.0683e-13
   88    224  2.3236e-17  5.2048e-15
   88    226  6.3372e-12  1.4322e-09
   88    228  1.3393e-14  3.0536e-12
   89    227  6.4499e-13  1.4641e-10
   89    228  1.6354e-18  3.7287e-16
   90    227  1.4907e-15  3.3839e-13
   90    228  4.4621e-15  1.0174e-12
   90    230  2.9867e-10  6.8694e-08
   90    231  8.6275e-17  1.9930e-14
   90    232  3.2706e-05  7.5878e-03
   90    234  2.6102e-16  6.1078e-14
   91    231  9.6698e-10  2.2337e-07
   91    234  3.0243e-18  7.0769e-16
   92    234  9.7255e-10  2.2758e-07
   92    235  2.0841e-05  4.8976e-03
   92    236  1.0101e-07  2.3839e-05
   92    238  1.7693e-05  4.2109e-03
   92    240  4.9013e-18  1.1763e-15
   93    240  3.5793e-19  8.5904e-17
   94    239  7.9943e-17  1.9106e-14
   94    240  1.9997e-11  4.7992e-09
   94    244  2.4340e-07  5.9391e-05
   95    243  2.4439e-17  5.9386e-15
   96    244  6.6062e-17  1.6119e-14
   96    247  5.1580e-14  1.2740e-11
   97    246  3.3737e-09  8.2992e-07
  100    258  8.2156e-06  2.1196e-03
  100    260  9.7826e-06  2.5435e-03
  100    262  9.8235e-06  2.5738e-03
  102    260  6.6120e-17  1.7191e-14
  102    261  7.7505e-06  2.0229e-03
  102    263  8.3087e-06  2.1852e-03
  102    264  1.7725e-05  4.6794e-03
  102    266  2.5195e-05  6.7017e-03
  103    265  1.5270e-05  4.0465e-03
  104    267  2.2585e-05  6.0302e-03
  104    268  1.6637e-05  4.4587e-03
  104    270  5.3724e-05  1.4505e-02
  104    272  2.8389e-05  7.7217e-03
  104    274  5.0372e-05  1.3802e-02
  105    269  5.0741e-05  1.3649e-02
  105    271  3.2049e-05  8.6852e-03
  106    273  3.2504e-05  8.8736e-03
  106    275  1.7916e-05  4.9268e-03
  106    276  2.3013e-05  6.3516e-03
  106    278  4.6589e-06  1.2952e-03
  106    280  1.5077e-07  4.2216e-05
  107    277  3.5455e-06  9.8211e-04
  108    279  1.1037e-06  3.0794e-04
  108    281  3.1510e-08  8.8543e-06
  108    282  1.6005e-08  4.5135e-06
  108    283  6.2445e-11  1.7672e-08
  108    284  3.4828e-10  9.8911e-08
  108    286  6.1482e-10  1.7584e-07
  110    285  2.3480e-11  6.6919e-09
  110    287  8.5649e-10  2.4581e-07
  110    288  1.9448e-10  5.6011e-08
  110    290  8.8539e-10  2.5676e-07
  111    289  1.8864e-10  5.4516e-08
  111    291  2.2816e-17  6.6395e-15
  111    292  3.3926e-09  9.9063e-07
  111    293  9.4362e-10  2.7648e-07
  111    294  2.2088e-09  6.4940e-07
  111    295  4.8722e-10  1.4373e-07
  111    296  1.2745e-10  3.7726e-08
  111    297  8.8843e-11  2.6387e-08
  111    298  2.0492e-12  6.1066e-10
  111    299  2.0504e-14  6.1306e-12
  111    300  2.3723e-13  7.1168e-11
  111    301  6.7026e-09  2.0175e-06
  111    302  3.9408e-09  1.1901e-06
  111    303  2.8610e-09  8.6687e-07
  111    304  5.8757e-09  1.7862e-06
  111    305  6.8099e-09  2.0770e-06
  111    306  2.2243e-08  6.8062e-06
  111    307  1.0885e-08  3.3416e-06
  111    308  1.4327e-08  4.4126e-06
  111    309  1.6848e-08  5.2061e-06
  111    310  1.5374e-08  4.7661e-06
  111    311  1.6247e-08  5.0527e-06
  111    312  2.2046e-08  6.8783e-06
  111    313  1.7584e-08  5.5037e-06
  111    314  1.6762e-08  5.2631e-06
  111    315  1.8257e-08  5.7508e-06
  111    316  3.2954e-08  1.0413e-05
  111    317  2.1396e-08  6.7826e-06
  111    318  2.7770e-08  8.8310e-06
  111    319  2.7604e-08  8.8058e-06
  111    320  5.4129e-08  1.7321e-05
  111    321  1.9525e-08  6.2677e-06
  111    322  3.4482e-08  1.1103e-05
  111    323  4.1719e-08  1.3475e-05
  111    324  4.1564e-08  1.3467e-05
  111    325  3.1895e-08  1.0366e-05
  111    326  4.6005e-08  1.4998e-05
  111    327  3.8291e-08  1.2521e-05
  111    328  5.5440e-08  1.8184e-05
  111    329  8.3321e-08  2.7412e-05
  111    330  8.3937e-09  2.7699e-06
  111    331  6.2910e-08  2.0823e-05
  111    332  4.7082e-08  1.5631e-05
  111    333  1.0579e-08  3.5229e-06
  111    334  2.2804e-09  7.6164e-07
  111    335  4.1019e-09  1.3741e-06
  111    336  6.5402e-10  2.1975e-07
  111    337  1.8681e-08  6.2954e-06
    1      1  3.5349e-08  3.5349e-08
    2      4  1.8235e-01  7.2939e-01


