    1      2  2.5222e-03  5.0443e-03
    1      3  1.0537e-19  3.1612e-19
    2      3  5.3834e-05  1.6150e-04
    3      7  3.5587e-11  2.4911e-10
    4      8  7.8865e-07  6.3092e-06
    4      9  1.9369e-11  1.7432e-10
    5     10  6.2181e-10  6.2181e-09
    5     11  1.8887e-09  2.0776e-08
    6     12  1.8435e-09  2.2122e-08
    6     13  4.9513e-09  6.4368e-08
    7     14  1.1506e-06  1.6109e-05
    7     15  1.0085e-06  1.5128e-05
    8     16  2.1584e-06  3.4534e-05
    8     17  1.7120e-08  2.9105e-07
    8     18  7.0876e-07  1.2758e-05
    9     19  7.7486e-08  1.4722e-06
   10     20  1.2812e-07  2.5623e-06
   10     21  5.6423e-08  1.1849e-06
   10     22  5.2964e-06  1.1652e-04
   11     23  1.2686e-06  2.9179e-05
   12     24  3.4984e-06  8.3961e-05
   12     25  2.7437e-06  6.8592e-05
   12     26  3.9487e-06  1.0267e-04
   13     27  3.4689e-08  9.3661e-07
   14     28  9.6312e-07  2.6967e-05
   14     29  6.1313e-08  1.7781e-06
   14     30  1.3933e-08  4.1798e-07
   15     31  2.5496e-08  7.9037e-07
   16     32  3.4088e-07  1.0908e-05
   16     33  3.4002e-08  1.1221e-06
   16     34  7.5131e-08  2.5545e-06
   16     36  5.0442e-07  1.8159e-05
   17     35  5.0723e-08  1.7753e-06
   17     37  2.3941e-08  8.8583e-07
   18     36  2.3090e-13  8.3125e-12
   18     38  1.7422e-07  6.6203e-06
   18     40  9.0419e-10  3.6168e-08
   19     39  5.6206e-09  2.1921e-07
   19     40  4.8716e-19  1.9486e-17
   19     41  1.0280e-10  4.2149e-09
   20     40  1.2521e-19  5.0085e-18
   20     42  7.7582e-10  3.2584e-08
   20     43  1.4110e-10  6.0673e-09
   20     44  9.9752e-10  4.3891e-08
   20     46  1.0711e-09  4.9272e-08
   21     45  5.2392e-10  2.3576e-08
   22     46  1.5205e-16  6.9942e-15
   22     47  2.4025e-10  1.1292e-08
   22     48  1.9021e-08  9.1300e-07
   22     49  3.0563e-10  1.4976e-08
   22     50  4.7073e-10  2.3537e-08
   23     51  6.0787e-11  3.1001e-09
   24     52  2.7589e-11  1.4346e-09
   24     53  4.2714e-11  2.2638e-09
   24     54  1.0351e-10  5.5898e-09
   25     55  8.8031e-12  4.8417e-10
   26     56  9.1003e-12  5.0962e-10
   26     57  3.7069e-11  2.1129e-09
   26     58  3.4243e-10  1.9861e-08
   27     59  3.3308e-12  1.9652e-10
   28     60  1.5543e-09  9.3257e-08
   28     61  5.7729e-12  3.5215e-10
   28     62  2.0473e-11  1.2693e-09
   28     64  1.0442e-09  6.6831e-08
   29     63  5.5110e-11  3.4719e-09
   29     65  5.1361e-12  3.3385e-10
   30     64  1.0470e-19  6.7011e-18
   30     66  4.7899e-11  3.1613e-09
   30     67  6.7298e-12  4.5090e-10
   30     68  4.5961e-11  3.1253e-09
   30     70  6.5499e-11  4.5850e-09
   31     69  3.6986e-12  2.5520e-10
   31     71  7.7616e-12  5.5108e-10
   32     70  3.0999e-14  2.1699e-12
   32     72  3.5499e-11  2.5560e-09
   32     73  6.7820e-12  4.9509e-10
   32     74  1.2211e-11  9.0365e-10
   32     76  1.3705e-10  1.0416e-08
   33     75  1.0661e-11  7.9956e-10
   34     76  1.1839e-13  8.9978e-12
   34     77  4.7095e-12  3.6263e-10
   34     78  9.8407e-11  7.6757e-09
   34     80  1.6347e-10  1.3078e-08
   34     82  5.9844e-10  4.9072e-08
   35     79  2.4706e-11  1.9518e-09
   35     81  1.5558e-11  1.2602e-09
   36     82  8.0458e-13  6.5975e-11
   36     83  1.2923e-11  1.0726e-09
   36     84  2.2443e-11  1.8852e-09
   36     86  3.6851e-10  3.1692e-08
   37     85  1.1646e-10  9.8993e-09
   37     87  3.0346e-11  2.6401e-09
   38     86  4.4929e-17  3.8639e-15
   38     87  2.2349e-13  1.9444e-11
   38     88  1.3466e-10  1.1850e-08
   39     89  4.2154e-11  3.7517e-09
   40     90  8.1385e-11  7.3246e-09
   40     91  3.8784e-11  3.5293e-09
   40     92  1.7043e-10  1.5680e-08
   40     94  6.1396e-11  5.7712e-09
   41     93  5.1908e-11  4.8274e-09
   42     95  9.0180e-11  8.5671e-09
   42     96  5.0048e-10  4.8046e-08
   42     97  7.4851e-11  7.2606e-09
   42     98  1.0856e-10  1.0639e-08
   42    100  1.1853e-10  1.1853e-08
   44     99  4.9232e-11  4.8739e-09
   44    100  5.8357e-14  5.8357e-12
   44    101  1.5589e-11  1.5745e-09
   44    102  4.3753e-11  4.4628e-09
   44    104  2.3985e-11  2.4945e-09
   45    103  2.0605e-11  2.1223e-09
   46    104  1.1748e-15  1.2218e-13
   46    105  1.2142e-11  1.2749e-09
   46    106  2.9711e-11  3.1493e-09
   46    108  4.7782e-11  5.1605e-09
   46    110  7.3579e-11  8.0937e-09
   47    107  1.2973e-11  1.3882e-09
   47    109  1.2048e-11  1.3132e-09
   48    110  7.2435e-14  7.9679e-12
   48    111  1.1881e-11  1.3188e-09
   48    112  3.8367e-11  4.2970e-09
   48    113  1.4261e-11  1.6115e-09
   48    114  6.7505e-11  7.6956e-09
   48    116  3.6609e-11  4.2466e-09
   49    113  7.7602e-19  8.7691e-17
   49    115  2.8149e-11  3.2371e-09
   50    115  1.2445e-17  1.4312e-15
   50    116  3.4144e-14  3.9607e-12
   50    117  7.6453e-12  8.9450e-10
   50    118  4.5819e-11  5.4066e-09
   50    119  1.7907e-11  2.1309e-09
   50    120  1.2008e-10  1.4410e-08
   50    122  2.2440e-10  2.7377e-08
   50    124  2.2236e-10  2.7572e-08
   51    121  2.7321e-11  3.3058e-09
   51    123  7.5644e-12  9.3042e-10
   52    122  4.6220e-14  5.6389e-12
   52    124  6.2785e-15  7.7853e-13
   52    125  8.4721e-11  1.0590e-08
   52    126  5.6621e-10  7.1342e-08
   52    128  4.0910e-10  5.2365e-08
   52    130  1.1848e-09  1.5402e-07
   53    127  3.4785e-11  4.4177e-09
   53    129  2.8819e-17  3.7177e-15
   54    128  5.5223e-18  7.0686e-16
   54    129  2.0856e-10  2.6905e-08
   54    130  7.9108e-14  1.0284e-11
   54    131  3.0175e-09  3.9529e-07
   54    132  6.7347e-09  8.8898e-07
   54    134  2.3174e-08  3.1053e-06
   54    136  3.2690e-09  4.4458e-07
   55    133  1.1356e-08  1.5103e-06
   56    134  6.7086e-15  8.9895e-13
   56    135  6.0866e-09  8.2169e-07
   56    136  1.6108e-13  2.1907e-11
   56    137  1.2923e-10  1.7705e-08
   56    138  1.2800e-09  1.7664e-07
   57    139  3.3642e-10  4.6763e-08
   58    140  4.2006e-10  5.8808e-08
   58    142  1.9880e-10  2.8229e-08
   59    141  7.5058e-11  1.0583e-08
   60    142  5.7785e-18  8.2055e-16
   60    143  7.7379e-11  1.1065e-08
   60    144  1.1465e-10  1.6510e-08
   60    145  1.0875e-11  1.5769e-09
   60    146  4.7984e-11  7.0057e-09
   60    148  3.5559e-11  5.2627e-09
   60    150  7.0743e-11  1.0611e-08
   62    147  2.2923e-11  3.3697e-09
   62    148  5.0388e-16  7.4574e-14
   62    149  3.8934e-12  5.8012e-10
   62    150  8.2086e-14  1.2313e-11
   62    152  1.2730e-11  1.9349e-09
   62    154  1.2112e-11  1.8652e-09
   63    151  3.4420e-12  5.1974e-10
   63    153  5.5446e-12  8.4832e-10
   64    154  3.4026e-15  5.2400e-13
   64    155  1.7870e-12  2.7699e-10
   64    156  7.3157e-12  1.1412e-09
   64    157  1.4710e-12  2.3095e-10
   64    158  4.2962e-12  6.7880e-10
   64    160  8.3901e-12  1.3424e-09
   65    159  8.3662e-13  1.3302e-10
   66    160  1.5054e-16  2.4086e-14
   66    161  7.0884e-13  1.1412e-10
   66    162  1.6413e-12  2.6590e-10
   66    163  5.5164e-13  8.9918e-11
   66    164  1.3357e-12  2.1905e-10
   67    165  1.1073e-12  1.8271e-10
   68    166  3.7734e-12  6.2639e-10
   68    167  1.2397e-12  2.0703e-10
   68    168  1.8906e-12  3.1763e-10
   68    170  1.0270e-12  1.7458e-10
   69    169  2.0063e-12  3.3906e-10
   70    170  2.0545e-16  3.4926e-14
   70    171  8.5377e-13  1.4599e-10
   70    172  6.1088e-13  1.0507e-10
   70    173  3.1908e-13  5.5200e-11
   70    174  2.0471e-12  3.5620e-10
   70    176  1.8430e-12  3.2437e-10
   71    175  6.4653e-13  1.1314e-10
   71    176  6.5281e-17  1.1489e-14
   72    176  5.3445e-19  9.4064e-17
   72    177  8.2353e-13  1.4576e-10
   72    178  8.2458e-13  1.4678e-10
   72    179  5.0770e-13  9.0878e-11
   72    180  1.7380e-12  3.1284e-10
   73    181  1.9061e-12  3.4500e-10
   74    182  1.7732e-12  3.2272e-10
   74    183  1.2299e-12  2.2507e-10
   74    184  5.4103e-13  9.9549e-11
   74    186  6.1834e-13  1.1501e-10
   75    185  3.2281e-13  5.9720e-11
   75    187  9.3675e-13  1.7517e-10
   76    186  3.1405e-19  5.8413e-17
   76    187  6.4414e-15  1.2045e-12
   76    188  7.1330e-13  1.3410e-10
   76    189  2.2886e-12  4.3255e-10
   76    190  1.6303e-12  3.0975e-10
   76    192  1.5580e-11  2.9914e-09
   77    191  4.0951e-12  7.8217e-10
   77    193  1.1439e-12  2.2077e-10
   78    192  2.8777e-16  5.5251e-14
   78    194  3.5204e-12  6.8296e-10
   78    195  2.5793e-12  5.0296e-10
   78    196  3.8859e-12  7.6164e-10
   78    198  1.4120e-11  2.7957e-09
   79    197  4.8856e-12  9.6247e-10
   80    198  4.2955e-15  8.5051e-13
   80    199  2.6351e-12  5.2439e-10
   80    200  6.4729e-12  1.2946e-09
   80    201  1.0365e-12  2.0833e-10
   80    202  4.0952e-12  8.2722e-10
   80    204  1.0481e-11  2.1381e-09
   81    203  6.5632e-12  1.3323e-09
   81    205  1.9160e-11  3.9279e-09
   81    208  1.1512e-12  2.3945e-10
   82    204  4.8895e-17  9.9745e-15
   82    206  1.0735e-08  2.2113e-06
   82    207  1.2708e-10  2.6306e-08
   83    209  1.9592e-10  4.0948e-08
   84    212  9.0375e-14  1.9160e-11
   84    214  2.9734e-13  6.3631e-11
   86    220  7.1677e-14  1.5769e-11
   88    226  1.2763e-18  2.8845e-16
   89    227  4.7625e-19  1.0811e-16
   90    230  6.0149e-17  1.3834e-14
   90    232  1.3828e-11  3.2080e-09
   91    231  6.7320e-16  1.5551e-13
   92    234  1.9609e-16  4.5885e-14
   92    235  1.5824e-11  3.7186e-09
   92    236  6.6862e-14  1.5779e-11
   92    238  3.5356e-12  8.4147e-10
   94    240  1.8596e-17  4.4631e-15
   94    244  1.4882e-13  3.6313e-11
   96    247  1.0832e-18  2.6756e-16
   97    246  7.5399e-16  1.8548e-13
  100    258  2.2066e-11  5.6931e-09
  100    260  3.8983e-10  1.0136e-07
  100    262  1.1591e-09  3.0368e-07
  102    260  6.1448e-18  1.5977e-15
  102    261  6.1439e-10  1.6036e-07
  102    263  4.5959e-10  1.2087e-07
  102    264  2.6005e-10  6.8653e-08
  102    266  7.1515e-12  1.9023e-09
  103    265  2.1113e-10  5.5950e-08
  104    267  9.7775e-13  2.6106e-10
  104    268  2.4114e-12  6.4624e-10
  104    270  2.2623e-12  6.1082e-10
  104    272  1.5895e-12  4.3235e-10
  104    274  1.3734e-12  3.7633e-10
  105    269  1.1014e-11  2.9628e-09
  105    271  5.9645e-13  1.6164e-10
  106    273  1.7910e-12  4.8895e-10
  106    275  5.4533e-12  1.4997e-09
  106    276  2.4344e-11  6.7191e-09
  106    278  9.5707e-12  2.6607e-09
  106    280  1.0941e-10  3.0636e-08
  107    277  5.0633e-12  1.4025e-09
  108    279  1.3354e-10  3.7259e-08
  108    281  2.0793e-11  5.8429e-09
  108    282  2.8436e-09  8.0189e-07
  108    283  1.2414e-09  3.5131e-07
  108    284  6.5886e-08  1.8712e-05
  108    286  2.5528e-08  7.3009e-06
  110    285  7.3324e-08  2.0897e-05
  110    286  1.7214e-18  4.9232e-16
  110    287  7.6831e-08  2.2050e-05
  110    288  8.5485e-09  2.4620e-06
  110    290  9.1165e-09  2.6438e-06
  111    289  7.3415e-09  2.1217e-06
  111    290  7.1048e-14  2.0604e-11
  111    291  6.9177e-10  2.0130e-07
  111    292  1.0787e-08  3.1497e-06
  111    293  9.0821e-10  2.6611e-07
  111    294  4.8795e-10  1.4346e-07
  111    295  1.2964e-10  3.8243e-08
  111    296  1.7839e-10  5.2804e-08
  111    297  3.8118e-12  1.1321e-09
  111    298  3.4855e-14  1.0387e-11
  111    299  9.7726e-17  2.9220e-14
  111    300  7.6392e-16  2.2918e-13
  111    301  1.7372e-12  5.2290e-10
  111    302  1.1299e-11  3.4124e-09
  111    303  9.2194e-13  2.7935e-10
  111    304  4.9942e-13  1.5182e-10
  111    305  2.1661e-14  6.6066e-12
  111    306  1.4556e-13  4.4542e-11
  111    307  3.2286e-15  9.9119e-13
  111    308  2.7347e-15  8.4227e-13
  111    309  3.2276e-16  9.9734e-14
  111    310  2.9366e-16  9.1034e-14
  111    311  1.3798e-16  4.2911e-14
  111    312  4.3119e-17  1.3453e-14
  111    313  1.3840e-17  4.3318e-15
  111    314  1.5600e-16  4.8984e-14
  111    315  1.3624e-17  4.2916e-15
  111    316  2.1547e-17  6.8090e-15
  111    317  1.2285e-18  3.8945e-16
  111    318  4.8729e-13  1.5496e-10
  111    319  5.2551e-15  1.6764e-12
  111    320  7.1650e-14  2.2928e-11
  111    321  4.6384e-16  1.4889e-13
  111    322  5.2689e-15  1.6966e-12
  111    323  8.3624e-16  2.7010e-13
  111    324  9.5157e-16  3.0831e-13
  111    325  3.5229e-16  1.1450e-13
  111    326  1.5995e-16  5.2142e-14
  111    327  9.7929e-16  3.2023e-13
  111    328  3.0923e-16  1.0143e-13
  111    329  9.4194e-15  3.0990e-12
  111    330  1.3717e-15  4.5267e-13
  111    331  5.1336e-14  1.6992e-11
  111    332  5.3116e-15  1.7635e-12
  111    333  5.6083e-13  1.8676e-10
  111    334  3.9100e-14  1.3059e-11
  111    335  2.0299e-12  6.8000e-10
  111    336  7.6972e-14  2.5863e-11
  111    337  5.0846e-04  1.7135e-01
    1      1  4.3172e-02  4.3172e-02
    2      4  8.1967e+07  3.2787e+08


