    1      2  7.2421e-05  1.4484e-04
    2      3  7.5619e-07  2.2686e-06
    3      7  1.7421e-09  1.2195e-08
    4      8  4.9158e-07  3.9326e-06
    4      9  7.3589e-09  6.6230e-08
    5     10  4.3256e-08  4.3256e-07
    5     11  6.2838e-08  6.9122e-07
    6     12  3.4060e-08  4.0871e-07
    6     13  5.2602e-08  6.8382e-07
    7     14  1.9985e-06  2.7979e-05
    7     15  1.3986e-06  2.0980e-05
    8     16  8.1445e-06  1.3031e-04
    8     17  1.4155e-07  2.4063e-06
    8     18  1.7175e-06  3.0915e-05
    9     19  5.0149e-08  9.5284e-07
   10     20  1.0221e-06  2.0441e-05
   10     21  1.4315e-06  3.0062e-05
   10     22  8.5516e-06  1.8814e-04
   11     23  1.5480e-06  3.5604e-05
   12     24  1.1686e-06  2.8047e-05
   12     25  6.1178e-07  1.5295e-05
   12     26  4.5381e-07  1.1799e-05
   13     27  7.0917e-09  1.9148e-07
   14     28  1.7181e-07  4.8106e-06
   14     29  9.3206e-09  2.7030e-07
   14     30  2.1048e-09  6.3145e-08
   15     31  4.9443e-09  1.5327e-07
   16     32  8.4023e-08  2.6887e-06
   16     33  9.2991e-09  3.0687e-07
   16     34  2.0347e-08  6.9181e-07
   16     36  3.0821e-07  1.1095e-05
   17     35  1.6628e-07  5.8197e-06
   17     37  1.4673e-08  5.4290e-07
   18     36  2.3337e-13  8.4015e-12
   18     38  8.5423e-08  3.2461e-06
   18     40  2.4009e-10  9.6035e-09
   19     39  2.2954e-09  8.9521e-08
   19     40  5.3822e-20  2.1529e-18
   19     41  6.6059e-11  2.7084e-09
   20     40  1.5507e-20  6.2030e-19
   20     42  3.9911e-10  1.6763e-08
   20     43  8.1208e-11  3.4920e-09
   20     44  7.2120e-10  3.1733e-08
   20     46  4.1678e-10  1.9172e-08
   21     45  2.6007e-10  1.1703e-08
   22     46  3.3201e-17  1.5272e-15
   22     47  2.2830e-10  1.0730e-08
   22     48  6.0673e-09  2.9123e-07
   22     49  1.8589e-10  9.1084e-09
   22     50  1.5145e-10  7.5724e-09
   23     51  3.5425e-11  1.8067e-09
   24     52  1.8626e-11  9.6858e-10
   24     53  2.6116e-11  1.3842e-09
   24     54  3.9681e-11  2.1428e-09
   25     55  3.7324e-12  2.0528e-10
   26     56  1.4082e-11  7.8861e-10
   26     57  2.4447e-11  1.3935e-09
   26     58  1.3679e-10  7.9338e-09
   27     59  2.0817e-12  1.2282e-10
   28     60  4.8279e-10  2.8967e-08
   28     61  2.3787e-12  1.4510e-10
   28     62  8.2202e-12  5.0965e-10
   28     64  2.5597e-10  1.6382e-08
   29     63  1.8874e-11  1.1890e-09
   29     65  1.5812e-12  1.0278e-10
   30     64  1.9693e-20  1.2604e-18
   30     66  2.1046e-11  1.3890e-09
   30     67  3.0405e-12  2.0371e-10
   30     68  1.7736e-11  1.2060e-09
   30     70  2.7852e-11  1.9496e-09
   31     69  3.1046e-12  2.1421e-10
   31     71  5.4382e-12  3.8611e-10
   32     70  1.3175e-14  9.2228e-13
   32     72  3.5066e-11  2.5248e-09
   32     73  6.0053e-12  4.3839e-10
   32     74  1.4097e-11  1.0432e-09
   32     76  7.3706e-11  5.6017e-09
   33     75  1.7699e-11  1.3274e-09
   34     76  9.2724e-14  7.0470e-12
   34     77  5.3917e-12  4.1516e-10
   34     78  8.4057e-11  6.5565e-09
   34     80  8.2871e-11  6.6297e-09
   34     82  2.0995e-10  1.7216e-08
   35     79  1.5925e-11  1.2580e-09
   35     81  1.3525e-11  1.0955e-09
   36     82  4.8232e-13  3.9550e-11
   36     83  9.9260e-12  8.2386e-10
   36     84  1.5347e-11  1.2892e-09
   36     86  1.0364e-10  8.9131e-09
   37     85  8.4579e-11  7.1892e-09
   37     87  2.3793e-11  2.0700e-09
   38     86  1.2853e-17  1.1054e-15
   38     87  1.7420e-13  1.5155e-11
   38     88  3.6853e-11  3.2430e-09
   39     89  1.5859e-11  1.4114e-09
   40     90  2.5088e-11  2.2579e-09
   40     91  1.3083e-11  1.1906e-09
   40     92  4.9749e-11  4.5769e-09
   40     94  2.1184e-11  1.9913e-09
   41     93  1.4277e-11  1.3278e-09
   42     95  2.8737e-11  2.7300e-09
   42     96  8.9881e-11  8.6285e-09
   42     97  1.7238e-11  1.6721e-09
   42     98  2.2064e-11  2.1623e-09
   42    100  2.1737e-11  2.1737e-09
   44     99  9.4403e-12  9.3459e-10
   44    100  6.0902e-15  6.0902e-13
   44    101  3.0474e-12  3.0779e-10
   44    102  9.3742e-12  9.5617e-10
   44    104  4.5253e-12  4.7063e-10
   45    103  4.0315e-12  4.1525e-10
   46    104  1.0761e-16  1.1191e-14
   46    105  3.7259e-12  3.9121e-10
   46    106  7.6938e-12  8.1554e-10
   46    108  1.1964e-11  1.2921e-09
   46    110  1.5509e-11  1.7060e-09
   47    107  3.1802e-12  3.4028e-10
   47    109  3.0947e-12  3.3733e-10
   48    110  8.7718e-15  9.6490e-13
   48    111  2.4617e-12  2.7325e-10
   48    112  1.0032e-11  1.1236e-09
   48    113  3.2452e-12  3.6670e-10
   48    114  1.5151e-11  1.7273e-09
   48    116  5.6377e-12  6.5397e-10
   49    113  1.4282e-19  1.6139e-17
   49    115  5.2744e-12  6.0656e-10
   50    115  4.2083e-18  4.8395e-16
   50    116  2.6205e-15  3.0398e-13
   50    117  2.5664e-12  3.0027e-10
   50    118  1.3298e-11  1.5691e-09
   50    119  4.1020e-12  4.8813e-10
   50    120  2.0853e-11  2.5023e-09
   50    122  2.8211e-11  3.4417e-09
   50    124  2.4202e-11  3.0010e-09
   51    121  4.5922e-12  5.5565e-10
   51    123  1.0538e-12  1.2961e-10
   52    122  4.5565e-15  5.5589e-13
   52    124  4.3752e-16  5.4253e-14
   52    125  9.4631e-12  1.1829e-09
   52    126  6.9865e-11  8.8030e-09
   52    128  8.4793e-11  1.0853e-08
   52    130  8.1533e-10  1.0599e-07
   53    127  6.4878e-12  8.2395e-10
   53    129  7.8042e-18  1.0067e-15
   54    128  3.6680e-19  4.6950e-17
   54    129  8.4368e-11  1.0884e-08
   54    130  1.3355e-14  1.7361e-12
   54    131  1.6278e-09  2.1324e-07
   54    132  3.8970e-09  5.1440e-07
   54    134  2.6917e-09  3.6069e-07
   54    136  1.8966e-10  2.5794e-08
   55    133  4.2629e-09  5.6696e-07
   56    134  6.6055e-16  8.8514e-14
   56    135  4.5221e-10  6.1049e-08
   56    136  4.8723e-15  6.6264e-13
   56    137  8.2013e-12  1.1236e-09
   56    138  9.5572e-11  1.3189e-08
   57    139  1.7421e-11  2.4216e-09
   58    140  1.6759e-11  2.3463e-09
   58    142  1.2670e-11  1.7991e-09
   59    141  4.2492e-12  5.9914e-10
   60    142  1.0739e-19  1.5249e-17
   60    143  3.4548e-12  4.9403e-10
   60    144  3.8240e-12  5.5066e-10
   60    145  4.7525e-13  6.8912e-11
   60    146  2.5379e-12  3.7054e-10
   60    148  1.1516e-12  1.7044e-10
   60    150  2.4595e-12  3.6892e-10
   62    147  9.0100e-13  1.3245e-10
   62    148  9.3699e-18  1.3867e-15
   62    149  1.9228e-13  2.8649e-11
   62    150  2.5289e-15  3.7934e-13
   62    152  5.0042e-13  7.6064e-11
   62    154  3.2035e-13  4.9335e-11
   63    151  1.2698e-13  1.9174e-11
   63    153  1.9019e-13  2.9099e-11
   64    154  6.5577e-17  1.0099e-14
   64    155  6.9932e-14  1.0839e-11
   64    156  2.4952e-13  3.8925e-11
   64    157  5.4000e-14  8.4779e-12
   64    158  1.5738e-13  2.4866e-11
   64    160  1.5616e-13  2.4986e-11
   65    159  2.7346e-14  4.3479e-12
   66    160  2.2744e-18  3.6391e-16
   66    161  2.3799e-14  3.8316e-12
   66    162  3.9781e-14  6.4445e-12
   66    163  1.3606e-14  2.2178e-12
   66    164  2.4418e-14  4.0046e-12
   67    165  3.4195e-14  5.6422e-12
   68    166  7.7174e-14  1.2811e-11
   68    167  2.8032e-14  4.6813e-12
   68    168  3.0051e-14  5.0485e-12
   68    170  1.4445e-14  2.4557e-12
   69    169  3.9958e-14  6.7529e-12
   70    170  2.2718e-18  3.8621e-16
   70    171  2.1842e-14  3.7350e-12
   70    172  1.2756e-14  2.1941e-12
   70    173  5.9825e-15  1.0350e-12
   70    174  3.5542e-14  6.1843e-12
   70    176  2.5383e-14  4.4674e-12
   71    175  1.0966e-14  1.9190e-12
   71    176  4.0828e-19  7.1858e-17
   72    177  2.1888e-14  3.8741e-12
   72    178  1.7986e-14  3.2015e-12
   72    179  9.8934e-15  1.7709e-12
   72    180  3.3233e-14  5.9819e-12
   73    181  3.1341e-14  5.6727e-12
   74    182  2.7011e-14  4.9161e-12
   74    183  2.9062e-14  5.3184e-12
   74    184  1.2297e-14  2.2626e-12
   74    186  1.3702e-14  2.5486e-12
   75    185  7.1049e-15  1.3144e-12
   75    187  1.9817e-14  3.7058e-12
   76    187  1.6104e-16  3.0114e-14
   76    188  1.8106e-14  3.4039e-12
   76    189  4.9299e-14  9.3176e-12
   76    190  2.8908e-14  5.4925e-12
   76    192  2.4919e-13  4.7844e-11
   77    191  1.2110e-13  2.3130e-11
   77    193  1.6304e-14  3.1466e-12
   78    192  4.3144e-18  8.2836e-16
   78    194  5.2977e-14  1.0278e-11
   78    195  8.2570e-14  1.6101e-11
   78    196  7.6561e-14  1.5006e-11
   78    198  2.1962e-13  4.3484e-11
   79    197  1.6228e-13  3.1970e-11
   80    198  5.5857e-17  1.1060e-14
   80    199  5.9504e-14  1.1841e-11
   80    200  8.3244e-14  1.6649e-11
   80    201  1.4895e-14  2.9938e-12
   80    202  5.0296e-14  1.0160e-11
   80    204  1.8752e-13  3.8255e-11
   81    203  1.2860e-13  2.6106e-11
   81    205  4.8888e-13  1.0022e-10
   82    204  3.4331e-19  7.0034e-17
   82    206  5.8226e-13  1.1995e-10
   82    208  1.4901e-12  3.0993e-10
   82    214  1.4281e-15  3.0562e-13
   83    209  3.4999e-07  7.3148e-05
   83    211  4.9885e-14  1.0526e-11
   84    216  1.6456e-15  3.5546e-13
   85    218  2.8550e-19  6.2239e-17
   86    219  1.2532e-14  2.7446e-12
   88    226  3.9339e-20  8.8906e-18
   89    227  1.1337e-20  2.5736e-18
   90    230  1.8540e-18  4.2643e-16
   90    232  3.9894e-13  9.2554e-11
   91    231  1.6997e-17  3.9263e-15
   92    234  6.0372e-18  1.4127e-15
   92    235  3.6633e-13  8.6087e-11
   92    236  1.7695e-15  4.1760e-13
   92    238  1.0983e-13  2.6140e-11
   94    240  3.5026e-19  8.4063e-17
   94    244  4.2635e-15  1.0403e-12
   96    247  4.3844e-20  1.0830e-17
   97    246  2.6390e-17  6.4919e-15
  100    258  4.7231e-13  1.2185e-10
  100    260  6.8794e-12  1.7886e-09
  100    262  1.9042e-11  4.9891e-09
  102    260  3.6273e-20  9.4309e-18
  102    261  9.8465e-12  2.5699e-09
  102    263  9.0578e-12  2.3822e-09
  102    264  5.7337e-12  1.5137e-09
  102    266  1.4663e-13  3.9003e-11
  103    265  5.0458e-12  1.3371e-09
  104    267  2.0662e-14  5.5168e-12
  104    268  5.1321e-14  1.3754e-11
  104    270  4.9703e-14  1.3420e-11
  104    272  3.6840e-14  1.0020e-11
  104    274  3.1578e-14  8.6523e-12
  105    269  2.3621e-13  6.3541e-11
  105    271  1.3029e-14  3.5308e-12
  106    273  4.1934e-14  1.1448e-11
  106    275  1.3478e-13  3.7066e-11
  106    276  6.3391e-13  1.7496e-10
  106    278  2.8795e-13  8.0049e-11
  106    280  5.8728e-12  1.6444e-09
  107    277  1.3455e-13  3.7272e-11
  108    279  6.8387e-12  1.9080e-09
  108    281  1.2884e-12  3.6203e-10
  108    282  3.6951e-10  1.0420e-07
  108    283  2.3464e-10  6.6403e-08
  108    284  2.7934e-08  7.9333e-06
  108    286  1.0322e-08  2.9520e-06
  110    285  1.1384e-08  3.2445e-06
  110    286  2.8527e-20  8.1586e-18
  110    287  1.8240e-08  5.2350e-06
  110    288  2.4967e-09  7.1904e-07
  110    290  3.0895e-09  8.9596e-07
  111    289  2.1099e-09  6.0977e-07
  111    290  3.7728e-15  1.0941e-12
  111    291  5.4648e-11  1.5903e-08
  111    292  3.5933e-09  1.0492e-06
  111    293  2.6389e-10  7.7320e-08
  111    294  1.5142e-10  4.4517e-08
  111    295  1.7396e-11  5.1318e-09
  111    296  1.0862e-11  3.2152e-09
  111    297  3.8289e-13  1.1372e-10
  111    298  2.8273e-15  8.4254e-13
  111    299  2.3482e-17  7.0210e-15
  111    300  2.2567e-16  6.7701e-14
  111    301  4.9722e-13  1.4966e-10
  111    302  3.2896e-12  9.9346e-10
  111    303  2.6593e-13  8.0578e-11
  111    304  1.4497e-13  4.4070e-11
  111    305  6.1204e-15  1.8667e-12
  111    306  4.0531e-14  1.2402e-11
  111    307  8.7057e-16  2.6726e-13
  111    308  7.7849e-16  2.3977e-13
  111    309  8.9183e-17  2.7558e-14
  111    310  8.1091e-17  2.5138e-14
  111    311  3.8746e-17  1.2050e-14
  111    312  1.1222e-17  3.5011e-15
  111    313  4.2175e-18  1.3201e-15
  111    314  4.4127e-17  1.3856e-14
  111    315  5.7185e-18  1.8013e-15
  111    316  3.0050e-18  9.4959e-16
  111    317  8.4484e-19  2.6781e-16
  111    318  1.5223e-13  4.8410e-11
  111    319  1.8677e-15  5.9579e-13
  111    320  1.7149e-14  5.4878e-12
  111    321  1.1053e-16  3.5481e-14
  111    322  1.7738e-15  5.7118e-13
  111    323  2.9829e-16  9.6349e-14
  111    324  3.8286e-16  1.2405e-13
  111    325  1.4928e-16  4.8515e-14
  111    326  6.9499e-17  2.2657e-14
  111    327  1.2679e-15  4.1459e-13
  111    328  5.1949e-16  1.7039e-13
  111    329  1.9097e-12  6.2828e-10
  111    330  2.8819e-13  9.5104e-11
  111    331  9.1479e-12  3.0280e-09
  111    332  9.4271e-13  3.1298e-10
  111    333  4.9019e-11  1.6323e-08
  111    334  3.3862e-12  1.1310e-09
  111    335  1.1601e-10  3.8864e-08
  111    336  4.3755e-12  1.4702e-09
  111    337  6.7669e-04  2.2804e-01
    1      1  3.8866e-03  3.8866e-03
    2      4  1.9184e-01  7.6734e-01


