1  5.3150e-10
2  1.9561e-09
3  1.0308e-10
4  1.6830e-01
5  0.0000e+00
6  5.4009e-12
7  1.6952e-10
8  2.6385e-10
9  5.2025e-11
10  1.9740e-11
11  1.5547e-10
12  2.6318e-09
13  7.8828e-08
14  3.6529e-07
15  5.4831e-06
16  2.9822e-07
17  2.0838e-09
18  1.6439e-08
19  8.5930e-07
20  1.1700e-06
21  2.7781e-07
22  3.9054e-09
23  7.3259e-07
24  2.2001e-07
25  2.1485e-07
26  1.6976e-08
27  4.0847e-07
28  1.2132e-06
29  1.1344e-07
30  7.2205e-08
31  1.1923e-07
32  1.2891e-07
33  1.5063e-06
34  1.1595e-06
35  3.2334e-08
36  2.4542e-08
37  1.0441e-07
38  2.3262e-07
39  3.7449e-07
40  6.2909e-07
41  3.3023e-08
42  6.1972e-07
43  3.1110e-07
44  7.5998e-08
45  1.4128e-07
46  1.2053e-07
47  1.9402e-07
48  4.1537e-07
49  4.3661e-07
50  4.4806e-07
51  6.9123e-08
52  2.8135e-07
53  1.9944e-07
54  1.2387e-07
55  1.8413e-07
56  4.4694e-07
57  6.7098e-07
58  3.1310e-08
59  3.4526e-08
60  7.4129e-08
61  1.2094e-07
62  1.1927e-07
63  5.8699e-07
64  3.4089e-07
65  2.6449e-07
66  8.3506e-07
67  2.8484e-07
68  3.5053e-07
69  3.3223e-07
70  9.0076e-07
71  1.2601e-07
72  2.6851e-07
73  1.4255e-07
74  8.8253e-07
75  4.0500e-06
76  4.4858e-06
77  4.3068e-06
78  5.2151e-06
79  7.0742e-06
80  1.7849e-05
81  6.8717e-06
82  1.7545e-06
83  2.5761e-06
84  1.3562e-06
85  1.3630e-06
86  3.5835e-06
87  3.1949e-06
88  1.8522e-06
89  5.3188e-07
90  9.0449e-07
91  2.4966e-07
92  1.2863e-06
93  8.2081e-07
94  2.3220e-06
95  1.3912e-06
96  1.1440e-06
97  6.6781e-07
98  2.8762e-07
99  3.0970e-07
100  3.9079e-07
101  6.3172e-07
102  4.8285e-07
103  5.0028e-07
104  6.3179e-07
105  6.3763e-07
106  1.2920e-06
107  1.3461e-06
108  2.3858e-06
109  1.8803e-06
110  1.9656e-06
111  3.9672e-07
112  7.5053e-07
113  2.5974e-07
114  1.6701e-07
115  8.5603e-08
116  2.3855e-08
117  5.2957e-08
118  8.4968e-08
119  8.2920e-08
120  4.7188e-07
121  6.7558e-07
122  1.9462e-06
123  3.0959e-06
124  1.8529e-05
125  4.4981e-05
126  1.4704e-04
127  1.0802e-04
128  1.7073e-04
129  3.4061e-04
130  1.7744e-04
131  4.6042e-05
132  2.9312e-05
133  4.3485e-05
134  3.9113e-05
135  2.0789e-05
136  1.9439e-05
137  2.1534e-05
138  2.2516e-05
139  7.1453e-06
140  1.1018e-05
141  3.6477e-05
142  1.4109e-05
143  2.5942e-06
144  1.3561e-06
145  1.0732e-06
146  2.5969e-06
147  3.4472e-06
148  6.3500e-06
149  4.6498e-06
150  6.6120e-06
151  6.7659e-06
152  8.4386e-06
153  5.8661e-06
154  1.0195e-05
155  5.4656e-06
156  1.3767e-05
157  9.1416e-06
158  1.6643e-05
159  8.9262e-06
160  1.3586e-05
161  6.7229e-06
162  1.7253e-05
163  1.0326e-05
164  2.4072e-05
165  1.1727e-05
166  2.1901e-05
167  9.1685e-06
168  1.6974e-05
169  1.3008e-05
170  1.0587e-05
171  8.1332e-06
172  6.1661e-06
173  5.9446e-06
174  7.3909e-06
175  5.4921e-06
176  5.3271e-06
177  6.5243e-06
178  6.1579e-06
179  4.7075e-06
180  3.6415e-06
181  3.2340e-06
182  3.6371e-06
183  1.9778e-06
184  3.4302e-06
185  2.5755e-06
186  7.7174e-06
187  5.7795e-06
188  1.4082e-05
189  2.1163e-05
190  4.1677e-05
191  4.3420e-05
192  6.6860e-05
193  8.7980e-05
194  8.2138e-05
195  5.9210e-05
196  2.2534e-05
197  6.6965e-06
198  1.1199e-06
199  1.5380e-07
200  6.0884e-08
201  5.9528e-08
202  1.4828e-07
203  2.0624e-07
204  2.3059e-07
205  2.2138e-07
206  1.3516e-06
207  1.2150e-06
208  1.2435e-06
209  1.0894e-06
210  7.5741e-15
211  2.7131e-20
212  5.2780e-20
213  3.1828e-44
214  3.9667e-21
215  6.3793e-26
216  6.1153e-26
217  3.2469e-98
218  6.8173e-23
219  1.0509e-23
220  2.3449e-23
221  -4.1684e-320
222  1.2102e-19
223  2.6192e-18
224  1.3243e-19
225  1.9069e-40
226  1.8518e-14
227  1.8256e-15
228  4.2588e-13
229  7.1129e-30
230  8.7274e-13
231  2.7306e-12
232  1.8641e-07
233  2.5331e-27
234  2.8419e-12
235  5.8852e-08
236  1.6725e-10
237  5.1009e-319
238  5.1700e-08
239  4.2572e-20
240  3.3102e-14
241  0.0000e+00
242  3.5165e-142
243  1.3014e-20
244  4.0292e-10
245  0.0000e+00
246  6.5633e-12
247  2.7468e-17
248  3.4460e-141
249  0.0000e+00
250  0.0000e+00
251  -8.3538e-314
252  0.0000e+00
253  0.0000e+00
254  0.0000e+00
255  0.0000e+00
256  0.0000e+00
257  4.7233e-26
258  4.3889e-09
259  6.2510e-26
260  2.3625e-09
261  1.3673e-09
262  1.3383e-09
263  1.0759e-09
264  8.5009e-10
265  4.4237e-10
266  4.6409e-10
267  1.9103e-10
268  1.3756e-10
269  1.6976e-10
270  7.4193e-11
271  4.0931e-11
272  2.9423e-11
273  1.8507e-11
274  1.4704e-11
275  5.8234e-12
276  4.7064e-12
277  1.3912e-12
278  1.2863e-12
279  3.8357e-13
280  1.3350e-13
281  4.2168e-14
282  3.1736e-14
283  1.4686e-14
284  1.9329e-14
285  1.7260e-14
286  1.5285e-14
287  1.4338e-14
288  9.4810e-15
289  3.8786e-15
290  2.6415e-15
291  1.1506e-15
292  6.8543e-15
293  3.0358e-15
294  3.8887e-15
295  1.1578e-15
296  1.9383e-15
297  6.7901e-16
298  8.5697e-17
299  6.6987e-17
300  2.0920e-17
301  3.5226e-16
302  7.7871e-16
303  2.8868e-16
304  2.0855e-16
305  7.9374e-17
306  6.1713e-17
307  3.5729e-18
308  1.9096e-17
309  1.3885e-18
310  3.2824e-18
311  2.2262e-18
312  4.0980e-18
313  6.7211e-19
314  1.8929e-18
315  3.7956e-19
316  3.5523e-19
317  1.7973e-18
318  2.1909e-19
319  2.0795e-20
320  7.3898e-20
321  7.9773e-21
322  3.7823e-21
323  8.9834e-22
324  7.8855e-22
325  5.6014e-23
326  2.6665e-22
327  1.5842e-23
328  1.6223e-24
329  2.3210e-24
330  1.2932e-24
331  6.4713e-26
332  7.0621e-25
333  0.0000e+00
334  0.0000e+00
335  0.0000e+00
336  0.0000e+00
337  0.0000e+00

