1  2.5956e-02
2  1.9961e-01
3  6.6002e-11
4  3.1677e-07
5  4.3587e-09
6  8.2019e-09
7  2.6190e-06
8  4.2254e-06
9  7.8757e-08
10  4.7681e-06
11  1.1878e-06
12  8.0867e-06
13  2.1008e-08
14  8.0956e-07
15  2.2104e-08
16  1.6737e-06
17  8.4737e-08
18  3.1174e-07
19  8.9348e-09
20  5.4473e-09
21  4.9511e-10
22  2.9517e-08
23  1.7458e-10
24  6.7659e-10
25  5.6569e-11
26  9.6014e-10
27  7.7830e-12
28  4.2569e-09
29  1.6107e-10
30  3.5561e-10
31  2.9675e-11
32  8.4088e-10
33  8.2071e-11
34  2.6274e-09
35  2.3550e-10
36  8.7907e-10
37  4.1594e-10
38  2.4591e-10
39  2.2999e-10
40  5.4334e-10
41  1.5034e-10
42  8.9186e-10
43  8.3425e-36
44  1.7636e-10
45  2.1219e-11
46  2.2988e-10
47  3.4998e-11
48  2.3383e-10
49  5.4393e-11
50  7.0009e-10
51  4.4944e-11
52  1.4657e-09
53  2.3201e-11
54  2.9077e-08
55  6.8096e-09
56  7.6955e-09
57  2.9694e-10
58  7.2606e-10
59  5.0088e-11
60  2.8595e-10
61  2.3365e-90
62  6.1275e-11
63  1.0111e-11
64  1.7463e-11
65  5.3830e-13
66  3.1543e-12
67  1.0618e-12
68  5.6509e-12
69  3.3333e-12
70  6.4763e-12
71  7.4896e-13
72  3.6092e-12
73  7.1774e-12
74  4.6020e-12
75  7.8028e-13
76  1.2875e-11
77  3.0343e-12
78  1.6082e-11
79  3.8411e-12
80  1.4375e-11
81  1.0753e-11
82  1.5842e-10
83  1.0711e-10
84  7.0780e-13
85  2.0976e-25
86  3.8649e-24
87  5.1577e-27
88  1.4434e-17
89  1.9449e-19
90  6.0595e-12
91  2.9158e-16
92  7.9657e-12
93  1.1279e-25
94  7.5816e-14
95  1.5001e-21
96  3.1661e-18
97  3.6694e-16
98  1.5824e-287
99  -4.6936e-322
100  3.9091e-10
101  6.9541e-184
102  8.3748e-10
103  1.7998e-10
104  2.4867e-11
105  1.3025e-11
106  1.2576e-10
107  1.2679e-11
108  4.6757e-10
109  -1.0590e-319
110  1.4956e-10
111  5.1642e-04
112  0.0000e+00
113  0.0000e+00
114  0.0000e+00
115  0.0000e+00
116  0.0000e+00
117  0.0000e+00
118  0.0000e+00

