1  9.1697e-09
2  1.9129e-01
3  9.0655e-10
4  2.0205e-08
5  1.2229e-07
6  4.5280e-07
7  1.6733e-05
8  3.9091e-07
9  1.5259e-06
10  2.7059e-06
11  1.2100e-06
12  9.1383e-07
13  1.0077e-07
14  3.3076e-07
15  5.1159e-08
16  8.3489e-07
17  2.4841e-08
18  5.1087e-08
19  1.0291e-07
20  3.5764e-07
21  6.1288e-08
22  2.0293e-07
23  1.5472e-08
24  1.3123e-07
25  1.0261e-08
26  1.5518e-07
27  3.9917e-09
28  9.4032e-08
29  2.1907e-07
30  5.1194e-07
31  5.7423e-08
32  1.7032e-06
33  1.3759e-06
34  9.7078e-06
35  3.5505e-06
36  2.2473e-06
37  1.2308e-06
38  3.5226e-07
39  1.4001e-07
40  1.2341e-06
41  2.2987e-07
42  1.0249e-06
43  4.0919e-33
44  3.1274e-07
45  1.0954e-07
46  1.3992e-06
47  7.6367e-07
48  6.8101e-07
49  8.8011e-08
50  4.6933e-06
51  7.7693e-07
52  3.4496e-05
53  1.0943e-05
54  1.6563e-05
55  1.4766e-06
56  2.8808e-06
57  3.5871e-07
58  8.9556e-07
59  1.0541e-06
60  6.0174e-07
61  4.2860e-84
62  6.7043e-07
63  2.2588e-07
64  1.5649e-06
65  7.8172e-08
66  1.4043e-06
67  4.0525e-07
68  3.0906e-06
69  1.3502e-06
70  3.3857e-06
71  5.3173e-07
72  2.1868e-06
73  4.6120e-07
74  1.0663e-06
75  2.8977e-07
76  1.4484e-05
77  2.0923e-05
78  1.7911e-04
79  3.6533e-05
80  8.1891e-06
81  2.0629e-06
82  1.1127e-04
83  6.5989e-05
84  2.5508e-15
85  9.0668e-26
86  7.0424e-17
87  2.6863e-20
88  1.2769e-10
89  1.0130e-12
90  5.1177e-05
91  1.5187e-09
92  6.2983e-05
93  5.9735e-19
94  4.0623e-07
95  3.7356e-17
96  7.8940e-14
97  6.0247e-09
98  -1.0200e-314
99  -1.6650e-321
100  4.9428e-05
101  5.7187e-313
102  8.4748e-05
103  1.9935e-05
104  1.0213e-04
105  4.6770e-05
106  6.4730e-05
107  5.1604e-06
108  3.7684e-06
109  4.0354e-319
110  1.7332e-06
111  1.1023e-05
112  0.0000e+00
113  0.0000e+00
114  0.0000e+00
115  0.0000e+00
116  0.0000e+00
117  0.0000e+00
118  0.0000e+00

