1  4.5026e-08
2  1.9589e-01
3  2.8333e-09
4  8.9729e-08
5  4.0385e-07
6  6.9722e-08
7  1.8817e-05
8  8.1863e-07
9  1.4156e-06
10  3.3868e-06
11  1.1030e-06
12  9.5957e-07
13  1.2745e-07
14  3.2136e-07
15  2.5558e-08
16  5.3833e-07
17  1.4000e-08
18  2.1107e-08
19  2.7227e-08
20  8.9104e-08
21  1.7387e-08
22  7.4229e-09
23  1.3663e-09
24  1.2190e-08
25  2.3064e-10
26  9.2821e-09
27  1.0944e-10
28  3.7150e-09
29  2.8497e-08
30  9.5779e-08
31  1.1526e-08
32  1.6771e-07
33  1.3302e-07
34  1.7597e-06
35  4.5262e-07
36  4.6285e-07
37  2.0906e-07
38  8.5706e-08
39  7.1610e-08
40  2.9933e-07
41  4.3755e-08
42  1.6629e-07
43  1.5083e-33
44  6.9708e-08
45  3.0444e-08
46  1.7478e-07
47  8.9573e-08
48  2.1722e-07
49  6.9828e-08
50  2.9133e-07
51  8.0793e-08
52  6.5423e-06
53  2.8841e-06
54  6.4533e-06
55  6.8093e-07
56  3.8660e-07
57  7.4111e-08
58  2.3557e-07
59  1.7774e-07
60  1.3229e-07
61  4.7868e-88
62  4.9536e-08
63  8.0876e-09
64  8.1213e-08
65  1.8303e-10
66  1.4228e-08
67  3.0009e-09
68  5.0963e-08
69  7.0798e-08
70  1.6248e-07
71  1.8677e-08
72  4.1229e-07
73  1.1462e-07
74  4.0430e-07
75  1.2034e-07
76  2.7284e-07
77  1.0806e-07
78  7.7333e-06
79  2.7475e-06
80  1.5016e-05
81  3.7119e-07
82  2.4404e-06
83  2.8775e-06
84  1.8925e-16
85  6.1909e-27
86  5.2246e-18
87  1.7864e-21
88  6.4361e-12
89  6.7366e-14
90  2.4674e-06
91  1.0100e-10
92  4.4175e-06
93  3.2051e-20
94  2.1795e-08
95  3.8296e-18
96  8.0879e-15
97  3.7036e-10
98  -8.1618e-314
99  -2.6680e-322
100  2.5221e-06
101  -7.4012e-313
102  4.7511e-06
103  1.0809e-06
104  1.5649e-05
105  3.7431e-06
106  7.7265e-05
107  1.0089e-05
108  3.0340e-05
109  3.1497e-320
110  3.2809e-06
111  5.1387e-04
112  0.0000e+00
113  0.0000e+00
114  0.0000e+00
115  0.0000e+00
116  0.0000e+00
117  0.0000e+00
118  0.0000e+00

