    1      2  1.9561e-09  3.9122e-09
    2      3  1.0308e-10  3.0923e-10
    3      6  5.4009e-12  3.2405e-11
    3      7  1.6952e-10  1.1866e-09
    4      8  2.6385e-10  2.1108e-09
    4      9  5.2025e-11  4.6823e-10
    5     10  1.9740e-11  1.9740e-10
    5     11  1.5547e-10  1.7101e-09
    6     12  2.6318e-09  3.1582e-08
    6     13  7.8828e-08  1.0248e-06
    7     14  3.6529e-07  5.1140e-06
    7     15  5.4831e-06  8.2246e-05
    8     16  2.9822e-07  4.7715e-06
    8     17  2.0838e-09  3.5425e-08
    8     18  1.6439e-08  2.9590e-07
    9     19  8.5930e-07  1.6327e-05
   10     20  1.1700e-06  2.3400e-05
   10     21  2.7781e-07  5.8341e-06
   10     22  3.9054e-09  8.5918e-08
   11     23  7.3259e-07  1.6850e-05
   12     24  2.2001e-07  5.2802e-06
   12     25  2.1485e-07  5.3712e-06
   12     26  1.6976e-08  4.4138e-07
   13     26  2.9409e-19  7.6463e-18
   13     27  4.0847e-07  1.1029e-05
   14     28  1.2132e-06  3.3969e-05
   14     29  1.1344e-07  3.2899e-06
   14     30  7.2205e-08  2.1662e-06
   15     31  1.1923e-07  3.6960e-06
   16     32  1.2891e-07  4.1251e-06
   16     33  1.5063e-06  4.9709e-05
   16     34  1.1595e-06  3.9424e-05
   16     36  2.4542e-08  8.8351e-07
   17     35  3.2334e-08  1.1317e-06
   17     37  1.0441e-07  3.8632e-06
   18     36  6.0800e-20  2.1888e-18
   18     38  2.3262e-07  8.8397e-06
   18     40  6.2909e-07  2.5164e-05
   19     39  3.7449e-07  1.4605e-05
   19     41  3.3023e-08  1.3539e-06
   20     42  6.1972e-07  2.6028e-05
   20     43  3.1110e-07  1.3377e-05
   20     44  7.5998e-08  3.3439e-06
   20     46  1.2053e-07  5.5445e-06
   21     45  1.4128e-07  6.3577e-06
   22     47  1.9402e-07  9.1191e-06
   22     48  4.1537e-07  1.9938e-05
   22     49  4.3661e-07  2.1394e-05
   22     50  4.4806e-07  2.2403e-05
   23     51  6.9123e-08  3.5253e-06
   24     52  2.8135e-07  1.4630e-05
   24     53  1.9944e-07  1.0570e-05
   24     54  1.2387e-07  6.6889e-06
   25     55  1.8413e-07  1.0127e-05
   26     56  4.4694e-07  2.5029e-05
   26     57  6.7098e-07  3.8246e-05
   26     58  3.1310e-08  1.8160e-06
   27     59  3.4526e-08  2.0370e-06
   28     60  7.4129e-08  4.4478e-06
   28     61  1.2094e-07  7.3775e-06
   28     62  1.1927e-07  7.3946e-06
   28     64  3.4089e-07  2.1817e-05
   29     63  5.8699e-07  3.6981e-05
   29     65  2.6449e-07  1.7192e-05
   30     66  8.3506e-07  5.5114e-05
   30     67  2.8484e-07  1.9084e-05
   30     68  3.5053e-07  2.3836e-05
   30     70  9.0076e-07  6.3053e-05
   31     69  3.3223e-07  2.2924e-05
   31     71  1.2601e-07  8.9466e-06
   32     70  8.8413e-16  6.1889e-14
   32     72  2.6851e-07  1.9333e-05
   32     73  1.4255e-07  1.0406e-05
   32     74  8.8253e-07  6.5307e-05
   32     76  4.4858e-06  3.4092e-04
   33     75  4.0500e-06  3.0375e-04
   34     76  6.7921e-14  5.1620e-12
   34     77  4.3068e-06  3.3163e-04
   34     78  5.2151e-06  4.0678e-04
   34     80  1.7849e-05  1.4280e-03
   34     82  1.7545e-06  1.4387e-04
   35     79  7.0742e-06  5.5886e-04
   35     81  6.8717e-06  5.5660e-04
   36     82  1.2203e-13  1.0006e-11
   36     83  2.5761e-06  2.1381e-04
   36     84  1.3562e-06  1.1392e-04
   36     86  3.5835e-06  3.0818e-04
   37     85  1.3630e-06  1.1586e-04
   37     87  3.1716e-06  2.7593e-04
   38     87  2.3224e-08  2.0205e-06
   38     88  1.8522e-06  1.6299e-04
   39     89  5.3188e-07  4.7338e-05
   40     90  9.0449e-07  8.1404e-05
   40     91  2.4966e-07  2.2719e-05
   40     92  1.2863e-06  1.1834e-04
   40     94  2.3220e-06  2.1827e-04
   41     93  8.2081e-07  7.6335e-05
   42     95  1.3912e-06  1.3216e-04
   42     96  1.1440e-06  1.0983e-04
   42     97  6.6781e-07  6.4777e-05
   42     98  2.8762e-07  2.8186e-05
   42    100  3.9079e-07  3.9079e-05
   44     99  3.0970e-07  3.0661e-05
   44    100  1.5551e-14  1.5551e-12
   44    101  6.3172e-07  6.3804e-05
   44    102  4.8285e-07  4.9251e-05
   44    104  6.3179e-07  6.5706e-05
   45    103  5.0028e-07  5.1529e-05
   46    104  2.5837e-19  2.6870e-17
   46    105  6.3763e-07  6.6951e-05
   46    106  1.2920e-06  1.3695e-04
   46    108  2.3858e-06  2.5767e-04
   46    110  1.9656e-06  2.1622e-04
   47    107  1.3461e-06  1.4403e-04
   47    109  1.8803e-06  2.0496e-04
   48    110  1.1000e-14  1.2100e-12
   48    111  3.9672e-07  4.4036e-05
   48    112  7.5053e-07  8.4060e-05
   48    113  2.5974e-07  2.9351e-05
   48    114  1.6701e-07  1.9039e-05
   48    116  2.3855e-08  2.7672e-06
   49    113  1.1431e-14  1.2918e-12
   49    115  8.5603e-08  9.8443e-06
   50    115  6.8299e-14  7.8544e-12
   50    116  2.4655e-15  2.8599e-13
   50    117  5.2957e-08  6.1959e-06
   50    118  8.4968e-08  1.0026e-05
   50    119  8.2920e-08  9.8675e-06
   50    120  4.7188e-07  5.6626e-05
   50    122  1.9462e-06  2.3744e-04
   50    124  1.8529e-05  2.2976e-03
   51    121  6.7558e-07  8.1745e-05
   51    123  3.0959e-06  3.8079e-04
   52    122  2.7747e-15  3.3851e-13
   52    124  1.3728e-16  1.7022e-14
   52    125  4.4981e-05  5.6226e-03
   52    126  1.4704e-04  1.8526e-02
   52    128  1.7073e-04  2.1854e-02
   52    130  1.7744e-04  2.3067e-02
   53    127  1.0802e-04  1.3718e-02
   53    129  5.3726e-13  6.9307e-11
   54    128  6.8141e-16  8.7221e-14
   54    129  3.4061e-04  4.3939e-02
   54    130  1.2353e-13  1.6059e-11
   54    131  4.6042e-05  6.0315e-03
   54    132  2.9312e-05  3.8692e-03
   54    134  3.9113e-05  5.2412e-03
   54    136  1.9439e-05  2.6437e-03
   55    133  4.3485e-05  5.7835e-03
   56    134  6.5820e-18  8.8199e-16
   56    135  2.0789e-05  2.8065e-03
   56    136  4.6333e-15  6.3013e-13
   56    137  2.1534e-05  2.9501e-03
   56    138  2.2516e-05  3.1072e-03
   57    139  7.1453e-06  9.9320e-04
   58    140  1.1018e-05  1.5425e-03
   58    142  1.4109e-05  2.0035e-03
   59    141  3.6477e-05  5.1432e-03
   60    142  1.0447e-17  1.4835e-15
   60    143  2.5942e-06  3.7097e-04
   60    144  1.3561e-06  1.9528e-04
   60    145  1.0732e-06  1.5562e-04
   60    146  2.5969e-06  3.7914e-04
   60    148  6.3500e-06  9.3979e-04
   60    150  6.6120e-06  9.9180e-04
   62    147  3.4472e-06  5.0674e-04
   62    148  1.5313e-13  2.2663e-11
   62    149  4.6498e-06  6.9282e-04
   62    150  1.3862e-12  2.0793e-10
   62    152  8.4386e-06  1.2827e-03
   62    154  1.0195e-05  1.5700e-03
   63    151  6.7659e-06  1.0217e-03
   63    153  5.8661e-06  8.9751e-04
   64    154  1.9784e-14  3.0467e-12
   64    155  5.4656e-06  8.4716e-04
   64    156  1.3767e-05  2.1476e-03
   64    157  9.1416e-06  1.4352e-03
   64    158  1.6643e-05  2.6297e-03
   64    160  1.3586e-05  2.1738e-03
   65    159  8.9262e-06  1.4193e-03
   66    160  6.1997e-15  9.9195e-13
   66    161  6.7229e-06  1.0824e-03
   66    162  1.7253e-05  2.7950e-03
   66    163  1.0326e-05  1.6831e-03
   66    164  2.4072e-05  3.9478e-03
   67    165  1.1727e-05  1.9350e-03
   68    166  2.1901e-05  3.6355e-03
   68    167  9.1685e-06  1.5311e-03
   68    168  1.6974e-05  2.8516e-03
   68    170  1.0587e-05  1.7997e-03
   69    169  1.3008e-05  2.1983e-03
   70    170  1.5419e-15  2.6213e-13
   70    171  8.1332e-06  1.3908e-03
   70    172  6.1661e-06  1.0606e-03
   70    173  5.9446e-06  1.0284e-03
   70    174  7.3909e-06  1.2860e-03
   70    176  5.3271e-06  9.3757e-04
   71    175  5.4921e-06  9.6111e-04
   71    176  1.3601e-16  2.3937e-14
   72    176  1.2734e-18  2.2412e-16
   72    177  6.5243e-06  1.1548e-03
   72    178  6.1579e-06  1.0961e-03
   72    179  4.7075e-06  8.4264e-04
   72    180  3.6415e-06  6.5546e-04
   73    181  3.2340e-06  5.8536e-04
   74    182  3.6371e-06  6.6195e-04
   74    183  1.9778e-06  3.6194e-04
   74    184  3.4302e-06  6.3116e-04
   74    186  7.7174e-06  1.4354e-03
   75    185  2.5755e-06  4.7647e-04
   75    187  5.7329e-06  1.0721e-03
   76    186  8.2073e-19  1.5265e-16
   76    187  4.6593e-08  8.7129e-06
   76    188  1.4082e-05  2.6474e-03
   76    189  2.1163e-05  3.9998e-03
   76    190  4.1677e-05  7.9187e-03
   76    192  6.6860e-05  1.2837e-02
   77    191  4.3420e-05  8.2933e-03
   77    193  8.7980e-05  1.6980e-02
   78    192  5.4598e-16  1.0483e-13
   78    194  8.2138e-05  1.5935e-02
   78    195  5.9210e-05  1.1546e-02
   78    196  2.2534e-05  4.4167e-03
   78    198  1.1199e-06  2.2174e-04
   79    197  6.6965e-06  1.3192e-03
   80    198  4.1132e-17  8.1442e-15
   80    199  1.5380e-07  3.0606e-05
   80    200  6.0884e-08  1.2177e-05
   80    201  5.9528e-08  1.1965e-05
   80    202  1.4828e-07  2.9952e-05
   80    204  2.3059e-07  4.7040e-05
   81    203  2.0624e-07  4.1866e-05
   81    205  2.2138e-07  4.5383e-05
   82    206  1.3516e-06  2.7842e-04
   82    207  1.2150e-06  2.5151e-04
   82    208  1.2435e-06  2.5865e-04
   82    210  7.5695e-15  1.5896e-12
   82    211  2.6791e-20  5.6529e-18
   82    212  5.1248e-20  1.0865e-17
   83    209  1.0894e-06  2.2768e-04
   83    210  1.5878e-19  3.3345e-17
   84    210  4.3841e-18  9.2066e-16
   86    222  1.2102e-19  2.6866e-17
   88    223  2.6191e-18  5.8406e-16
   88    224  1.3243e-19  2.9665e-17
   88    226  1.8518e-14  4.1850e-12
   88    228  4.2586e-13  9.7095e-11
   89    227  1.8214e-15  4.1345e-13
   90    227  4.2095e-18  9.5555e-16
   90    228  2.5432e-17  5.7985e-15
   90    230  8.7274e-13  2.0073e-10
   90    231  2.4363e-19  5.6278e-17
   90    232  1.8641e-07  4.3247e-05
   90    234  2.9510e-19  6.9053e-17
   91    231  2.7306e-12  6.3077e-10
   92    234  2.8419e-12  6.6500e-10
   92    235  5.8852e-08  1.3830e-05
   92    236  1.6725e-10  3.9470e-08
   92    238  5.1700e-08  1.2305e-05
   94    239  4.2572e-20  1.0175e-17
   94    240  3.3102e-14  7.9444e-12
   94    244  4.0292e-10  9.8313e-08
   95    243  1.3014e-20  3.1625e-18
   96    244  1.0936e-19  2.6683e-17
   96    247  2.7468e-17  6.7847e-15
   97    246  6.5633e-12  1.6146e-09
  100    258  4.3889e-09  1.1323e-06
  100    260  2.3625e-09  6.1424e-07
  100    262  1.3383e-09  3.5063e-07
  102    261  1.3673e-09  3.5686e-07
  102    263  1.0759e-09  2.8296e-07
  102    264  8.5009e-10  2.2442e-07
  102    266  4.6409e-10  1.2345e-07
  103    265  4.4237e-10  1.1723e-07
  104    267  1.9103e-10  5.1005e-08
  104    268  1.3756e-10  3.6866e-08
  104    270  7.4193e-11  2.0032e-08
  104    272  2.9423e-11  8.0032e-09
  104    274  1.4704e-11  4.0290e-09
  105    269  1.6976e-10  4.5664e-08
  105    271  4.0931e-11  1.1092e-08
  106    273  1.8507e-11  5.0523e-09
  106    275  5.8234e-12  1.6014e-09
  106    276  4.7064e-12  1.2990e-09
  106    278  1.2863e-12  3.5758e-10
  106    280  1.3350e-13  3.7380e-11
  107    277  1.3912e-12  3.8536e-10
  108    279  3.8357e-13  1.0702e-10
  108    281  4.2168e-14  1.1849e-11
  108    282  3.1736e-14  8.9496e-12
  108    283  1.4686e-14  4.1561e-12
  108    284  1.9329e-14  5.4894e-12
  108    286  1.5285e-14  4.3716e-12
  110    285  1.7260e-14  4.9191e-12
  110    287  1.4338e-14  4.1150e-12
  110    288  9.4810e-15  2.7305e-12
  110    290  2.6415e-15  7.6603e-13
  111    289  3.8786e-15  1.1209e-12
  111    291  1.1506e-15  3.3482e-13
  111    292  6.8543e-15  2.0014e-12
  111    293  3.0358e-15  8.8950e-13
  111    294  3.8887e-15  1.1433e-12
  111    295  1.1578e-15  3.4156e-13
  111    296  1.9383e-15  5.7373e-13
  111    297  6.7901e-16  2.0167e-13
  111    298  8.5697e-17  2.5538e-14
  111    299  6.6987e-17  2.0029e-14
  111    300  2.0920e-17  6.2761e-15
  111    301  3.5226e-16  1.0603e-13
  111    302  7.7871e-16  2.3517e-13
  111    303  2.8868e-16  8.7471e-14
  111    304  2.0855e-16  6.3401e-14
  111    305  7.9374e-17  2.4209e-14
  111    306  6.1713e-17  1.8884e-14
  111    307  3.5729e-18  1.0969e-15
  111    308  1.9096e-17  5.8817e-15
  111    309  1.3885e-18  4.2904e-16
  111    310  3.2824e-18  1.0176e-15
  111    311  2.2262e-18  6.9234e-16
  111    312  4.0980e-18  1.2786e-15
  111    313  6.7211e-19  2.1037e-16
  111    314  1.8929e-18  5.9437e-16
  111    315  3.7956e-19  1.1956e-16
  111    316  3.5523e-19  1.1225e-16
  111    317  1.7973e-18  5.6974e-16
  111    318  2.1909e-19  6.9671e-17
  111    319  2.0795e-20  6.6336e-18
  111    320  7.3898e-20  2.3647e-17
    1      1  5.3150e-10  5.3150e-10
    2      4  1.6830e-01  6.7322e-01


