    1      2  2.2348e-09  4.4695e-09
    2      3  1.3008e-10  3.9025e-10
    3      6  6.1561e-12  3.6937e-11
    3      7  2.0666e-10  1.4466e-09
    4      8  5.4527e-10  4.3621e-09
    4      9  1.2795e-10  1.1515e-09
    5     10  7.8955e-11  7.8955e-10
    5     11  1.9140e-10  2.1054e-09
    6     12  2.7734e-09  3.3281e-08
    6     13  1.3649e-07  1.7744e-06
    7     14  3.2458e-07  4.5441e-06
    7     15  7.3436e-06  1.1015e-04
    8     16  3.6796e-07  5.8874e-06
    8     17  2.5376e-09  4.3140e-08
    8     18  1.7644e-08  3.1759e-07
    9     19  1.0171e-06  1.9326e-05
   10     20  1.3853e-06  2.7707e-05
   10     21  2.8818e-07  6.0517e-06
   10     22  3.4652e-09  7.6235e-08
   11     23  8.4011e-07  1.9322e-05
   12     24  2.5116e-07  6.0278e-06
   12     25  2.5506e-07  6.3764e-06
   12     26  1.4157e-08  3.6807e-07
   13     26  2.4467e-19  6.3614e-18
   13     27  3.6753e-07  9.9234e-06
   14     28  1.0921e-06  3.0578e-05
   14     29  1.0577e-07  3.0674e-06
   14     30  8.0708e-08  2.4212e-06
   15     31  1.1634e-07  3.6066e-06
   16     32  1.2045e-07  3.8542e-06
   16     33  1.3002e-06  4.2905e-05
   16     34  9.9934e-07  3.3977e-05
   16     36  2.6126e-08  9.4052e-07
   17     35  3.5111e-08  1.2289e-06
   17     37  9.7445e-08  3.6054e-06
   18     36  6.2596e-20  2.2535e-18
   18     38  2.1001e-07  7.9805e-06
   18     40  5.0907e-07  2.0363e-05
   19     39  3.1113e-07  1.2134e-05
   19     41  6.4900e-08  2.6609e-06
   20     42  5.1633e-07  2.1686e-05
   20     43  2.4030e-07  1.0333e-05
   20     44  8.1868e-08  3.6022e-06
   20     46  1.1595e-07  5.3337e-06
   21     45  1.4393e-07  6.4769e-06
   22     47  1.7103e-07  8.0384e-06
   22     48  3.7414e-07  1.7959e-05
   22     49  3.3837e-07  1.6580e-05
   22     50  3.2669e-07  1.6334e-05
   23     51  5.5081e-08  2.8091e-06
   24     52  2.5859e-07  1.3447e-05
   24     53  1.9902e-07  1.0548e-05
   24     54  1.1678e-07  6.3061e-06
   25     55  1.5380e-07  8.4592e-06
   26     56  3.8604e-07  2.1618e-05
   26     57  5.3940e-07  3.0746e-05
   26     58  2.6638e-08  1.5450e-06
   27     59  2.9156e-08  1.7202e-06
   28     60  6.1259e-08  3.6756e-06
   28     61  9.9522e-08  6.0708e-06
   28     62  1.1173e-07  6.9275e-06
   28     64  3.3560e-07  2.1478e-05
   29     63  5.3059e-07  3.3427e-05
   29     65  2.4987e-07  1.6241e-05
   30     66  7.2667e-07  4.7960e-05
   30     67  2.4542e-07  1.6443e-05
   30     68  3.1553e-07  2.1456e-05
   30     70  7.0092e-07  4.9065e-05
   31     69  2.8768e-07  1.9850e-05
   31     71  9.2231e-08  6.5484e-06
   32     70  9.5249e-16  6.6674e-14
   32     72  1.9175e-07  1.3806e-05
   32     73  1.4146e-07  1.0326e-05
   32     74  9.7674e-07  7.2279e-05
   32     76  4.7152e-06  3.5836e-04
   33     75  4.3949e-06  3.2962e-04
   34     76  8.7850e-14  6.6766e-12
   34     77  4.0875e-06  3.1473e-04
   34     78  4.1924e-06  3.2701e-04
   34     80  1.4889e-05  1.1911e-03
   34     82  1.3818e-06  1.1330e-04
   35     79  5.4274e-06  4.2877e-04
   35     81  6.0145e-06  4.8718e-04
   36     82  1.3136e-13  1.0772e-11
   36     83  2.5138e-06  2.0865e-04
   36     84  1.2577e-06  1.0565e-04
   36     86  3.0947e-06  2.6614e-04
   37     85  1.1847e-06  1.0070e-04
   37     87  2.6610e-06  2.3151e-04
   38     87  1.9485e-08  1.6952e-06
   38     88  1.3662e-06  1.2023e-04
   39     89  3.8859e-07  3.4584e-05
   40     90  6.6707e-07  6.0036e-05
   40     91  2.2533e-07  2.0505e-05
   40     92  1.3090e-06  1.2042e-04
   40     94  2.2156e-06  2.0827e-04
   41     93  8.1724e-07  7.6003e-05
   42     95  1.2182e-06  1.1573e-04
   42     96  9.9957e-07  9.5959e-05
   42     97  5.3639e-07  5.2030e-05
   42     98  2.5182e-07  2.4678e-05
   42    100  3.5476e-07  3.5476e-05
   44     99  2.6821e-07  2.6553e-05
   44    100  1.6900e-14  1.6900e-12
   44    101  5.9648e-07  6.0245e-05
   44    102  4.9597e-07  5.0588e-05
   44    104  6.4927e-07  6.7524e-05
   45    103  5.1861e-07  5.3416e-05
   46    104  3.5819e-19  3.7252e-17
   46    105  6.4595e-07  6.7825e-05
   46    106  1.3086e-06  1.3872e-04
   46    108  2.1712e-06  2.3449e-04
   46    110  1.5455e-06  1.7001e-04
   47    107  1.2900e-06  1.3803e-04
   47    109  1.5949e-06  1.7385e-04
   48    110  1.1334e-14  1.2468e-12
   48    111  3.0479e-07  3.3832e-05
   48    112  5.3309e-07  5.9706e-05
   48    113  1.7950e-07  2.0284e-05
   48    114  1.0935e-07  1.2466e-05
   48    116  2.5492e-08  2.9571e-06
   49    113  7.9000e-15  8.9270e-13
   49    115  5.6324e-08  6.4772e-06
   50    115  4.4938e-14  5.1679e-12
   50    116  1.9067e-15  2.2118e-13
   50    117  6.1278e-08  7.1696e-06
   50    118  1.0501e-07  1.2391e-05
   50    119  1.0863e-07  1.2927e-05
   50    120  6.2316e-07  7.4779e-05
   50    122  2.3769e-06  2.8999e-04
   50    124  1.6190e-05  2.0075e-03
   51    121  8.7547e-07  1.0593e-04
   51    123  3.5365e-06  4.3498e-04
   52    122  4.0890e-15  4.9886e-13
   52    124  1.6962e-16  2.1033e-14
   52    125  2.7179e-05  3.3973e-03
   52    126  7.8736e-05  9.9207e-03
   52    128  1.2545e-04  1.6057e-02
   52    130  1.2430e-04  1.6159e-02
   53    127  7.3723e-05  9.3628e-03
   53    129  3.8871e-13  5.0144e-11
   54    128  6.1270e-16  7.8426e-14
   54    129  2.3037e-04  2.9718e-02
   54    130  1.0761e-13  1.3990e-11
   54    131  3.7436e-05  4.9042e-03
   54    132  2.4381e-05  3.2183e-03
   54    134  3.5891e-05  4.8094e-03
   54    136  1.9269e-05  2.6206e-03
   55    133  3.7489e-05  4.9861e-03
   56    134  8.0006e-18  1.0721e-15
   56    135  1.9304e-05  2.6060e-03
   56    136  5.4126e-15  7.3612e-13
   56    137  2.2313e-05  3.0569e-03
   56    138  2.2546e-05  3.1114e-03
   57    139  7.2694e-06  1.0104e-03
   58    140  1.1297e-05  1.5815e-03
   58    142  1.3664e-05  1.9402e-03
   59    141  3.6207e-05  5.1052e-03
   60    142  1.3984e-17  1.9858e-15
   60    143  2.3706e-06  3.3900e-04
   60    144  1.3814e-06  1.9893e-04
   60    145  1.1123e-06  1.6128e-04
   60    146  2.7317e-06  3.9883e-04
   60    148  6.4150e-06  9.4942e-04
   60    150  6.9507e-06  1.0426e-03
   62    147  3.6290e-06  5.3346e-04
   62    148  2.0582e-13  3.0461e-11
   62    149  4.7815e-06  7.1244e-04
   62    150  1.6552e-12  2.4828e-10
   62    152  8.8374e-06  1.3433e-03
   62    154  1.0861e-05  1.6726e-03
   63    151  7.1710e-06  1.0828e-03
   63    153  6.1729e-06  9.4445e-04
   64    154  2.5568e-14  3.9375e-12
   64    155  5.9160e-06  9.1698e-04
   64    156  1.4552e-05  2.2701e-03
   64    157  9.5958e-06  1.5065e-03
   64    158  1.7096e-05  2.7012e-03
   64    160  1.4223e-05  2.2756e-03
   65    159  9.3097e-06  1.4802e-03
   66    160  7.7273e-15  1.2364e-12
   66    161  7.1165e-06  1.1458e-03
   66    162  1.8511e-05  2.9989e-03
   66    163  1.1087e-05  1.8072e-03
   66    164  2.5522e-05  4.1856e-03
   67    165  1.2396e-05  2.0453e-03
   68    166  2.2754e-05  3.7772e-03
   68    167  9.4893e-06  1.5847e-03
   68    168  1.7429e-05  2.9280e-03
   68    170  1.0827e-05  1.8405e-03
   69    169  1.3301e-05  2.2479e-03
   70    170  2.0525e-15  3.4893e-13
   70    171  8.3335e-06  1.4250e-03
   70    172  6.3427e-06  1.0909e-03
   70    173  6.1472e-06  1.0635e-03
   70    174  7.6396e-06  1.3293e-03
   70    176  5.6294e-06  9.9077e-04
   71    175  5.7228e-06  1.0015e-03
   71    176  1.8190e-16  3.2015e-14
   72    176  1.7031e-18  2.9975e-16
   72    177  6.9265e-06  1.2260e-03
   72    178  6.4660e-06  1.1510e-03
   72    179  4.8949e-06  8.7620e-04
   72    180  3.7772e-06  6.7989e-04
   73    181  3.4000e-06  6.1540e-04
   74    182  4.0857e-06  7.4360e-04
   74    183  2.4532e-06  4.4893e-04
   74    184  4.8408e-06  8.9071e-04
   74    186  1.1433e-05  2.1265e-03
   75    185  3.7687e-06  6.9721e-04
   75    187  8.4573e-06  1.5815e-03
   76    186  1.6584e-18  3.0845e-16
   76    187  6.8735e-08  1.2853e-05
   76    188  2.0433e-05  3.8414e-03
   76    189  3.0336e-05  5.7335e-03
   76    190  5.7876e-05  1.0996e-02
   76    192  8.6066e-05  1.6525e-02
   77    191  5.8394e-05  1.1153e-02
   77    193  1.0908e-04  2.1052e-02
   78    192  9.0565e-16  1.7388e-13
   78    194  9.5810e-05  1.8587e-02
   78    195  6.5754e-05  1.2822e-02
   78    196  2.3395e-05  4.5855e-03
   78    198  1.3898e-06  2.7518e-04
   79    197  6.9015e-06  1.3596e-03
   80    198  5.9483e-17  1.1778e-14
   80    199  3.7889e-07  7.5399e-05
   80    200  2.7152e-07  5.4304e-05
   80    201  2.6463e-07  5.3190e-05
   80    202  5.3883e-07  1.0884e-04
   80    204  7.4084e-07  1.5113e-04
   80    206  3.4192e-16  7.0435e-14
   81    203  6.5435e-07  1.3283e-04
   81    205  7.4148e-07  1.5200e-04
   82    206  7.2450e-06  1.4925e-03
   82    207  6.4799e-06  1.3413e-03
   82    208  6.6356e-06  1.3802e-03
   82    210  7.2389e-14  1.5202e-11
   82    211  2.4807e-19  5.2343e-17
   82    212  4.0910e-19  8.6729e-17
   82    214  3.3761e-20  7.2250e-18
   83    209  6.2262e-06  1.3013e-03
   83    210  1.5185e-18  3.1888e-16
   83    212  1.2225e-20  2.5916e-18
   84    210  4.1926e-17  8.8045e-15
   86    222  1.1573e-18  2.5693e-16
   88    223  2.4252e-17  5.4082e-15
   88    224  1.0572e-18  2.3681e-16
   88    226  1.7709e-13  4.0022e-11
   88    228  3.3995e-12  7.7509e-10
   89    227  1.6865e-14  3.8284e-12
   89    228  7.4407e-20  1.6965e-17
   90    227  3.8978e-17  8.8480e-15
   90    228  2.0302e-16  4.6288e-14
   90    230  8.3461e-12  1.9196e-09
   90    231  2.2559e-18  5.2111e-16
   90    232  1.4881e-06  3.4523e-04
   90    234  2.8221e-18  6.6037e-16
   91    231  2.5284e-11  5.8407e-09
   91    234  8.4512e-20  1.9776e-17
   92    234  2.7177e-11  6.3595e-09
   92    235  5.4494e-07  1.2806e-04
   92    236  1.7185e-09  4.0556e-07
   92    238  4.9441e-07  1.1767e-04
   92    240  8.6234e-20  2.0696e-17
   94    239  4.7384e-19  1.1325e-16
   94    240  3.4013e-13  8.1631e-11
   94    244  4.1402e-09  1.0102e-06
   95    243  1.4485e-19  3.5199e-17
   96    244  1.1237e-18  2.7418e-16
   96    247  3.0573e-16  7.5515e-14
   97    246  6.7204e-11  1.6532e-08
  100    258  4.5892e-08  1.1840e-05
  100    260  2.5080e-08  6.5207e-06
  100    262  1.4331e-08  3.7548e-06
  102    261  1.4695e-08  3.8354e-06
  102    263  1.1483e-08  3.0200e-06
  102    264  9.1033e-09  2.4033e-06
  102    266  5.1193e-09  1.3617e-06
  103    265  4.7504e-09  1.2589e-06
  104    267  2.1899e-09  5.8471e-07
  104    268  1.5979e-09  4.2824e-07
  104    270  8.3628e-10  2.2580e-07
  104    272  3.4509e-10  9.3865e-08
  104    274  1.8447e-10  5.0545e-08
  105    269  1.9459e-09  5.2344e-07
  105    271  4.6393e-10  1.2572e-07
  106    273  2.2639e-10  6.1803e-08
  106    275  7.1670e-11  1.9709e-08
  106    276  5.6295e-11  1.5537e-08
  106    278  1.4448e-11  4.0165e-09
  106    280  1.3763e-12  3.8536e-10
  107    277  1.6286e-11  4.5113e-09
  108    279  4.0449e-12  1.1285e-09
  108    281  4.5727e-13  1.2849e-10
  108    282  3.9418e-13  1.1116e-10
  108    283  1.9731e-13  5.5838e-11
  108    284  2.7794e-13  7.8934e-11
  108    286  2.4916e-13  7.1261e-11
  110    285  2.6427e-13  7.5318e-11
  110    287  2.5365e-13  7.2797e-11
  110    288  1.7463e-13  5.0295e-11
  110    290  5.2320e-14  1.5173e-11
  111    289  7.4399e-14  2.1501e-11
  111    291  2.2922e-14  6.6703e-12
  111    292  1.6245e-13  4.7435e-11
  111    293  8.3332e-14  2.4416e-11
  111    294  1.1157e-13  3.2802e-11
  111    295  3.3646e-14  9.9255e-12
  111    296  5.6789e-14  1.6810e-11
  111    297  2.0352e-14  6.0447e-12
  111    298  2.6546e-15  7.9108e-13
  111    299  2.0751e-15  6.2045e-13
  111    300  6.5347e-16  1.9604e-13
  111    301  1.1414e-14  3.4356e-12
  111    302  2.2342e-14  6.7472e-12
  111    303  1.3833e-14  4.1915e-12
  111    304  8.0842e-15  2.4576e-12
  111    305  2.0286e-15  6.1871e-13
  111    306  2.7267e-15  8.3436e-13
  111    307  6.1114e-16  1.8762e-13
  111    308  1.3684e-15  4.2145e-13
  111    309  1.3836e-16  4.2753e-14
  111    310  1.4225e-16  4.4098e-14
  111    311  8.5851e-17  2.6700e-14
  111    312  2.2552e-16  7.0363e-14
  111    313  3.2462e-17  1.0161e-14
  111    314  2.0567e-16  6.4581e-14
  111    315  4.0108e-17  1.2634e-14
  111    316  3.8935e-17  1.2304e-14
  111    317  1.3171e-16  4.1752e-14
  111    318  1.8814e-17  5.9829e-15
  111    319  3.0678e-18  9.7862e-16
  111    320  7.6854e-18  2.4593e-15
  111    321  1.0342e-18  3.3197e-16
  111    322  6.0733e-19  1.9556e-16
  111    323  2.0675e-19  6.6781e-17
  111    324  1.7683e-19  5.7293e-17
  111    325  1.5230e-20  4.9497e-18
  111    326  5.6949e-20  1.8565e-17
    1      1  5.4847e-10  5.4847e-10
    2      4  1.7224e-01  6.8896e-01


