1  6.8627e-08
2  2.0005e-01
3  2.2186e-09
4  1.1756e-07
5  4.5618e-07
6  2.1719e-08
7  1.4197e-05
8  4.1580e-06
9  1.1046e-06
10  3.6771e-06
11  8.3056e-07
12  8.4866e-07
13  1.2846e-07
14  3.4314e-07
15  2.1624e-08
16  5.5242e-07
17  2.6721e-08
18  1.6723e-08
19  1.6701e-08
20  3.7782e-08
21  1.0617e-08
22  1.6471e-09
23  5.5999e-10
24  5.8824e-09
25  1.0354e-10
26  2.9786e-09
27  3.7660e-11
28  1.5045e-09
29  1.2733e-08
30  4.2836e-08
31  5.0906e-09
32  6.6821e-08
33  5.0316e-08
34  6.7237e-07
35  1.6539e-07
36  1.4672e-07
37  6.4239e-08
38  3.1226e-08
39  2.4610e-08
40  1.0211e-07
41  1.5505e-08
42  6.0836e-08
43  5.5960e-34
44  2.5559e-08
45  1.1323e-08
46  5.2294e-08
47  2.7523e-08
48  5.8133e-08
49  1.8483e-08
50  7.7468e-08
51  2.1753e-08
52  1.8355e-06
53  7.0551e-07
54  2.0896e-06
55  2.1867e-07
56  1.4610e-07
57  1.7570e-08
58  7.5038e-08
59  6.6427e-08
60  7.7403e-08
61  1.1112e-88
62  3.2156e-08
63  5.1127e-09
64  4.8550e-08
65  1.1947e-10
66  8.9451e-09
67  1.8534e-09
68  2.9521e-08
69  3.6456e-08
70  7.6582e-08
71  8.6578e-09
72  1.5378e-07
73  3.8457e-08
74  1.2796e-07
75  3.7768e-08
76  8.2247e-08
77  3.1985e-08
78  2.1638e-06
79  7.6245e-07
80  4.1009e-06
81  1.0347e-07
82  1.1187e-06
83  1.0165e-06
84  6.0659e-17
85  2.0679e-27
86  1.6746e-18
87  6.0481e-22
88  2.1049e-12
89  2.2807e-14
90  8.0922e-07
91  3.4193e-11
92  1.4553e-06
93  1.0820e-20
94  7.3571e-09
95  1.8068e-18
96  3.8151e-15
97  1.2251e-10
98  -3.4321e-314
99  6.9169e-322
100  9.5611e-07
101  -2.7710e-313
102  1.6957e-06
103  3.7497e-07
104  4.1115e-06
105  1.2437e-06
106  1.7356e-05
107  2.1807e-06
108  7.6744e-06
109  1.0370e-319
110  1.0879e-06
111  5.6995e-04
112  0.0000e+00
113  0.0000e+00
114  0.0000e+00
115  0.0000e+00
116  0.0000e+00
117  0.0000e+00
118  0.0000e+00

