1  6.9624e-09
2  1.9262e-01
3  5.9813e-10
4  1.0660e-08
5  6.0297e-08
6  4.4212e-07
7  1.4406e-05
8  3.4181e-07
9  1.3830e-06
10  2.4122e-06
11  1.1217e-06
12  8.3026e-07
13  1.2891e-07
14  4.5134e-07
15  6.4666e-08
16  1.0625e-06
17  3.2981e-08
18  6.9432e-08
19  1.4053e-07
20  4.9274e-07
21  8.3105e-08
22  3.1516e-07
23  1.9388e-08
24  2.0582e-07
25  2.3735e-08
26  2.4351e-07
27  7.1718e-09
28  1.6816e-07
29  3.0039e-07
30  6.2471e-07
31  7.8571e-08
32  2.5216e-06
33  1.9760e-06
34  1.1622e-05
35  4.6568e-06
36  2.7888e-06
37  1.4804e-06
38  3.9911e-07
39  1.4708e-07
40  1.5211e-06
41  2.9364e-07
42  1.1808e-06
43  5.2435e-33
44  4.7161e-07
45  1.5762e-07
46  1.8192e-06
47  9.6206e-07
48  5.7810e-07
49  4.6418e-08
50  7.0783e-06
51  1.4456e-06
52  4.3677e-05
53  1.2909e-05
54  2.1865e-05
55  2.0727e-06
56  4.2012e-06
57  5.1034e-07
58  1.3185e-06
59  1.7702e-06
60  1.0296e-06
61  1.6186e-83
62  1.3159e-06
63  4.9604e-07
64  3.3667e-06
65  3.5135e-07
66  3.3549e-06
67  8.5028e-07
68  5.0370e-06
69  1.5895e-06
70  4.1081e-06
71  6.6082e-07
72  2.6002e-06
73  5.1567e-07
74  1.7968e-06
75  8.7898e-07
76  5.9429e-05
77  8.2483e-05
78  2.7032e-04
79  2.6718e-05
80  9.5436e-06
81  4.4043e-06
82  1.5813e-04
83  7.9790e-05
84  2.6648e-15
85  8.7082e-26
86  7.3570e-17
87  2.5118e-20
88  1.3778e-10
89  9.4723e-13
90  5.5384e-05
91  1.4201e-09
92  6.2204e-05
93  6.0539e-19
94  4.1169e-07
95  3.2641e-17
96  6.8988e-14
97  5.9718e-09
98  1.8800e-314
99  -9.2390e-322
100  3.4669e-05
101  3.1114e-313
102  4.6651e-05
103  9.9084e-06
104  3.6184e-05
105  1.7768e-05
106  1.5738e-05
107  1.1047e-06
108  7.0553e-07
109  1.5010e-320
110  3.7044e-07
111  1.7859e-06
112  0.0000e+00
113  0.0000e+00
114  0.0000e+00
115  0.0000e+00
116  0.0000e+00
117  0.0000e+00
118  0.0000e+00

