1  1.5638e-09
2  1.5462e-01
3  1.2534e-11
4  1.5522e-12
5  1.4974e-11
6  3.0604e-09
7  2.5288e-07
8  5.8927e-08
9  5.2237e-08
10  1.1625e-07
11  1.5339e-08
12  8.9462e-07
13  7.3273e-08
14  2.7716e-07
15  3.4753e-08
16  2.0083e-06
17  1.4780e-07
18  1.1313e-06
19  5.8185e-07
20  4.4254e-06
21  1.5899e-06
22  2.3624e-06
23  6.5322e-07
24  1.1415e-06
25  1.7024e-07
26  2.6532e-06
27  2.8719e-08
28  3.3357e-07
29  1.3971e-06
30  2.4476e-06
31  4.9130e-07
32  1.1160e-05
33  7.0947e-06
34  7.0003e-05
35  3.7512e-05
36  8.1247e-06
37  3.9997e-06
38  2.3399e-06
39  1.3727e-06
40  1.6575e-05
41  2.0640e-06
42  4.4177e-06
43  1.0365e-31
44  1.1859e-05
45  3.4782e-06
46  1.8862e-05
47  8.1457e-06
48  4.1235e-06
49  5.2661e-07
50  1.2775e-04
51  1.8430e-05
52  1.6651e-03
53  5.7182e-04
54  4.3439e-04
55  2.4112e-05
56  2.9937e-06
57  4.3212e-07
58  1.1985e-06
59  9.0200e-07
60  1.0356e-06
61  -1.0033e-315
62  6.3678e-07
63  2.4741e-07
64  5.6924e-07
65  1.0054e-08
66  2.2265e-07
67  3.8262e-08
68  1.7585e-07
69  5.4162e-08
70  3.6004e-08
71  3.0728e-09
72  9.4906e-09
73  1.2095e-09
74  5.0349e-09
75  2.2399e-09
76  7.3243e-09
77  2.6376e-09
78  1.8565e-09
79  9.0146e-11
80  3.3912e-12
81  8.2905e-16
82  1.6581e-15
83  3.3566e-16
84  3.9084e-22
85  0.0000e+00
86  4.6158e-21
87  1.2054e-45
88  1.6642e-21
89  6.6284e-22
90  7.0409e-19
91  2.5656e-22
92  1.3317e-19
93  8.8417e-34
94  9.5919e-23
95  9.9976e-26
96  8.1107e-153
97  1.2384e-24
98  0.0000e+00
99  -1.1364e-321
100  5.9783e-24
101  0.0000e+00
102  0.0000e+00
103  0.0000e+00
104  0.0000e+00
105  0.0000e+00
106  0.0000e+00
107  0.0000e+00
108  0.0000e+00
109  0.0000e+00
110  0.0000e+00
111  0.0000e+00
112  0.0000e+00
113  0.0000e+00
114  0.0000e+00
115  0.0000e+00
116  0.0000e+00
117  0.0000e+00
118  0.0000e+00

