1  1.9281e-09
2  1.6502e-01
3  8.8172e-11
4  4.2740e-11
5  9.1643e-11
6  1.6082e-08
7  2.3472e-06
8  1.3212e-07
9  4.4125e-07
10  8.9143e-07
11  4.0329e-07
12  3.0126e-07
13  4.2486e-07
14  1.4511e-06
15  1.1268e-07
16  3.2188e-06
17  1.2535e-07
18  1.1686e-06
19  5.8223e-07
20  2.4870e-06
21  1.8425e-07
22  2.1965e-06
23  1.2475e-07
24  5.9233e-07
25  1.8880e-07
26  1.2552e-06
27  3.7239e-08
28  5.9421e-07
29  7.2448e-07
30  2.1369e-06
31  4.1101e-07
32  5.0679e-06
33  3.4834e-06
34  4.1216e-05
35  2.1808e-05
36  5.2381e-06
37  3.7852e-06
38  1.8346e-06
39  5.9128e-07
40  5.0582e-06
41  7.6850e-07
42  4.4583e-06
43  3.0845e-32
44  2.3563e-06
45  5.5240e-07
46  7.8646e-06
47  4.0377e-06
48  2.6398e-06
49  1.8099e-07
50  3.2755e-05
51  3.6572e-06
52  8.9003e-04
53  2.2114e-04
54  6.5803e-04
55  4.6340e-05
56  6.0632e-05
57  6.3903e-06
58  2.2873e-05
59  3.3892e-05
60  2.0525e-05
61  5.5612e-86
62  2.4928e-05
63  1.1660e-05
64  5.3695e-05
65  8.2615e-06
66  5.4573e-05
67  1.1167e-05
68  5.6562e-05
69  1.2810e-05
70  2.8172e-05
71  4.4150e-06
72  1.5389e-05
73  2.5866e-06
74  9.1624e-06
75  3.4158e-06
76  4.2936e-05
77  3.5111e-05
78  4.0455e-05
79  1.7462e-06
80  4.5291e-08
81  1.2920e-08
82  5.6240e-08
83  1.5448e-08
84  2.4210e-20
85  5.4976e-18
86  6.6390e-12
87  3.0722e-25
88  3.8446e-15
89  1.0842e-17
90  1.6381e-09
91  1.6254e-14
92  6.3650e-10
93  2.4112e-24
94  1.6398e-12
95  4.0864e-23
96  8.6633e-20
97  2.7076e-14
98  3.8876e-315
99  -1.1512e-321
100  1.3241e-11
101  -6.2687e-313
102  3.7522e-12
103  3.3664e-13
104  1.7274e-13
105  5.9705e-14
106  2.8644e-15
107  1.1442e-16
108  3.7858e-17
109  2.8005e-319
110  1.0421e-18
111  2.8132e-19
112  0.0000e+00
113  0.0000e+00
114  0.0000e+00
115  0.0000e+00
116  0.0000e+00
117  0.0000e+00
118  0.0000e+00

