1  1.4611e-08
2  1.9583e-01
3  1.3408e-09
4  2.6394e-08
5  1.6944e-07
6  3.5080e-07
7  1.6298e-05
8  4.1612e-07
9  1.4246e-06
10  2.6601e-06
11  1.1569e-06
12  9.2681e-07
13  9.6459e-08
14  2.9046e-07
15  4.1275e-08
16  7.4707e-07
17  1.9810e-08
18  4.0558e-08
19  7.8007e-08
20  2.7107e-07
21  4.6330e-08
22  1.3171e-07
23  1.2505e-08
24  8.1720e-08
25  4.8507e-09
26  1.1012e-07
27  2.1753e-09
28  5.1946e-08
29  1.5486e-07
30  4.0043e-07
31  4.2767e-08
32  1.0967e-06
33  9.1375e-07
34  7.5508e-06
35  2.5294e-06
36  1.6573e-06
37  9.4504e-07
38  2.7515e-07
39  1.1976e-07
40  9.0951e-07
41  1.6705e-07
42  7.8397e-07
43  3.1608e-33
44  2.0312e-07
45  7.3258e-08
46  9.1680e-07
47  4.9766e-07
48  6.2027e-07
49  1.0626e-07
50  2.8182e-06
51  4.2049e-07
52  2.5601e-05
53  8.8201e-06
54  1.2860e-05
55  1.0512e-06
56  1.7295e-06
57  2.2893e-07
58  6.0617e-07
59  6.2128e-07
60  4.1433e-07
61  6.0795e-85
62  3.2887e-07
63  9.7242e-08
64  6.7616e-07
65  1.0558e-08
66  4.4104e-07
67  1.1810e-07
68  1.4072e-06
69  9.5477e-07
70  2.1772e-06
71  3.2082e-07
72  2.0890e-06
73  4.0196e-07
74  9.5159e-07
75  2.2224e-07
76  3.0770e-06
77  3.6055e-06
78  9.2849e-05
79  3.2247e-05
80  1.1222e-05
81  6.2112e-07
82  5.7595e-05
83  3.7976e-05
84  1.5933e-15
85  5.9226e-26
86  4.3988e-17
87  1.7779e-20
88  7.5080e-11
89  6.7045e-13
90  2.9919e-05
91  1.0051e-09
92  4.0553e-05
93  3.5254e-19
94  2.3974e-07
95  2.7112e-17
96  5.7279e-14
97  3.6970e-09
98  -9.9895e-314
99  4.1996e-322
100  3.4774e-05
101  3.2350e-313
102  6.8690e-05
103  1.7018e-05
104  1.3797e-04
105  5.4266e-05
106  1.3632e-04
107  1.2647e-05
108  1.1399e-05
109  3.4995e-319
110  4.3630e-06
111  3.8675e-05
112  0.0000e+00
113  0.0000e+00
114  0.0000e+00
115  0.0000e+00
116  0.0000e+00
117  0.0000e+00
118  0.0000e+00

