    1      2  2.4812e-09  4.9623e-09
    2      3  1.5373e-10  4.6119e-10
    3      6  6.8446e-12  4.1068e-11
    3      7  2.3768e-10  1.6638e-09
    4      8  7.2218e-10  5.7775e-09
    4      9  1.8399e-10  1.6559e-09
    5     10  2.4024e-10  2.4024e-09
    5     11  2.2650e-10  2.4915e-09
    6     12  2.8286e-09  3.3943e-08
    6     13  1.6921e-07  2.1997e-06
    7     14  3.0452e-07  4.2633e-06
    7     15  7.7786e-06  1.1668e-04
    8     16  3.6431e-07  5.8290e-06
    8     17  2.7257e-09  4.6337e-08
    8     18  1.8349e-08  3.3028e-07
    9     19  1.0230e-06  1.9438e-05
   10     20  1.3955e-06  2.7910e-05
   10     21  2.9519e-07  6.1989e-06
   10     22  3.2050e-09  7.0510e-08
   11     23  8.8089e-07  2.0260e-05
   12     24  2.6437e-07  6.3449e-06
   12     25  2.7690e-07  6.9224e-06
   12     26  1.4129e-08  3.6736e-07
   13     26  2.5045e-19  6.5117e-18
   13     27  3.4304e-07  9.2620e-06
   14     28  1.0180e-06  2.8505e-05
   14     29  1.0346e-07  3.0003e-06
   14     30  8.1904e-08  2.4571e-06
   15     31  1.1336e-07  3.5142e-06
   16     32  1.1833e-07  3.7865e-06
   16     33  1.2319e-06  4.0651e-05
   16     34  9.4631e-07  3.2174e-05
   16     36  2.6627e-08  9.5859e-07
   17     35  3.4293e-08  1.2003e-06
   17     37  9.1603e-08  3.3893e-06
   18     36  6.1441e-20  2.2119e-18
   18     38  1.8976e-07  7.2108e-06
   18     40  3.9293e-07  1.5717e-05
   19     39  2.3998e-07  9.3593e-06
   19     41  1.1693e-07  4.7943e-06
   20     42  5.2126e-07  2.1893e-05
   20     43  2.0858e-07  8.9690e-06
   20     44  9.5864e-08  4.2180e-06
   20     46  1.1274e-07  5.1861e-06
   21     45  1.5148e-07  6.8165e-06
   22     47  1.6054e-07  7.5454e-06
   22     48  3.5361e-07  1.6973e-05
   22     49  2.9135e-07  1.4276e-05
   22     50  2.6915e-07  1.3457e-05
   23     51  4.9824e-08  2.5410e-06
   24     52  2.4976e-07  1.2987e-05
   24     53  1.9960e-07  1.0579e-05
   24     54  1.1232e-07  6.0655e-06
   25     55  1.3648e-07  7.5062e-06
   26     56  3.4828e-07  1.9504e-05
   26     57  4.6773e-07  2.6661e-05
   26     58  2.3438e-08  1.3594e-06
   27     59  2.5647e-08  1.5132e-06
   28     60  5.3315e-08  3.1989e-06
   28     61  8.7040e-08  5.3095e-06
   28     62  1.0598e-07  6.5709e-06
   28     64  3.2025e-07  2.0496e-05
   29     63  4.8734e-07  3.0702e-05
   29     65  2.3300e-07  1.5145e-05
   30     66  6.4485e-07  4.2560e-05
   30     67  2.1768e-07  1.4584e-05
   30     68  2.8212e-07  1.9184e-05
   30     70  5.6267e-07  3.9387e-05
   31     69  2.4588e-07  1.6966e-05
   31     71  7.2097e-08  5.1189e-06
   32     70  9.0363e-16  6.3254e-14
   32     72  1.5246e-07  1.0977e-05
   32     73  1.3931e-07  1.0170e-05
   32     74  9.8279e-07  7.2727e-05
   32     76  4.5320e-06  3.4443e-04
   33     75  4.3282e-06  3.2461e-04
   34     76  9.3953e-14  7.1405e-12
   34     77  3.6972e-06  2.8469e-04
   34     78  3.6330e-06  2.8337e-04
   34     80  1.3313e-05  1.0650e-03
   34     82  1.1058e-06  9.0674e-05
   35     79  4.7932e-06  3.7867e-04
   35     81  5.2469e-06  4.2500e-04
   36     82  1.2645e-13  1.0369e-11
   36     83  2.1952e-06  1.8220e-04
   36     84  1.1093e-06  9.3184e-05
   36     86  2.6923e-06  2.3153e-04
   37     85  1.0399e-06  8.8390e-05
   37     87  2.2614e-06  1.9674e-04
   38     87  1.6558e-08  1.4406e-06
   38     88  1.0611e-06  9.3381e-05
   39     89  2.9936e-07  2.6643e-05
   40     90  5.2136e-07  4.6923e-05
   40     91  2.0524e-07  1.8677e-05
   40     92  1.2500e-06  1.1500e-04
   40     94  1.9973e-06  1.8774e-04
   41     93  7.6175e-07  7.0843e-05
   42     95  1.0215e-06  9.7040e-05
   42     96  8.2715e-07  7.9406e-05
   42     97  4.2700e-07  4.1419e-05
   42     98  2.1321e-07  2.0895e-05
   42    100  3.1940e-07  3.1940e-05
   44     99  2.3074e-07  2.2844e-05
   44    100  1.6207e-14  1.6207e-12
   44    101  5.4796e-07  5.5344e-05
   44    102  4.7093e-07  4.8035e-05
   44    104  6.0496e-07  6.2916e-05
   45    103  4.9321e-07  5.0801e-05
   46    104  3.9167e-19  4.0734e-17
   46    105  5.9755e-07  6.2743e-05
   46    106  1.2068e-06  1.2792e-04
   46    108  1.8657e-06  2.0150e-04
   46    110  1.2258e-06  1.3484e-04
   47    107  1.1508e-06  1.2314e-04
   47    109  1.3173e-06  1.4358e-04
   48    110  1.0261e-14  1.1287e-12
   48    111  2.3925e-07  2.6556e-05
   48    112  4.0260e-07  4.5092e-05
   48    113  1.3391e-07  1.5132e-05
   48    114  7.9882e-08  9.1065e-06
   48    116  2.6706e-08  3.0979e-06
   49    113  5.8935e-15  6.6597e-13
   49    115  4.2918e-08  4.9356e-06
   50    115  3.4243e-14  3.9379e-12
   50    116  1.5658e-15  1.8163e-13
   50    117  6.5595e-08  7.6746e-06
   50    118  1.1454e-07  1.3516e-05
   50    119  1.2204e-07  1.4522e-05
   50    120  6.9812e-07  8.3775e-05
   50    122  2.5283e-06  3.0845e-04
   50    124  1.5151e-05  1.8788e-03
   51    121  9.6477e-07  1.1674e-04
   51    123  3.6342e-06  4.4701e-04
   52    122  4.7722e-15  5.8221e-13
   52    124  1.7974e-16  2.2287e-14
   52    125  2.2174e-05  2.7718e-03
   52    126  5.8340e-05  7.3509e-03
   52    128  9.3239e-05  1.1935e-02
   52    130  8.5400e-05  1.1102e-02
   53    127  5.6950e-05  7.2326e-03
   53    129  3.0035e-13  3.8745e-11
   54    128  5.4044e-16  6.9177e-14
   54    129  1.5811e-04  2.0397e-02
   54    130  8.3413e-14  1.0844e-11
   54    131  2.8774e-05  3.7694e-03
   54    132  1.9630e-05  2.5911e-03
   54    134  3.0189e-05  4.0453e-03
   54    136  1.6635e-05  2.2623e-03
   55    133  3.0306e-05  4.0307e-03
   56    134  7.6632e-18  1.0269e-15
   56    135  1.6296e-05  2.2000e-03
   56    136  5.0978e-15  6.9331e-13
   56    137  1.9622e-05  2.6882e-03
   56    138  1.9611e-05  2.7064e-03
   57    139  6.3827e-06  8.8719e-04
   58    140  9.9051e-06  1.3867e-03
   58    142  1.1811e-05  1.6771e-03
   59    141  3.1647e-05  4.4623e-03
   60    142  1.4099e-17  2.0020e-15
   60    143  1.9810e-06  2.8329e-04
   60    144  1.2201e-06  1.7569e-04
   60    145  9.7402e-07  1.4123e-04
   60    146  2.3820e-06  3.4777e-04
   60    148  5.5591e-06  8.2275e-04
   60    150  6.2765e-06  9.4147e-04
   62    147  3.1762e-06  4.6691e-04
   62    148  2.0237e-13  2.9951e-11
   62    149  4.2366e-06  6.3126e-04
   62    150  1.5708e-12  2.3563e-10
   62    152  7.9557e-06  1.2093e-03
   62    154  9.9091e-06  1.5260e-03
   63    151  6.4910e-06  9.8013e-04
   63    153  5.5792e-06  8.5362e-04
   64    154  2.5473e-14  3.9229e-12
   64    155  5.4541e-06  8.4538e-04
   64    156  1.3354e-05  2.0832e-03
   64    157  8.8219e-06  1.3850e-03
   64    158  1.5813e-05  2.4985e-03
   64    160  1.3518e-05  2.1628e-03
   65    159  8.7979e-06  1.3989e-03
   66    160  7.9399e-15  1.2704e-12
   66    161  6.8059e-06  1.0958e-03
   66    162  1.7805e-05  2.8845e-03
   66    163  1.0629e-05  1.7325e-03
   66    164  2.4327e-05  3.9897e-03
   67    165  1.1838e-05  1.9533e-03
   68    166  2.1680e-05  3.5988e-03
   68    167  9.0091e-06  1.5045e-03
   68    168  1.6384e-05  2.7525e-03
   68    170  1.0102e-05  1.7173e-03
   69    169  1.2435e-05  2.1015e-03
   70    170  2.1763e-15  3.6996e-13
   70    171  7.8071e-06  1.3350e-03
   70    172  6.0244e-06  1.0362e-03
   70    173  5.9178e-06  1.0238e-03
   70    174  7.4305e-06  1.2929e-03
   70    176  5.5164e-06  9.7089e-04
   71    175  5.6024e-06  9.8041e-04
   71    176  2.0067e-16  3.5319e-14
   72    176  1.8788e-18  3.3068e-16
   72    177  6.7509e-06  1.1949e-03
   72    178  6.2228e-06  1.1077e-03
   72    179  4.6961e-06  8.4061e-04
   72    180  3.6526e-06  6.5747e-04
   73    181  3.3474e-06  6.0588e-04
   74    182  4.2593e-06  7.7519e-04
   74    183  2.7151e-06  4.9687e-04
   74    184  5.6592e-06  1.0413e-03
   74    186  1.3339e-05  2.4811e-03
   75    185  4.4294e-06  8.1943e-04
   75    187  9.8277e-06  1.8378e-03
   76    186  2.2729e-18  4.2275e-16
   76    187  7.9872e-08  1.4936e-05
   76    188  2.3475e-05  4.4133e-03
   76    189  3.4474e-05  6.5157e-03
   76    190  6.4190e-05  1.2196e-02
   76    192  9.0138e-05  1.7307e-02
   77    191  6.3228e-05  1.2076e-02
   77    193  1.1126e-04  2.1473e-02
   78    192  1.0836e-15  2.0805e-13
   78    194  9.3520e-05  1.8143e-02
   78    195  6.2055e-05  1.2101e-02
   78    196  2.1114e-05  4.1384e-03
   78    198  1.6139e-06  3.1954e-04
   79    197  6.4187e-06  1.2645e-03
   80    198  6.5058e-17  1.2882e-14
   80    199  6.2254e-07  1.2389e-04
   80    200  5.1704e-07  1.0341e-04
   80    201  5.1638e-07  1.0379e-04
   80    202  9.8392e-07  1.9875e-04
   80    204  1.1852e-06  2.4179e-04
   80    206  1.4464e-15  2.9797e-13
   81    203  1.0998e-06  2.2326e-04
   81    205  1.1600e-06  2.3780e-04
   81    207  1.3401e-20  2.7739e-18
   82    204  1.5697e-20  3.2022e-18
   82    206  1.0840e-05  2.2331e-03
   82    207  9.7685e-06  2.0221e-03
   82    208  9.7598e-06  2.0300e-03
   82    210  1.4279e-13  2.9985e-11
   82    211  4.7484e-19  1.0019e-16
   82    212  7.1751e-19  1.5211e-16
   82    214  6.6594e-20  1.4251e-17
   83    209  9.5170e-06  1.9891e-03
   83    210  2.9952e-18  6.2899e-16
   83    212  2.1441e-20  4.5454e-18
   84    210  8.2698e-17  1.7367e-14
   86    222  2.2828e-18  5.0678e-16
   88    223  4.6421e-17  1.0352e-14
   88    224  1.8542e-18  4.1533e-16
   88    226  3.4931e-13  7.8943e-11
   88    228  5.9623e-12  1.3594e-09
   89    227  3.2282e-14  7.3280e-12
   89    228  1.3050e-19  2.9754e-17
   90    227  7.4609e-17  1.6936e-14
   90    228  3.5607e-16  8.1184e-14
   90    230  1.6463e-11  3.7864e-09
   90    231  4.3181e-18  9.9748e-16
   90    232  2.6099e-06  6.0549e-04
   90    234  5.5665e-18  1.3026e-15
   91    231  4.8397e-11  1.1180e-08
   91    234  1.6670e-19  3.9007e-17
   92    234  5.3607e-11  1.2544e-08
   92    235  1.0431e-06  2.4513e-04
   92    236  3.7943e-09  8.9546e-07
   92    238  9.7522e-07  2.3210e-04
   92    240  1.9041e-19  4.5699e-17
   93    240  1.3443e-20  3.2264e-18
   94    239  1.2423e-18  2.9690e-16
   94    240  7.5103e-13  1.8025e-10
   94    244  9.1417e-09  2.2306e-06
   95    243  3.7976e-19  9.2282e-17
   96    244  2.4811e-18  6.0540e-16
   96    247  8.0152e-16  1.9798e-13
   97    246  1.4547e-10  3.5785e-08
  100    258  1.2258e-07  3.1625e-05
  100    260  7.3887e-08  1.9211e-05
  100    262  4.4916e-08  1.1768e-05
  102    261  4.5039e-08  1.1755e-05
  102    263  3.6853e-08  9.6923e-06
  102    264  3.0251e-08  7.9862e-06
  102    266  1.8569e-08  4.9392e-06
  103    265  1.6463e-08  4.3628e-06
  104    267  8.2736e-09  2.2091e-06
  104    268  6.1741e-09  1.6547e-06
  104    270  3.4254e-09  9.2485e-07
  104    272  1.4439e-09  3.9275e-07
  104    274  7.6817e-10  2.1048e-07
  105    269  7.6823e-09  2.0665e-06
  105    271  1.9398e-09  5.2570e-07
  106    273  9.4372e-10  2.5764e-07
  106    275  2.9323e-10  8.0637e-08
  106    276  2.2484e-10  6.2057e-08
  106    278  5.4445e-11  1.5136e-08
  106    280  4.8012e-12  1.3443e-09
  107    277  6.3647e-11  1.7630e-08
  108    279  1.4481e-11  4.0401e-09
  108    281  1.6195e-12  4.5507e-10
  108    282  1.4482e-12  4.0839e-10
  108    283  7.3529e-13  2.0809e-10
  108    284  1.0690e-12  3.0359e-10
  108    286  1.0311e-12  2.9489e-10
  110    285  1.0508e-12  2.9948e-10
  110    287  1.1129e-12  3.1940e-10
  110    288  7.9236e-13  2.2820e-10
  110    290  2.5319e-13  7.3425e-11
  111    289  3.5200e-13  1.0173e-10
  111    291  1.1099e-13  3.2298e-11
  111    292  7.9505e-13  2.3215e-10
  111    293  4.2180e-13  1.2359e-10
  111    294  5.7346e-13  1.6860e-10
  111    295  1.7381e-13  5.1274e-11
  111    296  2.9413e-13  8.7063e-11
  111    297  1.0591e-13  3.1456e-11
  111    298  1.3818e-14  4.1176e-12
  111    299  1.0801e-14  3.2294e-12
  111    300  3.3644e-15  1.0093e-12
  111    301  5.9735e-14  1.7980e-11
  111    302  1.1691e-13  3.5306e-11
  111    303  8.0976e-14  2.4536e-11
  111    304  4.9230e-14  1.4966e-11
  111    305  8.1817e-15  2.4954e-12
  111    306  1.5020e-14  4.5960e-12
  111    307  5.0121e-15  1.5387e-12
  111    308  1.1471e-14  3.5330e-12
  111    309  1.9153e-15  5.9182e-13
  111    310  1.4237e-15  4.4134e-13
  111    311  5.2567e-16  1.6348e-13
  111    312  1.3799e-15  4.3053e-13
  111    313  1.7889e-16  5.5992e-14
  111    314  1.6738e-15  5.2558e-13
  111    315  4.2017e-16  1.3235e-13
  111    316  4.9939e-16  1.5781e-13
  111    317  1.0535e-15  3.3396e-13
  111    318  1.7290e-16  5.4981e-14
  111    319  4.2712e-17  1.3625e-14
  111    320  6.9924e-17  2.2376e-14
  111    321  9.6701e-18  3.1041e-15
  111    322  6.1654e-18  1.9853e-15
  111    323  2.4107e-18  7.7866e-16
  111    324  2.1097e-18  6.8354e-16
  111    325  2.1344e-19  6.9370e-17
  111    326  6.4129e-19  2.0906e-16
  111    327  4.9365e-20  1.6142e-17
  111    329  3.0438e-20  1.0014e-17
    1      1  6.6673e-10  6.6673e-10
    2      4  1.7889e-01  7.1555e-01


