    1      2  1.3342e-03  2.6684e-03
    1      3  4.8246e-20  1.4474e-19
    2      3  2.4649e-05  7.3946e-05
    3      7  5.4842e-11  3.8389e-10
    4      8  3.2851e-07  2.6280e-06
    4      9  4.6491e-11  4.1842e-10
    5     10  1.0371e-09  1.0371e-08
    5     11  2.6249e-09  2.8874e-08
    6     12  2.2336e-09  2.6803e-08
    6     13  5.1240e-09  6.6612e-08
    7     14  1.2706e-06  1.7788e-05
    7     15  1.0627e-06  1.5940e-05
    8     16  2.7367e-06  4.3787e-05
    8     17  2.4171e-08  4.1091e-07
    8     18  8.7815e-07  1.5807e-05
    9     19  7.2832e-08  1.3838e-06
   10     20  1.7827e-06  3.5655e-05
   10     21  5.7595e-08  1.2095e-06
   10     22  2.3993e-06  5.2785e-05
   11     23  1.0490e-06  2.4128e-05
   12     24  4.4432e-06  1.0664e-04
   12     25  1.3411e-06  3.3527e-05
   12     26  2.1012e-06  5.4631e-05
   13     27  2.0115e-08  5.4311e-07
   14     28  6.9659e-07  1.9505e-05
   14     29  6.6323e-08  1.9234e-06
   14     30  1.2528e-08  3.7585e-07
   15     31  2.1307e-08  6.6052e-07
   16     32  3.1193e-07  9.9818e-06
   16     33  2.8440e-08  9.3851e-07
   16     34  2.7900e-07  9.4859e-06
   16     36  1.0431e-06  3.7553e-05
   17     35  2.2254e-08  7.7888e-07
   17     37  6.0629e-08  2.2433e-06
   18     36  1.1122e-13  4.0039e-12
   18     38  3.2475e-07  1.2341e-05
   18     40  1.6811e-09  6.7245e-08
   19     39  9.3178e-09  3.6339e-07
   19     40  2.0469e-18  8.1874e-17
   19     41  1.4438e-10  5.9198e-09
   20     40  5.8801e-19  2.3520e-17
   20     42  1.3437e-09  5.6436e-08
   20     43  2.0150e-10  8.6645e-09
   20     44  2.6079e-09  1.1475e-07
   20     46  1.5508e-09  7.1335e-08
   21     45  5.2149e-10  2.3467e-08
   22     46  7.1263e-17  3.2781e-15
   22     47  4.0210e-10  1.8899e-08
   22     48  2.9439e-08  1.4131e-06
   22     49  7.9420e-10  3.8916e-08
   22     50  1.0241e-09  5.1205e-08
   23     51  1.8146e-10  9.2545e-09
   24     52  3.0422e-10  1.5819e-08
   24     53  1.6165e-10  8.5672e-09
   24     54  2.3982e-10  1.2950e-08
   25     55  5.9457e-11  3.2701e-09
   26     56  1.0454e-10  5.8544e-09
   26     57  1.1484e-10  6.5457e-09
   26     58  7.9944e-10  4.6368e-08
   27     59  8.1954e-12  4.8353e-10
   28     60  2.7990e-09  1.6794e-07
   28     61  7.7947e-12  4.7548e-10
   28     62  5.7400e-11  3.5588e-09
   28     64  1.7416e-09  1.1146e-07
   29     63  1.6490e-10  1.0389e-08
   29     65  8.7675e-12  5.6989e-10
   30     64  2.9986e-19  1.9191e-17
   30     66  8.7901e-11  5.8015e-09
   30     67  1.1359e-11  7.6103e-10
   30     68  1.1084e-10  7.5372e-09
   30     70  1.6586e-10  1.1610e-08
   31     69  1.1149e-11  7.6926e-10
   31     71  1.9502e-11  1.3847e-09
   32     70  9.7909e-14  6.8537e-12
   32     72  1.0598e-10  7.6302e-09
   32     73  2.9396e-11  2.1459e-09
   32     74  2.6990e-10  1.9972e-08
   32     76  4.6694e-10  3.5487e-08
   33     75  8.4369e-11  6.3277e-09
   34     76  7.2803e-13  5.5331e-11
   34     77  1.3679e-11  1.0533e-09
   34     78  3.5604e-10  2.7771e-08
   34     80  1.2167e-09  9.7338e-08
   34     82  1.2080e-09  9.9055e-08
   35     79  1.1576e-10  9.1448e-09
   35     81  1.2889e-10  1.0440e-08
   36     82  4.1559e-12  3.4079e-10
   36     83  3.4248e-11  2.8426e-09
   36     84  1.6332e-10  1.3719e-08
   36     86  7.5757e-10  6.5151e-08
   37     85  1.8899e-10  1.6064e-08
   37     87  2.5479e-10  2.2167e-08
   38     86  1.3756e-17  1.1830e-15
   38     87  1.8653e-12  1.6228e-10
   38     88  2.6200e-10  2.3056e-08
   39     89  2.5513e-10  2.2707e-08
   40     90  2.0737e-10  1.8664e-08
   40     91  6.2295e-11  5.6688e-09
   40     92  1.3671e-10  1.2578e-08
   40     94  1.9822e-10  1.8633e-08
   41     93  1.6842e-10  1.5663e-08
   42     95  6.9982e-11  6.6483e-09
   42     96  5.2256e-10  5.0166e-08
   42     97  7.9815e-11  7.7421e-09
   42     98  1.7226e-10  1.6882e-08
   42    100  1.4744e-10  1.4744e-08
   44     99  4.9467e-11  4.8972e-09
   44    100  1.5197e-11  1.5197e-09
   44    101  2.2173e-11  2.2395e-09
   44    102  5.8415e-11  5.9583e-09
   44    104  5.0611e-11  5.2635e-09
   45    103  2.3613e-11  2.4321e-09
   46    104  3.3411e-16  3.4748e-14
   46    105  2.7178e-11  2.8537e-09
   46    106  5.1635e-11  5.4733e-09
   46    108  7.0621e-11  7.6271e-09
   46    110  1.0587e-10  1.1646e-08
   47    107  2.0533e-11  2.1970e-09
   47    109  1.8311e-11  1.9959e-09
   48    110  1.0899e-13  1.1989e-11
   48    111  1.7261e-11  1.9160e-09
   48    112  3.9303e-11  4.4019e-09
   48    113  2.8879e-11  3.2633e-09
   48    114  9.7397e-11  1.1103e-08
   48    116  7.7813e-11  9.0264e-09
   49    113  1.2710e-18  1.4362e-16
   49    115  6.0728e-11  6.9837e-09
   50    115  4.8452e-17  5.5720e-15
   50    116  1.5260e-12  1.7701e-10
   50    117  1.1024e-11  1.2898e-09
   50    118  7.3154e-11  8.6322e-09
   50    119  2.8429e-11  3.3831e-09
   50    120  1.4993e-10  1.7992e-08
   50    122  2.6843e-10  3.2749e-08
   50    124  2.5711e-10  3.1882e-08
   51    121  4.1395e-11  5.0088e-09
   51    123  9.0975e-12  1.1190e-09
   52    122  6.5639e-14  8.0080e-12
   52    124  8.6327e-15  1.0705e-12
   52    125  8.0500e-11  1.0062e-08
   52    126  5.3040e-10  6.6831e-08
   52    128  3.7860e-10  4.8461e-08
   52    130  6.0810e-10  7.9053e-08
   53    127  2.6197e-11  3.3270e-09
   53    129  5.9563e-17  7.6836e-15
   54    128  3.5235e-15  4.5101e-13
   54    129  1.4334e-10  1.8491e-08
   54    130  4.9583e-13  6.4458e-11
   54    131  1.6163e-09  2.1174e-07
   54    132  6.5787e-09  8.6839e-07
   54    134  1.8363e-08  2.4606e-06
   54    136  4.9918e-09  6.7888e-07
   55    133  6.9882e-09  9.2943e-07
   56    134  1.5672e-13  2.1000e-11
   56    135  8.0206e-09  1.0828e-06
   56    136  9.4108e-12  1.2799e-09
   56    137  1.6066e-10  2.2011e-08
   56    138  3.5962e-10  4.9627e-08
   57    139  3.3231e-10  4.6190e-08
   58    140  8.0424e-10  1.1259e-07
   58    142  3.1138e-11  4.4215e-09
   59    141  5.8346e-11  8.2268e-09
   60    142  2.4802e-16  3.5219e-14
   60    143  4.6500e-11  6.6494e-09
   60    144  1.2601e-10  1.8145e-08
   60    145  1.1957e-11  1.7337e-09
   60    146  2.9112e-11  4.2503e-09
   60    148  5.2907e-11  7.8303e-09
   60    150  6.5268e-11  9.7901e-09
   62    147  3.6616e-11  5.3826e-09
   62    148  1.8159e-12  2.6875e-10
   62    149  3.3092e-12  4.9307e-10
   62    150  3.2885e-13  4.9328e-11
   62    152  1.5270e-11  2.3210e-09
   62    154  1.4158e-11  2.1803e-09
   63    151  3.8855e-12  5.8671e-10
   63    153  7.9278e-12  1.2130e-09
   64    154  6.8943e-15  1.0617e-12
   64    155  1.9496e-12  3.0219e-10
   64    156  6.3798e-12  9.9525e-10
   64    157  1.6019e-12  2.5150e-10
   64    158  2.8336e-12  4.4771e-10
   64    160  7.6575e-12  1.2252e-09
   65    159  6.2458e-13  9.9308e-11
   66    160  1.5965e-16  2.5544e-14
   66    161  4.7173e-13  7.5949e-11
   66    162  1.3983e-12  2.2652e-10
   66    163  5.6131e-13  9.1493e-11
   66    164  1.2639e-12  2.0727e-10
   67    165  1.2319e-12  2.0327e-10
   68    166  2.0835e-12  3.4586e-10
   68    167  1.3669e-12  2.2827e-10
   68    168  1.3428e-12  2.2558e-10
   68    170  1.9190e-12  3.2623e-10
   69    169  3.9421e-12  6.6621e-10
   70    170  5.3142e-16  9.0342e-14
   70    171  1.3207e-12  2.2583e-10
   70    172  6.1652e-13  1.0604e-10
   70    173  4.2852e-13  7.4133e-11
   70    174  3.3899e-12  5.8984e-10
   70    176  1.9380e-12  3.4109e-10
   71    175  8.9208e-13  1.5611e-10
   71    176  1.1998e-16  2.1117e-14
   72    176  1.1231e-18  1.9766e-16
   72    177  1.0299e-12  1.8228e-10
   72    178  9.2548e-13  1.6474e-10
   72    179  8.6456e-13  1.5476e-10
   72    180  1.4685e-12  2.6433e-10
   73    181  8.6921e-12  1.5733e-09
   74    182  4.2901e-12  7.8081e-10
   74    183  6.7088e-13  1.2277e-10
   74    184  3.2742e-13  6.0245e-11
   74    186  3.2355e-13  6.0181e-11
   75    185  2.0948e-13  3.8754e-11
   75    187  7.1078e-13  1.3292e-10
   76    186  5.0103e-19  9.3192e-17
   76    187  5.7754e-15  1.0800e-12
   76    188  3.1346e-13  5.8930e-11
   76    189  1.4492e-12  2.7390e-10
   76    190  1.1653e-12  2.2141e-10
   76    192  1.2536e-11  2.4070e-09
   77    191  2.4995e-12  4.7741e-10
   77    193  1.0829e-12  2.0899e-10
   78    192  7.7136e-17  1.4810e-14
   78    194  3.5564e-12  6.8994e-10
   78    195  2.3994e-12  4.6789e-10
   78    196  2.5611e-12  5.0198e-10
   78    198  1.0839e-11  2.1462e-09
   79    197  4.5078e-12  8.8804e-10
   80    198  1.1040e-15  2.1860e-13
   80    199  7.9166e-13  1.5754e-10
   80    200  2.0878e-12  4.1756e-10
   80    201  1.4951e-12  3.0052e-10
   80    202  2.7510e-12  5.5569e-10
   80    204  1.0174e-11  2.0755e-09
   81    203  3.4420e-12  6.9873e-10
   81    205  9.4232e-12  1.9318e-09
   82    204  1.8425e-18  3.7587e-16
   82    206  3.2452e-11  6.6850e-09
   82    207  1.1703e-10  2.4225e-08
   82    208  4.1838e-11  8.7024e-09
   82    210  5.9459e-19  1.2486e-16
   83    209  1.2698e-10  2.6539e-08
   83    210  3.3505e-14  7.0361e-12
   84    216  3.9229e-14  8.4735e-12
   86    219  3.9252e-13  8.5961e-11
   88    226  6.9494e-19  1.5706e-16
   88    228  1.6386e-17  3.7360e-15
   89    227  2.3184e-19  5.2627e-17
   90    230  3.2752e-17  7.5330e-15
   90    232  7.1728e-12  1.6641e-09
   91    231  3.4758e-16  8.0290e-14
   92    234  1.0665e-16  2.4956e-14
   92    235  7.4912e-12  1.7604e-09
   92    236  3.6967e-14  8.7241e-12
   92    238  1.9402e-12  4.6176e-10
   94    240  7.3154e-18  1.7557e-15
   94    244  8.9046e-14  2.1727e-11
   96    247  3.7371e-18  9.2308e-16
   97    246  4.3032e-16  1.0586e-13
  100    258  1.5488e-11  3.9958e-09
  100    260  7.5715e-11  1.9686e-08
  100    262  3.7720e-10  9.8827e-08
  102    260  4.4314e-20  1.1522e-17
  102    261  2.5882e-10  6.7551e-08
  102    263  4.3112e-10  1.1339e-07
  102    264  2.4574e-10  6.4876e-08
  102    266  7.2358e-11  1.9247e-08
  103    265  2.1531e-10  5.7058e-08
  104    267  7.8981e-12  2.1088e-09
  104    268  2.8912e-12  7.7484e-10
  104    270  1.0979e-11  2.9643e-09
  104    272  4.2084e-12  1.1447e-09
  104    274  3.8738e-12  1.0614e-09
  105    269  8.8635e-12  2.3843e-09
  105    271  6.6767e-12  1.8094e-09
  106    273  5.3173e-12  1.4516e-09
  106    275  1.5501e-11  4.2628e-09
  106    276  3.9212e-11  1.0822e-08
  106    278  1.2161e-11  3.3808e-09
  106    280  7.6581e-11  2.1443e-08
  107    277  1.5060e-11  4.1717e-09
  108    279  5.8962e-11  1.6451e-08
  108    281  4.9776e-11  1.3987e-08
  108    282  2.7136e-10  7.6525e-08
  108    283  1.6104e-10  4.5575e-08
  108    284  5.8009e-12  1.6474e-09
  108    286  1.8187e-13  5.2015e-11
  110    285  1.6291e-10  4.6428e-08
  110    286  1.5867e-15  4.5378e-13
  110    287  3.6727e-13  1.0541e-10
  110    288  9.4203e-14  2.7131e-11
  110    290  2.3344e-12  6.7697e-10
  111    289  1.0148e-13  2.9328e-11
  111    290  2.5057e-19  7.2666e-17
  111    291  5.0457e-12  1.4683e-09
  111    292  3.6729e-11  1.0725e-08
  111    293  3.5846e-11  1.0503e-08
  111    294  8.5567e-10  2.5157e-07
  111    295  4.8331e-10  1.4258e-07
  111    296  2.4490e-08  7.2492e-06
  111    297  2.8764e-08  8.5430e-06
  111    298  2.0912e-07  6.2319e-05
  111    299  7.6585e-10  2.2899e-07
  111    300  1.6118e-10  4.8355e-08
  111    301  1.7706e-08  5.3294e-06
  111    302  1.0471e-08  3.1621e-06
  111    303  1.2368e-09  3.7474e-07
  111    304  1.7546e-09  5.3338e-07
  111    305  3.7978e-10  1.1583e-07
  111    306  4.9888e-10  1.5266e-07
  111    307  2.8318e-11  8.6936e-09
  111    308  2.4287e-11  7.4804e-09
  111    309  2.7581e-12  8.5226e-10
  111    310  1.3162e-11  4.0801e-09
  111    311  1.5518e-12  4.8260e-10
  111    312  3.2393e-12  1.0106e-09
  111    313  3.5431e-13  1.1090e-10
  111    314  2.6127e-12  8.2038e-10
  111    315  2.0322e-09  6.4015e-07
  111    316  1.0572e-09  3.3408e-07
  111    317  2.3407e-10  7.4199e-08
  111    318  3.7485e-07  1.1920e-04
  111    319  1.3172e-07  4.2020e-05
  111    320  2.0990e-07  6.7169e-05
  111    321  3.2022e-07  1.0279e-04
  111    322  3.3390e-07  1.0752e-04
  111    323  2.6503e-07  8.5605e-05
  111    324  3.2181e-07  1.0427e-04
  111    325  3.1869e-07  1.0357e-04
  111    326  4.2974e-07  1.4010e-04
  111    327  2.9939e-07  9.7900e-05
  111    328  3.3107e-07  1.0859e-04
  111    329  2.9100e-07  9.5739e-05
  111    330  2.2956e-07  7.5755e-05
  111    331  2.8395e-07  9.3988e-05
  111    332  3.0015e-07  9.9648e-05
  111    333  2.8931e-07  9.6340e-05
  111    334  9.2548e-08  3.0911e-05
  111    335  4.8399e-07  1.6214e-04
  111    336  2.5468e-06  8.5571e-04
  111    337  4.5709e-04  1.5404e-01
    1      1  2.8225e-02  2.8225e-02
    2      4  2.0295e-01  8.1180e-01


