    1      2  9.8849e-09  1.9770e-08
    2      3  8.0920e-10  2.4276e-09
    3      6  2.5483e-11  1.5290e-10
    3      7  2.1200e-09  1.4840e-08
    4      8  3.0572e-08  2.4458e-07
    4      9  1.3111e-08  1.1800e-07
    5     10  2.5574e-07  2.5574e-06
    5     11  2.9818e-09  3.2799e-08
    6     12  1.1451e-08  1.3741e-07
    6     13  1.8227e-07  2.3695e-06
    7     14  8.6490e-08  1.2109e-06
    7     15  1.7056e-05  2.5583e-04
    8     16  4.2566e-07  6.8105e-06
    8     17  1.4348e-08  2.4392e-07
    8     18  8.4123e-08  1.5142e-06
    9     19  1.3997e-06  2.6594e-05
   10     20  2.0153e-06  4.0306e-05
   10     21  8.3777e-07  1.7593e-05
   10     22  7.3587e-09  1.6189e-07
   11     23  1.1276e-06  2.5935e-05
   12     24  3.9148e-07  9.3955e-06
   12     25  5.0813e-07  1.2703e-05
   12     26  6.7089e-08  1.7443e-06
   13     26  7.3028e-20  1.8987e-18
   13     27  1.0109e-07  2.7294e-06
   14     28  1.7796e-07  4.9830e-06
   14     29  4.9017e-08  1.4215e-06
   14     30  4.1442e-08  1.2433e-06
   15     31  3.0376e-08  9.4166e-07
   16     32  6.1356e-08  1.9634e-06
   16     33  2.9968e-07  9.8893e-06
   16     34  2.3193e-07  7.8856e-06
   16     36  9.9491e-09  3.5817e-07
   17     35  9.8650e-09  3.4528e-07
   17     37  4.8460e-09  1.7930e-07
   18     36  1.5028e-18  5.4100e-17
   18     38  2.1422e-08  8.1402e-07
   18     40  6.6731e-09  2.6692e-07
   19     39  1.8046e-08  7.0379e-07
   19     41  2.9524e-08  1.2105e-06
   20     42  1.0905e-07  4.5803e-06
   20     43  2.1123e-08  9.0831e-07
   20     44  2.8888e-08  1.2711e-06
   20     46  5.4335e-09  2.4994e-07
   21     45  2.8803e-08  1.2961e-06
   22     46  1.9224e-19  8.8431e-18
   22     47  8.8142e-09  4.1427e-07
   22     48  1.5669e-08  7.5213e-07
   22     49  1.2516e-08  6.1326e-07
   22     50  1.1472e-08  5.7360e-07
   23     51  6.5267e-09  3.3286e-07
   24     52  1.4773e-08  7.6819e-07
   24     53  1.6715e-08  8.8592e-07
   24     54  4.8540e-09  2.6212e-07
   25     55  1.3335e-09  7.3344e-08
   26     56  1.5656e-08  8.7676e-07
   26     57  3.9910e-08  2.2749e-06
   26     58  8.9100e-10  5.1678e-08
   27     59  7.3959e-10  4.3636e-08
   28     60  2.0277e-09  1.2166e-07
   28     61  2.4589e-09  1.4999e-07
   28     62  2.2608e-09  1.4017e-07
   28     64  1.1335e-08  7.2545e-07
   29     63  6.0444e-08  3.8080e-06
   29     65  1.9416e-08  1.2621e-06
   30     64  6.5791e-20  4.2106e-18
   30     66  4.6640e-08  3.0782e-06
   30     67  1.1242e-07  7.5323e-06
   30     68  2.0200e-08  1.3736e-06
   30     70  5.4648e-08  3.8253e-06
   31     69  1.0402e-08  7.1775e-07
   31     71  1.4650e-08  1.0401e-06
   32     70  6.3582e-15  4.4507e-13
   32     72  4.2198e-08  3.0382e-06
   32     73  3.1342e-08  2.2880e-06
   32     74  1.1669e-07  8.6351e-06
   32     76  3.1224e-07  2.3730e-05
   33     75  4.3422e-07  3.2566e-05
   34     76  1.3261e-12  1.0078e-10
   34     77  6.1960e-07  4.7710e-05
   34     78  6.1228e-07  4.7758e-05
   34     80  3.0982e-06  2.4786e-04
   34     82  3.9259e-07  3.2192e-05
   35     79  5.4087e-07  4.2728e-05
   35     81  8.7296e-07  7.0710e-05
   36     82  3.3333e-12  2.7333e-10
   36     83  4.4775e-07  3.7163e-05
   36     84  1.5142e-07  1.2719e-05
   36     86  3.8689e-07  3.3272e-05
   37     85  1.9093e-07  1.6229e-05
   37     87  4.0666e-07  3.5379e-05
   38     86  2.5197e-19  2.1669e-17
   38     87  2.9776e-09  2.5906e-07
   38     88  1.7338e-07  1.5258e-05
   39     89  1.1488e-07  1.0224e-05
   40     90  1.1122e-07  1.0010e-05
   40     91  7.0594e-08  6.4241e-06
   40     92  7.5483e-08  6.9445e-06
   40     94  2.9055e-07  2.7312e-05
   41     93  8.9601e-08  8.3329e-06
   42     95  1.5479e-07  1.4705e-05
   42     96  7.2147e-08  6.9261e-06
   42     97  1.4626e-07  1.4187e-05
   42     98  2.3479e-08  2.3009e-06
   42    100  3.8492e-08  3.8492e-06
   44     99  2.8510e-08  2.8225e-06
   44    100  3.4722e-13  3.4722e-11
   44    101  3.6933e-08  3.7302e-06
   44    102  3.6813e-08  3.7549e-06
   44    104  2.1441e-08  2.2298e-06
   45    103  4.7739e-08  4.9171e-06
   46    104  1.1036e-17  1.1477e-15
   46    105  1.6264e-08  1.7078e-06
   46    106  6.3953e-08  6.7790e-06
   46    108  1.0686e-07  1.1541e-05
   46    110  2.5482e-07  2.8030e-05
   47    107  6.6148e-08  7.0778e-06
   47    109  1.5752e-07  1.7170e-05
   48    110  1.8075e-13  1.9883e-11
   48    111  4.2902e-08  4.7621e-06
   48    112  2.0130e-07  2.2545e-05
   48    113  1.3093e-07  1.4795e-05
   48    114  1.1105e-07  1.2660e-05
   48    116  9.8420e-09  1.1417e-06
   49    113  5.7625e-15  6.5116e-13
   49    115  1.2812e-07  1.4734e-05
   50    115  1.0222e-13  1.1755e-11
   50    116  6.2701e-13  7.2734e-11
   50    117  3.4506e-08  4.0372e-06
   50    118  1.6511e-08  1.9484e-06
   50    119  1.3711e-08  1.6316e-06
   50    120  7.8276e-08  9.3931e-06
   50    122  9.8657e-08  1.2036e-05
   50    124  8.3080e-07  1.0302e-04
   51    121  6.8085e-08  8.2383e-06
   51    123  1.1840e-07  1.4563e-05
   52    122  4.1709e-14  5.0885e-12
   52    124  6.5752e-16  8.1533e-14
   52    125  1.8425e-06  2.3031e-04
   52    126  5.2463e-06  6.6104e-04
   52    128  4.8963e-06  6.2672e-04
   52    130  3.9398e-06  5.1218e-04
   53    127  6.4812e-06  8.2311e-04
   53    129  2.0673e-14  2.6668e-12
   54    128  1.8078e-14  2.3140e-12
   54    129  5.8113e-06  7.4966e-04
   54    130  6.8229e-13  8.8698e-11
   54    131  2.1012e-06  2.7526e-04
   54    132  1.1084e-06  1.4631e-04
   54    134  6.4245e-07  8.6088e-05
   54    136  3.5517e-07  4.8303e-05
   55    133  7.7263e-07  1.0276e-04
   56    134  9.5433e-17  1.2788e-14
   56    135  2.1377e-07  2.8859e-05
   56    136  1.2313e-14  1.6745e-12
   56    137  3.0709e-07  4.2071e-05
   56    138  3.2067e-07  4.4253e-05
   57    139  1.3148e-07  1.8275e-05
   58    140  2.3496e-07  3.2895e-05
   58    142  1.6265e-07  2.3097e-05
   59    141  3.2587e-07  4.5947e-05
   60    142  3.6236e-17  5.1455e-15
   60    143  8.5958e-08  1.2292e-05
   60    144  6.6886e-08  9.6316e-06
   60    145  2.0510e-08  2.9740e-06
   60    146  4.5788e-08  6.6851e-06
   60    148  3.4632e-08  5.1255e-06
   60    150  2.1129e-08  3.1693e-06
   62    147  6.6905e-08  9.8351e-06
   62    148  7.3365e-13  1.0858e-10
   62    149  9.5551e-09  1.4237e-06
   62    150  4.6015e-13  6.9023e-11
   62    152  2.9259e-08  4.4473e-06
   62    154  2.2783e-08  3.5085e-06
   63    151  5.0333e-09  7.6003e-07
   63    153  2.4001e-08  3.6721e-06
   64    154  1.6658e-14  2.5653e-12
   64    155  1.2205e-07  1.8918e-05
   64    156  1.0059e-08  1.5692e-06
   64    157  3.2059e-08  5.0332e-06
   64    158  6.9610e-08  1.0998e-05
   64    160  8.6864e-09  1.3898e-06
   65    159  6.4527e-10  1.0260e-07
   66    160  2.2251e-16  3.5602e-14
   66    161  1.8056e-08  2.9071e-06
   66    162  1.0510e-08  1.7027e-06
   66    163  1.2302e-08  2.0052e-06
   66    164  1.7001e-08  2.7882e-06
   67    165  1.2866e-08  2.1228e-06
   68    166  4.2531e-08  7.0602e-06
   68    167  6.5768e-08  1.0983e-05
   68    168  4.6054e-08  7.7371e-06
   68    170  6.7882e-08  1.1540e-05
   69    169  2.9447e-07  4.9766e-05
   70    170  8.4483e-15  1.4362e-12
   70    171  1.3745e-07  2.3503e-05
   70    172  8.3377e-08  1.4341e-05
   70    173  5.7106e-08  9.8793e-06
   70    174  2.4027e-07  4.1808e-05
   70    176  1.5578e-07  2.7417e-05
   71    175  8.0111e-08  1.4019e-05
   71    176  5.4418e-16  9.5776e-14
   72    176  5.0949e-18  8.9670e-16
   72    177  6.0297e-07  1.0673e-04
   72    178  3.8917e-07  6.9272e-05
   72    179  2.0469e-07  3.6639e-05
   72    180  2.4478e-07  4.4060e-05
   73    181  3.3764e-07  6.1112e-05
   74    182  3.5639e-07  6.4863e-05
   74    183  2.6715e-07  4.8889e-05
   74    184  2.5555e-07  4.7022e-05
   74    186  1.1331e-07  2.1076e-05
   75    185  1.2906e-07  2.3877e-05
   75    187  1.2529e-07  2.3430e-05
   76    186  1.5763e-17  2.9319e-15
   76    187  1.0183e-09  1.9042e-07
   76    188  1.6962e-07  3.1889e-05
   76    189  8.0401e-08  1.5196e-05
   76    190  1.6476e-07  3.1304e-05
   76    192  1.3254e-07  2.5447e-05
   77    191  1.4938e-07  2.8532e-05
   77    193  9.0268e-08  1.7422e-05
   78    192  3.7148e-16  7.1324e-14
   78    194  7.5137e-07  1.4577e-04
   78    195  1.8032e-06  3.5163e-04
   78    196  6.8375e-06  1.3402e-03
   78    198  1.7180e-05  3.4016e-03
   79    197  1.1907e-05  2.3456e-03
   80    198  5.2229e-14  1.0341e-11
   80    199  7.6797e-06  1.5283e-03
   80    200  1.1105e-05  2.2210e-03
   80    201  2.3417e-06  4.7068e-04
   80    202  1.1356e-06  2.2939e-04
   80    204  4.6331e-08  9.4515e-06
   81    203  2.1728e-07  4.4108e-05
   81    205  2.3570e-08  4.8319e-06
   81    207  1.0482e-19  2.1699e-17
   82    204  1.2329e-18  2.5151e-16
   82    206  4.8411e-06  9.9726e-04
   82    207  6.9360e-06  1.4358e-03
   82    208  2.4648e-06  5.1268e-04
   82    210  1.0989e-12  2.3078e-10
   82    211  3.7144e-18  7.8374e-16
   82    212  2.6340e-18  5.5842e-16
   82    214  5.1253e-19  1.0968e-16
   83    209  1.1893e-05  2.4856e-03
   83    210  2.3052e-17  4.8409e-15
   83    211  4.7194e-20  9.9578e-18
   83    212  7.8710e-20  1.6686e-17
   83    214  6.3354e-20  1.3558e-17
   84    210  6.3648e-16  1.3366e-13
   86    222  1.7569e-17  3.9004e-15
   88    223  3.6312e-16  8.0977e-14
   88    224  6.8067e-18  1.5247e-15
   88    226  2.6884e-12  6.0758e-10
   88    228  2.1888e-11  4.9905e-09
   89    227  2.5252e-13  5.7322e-11
   89    228  4.7908e-19  1.0923e-16
   90    227  5.8362e-16  1.3248e-13
   90    228  1.3072e-15  2.9803e-13
   90    230  1.2670e-10  2.9142e-08
   90    231  3.3778e-17  7.8026e-15
   90    232  9.5811e-06  2.2228e-03
   90    234  4.2842e-17  1.0025e-14
   91    231  3.7858e-10  8.7453e-08
   91    234  1.2830e-18  3.0022e-16
   92    234  4.1258e-10  9.6544e-08
   92    235  8.1594e-06  1.9175e-03
   92    236  3.0798e-08  7.2684e-06
   92    238  7.5057e-06  1.7864e-03
   92    240  1.5457e-18  3.7097e-16
   93    240  1.0913e-19  2.6191e-17
   94    239  3.9611e-17  9.4670e-15
   94    240  6.0967e-12  1.4632e-09
   94    244  7.4211e-08  1.8107e-05
   95    243  1.2109e-17  2.9425e-15
   96    244  2.0141e-17  4.9145e-15
   96    247  2.5557e-14  6.3127e-12
   97    246  1.2612e-09  3.1026e-07
  100    258  2.6130e-06  6.7416e-04
  100    260  4.2430e-06  1.1032e-03
  100    262  4.5679e-06  1.1968e-03
  102    260  1.2938e-19  3.3639e-17
  102    261  4.3577e-06  1.1374e-03
  102    263  5.3973e-06  1.4195e-03
  102    264  6.7789e-06  1.7896e-03
  102    266  9.0310e-06  2.4022e-03
  103    265  6.4638e-06  1.7129e-03
  104    267  4.4609e-06  1.1911e-03
  104    268  5.0990e-06  1.3665e-03
  104    270  1.3674e-05  3.6920e-03
  104    272  2.3720e-05  6.4519e-03
  104    274  4.9366e-05  1.3526e-02
  105    269  1.3472e-05  3.6241e-03
  105    271  1.3449e-05  3.6448e-03
  106    273  2.8610e-05  7.8106e-03
  106    275  5.6060e-05  1.5416e-02
  106    276  7.1248e-05  1.9665e-02
  106    278  3.9331e-05  1.0934e-02
  106    280  1.1454e-05  3.2070e-03
  107    277  2.3828e-05  6.6005e-03
  108    279  2.3827e-05  6.6477e-03
  108    281  3.8440e-06  1.0802e-03
  108    282  3.4741e-06  9.7969e-04
  108    283  1.4174e-06  4.0112e-04
  108    284  1.7240e-06  4.8962e-04
  108    286  1.7118e-06  4.8959e-04
  110    285  1.5534e-06  4.4271e-04
  110    286  6.9640e-17  1.9917e-14
  110    287  3.1021e-06  8.9030e-04
  110    288  2.4527e-06  7.0638e-04
  110    290  2.1180e-06  6.1422e-04
  111    289  1.9725e-06  5.7005e-04
  111    290  6.2749e-17  1.8197e-14
  111    291  1.0236e-06  2.9785e-04
  111    292  7.7085e-06  2.2509e-03
  111    293  4.2239e-06  1.2376e-03
  111    294  6.9751e-06  2.0507e-03
  111    295  2.3883e-06  7.0455e-04
  111    296  5.3228e-06  1.5755e-03
  111    297  2.4691e-06  7.3331e-04
  111    298  3.7395e-07  1.1144e-04
  111    299  2.8837e-07  8.6223e-05
  111    300  9.4299e-08  2.8290e-05
  111    301  7.6243e-06  2.2949e-03
  111    302  8.3477e-06  2.5210e-03
  111    303  3.1871e-06  9.6569e-04
  111    304  7.7189e-06  2.3465e-03
  111    305  7.5718e-06  2.3094e-03
  111    306  1.0801e-05  3.3050e-03
  111    307  3.8436e-06  1.1800e-03
  111    308  4.5154e-06  1.3907e-03
  111    309  5.9360e-06  1.8342e-03
  111    310  5.5104e-06  1.7082e-03
  111    311  2.2752e-06  7.0759e-04
  111    312  5.4116e-06  1.6884e-03
  111    313  1.1334e-06  3.5475e-04
  111    314  5.0030e-06  1.5709e-03
  111    315  2.8342e-06  8.9276e-04
  111    316  4.7773e-06  1.5096e-03
  111    317  3.9576e-06  1.2545e-03
  111    318  3.0171e-05  9.5943e-03
  111    319  1.1801e-05  3.7644e-03
  111    320  1.0347e-05  3.3110e-03
  111    321  2.6109e-06  8.3810e-04
  111    322  3.4284e-06  1.1039e-03
  111    323  2.3168e-06  7.4834e-04
  111    324  1.6774e-06  5.4348e-04
  111    325  6.3897e-07  2.0766e-04
  111    326  1.0567e-06  3.4448e-04
  111    327  1.5944e-06  5.2137e-04
  111    328  1.1583e-07  3.7993e-05
  111    329  6.8975e-07  2.2693e-04
  111    330  5.8202e-07  1.9207e-04
  111    331  9.1200e-08  3.0187e-05
  111    332  2.4875e-07  8.2584e-05
  111    333  3.1468e-08  1.0479e-05
  111    334  3.3935e-08  1.1334e-05
  111    335  1.8328e-08  6.1397e-06
  111    336  7.4206e-09  2.4933e-06
  111    337  2.2565e-07  7.6045e-05
    1      1  2.2349e-08  2.2349e-08
    2      4  1.9724e-01  7.8894e-01


