1  1.9849e-04
2  7.9511e-07
3  4.5220e-09
4  1.9454e-01
5  0.0000e+00
6  2.1829e-24
7  3.1882e-09
8  1.2818e-07
9  3.2441e-08
10  4.7169e-07
11  9.5430e-08
12  1.1920e-08
13  3.6582e-09
14  6.8418e-07
15  3.9014e-06
16  1.2887e-05
17  4.4375e-07
18  1.1421e-06
19  3.4078e-08
20  2.8612e-06
21  1.9057e-06
22  1.4426e-06
23  4.2942e-07
24  4.9379e-07
25  2.1405e-07
26  3.2283e-07
27  1.8425e-08
28  1.8609e-07
29  1.0169e-08
30  1.0075e-08
31  3.4286e-08
32  1.7079e-07
33  1.5778e-08
34  3.7430e-07
35  1.3097e-07
36  1.8934e-07
37  1.0257e-08
38  3.7182e-08
39  9.1799e-10
40  8.4866e-11
41  6.4362e-11
42  2.3808e-10
43  5.7276e-11
44  5.2750e-10
45  7.6559e-11
46  4.7001e-10
47  5.2861e-10
48  1.2666e-09
49  1.3295e-10
50  1.0712e-10
51  5.4050e-11
52  4.1156e-11
53  2.5707e-11
54  2.5081e-11
55  8.2924e-12
56  3.6273e-11
57  8.8271e-12
58  3.1809e-11
59  1.9541e-12
60  7.1050e-11
61  4.0358e-13
62  3.6948e-12
63  2.8571e-12
64  3.3317e-11
65  3.8484e-13
66  8.5444e-12
67  1.1140e-12
68  2.0919e-11
69  5.4464e-12
70  1.3289e-11
71  6.8204e-12
72  1.9078e-11
73  3.8291e-12
74  1.8748e-11
75  3.1941e-12
76  1.8639e-11
77  5.1591e-12
78  2.5303e-11
79  6.9999e-12
80  2.6116e-11
81  3.9344e-12
82  1.1982e-11
83  3.3830e-12
84  2.2541e-12
85  5.1782e-12
86  2.8013e-12
87  2.0839e-12
88  1.1585e-12
89  3.3369e-13
90  4.2432e-13
91  2.8753e-13
92  1.1553e-12
93  5.5450e-13
94  6.2144e-13
95  1.9337e-12
96  1.0095e-11
97  2.7860e-12
98  5.0257e-12
99  1.1280e-12
100  3.3308e-12
101  6.3826e-13
102  1.9979e-12
103  7.3510e-13
104  2.8476e-12
105  9.8244e-13
106  1.6696e-12
107  7.0682e-13
108  2.5688e-12
109  5.7191e-13
110  1.9391e-12
111  3.4947e-13
112  1.3236e-12
113  4.2006e-13
114  1.7267e-12
115  6.2672e-13
116  9.5298e-13
117  5.6396e-13
118  1.3385e-12
119  2.6110e-13
120  6.9790e-13
121  2.3201e-13
122  1.6510e-12
123  1.1509e-13
124  1.0353e-12
125  7.1995e-13
126  2.0868e-12
127  9.0458e-13
128  6.6055e-12
129  3.4624e-11
130  1.8788e-10
131  2.2730e-10
132  6.1491e-10
133  3.3380e-10
134  6.0894e-11
135  5.7465e-12
136  2.1960e-12
137  2.7256e-13
138  3.2631e-12
139  6.9058e-13
140  5.4189e-13
141  5.2105e-14
142  1.5878e-13
143  1.6685e-13
144  4.1153e-13
145  2.9128e-14
146  1.8227e-13
147  6.9432e-14
148  7.7989e-14
149  1.7583e-14
150  1.2048e-13
151  7.6905e-15
152  3.1882e-14
153  8.3251e-15
154  8.2445e-15
155  3.3452e-15
156  9.4202e-15
157  2.5361e-15
158  5.0899e-15
159  7.5606e-16
160  2.6953e-15
161  7.3044e-16
162  8.5821e-16
163  5.6633e-16
164  4.9751e-16
165  9.2552e-16
166  4.1968e-16
167  5.2374e-16
168  2.9056e-16
169  1.9293e-15
170  2.6210e-16
171  9.9998e-16
172  2.7404e-16
173  1.4271e-16
174  8.5042e-16
175  1.6114e-16
176  1.9836e-16
177  5.7866e-16
178  2.2400e-16
179  1.6499e-16
180  2.0758e-16
181  9.4057e-16
182  3.2353e-16
183  3.7483e-16
184  3.0163e-16
185  1.5022e-16
186  1.3698e-16
187  3.5307e-16
188  2.0167e-16
189  9.8757e-16
190  4.6453e-16
191  3.0068e-15
192  2.2583e-15
193  2.3754e-16
194  8.6766e-16
195  2.1435e-15
196  9.0945e-16
197  4.0601e-15
198  2.0220e-15
199  2.5741e-16
200  1.1066e-15
201  1.4427e-15
202  1.8495e-15
203  5.8087e-15
204  4.7691e-15
205  4.0930e-15
206  1.2723e-14
207  2.2558e-07
208  1.6761e-14
209  1.8551e-09
210  2.1872e-17
211  1.0108e-15
212  1.2966e-28
213  0.0000e+00
214  5.7503e-17
215  4.0468e-51
216  3.6604e-17
217  0.0000e+00
218  3.7687e-21
219  2.6192e-16
220  2.6711e-30
221  0.0000e+00
222  1.2690e-26
223  3.3962e-25
224  4.2707e-27
225  2.5598e-40
226  1.9418e-21
227  2.3672e-22
228  1.3734e-20
229  6.5092e-30
230  9.1520e-20
231  3.5407e-19
232  6.0114e-15
233  2.9286e-27
234  2.9894e-19
235  7.6311e-15
236  4.1666e-17
237  1.8912e-318
238  2.3161e-15
239  1.0849e-24
240  1.5273e-20
241  0.0000e+00
242  3.4516e-83
243  3.3166e-25
244  6.7070e-17
245  0.0000e+00
246  5.1973e-19
247  7.0000e-22
248  1.9205e-82
249  0.0000e+00
250  0.0000e+00
251  2.7596e-314
252  0.0000e+00
253  0.0000e+00
254  0.0000e+00
255  0.0000e+00
256  0.0000e+00
257  9.5757e-26
258  9.8694e-15
259  5.0191e-26
260  3.9159e-14
261  1.4212e-13
262  1.4329e-13
263  1.8456e-13
264  1.2553e-13
265  1.7367e-13
266  1.1447e-13
267  3.0342e-14
268  7.5759e-15
269  2.8908e-14
270  4.8639e-14
271  3.2492e-14
272  1.0379e-14
273  1.7332e-14
274  1.1123e-14
275  5.0621e-14
276  2.1509e-13
277  1.2644e-13
278  5.9884e-14
279  3.4716e-13
280  7.0307e-13
281  4.5205e-13
282  4.8236e-12
283  3.0571e-11
284  1.9929e-10
285  7.9385e-10
286  1.4513e-09
287  3.8938e-09
288  1.0771e-08
289  1.9863e-08
290  6.7549e-08
291  6.9030e-08
292  1.2812e-06
293  1.0176e-06
294  3.4747e-06
295  6.2415e-06
296  7.1072e-06
297  2.6174e-06
298  3.1006e-06
299  5.5001e-10
300  4.8384e-09
301  6.5639e-09
302  3.5240e-08
303  1.1489e-09
304  5.3129e-09
305  2.1258e-10
306  4.1804e-10
307  1.5974e-11
308  3.2439e-10
309  5.0444e-11
310  2.1184e-10
311  2.9506e-11
312  6.8942e-10
313  6.6588e-11
314  1.2604e-09
315  1.0183e-10
316  1.3495e-09
317  4.5984e-11
318  7.4907e-10
319  7.9116e-12
320  3.9116e-10
321  2.5374e-12
322  3.0617e-11
323  5.1861e-12
324  6.3930e-12
325  2.3778e-12
326  1.0700e-12
327  6.9464e-12
328  2.2237e-12
329  3.1001e-11
330  4.2661e-12
331  5.7674e-11
332  5.7498e-12
333  2.2466e-10
334  1.5309e-11
335  4.6254e-10
336  1.7410e-11
337  6.3432e-04

