1  6.4823e-11
2  7.1273e-17
3  1.3387e-22
4  8.3847e-02
5  0.0000e+00
6  2.4972e-20
7  8.7853e-22
8  2.3715e-20
9  2.1160e-19
10  4.9034e-20
11  3.9503e-23
12  5.9537e-08
13  1.3548e-14
14  4.2441e-19
15  1.3450e-16
16  1.9195e-09
17  2.1935e-16
18  1.9556e-17
19  2.7778e-17
20  1.7485e-09
21  5.9287e-15
22  4.6359e-18
23  2.2776e-13
24  9.4048e-10
25  1.4250e-10
26  2.3070e-10
27  1.2079e-10
28  4.6564e-10
29  5.7591e-10
30  1.5068e-09
31  1.3716e-09
32  5.3481e-09
33  2.2291e-09
34  1.1727e-08
35  9.2877e-10
36  1.6320e-09
37  3.4971e-09
38  5.9624e-09
39  1.0161e-09
40  7.8729e-11
41  1.4391e-10
42  8.3991e-08
43  5.1604e-09
44  9.4570e-09
45  1.2104e-09
46  3.0722e-09
47  7.4357e-08
48  3.3239e-07
49  8.8637e-09
50  1.6526e-08
51  1.1893e-07
52  2.4165e-06
53  2.1019e-07
54  1.4364e-07
55  5.4792e-09
56  1.2899e-06
57  7.9161e-08
58  1.2803e-06
59  1.1191e-06
60  2.7452e-07
61  2.1052e-07
62  1.3839e-07
63  5.2585e-07
64  1.9076e-06
65  9.7509e-07
66  5.1530e-07
67  7.4235e-07
68  3.4327e-08
69  1.4268e-08
70  2.7421e-08
71  4.8859e-08
72  8.7038e-07
73  3.4893e-06
74  9.6857e-07
75  1.0465e-06
76  3.4348e-06
77  7.8007e-06
78  1.1316e-05
79  6.2112e-06
80  3.2065e-05
81  1.8529e-06
82  1.6832e-07
83  6.9696e-06
84  3.4641e-05
85  2.7721e-06
86  1.1881e-06
87  1.0273e-05
88  2.0351e-04
89  1.7882e-05
90  3.2123e-05
91  4.2122e-05
92  7.4429e-06
93  1.2851e-05
94  3.2092e-04
95  3.2331e-05
96  2.0868e-04
97  8.2460e-05
98  3.9175e-05
99  2.8112e-04
100  2.5145e-04
101  4.1980e-04
102  1.8614e-03
103  2.7022e-04
104  5.0166e-04
105  3.7349e-04
106  1.3292e-04
107  9.6531e-05
108  5.5113e-04
109  1.2321e-04
110  1.0662e-04
111  2.8827e-05
112  9.3102e-05
113  2.7419e-05
114  1.0858e-04
115  2.3741e-05
116  2.6951e-05
117  2.5524e-05
118  4.2843e-06
119  1.1082e-06
120  1.2698e-06
121  4.8497e-06
122  1.0481e-05
123  4.6307e-06
124  9.2522e-06
125  6.2664e-06
126  7.5652e-06
127  9.3014e-06
128  1.0263e-05
129  2.6208e-06
130  3.7670e-07
131  1.3704e-08
132  7.2691e-10
133  1.1900e-12
134  4.5481e-15
135  2.6533e-16
136  9.6164e-15
137  8.6637e-17
138  1.8648e-16
139  1.6017e-17
140  1.8728e-18
141  2.6592e-19
142  1.1430e-18
143  3.4066e-20
144  1.2405e-19
145  2.3466e-20
146  3.5393e-21
147  7.7361e-22
148  4.9634e-23
149  5.3352e-23
150  1.4599e-21
151  4.9139e-22
152  4.1829e-22
153  1.2302e-22
154  8.3906e-23
155  3.8866e-23
156  7.7795e-24
157  9.2228e-24
158  3.8889e-24
159  1.5230e-25
160  4.4132e-25
161  3.0499e-25
162  0.0000e+00
163  0.0000e+00
164  0.0000e+00
165  0.0000e+00
166  0.0000e+00
167  0.0000e+00
168  0.0000e+00
169  0.0000e+00
170  0.0000e+00
171  0.0000e+00
172  0.0000e+00
173  0.0000e+00
174  0.0000e+00
175  0.0000e+00
176  0.0000e+00
177  0.0000e+00
178  0.0000e+00
179  0.0000e+00
180  0.0000e+00
181  0.0000e+00
182  0.0000e+00
183  0.0000e+00
184  0.0000e+00
185  0.0000e+00
186  0.0000e+00
187  0.0000e+00
188  0.0000e+00
189  0.0000e+00
190  0.0000e+00
191  0.0000e+00
192  0.0000e+00
193  0.0000e+00
194  0.0000e+00
195  0.0000e+00
196  0.0000e+00
197  0.0000e+00
198  0.0000e+00
199  0.0000e+00
200  0.0000e+00
201  0.0000e+00
202  0.0000e+00
203  0.0000e+00
204  0.0000e+00
205  0.0000e+00
206  0.0000e+00
207  0.0000e+00
208  0.0000e+00
209  0.0000e+00
210  0.0000e+00
211  0.0000e+00
212  0.0000e+00
213  0.0000e+00
214  0.0000e+00
215  0.0000e+00
216  0.0000e+00
217  0.0000e+00
218  0.0000e+00
219  0.0000e+00
220  0.0000e+00
221  0.0000e+00
222  0.0000e+00
223  0.0000e+00
224  0.0000e+00
225  0.0000e+00
226  0.0000e+00
227  0.0000e+00
228  0.0000e+00
229  0.0000e+00
230  0.0000e+00
231  0.0000e+00
232  0.0000e+00
233  0.0000e+00
234  0.0000e+00
235  0.0000e+00
236  0.0000e+00
237  0.0000e+00
238  0.0000e+00
239  0.0000e+00
240  0.0000e+00
241  0.0000e+00
242  0.0000e+00
243  0.0000e+00
244  0.0000e+00
245  0.0000e+00
246  0.0000e+00
247  0.0000e+00
248  0.0000e+00
249  0.0000e+00
250  0.0000e+00
251  0.0000e+00
252  0.0000e+00
253  0.0000e+00
254  0.0000e+00
255  0.0000e+00
256  0.0000e+00
257  0.0000e+00
258  0.0000e+00
259  0.0000e+00
260  0.0000e+00
261  0.0000e+00
262  0.0000e+00
263  0.0000e+00
264  0.0000e+00
265  0.0000e+00
266  0.0000e+00
267  0.0000e+00
268  0.0000e+00
269  0.0000e+00
270  0.0000e+00
271  0.0000e+00
272  0.0000e+00
273  0.0000e+00
274  0.0000e+00
275  0.0000e+00
276  0.0000e+00
277  0.0000e+00
278  0.0000e+00
279  0.0000e+00
280  0.0000e+00
281  0.0000e+00
282  0.0000e+00
283  0.0000e+00
284  0.0000e+00
285  0.0000e+00
286  0.0000e+00
287  0.0000e+00
288  0.0000e+00
289  0.0000e+00
290  0.0000e+00
291  0.0000e+00
292  0.0000e+00
293  0.0000e+00
294  0.0000e+00
295  0.0000e+00
296  0.0000e+00
297  0.0000e+00
298  0.0000e+00
299  0.0000e+00
300  0.0000e+00
301  0.0000e+00
302  0.0000e+00
303  0.0000e+00
304  0.0000e+00
305  0.0000e+00
306  0.0000e+00
307  0.0000e+00
308  0.0000e+00
309  0.0000e+00
310  0.0000e+00
311  0.0000e+00
312  0.0000e+00
313  0.0000e+00
314  0.0000e+00
315  0.0000e+00
316  0.0000e+00
317  0.0000e+00
318  0.0000e+00
319  0.0000e+00
320  0.0000e+00
321  0.0000e+00
322  0.0000e+00
323  0.0000e+00
324  0.0000e+00
325  0.0000e+00
326  0.0000e+00
327  0.0000e+00
328  0.0000e+00
329  0.0000e+00
330  0.0000e+00
331  0.0000e+00
332  0.0000e+00
333  0.0000e+00
334  0.0000e+00
335  0.0000e+00
336  0.0000e+00
337  0.0000e+00

