1  3.7515e-10
2  2.0322e-09
3  1.0661e-10
4  1.7265e-01
5  0.0000e+00
6  5.4815e-12
7  1.9520e-10
8  4.5201e-10
9  8.7500e-11
10  2.0257e-11
11  1.6176e-10
12  2.8881e-09
13  1.1612e-07
14  4.2855e-07
15  7.9719e-06
16  4.4316e-07
17  2.5608e-09
18  1.9812e-08
19  1.2491e-06
20  1.6984e-06
21  3.1861e-07
22  4.9171e-09
23  8.3815e-07
24  2.4992e-07
25  2.3730e-07
26  1.9111e-08
27  4.3868e-07
28  1.3051e-06
29  1.1488e-07
30  8.6274e-08
31  1.2925e-07
32  1.3111e-07
33  1.4643e-06
34  1.1253e-06
35  3.8862e-08
36  2.5265e-08
37  1.1242e-07
38  2.5264e-07
39  4.3128e-07
40  7.0739e-07
41  3.8193e-08
42  6.2993e-07
43  3.2081e-07
44  9.1395e-08
45  1.7236e-07
46  1.6920e-07
47  2.4202e-07
48  5.2731e-07
49  4.8491e-07
50  4.7732e-07
51  9.0620e-08
52  3.5047e-07
53  2.8484e-07
54  1.7994e-07
55  5.2485e-07
56  1.7446e-06
57  2.2035e-06
58  1.1262e-07
59  1.2759e-07
60  2.7730e-07
61  3.9113e-07
62  2.6810e-07
63  7.0620e-07
64  3.7333e-07
65  2.3743e-07
66  4.7725e-07
67  1.4153e-07
68  1.5435e-07
69  1.2215e-07
70  2.8269e-07
71  5.5848e-08
72  2.2345e-07
73  2.8427e-07
74  2.0194e-06
75  8.3708e-06
76  6.8800e-06
77  4.9734e-06
78  4.1022e-06
79  5.9751e-06
80  1.2664e-05
81  6.9187e-06
82  3.5476e-06
83  5.2663e-06
84  1.8538e-06
85  8.8467e-07
86  1.9707e-06
87  3.0448e-06
88  3.5671e-06
89  5.3827e-07
90  8.8392e-07
91  5.3287e-07
92  3.0372e-06
93  1.4423e-06
94  3.6542e-06
95  1.9430e-06
96  1.5318e-06
97  7.7597e-07
98  4.6856e-07
99  6.1584e-07
100  7.3912e-07
101  8.7436e-07
102  5.0043e-07
103  4.2885e-07
104  4.3167e-07
105  3.8052e-07
106  6.6620e-07
107  5.4842e-07
108  7.9880e-07
109  6.4502e-07
110  7.8501e-07
111  1.8922e-07
112  3.5381e-07
113  1.5472e-07
114  1.6486e-07
115  1.6327e-07
116  1.4742e-07
117  2.4354e-07
118  3.0366e-07
119  2.6276e-07
120  1.0083e-06
121  1.1502e-06
122  2.7810e-06
123  3.8320e-06
124  1.6363e-05
125  2.5877e-05
126  5.5396e-05
127  3.0980e-05
128  2.9050e-05
129  2.0403e-05
130  1.6544e-05
131  6.6654e-06
132  1.2021e-05
133  1.2943e-05
134  9.0786e-06
135  6.6192e-06
136  1.3849e-05
137  1.7693e-05
138  1.3744e-05
139  6.9144e-06
140  8.1828e-06
141  9.3635e-06
142  8.8919e-06
143  1.4157e-05
144  2.1709e-05
145  1.6319e-05
146  1.8012e-05
147  1.0010e-05
148  8.9844e-06
149  6.4450e-06
150  1.0581e-05
151  1.3011e-05
152  1.8038e-05
153  1.2371e-05
154  2.0175e-05
155  1.0064e-05
156  1.9424e-05
157  1.2521e-05
158  2.4138e-05
159  1.2335e-05
160  2.0724e-05
161  9.5535e-06
162  2.0287e-05
163  1.2658e-05
164  3.1380e-05
165  1.5651e-05
166  3.2877e-05
167  1.5093e-05
168  2.0845e-05
169  1.4037e-05
170  1.0117e-05
171  8.1585e-06
172  8.2403e-06
173  8.5345e-06
174  1.2094e-05
175  8.7671e-06
176  9.9948e-06
177  1.1786e-05
178  1.6644e-05
179  1.5077e-05
180  1.9176e-05
181  1.9932e-05
182  3.0390e-05
183  1.8395e-05
184  3.2537e-05
185  1.9698e-05
186  4.3098e-05
187  2.7843e-05
188  6.6922e-05
189  6.2167e-05
190  7.9685e-05
191  6.9259e-05
192  8.5691e-05
193  9.3014e-05
194  7.7170e-05
195  4.8855e-05
196  1.7868e-05
197  6.5422e-06
198  2.3407e-06
199  2.4178e-06
200  1.5036e-06
201  7.4254e-07
202  1.2688e-06
203  2.5595e-06
204  5.0224e-06
205  5.0660e-06
206  1.2718e-05
207  1.1485e-05
208  1.1021e-05
209  9.0952e-06
210  7.3757e-15
211  2.3306e-20
212  3.2626e-20
213  4.1302e-44
214  3.8629e-21
215  5.8494e-26
216  3.7802e-26
217  1.4117e-98
218  6.6388e-23
219  9.0274e-24
220  1.4495e-23
221  7.4935e-320
222  1.1785e-19
223  2.2499e-18
224  8.1863e-20
225  2.4745e-40
226  1.8033e-14
227  1.5682e-15
228  2.6326e-13
229  9.2301e-30
230  8.4988e-13
231  2.3456e-12
232  1.1523e-07
233  3.3009e-27
234  2.7674e-12
235  5.0554e-08
236  1.5465e-10
237  7.6977e-319
238  5.0346e-08
239  6.0523e-20
240  3.0606e-14
241  0.0000e+00
242  2.1778e-128
243  1.8502e-20
244  3.7255e-10
245  0.0000e+00
246  5.6396e-12
247  3.9050e-17
248  9.5799e-128
249  0.0000e+00
250  0.0000e+00
251  8.5122e-314
252  0.0000e+00
253  0.0000e+00
254  0.0000e+00
255  0.0000e+00
256  0.0000e+00
257  3.9071e-26
258  1.8217e-09
259  9.0505e-26
260  1.3658e-09
261  8.2669e-10
262  5.5195e-10
263  3.1337e-10
264  2.3097e-10
265  1.1952e-10
266  7.5746e-11
267  1.7704e-11
268  8.3952e-12
269  7.3715e-12
270  2.4094e-12
271  6.1190e-13
272  2.0293e-13
273  9.6326e-14
274  4.8203e-14
275  1.0576e-14
276  9.7901e-15
277  3.7164e-15
278  2.7200e-15
279  1.4525e-15
280  2.3630e-15
281  2.9997e-15
282  6.9333e-15
283  6.0724e-15
284  6.1762e-15
285  4.6580e-15
286  3.4443e-15
287  2.0969e-15
288  1.2118e-15
289  5.7624e-16
290  4.2260e-16
291  2.6458e-16
292  7.1181e-16
293  1.9150e-16
294  2.1174e-16
295  8.2608e-17
296  2.8960e-17
297  8.2942e-18
298  2.2493e-18
299  2.1592e-22
300  2.4427e-21
301  1.8764e-17
302  1.2377e-17
303  4.6395e-18
304  6.5273e-18
305  1.9663e-18
306  7.3887e-19
307  1.0134e-19
308  9.1051e-20
309  4.2038e-20
310  2.8949e-20
311  7.2039e-21
312  3.9681e-21
313  9.6347e-22
314  1.7996e-21
315  6.8783e-22
316  1.6660e-21
317  1.0936e-21
318  1.3000e-21
319  6.8672e-22
320  2.1184e-22
321  4.3321e-23
322  5.4378e-23
323  5.4693e-24
324  4.8571e-24
325  1.6820e-24
326  6.1905e-25
327  2.0873e-25
328  0.0000e+00
329  0.0000e+00
330  0.0000e+00
331  0.0000e+00
332  0.0000e+00
333  0.0000e+00
334  0.0000e+00
335  0.0000e+00
336  0.0000e+00
337  0.0000e+00

