1  1.0065e-11
2  2.8003e-18
3  2.3429e-25
4  2.0597e-02
5  0.0000e+00
6  7.9609e-23
7  2.4785e-24
8  1.6509e-20
9  3.0302e-21
10  2.1948e-21
11  2.5009e-25
12  3.2318e-08
13  3.3361e-15
14  2.6736e-20
15  1.3814e-20
16  1.0653e-10
17  9.7980e-19
18  8.6010e-23
19  3.6177e-21
20  7.6975e-11
21  5.7065e-18
22  4.4997e-20
23  1.4813e-14
24  8.0124e-11
25  2.1551e-14
26  2.7312e-13
27  1.6392e-11
28  2.4256e-10
29  5.9421e-12
30  3.2012e-10
31  5.3457e-11
32  1.9427e-10
33  1.3948e-11
34  1.4520e-09
35  3.2046e-10
36  1.6389e-09
37  2.6086e-11
38  5.5665e-10
39  1.9846e-10
40  5.7333e-10
41  7.1406e-11
42  1.0393e-10
43  1.3015e-10
44  6.8642e-10
45  1.5802e-10
46  6.0493e-09
47  6.9786e-10
48  2.0237e-09
49  1.0941e-09
50  2.1376e-08
51  1.1430e-09
52  1.6958e-10
53  2.0574e-10
54  3.7212e-08
55  6.2451e-10
56  8.9612e-11
57  1.0419e-09
58  3.3519e-08
59  2.7784e-11
60  1.1167e-08
61  1.9992e-10
62  2.9308e-10
63  2.8580e-09
64  2.8830e-08
65  5.9817e-11
66  8.8150e-08
67  1.4395e-08
68  1.4574e-09
69  3.4113e-09
70  8.4851e-08
71  1.6832e-10
72  1.7655e-07
73  1.5682e-09
74  3.5124e-09
75  2.0205e-08
76  1.0988e-07
77  1.6552e-09
78  4.7686e-07
79  1.8157e-08
80  1.7947e-08
81  2.7872e-08
82  2.2368e-06
83  1.9934e-05
84  1.3593e-03
85  3.7278e-05
86  2.2780e-04
87  3.2349e-04
88  4.5518e-04
89  1.0321e-04
90  4.2331e-03
91  3.9019e-04
92  2.7953e-05
93  3.7842e-04
94  2.2324e-03
95  3.2955e-05
96  4.3877e-05
97  4.9062e-05
98  4.5706e-06
99  3.4455e-05
100  1.6897e-05
101  3.2413e-06
102  1.5813e-04
103  7.4865e-06
104  2.2107e-06
105  5.1921e-06
106  1.1531e-05
107  7.3554e-08
108  2.2418e-06
109  5.6626e-07
110  4.6386e-08
111  2.5530e-07
112  3.6355e-07
113  3.3224e-09
114  4.9685e-08
115  3.8104e-08
116  2.0813e-09
117  1.2425e-08
118  3.4303e-09
119  3.2165e-10
120  5.0591e-09
121  1.4908e-10
122  1.9303e-10
123  7.7530e-11
124  1.1336e-10
125  3.1150e-10
126  9.2319e-11
127  4.3886e-12
128  9.9476e-11
129  2.2291e-12
130  4.4781e-12
131  4.4028e-12
132  8.2235e-13
133  1.1576e-14
134  4.4637e-16
135  9.0412e-19
136  9.1621e-22
137  2.1587e-24
138  3.8400e-25
139  1.9083e-27
140  8.4926e-31
141  3.1633e-231
142  0.0000e+00
143  0.0000e+00
144  0.0000e+00
145  0.0000e+00
146  0.0000e+00
147  0.0000e+00
148  0.0000e+00
149  0.0000e+00
150  0.0000e+00
151  0.0000e+00
152  0.0000e+00
153  0.0000e+00
154  0.0000e+00
155  0.0000e+00
156  0.0000e+00
157  0.0000e+00
158  0.0000e+00
159  0.0000e+00
160  0.0000e+00
161  0.0000e+00
162  0.0000e+00
163  0.0000e+00
164  0.0000e+00
165  0.0000e+00
166  0.0000e+00
167  0.0000e+00
168  0.0000e+00
169  0.0000e+00
170  0.0000e+00
171  0.0000e+00
172  0.0000e+00
173  0.0000e+00
174  0.0000e+00
175  0.0000e+00
176  0.0000e+00
177  0.0000e+00
178  0.0000e+00
179  0.0000e+00
180  0.0000e+00
181  0.0000e+00
182  0.0000e+00
183  0.0000e+00
184  0.0000e+00
185  0.0000e+00
186  0.0000e+00
187  0.0000e+00
188  0.0000e+00
189  0.0000e+00
190  0.0000e+00
191  0.0000e+00
192  0.0000e+00
193  0.0000e+00
194  0.0000e+00
195  0.0000e+00
196  0.0000e+00
197  0.0000e+00
198  0.0000e+00
199  0.0000e+00
200  0.0000e+00
201  0.0000e+00
202  0.0000e+00
203  0.0000e+00
204  0.0000e+00
205  0.0000e+00
206  0.0000e+00
207  0.0000e+00
208  0.0000e+00
209  0.0000e+00
210  0.0000e+00
211  0.0000e+00
212  0.0000e+00
213  0.0000e+00
214  0.0000e+00
215  0.0000e+00
216  0.0000e+00
217  0.0000e+00
218  0.0000e+00
219  0.0000e+00
220  0.0000e+00
221  0.0000e+00
222  0.0000e+00
223  0.0000e+00
224  0.0000e+00
225  0.0000e+00
226  0.0000e+00
227  0.0000e+00
228  0.0000e+00
229  0.0000e+00
230  0.0000e+00
231  0.0000e+00
232  0.0000e+00
233  0.0000e+00
234  0.0000e+00
235  0.0000e+00
236  0.0000e+00
237  0.0000e+00
238  0.0000e+00
239  0.0000e+00
240  0.0000e+00
241  0.0000e+00
242  0.0000e+00
243  0.0000e+00
244  0.0000e+00
245  0.0000e+00
246  0.0000e+00
247  0.0000e+00
248  0.0000e+00
249  0.0000e+00
250  0.0000e+00
251  0.0000e+00
252  0.0000e+00
253  0.0000e+00
254  0.0000e+00
255  0.0000e+00
256  0.0000e+00
257  0.0000e+00
258  0.0000e+00
259  0.0000e+00
260  0.0000e+00
261  0.0000e+00
262  0.0000e+00
263  0.0000e+00
264  0.0000e+00
265  0.0000e+00
266  0.0000e+00
267  0.0000e+00
268  0.0000e+00
269  0.0000e+00
270  0.0000e+00
271  0.0000e+00
272  0.0000e+00
273  0.0000e+00
274  0.0000e+00
275  0.0000e+00
276  0.0000e+00
277  0.0000e+00
278  0.0000e+00
279  0.0000e+00
280  0.0000e+00
281  0.0000e+00
282  0.0000e+00
283  0.0000e+00
284  0.0000e+00
285  0.0000e+00
286  0.0000e+00
287  0.0000e+00
288  0.0000e+00
289  0.0000e+00
290  0.0000e+00
291  0.0000e+00
292  0.0000e+00
293  0.0000e+00
294  0.0000e+00
295  0.0000e+00
296  0.0000e+00
297  0.0000e+00
298  0.0000e+00
299  0.0000e+00
300  0.0000e+00
301  0.0000e+00
302  0.0000e+00
303  0.0000e+00
304  0.0000e+00
305  0.0000e+00
306  0.0000e+00
307  0.0000e+00
308  0.0000e+00
309  0.0000e+00
310  0.0000e+00
311  0.0000e+00
312  0.0000e+00
313  0.0000e+00
314  0.0000e+00
315  0.0000e+00
316  0.0000e+00
317  0.0000e+00
318  0.0000e+00
319  0.0000e+00
320  0.0000e+00
321  0.0000e+00
322  0.0000e+00
323  0.0000e+00
324  0.0000e+00
325  0.0000e+00
326  0.0000e+00
327  0.0000e+00
328  0.0000e+00
329  0.0000e+00
330  0.0000e+00
331  0.0000e+00
332  0.0000e+00
333  0.0000e+00
334  0.0000e+00
335  0.0000e+00
336  0.0000e+00
337  0.0000e+00

