1  2.6028e-10
2  1.5071e-09
3  6.1883e-11
4  1.6717e-01
5  0.0000e+00
6  4.0843e-12
7  1.2521e-10
8  1.7066e-10
9  2.1387e-11
10  1.1524e-11
11  1.0973e-10
12  2.7075e-09
13  5.3142e-08
14  5.2356e-07
15  5.4273e-06
16  3.4320e-07
17  1.8656e-09
18  2.3289e-08
19  1.0254e-06
20  1.3927e-06
21  2.7987e-07
22  6.8602e-09
23  6.4333e-07
24  1.9812e-07
25  1.7481e-07
26  4.4962e-08
27  5.1793e-07
28  1.5563e-06
29  1.2586e-07
30  7.9038e-08
31  1.3404e-07
32  1.4438e-07
33  1.8043e-06
34  1.3889e-06
35  4.0729e-08
36  2.4959e-08
37  1.3659e-07
38  3.1887e-07
39  6.0331e-07
40  1.0204e-06
41  7.0435e-08
42  1.0817e-06
43  5.5752e-07
44  1.1290e-07
45  2.1892e-07
46  2.4434e-07
47  3.6891e-07
48  7.7155e-07
49  8.3551e-07
50  8.9905e-07
51  1.8804e-07
52  4.1697e-07
53  3.1464e-07
54  2.1511e-07
55  6.1990e-07
56  1.9703e-06
57  2.4153e-06
58  1.4351e-07
59  1.5969e-07
60  4.0382e-07
61  5.4762e-07
62  3.2428e-07
63  7.7695e-07
64  4.0377e-07
65  2.4727e-07
66  5.1900e-07
67  1.5056e-07
68  1.9356e-07
69  1.3706e-07
70  3.0649e-07
71  5.2892e-08
72  1.8463e-07
73  2.2397e-07
74  1.8271e-06
75  8.2012e-06
76  7.2800e-06
77  5.7631e-06
78  5.0658e-06
79  7.4479e-06
80  1.3807e-05
81  8.4931e-06
82  4.6762e-06
83  4.7416e-06
84  2.0347e-06
85  1.1618e-06
86  2.3518e-06
87  3.4265e-06
88  4.0594e-06
89  7.0241e-07
90  1.5046e-06
91  1.0918e-06
92  4.1119e-06
93  1.6131e-06
94  4.2434e-06
95  2.7407e-06
96  2.2764e-06
97  1.0963e-06
98  8.1895e-07
99  1.0959e-06
100  1.2742e-06
101  1.4247e-06
102  6.3920e-07
103  5.2635e-07
104  6.0701e-07
105  5.0556e-07
106  8.5682e-07
107  7.2745e-07
108  1.1476e-06
109  9.2285e-07
110  1.1489e-06
111  2.8491e-07
112  5.1431e-07
113  2.2752e-07
114  2.3820e-07
115  2.2719e-07
116  2.1353e-07
117  3.2907e-07
118  3.8957e-07
119  3.1792e-07
120  1.1076e-06
121  1.2548e-06
122  3.0406e-06
123  4.5051e-06
124  2.1674e-05
125  4.6006e-05
126  1.1628e-04
127  5.6239e-05
128  4.0371e-05
129  5.4543e-05
130  3.9202e-05
131  1.1016e-05
132  1.4771e-05
133  1.7403e-05
134  1.7952e-05
135  2.0178e-05
136  3.3070e-05
137  2.8832e-05
138  2.0008e-05
139  1.0278e-05
140  1.5259e-05
141  3.5759e-05
142  2.8358e-05
143  3.2498e-05
144  4.1458e-05
145  2.8576e-05
146  3.2168e-05
147  1.6640e-05
148  1.7745e-05
149  1.4955e-05
150  2.6104e-05
151  3.1272e-05
152  3.8797e-05
153  2.4753e-05
154  3.3862e-05
155  1.6987e-05
156  3.6217e-05
157  2.3091e-05
158  4.2005e-05
159  2.0541e-05
160  3.0213e-05
161  1.3814e-05
162  3.1015e-05
163  1.9118e-05
164  4.5837e-05
165  2.2375e-05
166  4.5433e-05
167  2.0519e-05
168  2.8544e-05
169  1.7692e-05
170  1.3892e-05
171  1.1364e-05
172  1.1358e-05
173  1.1269e-05
174  1.4658e-05
175  1.0524e-05
176  1.1959e-05
177  1.4018e-05
178  1.9045e-05
179  1.6149e-05
180  1.8795e-05
181  1.8754e-05
182  2.9287e-05
183  1.7666e-05
184  3.0704e-05
185  1.7834e-05
186  3.5663e-05
187  2.0890e-05
188  4.3005e-05
189  3.6733e-05
190  4.3027e-05
191  3.5406e-05
192  4.2464e-05
193  4.3347e-05
194  3.6142e-05
195  2.2041e-05
196  6.7697e-06
197  2.0968e-06
198  4.0498e-07
199  1.6523e-07
200  8.9356e-08
201  7.3160e-08
202  2.5011e-07
203  5.2850e-07
204  7.9487e-07
205  6.4612e-07
206  1.4814e-06
207  1.3227e-06
208  1.3556e-06
209  1.1425e-06
210  1.1723e-16
211  3.9534e-22
212  8.0529e-22
213  4.7844e-44
214  6.1395e-23
215  5.1480e-26
216  9.3304e-28
217  1.9979e-100
218  1.0551e-24
219  1.5313e-25
220  3.5777e-25
221  -4.6057e-320
222  1.8731e-21
223  3.8165e-20
224  2.0206e-21
225  2.8665e-40
226  2.8661e-16
227  2.6601e-17
228  6.4979e-15
229  1.0692e-29
230  1.3508e-14
231  3.9789e-14
232  2.8442e-09
233  6.4162e-26
234  4.3985e-14
235  8.5755e-10
236  2.4993e-12
237  -7.2529e-321
238  8.0018e-10
239  7.2922e-22
240  4.9465e-16
241  0.0000e+00
242  1.1734e-134
243  2.2292e-22
244  6.0211e-12
245  0.0000e+00
246  9.1251e-14
247  4.7050e-19
248  4.1306e-134
249  0.0000e+00
250  0.0000e+00
251  3.3401e-314
252  0.0000e+00
253  0.0000e+00
254  0.0000e+00
255  0.0000e+00
256  0.0000e+00
257  8.1794e-26
258  1.4987e-11
259  7.0042e-26
260  1.1446e-11
261  6.0846e-12
262  3.7705e-12
263  2.1218e-12
264  1.5008e-12
265  6.5499e-13
266  3.6090e-13
267  7.8245e-14
268  3.8194e-14
269  2.7146e-14
270  6.3866e-15
271  1.3353e-15
272  5.4084e-16
273  2.2582e-16
274  6.3562e-17
275  6.6760e-18
276  3.2732e-18
277  7.7944e-19
278  1.0746e-18
279  1.8956e-18
280  3.2360e-18
281  3.1242e-18
282  5.3766e-18
283  4.4692e-18
284  4.5692e-18
285  3.5075e-18
286  2.5489e-18
287  1.6026e-18
288  9.6698e-19
289  4.5387e-19
290  3.1624e-19
291  1.9403e-19
292  4.6872e-19
293  1.0931e-19
294  1.0862e-19
295  3.9654e-20
296  1.3418e-20
297  3.7903e-21
298  1.0317e-21
299  7.1005e-27
300  1.2020e-24
301  9.3678e-21
302  5.3721e-21
303  1.4757e-21
304  1.6359e-21
305  7.0270e-22
306  2.1213e-22
307  2.9456e-23
308  2.0628e-23
309  6.1414e-24
310  2.3731e-24
311  0.0000e+00
312  0.0000e+00
313  0.0000e+00
314  0.0000e+00
315  0.0000e+00
316  0.0000e+00
317  0.0000e+00
318  0.0000e+00
319  0.0000e+00
320  0.0000e+00
321  0.0000e+00
322  0.0000e+00
323  0.0000e+00
324  0.0000e+00
325  0.0000e+00
326  0.0000e+00
327  0.0000e+00
328  0.0000e+00
329  0.0000e+00
330  0.0000e+00
331  0.0000e+00
332  0.0000e+00
333  0.0000e+00
334  0.0000e+00
335  0.0000e+00
336  0.0000e+00
337  0.0000e+00

