1  4.2088e-02
2  2.4158e-03
3  5.0797e-05
4  1.9787e-01
5  0.0000e+00
6  8.8419e-23
7  2.6795e-11
8  4.7951e-07
9  1.5989e-11
10  4.7576e-10
11  1.4073e-09
12  1.3532e-09
13  3.5682e-09
14  1.0800e-06
15  9.3274e-07
16  2.0516e-06
17  1.6427e-08
18  6.7884e-07
19  7.2278e-08
20  1.5050e-06
21  4.6551e-08
22  2.0861e-06
23  8.5151e-07
24  5.6358e-06
25  1.4563e-06
26  2.5618e-06
27  2.2811e-08
28  7.8162e-07
29  8.0331e-08
30  1.5201e-08
31  2.4734e-08
32  3.6013e-07
33  3.3442e-08
34  3.3424e-07
35  1.8321e-08
36  1.4377e-06
37  8.5025e-08
38  5.2102e-07
39  1.5584e-08
40  3.0470e-09
41  2.2341e-10
42  2.1282e-09
43  3.1291e-10
44  4.0839e-09
45  8.5444e-10
46  2.6216e-09
47  5.3006e-10
48  5.2373e-08
49  1.2455e-09
50  1.7518e-09
51  2.8422e-10
52  4.6357e-10
53  2.5196e-10
54  4.0308e-10
55  9.6790e-11
56  1.5258e-10
57  1.8821e-10
58  1.3861e-09
59  1.3502e-11
60  5.0362e-09
61  1.3810e-11
62  9.5553e-11
63  2.9650e-10
64  3.2498e-09
65  1.5972e-11
66  1.4973e-10
67  1.9391e-11
68  1.8122e-10
69  1.6225e-11
70  2.8128e-10
71  3.0986e-11
72  1.5089e-10
73  4.1949e-11
74  3.8779e-10
75  1.2577e-10
76  7.7035e-10
77  2.0543e-11
78  5.1677e-10
79  1.6789e-10
80  1.9719e-09
81  2.0757e-10
82  2.2234e-09
83  5.6306e-11
84  2.9567e-10
85  3.0575e-10
86  1.4287e-09
87  4.5605e-10
88  4.4884e-10
89  4.9958e-10
90  3.9787e-10
91  1.2028e-10
92  2.5488e-10
93  3.4324e-10
94  4.2765e-10
95  1.4043e-10
96  1.0590e-09
97  1.5511e-10
98  3.3867e-10
99  9.8081e-11
100  3.2950e-10
101  4.4852e-11
102  1.1683e-10
103  4.7489e-11
104  9.7949e-11
105  5.3414e-11
106  1.0324e-10
107  4.1351e-11
108  1.4026e-10
109  3.6129e-11
110  2.1477e-10
111  3.5061e-11
112  7.5703e-11
113  5.8813e-11
114  1.9620e-10
115  1.2462e-10
116  1.7088e-10
117  2.1275e-11
118  1.3941e-10
119  5.6456e-11
120  3.1199e-10
121  8.6167e-11
122  5.8755e-10
123  1.9699e-11
124  5.6705e-10
125  1.7403e-10
126  1.1944e-09
127  5.6298e-11
128  7.6338e-10
129  2.7638e-10
130  9.3761e-10
131  2.4543e-09
132  1.0783e-08
133  1.0389e-08
134  3.5612e-08
135  1.6318e-08
136  1.1629e-08
137  3.6569e-10
138  7.0647e-10
139  6.9591e-10
140  1.8679e-09
141  1.4202e-10
142  7.5862e-11
143  1.1301e-10
144  2.9653e-10
145  2.8699e-11
146  6.6243e-11
147  8.9058e-11
148  1.4026e-10
149  8.2569e-12
150  1.6176e-10
151  9.6277e-12
152  3.6982e-11
153  1.9756e-11
154  3.6951e-11
155  4.8153e-12
156  1.5413e-11
157  3.8243e-12
158  6.8087e-12
159  1.4966e-12
160  2.0042e-11
161  1.1367e-12
162  3.4969e-12
163  1.3625e-12
164  3.2250e-12
165  3.0008e-12
166  5.4246e-12
167  3.5008e-12
168  3.5377e-12
169  1.0294e-11
170  5.3332e-12
171  3.2941e-12
172  1.5088e-12
173  1.0657e-12
174  8.9960e-12
175  2.3802e-12
176  5.4748e-12
177  2.5913e-12
178  2.3870e-12
179  2.2915e-12
180  4.0709e-12
181  2.4734e-11
182  1.2345e-11
183  1.6101e-12
184  9.5660e-13
185  6.1927e-13
186  9.2899e-13
187  2.0283e-12
188  8.8458e-13
189  3.9899e-12
190  3.3226e-12
191  6.7207e-12
192  3.2997e-11
193  2.8318e-12
194  9.3968e-12
195  6.2114e-12
196  7.0156e-12
197  1.1853e-11
198  2.9878e-11
199  2.2021e-12
200  6.0261e-12
201  4.2214e-12
202  8.3462e-12
203  9.4991e-12
204  3.0348e-11
205  2.7501e-11
206  9.2856e-11
207  3.1352e-10
208  1.1147e-10
209  3.1952e-10
210  1.5380e-18
211  1.9986e-34
212  1.6933e-13
213  9.0237e-47
214  4.2266e-25
215  2.7932e-12
216  2.2141e-29
217  2.2999e-25
218  6.4506e-27
219  9.9744e-27
220  2.7331e-27
221  5.9374e-38
222  1.1450e-23
223  1.1342e-21
224  1.5436e-23
225  3.9951e-43
226  1.7521e-18
227  7.9055e-19
228  4.9639e-17
229  1.3738e-32
230  8.2574e-17
231  1.1825e-15
232  2.1727e-11
233  7.2482e-30
234  2.6888e-16
235  2.5485e-11
236  1.0807e-13
237  -1.1560e-318
238  4.8916e-12
239  2.0349e-20
240  2.1383e-17
241  0.0000e+00
242  2.3357e-62
243  6.2206e-21
244  2.6028e-13
245  0.0000e+00
246  1.0485e-15
247  1.3129e-17
248  1.5767e-61
249  0.0000e+00
250  0.0000e+00
251  1.4387e-295
252  0.0000e+00
253  0.0000e+00
254  0.0000e+00
255  0.0000e+00
256  0.0000e+00
257  9.6940e-26
258  5.3453e-11
259  7.9968e-26
260  3.0440e-10
261  5.4005e-10
262  5.8672e-10
263  1.0389e-09
264  3.6079e-10
265  6.6506e-10
266  5.0299e-10
267  9.1129e-10
268  2.0712e-10
269  5.9267e-11
270  1.2984e-10
271  9.3438e-11
272  3.5062e-11
273  4.0895e-11
274  2.5693e-11
275  9.9665e-11
276  3.4747e-10
277  1.7701e-10
278  8.9008e-11
279  3.7194e-10
280  6.5013e-10
281  4.1747e-10
282  9.4328e-10
283  2.3577e-09
284  8.8795e-09
285  3.8111e-08
286  4.4726e-08
287  3.4955e-08
288  3.6716e-08
289  2.8632e-08
290  1.9419e-08
291  7.5695e-08
292  3.6428e-07
293  1.8320e-07
294  2.4745e-07
295  1.9435e-07
296  3.5470e-07
297  1.5326e-07
298  2.4811e-06
299  1.9115e-09
300  7.6791e-09
301  5.6704e-09
302  5.6845e-09
303  7.4045e-10
304  3.4151e-10
305  2.9207e-11
306  3.4873e-11
307  6.8435e-12
308  2.9085e-12
309  2.9076e-13
310  9.7080e-13
311  2.6564e-13
312  6.3755e-13
313  6.7056e-14
314  6.3727e-13
315  2.5852e-14
316  1.0483e-12
317  2.0541e-14
318  5.0713e-13
319  5.4038e-15
320  9.9787e-14
321  6.4746e-16
322  7.4894e-15
323  1.1918e-15
324  1.3597e-15
325  5.0382e-16
326  2.2883e-16
327  1.4032e-15
328  4.4328e-16
329  3.6495e-15
330  4.7877e-16
331  3.3773e-15
332  3.2233e-16
333  4.2923e-15
334  2.8212e-16
335  4.0437e-15
336  1.4925e-16
337  4.7369e-04

