1  7.1072e-09
2  1.8865e-01
3  6.7947e-10
4  1.4124e-08
5  7.9825e-08
6  4.6862e-07
7  1.6234e-05
8  3.7505e-07
9  1.6087e-06
10  2.8021e-06
11  1.2377e-06
12  9.0952e-07
13  1.1915e-07
14  4.1024e-07
15  6.0926e-08
16  9.6808e-07
17  2.9507e-08
18  6.2625e-08
19  1.2695e-07
20  4.4286e-07
21  7.4360e-08
22  2.6915e-07
23  1.8392e-08
24  1.9030e-07
25  2.7413e-08
26  5.2155e-07
27  1.5319e-08
28  2.4008e-07
29  4.1968e-07
30  4.9294e-07
31  3.3313e-08
32  3.2318e-06
33  3.2505e-06
34  7.4998e-06
35  2.3046e-06
36  1.5921e-06
37  3.8222e-07
38  4.2728e-07
39  2.4749e-07
40  1.6384e-06
41  2.5011e-07
42  1.3579e-06
43  1.2234e-32
44  6.1412e-07
45  1.2995e-07
46  7.9928e-07
47  3.8018e-07
48  4.4832e-07
49  8.4688e-08
50  7.7446e-06
51  1.6243e-06
52  2.4242e-05
53  7.0859e-06
54  1.1330e-05
55  2.6368e-06
56  3.1405e-06
57  6.3915e-07
58  1.7679e-06
59  1.1780e-06
60  3.8737e-06
61  3.6752e-83
62  2.8005e-06
63  8.3157e-07
64  3.5535e-06
65  2.1783e-07
66  2.1596e-06
67  5.7563e-07
68  4.1116e-06
69  1.5281e-06
70  3.3574e-06
71  4.6092e-07
72  2.6559e-06
73  1.0100e-06
74  4.9966e-06
75  2.0683e-06
76  3.2072e-05
77  3.1384e-05
78  7.2074e-05
79  1.0394e-05
80  5.8591e-06
81  4.1543e-06
82  2.6149e-04
83  1.2351e-04
84  3.9711e-15
85  1.3283e-25
86  1.0963e-16
87  3.8609e-20
88  1.7789e-10
89  1.4560e-12
90  7.0527e-05
91  2.1828e-09
92  9.4097e-05
93  7.7710e-19
94  5.2847e-07
95  4.7565e-17
96  1.0051e-13
97  8.1686e-09
98  1.8884e-315
99  -8.3991e-323
100  6.6316e-05
101  1.6574e-313
102  1.0854e-04
103  2.4457e-05
104  5.1202e-05
105  2.8505e-05
106  9.9206e-06
107  2.7444e-07
108  4.9659e-06
109  8.7711e-320
110  3.1713e-06
111  4.1521e-06
112  0.0000e+00
113  0.0000e+00
114  0.0000e+00
115  0.0000e+00
116  0.0000e+00
117  0.0000e+00
118  0.0000e+00

