1  5.4127e-11
2  1.2773e-01
3  8.6025e-18
4  3.3236e-14
5  1.0866e-18
6  2.2250e-08
7  1.8601e-09
8  1.8758e-09
9  8.3917e-10
10  4.1879e-10
11  9.1599e-12
12  9.9572e-10
13  5.5211e-10
14  1.3052e-08
15  1.2035e-09
16  8.1242e-08
17  1.8476e-07
18  4.5207e-07
19  2.7423e-07
20  3.5735e-06
21  3.1422e-07
22  6.2104e-06
23  1.2678e-06
24  1.1295e-05
25  4.1402e-07
26  2.6767e-06
27  3.8380e-07
28  1.3987e-06
29  8.3830e-07
30  9.5451e-07
31  1.5521e-07
32  1.6378e-05
33  9.5891e-06
34  8.7970e-05
35  1.2490e-05
36  8.1984e-05
37  1.5120e-05
38  1.1091e-05
39  1.4139e-05
40  9.4124e-05
41  9.5387e-06
42  1.0168e-04
43  5.0739e-30
44  3.7645e-04
45  3.3507e-05
46  3.9408e-04
47  1.4115e-04
48  1.9526e-04
49  1.2659e-05
50  4.1748e-04
51  1.2264e-04
52  1.5433e-03
53  4.2027e-04
54  8.2812e-05
55  1.8138e-08
56  5.5774e-10
57  3.6402e-11
58  8.1944e-11
59  4.4365e-12
60  8.9240e-12
61  -9.2671e-316
62  2.1790e-12
63  5.2467e-13
64  1.8181e-13
65  1.9030e-15
66  7.2508e-15
67  7.3090e-16
68  1.7053e-15
69  1.7644e-16
70  2.0943e-17
71  4.2723e-19
72  1.5096e-19
73  1.0191e-20
74  9.4981e-21
75  1.1485e-21
76  3.8949e-22
77  3.0737e-23
78  8.8301e-25
79  0.0000e+00
80  0.0000e+00
81  0.0000e+00
82  0.0000e+00
83  0.0000e+00
84  0.0000e+00
85  0.0000e+00
86  0.0000e+00
87  0.0000e+00
88  0.0000e+00
89  0.0000e+00
90  0.0000e+00
91  0.0000e+00
92  0.0000e+00
93  0.0000e+00
94  0.0000e+00
95  0.0000e+00
96  0.0000e+00
97  0.0000e+00
98  0.0000e+00
99  0.0000e+00
100  0.0000e+00
101  0.0000e+00
102  0.0000e+00
103  0.0000e+00
104  0.0000e+00
105  0.0000e+00
106  0.0000e+00
107  0.0000e+00
108  0.0000e+00
109  0.0000e+00
110  0.0000e+00
111  0.0000e+00
112  0.0000e+00
113  0.0000e+00
114  0.0000e+00
115  0.0000e+00
116  0.0000e+00
117  0.0000e+00
118  0.0000e+00

