1  3.0461e-09
2  1.6514e-01
3  1.5613e-10
4  6.9305e-10
5  3.7424e-10
6  1.4294e-07
7  7.7319e-06
8  3.4872e-07
9  1.0169e-06
10  1.6964e-06
11  5.6394e-07
12  8.6747e-07
13  7.9989e-08
14  5.8905e-07
15  1.2280e-07
16  1.4694e-06
17  2.9723e-07
18  1.0782e-06
19  8.6122e-07
20  2.4768e-06
21  7.4259e-07
22  4.8812e-06
23  9.6052e-07
24  4.9189e-06
25  3.3316e-07
26  9.5587e-07
27  4.6274e-08
28  1.1206e-06
29  3.7166e-06
30  3.2890e-06
31  3.1426e-07
32  8.3609e-06
33  7.3983e-06
34  4.0650e-05
35  1.2008e-05
36  1.3860e-05
37  4.9174e-06
38  5.3359e-06
39  1.0318e-06
40  1.0897e-05
41  5.5251e-06
42  7.3789e-06
43  5.2437e-32
44  3.4965e-06
45  1.1725e-06
46  6.3693e-06
47  3.0025e-06
48  2.2881e-06
49  3.6199e-07
50  2.7112e-05
51  7.0016e-06
52  2.8045e-04
53  9.2977e-05
54  2.3290e-04
55  1.7801e-05
56  1.0210e-04
57  8.4347e-06
58  3.8824e-05
59  1.0293e-05
60  1.4463e-04
61  7.5361e-86
62  1.0727e-04
63  4.3212e-05
64  1.3769e-04
65  2.3842e-05
66  1.1865e-04
67  1.7825e-05
68  1.1267e-04
69  1.6577e-05
70  7.4523e-05
71  1.0447e-05
72  8.1384e-05
73  2.3284e-05
74  1.6424e-04
75  3.3763e-05
76  1.2957e-04
77  3.6358e-05
78  2.1080e-05
79  1.1069e-06
80  4.1159e-07
81  1.3648e-07
82  3.8456e-07
83  6.2542e-08
84  6.4184e-13
85  2.4703e-323
86  2.4335e-23
87  1.0010e-26
88  3.7477e-18
89  3.7748e-19
90  6.5192e-11
91  5.6592e-16
92  2.2604e-11
93  6.8733e-26
94  4.6743e-14
95  7.7183e-25
96  1.6400e-21
97  6.3875e-16
98  2.8749e-314
99  -1.7391e-321
100  3.0904e-14
101  3.6462e-313
102  4.5960e-15
103  1.8042e-16
104  1.5355e-17
105  4.0706e-18
106  2.7733e-20
107  9.6646e-22
108  8.6327e-21
109  7.1763e-320
110  7.4023e-23
111  1.5376e-23
112  0.0000e+00
113  0.0000e+00
114  0.0000e+00
115  0.0000e+00
116  0.0000e+00
117  0.0000e+00
118  0.0000e+00

