    1      2  2.7633e-16  5.5266e-16
    4      8  2.5800e-20  2.0640e-19
    6     12  9.4554e-09  1.1346e-07
    6     13  2.1880e-16  2.8444e-15
    7     15  2.4192e-20  3.6288e-19
    8     16  3.7343e-11  5.9749e-10
    8     17  1.8789e-19  3.1941e-18
   10     20  2.3460e-11  4.6919e-10
   10     21  2.5883e-18  5.4355e-17
   10     22  5.2866e-20  1.1631e-18
   11     23  6.3158e-15  1.4526e-13
   12     24  2.2320e-11  5.3567e-10
   12     25  3.8548e-15  9.6371e-14
   12     26  1.0546e-13  2.7419e-12
   13     26  1.1138e-15  2.8960e-14
   13     27  4.8048e-12  1.2973e-10
   14     28  5.1086e-11  1.4304e-09
   14     29  1.8112e-12  5.2525e-11
   14     30  8.1550e-11  2.4465e-09
   15     31  1.2365e-11  3.8332e-10
   16     32  5.4780e-11  1.7530e-09
   16     33  3.9137e-12  1.2915e-10
   16     34  4.0660e-10  1.3824e-08
   16     36  3.0014e-10  1.0805e-08
   17     35  6.7871e-11  2.3755e-09
   17     37  6.7246e-12  2.4881e-10
   18     36  2.3645e-12  8.5121e-11
   18     38  1.9633e-10  7.4607e-09
   18     40  1.6102e-10  6.4408e-09
   19     39  6.7680e-11  2.6395e-09
   19     40  8.7797e-15  3.5119e-13
   19     41  2.0674e-11  8.4762e-10
   20     40  5.0474e-15  2.0190e-13
   20     42  3.8266e-11  1.6072e-09
   20     43  3.3061e-11  1.4216e-09
   20     44  4.1464e-10  1.8244e-08
   20     46  9.0361e-10  4.1566e-08
   21     45  2.9750e-11  1.3388e-09
   22     46  1.2138e-14  5.5833e-13
   22     47  1.4398e-10  6.7672e-09
   22     48  2.7568e-09  1.3233e-07
   22     49  3.3588e-10  1.6458e-08
   22     50  1.9127e-09  9.5637e-08
   23     51  2.9144e-10  1.4864e-08
   24     50  2.0720e-18  1.0360e-16
   24     52  2.1268e-10  1.1060e-08
   24     53  1.0933e-10  5.7944e-09
   24     54  8.7278e-09  4.7130e-07
   25     55  4.2436e-10  2.3340e-08
   26     56  3.6093e-11  2.0212e-09
   26     57  3.5364e-11  2.0157e-09
   26     58  9.4823e-09  5.4998e-07
   27     59  7.7624e-12  4.5798e-10
   28     60  1.6756e-10  1.0054e-08
   28     61  4.0348e-10  2.4612e-08
   28     62  4.8033e-10  2.9780e-08
   28     64  1.7453e-08  1.1170e-06
   29     63  2.5055e-10  1.5784e-08
   29     65  3.6056e-11  2.3436e-09
   30     66  3.0136e-09  1.9890e-07
   30     67  1.9898e-09  1.3332e-07
   30     68  6.8429e-09  4.6532e-07
   30     70  3.6852e-08  2.5797e-06
   31     69  1.1339e-10  7.8237e-09
   31     71  9.0800e-11  6.4468e-09
   32     70  1.4891e-16  1.0424e-14
   32     72  4.3018e-09  3.0973e-07
   32     73  1.4896e-09  1.0874e-07
   32     74  3.5209e-10  2.6055e-08
   32     76  7.8150e-08  5.9394e-06
   33     75  2.0580e-09  1.5435e-07
   34     76  6.6192e-15  5.0306e-13
   34     77  3.8632e-10  2.9746e-08
   34     78  1.7336e-08  1.3522e-06
   34     80  1.9882e-07  1.5906e-05
   34     82  1.8398e-06  1.5086e-04
   35     79  8.8021e-09  6.9537e-07
   35     81  8.7051e-09  7.0512e-07
   36     82  1.8591e-13  1.5245e-11
   36     83  3.1472e-05  2.6122e-03
   36     84  2.9227e-03  2.4550e-01
   36     86  6.3551e-05  5.4654e-03
   37     85  4.4385e-04  3.7727e-02
   37     87  2.7209e-04  2.3672e-02
   38     86  6.3136e-14  5.4297e-12
   38     87  1.9920e-06  1.7330e-04
   38     88  3.4643e-03  3.0486e-01
   39     89  1.4955e-04  1.3310e-02
   40     90  1.5795e-03  1.4215e-01
   40     91  5.6011e-04  5.0970e-02
   40     92  5.2538e-05  4.8335e-03
   40     94  1.1708e-03  1.1005e-01
   41     93  4.2611e-05  3.9628e-03
   42     95  4.1400e-05  3.9330e-03
   42     96  9.4595e-06  9.0811e-04
   42     97  4.1850e-06  4.0594e-04
   42     98  1.9993e-05  1.9593e-03
   42    100  1.0465e-05  1.0465e-03
   44     99  1.4152e-07  1.4011e-05
   44    100  6.1879e-14  6.1879e-12
   44    101  2.1338e-07  2.1551e-05
   44    102  4.5484e-06  4.6393e-04
   44    104  1.3041e-07  1.3563e-05
   45    103  1.6089e-06  1.6572e-04
   46    104  1.8961e-14  1.9720e-12
   46    105  6.5106e-08  6.8361e-06
   46    106  1.0524e-06  1.1156e-04
   46    108  1.1597e-08  1.2525e-06
   46    110  5.6958e-09  6.2653e-07
   47    107  8.8250e-09  9.4427e-07
   47    109  4.1773e-08  4.5533e-06
   48    110  6.1038e-14  6.7142e-12
   48    111  1.0486e-09  1.1639e-07
   48    112  1.1052e-08  1.2378e-06
   48    113  7.8584e-10  8.8800e-08
   48    114  9.3265e-11  1.0632e-08
   48    116  6.1155e-11  7.0940e-09
   49    113  3.4585e-17  3.9081e-15
   49    115  1.4488e-09  1.6661e-07
   50    115  1.1559e-15  1.3293e-13
   50    116  3.7952e-17  4.4024e-15
   50    117  3.3985e-11  3.9762e-09
   50    118  1.1283e-10  1.3314e-08
   50    119  1.0960e-12  1.3043e-10
   50    120  8.9233e-12  1.0708e-09
   50    122  1.9009e-13  2.3192e-11
   50    124  4.4502e-13  5.5182e-11
   51    121  7.9624e-12  9.6345e-10
   51    123  2.1581e-12  2.6545e-10
   52    122  6.0957e-18  7.4368e-16
   52    124  1.3169e-20  1.6330e-18
   52    125  4.1632e-13  5.2040e-11
   52    126  6.5690e-13  8.2770e-11
   52    128  6.4528e-14  8.2596e-12
   52    130  3.1538e-15  4.1000e-13
   53    127  7.2490e-15  9.2062e-13
   53    129  1.2431e-20  1.6036e-18
   54    129  4.8339e-14  6.2358e-12
   54    131  1.2776e-14  1.6737e-12
   54    132  3.5310e-15  4.6609e-13
   54    134  2.6931e-18  3.6087e-16
   55    133  7.1696e-17  9.5355e-15
   56    135  1.0055e-20  1.3575e-18
    1      1  4.6381e-09  4.6381e-09
    2      4  1.1367e-02  4.5469e-02


