    1      2  4.5187e-17  9.0374e-17
    3      6  1.3276e-20  7.9655e-20
    4      8  1.1050e-19  8.8401e-19
    4      9  2.1746e-19  1.9571e-18
    5     10  2.7139e-20  2.7139e-19
    6     12  5.1049e-08  6.1259e-07
    6     13  6.5550e-15  8.5215e-14
    7     14  2.3172e-19  3.2441e-18
    7     15  2.7442e-15  4.1162e-14
    8     16  2.2618e-09  3.6189e-08
    8     17  3.0905e-16  5.2539e-15
    8     18  2.0087e-16  3.6157e-15
    9     19  2.9551e-16  5.6146e-15
   10     20  1.7155e-09  3.4311e-08
   10     21  1.5820e-14  3.3222e-13
   10     22  6.4829e-17  1.4262e-15
   11     23  1.9122e-13  4.3981e-12
   12     24  6.3488e-10  1.5237e-08
   12     25  1.3818e-10  3.4546e-09
   12     26  4.3242e-10  1.1243e-08
   13     26  4.5834e-16  1.1917e-14
   13     27  2.8209e-10  7.6164e-09
   14     28  3.2455e-10  9.0875e-09
   14     29  4.1776e-10  1.2115e-08
   14     30  1.1161e-09  3.3483e-08
   15     31  1.4482e-09  4.4895e-08
   16     32  5.8341e-09  1.8669e-07
   16     33  2.5161e-09  8.3031e-08
   16     34  2.1935e-08  7.4579e-07
   16     36  9.9757e-10  3.5913e-08
   17     35  5.3108e-10  1.8588e-08
   17     37  2.8683e-09  1.0613e-07
   18     36  4.6751e-15  1.6830e-13
   18     38  4.8471e-09  1.8419e-07
   18     40  5.8154e-11  2.3262e-09
   19     39  8.3012e-10  3.2375e-08
   19     40  6.9110e-20  2.7644e-18
   19     41  1.2636e-10  5.1806e-09
   20     40  2.5815e-20  1.0326e-18
   20     42  8.0257e-08  3.3708e-06
   20     43  3.2725e-08  1.4072e-06
   20     44  5.9277e-08  2.6082e-06
   20     46  7.1938e-09  3.3091e-07
   21     45  1.4497e-09  6.5235e-08
   22     47  1.2381e-07  5.8190e-06
   22     48  5.3230e-07  2.5551e-05
   22     49  6.5456e-09  3.2073e-07
   22     50  2.6622e-08  1.3311e-06
   23     51  1.0719e-07  5.4665e-06
   24     52  2.9842e-06  1.5518e-04
   24     53  5.2744e-07  2.7954e-05
   24     54  2.8183e-07  1.5219e-05
   25     55  1.2543e-08  6.8988e-07
   26     56  4.0677e-07  2.2779e-05
   26     57  7.9569e-08  4.5355e-06
   26     58  2.0266e-06  1.1754e-04
   27     59  1.2574e-06  7.4187e-05
   28     60  3.1970e-07  1.9182e-05
   28     61  7.3545e-07  4.4862e-05
   28     62  3.0128e-07  1.8679e-05
   28     64  1.3588e-06  8.6961e-05
   29     63  4.6476e-07  2.9280e-05
   29     65  7.0437e-07  4.5784e-05
   30     64  2.7615e-20  1.7674e-18
   30     66  5.1331e-07  3.3879e-05
   30     67  7.4720e-07  5.0062e-05
   30     68  4.2761e-07  2.9077e-05
   30     70  9.9153e-08  6.9407e-06
   31     69  7.6475e-08  5.2768e-06
   31     71  3.0180e-08  2.1428e-06
   32     70  2.6121e-16  1.8285e-14
   32     72  3.8533e-07  2.7744e-05
   32     73  2.6491e-06  1.9339e-04
   32     74  1.1334e-06  8.3870e-05
   32     76  4.7126e-06  3.5815e-04
   33     75  2.1006e-06  1.5754e-04
   34     76  6.9189e-14  5.2584e-12
   34     77  9.7774e-06  7.5286e-04
   34     78  1.3970e-05  1.0897e-03
   34     80  3.6321e-05  2.9057e-03
   34     82  9.8311e-08  8.0615e-06
   35     79  7.7009e-06  6.0837e-04
   35     81  2.1909e-06  1.7746e-04
   36     82  5.9366e-14  4.8680e-12
   36     83  5.9706e-06  4.9556e-04
   36     84  2.8915e-05  2.4288e-03
   36     86  8.2936e-06  7.1325e-04
   37     85  4.6568e-06  3.9583e-04
   37     87  6.4515e-06  5.6128e-04
   38     86  2.6772e-20  2.3024e-18
   38     87  4.7238e-08  4.1097e-06
   38     88  4.8300e-05  4.2504e-03
   39     89  3.6956e-05  3.2891e-03
   40     90  1.4850e-04  1.3365e-02
   40     91  2.5487e-05  2.3193e-03
   40     92  1.9247e-05  1.7707e-03
   40     94  1.6299e-05  1.5321e-03
   41     93  1.2339e-05  1.1475e-03
   42     95  9.5804e-06  9.1014e-04
   42     96  9.3603e-05  8.9859e-03
   42     97  5.0878e-05  4.9351e-03
   42     98  5.2598e-05  5.1546e-03
   42    100  2.5045e-04  2.5045e-02
   44     99  8.0500e-05  7.9695e-03
   44    100  4.3719e-12  4.3719e-10
   44    101  6.9381e-04  7.0075e-02
   44    102  1.7877e-03  1.8234e-01
   44    104  4.1655e-04  4.3321e-02
   45    103  2.5915e-04  2.6693e-02
   46    104  5.5405e-17  5.7621e-15
   46    105  4.5994e-04  4.8294e-02
   46    106  1.6549e-04  1.7542e-02
   46    108  6.0542e-04  6.5386e-02
   46    110  1.4937e-04  1.6431e-02
   47    107  9.0762e-05  9.7115e-03
   47    109  1.2658e-04  1.3797e-02
   48    110  8.2976e-13  9.1274e-11
   48    111  3.8390e-05  4.2613e-03
   48    112  6.6398e-05  7.4366e-03
   48    113  3.4334e-05  3.8797e-03
   48    114  1.6254e-04  1.8530e-02
   48    116  1.2242e-05  1.4201e-03
   49    113  1.5110e-12  1.7075e-10
   49    115  3.0111e-05  3.4628e-03
   50    115  2.4025e-11  2.7628e-09
   50    116  1.3702e-12  1.5894e-10
   50    117  1.6575e-05  1.9392e-03
   50    118  1.4398e-05  1.6990e-03
   50    119  7.1604e-06  8.5209e-04
   50    120  4.9314e-06  5.9177e-04
   50    122  4.9878e-06  6.0851e-04
   50    124  2.4392e-05  3.0246e-03
   51    121  2.6519e-06  3.2088e-04
   51    123  7.7414e-06  9.5219e-04
   52    122  2.4661e-14  3.0086e-12
   52    124  1.5896e-15  1.9711e-13
   52    125  1.5722e-05  1.9653e-03
   52    126  2.2569e-05  2.8437e-03
   52    128  1.6121e-05  2.0634e-03
   52    130  5.3493e-07  6.9541e-05
   53    127  1.9893e-05  2.5264e-03
   53    129  3.0644e-14  3.9531e-12
   54    128  7.3490e-17  9.4068e-15
   54    129  4.3774e-06  5.6468e-04
   54    130  1.3510e-15  1.7563e-13
   54    131  1.8554e-08  2.4306e-06
   54    132  9.6393e-10  1.2724e-07
   54    134  1.9629e-15  2.6303e-13
   54    136  9.7760e-15  1.3295e-12
   55    133  1.2920e-12  1.7184e-10
   56    135  2.0326e-15  2.7440e-13
   56    137  7.7648e-16  1.0638e-13
   56    138  2.0450e-15  2.8221e-13
   57    139  5.1329e-17  7.1348e-15
   58    140  2.7474e-17  3.8463e-15
   58    142  6.8594e-18  9.7404e-16
   59    141  2.6922e-17  3.7961e-15
   60    143  1.2515e-18  1.7896e-16
   60    144  5.1880e-18  7.4708e-16
   60    145  5.2248e-19  7.5760e-17
   60    146  1.1719e-19  1.7110e-17
   60    150  6.7137e-20  1.0071e-17
   62    147  6.8695e-20  1.0098e-17
   62    152  3.2001e-20  4.8642e-18
   63    151  1.8021e-20  2.7211e-18
   63    153  1.3969e-20  2.1373e-18
    1      1  2.9202e-11  2.9202e-11
    2      4  8.8729e-02  3.5492e-01


