    1      2  2.9559e-08  5.9118e-08
    2      3  1.7866e-10  5.3597e-10
    3      6  1.4747e-17  8.8480e-17
    3      7  2.1073e-09  1.4751e-08
    4      8  1.0023e-07  8.0186e-07
    4      9  4.8975e-08  4.4077e-07
    5     10  5.0803e-07  5.0803e-06
    5     11  9.0481e-10  9.9530e-09
    6     12  5.5684e-09  6.6820e-08
    6     13  1.0342e-08  1.3444e-07
    7     14  7.5845e-08  1.0618e-06
    7     15  1.2389e-05  1.8584e-04
    8     16  6.8880e-06  1.1021e-04
    8     17  2.6658e-07  4.5319e-06
    8     18  3.9545e-07  7.1182e-06
    9     19  1.1814e-06  2.2446e-05
   10     20  2.2831e-06  4.5661e-05
   10     21  2.0278e-06  4.2584e-05
   10     22  4.0154e-08  8.8338e-07
   11     23  8.5159e-07  1.9587e-05
   12     24  4.2990e-07  1.0318e-05
   12     25  2.4686e-07  6.1714e-06
   12     26  2.1170e-07  5.5041e-06
   13     27  1.2392e-07  3.3459e-06
   14     28  1.6092e-07  4.5058e-06
   14     29  7.1732e-08  2.0802e-06
   14     30  1.3302e-07  3.9906e-06
   15     31  3.3956e-08  1.0526e-06
   16     32  1.2218e-07  3.9097e-06
   16     33  1.9598e-07  6.4674e-06
   16     34  2.5720e-07  8.7447e-06
   16     36  3.6943e-08  1.3300e-06
   17     35  3.1386e-08  1.0985e-06
   17     37  1.5654e-09  5.7920e-08
   18     36  8.7628e-16  3.1546e-14
   18     38  1.2608e-08  4.7910e-07
   18     40  7.4517e-09  2.9807e-07
   19     39  4.0892e-09  1.5948e-07
   19     41  3.6803e-09  1.5089e-07
   20     42  1.4388e-08  6.0431e-07
   20     43  6.8117e-09  2.9290e-07
   20     44  1.1809e-08  5.1962e-07
   20     46  4.0294e-09  1.8535e-07
   21     45  6.7472e-09  3.0362e-07
   22     46  6.2602e-18  2.8797e-16
   22     47  9.2052e-10  4.3265e-08
   22     48  1.1850e-10  5.6881e-09
   22     49  3.4803e-11  1.7054e-09
   22     50  6.4771e-12  3.2385e-10
   23     51  2.6841e-11  1.3689e-09
   24     52  1.4058e-11  7.3101e-10
   24     53  1.1225e-09  5.9495e-08
   24     54  3.2217e-10  1.7397e-08
   25     55  3.0786e-11  1.6932e-09
   26     56  1.2146e-10  6.8017e-09
   26     57  1.4021e-11  7.9922e-10
   26     58  4.5735e-11  2.6526e-09
   27     59  1.2475e-11  7.3600e-10
   28     60  2.6029e-11  1.5617e-09
   28     61  2.9670e-13  1.8099e-11
   28     62  5.1183e-13  3.1734e-11
   28     64  7.5205e-11  4.8131e-09
   29     63  1.1043e-11  6.9570e-10
   29     65  4.9124e-12  3.1931e-10
   30     66  9.1545e-12  6.0420e-10
   30     67  1.4722e-11  9.8634e-10
   30     68  2.0386e-11  1.3862e-09
   30     70  3.8913e-12  2.7239e-10
   31     69  8.9491e-12  6.1749e-10
   31     71  1.9541e-12  1.3874e-10
   32     70  1.1238e-15  7.8664e-14
   32     72  1.4568e-12  1.0489e-10
   32     73  5.9256e-13  4.3257e-11
   32     74  3.3931e-10  2.5109e-08
   32     76  1.4801e-09  1.1249e-07
   33     75  8.4833e-10  6.3624e-08
   34     76  2.6127e-13  1.9856e-11
   34     77  3.6370e-10  2.8005e-08
   34     78  2.0345e-10  1.5869e-08
   34     80  4.5053e-09  3.6042e-07
   34     82  3.6546e-09  2.9968e-07
   35     79  9.8383e-11  7.7723e-09
   35     81  6.0377e-10  4.8905e-08
   36     82  2.5067e-13  2.0555e-11
   36     83  1.0616e-08  8.8109e-07
   36     84  1.3763e-09  1.1561e-07
   36     86  2.3948e-10  2.0595e-08
   37     85  1.9333e-09  1.6433e-07
   37     87  2.6520e-09  2.3072e-07
   38     86  2.9005e-19  2.4944e-17
   38     87  1.9417e-11  1.6893e-09
   38     88  2.6700e-10  2.3496e-08
   39     89  1.5368e-10  1.3678e-08
   40     90  3.6613e-10  3.2952e-08
   40     91  1.1118e-09  1.0117e-07
   40     92  5.5892e-09  5.1420e-07
   40     94  4.1663e-08  3.9164e-06
   41     93  8.8335e-09  8.2152e-07
   42     95  5.2917e-08  5.0271e-06
   42     96  3.2804e-08  3.1492e-06
   42     97  1.2573e-08  1.2195e-06
   42     98  1.3751e-08  1.3476e-06
   42    100  5.1992e-09  5.1992e-07
   44     99  2.9599e-09  2.9303e-07
   44    100  5.7269e-12  5.7269e-10
   44    101  1.5325e-09  1.5479e-07
   44    102  1.9822e-09  2.0219e-07
   44    104  1.2331e-09  1.2824e-07
   45    103  8.2734e-10  8.5216e-08
   46    104  2.7669e-17  2.8776e-15
   46    105  2.4525e-10  2.5752e-08
   46    106  2.3051e-10  2.4435e-08
   46    108  1.4156e-10  1.5288e-08
   46    110  1.9889e-10  2.1877e-08
   47    107  8.5125e-11  9.1084e-09
   47    109  4.1433e-11  4.5162e-09
   48    110  3.8575e-15  4.2433e-13
   48    111  5.1980e-11  5.7698e-09
   48    112  1.1461e-10  1.2836e-08
   48    113  3.0321e-11  3.4263e-09
   48    114  1.8600e-10  2.1204e-08
   48    116  6.3237e-10  7.3355e-08
   49    113  1.3344e-18  1.5079e-16
   49    115  1.6960e-10  1.9504e-08
   50    115  1.3532e-16  1.5561e-14
   50    116  8.4913e-14  9.8500e-12
   50    117  2.3590e-10  2.7600e-08
   50    118  1.5875e-10  1.8732e-08
   50    119  2.2458e-11  2.6725e-09
   50    120  3.3766e-11  4.0519e-09
   50    122  2.3926e-10  2.9190e-08
   50    124  2.9757e-11  3.6898e-09
   51    121  1.4656e-10  1.7734e-08
   51    123  2.8048e-11  3.4500e-09
   52    122  7.8588e-15  9.5877e-13
   52    124  1.7585e-16  2.1806e-14
   52    125  1.0413e-09  1.3017e-07
   52    126  6.0278e-10  7.5951e-08
   52    128  5.0795e-09  6.5018e-07
   52    130  8.9331e-08  1.1613e-05
   53    127  6.1318e-09  7.7873e-07
   53    129  5.1313e-15  6.6193e-13
   54    128  2.7472e-15  3.5164e-13
   54    129  2.3218e-07  2.9951e-05
   54    130  3.9097e-12  5.0826e-10
   54    131  8.6816e-08  1.1373e-05
   54    132  1.3097e-07  1.7289e-05
   54    134  7.4891e-09  1.0035e-06
   54    136  1.3332e-08  1.8131e-06
   55    133  3.2759e-08  4.3569e-06
   56    134  7.4988e-16  1.0048e-13
   56    135  1.1496e-09  1.5520e-07
   56    136  9.7539e-15  1.3265e-12
   56    137  5.6277e-09  7.7100e-07
   56    138  4.8770e-08  6.7302e-06
   57    139  1.0264e-09  1.4267e-07
   58    140  7.9101e-10  1.1074e-07
   58    142  6.9473e-09  9.8652e-07
   59    141  2.9037e-09  4.0942e-07
   60    142  4.8574e-17  6.8975e-15
   60    143  5.7954e-09  8.2874e-07
   60    144  5.6889e-09  8.1920e-07
   60    145  5.7136e-10  8.2848e-08
   60    146  9.2058e-10  1.3440e-07
   60    148  3.7593e-10  5.5637e-08
   60    150  1.1580e-10  1.7369e-08
   62    147  3.0931e-10  4.5469e-08
   62    148  5.1643e-13  7.6432e-11
   62    149  9.3790e-11  1.3975e-08
   62    150  2.0774e-13  3.1161e-11
   62    152  1.2946e-11  1.9679e-09
   62    154  2.5020e-12  3.8530e-10
   63    151  7.1927e-12  1.0861e-09
   63    153  3.1618e-12  4.8376e-10
   64    154  1.1659e-16  1.7954e-14
   64    155  7.2543e-12  1.1244e-09
   64    156  3.7955e-12  5.9210e-10
   64    157  1.5719e-12  2.4678e-10
   64    158  3.4662e-12  5.4766e-10
   64    160  2.7815e-13  4.4504e-11
   65    159  1.5815e-13  2.5146e-11
   66    160  4.3758e-19  7.0013e-17
   66    161  1.6277e-13  2.6205e-11
   66    162  8.6330e-14  1.3985e-11
   66    163  1.0654e-13  1.7366e-11
   66    164  5.3571e-14  8.7857e-12
   67    165  9.1951e-14  1.5172e-11
   68    166  2.9970e-14  4.9750e-12
   68    167  8.8142e-14  1.4720e-11
   68    168  4.7567e-14  7.9912e-12
   68    170  3.1808e-14  5.4074e-12
   69    169  6.8539e-13  1.1583e-10
   70    170  1.3823e-18  2.3500e-16
   70    171  2.8279e-13  4.8357e-11
   70    172  4.6056e-14  7.9216e-12
   70    173  2.9153e-14  5.0435e-12
   70    174  2.4476e-13  4.2589e-11
   70    176  4.8583e-14  8.5507e-12
   71    175  3.5157e-14  6.1526e-12
   71    176  1.8155e-20  3.1953e-18
   72    177  4.3184e-13  7.6436e-11
   72    178  1.0427e-13  1.8559e-11
   72    179  7.7234e-14  1.3825e-11
   72    180  1.6718e-13  3.0092e-11
   73    181  3.6801e-13  6.6609e-11
   74    182  3.9053e-13  7.1076e-11
   74    183  5.4353e-13  9.9466e-11
   74    184  7.3087e-13  1.3448e-10
   74    186  3.0277e-13  5.6315e-11
   75    185  3.9006e-13  7.2162e-11
   75    187  5.7084e-13  1.0675e-10
   76    187  4.6390e-15  8.6749e-13
   76    188  7.4640e-13  1.4032e-10
   76    189  1.4001e-12  2.6461e-10
   76    190  1.4334e-12  2.7234e-10
   76    192  2.5409e-12  4.8785e-10
   77    191  4.5592e-12  8.7080e-10
   77    193  5.7513e-13  1.1100e-10
   78    192  6.7954e-19  1.3047e-16
   78    194  1.7201e-12  3.3370e-10
   78    195  2.5963e-12  5.0628e-10
   78    196  1.7592e-12  3.4479e-10
   78    198  4.0254e-12  7.9704e-10
   79    197  5.2500e-12  1.0342e-09
   80    198  3.0840e-18  6.1064e-16
   80    199  9.7518e-13  1.9406e-10
   80    200  5.3306e-12  1.0661e-09
   80    201  4.3890e-12  8.8219e-10
   80    202  1.2188e-11  2.4619e-09
   80    204  1.1332e-11  2.3117e-09
   80    206  7.7346e-20  1.5933e-17
   81    203  1.9976e-11  4.0550e-09
   81    205  7.3318e-12  1.5030e-09
   82    204  1.6930e-20  3.4537e-18
   82    206  9.7962e-11  2.0180e-08
   82    207  1.9820e-10  4.1028e-08
   82    208  1.2049e-10  2.5061e-08
   82    210  5.3714e-18  1.1280e-15
   83    209  2.5454e-10  5.3199e-08
   83    215  7.5357e-18  1.6202e-15
   84    216  1.9277e-13  4.1639e-11
   88    226  1.3140e-17  2.9697e-15
   88    228  1.3445e-16  3.0655e-14
   89    227  4.2976e-18  9.7556e-16
   90    230  6.1930e-16  1.4244e-13
   90    232  5.8853e-11  1.3654e-08
   91    231  6.4430e-15  1.4883e-12
   92    234  2.0166e-15  4.7189e-13
   92    235  1.3886e-10  3.2633e-08
   92    236  2.8384e-13  6.6985e-11
   92    238  3.6687e-11  8.7314e-09
   94    240  5.6193e-17  1.3486e-14
   94    244  6.8400e-13  1.6690e-10
   96    247  4.0779e-18  1.0072e-15
   97    246  8.9491e-15  2.2015e-12
  100    258  8.2106e-11  2.1183e-08
  100    260  4.7620e-10  1.2381e-07
  100    262  4.8357e-09  1.2670e-06
  102    261  3.8383e-09  1.0018e-06
  102    263  7.4162e-09  1.9505e-06
  102    264  7.0138e-09  1.8517e-06
  102    266  6.4035e-09  1.7033e-06
  103    265  9.5858e-09  2.5402e-06
  104    267  9.0410e-10  2.4139e-07
  104    268  4.5842e-10  1.2286e-07
  104    270  3.5088e-09  9.4737e-07
  104    272  8.6869e-10  2.3628e-07
  104    274  1.0966e-09  3.0047e-07
  105    269  2.1234e-09  5.7119e-07
  105    271  2.3799e-09  6.4495e-07
  106    273  1.4767e-09  4.0315e-07
  106    274  3.1017e-20  8.4987e-18
  106    275  4.9425e-09  1.3592e-06
  106    276  2.0004e-08  5.5212e-06
  106    278  6.8440e-09  1.9026e-06
  106    280  6.4539e-08  1.8071e-05
  107    277  1.1389e-08  3.1548e-06
  108    279  3.3986e-08  9.4822e-06
  108    280  2.0675e-20  5.7889e-18
  108    281  4.2427e-08  1.1922e-05
  108    282  1.2493e-07  3.5231e-05
  108    283  1.6872e-07  4.7747e-05
  108    284  3.5910e-07  1.0198e-04
  108    286  1.6279e-06  4.6558e-04
  110    285  1.0446e-06  2.9772e-04
  110    286  3.3769e-13  9.6580e-11
  110    287  1.0356e-06  2.9723e-04
  110    288  6.5509e-07  1.8866e-04
  110    290  2.0432e-06  5.9253e-04
  111    289  6.4741e-07  1.8710e-04
  111    290  7.9911e-14  2.3174e-11
  111    291  1.7316e-06  5.0388e-04
  111    292  1.5074e-05  4.4017e-03
  111    293  9.0648e-06  2.6560e-03
  111    294  1.6785e-05  4.9347e-03
  111    295  9.8080e-06  2.8934e-03
  111    296  4.6729e-06  1.3832e-03
  111    297  1.6785e-06  4.9851e-04
  111    298  5.6903e-07  1.6957e-04
  111    299  1.1298e-10  3.3781e-08
  111    300  1.2236e-09  3.6707e-07
  111    301  6.5755e-07  1.9792e-04
  111    302  1.2760e-06  3.8536e-04
  111    303  8.8462e-07  2.6804e-04
  111    304  1.7805e-06  5.4128e-04
  111    305  2.0144e-06  6.1439e-04
  111    306  3.3614e-06  1.0286e-03
  111    307  2.7008e-06  8.2915e-04
  111    308  2.4991e-06  7.6972e-04
  111    309  2.6256e-06  8.1132e-04
  111    310  2.9647e-06  9.1906e-04
  111    311  2.4346e-06  7.5716e-04
  111    312  2.2167e-06  6.9160e-04
  111    313  1.6781e-06  5.2523e-04
  111    314  1.7127e-06  5.3779e-04
  111    315  1.6257e-06  5.1208e-04
  111    316  2.2483e-06  7.1047e-04
  111    317  2.1378e-06  6.7767e-04
  111    318  4.0234e-06  1.2794e-03
  111    319  3.9486e-06  1.2596e-03
  111    320  4.4977e-06  1.4393e-03
  111    321  4.2867e-06  1.3760e-03
  111    322  7.5307e-06  2.4249e-03
  111    323  8.1462e-06  2.6312e-03
  111    324  2.0246e-05  6.5596e-03
  111    325  1.0532e-05  3.4231e-03
  111    326  2.2583e-05  7.3620e-03
  111    327  9.7187e-05  3.1780e-02
  111    328  3.3185e-05  1.0885e-02
  111    329  6.6893e-05  2.2008e-02
  111    330  8.1548e-06  2.6911e-03
  111    331  3.7903e-05  1.2546e-02
  111    332  1.9422e-05  6.4480e-03
  111    333  3.1875e-05  1.0614e-02
  111    334  2.1529e-06  7.1907e-04
  111    335  5.1022e-06  1.7092e-03
  111    336  3.1164e-07  1.0471e-04
  111    337  1.9392e-04  6.5351e-02
    1      1  4.2386e-06  4.2386e-06
    2      4  1.9407e-01  7.7627e-01


