    1      2  1.3582e-04  2.7163e-04
    2      3  1.5838e-06  4.7514e-06
    3      7  1.6195e-09  1.1336e-08
    4      8  4.5411e-07  3.6329e-06
    4      9  3.0125e-09  2.7113e-08
    5     10  2.8449e-08  2.8449e-07
    5     11  6.1114e-08  6.7226e-07
    6     12  3.9179e-08  4.7014e-07
    6     13  7.1926e-08  9.3504e-07
    7     14  2.2451e-06  3.1431e-05
    7     15  1.6996e-06  2.5494e-05
    8     16  7.6903e-06  1.2305e-04
    8     17  1.1508e-07  1.9563e-06
    8     18  1.7567e-06  3.1620e-05
    9     19  6.2483e-08  1.1872e-06
   10     20  7.4539e-07  1.4908e-05
   10     21  8.6932e-07  1.8256e-05
   10     22  7.7612e-06  1.7075e-04
   11     23  1.5453e-06  3.5541e-05
   12     24  1.3409e-06  3.2182e-05
   12     25  7.9523e-07  1.9881e-05
   12     26  6.6218e-07  1.7217e-05
   13     27  9.0782e-09  2.4511e-07
   14     28  2.0115e-07  5.6323e-06
   14     29  1.0940e-08  3.1725e-07
   14     30  2.4416e-09  7.3248e-08
   15     31  5.3882e-09  1.6704e-07
   16     32  7.1508e-08  2.2883e-06
   16     33  7.4071e-09  2.4443e-07
   16     34  1.4897e-08  5.0649e-07
   16     36  2.5893e-07  9.3215e-06
   17     35  1.0381e-07  3.6334e-06
   17     37  1.2576e-08  4.6532e-07
   18     36  1.8364e-13  6.6110e-12
   18     38  8.1208e-08  3.0859e-06
   18     40  2.5039e-10  1.0016e-08
   19     39  2.2048e-09  8.5988e-08
   19     40  6.5532e-20  2.6213e-18
   19     41  5.6838e-11  2.3303e-09
   20     40  1.8830e-20  7.5318e-19
   20     42  3.6906e-10  1.5501e-08
   20     43  7.2979e-11  3.1381e-09
   20     44  6.3400e-10  2.7896e-08
   20     46  4.0799e-10  1.8768e-08
   21     45  2.4580e-10  1.1061e-08
   22     46  3.6515e-17  1.6797e-15
   22     47  1.8465e-10  8.6784e-09
   22     48  6.1905e-09  2.9714e-07
   22     49  1.7028e-10  8.3435e-09
   22     50  1.5456e-10  7.7282e-09
   23     51  3.1694e-11  1.6164e-09
   24     52  1.6033e-11  8.3372e-10
   24     53  2.3395e-11  1.2399e-09
   24     54  3.8910e-11  2.1011e-09
   25     55  3.5991e-12  1.9795e-10
   26     56  1.0499e-11  5.8795e-10
   26     57  2.1654e-11  1.2343e-09
   26     58  1.3370e-10  7.7548e-09
   27     59  1.7962e-12  1.0598e-10
   28     60  4.9876e-10  2.9926e-08
   28     61  2.2856e-12  1.3942e-10
   28     62  7.8675e-12  4.8778e-10
   28     64  2.7715e-10  1.7738e-08
   29     63  1.9175e-11  1.2080e-09
   29     65  1.6123e-12  1.0480e-10
   30     64  2.2678e-20  1.4514e-18
   30     66  2.0227e-11  1.3350e-09
   30     67  2.8874e-12  1.9346e-10
   30     68  1.6827e-11  1.1443e-09
   30     70  2.6121e-11  1.8285e-09
   31     69  2.3743e-12  1.6383e-10
   31     71  4.4501e-12  3.1596e-10
   32     70  1.1853e-14  8.2969e-13
   32     72  2.8923e-11  2.0825e-09
   32     73  5.0541e-12  3.6895e-10
   32     74  1.0936e-11  8.0926e-10
   32     76  7.1053e-11  5.4000e-09
   33     75  1.3486e-11  1.0115e-09
   34     76  8.3511e-14  6.3468e-12
   34     77  4.3702e-12  3.3651e-10
   34     78  7.6140e-11  5.9389e-09
   34     80  8.0856e-11  6.4685e-09
   34     82  2.1970e-10  1.8015e-08
   35     79  1.5188e-11  1.1998e-09
   35     81  1.1332e-11  9.1786e-10
   36     82  4.4660e-13  3.6621e-11
   36     83  8.3035e-12  6.8919e-10
   36     84  1.3691e-11  1.1501e-09
   36     86  1.1621e-10  9.9944e-09
   37     85  7.8297e-11  6.6552e-09
   37     87  2.2882e-11  1.9907e-09
   38     86  1.4730e-17  1.2668e-15
   38     87  1.6752e-13  1.4574e-11
   38     88  4.3060e-11  3.7893e-09
   39     89  1.7030e-11  1.5157e-09
   40     90  2.8390e-11  2.5551e-09
   40     91  1.4485e-11  1.3181e-09
   40     92  5.6350e-11  5.1842e-09
   40     94  2.2125e-11  2.0798e-09
   41     93  1.6219e-11  1.5084e-09
   42     95  3.1168e-11  2.9610e-09
   42     96  1.0722e-10  1.0294e-08
   42     97  1.9311e-11  1.8731e-09
   42     98  2.4962e-11  2.4463e-09
   42    100  2.4875e-11  2.4875e-09
   44     99  1.0786e-11  1.0678e-09
   44    100  7.8777e-15  7.8777e-13
   44    101  3.4242e-12  3.4585e-10
   44    102  1.0281e-11  1.0487e-09
   44    104  4.9793e-12  5.1785e-10
   45    103  4.5329e-12  4.6689e-10
   46    104  1.4118e-16  1.4683e-14
   46    105  3.7920e-12  3.9816e-10
   46    106  8.1976e-12  8.6895e-10
   46    108  1.2750e-11  1.3770e-09
   46    110  1.7248e-11  1.8973e-09
   47    107  3.4129e-12  3.6518e-10
   47    109  3.2997e-12  3.5967e-10
   48    110  1.0931e-14  1.2024e-12
   48    111  2.7387e-12  3.0400e-10
   48    112  1.0616e-11  1.1890e-09
   48    113  3.5565e-12  4.0189e-10
   48    114  1.6664e-11  1.8997e-09
   48    116  6.6663e-12  7.7329e-10
   49    113  1.5652e-19  1.7687e-17
   49    115  6.0202e-12  6.9232e-10
   50    115  4.8033e-18  5.5237e-16
   50    116  3.6331e-15  4.2143e-13
   50    117  2.5828e-12  3.0219e-10
   50    118  1.4218e-11  1.6777e-09
   50    119  4.6108e-12  5.4869e-10
   50    120  2.4846e-11  2.9815e-09
   50    122  3.5740e-11  4.3603e-09
   50    124  3.1285e-11  3.8794e-09
   51    121  5.5068e-12  6.6632e-10
   51    123  1.2962e-12  1.5944e-10
   52    122  6.1220e-15  7.4688e-13
   52    124  6.3645e-16  7.8920e-14
   52    125  1.1948e-11  1.4935e-09
   52    126  8.4632e-11  1.0664e-08
   52    128  9.4136e-11  1.2049e-08
   52    130  7.3435e-10  9.5466e-08
   53    127  7.1852e-12  9.1252e-10
   53    129  3.0159e-17  3.8905e-15
   54    128  4.8620e-19  6.2233e-17
   54    129  7.8567e-11  1.0135e-08
   54    130  1.4843e-14  1.9296e-12
   54    131  1.5691e-09  2.0555e-07
   54    132  3.8528e-09  5.0857e-07
   54    134  3.6332e-09  4.8685e-07
   54    136  2.9184e-10  3.9690e-08
   55    133  4.7242e-09  6.2832e-07
   56    134  9.3600e-16  1.2542e-13
   56    135  6.7552e-10  9.1195e-08
   56    136  8.5771e-15  1.1665e-12
   56    137  1.2649e-11  1.7329e-09
   56    138  1.4648e-10  2.0215e-08
   57    139  2.8722e-11  3.9924e-09
   58    140  2.9040e-11  4.0656e-09
   58    142  2.0196e-11  2.8678e-09
   59    141  6.7743e-12  9.5518e-10
   60    142  2.0843e-19  2.9598e-17
   60    143  5.9622e-12  8.5259e-10
   60    144  6.9800e-12  1.0051e-09
   60    145  8.0379e-13  1.1655e-10
   60    146  4.1742e-12  6.0943e-10
   60    148  2.0684e-12  3.0612e-10
   60    150  4.3446e-12  6.5170e-10
   62    147  1.5830e-12  2.3270e-10
   62    148  1.8778e-17  2.7792e-15
   62    149  3.1403e-13  4.6790e-11
   62    150  4.5554e-15  6.8332e-13
   62    152  8.5792e-13  1.3040e-10
   62    154  5.9973e-13  9.2359e-11
   63    151  2.2096e-13  3.3366e-11
   63    153  3.3787e-13  5.1694e-11
   64    154  1.2941e-16  1.9930e-14
   64    155  1.1999e-13  1.8599e-11
   64    156  4.4835e-13  6.9942e-11
   64    157  9.5855e-14  1.5049e-11
   64    158  2.7757e-13  4.3857e-11
   64    160  3.1894e-13  5.1031e-11
   65    159  5.0049e-14  7.9577e-12
   66    160  4.7606e-18  7.6170e-16
   66    161  4.2903e-14  6.9074e-12
   66    162  7.7485e-14  1.2553e-11
   66    163  2.6268e-14  4.2817e-12
   66    164  4.9978e-14  8.1964e-12
   67    165  6.2997e-14  1.0395e-11
   68    166  1.5679e-13  2.6027e-11
   68    167  5.5346e-14  9.2428e-12
   68    168  6.3660e-14  1.0695e-11
   68    170  3.0512e-14  5.1870e-12
   69    169  7.8695e-14  1.3299e-11
   70    170  4.9666e-18  8.4432e-16
   70    171  4.0891e-14  6.9924e-12
   70    172  2.5347e-14  4.3596e-12
   70    173  1.2132e-14  2.0989e-12
   70    174  7.1779e-14  1.2490e-11
   70    176  5.3848e-14  9.4773e-12
   71    175  2.2436e-14  3.9264e-12
   71    176  1.0001e-18  1.7601e-16
   72    177  4.0387e-14  7.1486e-12
   72    178  3.4974e-14  6.2254e-12
   72    179  1.9622e-14  3.5123e-12
   72    180  6.5204e-14  1.1737e-11
   73    181  6.3933e-14  1.1572e-11
   74    182  5.4962e-14  1.0003e-11
   74    183  5.5003e-14  1.0065e-11
   74    184  2.3301e-14  4.2874e-12
   74    186  2.5480e-14  4.7392e-12
   75    185  1.3486e-14  2.4950e-12
   75    187  3.7843e-14  7.0767e-12
   76    187  3.0750e-16  5.7502e-14
   76    188  3.3226e-14  6.2466e-12
   76    189  9.4588e-14  1.7877e-11
   76    190  5.6989e-14  1.0828e-11
   76    192  5.2127e-13  1.0008e-10
   77    191  2.1398e-13  4.0870e-11
   77    193  3.5278e-14  6.8087e-12
   78    192  8.8298e-18  1.6953e-15
   78    194  1.1234e-13  2.1794e-11
   78    195  1.4663e-13  2.8593e-11
   78    196  1.5276e-13  2.9942e-11
   78    198  5.0036e-13  9.9071e-11
   79    197  2.9996e-13  5.9091e-11
   80    198  1.2685e-16  2.5117e-14
   80    199  1.2627e-13  2.5128e-11
   80    200  2.0882e-13  4.1764e-11
   80    201  3.4250e-14  6.8843e-12
   80    202  1.1230e-13  2.2685e-11
   80    204  3.0770e-13  6.2770e-11
   81    203  2.3685e-13  4.8080e-11
   81    205  7.3614e-13  1.5091e-10
   82    204  7.6540e-19  1.5614e-16
   82    206  1.2738e-12  2.6240e-10
   82    208  2.5503e-12  5.3047e-10
   82    211  1.0180e-13  2.1481e-11
   83    209  7.8400e-12  1.6386e-09
   83    210  5.8247e-15  1.2232e-12
   84    218  7.4794e-16  1.6305e-13
   86    220  1.0223e-15  2.2490e-13
   88    226  5.6242e-20  1.2711e-17
   89    227  2.1155e-20  4.8022e-18
   90    230  2.6507e-18  6.0965e-16
   90    232  6.7285e-13  1.5610e-10
   91    231  3.1716e-17  7.3263e-15
   92    234  8.6312e-18  2.0197e-15
   92    235  6.8356e-13  1.6064e-10
   92    236  3.6252e-15  8.5554e-13
   92    238  1.5702e-13  3.7371e-11
   94    240  7.1756e-19  1.7222e-16
   94    244  8.7344e-15  2.1312e-12
   96    247  3.5208e-19  8.6965e-17
   97    246  3.6515e-17  8.9827e-15
  100    258  1.3335e-12  3.4404e-10
  100    260  7.1093e-12  1.8484e-09
  100    262  7.7014e-12  2.0178e-09
  102    260  8.1002e-20  2.1061e-17
  102    261  8.8856e-12  2.3191e-09
  102    263  1.2821e-11  3.3718e-09
  102    264  6.0103e-12  1.5867e-09
  102    266  4.1148e-12  1.0945e-09
  103    265  3.7046e-12  9.8172e-10
  104    267  7.6200e-12  2.0345e-09
  104    268  3.4721e-12  9.3052e-10
  104    270  3.5428e-12  9.5655e-10
  104    272  6.2609e-13  1.7030e-10
  104    274  9.5524e-13  2.6174e-10
  105    269  1.3915e-12  3.7433e-10
  105    271  6.9491e-13  1.8832e-10
  106    273  5.3740e-13  1.4671e-10
  106    274  1.2320e-20  3.3757e-18
  106    275  2.4859e-12  6.8363e-10
  106    276  9.4753e-12  2.6152e-09
  106    278  4.3342e-12  1.2049e-09
  106    280  6.0585e-12  1.6964e-09
  107    277  1.8293e-12  5.0670e-10
  108    279  1.4636e-11  4.0834e-09
  108    281  1.1422e-12  3.2097e-10
  108    282  1.0382e-10  2.9277e-08
  108    283  9.2550e-10  2.6192e-07
  108    284  2.6928e-08  7.6477e-06
  108    286  1.0777e-08  3.0821e-06
  110    285  1.4802e-09  4.2187e-07
  110    286  1.4155e-14  4.0485e-12
  110    287  6.4463e-08  1.8501e-05
  110    288  5.1462e-08  1.4821e-05
  110    290  9.5082e-08  2.7574e-05
  111    289  4.2906e-08  1.2400e-05
  111    290  4.5337e-13  1.3148e-10
  111    291  1.9782e-08  5.7565e-06
  111    292  7.3490e-07  2.1459e-04
  111    293  4.0009e-07  1.1723e-04
  111    294  2.9299e-06  8.6139e-04
  111    295  7.4176e-06  2.1882e-03
  111    296  9.9067e-06  2.9324e-03
  111    297  7.0000e-06  2.0790e-03
  111    298  1.1925e-05  3.5535e-03
  111    299  4.8636e-09  1.4542e-06
  111    300  2.3238e-08  6.9713e-06
  111    301  1.7857e-08  5.3749e-06
  111    302  3.3479e-08  1.0111e-05
  111    303  1.7593e-09  5.3308e-07
  111    304  2.8597e-09  8.6936e-07
  111    305  2.1121e-10  6.4419e-08
  111    306  3.5856e-10  1.0972e-07
  111    307  2.7745e-11  8.5176e-09
  111    308  1.3331e-11  4.1060e-09
  111    309  1.6393e-12  5.0654e-10
  111    310  8.1424e-12  2.5241e-09
  111    311  9.7527e-13  3.0331e-10
  111    312  4.3462e-12  1.3560e-09
  111    313  5.7381e-13  1.7960e-10
  111    314  3.7980e-12  1.1926e-09
  111    315  1.7300e-13  5.4496e-11
  111    316  4.8272e-12  1.5254e-09
  111    317  9.3105e-14  2.9514e-11
  111    318  2.3724e-12  7.5443e-10
  111    319  2.5262e-14  8.0587e-12
  111    320  4.7439e-13  1.5180e-10
  111    321  3.0784e-15  9.8815e-13
  111    322  3.5607e-14  1.1465e-11
  111    323  5.6659e-15  1.8301e-12
  111    324  6.4634e-15  2.0941e-12
  111    325  2.3949e-15  7.7834e-13
  111    326  1.0877e-15  3.5460e-13
  111    327  6.6702e-15  2.1812e-12
  111    328  2.1071e-15  6.9114e-13
  111    329  1.7419e-14  5.7307e-12
  111    330  2.2865e-15  7.5454e-13
  111    331  1.6245e-14  5.3771e-12
  111    332  1.5516e-15  5.1512e-13
  111    333  2.0899e-14  6.9593e-12
  111    334  1.3746e-15  4.5913e-13
  111    335  1.9989e-14  6.6962e-12
  111    336  7.3816e-16  2.4802e-13
  111    337  5.9726e-04  2.0128e-01
    1      1  5.9481e-03  5.9481e-03
    2      4  1.9497e-01  7.7988e-01


