    1      2  1.8472e-09  3.6943e-09
    2      3  8.9708e-11  2.6912e-10
    3      6  4.9894e-12  2.9936e-11
    3      7  1.7240e-10  1.2068e-09
    4      8  3.2718e-10  2.6174e-09
    4      9  5.5932e-11  5.0339e-10
    5     10  1.4793e-11  1.4793e-10
    5     11  1.4373e-10  1.5810e-09
    6     12  2.8412e-09  3.4095e-08
    6     13  9.0384e-08  1.1750e-06
    7     14  4.5832e-07  6.4164e-06
    7     15  7.1200e-06  1.0680e-04
    8     16  4.2011e-07  6.7217e-06
    8     17  2.3059e-09  3.9201e-08
    8     18  2.0058e-08  3.6104e-07
    9     19  1.1822e-06  2.2462e-05
   10     20  1.6062e-06  3.2123e-05
   10     21  3.0235e-07  6.3493e-06
   10     22  5.4864e-09  1.2070e-07
   11     23  7.7758e-07  1.7884e-05
   12     24  2.3305e-07  5.5931e-06
   12     25  2.1493e-07  5.3731e-06
   12     26  2.4900e-08  6.4740e-07
   13     26  3.2229e-19  8.3796e-18
   13     27  4.7149e-07  1.2730e-05
   14     28  1.4055e-06  3.9355e-05
   14     29  1.1885e-07  3.4466e-06
   14     30  8.4816e-08  2.5445e-06
   15     31  1.3183e-07  4.0866e-06
   16     32  1.3605e-07  4.3537e-06
   16     33  1.5854e-06  5.2319e-05
   16     34  1.2191e-06  4.1449e-05
   16     36  2.5185e-08  9.0667e-07
   17     35  4.0883e-08  1.4309e-06
   17     37  1.2221e-07  4.5220e-06
   18     36  8.3831e-20  3.0179e-18
   18     38  2.7655e-07  1.0509e-05
   18     40  8.0788e-07  3.2315e-05
   19     39  4.8778e-07  1.9023e-05
   19     41  4.7721e-08  1.9566e-06
   20     42  7.4222e-07  3.1173e-05
   20     43  3.8010e-07  1.6344e-05
   20     44  9.7990e-08  4.3115e-06
   20     46  1.9481e-07  8.9611e-06
   21     45  1.8647e-07  8.3913e-06
   22     47  2.8474e-07  1.3383e-05
   22     48  6.1277e-07  2.9413e-05
   22     49  5.9658e-07  2.9232e-05
   22     50  6.0658e-07  3.0329e-05
   23     51  1.1921e-07  6.0796e-06
   24     52  3.8573e-07  2.0058e-05
   24     53  3.0749e-07  1.6297e-05
   24     54  1.9736e-07  1.0657e-05
   25     55  5.8175e-07  3.1996e-05
   26     56  1.8974e-06  1.0626e-04
   26     57  2.3449e-06  1.3366e-04
   26     58  1.2893e-07  7.4778e-06
   27     59  1.4432e-07  8.5151e-06
   28     60  3.3323e-07  1.9994e-05
   28     61  4.6101e-07  2.8121e-05
   28     62  2.9614e-07  1.8361e-05
   28     64  3.9427e-07  2.5233e-05
   29     63  7.4034e-07  4.6641e-05
   29     65  2.4578e-07  1.5976e-05
   30     66  5.0062e-07  3.3041e-05
   30     67  1.4482e-07  9.7032e-06
   30     68  1.7253e-07  1.1732e-05
   30     70  2.9307e-07  2.0515e-05
   31     69  1.3053e-07  9.0064e-06
   31     71  5.5460e-08  3.9377e-06
   32     70  4.3757e-16  3.0630e-14
   32     72  2.1325e-07  1.5354e-05
   32     73  2.6824e-07  1.9581e-05
   32     74  1.9832e-06  1.4676e-04
   32     76  7.1140e-06  5.4066e-04
   33     75  8.4251e-06  6.3188e-04
   34     76  1.7960e-13  1.3649e-11
   34     77  5.2779e-06  4.0640e-04
   34     78  4.3940e-06  3.4273e-04
   34     80  1.2871e-05  1.0297e-03
   34     82  3.8712e-06  3.1743e-04
   35     79  6.4593e-06  5.1028e-04
   35     81  7.3831e-06  5.9803e-04
   36     82  1.6626e-13  1.3633e-11
   36     83  5.2324e-06  4.3429e-04
   36     84  1.9135e-06  1.6073e-04
   36     86  2.0720e-06  1.7819e-04
   37     85  9.4915e-07  8.0678e-05
   37     87  3.1718e-06  2.7595e-04
   38     87  2.3225e-08  2.0206e-06
   38     88  3.7845e-06  3.3303e-04
   39     89  5.8386e-07  5.1963e-05
   40     90  1.0302e-06  9.2720e-05
   40     91  6.5946e-07  6.0011e-05
   40     92  3.4375e-06  3.1625e-04
   40     94  3.9696e-06  3.7314e-04
   41     93  1.5517e-06  1.4430e-04
   42     95  2.2202e-06  2.1092e-04
   42     96  1.7762e-06  1.7051e-04
   42     97  8.7320e-07  8.4700e-05
   42     98  5.8305e-07  5.7138e-05
   42    100  8.7352e-07  8.7352e-05
   44     99  7.5022e-07  7.4271e-05
   44    100  4.7348e-14  4.7348e-12
   44    101  1.0108e-06  1.0209e-04
   44    102  5.4321e-07  5.5407e-05
   44    104  4.8019e-07  4.9940e-05
   45    103  4.5756e-07  4.7129e-05
   46    104  2.8957e-19  3.0115e-17
   46    105  4.1675e-07  4.3758e-05
   46    106  7.2672e-07  7.7032e-05
   46    108  9.0254e-07  9.7474e-05
   46    110  8.7939e-07  9.6733e-05
   47    107  6.0234e-07  6.4451e-05
   47    109  7.2089e-07  7.8577e-05
   48    110  5.3591e-15  5.8950e-13
   48    111  2.1444e-07  2.3802e-05
   48    112  3.9178e-07  4.3879e-05
   48    113  1.7314e-07  1.9565e-05
   48    114  1.8525e-07  2.1119e-05
   48    116  1.7008e-07  1.9729e-05
   49    113  7.6201e-15  8.6107e-13
   49    115  1.8289e-07  2.1032e-05
   50    115  1.4592e-13  1.6781e-11
   50    116  6.7548e-15  7.8356e-13
   50    117  2.7072e-07  3.1674e-05
   50    118  3.3074e-07  3.9027e-05
   50    119  2.8159e-07  3.3509e-05
   50    120  1.0427e-06  1.2513e-04
   50    122  2.9114e-06  3.5519e-04
   50    124  1.8345e-05  2.2748e-03
   51    121  1.2044e-06  1.4573e-04
   51    123  4.1467e-06  5.1005e-04
   52    122  6.3724e-15  7.7743e-13
   52    124  2.3844e-16  2.9567e-14
   52    125  3.2670e-05  4.0837e-03
   52    126  7.2878e-05  9.1826e-03
   52    128  3.0651e-05  3.9233e-03
   52    130  2.1976e-05  2.8568e-03
   53    127  3.5015e-05  4.4469e-03
   53    129  7.2304e-14  9.3272e-12
   54    128  2.7148e-16  3.4749e-14
   54    129  2.7303e-05  3.5221e-03
   54    130  1.2324e-14  1.6022e-12
   54    131  7.9117e-06  1.0364e-03
   54    132  1.3466e-05  1.7775e-03
   54    134  1.1403e-05  1.5280e-03
   54    136  1.8504e-05  2.5165e-03
   55    133  1.4897e-05  1.9813e-03
   56    134  2.4303e-18  3.2566e-16
   56    135  9.6735e-06  1.3059e-03
   56    136  2.7667e-15  3.7628e-13
   56    137  2.1355e-05  2.9256e-03
   56    138  1.6391e-05  2.2620e-03
   57    139  8.3790e-06  1.1647e-03
   58    140  1.0407e-05  1.4570e-03
   58    142  1.3410e-05  1.9042e-03
   59    141  1.4622e-05  2.0616e-03
   60    142  5.1431e-18  7.3032e-16
   60    143  1.9770e-05  2.8271e-03
   60    144  2.8936e-05  4.1668e-03
   60    145  2.1221e-05  3.0770e-03
   60    146  2.3261e-05  3.3960e-03
   60    148  1.1283e-05  1.6699e-03
   60    150  1.5430e-05  2.3144e-03
   62    147  1.2042e-05  1.7701e-03
   62    148  6.6721e-13  9.8747e-11
   62    149  8.8633e-06  1.3206e-03
   62    150  3.3927e-12  5.0890e-10
   62    152  2.4522e-05  3.7273e-03
   62    154  2.4840e-05  3.8253e-03
   63    151  1.8797e-05  2.8384e-03
   63    153  1.6322e-05  2.4973e-03
   64    154  6.9699e-14  1.0734e-11
   64    155  1.2300e-05  1.9065e-03
   64    156  2.4675e-05  3.8493e-03
   64    157  1.5938e-05  2.5022e-03
   64    158  3.0435e-05  4.8088e-03
   64    160  2.5035e-05  4.0056e-03
   65    159  1.5718e-05  2.4991e-03
   66    160  1.4108e-14  2.2573e-12
   66    161  1.1518e-05  1.8544e-03
   66    162  2.5100e-05  4.0662e-03
   66    163  1.5676e-05  2.5552e-03
   66    164  3.8391e-05  6.2962e-03
   67    165  1.9069e-05  3.1465e-03
   68    166  3.9426e-05  6.5448e-03
   68    167  1.7912e-05  2.9912e-03
   68    168  2.4396e-05  4.0985e-03
   68    170  1.1627e-05  1.9765e-03
   69    169  1.5514e-05  2.6219e-03
   70    170  2.2374e-15  3.8036e-13
   70    171  9.5795e-06  1.6381e-03
   70    172  9.8247e-06  1.6899e-03
   70    173  1.0106e-05  1.7483e-03
   70    174  1.3815e-05  2.4039e-03
   70    176  1.1365e-05  2.0002e-03
   71    175  9.9798e-06  1.7465e-03
   71    176  3.1701e-16  5.5793e-14
   72    176  2.9680e-18  5.2237e-16
   72    177  1.3386e-05  2.3694e-03
   72    178  1.8820e-05  3.3499e-03
   72    179  1.6619e-05  2.9748e-03
   72    180  2.0488e-05  3.6878e-03
   73    181  2.0970e-05  3.7955e-03
   74    182  3.2391e-05  5.8952e-03
   74    183  1.9617e-05  3.5899e-03
   74    184  3.4730e-05  6.3902e-03
   74    186  4.3457e-05  8.0830e-03
   75    185  2.0635e-05  3.8174e-03
   75    187  2.6741e-05  5.0005e-03
   76    186  4.7636e-18  8.8604e-16
   76    187  2.1733e-07  4.0640e-05
   76    188  6.1400e-05  1.1543e-02
   76    189  5.5317e-05  1.0455e-02
   76    190  6.7884e-05  1.2898e-02
   76    192  7.0042e-05  1.3448e-02
   77    191  5.7204e-05  1.0926e-02
   77    193  7.4795e-05  1.4436e-02
   78    192  4.6816e-16  8.9887e-14
   78    194  6.1815e-05  1.1992e-02
   78    195  3.8306e-05  7.4697e-03
   78    196  1.2765e-05  2.5019e-03
   78    198  1.2539e-06  2.4828e-04
   79    197  4.2898e-06  8.4510e-04
   80    198  2.7657e-17  5.4761e-15
   80    199  9.9098e-07  1.9721e-04
   80    200  5.6534e-07  1.1307e-04
   80    201  3.1327e-07  6.2968e-05
   80    202  7.6797e-07  1.5513e-04
   80    204  3.0900e-06  6.3035e-04
   81    203  1.7077e-06  3.4667e-04
   81    205  2.9015e-06  5.9481e-04
   82    204  1.8411e-20  3.7558e-18
   82    206  6.7329e-06  1.3870e-03
   82    207  6.0195e-06  1.2460e-03
   82    208  5.8212e-06  1.2108e-03
   82    210  2.0446e-15  4.2937e-13
   83    209  4.8500e-06  1.0137e-03
   83    210  4.2889e-20  9.0067e-18
   84    210  1.1842e-18  2.4868e-16
   86    222  3.2688e-20  7.2568e-18
   88    223  6.4373e-19  1.4355e-16
   88    224  2.4847e-20  5.5657e-18
   88    226  5.0018e-15  1.1304e-12
   88    228  7.9898e-14  1.8217e-11
   89    227  4.4766e-16  1.0162e-13
   90    227  1.0346e-18  2.3486e-16
   90    228  4.7715e-18  1.0879e-15
   90    230  2.3573e-13  5.4219e-11
   90    231  5.9880e-20  1.3832e-17
   90    232  3.4974e-08  8.1139e-06
   90    234  7.9709e-20  1.8652e-17
   91    231  6.7114e-13  1.5503e-10
   92    234  7.6762e-13  1.7962e-10
   92    235  1.4465e-08  3.3992e-06
   92    236  4.2436e-11  1.0015e-08
   92    238  1.3965e-08  3.3236e-06
   94    239  1.4073e-20  3.3635e-18
   94    240  8.3987e-15  2.0157e-12
   94    244  1.0223e-10  2.4944e-08
   96    244  2.7746e-20  6.7701e-18
   96    247  9.0803e-18  2.2428e-15
   97    246  1.5943e-12  3.9220e-10
  100    258  3.8236e-10  9.8650e-08
  100    260  2.8774e-10  7.4812e-08
  100    262  1.0476e-10  2.7447e-08
  102    261  1.6582e-10  4.3280e-08
  102    263  5.6550e-11  1.4873e-08
  102    264  4.0595e-11  1.0717e-08
  102    266  1.1637e-11  3.0955e-09
  103    265  1.9670e-11  5.2127e-09
  104    267  2.5695e-12  6.8607e-10
  104    268  1.2196e-12  3.2685e-10
  104    270  2.7933e-13  7.5419e-11
  104    272  2.3412e-14  6.3682e-12
  104    274  4.6432e-15  1.2722e-12
  105    269  9.8786e-13  2.6573e-10
  105    271  6.3870e-14  1.7309e-11
  106    273  1.1132e-14  3.0390e-12
  106    275  7.5204e-16  2.0681e-13
  106    276  5.3808e-16  1.4851e-13
  106    278  1.2081e-16  3.3584e-14
  106    280  2.2335e-16  6.2538e-14
  107    277  1.7644e-16  4.8874e-14
  108    279  1.1308e-16  3.1550e-14
  108    281  2.6179e-16  7.3563e-14
  108    282  5.4470e-16  1.5361e-13
  108    283  4.6862e-16  1.3262e-13
  108    284  4.7892e-16  1.3601e-13
  108    286  2.6783e-16  7.6600e-14
  110    285  3.6485e-16  1.0398e-13
  110    287  1.6452e-16  4.7218e-14
  110    288  9.6389e-17  2.7760e-14
  110    290  3.2853e-17  9.5274e-15
  111    289  4.5585e-17  1.3174e-14
  111    291  2.0430e-17  5.9450e-15
  111    292  5.2717e-17  1.5394e-14
  111    293  1.3581e-17  3.9791e-15
  111    294  1.4835e-17  4.3613e-15
  111    295  5.7578e-18  1.6986e-15
  111    296  2.0089e-18  5.9463e-16
  111    297  5.7282e-19  1.7013e-16
  111    298  1.5486e-19  4.6149e-17
  111    301  1.3203e-18  3.9741e-16
  111    302  8.4478e-19  2.5512e-16
  111    303  2.7732e-19  8.4027e-17
  111    304  3.8590e-19  1.1731e-16
  111    305  1.2793e-19  3.9018e-17
  111    306  4.2773e-20  1.3088e-17
    1      1  3.2101e-10  3.2101e-10
    2      4  1.7091e-01  6.8363e-01


