1  3.8845e-11
2  9.2487e-17
3  3.3252e-22
4  1.6244e-01
5  0.0000e+00
6  3.0093e-20
7  2.3857e-21
8  1.0603e-19
9  6.1066e-19
10  6.4062e-20
11  6.3478e-23
12  1.1318e-07
13  1.5131e-14
14  1.1300e-18
15  1.3584e-13
16  5.2127e-09
17  1.0281e-15
18  5.9982e-16
19  1.8698e-15
20  3.6610e-09
21  2.0436e-13
22  1.8409e-15
23  2.9053e-13
24  1.1230e-09
25  2.8830e-10
26  1.1891e-09
27  9.0250e-10
28  1.0921e-09
29  8.3594e-10
30  1.8910e-09
31  3.3749e-09
32  1.2607e-08
33  5.6461e-09
34  8.6138e-08
35  4.2036e-09
36  7.7288e-09
37  6.2965e-09
38  9.2847e-09
39  2.1977e-09
40  1.8557e-10
41  5.0682e-10
42  6.3149e-08
43  2.0722e-07
44  3.7617e-07
45  7.0620e-09
46  3.8788e-08
47  3.0827e-07
48  1.2226e-06
49  1.0223e-08
50  9.5853e-08
51  2.7864e-07
52  3.1599e-06
53  2.3413e-06
54  1.1330e-06
55  3.6490e-08
56  2.2780e-07
57  9.0148e-08
58  2.2236e-06
59  1.3419e-06
60  3.7360e-07
61  1.0693e-06
62  7.6922e-07
63  5.5089e-07
64  4.4062e-07
65  7.3329e-07
66  1.5585e-06
67  1.0935e-06
68  8.9854e-07
69  2.1726e-07
70  3.0571e-07
71  7.1183e-08
72  2.0828e-07
73  2.2013e-06
74  1.4022e-06
75  3.8581e-06
76  7.1819e-06
77  1.4002e-05
78  1.9345e-05
79  1.1007e-05
80  4.4499e-05
81  4.0926e-06
82  1.2240e-06
83  3.2234e-06
84  8.3724e-06
85  1.1669e-05
86  3.2366e-05
87  7.7948e-06
88  4.2305e-06
89  3.3773e-05
90  1.5203e-04
91  1.6217e-05
92  2.5438e-05
93  1.9151e-05
94  5.0757e-06
95  4.1394e-07
96  5.3209e-06
97  8.5560e-06
98  3.8229e-05
99  3.1202e-05
100  1.3237e-04
101  4.0804e-04
102  6.9798e-04
103  1.4046e-04
104  2.6091e-04
105  3.2167e-04
106  1.5712e-04
107  3.5981e-05
108  1.6229e-04
109  1.4406e-04
110  1.4929e-04
111  2.0820e-05
112  4.7548e-05
113  2.5544e-05
114  5.8771e-05
115  1.3970e-05
116  7.2751e-06
117  1.2183e-05
118  6.5998e-06
119  2.9145e-06
120  4.3521e-06
121  3.8691e-06
122  6.6935e-06
123  3.3477e-06
124  8.9922e-06
125  1.1421e-05
126  2.0733e-05
127  1.1449e-05
128  8.5434e-06
129  2.4818e-06
130  1.3416e-07
131  3.5447e-09
132  1.5174e-10
133  1.1201e-13
134  1.3232e-15
135  2.1877e-15
136  2.2954e-16
137  3.6749e-16
138  9.9005e-16
139  1.1355e-17
140  2.7696e-17
141  2.6050e-17
142  5.9513e-18
143  1.7786e-18
144  5.6169e-18
145  8.9881e-20
146  1.7655e-19
147  1.9515e-19
148  3.3114e-19
149  2.6817e-19
150  1.6578e-19
151  4.2188e-20
152  1.3761e-19
153  8.1236e-20
154  5.4177e-20
155  5.1796e-20
156  3.6863e-21
157  6.6260e-21
158  3.9030e-21
159  2.7887e-22
160  4.2997e-22
161  4.4993e-22
162  1.8256e-22
163  1.1086e-22
164  1.5550e-22
165  8.3026e-23
166  1.3222e-22
167  3.5740e-23
168  1.9202e-23
169  1.6943e-23
170  2.7136e-24
171  6.7978e-25
172  2.9889e-25
173  2.8139e-43
174  0.0000e+00
175  0.0000e+00
176  0.0000e+00
177  0.0000e+00
178  0.0000e+00
179  0.0000e+00
180  0.0000e+00
181  0.0000e+00
182  0.0000e+00
183  0.0000e+00
184  0.0000e+00
185  0.0000e+00
186  0.0000e+00
187  0.0000e+00
188  0.0000e+00
189  0.0000e+00
190  0.0000e+00
191  0.0000e+00
192  0.0000e+00
193  0.0000e+00
194  0.0000e+00
195  0.0000e+00
196  0.0000e+00
197  0.0000e+00
198  0.0000e+00
199  0.0000e+00
200  0.0000e+00
201  0.0000e+00
202  0.0000e+00
203  0.0000e+00
204  0.0000e+00
205  0.0000e+00
206  0.0000e+00
207  0.0000e+00
208  0.0000e+00
209  0.0000e+00
210  0.0000e+00
211  0.0000e+00
212  0.0000e+00
213  0.0000e+00
214  0.0000e+00
215  0.0000e+00
216  0.0000e+00
217  0.0000e+00
218  0.0000e+00
219  0.0000e+00
220  0.0000e+00
221  0.0000e+00
222  0.0000e+00
223  0.0000e+00
224  0.0000e+00
225  0.0000e+00
226  0.0000e+00
227  0.0000e+00
228  0.0000e+00
229  0.0000e+00
230  0.0000e+00
231  0.0000e+00
232  0.0000e+00
233  0.0000e+00
234  0.0000e+00
235  0.0000e+00
236  0.0000e+00
237  0.0000e+00
238  0.0000e+00
239  0.0000e+00
240  0.0000e+00
241  0.0000e+00
242  0.0000e+00
243  0.0000e+00
244  0.0000e+00
245  0.0000e+00
246  0.0000e+00
247  0.0000e+00
248  0.0000e+00
249  0.0000e+00
250  0.0000e+00
251  0.0000e+00
252  0.0000e+00
253  0.0000e+00
254  0.0000e+00
255  0.0000e+00
256  0.0000e+00
257  0.0000e+00
258  0.0000e+00
259  0.0000e+00
260  0.0000e+00
261  0.0000e+00
262  0.0000e+00
263  0.0000e+00
264  0.0000e+00
265  0.0000e+00
266  0.0000e+00
267  0.0000e+00
268  0.0000e+00
269  0.0000e+00
270  0.0000e+00
271  0.0000e+00
272  0.0000e+00
273  0.0000e+00
274  0.0000e+00
275  0.0000e+00
276  0.0000e+00
277  0.0000e+00
278  0.0000e+00
279  0.0000e+00
280  0.0000e+00
281  0.0000e+00
282  0.0000e+00
283  0.0000e+00
284  0.0000e+00
285  0.0000e+00
286  0.0000e+00
287  0.0000e+00
288  0.0000e+00
289  0.0000e+00
290  0.0000e+00
291  0.0000e+00
292  0.0000e+00
293  0.0000e+00
294  0.0000e+00
295  0.0000e+00
296  0.0000e+00
297  0.0000e+00
298  0.0000e+00
299  0.0000e+00
300  0.0000e+00
301  0.0000e+00
302  0.0000e+00
303  0.0000e+00
304  0.0000e+00
305  0.0000e+00
306  0.0000e+00
307  0.0000e+00
308  0.0000e+00
309  0.0000e+00
310  0.0000e+00
311  0.0000e+00
312  0.0000e+00
313  0.0000e+00
314  0.0000e+00
315  0.0000e+00
316  0.0000e+00
317  0.0000e+00
318  0.0000e+00
319  0.0000e+00
320  0.0000e+00
321  0.0000e+00
322  0.0000e+00
323  0.0000e+00
324  0.0000e+00
325  0.0000e+00
326  0.0000e+00
327  0.0000e+00
328  0.0000e+00
329  0.0000e+00
330  0.0000e+00
331  0.0000e+00
332  0.0000e+00
333  0.0000e+00
334  0.0000e+00
335  0.0000e+00
336  0.0000e+00
337  0.0000e+00

