1  1.2161e-09
2  7.8081e-10
3  1.5116e-11
4  1.9375e-01
5  0.0000e+00
6  2.1891e-12
7  2.9002e-11
8  1.9243e-12
9  1.0149e-14
10  5.9576e-12
11  3.2936e-11
12  2.8839e-09
13  2.0054e-10
14  5.1941e-07
15  7.5830e-08
16  6.0848e-09
17  2.7912e-10
18  6.1329e-08
19  6.4510e-08
20  9.8377e-08
21  1.2693e-07
22  6.7094e-09
23  3.3201e-08
24  4.9159e-08
25  5.4809e-08
26  5.0593e-07
27  2.3353e-07
28  7.0649e-07
29  9.5752e-08
30  4.2716e-08
31  7.2895e-08
32  9.7474e-08
33  1.0883e-06
34  8.4047e-07
35  1.0593e-08
36  1.7863e-08
37  1.0353e-07
38  2.1732e-07
39  3.4915e-07
40  6.0383e-07
41  7.3044e-08
42  9.5677e-07
43  5.0119e-07
44  1.6580e-07
45  5.1177e-07
46  5.0155e-07
47  3.4290e-07
48  4.5916e-07
49  4.9986e-07
50  6.1847e-07
51  2.5523e-07
52  2.2170e-07
53  1.1873e-07
54  1.2343e-07
55  2.3776e-07
56  9.2844e-07
57  1.8149e-06
58  5.3803e-08
59  8.0593e-08
60  2.3556e-07
61  3.7269e-07
62  2.2252e-07
63  1.0335e-06
64  2.4500e-07
65  2.1006e-07
66  5.4791e-07
67  2.9304e-07
68  1.1313e-07
69  6.7354e-08
70  2.6391e-07
71  5.3302e-08
72  1.6491e-07
73  1.5433e-07
74  1.0172e-06
75  4.5204e-06
76  4.0533e-06
77  4.9267e-06
78  9.0904e-06
79  1.3974e-05
80  2.0164e-05
81  5.5793e-06
82  1.9880e-06
83  3.1993e-06
84  3.1556e-06
85  2.3036e-06
86  3.9447e-06
87  4.8871e-06
88  5.9795e-06
89  2.0502e-06
90  4.6901e-06
91  3.2053e-06
92  9.2715e-06
93  2.1183e-06
94  3.7888e-06
95  1.8786e-06
96  1.4354e-06
97  1.6339e-06
98  1.0298e-06
99  1.4789e-06
100  1.8708e-06
101  2.2521e-06
102  1.0451e-06
103  9.5460e-07
104  9.8107e-07
105  8.6121e-07
106  1.1104e-06
107  9.0705e-07
108  1.1523e-06
109  1.3421e-06
110  2.1471e-06
111  4.6510e-07
112  1.3394e-06
113  5.4186e-07
114  4.9564e-07
115  4.4615e-07
116  1.5311e-07
117  3.2456e-07
118  3.3223e-07
119  2.3772e-07
120  1.0516e-06
121  7.7960e-07
122  1.8529e-06
123  2.2065e-06
124  2.3889e-05
125  7.8713e-05
126  3.3734e-04
127  2.2891e-04
128  1.8693e-04
129  3.4636e-04
130  6.2126e-05
131  7.0812e-06
132  1.5419e-05
133  3.3023e-05
134  2.7284e-05
135  2.0622e-05
136  2.3887e-05
137  1.0368e-05
138  7.4116e-06
139  7.8374e-06
140  1.9099e-05
141  2.4472e-05
142  1.4050e-05
143  1.3406e-05
144  1.4625e-05
145  4.2324e-06
146  5.1215e-06
147  4.5870e-06
148  5.6629e-06
149  3.9459e-06
150  5.8902e-06
151  4.5302e-06
152  6.9049e-06
153  3.9852e-06
154  6.7454e-06
155  4.3762e-06
156  4.8691e-06
157  4.3644e-06
158  6.7788e-06
159  1.3456e-06
160  4.0041e-06
161  2.4240e-06
162  2.2078e-06
163  1.4779e-06
164  3.6748e-06
165  2.0674e-06
166  4.1797e-06
167  2.0273e-06
168  1.8967e-06
169  2.8068e-06
170  1.3752e-06
171  1.0371e-06
172  8.5098e-07
173  5.8153e-07
174  8.1154e-07
175  3.7934e-07
176  4.3027e-07
177  4.5257e-07
178  3.9083e-07
179  3.4145e-07
180  4.2447e-07
181  4.2898e-07
182  4.4741e-07
183  2.6550e-07
184  3.4289e-07
185  2.1361e-07
186  2.9895e-07
187  1.8832e-07
188  2.8033e-07
189  1.9963e-07
190  2.5387e-07
191  1.6824e-07
192  1.3353e-07
193  8.4486e-08
194  7.5619e-08
195  5.2916e-08
196  2.7471e-08
197  1.2985e-08
198  3.4656e-09
199  7.1653e-10
200  1.4063e-10
201  1.0889e-11
202  4.1920e-12
203  3.9465e-12
204  5.1654e-12
205  4.0281e-12
206  8.6330e-12
207  7.5847e-12
208  8.9606e-12
209  6.6146e-12
210  1.3436e-22
211  7.6034e-18
212  4.2573e-18
213  0.0000e+00
214  6.7396e-19
215  5.7143e-35
216  2.6049e-33
217  0.0000e+00
218  3.5576e-19
219  4.0258e-24
220  1.2157e-43
221  0.0000e+00
222  4.9543e-28
223  4.8616e-18
224  8.3993e-19
225  3.5120e-40
226  7.3767e-23
227  4.8130e-24
228  3.5791e-21
229  1.2977e-29
230  3.4773e-21
231  7.1669e-21
232  1.5666e-15
233  4.0088e-27
234  1.1435e-20
235  1.5447e-16
236  1.2590e-19
237  1.1622e-319
238  7.3277e-17
239  4.5212e-28
240  2.5926e-20
241  0.0000e+00
242  1.7542e-150
243  7.0720e-32
244  2.7604e-19
245  0.0000e+00
246  4.6463e-21
247  0.0000e+00
248  6.3003e-150
249  0.0000e+00
250  0.0000e+00
251  0.0000e+00
252  0.0000e+00
253  0.0000e+00
254  0.0000e+00
255  0.0000e+00
256  0.0000e+00
257  9.0677e-26
258  2.4595e-19
259  9.5688e-26
260  1.5576e-19
261  7.3522e-20
262  5.1321e-20
263  3.1050e-20
264  1.7846e-20
265  5.6449e-21
266  2.8981e-21
267  5.6178e-22
268  2.6189e-22
269  1.4777e-22
270  2.6795e-23
271  5.1256e-24
272  1.3610e-24
273  0.0000e+00
274  0.0000e+00
275  0.0000e+00
276  0.0000e+00
277  0.0000e+00
278  0.0000e+00
279  0.0000e+00
280  0.0000e+00
281  0.0000e+00
282  0.0000e+00
283  0.0000e+00
284  0.0000e+00
285  0.0000e+00
286  0.0000e+00
287  0.0000e+00
288  0.0000e+00
289  0.0000e+00
290  0.0000e+00
291  0.0000e+00
292  0.0000e+00
293  0.0000e+00
294  0.0000e+00
295  0.0000e+00
296  0.0000e+00
297  0.0000e+00
298  0.0000e+00
299  0.0000e+00
300  0.0000e+00
301  0.0000e+00
302  0.0000e+00
303  0.0000e+00
304  0.0000e+00
305  0.0000e+00
306  0.0000e+00
307  0.0000e+00
308  0.0000e+00
309  0.0000e+00
310  0.0000e+00
311  0.0000e+00
312  0.0000e+00
313  0.0000e+00
314  0.0000e+00
315  0.0000e+00
316  0.0000e+00
317  0.0000e+00
318  0.0000e+00
319  0.0000e+00
320  0.0000e+00
321  0.0000e+00
322  0.0000e+00
323  0.0000e+00
324  0.0000e+00
325  0.0000e+00
326  0.0000e+00
327  0.0000e+00
328  0.0000e+00
329  0.0000e+00
330  0.0000e+00
331  0.0000e+00
332  0.0000e+00
333  0.0000e+00
334  0.0000e+00
335  0.0000e+00
336  0.0000e+00
337  0.0000e+00

