    1      2  1.0002e-04  2.0005e-04
    2      3  1.0778e-06  3.2334e-06
    3      7  1.2830e-09  8.9809e-09
    4      8  7.7924e-08  6.2339e-07
    4      9  1.1776e-09  1.0598e-08
    5     10  1.7038e-08  1.7038e-07
    5     11  4.7092e-08  5.1801e-07
    6     12  2.9849e-08  3.5819e-07
    6     13  5.0699e-08  6.5909e-07
    7     14  1.3524e-06  1.8934e-05
    7     15  1.0945e-06  1.6418e-05
    8     16  5.1758e-06  8.2813e-05
    8     17  8.4594e-08  1.4381e-06
    8     18  1.0539e-06  1.8970e-05
    9     19  3.2888e-08  6.2487e-07
   10     20  1.3685e-06  2.7369e-05
   10     21  1.1369e-07  2.3875e-06
   10     22  1.6399e-06  3.6077e-05
   11     23  6.4679e-07  1.4876e-05
   12     24  7.1290e-07  1.7109e-05
   12     25  2.7880e-07  6.9700e-06
   12     26  3.3535e-07  8.7190e-06
   13     27  4.9197e-09  1.3283e-07
   14     28  2.0742e-07  5.8077e-06
   14     29  1.4542e-08  4.2171e-07
   14     30  2.8048e-09  8.4143e-08
   15     31  6.0334e-09  1.8704e-07
   16     32  9.7216e-08  3.1109e-06
   16     33  8.3245e-09  2.7471e-07
   16     34  1.1474e-07  3.9013e-06
   16     36  2.2784e-07  8.2021e-06
   17     35  2.7607e-08  9.6624e-07
   17     37  1.2166e-08  4.5014e-07
   18     36  6.3466e-14  2.2848e-12
   18     38  6.4028e-08  2.4331e-06
   18     40  1.8476e-10  7.3905e-09
   19     39  1.4290e-09  5.5731e-08
   19     40  1.3196e-19  5.2783e-18
   19     41  3.2798e-11  1.3447e-09
   20     40  3.7970e-20  1.5188e-18
   20     42  2.7443e-10  1.1526e-08
   20     43  4.4938e-11  1.9323e-09
   20     44  5.6847e-10  2.5013e-08
   20     46  2.8786e-10  1.3241e-08
   21     45  9.2454e-11  4.1604e-09
   22     46  6.4883e-18  2.9846e-16
   22     47  2.2192e-10  1.0430e-08
   22     48  4.1322e-09  1.9834e-07
   22     49  1.8851e-10  9.2369e-09
   22     50  1.7627e-10  8.8137e-09
   23     51  4.8414e-11  2.4691e-09
   24     52  8.1885e-11  4.2580e-09
   24     53  3.9632e-11  2.1005e-09
   24     54  4.3648e-11  2.3570e-09
   25     55  1.2165e-11  6.6909e-10
   26     56  3.5264e-11  1.9748e-09
   26     57  2.3284e-11  1.3272e-09
   26     58  1.2497e-10  7.2484e-09
   27     59  1.8172e-12  1.0721e-10
   28     60  3.7057e-10  2.2234e-08
   28     61  1.1636e-12  7.0982e-11
   28     62  1.1424e-11  7.0830e-10
   28     64  1.9696e-10  1.2606e-08
   29     63  2.1116e-11  1.3303e-09
   29     65  1.1834e-12  7.6920e-11
   30     64  2.4726e-20  1.5825e-18
   30     66  1.6295e-11  1.0755e-09
   30     67  2.0478e-12  1.3720e-10
   30     68  2.8758e-11  1.9555e-09
   30     70  3.2534e-11  2.2774e-09
   31     69  4.5788e-12  3.1594e-10
   31     71  5.9386e-12  4.2164e-10
   32     70  2.2157e-14  1.5510e-12
   32     72  4.1423e-11  2.9825e-09
   32     73  1.1057e-11  8.0718e-10
   32     74  8.1078e-11  5.9998e-09
   32     76  8.0066e-11  6.0850e-09
   33     75  2.1416e-11  1.6062e-09
   34     76  1.1725e-13  8.9108e-12
   34     77  4.4900e-12  3.4573e-10
   34     78  9.4961e-11  7.4070e-09
   34     80  1.8267e-10  1.4614e-08
   34     82  1.1664e-10  9.5642e-09
   35     79  2.8934e-11  2.2858e-09
   35     81  1.9950e-11  1.6160e-09
   36     82  4.1050e-13  3.3661e-11
   36     83  6.8505e-12  5.6859e-10
   36     84  1.8580e-11  1.5607e-09
   36     86  6.2944e-11  5.4132e-09
   37     85  3.3930e-11  2.8841e-09
   37     87  2.5528e-11  2.2209e-09
   38     86  1.0006e-18  8.6049e-17
   38     87  1.8689e-13  1.6260e-11
   38     88  2.5819e-11  2.2721e-09
   39     89  1.4545e-11  1.2945e-09
   40     90  1.3070e-11  1.1763e-09
   40     91  4.0009e-12  3.6408e-10
   40     92  1.1108e-11  1.0219e-09
   40     94  9.1485e-12  8.5996e-10
   41     93  9.2989e-12  8.6480e-10
   42     95  4.9923e-12  4.7427e-10
   42     96  3.9412e-11  3.7836e-09
   42     97  7.6277e-12  7.3989e-10
   42     98  1.5447e-11  1.5138e-09
   42    100  1.1873e-11  1.1873e-09
   44     99  4.1071e-12  4.0660e-10
   44    100  7.3395e-13  7.3395e-11
   44    101  1.7746e-12  1.7924e-10
   44    102  5.1850e-12  5.2887e-10
   44    104  5.2883e-12  5.4999e-10
   45    103  1.9996e-12  2.0596e-10
   46    104  1.1881e-17  1.2356e-15
   46    105  2.5500e-12  2.6775e-10
   46    106  4.5730e-12  4.8474e-10
   46    108  6.8861e-12  7.4369e-10
   46    110  9.0502e-12  9.9553e-10
   47    107  1.7476e-12  1.8699e-10
   47    109  1.7885e-12  1.9495e-10
   48    110  6.4024e-15  7.0426e-13
   48    111  1.4658e-12  1.6271e-10
   48    112  4.3628e-12  4.8863e-10
   48    113  2.4416e-12  2.7590e-10
   48    114  8.8083e-12  1.0042e-09
   48    116  5.1512e-12  5.9754e-10
   49    113  1.0746e-19  1.2143e-17
   49    115  4.7629e-12  5.4774e-10
   50    115  3.8002e-18  4.3702e-16
   50    116  7.0120e-14  8.1340e-12
   50    117  1.3431e-12  1.5714e-10
   50    118  7.9883e-12  9.4262e-10
   50    119  2.4727e-12  2.9425e-10
   50    120  1.0359e-11  1.2431e-09
   50    122  1.5725e-11  1.9184e-09
   50    124  1.4840e-11  1.8402e-09
   51    121  2.7630e-12  3.3432e-10
   51    123  5.8270e-13  7.1672e-11
   52    122  2.8938e-15  3.5304e-13
   52    124  2.9574e-16  3.6671e-14
   52    125  5.1271e-12  6.4089e-10
   52    126  2.8196e-11  3.5527e-09
   52    128  3.5781e-11  4.5799e-09
   52    130  2.1009e-10  2.7311e-08
   53    127  1.8864e-12  2.3957e-10
   53    129  3.6238e-18  4.6747e-16
   54    128  1.2511e-16  1.6014e-14
   54    129  2.2358e-11  2.8842e-09
   54    130  4.5163e-14  5.8711e-12
   54    131  4.9379e-10  6.4687e-08
   54    132  1.5917e-09  2.1011e-07
   54    134  1.8077e-09  2.4223e-07
   54    136  1.9991e-10  2.7187e-08
   55    133  1.8877e-09  2.5106e-07
   56    134  1.5814e-14  2.1191e-12
   56    135  5.5442e-10  7.4846e-08
   56    136  3.3650e-13  4.5764e-11
   56    137  7.2813e-12  9.9754e-10
   56    138  3.2216e-11  4.4458e-09
   57    139  2.0404e-11  2.8362e-09
   58    140  3.1032e-11  4.3444e-09
   58    142  1.0471e-12  1.4869e-10
   59    141  1.7935e-12  2.5288e-10
   60    142  3.9398e-18  5.5945e-16
   60    143  1.6523e-12  2.3628e-10
   60    144  5.4662e-12  7.8713e-10
   60    145  4.6856e-13  6.7942e-11
   60    146  1.5407e-12  2.2494e-10
   60    148  1.6073e-12  2.3787e-10
   60    150  2.4261e-12  3.6392e-10
   62    147  1.3759e-12  2.0226e-10
   62    148  4.6273e-14  6.8484e-12
   62    149  1.2242e-13  1.8240e-11
   62    150  7.8888e-15  1.1833e-12
   62    152  6.3240e-13  9.6124e-11
   62    154  4.0692e-13  6.2665e-11
   63    151  1.4322e-13  2.1626e-11
   63    153  2.8115e-13  4.3017e-11
   64    154  1.6761e-16  2.5813e-14
   64    155  7.3395e-14  1.1376e-11
   64    156  2.5986e-13  4.0538e-11
   64    157  6.7927e-14  1.0665e-11
   64    158  1.1358e-13  1.7946e-11
   64    160  2.0057e-13  3.2091e-11
   65    159  2.4434e-14  3.8850e-12
   66    160  3.4848e-18  5.5757e-16
   66    161  1.9431e-14  3.1283e-12
   66    162  4.6231e-14  7.4894e-12
   66    163  2.1489e-14  3.5027e-12
   66    164  3.6639e-14  6.0089e-12
   67    165  4.7973e-14  7.9155e-12
   68    166  5.4961e-14  9.1236e-12
   68    167  4.0528e-14  6.7682e-12
   68    168  3.2774e-14  5.5060e-12
   68    170  3.7923e-14  6.4469e-12
   69    169  1.0978e-13  1.8553e-11
   70    170  9.2787e-18  1.5774e-15
   70    171  4.4507e-14  7.6107e-12
   70    172  2.0397e-14  3.5083e-12
   70    173  1.3009e-14  2.2506e-12
   70    174  8.3180e-14  1.4473e-11
   70    176  3.5056e-14  6.1699e-12
   71    175  2.0703e-14  3.6229e-12
   71    176  1.1857e-18  2.0867e-16
   72    176  1.1099e-20  1.9534e-18
   72    177  3.2516e-14  5.7553e-12
   72    178  2.3925e-14  4.2586e-12
   72    179  2.0082e-14  3.5946e-12
   72    180  2.7733e-14  4.9919e-12
   73    181  1.4863e-13  2.6902e-11
   74    182  5.2604e-14  9.5740e-12
   74    183  1.8077e-14  3.3081e-12
   74    184  1.2429e-14  2.2869e-12
   74    186  8.5699e-15  1.5940e-12
   75    185  7.2767e-15  1.3462e-12
   75    187  2.1691e-14  4.0563e-12
   76    187  1.7626e-16  3.2961e-14
   76    188  9.7179e-15  1.8270e-12
   76    189  4.7031e-14  8.8888e-12
   76    190  2.8986e-14  5.5073e-12
   76    192  2.1667e-13  4.1601e-11
   77    191  8.9283e-14  1.7053e-11
   77    193  1.8733e-14  3.6155e-12
   78    192  1.3697e-18  2.6298e-16
   78    194  6.1630e-14  1.1956e-11
   78    195  7.6516e-14  1.4921e-11
   78    196  6.0408e-14  1.1840e-11
   78    198  1.9008e-13  3.7636e-11
   79    197  1.4792e-13  2.9140e-11
   80    198  1.5419e-17  3.0529e-15
   80    199  1.5473e-14  3.0791e-12
   80    200  4.4271e-14  8.8542e-12
   80    201  4.6767e-14  9.4001e-12
   80    202  6.6847e-14  1.3503e-11
   80    204  2.4079e-13  4.9121e-11
   81    203  1.2967e-13  2.6324e-11
   81    205  2.1507e-13  4.4089e-11
   82    204  2.3602e-20  4.8148e-18
   82    206  6.1510e-13  1.2671e-10
   82    207  1.1597e-10  2.4006e-08
   82    208  1.0220e-12  2.1259e-10
   82    214  5.9907e-16  1.2820e-13
   84    215  1.5864e-14  3.4108e-12
   84    216  6.9393e-16  1.4989e-13
   85    218  3.9263e-20  8.5592e-18
   86    219  1.8362e-19  4.0213e-17
   88    226  2.3599e-20  5.3334e-18
   88    228  5.4672e-19  1.2465e-16
   90    230  1.1121e-18  2.5578e-16
   90    232  2.3932e-13  5.5521e-11
   91    231  1.2742e-17  2.9434e-15
   92    234  3.6212e-18  8.4736e-16
   92    235  2.7462e-13  6.4536e-11
   92    236  2.0259e-15  4.7812e-13
   92    238  6.5878e-14  1.5679e-11
   92    240  1.6788e-20  4.0291e-18
   94    240  1.1201e-17  2.6881e-15
   94    244  2.8265e-15  6.8967e-13
   96    247  5.8253e-20  1.4388e-17
   97    246  1.4666e-17  3.6078e-15
  100    258  5.3936e-13  1.3916e-10
  100    260  2.7755e-12  7.2163e-10
  100    262  6.1580e-12  1.6134e-09
  102    261  6.2008e-12  1.6184e-09
  102    263  8.4202e-12  2.2145e-09
  102    264  3.9296e-12  1.0374e-09
  102    266  4.5549e-12  1.2116e-09
  103    265  6.9168e-12  1.8330e-09
  104    267  4.0499e-12  1.0813e-09
  104    268  6.6869e-13  1.7921e-10
  104    270  1.4236e-12  3.8437e-10
  104    272  3.1041e-13  8.4430e-11
  104    274  2.9672e-13  8.1300e-11
  105    269  7.7818e-13  2.0933e-10
  105    271  9.1977e-13  2.4926e-10
  106    273  4.7070e-13  1.2850e-10
  106    275  1.2166e-12  3.3457e-10
  106    276  4.5082e-12  1.2443e-09
  106    278  1.1796e-12  3.2793e-10
  106    280  1.0084e-11  2.8236e-09
  107    277  2.4117e-12  6.6803e-10
  108    279  5.4886e-12  1.5313e-09
  108    281  6.4676e-12  1.8174e-09
  108    282  2.6954e-11  7.6010e-09
  108    283  1.2946e-10  3.6636e-08
  108    284  7.4289e-10  2.1098e-07
  108    286  4.5157e-09  1.2915e-06
  110    285  3.0781e-09  8.7725e-07
  110    286  1.8718e-13  5.3532e-11
  110    287  3.7261e-09  1.0694e-06
  110    288  4.6260e-09  1.3323e-06
  110    290  7.0939e-09  2.0572e-06
  111    289  5.0558e-09  1.4611e-06
  111    290  1.0251e-13  2.9727e-11
  111    291  1.2878e-08  3.7475e-06
  111    292  1.2509e-07  3.6526e-05
  111    293  6.2137e-08  1.8206e-05
  111    294  2.5472e-07  7.4888e-05
  111    295  8.6794e-07  2.5604e-04
  111    296  2.0301e-06  6.0092e-04
  111    297  1.2679e-06  3.7657e-04
  111    298  7.1829e-06  2.1405e-03
  111    299  3.2421e-09  9.6940e-07
  111    300  2.0558e-08  6.1673e-06
  111    301  1.6111e-08  4.8495e-06
  111    302  1.6343e-08  4.9355e-06
  111    303  8.9664e-10  2.7168e-07
  111    304  1.0414e-09  3.1658e-07
  111    305  7.5598e-11  2.3057e-08
  111    306  1.3203e-10  4.0401e-08
  111    307  9.9317e-12  3.0490e-09
  111    308  4.9097e-12  1.5122e-09
  111    309  6.0124e-13  1.8578e-10
  111    310  2.8935e-12  8.9698e-10
  111    311  3.1339e-13  9.7465e-11
  111    312  1.5402e-12  4.8053e-10
  111    313  2.0173e-13  6.3142e-11
  111    314  1.3231e-12  4.1545e-10
  111    315  6.2748e-14  1.9765e-11
  111    316  1.5980e-12  5.0496e-10
  111    317  3.0786e-14  9.7590e-12
  111    318  7.8472e-13  2.4954e-10
  111    319  8.3494e-15  2.6635e-12
  111    320  1.5804e-13  5.0571e-11
  111    321  1.0256e-15  3.2920e-13
  111    322  1.1858e-14  3.8183e-12
  111    323  1.8868e-15  6.0942e-13
  111    324  2.1523e-15  6.9734e-13
  111    325  7.9750e-16  2.5919e-13
  111    326  3.6221e-16  1.1808e-13
  111    327  2.2227e-15  7.2681e-13
  111    328  7.0234e-16  2.3037e-13
  111    329  5.8349e-15  1.9197e-12
  111    330  7.6646e-16  2.5293e-13
  111    331  5.4677e-15  1.8098e-12
  111    332  5.2242e-16  1.7344e-13
  111    333  7.0645e-15  2.3525e-12
  111    334  4.6479e-16  1.5524e-13
  111    335  6.8023e-15  2.2788e-12
  111    336  2.5126e-16  8.4424e-14
  111    337  3.3266e-04  1.1211e-01
    1      1  4.9929e-03  4.9929e-03
    2      4  2.1974e-01  8.7896e-01


