1  1.9785e-02
2  7.8294e-04
3  1.2771e-05
4  2.3917e-01
5  0.0000e+00
6  5.6260e-23
7  6.9600e-11
8  1.2378e-07
9  9.1220e-11
10  1.4490e-09
11  3.0894e-09
12  2.3343e-09
13  4.6730e-09
14  4.8316e-07
15  4.3302e-07
16  1.1724e-06
17  1.1589e-08
18  3.5558e-07
19  2.3510e-08
20  6.5112e-07
21  2.2747e-08
22  7.9708e-07
23  3.5319e-07
24  1.0417e-06
25  3.5439e-07
26  5.0194e-07
27  5.1595e-09
28  1.7954e-07
29  1.5969e-08
30  3.0116e-09
31  5.3429e-09
32  7.8446e-08
33  7.0272e-09
34  6.8142e-08
35  7.2907e-09
36  2.2425e-07
37  1.2761e-08
38  6.2260e-08
39  1.7099e-09
40  2.8677e-10
41  2.8274e-11
42  2.5932e-10
43  3.9433e-11
44  5.0866e-10
45  9.7791e-11
46  2.8469e-10
47  9.1928e-11
48  5.1669e-09
49  1.5622e-10
50  1.8665e-10
51  3.5821e-11
52  6.1324e-11
53  3.1937e-11
54  4.4417e-11
55  1.1267e-11
56  2.1838e-11
57  2.1743e-11
58  1.4369e-10
59  1.5474e-12
60  4.8596e-10
61  1.3738e-12
62  1.0749e-11
63  2.8633e-11
64  2.9232e-10
65  1.5100e-12
66  1.6122e-11
67  2.0760e-12
68  2.1346e-11
69  2.3641e-12
70  3.0668e-11
71  3.8465e-12
72  2.2866e-11
73  6.3139e-12
74  5.6756e-11
75  1.7287e-11
76  8.7387e-11
77  2.7957e-12
78  7.4014e-11
79  2.3909e-11
80  2.2719e-10
81  2.4135e-11
82  2.0336e-10
83  6.4059e-12
84  2.7767e-11
85  3.5838e-11
86  1.2424e-10
87  4.4107e-11
88  4.5702e-11
89  3.9742e-11
90  3.2749e-11
91  9.7876e-12
92  2.2222e-11
93  2.5389e-11
94  2.8471e-11
95  1.0751e-11
96  8.0331e-11
97  1.2800e-11
98  2.7317e-11
99  7.7627e-12
100  2.5024e-11
101  3.4195e-12
102  9.1367e-12
103  3.6668e-12
104  8.1489e-12
105  4.3233e-12
106  8.0913e-12
107  3.1892e-12
108  1.1165e-11
109  2.9049e-12
110  1.6444e-11
111  2.6736e-12
112  6.4040e-12
113  4.4839e-12
114  1.5300e-11
115  9.3538e-12
116  1.1705e-11
117  1.8046e-12
118  1.2059e-11
119  4.5098e-12
120  2.2752e-11
121  6.2560e-12
122  3.8955e-11
123  1.3352e-12
124  3.7067e-11
125  1.1802e-11
126  7.5043e-11
127  3.8862e-12
128  5.9778e-11
129  2.3969e-11
130  1.2486e-10
131  3.3146e-10
132  1.2815e-09
133  1.4666e-09
134  3.1001e-09
135  1.2852e-09
136  7.1103e-10
137  2.3273e-11
138  5.9819e-11
139  5.2126e-11
140  1.1474e-10
141  7.9530e-12
142  4.2631e-12
143  6.3883e-12
144  1.7856e-11
145  1.6662e-12
146  4.2550e-12
147  5.0632e-12
148  7.2316e-12
149  4.4415e-13
150  8.9516e-12
151  5.2809e-13
152  2.1197e-12
153  1.0742e-12
154  1.8492e-12
155  2.6539e-13
156  8.8972e-13
157  2.2617e-13
158  3.9094e-13
159  8.5963e-14
160  9.7939e-13
161  6.5469e-14
162  1.8671e-13
163  7.7570e-14
164  1.6520e-13
165  1.7259e-13
166  2.7121e-13
167  1.8230e-13
168  1.7239e-13
169  5.1385e-13
170  2.3587e-13
171  1.7713e-13
172  8.3525e-14
173  5.7204e-14
174  4.3220e-13
175  1.1315e-13
176  2.3423e-13
177  1.3882e-13
178  1.2098e-13
179  1.1019e-13
180  1.7851e-13
181  1.0409e-12
182  4.5695e-13
183  8.0833e-14
184  5.1628e-14
185  3.2516e-14
186  4.4644e-14
187  1.0352e-13
188  4.5735e-14
189  2.0941e-13
190  1.5815e-13
191  3.6240e-13
192  1.4094e-12
193  1.2098e-13
194  3.9860e-13
195  3.2084e-13
196  3.2834e-13
197  6.2414e-13
198  1.2565e-12
199  9.5264e-14
200  2.6020e-13
201  2.1272e-13
202  3.7128e-13
203  5.0183e-13
204  1.3287e-12
205  1.1956e-12
206  6.1836e-12
207  -7.1162e-12
208  2.7879e-09
209  -8.9020e-06
210  1.2658e-24
211  1.8733e-13
212  7.7550e-15
213  2.7212e-41
214  3.9953e-27
215  2.9312e-31
216  9.8794e-31
217  0.0000e+00
218  2.0199e-15
219  2.1281e-28
220  1.3062e-28
221  -5.8991e-320
222  5.8565e-25
223  5.3094e-23
224  7.3768e-25
225  6.8124e-40
226  8.9614e-20
227  3.7007e-20
228  2.3722e-18
229  2.7865e-31
230  4.2234e-18
231  5.5353e-17
232  1.0383e-12
233  1.4510e-28
234  1.3753e-17
235  1.1930e-12
236  5.0335e-15
237  1.5101e-318
238  2.5019e-13
239  5.2779e-22
240  9.9616e-19
241  0.0000e+00
242  2.2833e-68
243  1.6134e-22
244  1.2126e-14
245  0.0000e+00
246  5.4540e-17
247  3.4053e-19
248  1.5176e-67
249  0.0000e+00
250  0.0000e+00
251  1.0693e-299
252  0.0000e+00
253  0.0000e+00
254  0.0000e+00
255  0.0000e+00
256  0.0000e+00
257  6.3119e-26
258  2.4749e-12
259  7.4613e-26
260  1.4428e-11
261  2.8747e-11
262  2.9394e-11
263  4.5406e-11
264  1.7022e-11
265  3.2531e-11
266  2.2586e-11
267  3.2680e-11
268  6.4225e-12
269  3.0313e-12
270  6.1960e-12
271  4.2096e-12
272  1.4967e-12
273  1.9783e-12
274  1.2453e-12
275  4.9006e-12
276  1.7360e-11
277  8.9648e-12
278  4.4644e-12
279  1.9255e-11
280  3.4161e-11
281  2.1900e-11
282  5.8469e-11
283  1.7936e-10
284  8.0851e-10
285  3.4233e-09
286  4.4159e-09
287  3.4373e-09
288  3.7412e-09
289  3.2674e-09
290  3.0378e-09
291  8.7922e-09
292  5.5477e-08
293  2.6287e-08
294  4.7178e-08
295  6.3308e-08
296  1.5224e-07
297  1.2534e-07
298  1.2999e-06
299  1.2957e-09
300  8.4820e-09
301  7.1106e-09
302  7.2791e-09
303  8.0361e-10
304  3.6847e-10
305  2.7650e-11
306  4.0952e-11
307  6.4844e-12
308  2.3028e-12
309  1.8886e-13
310  8.2681e-13
311  1.8601e-13
312  3.8878e-13
313  4.5473e-14
314  3.1886e-13
315  1.3143e-14
316  4.1791e-13
317  8.1320e-15
318  1.9089e-13
319  2.0331e-15
320  3.7325e-14
321  2.4217e-16
322  2.8001e-15
323  4.4555e-16
324  5.0826e-16
325  1.8833e-16
326  8.5536e-17
327  5.2449e-16
328  1.6568e-16
329  1.3637e-15
330  1.7890e-16
331  1.2617e-15
332  1.2042e-16
333  1.6034e-15
334  1.0538e-16
335  1.5109e-15
336  5.5766e-17
337  6.2886e-05

