1  4.9171e-03
2  1.0565e-04
3  1.1834e-06
4  8.5291e+04
5  0.0000e+00
6  2.1171e-23
7  5.2745e-10
8  4.0024e-08
9  6.6390e-10
10  7.3567e-09
11  1.9632e-08
12  1.2818e-08
13  2.3207e-08
14  6.6728e-07
15  5.6486e-07
16  2.4211e-06
17  3.7584e-08
18  5.1728e-07
19  1.7298e-08
20  6.5381e-07
21  4.7160e-08
22  7.6119e-07
23  3.0851e-07
24  3.6911e-07
25  1.4446e-07
26  1.7817e-07
27  2.4967e-09
28  1.0915e-07
29  7.8361e-09
30  1.5052e-09
31  3.1744e-09
32  5.1918e-08
33  4.4678e-09
34  6.2928e-08
35  1.4271e-08
36  1.3338e-07
37  7.1995e-09
38  3.9157e-08
39  8.8574e-10
40  1.1775e-10
41  1.9519e-11
42  1.6606e-10
43  2.6961e-11
44  3.4346e-10
45  5.6810e-11
46  1.7414e-10
47  1.2412e-10
48  2.6182e-09
49  1.1475e-10
50  1.0964e-10
51  2.8987e-11
52  4.9515e-11
53  2.4119e-11
54  2.7156e-11
55  7.4862e-12
56  2.0848e-11
57  1.4390e-11
58  7.9025e-11
59  1.1037e-12
60  2.3784e-10
61  7.3595e-13
62  7.0809e-12
63  1.3647e-11
64  1.2810e-10
65  7.5473e-13
66  1.0112e-11
67  1.2745e-12
68  1.7284e-11
69  2.6612e-12
70  2.0149e-11
71  3.5042e-12
72  2.4484e-11
73  6.5704e-12
74  4.9559e-11
75  1.3310e-11
76  5.1146e-11
77  2.6615e-12
78  5.8935e-11
79  1.8105e-11
80  1.1893e-10
81  1.2926e-11
82  7.8324e-11
83  4.2427e-12
84  1.2168e-11
85  2.1666e-11
86  4.2896e-11
87  1.7277e-11
88  1.7494e-11
89  1.0293e-11
90  9.1490e-12
91  2.7798e-12
92  7.5271e-12
93  6.5094e-12
94  6.4687e-12
95  3.3646e-12
96  2.6388e-11
97  4.9993e-12
98  1.0180e-11
99  2.7300e-12
100  8.4049e-12
101  1.1772e-12
102  3.4037e-12
103  1.3200e-12
104  3.4251e-12
105  1.6726e-12
106  3.0090e-12
107  1.1529e-12
108  4.4777e-12
109  1.1655e-12
110  5.9828e-12
111  9.6841e-13
112  2.8188e-12
113  1.6173e-12
114  5.8006e-12
115  3.1862e-12
116  3.5249e-12
117  8.5523e-13
118  5.2050e-12
119  1.6467e-12
120  7.0372e-12
121  1.8846e-12
122  1.0768e-11
123  3.9443e-13
124  1.0175e-11
125  3.4822e-12
126  1.9469e-11
127  1.2601e-12
128  2.3486e-11
129  1.3781e-11
130  1.2504e-10
131  2.9975e-10
132  9.8827e-10
133  1.1888e-09
134  1.2325e-09
135  3.9270e-10
136  1.4781e-10
137  5.3033e-12
138  2.2223e-11
139  1.4636e-11
140  2.3098e-11
141  1.3600e-12
142  7.7897e-13
143  1.2162e-12
144  3.9612e-12
145  3.4256e-13
146  1.0940e-12
147  1.0105e-12
148  1.2349e-12
149  8.8783e-14
150  1.7811e-12
151  1.0471e-13
152  4.5773e-13
153  2.0687e-13
154  3.0517e-13
155  5.3550e-14
156  1.8911e-13
157  4.9361e-14
158  8.2545e-14
159  1.7842e-14
160  1.5187e-13
161  1.4096e-14
162  3.4287e-14
163  1.5743e-14
164  2.7516e-14
165  3.5233e-14
166  4.1877e-14
167  3.0525e-14
168  2.5110e-14
169  8.2703e-14
170  2.9525e-14
171  3.2914e-14
172  1.5210e-14
173  9.7808e-15
174  6.3524e-14
175  1.5923e-14
176  2.7529e-14
177  2.4344e-14
178  1.8296e-14
179  1.5476e-14
180  2.1698e-14
181  1.1728e-13
182  4.2299e-14
183  1.3545e-14
184  9.2642e-15
185  5.4687e-15
186  6.5392e-15
187  1.6563e-14
188  7.3525e-15
189  3.5323e-14
190  2.2243e-14
191  6.6159e-14
192  1.6891e-13
193  1.4580e-14
194  4.7895e-14
195  5.6777e-14
196  4.6227e-14
197  1.0996e-13
198  1.4813e-13
199  1.1945e-14
200  3.3867e-14
201  3.4924e-14
202  5.0812e-14
203  9.4760e-14
204  1.8278e-13
205  1.6337e-13
206  4.6416e-13
207  1.0807e-26
208  -4.1105e-13
209  3.3702e-06
210  -2.9146e-24
211  4.7660e-12
212  8.1341e-16
213  0.0000e+00
214  7.8984e-16
215  -1.2918e-15
216  4.9079e-16
217  0.0000e+00
218  -4.5784e-18
219  3.8012e-16
220  -6.6101e-17
221  4.3715e-320
222  1.1356e-25
223  9.1594e-24
224  1.2664e-25
225  9.1152e-42
226  1.7377e-20
227  6.3873e-21
228  4.0955e-19
229  4.5202e-31
230  8.1893e-19
231  9.5500e-18
232  1.7924e-13
233  2.3195e-28
234  2.6668e-18
235  2.0545e-13
236  1.1724e-15
237  1.8280e-318
238  4.8509e-14
239  6.3673e-23
240  2.2967e-18
241  0.0000e+00
242  -8.4075e-319
243  1.9406e-23
244  2.0940e-15
245  0.0000e+00
246  1.0783e-17
247  3.7988e-20
248  0.0000e+00
249  0.0000e+00
250  0.0000e+00
251  0.0000e+00
252  0.0000e+00
253  0.0000e+00
254  0.0000e+00
255  0.0000e+00
256  0.0000e+00
257  4.9270e-26
258  4.0664e-13
259  8.1598e-26
260  2.1349e-12
261  4.6896e-12
262  4.6552e-12
263  6.4112e-12
264  2.9234e-12
265  5.2117e-12
266  3.4310e-12
267  3.2204e-12
268  5.3718e-13
269  5.7216e-13
270  1.0568e-12
271  6.8443e-13
272  2.3179e-13
273  3.4807e-13
274  2.1938e-13
275  8.9548e-13
276  3.3015e-12
277  1.7594e-12
278  8.6217e-13
279  3.9774e-12
280  7.2786e-12
281  4.6674e-12
282  1.8408e-11
283  8.5463e-11
284  4.8324e-10
285  2.0098e-09
286  2.9185e-09
287  2.4204e-09
288  3.0279e-09
289  3.3011e-09
290  4.4971e-09
291  8.5193e-09
292  8.2083e-08
293  4.0568e-08
294  1.7149e-07
295  5.8825e-07
296  1.4292e-06
297  9.6248e-07
298  5.7492e-06
299  2.8944e-09
300  1.8378e-08
301  1.4333e-08
302  1.3703e-08
303  7.9775e-10
304  8.0799e-10
305  5.8709e-11
306  1.0307e-10
307  8.4225e-12
308  3.8121e-12
309  4.4635e-13
310  2.2053e-12
311  2.5684e-13
312  1.1232e-12
313  1.4760e-13
314  9.3332e-13
315  4.3119e-14
316  1.1269e-12
317  2.1711e-14
318  5.4272e-13
319  5.7761e-15
320  1.0838e-13
321  7.0332e-16
322  8.1315e-15
323  1.2938e-15
324  1.4758e-15
325  5.4682e-16
326  2.4835e-16
327  1.5232e-15
328  4.8121e-16
329  3.9857e-15
330  5.2333e-16
331  3.7248e-15
332  3.5581e-16
333  4.8005e-15
334  3.1579e-16
335  4.6040e-15
336  1.7004e-16
337  1.1732e-04

