1  2.5799e-09
2  3.1855e-09
3  2.0009e-10
4  2.3292e-01
5  0.0000e+00
6  8.8458e-12
7  3.2590e-10
8  5.1939e-11
9  1.2698e-11
10  4.8588e-11
11  2.9300e-10
12  1.7270e-09
13  2.2116e-08
14  6.1884e-07
15  1.0372e-06
16  6.2795e-08
17  1.5343e-09
18  1.5193e-08
19  2.0361e-07
20  2.9005e-07
21  4.3274e-07
22  5.0403e-09
23  4.1748e-07
24  1.3354e-07
25  1.3813e-07
26  1.4318e-08
27  2.4721e-07
28  7.0614e-07
29  1.1201e-07
30  5.4634e-08
31  7.2996e-08
32  1.1683e-07
33  9.8090e-07
34  7.5268e-07
35  1.3302e-08
36  1.8659e-08
37  4.9639e-08
38  1.0494e-07
39  1.1072e-07
40  1.7973e-07
41  5.0599e-08
42  5.5135e-07
43  2.5715e-07
44  4.9277e-08
45  9.5258e-08
46  7.8798e-08
47  9.5518e-08
48  2.1873e-07
49  1.7687e-07
50  1.6049e-07
51  2.7003e-08
52  1.2463e-07
53  1.0350e-07
54  6.0118e-08
55  1.3776e-07
56  4.4412e-07
57  5.7035e-07
58  2.5604e-08
59  2.7822e-08
60  5.0633e-08
61  7.4414e-08
62  6.4783e-08
63  1.8739e-07
64  1.0375e-07
65  6.5531e-08
66  1.2808e-07
67  3.7311e-08
68  3.8267e-08
69  3.4142e-08
70  8.0688e-08
71  1.7063e-08
72  7.2483e-08
73  8.5389e-08
74  5.2353e-07
75  1.9901e-06
76  1.5466e-06
77  1.0239e-06
78  1.0091e-06
79  1.6043e-06
80  3.6259e-06
81  1.6380e-06
82  8.8139e-07
83  1.5464e-06
84  5.4848e-07
85  2.5843e-07
86  5.4453e-07
87  7.6250e-07
88  8.4183e-07
89  1.2837e-07
90  2.0578e-07
91  1.3111e-07
92  8.2657e-07
93  3.8799e-07
94  9.7917e-07
95  6.0831e-07
96  5.0741e-07
97  2.4853e-07
98  1.1994e-07
99  1.7011e-07
100  2.1824e-07
101  2.6216e-07
102  1.5502e-07
103  1.3665e-07
104  1.3822e-07
105  1.2515e-07
106  2.2254e-07
107  1.7847e-07
108  2.4903e-07
109  1.9853e-07
110  2.3952e-07
111  5.8124e-08
112  1.0884e-07
113  4.7505e-08
114  4.9600e-08
115  4.8481e-08
116  4.4948e-08
117  8.0118e-08
118  1.0868e-07
119  9.8243e-08
120  3.7968e-07
121  4.1687e-07
122  9.6826e-07
123  1.2504e-06
124  4.8042e-06
125  6.0323e-06
126  1.2065e-05
127  9.8432e-06
128  8.9846e-06
129  5.9153e-06
130  4.0092e-06
131  2.1100e-06
132  3.0518e-06
133  3.1268e-06
134  2.3837e-06
135  1.4413e-06
136  3.0283e-06
137  3.8856e-06
138  3.0783e-06
139  1.6708e-06
140  2.2230e-06
141  2.1925e-06
142  1.5735e-06
143  2.2829e-06
144  3.7934e-06
145  3.4948e-06
146  4.3085e-06
147  3.1131e-06
148  3.0587e-06
149  1.8288e-06
150  2.3811e-06
151  2.7838e-06
152  3.8697e-06
153  2.7356e-06
154  4.7595e-06
155  2.4377e-06
156  4.6826e-06
157  2.8640e-06
158  5.1153e-06
159  2.7067e-06
160  4.5911e-06
161  2.1580e-06
162  4.7718e-06
163  2.9298e-06
164  6.8543e-06
165  3.3138e-06
166  6.7016e-06
167  3.1181e-06
168  4.7362e-06
169  3.2797e-06
170  2.7161e-06
171  2.2338e-06
172  2.2014e-06
173  2.2597e-06
174  3.1178e-06
175  2.2070e-06
176  2.3883e-06
177  2.7225e-06
178  3.8079e-06
179  3.4480e-06
180  4.3590e-06
181  4.4340e-06
182  6.5241e-06
183  3.9136e-06
184  6.9842e-06
185  4.2386e-06
186  9.2391e-06
187  5.8130e-06
188  1.3648e-05
189  1.2799e-05
190  1.6782e-05
191  1.4876e-05
192  1.7847e-05
193  1.8964e-05
194  1.4649e-05
195  9.1502e-06
196  3.1094e-06
197  1.1509e-06
198  3.7548e-07
199  5.0642e-07
200  4.5390e-07
201  2.7364e-07
202  3.0520e-07
203  3.3122e-07
204  6.3644e-07
205  7.4115e-07
206  2.4227e-06
207  2.3202e-06
208  2.3044e-06
209  1.8616e-06
210  1.5350e-15
211  4.5838e-21
212  7.3461e-21
213  4.9657e-44
214  8.0392e-22
215  5.4210e-26
216  8.5115e-27
217  3.9304e-96
218  1.3816e-23
219  1.7755e-24
220  3.2637e-24
221  -1.5514e-321
222  2.4526e-20
223  4.4250e-19
224  1.8432e-20
225  2.9751e-40
226  3.7529e-15
227  3.0843e-16
228  5.9276e-14
229  1.1097e-29
230  1.7687e-13
231  4.6133e-13
232  2.5945e-08
233  6.1500e-26
234  5.7595e-13
235  9.9429e-09
236  2.8872e-11
237  1.2912e-318
238  1.0478e-08
239  1.4566e-20
240  5.7135e-15
241  0.0000e+00
242  1.8646e-121
243  4.4530e-21
244  6.9546e-11
245  0.0000e+00
246  9.7162e-13
247  9.3984e-18
248  6.5288e-121
249  0.0000e+00
250  0.0000e+00
251  4.0693e-314
252  0.0000e+00
253  0.0000e+00
254  0.0000e+00
255  0.0000e+00
256  0.0000e+00
257  6.8838e-26
258  4.1334e-10
259  7.0321e-26
260  2.5119e-10
261  1.5021e-10
262  1.1408e-10
263  7.2186e-11
264  4.6780e-11
265  2.2046e-11
266  1.5987e-11
267  4.5500e-12
268  2.0749e-12
269  1.4702e-12
270  5.4336e-13
271  1.8530e-13
272  6.2109e-14
273  1.9930e-14
274  1.0148e-14
275  2.4102e-15
276  1.8058e-15
277  9.4067e-16
278  1.4653e-15
279  8.7991e-16
280  6.1584e-16
281  5.6045e-16
282  1.4414e-15
283  1.3192e-15
284  1.3204e-15
285  9.4874e-16
286  7.0464e-16
287  4.1619e-16
288  2.2385e-16
289  9.7711e-17
290  6.6235e-17
291  4.0514e-17
292  1.2108e-16
293  3.2795e-17
294  2.8700e-17
295  8.9285e-18
296  2.6521e-18
297  6.6736e-19
298  1.5763e-19
299  3.8155e-24
300  4.3093e-23
301  4.2727e-19
302  2.8995e-19
303  1.1694e-19
304  1.8468e-19
305  3.5010e-20
306  2.4550e-20
307  5.2510e-21
308  2.5190e-21
309  5.5611e-22
310  5.9554e-22
311  8.6029e-23
312  4.7120e-23
313  9.9889e-24
314  3.7510e-23
315  7.6808e-24
316  3.7329e-23
317  8.0763e-24
318  2.5658e-23
319  4.1173e-24
320  1.8338e-24
321  4.3495e-25
322  0.0000e+00
323  0.0000e+00
324  0.0000e+00
325  0.0000e+00
326  0.0000e+00
327  0.0000e+00
328  0.0000e+00
329  0.0000e+00
330  0.0000e+00
331  0.0000e+00
332  0.0000e+00
333  0.0000e+00
334  0.0000e+00
335  0.0000e+00
336  0.0000e+00
337  0.0000e+00

