1  6.8601e-09
2  2.3150e-01
3  2.6950e-10
4  8.3240e-11
5  7.8915e-10
6  3.1523e-08
7  1.5654e-06
8  7.1048e-08
9  1.7493e-07
10  7.1787e-07
11  2.8033e-07
12  4.7467e-07
13  4.3825e-08
14  3.5331e-07
15  9.6873e-08
16  8.5841e-07
17  1.3077e-07
18  2.3531e-07
19  3.2846e-07
20  1.6010e-06
21  3.6466e-07
22  1.7498e-06
23  3.0269e-07
24  1.3612e-06
25  9.1634e-08
26  2.6112e-07
27  1.2068e-08
28  2.8435e-07
29  9.7271e-07
30  8.2379e-07
31  7.4683e-08
32  2.0940e-06
33  1.7581e-06
34  1.0615e-05
35  3.5447e-06
36  3.8048e-06
37  1.1931e-06
38  1.3273e-06
39  3.9769e-07
40  3.1381e-06
41  1.7489e-06
42  2.4393e-06
43  1.5451e-32
44  1.0802e-06
45  3.7049e-07
46  2.0231e-06
47  9.2246e-07
48  7.8698e-07
49  1.2682e-07
50  8.6167e-06
51  2.3938e-06
52  6.1817e-05
53  2.1794e-05
54  4.9449e-05
55  3.9468e-06
56  2.0569e-05
57  2.0105e-06
58  8.2889e-06
59  1.9670e-06
60  2.6898e-05
61  7.4753e-188
62  2.1088e-05
63  7.7395e-06
64  2.7207e-05
65  4.7021e-06
66  2.5111e-05
67  3.7846e-06
68  2.5438e-05
69  3.8410e-06
70  1.7281e-05
71  2.4738e-06
72  1.8103e-05
73  5.2394e-06
74  3.6465e-05
75  7.4987e-06
76  2.8657e-05
77  8.1470e-06
78  4.5433e-06
79  2.4460e-07
80  1.1903e-07
81  3.7868e-08
82  1.2273e-07
83  1.9941e-08
84  2.7644e-13
85  2.5234e-32
86  1.0453e-20
87  4.0558e-27
88  1.5122e-18
89  1.5294e-19
90  2.6265e-11
91  2.2929e-16
92  9.1406e-12
93  2.5929e-26
94  1.7634e-14
95  4.1919e-25
96  8.8889e-22
97  2.1252e-16
98  -4.7881e-315
99  -1.3340e-321
100  1.1708e-14
101  4.1367e-313
102  1.7683e-15
103  7.2110e-17
104  5.4397e-18
105  1.5043e-18
106  1.1665e-20
107  7.8029e-22
108  3.1561e-21
109  1.5446e-319
110  1.2233e-23
111  7.4091e-25
112  0.0000e+00
113  0.0000e+00
114  0.0000e+00
115  0.0000e+00
116  0.0000e+00
117  0.0000e+00
118  0.0000e+00

