1  1.0031e-02
2  2.3897e-01
3  1.3572e-10
4  6.8846e-08
5  8.2383e-09
6  1.1146e-08
7  1.1418e-06
8  2.2780e-06
9  2.3200e-08
10  1.6305e-06
11  3.7138e-07
12  1.2514e-06
13  3.7450e-09
14  1.4877e-07
15  3.9280e-09
16  2.6936e-07
17  1.7117e-08
18  3.8812e-08
19  9.9076e-10
20  6.7956e-10
21  5.8150e-11
22  3.1528e-09
23  2.4400e-11
24  9.0580e-11
25  7.0603e-12
26  1.1264e-10
27  9.8847e-13
28  4.2457e-10
29  1.6375e-11
30  4.4436e-11
31  4.5910e-12
32  1.1750e-10
33  1.2011e-11
34  2.8917e-10
35  3.0913e-11
36  7.8537e-11
37  4.4575e-11
38  2.3526e-11
39  1.6895e-11
40  4.0142e-11
41  1.0510e-11
42  7.0508e-11
43  6.5927e-37
44  1.4357e-11
45  1.7020e-12
46  1.9008e-11
47  2.8996e-12
48  1.8881e-11
49  4.2871e-12
50  5.0785e-11
51  3.2961e-12
52  1.5873e-10
53  1.7150e-12
54  2.9850e-09
55  1.0563e-09
56  6.3127e-10
57  2.3089e-11
58  4.4992e-11
59  2.7944e-12
60  1.7205e-11
61  1.2217e-91
62  3.5348e-12
63  5.7924e-13
64  9.8732e-13
65  3.2087e-14
66  1.7548e-13
67  6.4455e-14
68  2.7805e-13
69  1.7136e-13
70  3.1919e-13
71  3.5748e-14
72  1.7590e-13
73  2.9716e-13
74  1.7809e-13
75  4.5568e-14
76  5.4847e-13
77  1.6320e-13
78  6.9268e-13
79  2.1660e-13
80  6.9493e-13
81  5.3954e-13
82  6.7638e-09
83  -9.8893e-08
84  2.5231e-15
85  2.3287e-46
86  2.1576e-14
87  3.3210e-28
88  8.3724e-19
89  1.2523e-20
90  3.5247e-13
91  1.8775e-17
92  4.9568e-13
93  5.9239e-27
94  4.0084e-15
95  3.4177e-23
96  7.2136e-20
97  1.9698e-17
98  3.5568e-302
99  1.0128e-321
100  1.5267e-11
101  1.7032e-198
102  3.6854e-11
103  1.0841e-11
104  1.3193e-11
105  2.4553e-12
106  2.2776e-11
107  3.2100e-12
108  3.4381e-09
109  1.0952e-319
110  1.0028e-08
111  1.0613e-04
112  0.0000e+00
113  0.0000e+00
114  0.0000e+00
115  0.0000e+00
116  0.0000e+00
117  0.0000e+00
118  0.0000e+00

