1  6.2576e-09
2  2.0377e-01
3  1.5340e-18
4  5.8150e-19
5  3.5659e-18
6  1.0970e-06
7  1.3160e-15
8  3.3337e-09
9  2.6828e-21
10  2.9127e-09
11  2.8002e-13
12  3.6665e-09
13  6.9166e-10
14  3.6594e-08
15  3.2668e-09
16  1.6021e-07
17  3.3010e-08
18  4.1072e-08
19  7.9203e-09
20  4.3428e-07
21  1.4050e-08
22  1.4178e-06
23  9.2377e-08
24  2.1457e-06
25  8.6407e-09
26  5.1747e-07
27  8.2196e-10
28  2.0162e-06
29  8.6600e-07
30  7.2230e-06
31  9.6227e-07
32  9.1448e-06
33  2.9454e-07
34  3.5265e-05
35  4.1658e-06
36  9.0403e-05
37  3.8284e-06
38  1.4891e-05
39  6.7223e-05
40  7.8989e-04
41  2.3697e-04
42  5.5058e-04
43  2.4181e-30
44  9.8061e-05
45  8.0492e-06
46  4.3476e-05
47  9.7825e-06
48  3.3820e-06
49  3.7013e-07
50  5.3044e-08
51  5.2407e-09
52  4.8241e-09
53  4.4539e-10
54  6.1938e-11
55  3.2759e-16
56  1.9333e-19
57  7.0064e-25
58  6.4191e-24
59  0.0000e+00
60  0.0000e+00
61  0.0000e+00
62  0.0000e+00
63  0.0000e+00
64  0.0000e+00
65  0.0000e+00
66  0.0000e+00
67  0.0000e+00
68  0.0000e+00
69  0.0000e+00
70  0.0000e+00
71  0.0000e+00
72  0.0000e+00
73  0.0000e+00
74  0.0000e+00
75  0.0000e+00
76  0.0000e+00
77  0.0000e+00
78  0.0000e+00
79  0.0000e+00
80  0.0000e+00
81  0.0000e+00
82  0.0000e+00
83  0.0000e+00
84  0.0000e+00
85  0.0000e+00
86  0.0000e+00
87  0.0000e+00
88  0.0000e+00
89  0.0000e+00
90  0.0000e+00
91  0.0000e+00
92  0.0000e+00
93  0.0000e+00
94  0.0000e+00
95  0.0000e+00
96  0.0000e+00
97  0.0000e+00
98  0.0000e+00
99  0.0000e+00
100  0.0000e+00
101  0.0000e+00
102  0.0000e+00
103  0.0000e+00
104  0.0000e+00
105  0.0000e+00
106  0.0000e+00
107  0.0000e+00
108  0.0000e+00
109  0.0000e+00
110  0.0000e+00
111  0.0000e+00
112  0.0000e+00
113  0.0000e+00
114  0.0000e+00
115  0.0000e+00
116  0.0000e+00
117  0.0000e+00
118  0.0000e+00

