    1      2  1.8542e-14  3.7085e-14
    2      3  9.2562e-19  2.7768e-18
    3      6  5.9193e-17  3.5516e-16
    3      7  2.8478e-18  1.9934e-17
    4      8  1.1956e-15  9.5649e-15
    4      9  1.5892e-18  1.4303e-17
    5     10  7.9670e-17  7.9670e-16
    5     11  6.9874e-19  7.6862e-18
    6     12  3.3628e-08  4.0353e-07
    6     13  2.4416e-13  3.1741e-12
    7     14  8.1558e-13  1.1418e-11
    7     15  8.2912e-11  1.2437e-09
    8     16  1.3573e-09  2.1717e-08
    8     17  6.8949e-14  1.1721e-12
    8     18  3.3922e-11  6.1059e-10
    9     19  4.6440e-11  8.8237e-10
   10     20  2.0382e-10  4.0765e-09
   10     21  9.7163e-11  2.0404e-09
   10     22  1.7641e-10  3.8811e-09
   11     23  5.2078e-10  1.1978e-08
   12     24  3.5613e-10  8.5470e-09
   12     25  8.6028e-10  2.1507e-08
   12     26  3.5969e-09  9.3520e-08
   13     26  4.5180e-14  1.1747e-12
   13     27  1.7841e-09  4.8172e-08
   14     28  6.2356e-09  1.7460e-07
   14     29  6.0064e-09  1.7418e-07
   14     30  2.2282e-08  6.6847e-07
   15     31  3.0272e-09  9.3843e-08
   16     32  3.5024e-08  1.1208e-06
   16     33  6.2341e-08  2.0572e-06
   16     34  4.7415e-08  1.6121e-06
   16     36  3.9722e-08  1.4300e-06
   17     35  2.4013e-08  8.4047e-07
   17     37  2.6766e-07  9.9034e-06
   18     36  7.7864e-17  2.8031e-15
   18     38  5.1198e-07  1.9455e-05
   18     40  5.3748e-08  2.1499e-06
   19     39  3.7157e-08  1.4491e-06
   19     41  4.5847e-08  1.8797e-06
   20     42  1.4389e-07  6.0435e-06
   20     43  4.6396e-08  1.9950e-06
   20     44  1.3657e-07  6.0089e-06
   20     46  8.9256e-07  4.1058e-05
   21     45  3.2011e-07  1.4405e-05
   22     46  1.8438e-20  8.4817e-19
   22     47  6.8781e-07  3.2327e-05
   22     48  1.9929e-07  9.5660e-06
   22     49  7.7050e-07  3.7754e-05
   22     50  1.2034e-06  6.0171e-05
   23     51  4.8362e-07  2.4665e-05
   24     52  2.5002e-08  1.3001e-06
   24     53  9.0404e-07  4.7914e-05
   24     54  3.6093e-06  1.9490e-04
   25     55  2.2725e-07  1.2499e-05
   26     56  1.1490e-06  6.4347e-05
   26     57  1.7968e-07  1.0242e-05
   26     58  1.2016e-08  6.9694e-07
   27     59  1.4935e-08  8.8118e-07
   28     60  9.7081e-08  5.8249e-06
   28     61  2.3409e-07  1.4280e-05
   28     62  1.9615e-07  1.2162e-05
   28     64  5.0174e-08  3.2111e-06
   29     63  3.7937e-07  2.3900e-05
   29     65  3.5917e-08  2.3346e-06
   30     64  1.7201e-20  1.1009e-18
   30     66  1.9134e-07  1.2628e-05
   30     67  1.1104e-07  7.4396e-06
   30     68  4.3631e-08  2.9669e-06
   30     70  1.1942e-07  8.3593e-06
   31     69  4.8189e-08  3.3251e-06
   31     71  1.9773e-08  1.4039e-06
   32     70  1.9855e-16  1.3898e-14
   32     72  5.2009e-08  3.7446e-06
   32     73  2.6923e-07  1.9654e-05
   32     74  7.6585e-07  5.6673e-05
   32     76  5.2898e-06  4.0202e-04
   33     75  4.0346e-06  3.0259e-04
   34     76  1.4348e-13  1.0905e-11
   34     77  1.0891e-05  8.3858e-04
   34     78  1.1715e-05  9.1379e-04
   34     80  9.1109e-06  7.2888e-04
   34     82  4.6196e-06  3.7880e-04
   35     79  4.8062e-06  3.7969e-04
   35     81  2.2758e-06  1.8434e-04
   36     82  6.6631e-14  5.4637e-12
   36     83  1.5156e-05  1.2579e-03
   36     84  6.4331e-06  5.4038e-04
   36     86  5.4550e-06  4.6913e-04
   37     85  3.5087e-06  2.9824e-04
   37     87  1.2383e-06  1.0773e-04
   38     86  2.8223e-20  2.4272e-18
   38     87  9.0667e-09  7.8880e-07
   38     88  7.7216e-06  6.7950e-04
   39     89  4.1215e-06  3.6681e-04
   40     90  2.4831e-06  2.2348e-04
   40     91  2.2495e-06  2.0471e-04
   40     92  2.1408e-05  1.9696e-03
   40     94  3.2751e-06  3.0786e-04
   41     93  4.0650e-06  3.7804e-04
   42     95  1.8765e-06  1.7827e-04
   42     96  1.0410e-05  9.9935e-04
   42     97  6.6624e-06  6.4625e-04
   42     98  1.1060e-06  1.0838e-04
   42    100  2.3805e-05  2.3805e-03
   44     99  7.1818e-06  7.1100e-04
   44    100  5.0720e-13  5.0720e-11
   44    101  4.3544e-05  4.3979e-03
   44    102  9.8778e-06  1.0075e-03
   44    104  2.5851e-05  2.6886e-03
   45    103  7.0252e-06  7.2359e-04
   46    104  2.7291e-18  2.8382e-16
   46    105  1.2334e-05  1.2951e-03
   46    106  1.6371e-05  1.7354e-03
   46    108  1.0177e-05  1.0992e-03
   46    110  1.2979e-05  1.4277e-03
   47    107  1.9317e-05  2.0669e-03
   47    109  6.8333e-06  7.4483e-04
   48    110  6.3624e-14  6.9986e-12
   48    111  4.7370e-06  5.2581e-04
   48    112  1.5042e-05  1.6847e-03
   48    113  6.6772e-06  7.5452e-04
   48    114  5.8298e-06  6.6460e-04
   48    116  2.9444e-06  3.4155e-04
   49    113  2.9387e-13  3.3207e-11
   49    115  3.3861e-06  3.8940e-04
   50    115  2.7016e-12  3.1069e-10
   50    116  1.9958e-13  2.3152e-11
   50    117  5.5080e-06  6.4443e-04
   50    118  4.7647e-06  5.6224e-04
   50    119  2.8737e-06  3.4197e-04
   50    120  9.0575e-06  1.0869e-03
   50    122  1.9620e-05  2.3937e-03
   50    124  6.1838e-05  7.6679e-03
   51    121  7.9545e-06  9.6249e-04
   51    123  1.7742e-05  2.1823e-03
   52    122  8.7732e-14  1.0703e-11
   52    124  3.3889e-15  4.2022e-13
   52    125  8.0905e-05  1.0113e-02
   52    126  1.9356e-04  2.4388e-02
   52    128  4.3940e-05  5.6243e-03
   52    130  5.5104e-07  7.1635e-05
   53    127  8.3943e-05  1.0661e-02
   53    129  5.2946e-14  6.8300e-12
   54    128  4.8959e-16  6.2668e-14
   54    129  1.2297e-05  1.5864e-03
   54    130  5.2013e-15  6.7617e-13
   54    131  4.2725e-09  5.5970e-07
   54    132  2.7313e-09  3.6053e-07
   54    134  5.9780e-10  8.0106e-08
   54    136  3.1500e-11  4.2840e-09
   55    133  3.1761e-09  4.2242e-07
   56    135  5.8992e-11  7.9639e-09
   56    136  1.8514e-20  2.5179e-18
   56    137  3.7468e-13  5.1331e-11
   56    138  1.0637e-13  1.4679e-11
   57    139  2.1870e-12  3.0399e-10
   58    140  4.7995e-12  6.7193e-10
   58    142  6.6937e-13  9.5050e-11
   59    141  4.4290e-13  6.2449e-11
   60    143  5.5601e-13  7.9510e-11
   60    144  8.9831e-14  1.2936e-11
   60    145  7.6218e-15  1.1052e-12
   60    146  7.0927e-15  1.0355e-12
   60    148  8.0632e-14  1.1934e-11
   60    150  5.3654e-14  8.0481e-12
   62    147  2.7304e-14  4.0137e-12
   62    149  3.9549e-14  5.8928e-12
   62    150  2.9533e-20  4.4299e-18
   62    152  4.9857e-14  7.5782e-12
   62    154  2.1992e-14  3.3867e-12
   63    151  2.8904e-14  4.3645e-12
   63    153  2.3379e-14  3.5770e-12
   64    155  1.4256e-14  2.2097e-12
   64    156  3.5743e-15  5.5759e-13
   64    157  4.4670e-15  7.0131e-13
   64    158  3.3306e-15  5.2623e-13
   64    160  7.9656e-16  1.2745e-13
   65    159  2.9698e-16  4.7220e-14
   66    161  6.7584e-16  1.0881e-13
   66    162  2.9423e-16  4.7666e-14
   66    163  1.7036e-16  2.7769e-14
   66    164  2.4332e-16  3.9905e-14
   67    165  1.2194e-16  2.0120e-14
   68    166  1.9837e-16  3.2929e-14
   68    167  6.8591e-17  1.1455e-14
   68    168  3.2009e-17  5.3775e-15
   68    170  6.4390e-18  1.0946e-15
   69    169  3.7117e-17  6.2728e-15
   70    171  2.5506e-18  4.3616e-16
   70    172  1.3099e-18  2.2530e-16
   70    173  5.3909e-19  9.3263e-17
   70    174  4.4957e-19  7.8226e-17
   70    176  8.5529e-20  1.5053e-17
   71    175  1.1036e-19  1.9314e-17
   72    177  3.7954e-20  6.7179e-18
    1      1  4.2777e-09  4.2777e-09
    2      4  2.2336e-01  8.9342e-01


