    1      2  1.9047e-14  3.8094e-14
    2      3  2.5214e-20  7.5642e-20
    3      6  7.6564e-19  4.5939e-18
    3      7  5.7238e-20  4.0067e-19
    4      9  3.4515e-19  3.1063e-18
    5     10  1.0971e-18  1.0971e-17
    5     11  1.7189e-18  1.8907e-17
    6     12  1.3464e-06  1.6157e-05
    6     13  1.8423e-11  2.3949e-10
    7     14  1.5557e-15  2.1779e-14
    7     15  4.7762e-20  7.1643e-19
    8     16  3.7568e-09  6.0109e-08
    8     17  2.5610e-16  4.3536e-15
    8     18  4.2957e-18  7.7323e-17
   10     20  3.0027e-09  6.0054e-08
   10     21  8.0798e-15  1.6968e-13
   10     22  8.8740e-19  1.9523e-17
   11     23  2.7516e-13  6.3287e-12
   12     24  3.4056e-09  8.1734e-08
   12     25  2.3224e-12  5.8061e-11
   12     26  5.9798e-12  1.5548e-10
   13     26  2.8533e-14  7.4186e-13
   13     27  5.9420e-10  1.6043e-08
   14     28  1.5978e-08  4.4739e-07
   14     29  2.6829e-10  7.7805e-09
   14     30  1.4604e-08  4.3811e-07
   15     31  2.8375e-09  8.7963e-08
   16     32  1.0068e-08  3.2216e-07
   16     33  7.9792e-10  2.6331e-08
   16     34  6.0628e-08  2.0614e-06
   16     36  9.2496e-08  3.3299e-06
   17     35  1.8135e-08  6.3471e-07
   17     37  7.9957e-09  2.9584e-07
   18     36  2.5327e-10  9.1176e-09
   18     38  2.2139e-08  8.4130e-07
   18     40  2.1123e-08  8.4492e-07
   19     39  6.8516e-09  2.6721e-07
   19     40  5.9083e-12  2.3633e-10
   19     41  3.0026e-09  1.2311e-07
   20     40  1.8265e-12  7.3059e-11
   20     42  3.8691e-09  1.6250e-07
   20     43  8.1812e-09  3.5179e-07
   20     44  9.7129e-09  4.2737e-07
   20     46  3.6667e-07  1.6867e-05
   21     45  1.0104e-08  4.5468e-07
   22     46  3.3310e-13  1.5322e-11
   22     47  7.0792e-08  3.3272e-06
   22     48  3.8518e-08  1.8489e-06
   22     49  5.4461e-08  2.6686e-06
   22     50  1.1750e-06  5.8751e-05
   23     51  4.7087e-08  2.4014e-06
   24     50  4.5507e-18  2.2753e-16
   24     52  1.2621e-08  6.5631e-07
   24     53  2.3707e-07  1.2565e-05
   24     54  1.8603e-06  1.0046e-04
   25     55  4.6319e-09  2.5475e-07
   26     56  2.7404e-08  1.5346e-06
   26     57  3.2196e-07  1.8352e-05
   26     58  5.2412e-08  3.0399e-06
   27     59  3.8662e-10  2.2811e-08
   28     60  1.2288e-06  7.3730e-05
   28     61  3.8412e-08  2.3432e-06
   28     62  5.8488e-07  3.6262e-05
   28     64  1.3426e-07  8.5925e-06
   29     63  2.8246e-07  1.7795e-05
   29     65  2.8874e-07  1.8768e-05
   30     64  3.2885e-19  2.1047e-17
   30     66  4.3922e-06  2.8989e-04
   30     67  8.8150e-07  5.9060e-05
   30     68  4.3669e-08  2.9695e-06
   30     70  2.2243e-07  1.5570e-05
   31     69  8.1332e-07  5.6119e-05
   31     71  2.3686e-07  1.6817e-05
   32     70  5.2106e-15  3.6474e-13
   32     72  2.4652e-06  1.7749e-04
   32     73  3.6676e-07  2.6773e-05
   32     74  4.7592e-06  3.5218e-04
   32     76  1.2525e-07  9.5187e-06
   33     75  1.1776e-06  8.8318e-05
   34     76  7.4938e-14  5.6953e-12
   34     77  3.3032e-07  2.5435e-05
   34     78  2.8211e-06  2.2005e-04
   34     80  8.8803e-06  7.1042e-04
   34     82  1.8149e-05  1.4882e-03
   35     79  5.2006e-07  4.1085e-05
   35     81  2.5114e-06  2.0342e-04
   36     82  1.2219e-13  1.0019e-11
   36     83  4.6346e-06  3.8467e-04
   36     84  3.7586e-06  3.1573e-04
   36     86  8.7665e-05  7.5392e-03
   37     85  5.5762e-07  4.7397e-05
   37     87  6.1192e-06  5.3237e-04
   38     86  2.8439e-17  2.4458e-15
   38     87  4.4801e-08  3.8977e-06
   38     88  6.8785e-06  6.0531e-04
   39     89  6.4920e-05  5.7779e-03
   40     90  6.5169e-04  5.8652e-02
   40     91  4.8446e-06  4.4086e-04
   40     92  1.7902e-04  1.6470e-02
   40     94  2.1285e-04  2.0007e-02
   41     93  2.6380e-04  2.4533e-02
   42     94  2.9463e-20  2.7695e-18
   42     95  5.4534e-06  5.1807e-04
   42     96  3.2085e-04  3.0802e-02
   42     97  3.8188e-06  3.7042e-04
   42     98  6.2824e-05  6.1567e-03
   42    100  2.2130e-06  2.2130e-04
   44     99  5.0011e-06  4.9511e-04
   44    100  5.4810e-13  5.4810e-11
   44    101  4.0814e-05  4.1222e-03
   44    102  4.3061e-05  4.3923e-03
   44    104  3.1495e-05  3.2755e-03
   45    103  2.1436e-06  2.2079e-04
   46    104  9.4013e-19  9.7773e-17
   46    105  3.9354e-06  4.1322e-04
   46    106  1.1235e-05  1.1909e-03
   46    107  1.8038e-20  1.9301e-18
   46    108  2.9528e-06  3.1890e-04
   46    110  1.5735e-07  1.7308e-05
   47    107  8.5904e-07  9.1917e-05
   47    109  3.2001e-06  3.4881e-04
   48    110  3.8687e-14  4.2556e-12
   48    111  2.5026e-07  2.7779e-05
   48    112  1.1954e-06  1.3389e-04
   48    113  6.4219e-08  7.2568e-06
   48    114  9.5301e-08  1.0864e-05
   48    116  5.7721e-08  6.6956e-06
   49    113  2.8263e-15  3.1938e-13
   49    115  1.2598e-07  1.4487e-05
   50    115  1.0051e-13  1.1559e-11
   50    116  1.0419e-14  1.2086e-12
   50    117  1.1270e-08  1.3186e-06
   50    118  2.5726e-09  3.0356e-07
   50    119  3.8421e-09  4.5721e-07
   50    120  1.6522e-09  1.9826e-07
   50    122  5.7633e-10  7.0313e-08
   50    124  2.6065e-10  3.2320e-08
   51    121  1.2134e-09  1.4682e-07
   51    123  9.3308e-11  1.1477e-08
   52    122  2.0029e-17  2.4435e-15
   52    124  3.3809e-20  4.1923e-18
   52    125  4.3332e-10  5.4164e-08
   52    126  1.5297e-09  1.9274e-07
   52    128  1.4009e-11  1.7932e-09
   52    130  1.2775e-11  1.6607e-09
   53    127  1.1594e-10  1.4724e-08
   53    129  2.6818e-19  3.4595e-17
   54    129  3.1662e-12  4.0844e-10
   54    131  8.4615e-13  1.1085e-10
   54    132  5.0547e-14  6.6721e-12
   54    134  1.1298e-17  1.5139e-15
   55    133  2.6533e-16  3.5289e-14
   56    135  1.7673e-19  2.3859e-17
    1      1  6.3461e-09  6.3461e-09
    2      4  2.0184e-01  8.0734e-01


