    1      2  2.2061e-04  4.4122e-04
    2      3  2.8489e-06  8.5467e-06
    3      7  2.4578e-10  1.7204e-09
    4      8  9.4694e-08  7.5755e-07
    4      9  4.5810e-10  4.1229e-09
    5     10  4.7012e-09  4.7012e-08
    5     11  9.6936e-09  1.0663e-07
    6     12  6.5360e-09  7.8432e-08
    6     13  1.2854e-08  1.6710e-07
    7     14  6.4267e-07  8.9973e-06
    7     15  5.5927e-07  8.3890e-06
    8     16  1.9524e-06  3.1239e-05
    8     17  2.5392e-08  4.3167e-07
    8     18  5.1038e-07  9.1869e-06
    9     19  2.1983e-08  4.1768e-07
   10     20  1.6074e-07  3.2149e-06
   10     21  1.5366e-07  3.2268e-06
   10     22  1.9027e-06  4.1859e-05
   11     23  4.0089e-07  9.2204e-06
   12     24  4.0557e-07  9.7336e-06
   12     25  2.6205e-07  6.5512e-06
   12     26  2.4336e-07  6.3272e-06
   13     27  3.0095e-09  8.1256e-08
   14     28  6.7230e-08  1.8825e-06
   14     29  3.7286e-09  1.0813e-07
   14     30  8.3139e-10  2.4942e-08
   15     31  1.7582e-09  5.4504e-08
   16     32  2.0371e-08  6.5187e-07
   16     33  2.0217e-09  6.6715e-08
   16     34  3.6599e-09  1.2444e-07
   16     36  5.3844e-08  1.9384e-06
   17     35  1.6776e-08  5.8716e-07
   17     37  2.6245e-09  9.7108e-08
   18     36  3.6022e-14  1.2968e-12
   18     38  1.8075e-08  6.8684e-07
   18     40  6.0939e-11  2.4376e-09
   19     39  5.0030e-10  1.9512e-08
   19     40  1.8192e-20  7.2767e-19
   19     41  1.1872e-11  4.8676e-10
   20     42  8.0607e-11  3.3855e-09
   20     43  1.5632e-11  6.7216e-10
   20     44  1.3194e-10  5.8054e-09
   20     46  9.3659e-11  4.3083e-09
   21     45  5.4378e-11  2.4470e-09
   22     46  9.2763e-18  4.2671e-16
   22     47  3.6324e-11  1.7072e-09
   22     48  1.4729e-09  7.0698e-08
   22     49  3.6706e-11  1.7986e-09
   22     50  3.6803e-11  1.8401e-09
   23     51  6.8028e-12  3.4694e-10
   24     52  3.3408e-12  1.7372e-10
   24     53  4.9888e-12  2.6441e-10
   24     54  8.9594e-12  4.8381e-10
   25     55  8.1771e-13  4.4974e-11
   26     56  1.9253e-12  1.0782e-10
   26     57  4.5551e-12  2.5964e-10
   26     58  3.0627e-11  1.7764e-09
   27     59  3.7722e-13  2.2256e-11
   28     60  1.1960e-10  7.1757e-09
   28     61  5.1935e-13  3.1680e-11
   28     62  1.7886e-12  1.1089e-10
   28     64  6.9212e-11  4.4296e-09
   29     63  4.5205e-12  2.8479e-10
   29     65  3.8501e-13  2.5025e-11
   30     66  4.5770e-12  3.0208e-10
   30     67  6.5048e-13  4.3582e-11
   30     68  3.8396e-12  2.6109e-10
   30     70  5.8534e-12  4.0974e-10
   31     69  4.6661e-13  3.2196e-11
   31     71  9.0320e-13  6.4127e-11
   32     70  2.6192e-15  1.8335e-13
   32     72  5.7023e-12  4.1056e-10
   32     73  1.0145e-12  7.4060e-11
   32     74  2.0756e-12  1.5359e-10
   32     76  1.5703e-11  1.1934e-09
   33     75  2.4528e-12  1.8396e-10
   34     76  1.7355e-14  1.3190e-12
   34     77  8.4362e-13  6.4958e-11
   34     78  1.5856e-11  1.2368e-09
   34     80  1.8215e-11  1.4572e-09
   34     82  5.2534e-11  4.3078e-09
   35     79  3.3153e-12  2.6191e-10
   35     81  2.2919e-12  1.8565e-10
   36     82  9.6620e-14  7.9229e-12
   36     83  1.6913e-12  1.4037e-10
   36     84  2.8945e-12  2.4314e-10
   36     86  2.9146e-11  2.5066e-09
   37     85  1.6686e-11  1.4183e-09
   37     87  4.9783e-12  4.3311e-10
   38     86  3.7266e-18  3.2049e-16
   38     87  3.6447e-14  3.1709e-12
   38     88  1.1109e-11  9.7757e-10
   39     89  4.1206e-12  3.6673e-10
   40     90  7.1455e-12  6.4310e-10
   40     91  3.5907e-12  3.2675e-10
   40     92  1.4303e-11  1.3159e-09
   40     94  5.3663e-12  5.0443e-10
   41     93  4.1500e-12  3.8595e-10
   42     95  7.7005e-12  7.3155e-10
   42     96  2.8876e-11  2.7721e-09
   42     97  4.9615e-12  4.8127e-10
   42     98  6.5189e-12  6.3885e-10
   42    100  6.5626e-12  6.5626e-10
   44     99  2.8393e-12  2.8109e-10
   44    100  2.2967e-15  2.2967e-13
   44    101  8.9174e-13  9.0065e-11
   44    102  2.6229e-12  2.6753e-10
   44    104  1.2896e-12  1.3412e-10
   45    103  1.1772e-12  1.2125e-10
   46    104  4.1754e-17  4.3425e-15
   46    105  9.1037e-13  9.5589e-11
   46    106  2.0321e-12  2.1540e-10
   46    108  3.1714e-12  3.4251e-10
   46    110  4.4331e-12  4.8764e-10
   47    107  8.5428e-13  9.1408e-11
   47    109  8.1954e-13  8.9330e-11
   48    110  3.0902e-15  3.3992e-13
   48    111  7.0551e-13  7.8312e-11
   48    112  2.6197e-12  2.9341e-10
   48    113  9.0068e-13  1.0178e-10
   48    114  4.2299e-12  4.8220e-10
   48    116  1.8035e-12  2.0920e-10
   49    113  3.9640e-20  4.4793e-18
   49    115  1.5767e-12  1.8132e-10
   50    115  1.2580e-18  1.4467e-16
   50    116  1.1136e-15  1.2917e-13
   50    117  6.1222e-13  7.1630e-11
   50    118  3.4890e-12  4.1170e-10
   50    119  1.1794e-12  1.4035e-10
   50    120  6.6679e-12  8.0015e-10
   50    122  1.0125e-11  1.2352e-09
   50    124  9.0577e-12  1.1232e-09
   51    121  1.4863e-12  1.7984e-10
   51    123  3.5987e-13  4.4264e-11
   52    122  1.8110e-15  2.2094e-13
   52    124  2.0056e-16  2.4869e-14
   52    125  3.4279e-12  4.2849e-10
   52    126  2.3575e-11  2.9705e-09
   52    128  2.4140e-11  3.0899e-09
   52    130  1.5489e-10  2.0136e-08
   53    127  1.8622e-12  2.3650e-10
   53    129  2.5534e-18  3.2939e-16
   54    128  1.5162e-19  1.9407e-17
   54    129  1.7692e-11  2.2823e-09
   54    130  3.9017e-15  5.0722e-13
   54    131  3.4649e-10  4.5391e-08
   54    132  8.6120e-10  1.1368e-07
   54    134  1.0601e-09  1.4206e-07
   54    136  9.4936e-11  1.2911e-08
   55    133  1.1567e-09  1.5384e-07
   56    134  2.8923e-16  3.8756e-14
   56    135  2.1405e-10  2.8896e-08
   56    136  3.1626e-15  4.3011e-13
   56    137  4.0776e-12  5.5864e-10
   56    138  4.6793e-11  6.4575e-09
   57    139  9.7493e-12  1.3552e-09
   58    140  1.0312e-11  1.4437e-09
   58    142  6.6820e-12  9.4884e-10
   59    141  2.2573e-12  3.1828e-10
   60    142  8.4320e-20  1.1973e-17
   60    143  2.0970e-12  2.9987e-10
   60    144  2.5795e-12  3.7144e-10
   60    145  2.8279e-13  4.1005e-11
   60    146  1.4267e-12  2.0829e-10
   60    148  7.6481e-13  1.1319e-10
   60    150  1.5864e-12  2.3796e-10
   62    147  5.6866e-13  8.3593e-11
   62    148  7.6898e-18  1.1381e-15
   62    149  1.0822e-13  1.6125e-11
   62    150  1.7011e-15  2.5517e-13
   62    152  3.0633e-13  4.6562e-11
   62    154  2.2911e-13  3.5282e-11
   63    151  7.9796e-14  1.2049e-11
   63    153  1.2362e-13  1.8914e-11
   64    154  5.2441e-17  8.0759e-15
   64    155  4.2906e-14  6.6504e-12
   64    156  1.6474e-13  2.5699e-11
   64    157  3.4934e-14  5.4846e-12
   64    158  1.0109e-13  1.5972e-11
   64    160  1.3024e-13  2.0839e-11
   65    159  1.8618e-14  2.9602e-12
   66    160  2.0451e-18  3.2721e-16
   66    161  1.5840e-14  2.5502e-12
   66    162  3.0319e-14  4.9117e-12
   66    163  1.0279e-14  1.6754e-12
   66    164  2.0504e-14  3.3627e-12
   67    165  2.3620e-14  3.8973e-12
   68    166  6.3264e-14  1.0502e-11
   68    167  2.1971e-14  3.6692e-12
   68    168  2.6802e-14  4.5028e-12
   68    170  1.3021e-14  2.2136e-12
   69    169  3.1659e-14  5.3504e-12
   70    170  2.2079e-18  3.7534e-16
   70    171  1.5822e-14  2.7055e-12
   70    172  1.0216e-14  1.7571e-12
   70    173  4.9778e-15  8.6115e-13
   70    174  2.9535e-14  5.1390e-12
   70    176  2.3021e-14  4.0518e-12
   71    175  9.3016e-15  1.6278e-12
   71    176  4.9251e-19  8.6681e-17
   72    177  1.5471e-14  2.7384e-12
   72    178  1.3927e-14  2.4791e-12
   72    179  7.9472e-15  1.4226e-12
   72    180  2.6353e-14  4.7435e-12
   73    181  2.6491e-14  4.7949e-12
   74    182  2.3035e-14  4.1923e-12
   74    183  2.1563e-14  3.9460e-12
   74    184  9.2297e-15  1.6983e-12
   74    186  1.0075e-14  1.8740e-12
   75    185  5.3663e-15  9.9276e-13
   75    187  1.5073e-14  2.8187e-12
   76    187  1.2248e-16  2.2904e-14
   76    188  1.2866e-14  2.4187e-12
   76    189  3.7534e-14  7.0939e-12
   76    190  2.3355e-14  4.4374e-12
   76    192  2.1550e-13  4.1376e-11
   77    191  7.9823e-14  1.5246e-11
   77    193  1.4884e-14  2.8727e-12
   78    192  3.7016e-18  7.1071e-16
   78    194  4.6905e-14  9.0996e-12
   78    195  5.3773e-14  1.0486e-11
   78    196  6.1119e-14  1.1979e-11
   78    198  2.0632e-13  4.0851e-11
   79    197  1.0903e-13  2.1479e-11
   80    198  5.4169e-17  1.0725e-14
   80    199  4.9017e-14  9.7543e-12
   80    200  8.9309e-14  1.7862e-11
   80    201  1.4350e-14  2.8843e-12
   80    202  4.7898e-14  9.6754e-12
   80    204  1.2395e-13  2.5287e-11
   81    203  9.3868e-14  1.9055e-11
   81    205  2.8247e-13  5.7906e-11
   81    210  2.6163e-19  5.4941e-17
   82    204  3.6082e-19  7.3608e-17
   82    206  7.7947e-13  1.6057e-10
   82    208  6.1287e-10  1.2748e-07
   83    211  3.9918e-14  8.4228e-12
   83    212  1.8460e-15  3.9136e-13
   84    214  1.3123e-15  2.8083e-13
   84    218  3.5151e-17  7.6630e-15
   86    219  1.0235e-15  2.2415e-13
   86    220  5.0041e-17  1.1009e-14
   88    226  2.0353e-20  4.5998e-18
   90    230  9.5924e-19  2.2063e-16
   90    232  2.5361e-13  5.8838e-11
   91    231  1.2088e-17  2.7924e-15
   92    234  3.1235e-18  7.3091e-16
   92    235  2.6053e-13  6.1225e-11
   92    236  2.0986e-15  4.9526e-13
   92    238  5.6824e-14  1.3524e-11
   94    240  3.8499e-18  9.2398e-16
   94    244  3.0161e-15  7.3593e-13
   96    247  5.0309e-20  1.2426e-17
   97    246  1.3108e-17  3.2247e-15
  100    258  5.1635e-13  1.3322e-10
  100    260  2.8708e-12  7.4640e-10
  100    262  2.9986e-12  7.8563e-10
  102    260  3.9269e-20  1.0210e-17
  102    261  3.4013e-12  8.8773e-10
  102    263  5.2965e-12  1.3930e-09
  102    264  2.4203e-12  6.3895e-10
  102    266  1.6058e-12  4.2715e-10
  103    265  1.3876e-12  3.6771e-10
  104    267  3.3566e-12  8.9621e-10
  104    268  1.7159e-12  4.5986e-10
  104    270  1.3669e-12  3.6905e-10
  104    272  2.5429e-13  6.9167e-11
  104    274  3.6692e-13  1.0054e-10
  105    269  5.8904e-13  1.5845e-10
  105    271  3.1973e-13  8.6646e-11
  106    273  2.0759e-13  5.6671e-11
  106    275  9.4267e-13  2.5923e-10
  106    276  3.5290e-12  9.7400e-10
  106    278  1.5890e-12  4.4174e-10
  106    280  2.1816e-12  6.1085e-10
  107    277  6.7861e-13  1.8798e-10
  108    279  5.2640e-12  1.4686e-09
  108    281  3.9852e-13  1.1198e-10
  108    282  2.9087e-11  8.2024e-09
  108    283  2.3406e-10  6.6239e-08
  108    284  6.7142e-09  1.9068e-06
  108    286  2.5448e-09  7.2781e-07
  110    285  4.2717e-10  1.2174e-07
  110    286  5.0961e-15  1.4575e-12
  110    287  1.4692e-08  4.2167e-06
  110    288  1.2023e-08  3.4625e-06
  110    290  2.1268e-08  6.1676e-06
  111    289  1.0078e-08  2.9126e-06
  111    290  1.3155e-13  3.8150e-11
  111    291  5.3926e-09  1.5693e-06
  111    292  1.5750e-07  4.5991e-05
  111    293  8.2494e-08  2.4171e-05
  111    294  9.9367e-07  2.9214e-04
  111    295  2.4997e-06  7.3741e-04
  111    296  4.3273e-06  1.2809e-03
  111    297  4.1912e-06  1.2448e-03
  111    298  6.8274e-06  2.0346e-03
  111    299  3.6952e-09  1.1049e-06
  111    300  1.7078e-08  5.1233e-06
  111    301  1.2456e-08  3.7494e-06
  111    302  1.6940e-08  5.1160e-06
  111    303  1.0544e-09  3.1949e-07
  111    304  1.2096e-09  3.6770e-07
  111    305  9.1356e-11  2.7864e-08
  111    306  1.5843e-10  4.8479e-08
  111    307  1.5508e-11  4.7610e-09
  111    308  5.9013e-12  1.8176e-09
  111    309  6.2557e-13  1.9330e-10
  111    310  3.2608e-12  1.0109e-09
  111    311  4.7847e-13  1.4881e-10
  111    312  1.5401e-12  4.8050e-10
  111    313  2.0023e-13  6.2672e-11
  111    314  1.2234e-12  3.8416e-10
  111    315  5.2822e-14  1.6639e-11
  111    316  1.5095e-12  4.7699e-10
  111    317  2.9166e-14  9.2457e-12
  111    318  6.9832e-13  2.2207e-10
  111    319  7.4364e-15  2.3722e-12
  111    320  1.3713e-13  4.3882e-11
  111    321  8.8976e-16  2.8561e-13
  111    322  1.0286e-14  3.3121e-12
  111    323  1.6367e-15  5.2865e-13
  111    324  1.8669e-15  6.0488e-13
  111    325  6.9174e-16  2.2482e-13
  111    326  3.1417e-16  1.0242e-13
  111    327  1.9262e-15  6.2988e-13
  111    328  6.0846e-16  1.9957e-13
  111    329  5.0113e-15  1.6487e-12
  111    330  6.5747e-16  2.1696e-13
  111    331  4.6475e-15  1.5383e-12
  111    332  4.4366e-16  1.4730e-13
  111    333  5.9400e-15  1.9780e-12
  111    334  3.9055e-16  1.3045e-13
  111    335  5.6398e-15  1.8893e-12
  111    336  2.0822e-16  6.9962e-14
  111    337  9.5913e-05  3.2323e-02
    1      1  8.0726e-03  8.0726e-03
    2      4  2.3833e-01  9.5334e-01


