    1      2  2.6627e-09  5.3255e-09
    2      3  1.3763e-10  4.1289e-10
    3      6  7.4721e-12  4.4833e-11
    3      7  1.5639e-10  1.0947e-09
    4      8  3.7232e-11  2.9786e-10
    4      9  7.6458e-12  6.8812e-11
    5     10  2.3250e-11  2.3250e-10
    5     11  2.3686e-10  2.6055e-09
    6     12  1.9620e-09  2.3544e-08
    6     13  1.5753e-08  2.0478e-07
    7     14  6.6494e-07  9.3091e-06
    7     15  1.0360e-06  1.5540e-05
    8     16  6.0774e-08  9.7238e-07
    8     17  1.4041e-09  2.3870e-08
    8     18  1.5761e-08  2.8370e-07
    9     19  2.2007e-07  4.1812e-06
   10     20  3.1451e-07  6.2901e-06
   10     21  4.2869e-07  9.0025e-06
   10     22  3.0224e-09  6.6494e-08
   11     23  2.9150e-07  6.7046e-06
   12     24  2.5925e-07  6.2219e-06
   12     25  1.7857e-07  4.4643e-06
   12     26  1.4063e-08  3.6563e-07
   13     26  1.3724e-18  3.5683e-17
   13     27  7.7566e-08  2.0943e-06
   14     28  3.9023e-07  1.0926e-05
   14     29  1.0888e-07  3.1576e-06
   14     30  1.1988e-07  3.5965e-06
   15     31  1.4570e-07  4.5166e-06
   16     32  1.7056e-07  5.4581e-06
   16     33  5.3669e-07  1.7711e-05
   16     34  5.5276e-07  1.8794e-05
   16     36  7.8154e-08  2.8136e-06
   17     35  9.7900e-09  3.4265e-07
   17     37  2.1102e-07  7.8077e-06
   18     36  1.6872e-20  6.0740e-19
   18     38  3.6650e-07  1.3927e-05
   18     40  5.3010e-07  2.1204e-05
   19     39  5.5027e-07  2.1461e-05
   19     41  9.3254e-08  3.8234e-06
   20     42  3.6910e-06  1.5502e-04
   20     43  9.5256e-08  4.0960e-06
   20     44  2.2198e-07  9.7670e-06
   20     46  2.2985e-07  1.0573e-05
   21     45  4.0443e-07  1.8200e-05
   22     46  5.4060e-20  2.4867e-18
   22     47  7.8050e-07  3.6684e-05
   22     48  1.1576e-06  5.5566e-05
   22     49  2.6844e-07  1.3154e-05
   22     50  5.6683e-07  2.8342e-05
   23     51  2.7332e-07  1.3939e-05
   24     52  1.2469e-06  6.4836e-05
   24     53  2.2279e-07  1.1808e-05
   24     54  6.2370e-08  3.3680e-06
   25     55  7.9336e-08  4.3635e-06
   26     56  3.2678e-08  1.8300e-06
   26     57  1.2753e-07  7.2694e-06
   26     58  2.4948e-09  1.4470e-07
   27     59  7.1026e-09  4.1905e-07
   28     60  1.0455e-08  6.2733e-07
   28     61  3.4465e-08  2.1023e-06
   28     62  8.7227e-08  5.4081e-06
   28     64  1.4186e-07  9.0791e-06
   29     63  9.1416e-07  5.7592e-05
   29     65  2.6568e-07  1.7269e-05
   30     66  7.1380e-07  4.7111e-05
   30     67  2.8335e-07  1.8985e-05
   30     68  2.0403e-07  1.3874e-05
   30     70  6.2487e-07  4.3741e-05
   31     69  1.1651e-07  8.0395e-06
   31     71  2.0779e-07  1.4753e-05
   32     70  6.6931e-16  4.6852e-14
   32     72  5.8615e-07  4.2202e-05
   32     73  4.0534e-07  2.9590e-05
   32     74  7.1906e-07  5.3210e-05
   32     76  2.5676e-07  1.9513e-05
   33     75  2.4262e-07  1.8196e-05
   34     76  3.5781e-15  2.7193e-13
   34     77  7.7134e-07  5.9393e-05
   34     78  2.1528e-06  1.6792e-04
   34     80  1.4110e-05  1.1288e-03
   34     82  2.2798e-06  1.8694e-04
   35     79  3.5562e-06  2.8094e-04
   35     81  1.5717e-06  1.2731e-04
   36     82  1.7405e-13  1.4272e-11
   36     83  2.3909e-06  1.9844e-04
   36     84  1.7914e-06  1.5048e-04
   36     86  3.0161e-06  2.5938e-04
   37     85  1.2665e-06  1.0765e-04
   37     87  7.7730e-07  6.7626e-05
   38     86  1.2566e-19  1.0807e-17
   38     87  5.6916e-09  4.9517e-07
   38     88  1.1481e-06  1.0103e-04
   39     89  5.0626e-07  4.5057e-05
   40     90  7.4870e-07  6.7383e-05
   40     91  1.1279e-06  1.0264e-04
   40     92  2.9313e-06  2.6968e-04
   40     94  1.9486e-06  1.8317e-04
   41     93  3.1931e-06  2.9696e-04
   42     95  1.8538e-06  1.7611e-04
   42     96  8.1445e-07  7.8187e-05
   42     97  7.5085e-07  7.2832e-05
   42     98  7.8064e-07  7.6502e-05
   42    100  4.4443e-07  4.4443e-05
   44     99  3.9677e-07  3.9281e-05
   44    100  1.1107e-15  1.1107e-13
   44    101  4.1763e-07  4.2181e-05
   44    102  4.8198e-07  4.9162e-05
   44    104  5.8242e-07  6.0571e-05
   45    103  5.1129e-07  5.2663e-05
   46    104  2.3795e-17  2.4747e-15
   46    105  8.6358e-07  9.0676e-05
   46    106  7.8535e-07  8.3247e-05
   46    108  7.9370e-07  8.5720e-05
   46    110  2.2714e-06  2.4985e-04
   47    107  9.2140e-07  9.8589e-05
   47    109  1.1721e-06  1.2776e-04
   48    110  7.1700e-15  7.8870e-13
   48    111  3.2489e-07  3.6063e-05
   48    112  1.4603e-06  1.6356e-04
   48    113  6.4722e-07  7.3136e-05
   48    114  4.7899e-07  5.4604e-05
   48    116  5.9130e-08  6.8590e-06
   49    113  2.8485e-14  3.2188e-12
   49    115  3.2954e-07  3.7898e-05
   50    115  2.6293e-13  3.0237e-11
   50    116  3.4015e-17  3.9458e-15
   50    117  1.2686e-07  1.4842e-05
   50    118  1.3081e-07  1.5436e-05
   50    119  1.4467e-07  1.7216e-05
   50    120  4.6797e-07  5.6157e-05
   50    122  7.0548e-07  8.6069e-05
   50    124  5.1341e-06  6.3662e-04
   51    121  4.4006e-07  5.3248e-05
   51    123  1.0379e-06  1.2766e-04
   52    122  1.7856e-15  2.1785e-13
   52    124  4.4056e-17  5.4630e-15
   52    125  7.2579e-06  9.0724e-04
   52    126  3.0324e-05  3.8208e-03
   52    128  7.4075e-05  9.4815e-03
   52    130  1.4236e-05  1.8507e-03
   53    127  3.9341e-05  4.9964e-03
   53    129  1.5195e-13  1.9601e-11
   54    128  6.5532e-19  8.3881e-17
   54    129  5.6814e-05  7.3290e-03
   54    130  3.8222e-15  4.9688e-13
   54    131  1.2385e-05  1.6224e-03
   54    132  2.3785e-05  3.1396e-03
   54    134  2.1812e-05  2.9228e-03
   54    136  2.5792e-05  3.5077e-03
   55    133  1.8944e-05  2.5196e-03
   56    134  2.7400e-19  3.6715e-17
   56    135  1.3626e-05  1.8395e-03
   56    136  1.0846e-16  1.4751e-14
   56    137  1.1958e-05  1.6383e-03
   56    138  8.0684e-06  1.1134e-03
   57    139  2.2312e-06  3.1014e-04
   58    140  1.0387e-05  1.4541e-03
   58    142  2.6412e-06  3.7505e-04
   59    141  2.7345e-06  3.8556e-04
   60    142  1.4017e-20  1.9904e-18
   60    143  6.9760e-07  9.9757e-05
   60    144  2.1898e-06  3.1533e-04
   60    145  1.5586e-06  2.2600e-04
   60    146  4.1071e-06  5.9964e-04
   60    148  1.0103e-05  1.4952e-03
   60    150  4.4516e-06  6.6774e-04
   62    147  5.5858e-06  8.2112e-04
   62    148  1.0988e-16  1.6262e-14
   62    149  3.5172e-06  5.2406e-04
   62    150  4.3617e-13  6.5425e-11
   62    152  6.8714e-06  1.0444e-03
   62    154  5.8792e-06  9.0539e-04
   63    151  5.8799e-06  8.8787e-04
   63    153  3.6656e-06  5.6084e-04
   64    154  5.6349e-15  8.6778e-13
   64    155  3.1908e-06  4.9457e-04
   64    156  1.0186e-05  1.5890e-03
   64    157  5.0577e-06  7.9406e-04
   64    158  1.1677e-05  1.8450e-03
   64    160  7.3760e-06  1.1802e-03
   65    159  6.3951e-06  1.0168e-03
   66    160  5.3378e-15  8.5405e-13
   66    161  3.8777e-06  6.2431e-04
   66    162  1.1696e-05  1.8947e-03
   66    163  5.6656e-06  9.2350e-04
   66    164  1.6616e-05  2.7250e-03
   67    165  6.5743e-06  1.0848e-03
   68    166  1.4738e-05  2.4465e-03
   68    167  5.8683e-06  9.8000e-04
   68    168  1.9657e-05  3.3023e-03
   68    170  1.0750e-05  1.8276e-03
   69    169  9.6261e-06  1.6268e-03
   70    170  1.2042e-15  2.0471e-13
   70    171  7.9737e-06  1.3635e-03
   70    172  7.5078e-06  1.2913e-03
   70    173  1.2013e-05  2.0783e-03
   70    174  1.4204e-05  2.4715e-03
   70    176  6.6969e-06  1.1787e-03
   71    175  6.0997e-06  1.0674e-03
   71    176  3.5816e-16  6.3036e-14
   72    176  3.3532e-18  5.9017e-16
   72    177  4.2493e-06  7.5213e-04
   72    178  3.7196e-06  6.6208e-04
   72    179  2.2574e-06  4.0408e-04
   72    180  2.1382e-06  3.8488e-04
   72    182  2.9826e-20  5.4283e-18
   73    181  1.8022e-06  3.2619e-04
   74    182  3.8604e-06  7.0258e-04
   74    183  1.5356e-06  2.8101e-04
   74    184  6.7968e-06  1.2506e-03
   74    186  1.2863e-05  2.3925e-03
   75    185  2.5940e-06  4.7989e-04
   75    187  5.3790e-06  1.0059e-03
   76    186  1.3438e-18  2.4995e-16
   76    187  4.3716e-08  8.1749e-06
   76    188  6.9141e-06  1.2999e-03
   76    189  6.7048e-06  1.2672e-03
   76    190  9.0379e-06  1.7172e-03
   76    192  3.3668e-06  6.4642e-04
   77    191  4.3141e-06  8.2400e-04
   77    193  2.6588e-06  5.1316e-04
   78    192  3.9363e-16  7.5576e-14
   78    194  2.9837e-06  5.7883e-04
   78    195  2.5438e-06  4.9603e-04
   78    196  2.0572e-06  4.0321e-04
   78    198  6.4611e-07  1.2793e-04
   79    197  1.3510e-06  2.6615e-04
   80    198  2.9575e-16  5.8559e-14
   80    199  9.6793e-08  1.9262e-05
   80    200  9.4148e-09  1.8830e-06
   80    201  2.5952e-10  5.2163e-08
   80    202  2.5258e-10  5.1022e-08
   80    204  2.6195e-10  5.3437e-08
   81    203  3.8421e-10  7.7995e-08
   81    205  2.7083e-11  5.5520e-09
   81    210  1.1415e-17  2.3972e-15
   82    206  7.1212e-10  1.4670e-07
   82    207  7.7108e-10  1.5961e-07
   82    208  7.7762e-10  1.6174e-07
   83    209  4.7622e-10  9.9530e-08
   84    214  5.7258e-14  1.2253e-11
   84    215  4.6770e-13  1.0056e-10
   88    226  4.2185e-18  9.5338e-16
   88    228  2.0029e-20  4.5666e-18
   89    227  4.6746e-19  1.0611e-16
   90    230  1.9882e-16  4.5728e-14
   90    232  4.8911e-11  1.1347e-08
   91    231  7.0082e-16  1.6189e-13
   92    234  6.4740e-16  1.5149e-13
   92    235  1.5105e-11  3.5496e-09
   92    236  3.5240e-14  8.3167e-12
   92    238  1.1778e-11  2.8031e-09
   94    240  6.9732e-18  1.6736e-15
   94    244  8.4880e-14  2.0711e-11
   97    246  1.4462e-15  3.5577e-13
  100    258  5.8328e-13  1.5049e-10
  100    260  3.4896e-13  9.0730e-11
  100    262  1.6898e-13  4.4274e-11
  102    261  1.9106e-13  4.9866e-11
  102    263  1.0484e-13  2.7574e-11
  102    264  1.3582e-13  3.5857e-11
  102    266  8.0766e-14  2.1484e-11
  103    265  7.8800e-14  2.0882e-11
  104    267  3.4959e-14  9.3341e-12
  104    268  1.9572e-14  5.2453e-12
  104    270  1.7936e-14  4.8428e-12
  104    272  2.5697e-15  6.9895e-13
  104    274  2.0969e-15  5.7456e-13
  105    269  3.7745e-14  1.0153e-11
  105    271  5.8264e-15  1.5789e-12
  106    273  2.3405e-15  6.3894e-13
  106    275  3.0040e-16  8.2609e-14
  106    276  2.9262e-16  8.0763e-14
  106    278  1.9331e-17  5.3740e-15
  106    280  1.7064e-19  4.7778e-17
  107    277  2.7208e-17  7.5365e-15
  108    279  2.2028e-18  6.1458e-16
  108    281  1.7136e-20  4.8151e-18
    1      1  2.6013e-09  2.6013e-09
    2      4  2.2109e-01  8.8437e-01


