1  1.3708e-06
2  2.1225e-01
3  2.0068e-09
4  6.2330e-08
5  2.7928e-07
6  1.6747e-08
7  7.7246e-06
8  4.2731e-06
9  7.6855e-07
10  2.7181e-06
11  5.8495e-07
12  5.9638e-07
13  1.1602e-07
14  3.0791e-07
15  2.0745e-08
16  5.3686e-07
17  2.7089e-08
18  1.6666e-08
19  1.8272e-08
20  4.1384e-08
21  1.0705e-08
22  3.3866e-09
23  1.0867e-09
24  9.0213e-09
25  1.1434e-10
26  5.5150e-09
27  8.8643e-11
28  4.2735e-09
29  1.8507e-08
30  7.3391e-08
31  9.7276e-09
32  5.6207e-08
33  1.5108e-08
34  2.8672e-07
35  7.4839e-08
36  1.3359e-07
37  6.7286e-08
38  4.2207e-09
39  1.2861e-08
40  1.2894e-07
41  2.1822e-08
42  1.0205e-07
43  6.1468e-34
44  2.3839e-08
45  1.0256e-08
46  5.2200e-08
47  1.9356e-08
48  7.1879e-08
49  2.1923e-08
50  1.6841e-08
51  1.8279e-08
52  5.4134e-07
53  2.4540e-07
54  6.7401e-07
55  3.1105e-08
56  8.7752e-08
57  5.5847e-09
58  3.6408e-08
59  3.0264e-08
60  2.8036e-08
61  1.3844e-89
62  6.9746e-09
63  1.2451e-10
64  2.9905e-09
65  2.0716e-11
66  4.8143e-11
67  9.3871e-12
68  2.9528e-11
69  1.0175e-10
70  8.1782e-11
71  4.4458e-12
72  1.1102e-10
73  5.4569e-11
74  1.7120e-09
75  8.9058e-10
76  5.6225e-09
77  1.2213e-08
78  2.3205e-08
79  1.7536e-08
80  3.7004e-06
81  1.8691e-06
82  4.8302e-06
83  1.1473e-06
84  3.1263e-18
85  6.3573e-26
86  8.6365e-20
87  2.8378e-22
88  1.6019e-13
89  1.0701e-14
90  6.4334e-08
91  1.6043e-11
92  3.8302e-07
93  1.3695e-21
94  9.3051e-10
95  1.5010e-18
96  3.1683e-15
97  1.1234e-11
98  5.6619e-314
99  1.3883e-321
100  1.2454e-06
101  2.6913e-313
102  9.7638e-07
103  1.7928e-07
104  4.8167e-06
105  1.3128e-06
106  1.0071e-04
107  1.0555e-05
108  7.7858e-05
109  8.4041e-320
110  3.3379e-08
111  2.7784e-04
112  0.0000e+00
113  0.0000e+00
114  0.0000e+00
115  0.0000e+00
116  0.0000e+00
117  0.0000e+00
118  0.0000e+00

