1  1.1348e-10
2  1.5547e-01
3  4.2709e-19
4  3.5470e-16
5  5.3248e-19
6  4.0243e-08
7  8.6598e-11
8  1.8141e-09
9  7.5211e-12
10  5.3263e-10
11  1.6476e-12
12  1.2378e-09
13  8.3599e-10
14  1.9358e-08
15  1.3993e-09
16  9.1453e-08
17  1.2101e-07
18  1.8255e-07
19  2.2336e-08
20  1.8640e-06
21  1.0947e-07
22  3.4889e-06
23  6.4443e-07
24  1.0657e-05
25  2.1439e-07
26  9.2933e-07
27  3.4079e-08
28  3.4647e-07
29  3.4256e-07
30  3.2707e-06
31  1.1216e-06
32  2.5261e-05
33  1.8537e-06
34  9.8923e-05
35  1.4839e-05
36  4.6392e-05
37  1.7545e-05
38  4.2906e-06
39  1.5606e-05
40  1.0307e-04
41  1.8710e-05
42  1.2501e-04
43  7.0930e-30
44  7.4810e-04
45  6.9000e-05
46  9.6616e-04
47  3.8454e-04
48  3.0550e-04
49  2.2692e-05
50  1.0805e-04
51  3.2966e-05
52  2.7791e-04
53  1.0170e-04
54  2.7046e-05
55  1.6387e-09
56  4.3218e-11
57  1.5585e-12
58  3.1899e-12
59  2.1146e-13
60  2.8214e-13
61  2.2543e-315
62  8.3777e-14
63  1.0947e-14
64  8.6263e-15
65  6.1337e-17
66  2.2990e-16
67  2.0780e-17
68  4.7700e-17
69  5.0175e-18
70  7.0299e-19
71  2.7783e-20
72  1.4001e-20
73  9.4559e-23
74  2.3075e-23
75  2.7922e-25
76  0.0000e+00
77  0.0000e+00
78  0.0000e+00
79  0.0000e+00
80  0.0000e+00
81  0.0000e+00
82  0.0000e+00
83  0.0000e+00
84  0.0000e+00
85  0.0000e+00
86  0.0000e+00
87  0.0000e+00
88  0.0000e+00
89  0.0000e+00
90  0.0000e+00
91  0.0000e+00
92  0.0000e+00
93  0.0000e+00
94  0.0000e+00
95  0.0000e+00
96  0.0000e+00
97  0.0000e+00
98  0.0000e+00
99  0.0000e+00
100  0.0000e+00
101  0.0000e+00
102  0.0000e+00
103  0.0000e+00
104  0.0000e+00
105  0.0000e+00
106  0.0000e+00
107  0.0000e+00
108  0.0000e+00
109  0.0000e+00
110  0.0000e+00
111  0.0000e+00
112  0.0000e+00
113  0.0000e+00
114  0.0000e+00
115  0.0000e+00
116  0.0000e+00
117  0.0000e+00
118  0.0000e+00

