    1      2  1.1876e-08  2.3752e-08
    2      3  9.0375e-10  2.7112e-09
    3      6  2.0614e-11  1.2368e-10
    3      7  2.0042e-09  1.4029e-08
    4      8  1.1794e-08  9.4351e-08
    4      9  5.0547e-09  4.5492e-08
    5     10  1.3301e-07  1.3301e-06
    5     11  2.3973e-09  2.6370e-08
    6     12  5.7404e-09  6.8885e-08
    6     13  7.7116e-08  1.0025e-06
    7     14  5.4242e-08  7.5939e-07
    7     15  1.0633e-05  1.5950e-04
    8     16  3.6065e-07  5.7704e-06
    8     17  1.3562e-08  2.3055e-07
    8     18  7.6137e-08  1.3705e-06
    9     19  8.9297e-07  1.6966e-05
   10     20  1.3609e-06  2.7219e-05
   10     21  8.0255e-07  1.6853e-05
   10     22  8.5172e-09  1.8738e-07
   11     23  7.8703e-07  1.8102e-05
   12     24  3.0903e-07  7.4168e-06
   12     25  4.4507e-07  1.1127e-05
   12     26  8.9491e-08  2.3268e-06
   13     26  5.9310e-20  1.5420e-18
   13     27  1.0661e-07  2.8786e-06
   14     28  1.6940e-07  4.7433e-06
   14     29  5.9770e-08  1.7333e-06
   14     30  5.4932e-08  1.6480e-06
   15     31  2.2807e-08  7.0700e-07
   16     32  8.0692e-08  2.5822e-06
   16     33  3.4888e-07  1.1513e-05
   16     34  2.8960e-07  9.8464e-06
   16     36  2.1803e-08  7.8490e-07
   17     35  1.8247e-08  6.3866e-07
   17     37  5.2375e-09  1.9379e-07
   18     36  1.6543e-17  5.9556e-16
   18     38  2.4713e-08  9.3908e-07
   18     40  5.7923e-09  2.3169e-07
   19     39  2.2514e-08  8.7804e-07
   19     41  2.3330e-08  9.5653e-07
   20     42  9.7433e-08  4.0922e-06
   20     43  2.4286e-08  1.0443e-06
   20     44  2.9168e-08  1.2834e-06
   20     46  4.3594e-09  2.0053e-07
   21     45  2.6949e-08  1.2127e-06
   22     46  1.7294e-18  7.9552e-17
   22     47  8.1427e-09  3.8271e-07
   22     48  1.3831e-08  6.6388e-07
   22     49  9.5274e-09  4.6684e-07
   22     50  7.9425e-09  3.9712e-07
   23     51  6.4434e-09  3.2861e-07
   24     52  9.8002e-09  5.0961e-07
   24     53  2.2828e-08  1.2099e-06
   24     54  4.6374e-09  2.5042e-07
   25     55  8.3501e-10  4.5926e-08
   26     56  1.6718e-08  9.3622e-07
   26     57  3.3980e-08  1.9368e-06
   26     58  1.7435e-09  1.0112e-07
   27     59  4.4500e-10  2.6255e-08
   28     60  1.4611e-09  8.7667e-08
   28     61  1.4046e-09  8.5682e-08
   28     62  1.4442e-09  8.9540e-08
   28     64  8.6211e-09  5.5175e-07
   29     63  6.6980e-08  4.2197e-06
   29     65  1.7513e-08  1.1383e-06
   30     64  4.1956e-19  2.6852e-17
   30     66  3.7256e-08  2.4589e-06
   30     67  1.6078e-07  1.0772e-05
   30     68  2.4025e-08  1.6337e-06
   30     70  6.9745e-08  4.8822e-06
   31     69  1.1389e-08  7.8584e-07
   31     71  2.0815e-08  1.4779e-06
   32     70  6.5595e-14  4.5917e-12
   32     72  4.9269e-08  3.5474e-06
   32     73  4.0324e-08  2.9436e-06
   32     74  7.6011e-08  5.6248e-06
   32     76  1.4084e-08  1.0704e-06
   33     75  4.4687e-08  3.3515e-06
   34     76  1.0780e-12  8.1926e-11
   34     77  6.5065e-08  5.0100e-06
   34     78  1.0258e-07  8.0015e-06
   34     80  1.0039e-06  8.0309e-05
   34     82  5.8827e-07  4.8238e-05
   35     79  1.0152e-07  8.0202e-06
   35     81  4.7140e-07  3.8183e-05
   36     82  1.6250e-11  1.3325e-09
   36     83  6.0178e-07  4.9947e-05
   36     84  1.1089e-07  9.3151e-06
   36     86  2.0952e-07  1.8018e-05
   37     85  1.5848e-07  1.3471e-05
   37     87  2.5036e-07  2.1781e-05
   38     86  2.0883e-18  1.7960e-16
   38     87  1.8331e-09  1.5948e-07
   38     88  8.3393e-08  7.3386e-06
   39     89  1.0489e-07  9.3354e-06
   40     90  9.5936e-08  8.6343e-06
   40     91  9.8350e-08  8.9499e-06
   40     92  9.7638e-08  8.9827e-06
   40     94  5.0812e-07  4.7763e-05
   41     93  1.5198e-07  1.4134e-05
   42     95  2.4856e-07  2.3613e-05
   42     96  9.0295e-08  8.6683e-06
   42     97  2.3953e-07  2.3235e-05
   42     98  3.2957e-08  3.2298e-06
   42    100  5.8454e-08  5.8454e-06
   44     99  3.9367e-08  3.8973e-06
   44    100  4.6915e-12  4.6915e-10
   44    101  4.4000e-08  4.4440e-06
   44    102  5.2306e-08  5.3352e-06
   44    104  2.3781e-08  2.4733e-06
   45    103  7.3388e-08  7.5590e-06
   46    104  2.2274e-16  2.3165e-14
   46    105  1.3082e-08  1.3736e-06
   46    106  6.4900e-08  6.8794e-06
   46    108  9.3478e-08  1.0096e-05
   46    110  2.3861e-07  2.6248e-05
   47    107  5.9834e-08  6.4022e-06
   47    109  1.5397e-07  1.6782e-05
   48    110  1.4804e-12  1.6285e-10
   48    111  3.5153e-08  3.9020e-06
   48    112  1.7984e-07  2.0142e-05
   48    113  1.4449e-07  1.6327e-05
   48    114  1.4668e-07  1.6721e-05
   48    116  1.0177e-08  1.1805e-06
   49    113  6.3590e-15  7.1857e-13
   49    115  1.9566e-07  2.2501e-05
   50    115  1.5611e-13  1.7953e-11
   50    116  7.2245e-12  8.3804e-10
   50    117  2.2803e-08  2.6679e-06
   50    118  5.5545e-09  6.5543e-07
   50    119  6.1999e-09  7.3779e-07
   50    120  3.8790e-08  4.6548e-06
   50    122  5.0958e-08  6.2169e-06
   50    124  2.1194e-07  2.6280e-05
   51    121  5.5229e-08  6.6827e-06
   51    123  6.7301e-08  8.2781e-06
   52    122  2.2781e-13  2.7792e-11
   52    124  2.1540e-15  2.6710e-13
   52    125  5.8911e-07  7.3638e-05
   52    126  9.2467e-07  1.1651e-04
   52    128  2.2843e-06  2.9239e-04
   52    130  9.0559e-07  1.1773e-04
   53    127  1.8589e-06  2.3608e-04
   53    129  1.4045e-14  1.8118e-12
   54    128  6.8554e-14  8.7749e-12
   54    129  3.4210e-06  4.4132e-04
   54    130  4.6570e-12  6.0541e-10
   54    131  5.5385e-07  7.2555e-05
   54    132  4.2654e-07  5.6303e-05
   54    134  2.2172e-07  2.9710e-05
   54    136  4.2617e-07  5.7959e-05
   55    133  2.0228e-07  2.6903e-05
   56    134  3.8757e-16  5.1934e-14
   56    135  1.9571e-07  2.6421e-05
   56    136  1.1510e-13  1.5653e-11
   56    137  3.0413e-07  4.1665e-05
   56    138  3.4319e-07  4.7361e-05
   57    139  6.9166e-08  9.6141e-06
   58    140  1.3462e-07  1.8847e-05
   58    142  3.8431e-08  5.4572e-06
   59    141  8.5815e-08  1.2100e-05
   60    142  1.1630e-16  1.6515e-14
   60    143  2.7914e-08  3.9918e-06
   60    144  3.0999e-08  4.4638e-06
   60    145  1.0542e-08  1.5286e-06
   60    146  4.2849e-08  6.2559e-06
   60    148  3.5703e-08  5.2840e-06
   60    150  1.5252e-08  2.2878e-06
   62    147  7.1289e-08  1.0479e-05
   62    148  7.5925e-12  1.1237e-09
   62    149  6.5242e-09  9.7210e-07
   62    150  2.1300e-12  3.1951e-10
   62    152  1.1223e-08  1.7059e-06
   62    154  5.1125e-09  7.8733e-07
   63    151  1.5506e-09  2.3415e-07
   63    153  1.1993e-08  1.8350e-06
   64    154  7.2669e-14  1.1191e-11
   64    155  1.1732e-07  1.8184e-05
   64    156  8.2759e-09  1.2910e-06
   64    157  1.6206e-08  2.5443e-06
   64    158  5.7217e-08  9.0403e-06
   64    160  2.2029e-09  3.5246e-07
   65    159  1.0521e-09  1.6728e-07
   66    160  7.5292e-16  1.2047e-13
   66    161  3.2035e-09  5.1576e-07
   66    162  1.8680e-09  3.0262e-07
   66    163  4.1210e-09  6.7172e-07
   66    164  2.7825e-09  4.5633e-07
   67    165  3.8940e-09  6.4252e-07
   68    166  4.3468e-09  7.2157e-07
   68    167  1.3821e-08  2.3080e-06
   68    168  9.1004e-09  1.5289e-06
   68    170  8.3794e-09  1.4245e-06
   69    169  1.0644e-07  1.7988e-05
   70    170  3.1487e-14  5.3527e-12
   70    171  5.1040e-08  8.7279e-06
   70    172  1.4290e-08  2.4579e-06
   70    173  1.0619e-08  1.8372e-06
   70    174  6.2605e-08  1.0893e-05
   70    176  1.9309e-08  3.3984e-06
   71    175  1.1440e-08  2.0020e-06
   71    176  8.1914e-16  1.4417e-13
   72    176  7.6691e-18  1.3498e-15
   72    177  2.2059e-07  3.9045e-05
   72    178  1.1791e-07  2.0989e-05
   72    179  8.8925e-08  1.5918e-05
   72    180  2.3406e-07  4.2131e-05
   73    181  3.7367e-07  6.7634e-05
   74    182  6.7829e-07  1.2345e-04
   74    183  8.0621e-07  1.4754e-04
   74    184  4.5979e-07  8.4602e-05
   74    186  1.5900e-07  2.9574e-05
   75    185  1.8348e-07  3.3944e-05
   75    187  2.2721e-07  4.2488e-05
   76    186  2.7664e-16  5.1454e-14
   76    187  1.8465e-09  3.4530e-07
   76    188  2.5475e-07  4.7893e-05
   76    189  2.6784e-07  5.0622e-05
   76    190  1.4777e-07  2.8077e-05
   76    192  6.5620e-08  1.2599e-05
   77    191  3.8174e-07  7.2913e-05
   77    193  2.5459e-08  4.9137e-06
   78    192  8.7461e-15  1.6793e-12
   78    194  2.6947e-07  5.2277e-05
   78    195  5.0428e-07  9.8335e-05
   78    196  6.3725e-07  1.2490e-04
   78    198  3.1712e-06  6.2789e-04
   79    197  1.5173e-06  2.9891e-04
   80    198  1.1002e-13  2.1785e-11
   80    199  1.4832e-06  2.9515e-04
   80    200  2.8072e-05  5.6144e-03
   80    201  1.0963e-05  2.2037e-03
   80    202  8.7095e-06  1.7593e-03
   80    204  8.2198e-07  1.6768e-04
   80    206  2.7341e-16  5.6323e-14
   81    203  3.8083e-06  7.7308e-04
   81    205  2.3174e-07  4.7507e-05
   81    207  4.4167e-20  9.1425e-18
   82    204  3.0617e-16  6.2459e-14
   82    206  1.1780e-06  2.4268e-04
   82    207  2.6186e-06  5.4205e-04
   82    208  7.6026e-07  1.5813e-04
   82    210  3.4681e-13  7.2831e-11
   82    211  1.5650e-18  3.3022e-16
   82    212  8.0088e-19  1.6979e-16
   82    214  1.6175e-19  3.4615e-17
   83    209  3.8918e-06  8.1338e-04
   83    210  7.2750e-18  1.5277e-15
   83    211  1.9884e-20  4.1956e-18
   83    212  2.3932e-20  5.0735e-18
   83    214  1.9994e-20  4.2787e-18
   84    210  2.0087e-16  4.2182e-14
   86    222  5.5447e-18  1.2309e-15
   88    223  1.5300e-16  3.4118e-14
   88    224  2.0696e-18  4.6359e-16
   88    226  8.4843e-13  1.9175e-10
   88    228  6.6550e-12  1.5173e-09
   89    227  1.0640e-13  2.4152e-11
   89    228  1.4566e-19  3.3211e-17
   90    227  2.4590e-16  5.5819e-14
   90    228  3.9744e-16  9.0616e-14
   90    230  3.9986e-11  9.1968e-09
   90    231  1.4232e-17  3.2875e-15
   90    232  2.9131e-06  6.7584e-04
   90    234  1.3520e-17  3.1638e-15
   91    231  1.5951e-10  3.6847e-08
   91    234  4.0489e-19  9.4745e-17
   92    234  1.3021e-10  3.0468e-08
   92    235  3.4379e-06  8.0790e-04
   92    236  1.2173e-08  2.8729e-06
   92    238  2.3687e-06  5.6376e-04
   92    240  6.1101e-19  1.4664e-16
   93    240  4.3138e-20  1.0353e-17
   94    239  2.3207e-17  5.5466e-15
   94    240  2.4100e-12  5.7840e-10
   94    244  2.9335e-08  7.1578e-06
   95    243  7.0945e-18  1.7240e-15
   96    244  7.9618e-18  1.9427e-15
   96    247  1.4974e-14  3.6985e-12
   97    246  4.7178e-10  1.1606e-07
  100    258  1.9168e-06  4.9454e-04
  100    260  2.0657e-06  5.3709e-04
  100    262  1.3089e-06  3.4294e-04
  102    260  8.8520e-18  2.3015e-15
  102    261  1.2640e-06  3.2989e-04
  102    263  1.1459e-06  3.0137e-04
  102    264  1.4082e-06  3.7177e-04
  102    266  2.0607e-06  5.4815e-04
  103    265  1.6959e-06  4.4941e-04
  104    267  1.8677e-06  4.9867e-04
  104    268  2.8819e-06  7.7234e-04
  104    270  9.5452e-06  2.5772e-03
  104    272  1.5911e-05  4.3277e-03
  104    274  4.1450e-05  1.1357e-02
  105    269  8.8628e-06  2.3841e-03
  105    271  9.4464e-06  2.5600e-03
  106    273  1.8498e-05  5.0500e-03
  106    275  5.9185e-05  1.6276e-02
  106    276  1.0470e-04  2.8896e-02
  106    278  7.6355e-05  2.1227e-02
  106    280  2.0311e-05  5.6870e-03
  107    277  3.3657e-05  9.3231e-03
  108    279  4.7174e-05  1.3162e-02
  108    281  6.9844e-06  1.9626e-03
  108    282  7.9312e-06  2.2366e-03
  108    283  8.0408e-07  2.2755e-04
  108    284  1.4220e-07  4.0384e-05
  108    286  3.7299e-09  1.0668e-06
  110    285  8.5733e-09  2.4434e-06
  110    287  2.0947e-09  6.0119e-07
  110    288  1.1552e-09  3.3270e-07
  110    290  3.3767e-09  9.7925e-07
  111    289  6.0278e-10  1.7420e-07
  111    291  2.1670e-10  6.3059e-08
  111    292  2.2226e-08  6.4901e-06
  111    293  8.3582e-09  2.4490e-06
  111    294  4.3489e-08  1.2786e-05
  111    295  3.4971e-08  1.0317e-05
  111    296  2.4272e-08  7.1844e-06
  111    297  7.9107e-09  2.3495e-06
  111    298  1.6535e-08  4.9275e-06
  111    299  2.2989e-15  6.8738e-13
  111    300  8.0247e-10  2.4074e-07
  111    301  3.2269e-07  9.7131e-05
  111    302  9.9639e-08  3.0091e-05
  111    303  1.2165e-07  3.6861e-05
  111    304  1.8548e-07  5.6386e-05
  111    305  2.4788e-07  7.5604e-05
  111    306  5.2639e-07  1.6107e-04
  111    307  2.4064e-07  7.3875e-05
  111    308  2.7977e-07  8.6170e-05
  111    309  5.0149e-07  1.5496e-04
  111    310  3.0035e-07  9.3108e-05
  111    311  4.1404e-07  1.2877e-04
  111    312  3.2785e-07  1.0229e-04
  111    313  3.4573e-07  1.0821e-04
  111    314  2.5144e-07  7.8951e-05
  111    315  3.2434e-07  1.0217e-04
  111    316  4.5295e-07  1.4313e-04
  111    317  4.6451e-07  1.4725e-04
  111    318  4.6495e-07  1.4785e-04
  111    319  5.2881e-07  1.6869e-04
  111    320  7.8891e-07  2.5245e-04
  111    321  3.8171e-07  1.2253e-04
  111    322  4.8625e-07  1.5657e-04
  111    323  7.1181e-07  2.2991e-04
  111    324  6.3768e-07  2.0661e-04
  111    325  3.6766e-07  1.1949e-04
  111    326  8.0939e-07  2.6386e-04
  111    327  5.8389e-07  1.9093e-04
  111    328  1.6442e-06  5.3928e-04
  111    329  2.9086e-06  9.5693e-04
  111    330  2.3599e-07  7.7875e-05
  111    331  1.2971e-06  4.2934e-04
  111    332  1.2822e-06  4.2568e-04
  111    333  4.3492e-07  1.4483e-04
  111    334  9.0842e-08  3.0341e-05
  111    335  2.2188e-07  7.4330e-05
  111    336  4.4709e-08  1.5022e-05
  111    337  2.4717e-06  8.3297e-04
    1      1  2.9422e-07  2.9422e-07
    2      4  2.1033e-01  8.4132e-01


