1  6.2524e-10
2  1.8938e-09
3  9.5663e-11
4  1.7155e-01
5  0.0000e+00
6  5.2489e-12
7  1.6058e-10
8  1.7022e-10
9  3.0752e-11
10  1.6248e-11
11  1.4738e-10
12  2.5656e-09
13  5.5986e-08
14  3.9706e-07
15  4.3275e-06
16  2.4171e-07
17  1.8402e-09
18  1.6180e-08
19  7.2923e-07
20  9.9399e-07
21  2.7996e-07
22  4.0646e-09
23  6.7625e-07
24  2.0461e-07
25  1.9712e-07
26  1.9617e-08
27  4.2198e-07
28  1.2517e-06
29  1.1868e-07
30  6.7413e-08
31  1.1969e-07
32  1.3438e-07
33  1.6187e-06
34  1.2467e-06
35  2.9049e-08
36  2.3797e-08
37  1.0523e-07
38  2.3846e-07
39  3.8816e-07
40  6.5791e-07
41  3.3544e-08
42  7.2488e-07
43  3.6641e-07
44  7.6139e-08
45  1.4451e-07
46  1.2799e-07
47  2.1444e-07
48  4.5609e-07
49  5.0336e-07
50  5.2545e-07
51  7.9176e-08
52  2.9473e-07
53  2.0367e-07
54  1.2771e-07
55  1.9403e-07
56  4.6635e-07
57  7.1890e-07
58  3.2550e-08
59  3.6234e-08
60  7.8393e-08
61  1.2826e-07
62  1.1942e-07
63  5.8473e-07
64  3.2622e-07
65  2.5725e-07
66  8.3047e-07
67  2.8540e-07
68  3.3982e-07
69  3.2311e-07
70  9.0863e-07
71  1.2989e-07
72  2.7904e-07
73  1.3593e-07
74  8.0660e-07
75  3.7295e-06
76  4.1551e-06
77  4.1443e-06
78  5.7021e-06
79  8.2240e-06
80  1.9103e-05
81  6.7753e-06
82  1.7327e-06
83  2.2766e-06
84  1.2756e-06
85  1.3527e-06
86  3.5490e-06
87  3.1758e-06
88  1.9080e-06
89  5.4616e-07
90  9.2951e-07
91  2.4950e-07
92  1.2334e-06
93  7.8201e-07
94  2.2289e-06
95  1.3566e-06
96  1.1087e-06
97  6.7305e-07
98  2.8152e-07
99  3.0737e-07
100  3.8532e-07
101  6.1476e-07
102  4.5556e-07
103  4.7231e-07
104  5.9412e-07
105  6.0390e-07
106  1.2175e-06
107  1.2929e-06
108  2.3217e-06
109  1.8769e-06
110  2.0125e-06
111  4.0821e-07
112  7.9716e-07
113  2.7791e-07
114  1.8270e-07
115  9.5251e-08
116  2.3480e-08
117  5.0591e-08
118  7.8559e-08
119  7.4927e-08
120  4.2599e-07
121  6.1124e-07
122  1.7977e-06
123  2.9213e-06
124  2.0092e-05
125  5.6351e-05
126  1.8919e-04
127  1.2284e-04
128  1.7607e-04
129  3.5267e-04
130  1.7755e-04
131  4.4007e-05
132  2.9064e-05
133  4.2281e-05
134  3.7386e-05
135  1.9950e-05
136  1.7933e-05
137  1.9461e-05
138  2.0837e-05
139  6.5764e-06
140  1.0082e-05
141  3.4372e-05
142  1.3456e-05
143  2.5426e-06
144  1.2887e-06
145  9.8763e-07
146  2.3459e-06
147  3.1073e-06
148  5.8173e-06
149  4.2437e-06
150  6.0195e-06
151  6.1452e-06
152  7.7454e-06
153  5.3801e-06
154  9.3138e-06
155  4.9452e-06
156  1.2575e-05
157  8.3983e-06
158  1.5569e-05
159  8.3083e-06
160  1.2744e-05
161  6.2759e-06
162  1.6049e-05
163  9.6122e-06
164  2.2574e-05
165  1.1024e-05
166  2.0790e-05
167  8.7036e-06
168  1.6034e-05
169  1.2345e-05
170  9.9520e-06
171  7.6331e-06
172  5.7877e-06
173  5.5808e-06
174  6.9957e-06
175  5.1944e-06
176  5.0182e-06
177  6.1283e-06
178  5.7799e-06
179  4.4351e-06
180  3.4427e-06
181  3.0552e-06
182  3.3780e-06
183  1.7797e-06
184  2.9175e-06
185  2.1384e-06
186  6.2736e-06
187  4.6849e-06
188  1.1360e-05
189  1.6967e-05
190  3.3452e-05
191  3.4841e-05
192  5.3570e-05
193  7.0482e-05
194  6.5881e-05
195  4.7708e-05
196  1.8303e-05
197  5.4694e-06
198  8.8762e-07
199  1.0039e-07
200  2.8544e-08
201  2.8878e-08
202  8.0130e-08
203  1.1710e-07
204  1.2961e-07
205  1.2192e-07
206  6.0778e-07
207  5.4716e-07
208  5.5315e-07
209  4.7562e-07
210  2.8471e-15
211  1.0148e-20
212  2.0598e-20
213  3.5070e-44
214  1.4911e-21
215  5.7217e-26
216  2.3866e-26
217  2.8968e-98
218  2.5626e-23
219  3.9305e-24
220  9.1516e-24
221  -2.1541e-320
222  4.5491e-20
223  9.7961e-19
224  5.1685e-20
225  2.1011e-40
226  6.9608e-15
227  6.8279e-16
228  1.6621e-13
229  7.8374e-30
230  3.2806e-13
231  1.0213e-12
232  7.2751e-08
233  2.7912e-27
234  1.0682e-12
235  2.2011e-08
236  6.1613e-11
237  -2.0405e-318
238  1.9434e-08
239  1.5923e-20
240  1.2194e-14
241  0.0000e+00
242  3.8118e-142
243  4.8677e-21
244  1.4843e-10
245  0.0000e+00
246  2.4187e-12
247  1.0274e-17
248  3.6480e-141
249  0.0000e+00
250  0.0000e+00
251  -4.8662e-314
252  0.0000e+00
253  0.0000e+00
254  0.0000e+00
255  0.0000e+00
256  0.0000e+00
257  4.7400e-26
258  1.5873e-09
259  9.4450e-26
260  8.4911e-10
261  4.8330e-10
262  4.6680e-10
263  3.7151e-10
264  2.9106e-10
265  1.5036e-10
266  1.5408e-10
267  6.0955e-11
268  4.2693e-11
269  5.1782e-11
270  2.2357e-11
271  1.2132e-11
272  8.3963e-12
273  5.0599e-12
274  3.9033e-12
275  1.5404e-12
276  1.2471e-12
277  3.6770e-13
278  3.4093e-13
279  1.0284e-13
280  3.5750e-14
281  1.0942e-14
282  7.4980e-15
283  3.2650e-15
284  4.1771e-15
285  3.6530e-15
286  3.1861e-15
287  2.9511e-15
288  1.9380e-15
289  7.8574e-16
290  5.1437e-16
291  2.1876e-16
292  1.1485e-15
293  4.6931e-16
294  5.8692e-16
295  1.7330e-16
296  2.8730e-16
297  9.8755e-17
298  1.2137e-17
299  9.4867e-18
300  2.9206e-18
301  5.1176e-17
302  1.1512e-16
303  3.0927e-17
304  2.6927e-17
305  1.0806e-17
306  7.0732e-18
307  2.8593e-19
308  2.0356e-18
309  1.6695e-19
310  3.8835e-19
311  2.6665e-19
312  4.1820e-19
313  6.5676e-20
314  1.4722e-19
315  3.3799e-20
316  3.3604e-20
317  1.6989e-19
318  1.9685e-20
319  1.5227e-21
320  5.5862e-21
321  5.1082e-22
322  2.0896e-22
323  3.9195e-23
324  3.6189e-23
325  2.4021e-24
326  1.1986e-23
327  6.1316e-25
328  0.0000e+00
329  0.0000e+00
330  0.0000e+00
331  0.0000e+00
332  0.0000e+00
333  0.0000e+00
334  0.0000e+00
335  0.0000e+00
336  0.0000e+00
337  0.0000e+00

