1  1.2654e-07
2  2.0046e-01
3  1.3049e-09
4  1.3779e-07
5  4.9897e-07
6  6.4194e-09
7  7.9550e-06
8  1.0095e-05
9  8.0750e-07
10  4.3204e-06
11  5.9880e-07
12  8.6564e-07
13  8.1695e-08
14  3.0571e-07
15  2.5935e-08
16  5.7247e-07
17  5.1771e-08
18  9.2944e-09
19  6.8210e-09
20  9.9756e-09
21  4.1919e-09
22  4.2923e-10
23  1.5600e-10
24  1.4592e-09
25  1.5931e-11
26  8.2230e-10
27  9.3699e-12
28  2.9580e-10
29  2.0023e-09
30  8.2305e-09
31  1.0310e-09
32  1.6427e-08
33  1.5430e-08
34  2.4969e-07
35  5.2812e-08
36  4.0031e-08
37  2.7888e-08
38  5.4066e-09
39  9.3654e-09
40  3.5827e-08
41  5.4250e-09
42  2.1790e-08
43  1.8853e-34
44  7.4549e-09
45  4.0119e-09
46  1.3898e-08
47  7.3017e-09
48  1.7634e-08
49  6.6975e-09
50  1.2490e-08
51  7.5900e-09
52  3.6399e-07
53  2.0187e-07
54  3.4865e-07
55  2.7336e-08
56  2.0539e-08
57  1.9270e-09
58  1.2974e-08
59  1.0163e-08
60  2.2742e-08
61  7.5431e-91
62  7.0152e-09
63  2.2801e-10
64  3.8633e-09
65  7.0954e-12
66  1.0682e-10
67  2.0652e-11
68  3.6829e-10
69  8.5264e-10
70  1.8834e-09
71  2.0372e-10
72  9.8421e-09
73  3.8233e-09
74  1.8151e-08
75  6.4031e-09
76  2.0500e-08
77  1.2621e-08
78  4.7959e-08
79  9.6590e-09
80  7.8487e-07
81  1.5997e-07
82  1.7849e-07
83  1.5388e-07
84  7.8331e-18
85  2.1363e-26
86  2.1625e-19
87  9.5108e-23
88  2.6548e-13
89  3.5866e-15
90  1.0173e-07
91  5.3771e-12
92  2.0885e-07
93  2.0822e-21
94  1.4158e-09
95  5.0955e-19
96  1.0758e-15
97  2.3488e-11
98  -9.2341e-315
99  3.8537e-322
100  1.7788e-07
101  7.8466e-313
102  2.9910e-07
103  5.4001e-08
104  5.6816e-07
105  1.7128e-07
106  3.3111e-06
107  3.6879e-07
108  1.9350e-06
109  3.2758e-319
110  2.9261e-07
111  5.9154e-04
112  0.0000e+00
113  0.0000e+00
114  0.0000e+00
115  0.0000e+00
116  0.0000e+00
117  0.0000e+00
118  0.0000e+00

