1  1.8582e-09
2  4.0731e-09
3  3.4485e-10
4  2.1098e-01
5  0.0000e+00
6  1.1646e-11
7  4.3778e-10
8  8.7736e-10
9  2.8528e-10
10  5.8397e-09
11  8.8469e-10
12  2.1937e-09
13  1.8069e-07
14  1.6887e-07
15  5.4874e-06
16  1.5693e-07
17  3.1331e-09
18  2.0714e-08
19  6.3591e-07
20  8.8242e-07
21  3.1691e-07
22  2.8896e-09
23  8.1950e-07
24  2.6107e-07
25  3.2730e-07
26  2.3660e-08
27  2.3606e-07
28  6.6676e-07
29  9.9784e-08
30  6.4990e-08
31  8.3201e-08
32  1.1741e-07
33  1.0426e-06
34  8.0164e-07
35  2.5507e-08
36  2.4497e-08
37  3.2190e-08
38  8.9781e-08
39  5.7245e-08
40  4.4400e-08
41  1.7573e-07
42  5.0485e-07
43  1.1764e-07
44  1.1508e-07
45  1.2326e-07
46  7.2023e-08
47  9.7657e-08
48  2.0151e-07
49  1.1099e-07
50  8.0689e-08
51  3.4440e-08
52  1.9347e-07
53  1.4307e-07
54  6.5529e-08
55  7.2706e-08
56  1.9079e-07
57  1.9607e-07
58  1.0160e-08
59  9.3356e-09
60  2.1309e-08
61  3.8535e-08
62  6.2260e-08
63  1.6445e-07
64  1.2346e-07
65  6.7553e-08
66  1.5219e-07
67  5.0882e-08
68  1.0618e-07
69  1.0364e-07
70  1.9347e-07
71  4.1715e-08
72  1.8722e-07
73  1.0864e-07
74  4.0558e-07
75  1.4269e-06
76  1.8751e-06
77  1.1898e-06
78  1.0713e-06
79  1.6132e-06
80  5.7637e-06
81  2.8377e-06
82  1.0056e-06
83  2.0122e-06
84  1.0484e-06
85  8.6463e-07
86  1.8306e-06
87  1.8546e-06
88  1.8676e-06
89  6.4299e-07
90  1.0133e-06
91  2.3668e-07
92  1.5018e-06
93  1.3777e-06
94  3.2173e-06
95  5.0583e-07
96  8.8300e-07
97  6.5649e-07
98  2.6129e-07
99  4.3563e-07
100  5.8987e-07
101  6.7142e-07
102  4.3063e-07
103  4.3039e-07
104  6.2919e-07
105  6.4742e-07
106  1.3551e-06
107  1.2355e-06
108  3.2923e-06
109  1.4402e-05
110  2.3059e-05
111  3.3907e-06
112  1.2805e-05
113  8.6574e-06
114  7.4749e-06
115  3.4932e-06
116  8.0802e-07
117  7.7208e-07
118  5.7178e-07
119  4.7365e-07
120  2.1633e-06
121  7.3113e-07
122  1.2235e-06
123  2.0907e-06
124  8.4371e-06
125  1.0532e-05
126  1.7306e-05
127  2.1516e-05
128  2.2775e-05
129  1.8223e-05
130  1.1002e-05
131  9.5597e-06
132  4.4821e-06
133  5.1873e-06
134  7.5519e-06
135  6.8823e-06
136  1.1976e-05
137  9.8639e-06
138  6.3711e-06
139  4.1534e-06
140  6.7004e-06
141  1.9756e-05
142  8.2435e-06
143  6.1885e-06
144  9.2103e-06
145  9.4103e-07
146  1.2908e-06
147  1.8915e-06
148  3.6828e-06
149  2.9600e-06
150  1.0616e-05
151  9.2235e-06
152  5.5117e-06
153  3.0790e-06
154  5.2925e-06
155  3.3730e-06
156  8.2670e-06
157  5.4725e-06
158  9.2328e-06
159  5.9512e-06
160  9.2969e-06
161  4.8579e-06
162  9.7354e-06
163  5.1110e-06
164  1.0142e-05
165  5.3281e-06
166  1.0212e-05
167  4.7561e-06
168  9.7912e-06
169  8.4315e-06
170  8.5800e-06
171  8.3071e-06
172  8.2740e-06
173  9.7263e-06
174  1.1710e-05
175  9.6989e-06
176  8.7676e-06
177  9.6249e-06
178  8.4434e-06
179  5.7945e-06
180  3.7555e-06
181  2.3784e-06
182  1.8306e-06
183  9.4387e-07
184  1.5423e-06
185  1.0832e-06
186  3.5484e-06
187  2.6821e-06
188  7.7174e-06
189  1.6216e-05
190  2.7328e-05
191  3.3003e-05
192  4.8378e-05
193  6.2158e-05
194  5.4579e-05
195  4.6830e-05
196  2.3729e-05
197  1.1285e-05
198  3.2692e-06
199  9.4798e-07
200  3.4738e-07
201  2.1045e-07
202  4.5092e-07
203  7.4550e-07
204  1.3450e-06
205  1.2031e-06
206  3.9947e-06
207  3.8102e-06
208  3.7467e-06
209  3.2909e-06
210  2.7775e-14
211  8.6596e-20
212  1.5553e-19
213  3.8860e-44
214  1.4546e-20
215  6.1912e-26
216  1.8021e-25
217  7.2587e-98
218  2.5000e-22
219  3.3542e-23
220  6.9101e-23
221  2.9347e-321
222  4.4379e-19
223  8.3597e-18
224  3.9026e-19
225  2.3282e-40
226  6.7906e-14
227  5.8267e-15
228  1.2550e-12
229  8.6844e-30
230  3.2004e-12
231  8.7154e-12
232  5.4933e-07
233  3.0928e-27
234  1.0421e-11
235  1.8784e-07
236  6.3619e-10
237  -1.6088e-318
238  1.8959e-07
239  2.9163e-19
240  1.2591e-13
241  0.0000e+00
242  4.8290e-129
243  8.9152e-20
244  1.5326e-09
245  0.0000e+00
246  2.5944e-11
247  1.8816e-16
248  3.9449e-128
249  0.0000e+00
250  0.0000e+00
251  5.1822e-314
252  0.0000e+00
253  0.0000e+00
254  0.0000e+00
255  0.0000e+00
256  0.0000e+00
257  6.0342e-26
258  9.7918e-09
259  3.4987e-26
260  6.6926e-09
261  4.6679e-09
262  5.4570e-09
263  4.3566e-09
264  3.7205e-09
265  1.7993e-09
266  1.8016e-09
267  1.0148e-09
268  7.8897e-10
269  1.1757e-09
270  7.6900e-10
271  5.0087e-10
272  4.6493e-10
273  3.2795e-10
274  1.9934e-10
275  8.6314e-11
276  6.3059e-11
277  1.0747e-11
278  7.3406e-12
279  1.3121e-12
280  3.9283e-13
281  1.5921e-13
282  2.2189e-13
283  1.4427e-13
284  2.1715e-13
285  2.2628e-13
286  2.3135e-13
287  1.4791e-13
288  1.1404e-13
289  4.4051e-14
290  4.1751e-14
291  1.8520e-14
292  1.7655e-13
293  8.6847e-14
294  1.2625e-13
295  4.9004e-14
296  2.8653e-14
297  1.1720e-14
298  1.2453e-14
299  1.5826e-15
300  9.3753e-16
301  3.7341e-15
302  2.2684e-14
303  2.3536e-15
304  3.7040e-15
305  1.4215e-15
306  1.2180e-15
307  2.4968e-16
308  4.3775e-16
309  8.9322e-17
310  1.6884e-16
311  2.7550e-17
312  4.5007e-17
313  5.5574e-18
314  1.8737e-17
315  3.2169e-18
316  4.7593e-18
317  5.3773e-19
318  2.5574e-18
319  5.5893e-19
320  1.1503e-18
321  3.8267e-19
322  5.2392e-19
323  2.8305e-19
324  3.6625e-19
325  4.0979e-20
326  2.0161e-19
327  2.1088e-20
328  1.8797e-21
329  9.5869e-21
330  2.4876e-21
331  5.1062e-22
332  1.1401e-21
333  9.9149e-23
334  1.8587e-21
335  2.0426e-22
336  1.6315e-22
337  2.2561e-22

