1  2.0959e-09
2  4.9471e-15
3  1.8630e-20
4  1.5505e-01
5  0.0000e+00
6  1.0326e-18
7  6.3462e-20
8  2.3384e-22
9  7.0234e-19
10  1.7614e-18
11  7.7112e-20
12  4.3781e-07
13  2.3896e-12
14  1.4888e-16
15  2.6778e-20
16  2.7779e-09
17  3.2905e-16
18  1.8599e-18
19  3.4835e-21
20  3.3183e-09
21  5.3702e-15
22  1.6821e-18
23  3.7373e-13
24  4.4611e-09
25  9.9585e-11
26  1.6013e-11
27  7.1336e-10
28  1.1818e-08
29  1.7908e-09
30  1.2367e-08
31  4.5545e-09
32  5.7892e-09
33  1.2126e-09
34  1.3446e-08
35  1.1332e-08
36  3.4422e-08
37  1.5370e-08
38  3.8915e-08
39  6.2757e-09
40  2.5075e-09
41  9.2418e-10
42  3.9279e-08
43  9.3443e-10
44  3.9722e-09
45  1.2073e-08
46  1.5631e-07
47  3.9082e-08
48  1.9117e-07
49  3.4468e-08
50  6.0862e-07
51  4.8409e-07
52  2.9764e-07
53  5.6996e-08
54  2.4572e-07
55  7.0609e-09
56  2.1076e-06
57  2.4924e-07
58  1.6523e-08
59  3.7723e-08
60  1.7778e-08
61  4.4736e-08
62  1.7822e-06
63  1.0452e-06
64  4.0458e-07
65  6.6176e-07
66  2.5038e-06
67  1.0693e-06
68  6.4572e-06
69  7.4374e-07
70  4.8899e-07
71  4.3345e-07
72  6.9344e-07
73  3.8884e-07
74  2.1870e-06
75  2.8732e-06
76  8.1593e-06
77  1.2282e-06
78  1.4968e-06
79  2.8517e-06
80  2.7420e-05
81  3.2994e-06
82  3.2727e-05
83  1.4138e-06
84  7.5587e-06
85  3.9652e-06
86  1.7166e-05
87  7.6249e-06
88  1.9226e-04
89  9.0133e-05
90  1.1165e-05
91  9.2751e-06
92  1.1893e-03
93  4.7009e-05
94  1.5023e-04
95  3.1558e-04
96  1.2204e-05
97  5.4369e-06
98  2.0685e-05
99  8.1510e-06
100  2.8456e-04
101  7.0586e-05
102  7.0065e-04
103  2.1131e-04
104  1.1531e-04
105  3.2200e-05
106  1.9438e-04
107  3.0232e-05
108  2.5047e-05
109  4.1647e-05
110  3.3351e-06
111  1.3966e-06
112  2.1356e-05
113  2.2888e-06
114  1.2769e-06
115  3.8266e-06
116  5.5520e-07
117  3.3134e-07
118  7.1932e-07
119  2.4896e-07
120  5.3273e-07
121  3.3232e-07
122  1.6417e-07
123  2.3067e-08
124  1.5415e-07
125  1.5633e-08
126  1.7646e-08
127  2.2319e-09
128  5.1403e-09
129  4.7565e-09
130  2.6336e-09
131  1.5485e-10
132  9.8957e-12
133  3.2437e-14
134  1.4296e-15
135  4.2490e-18
136  1.0440e-18
137  8.1862e-19
138  1.2846e-19
139  3.8640e-22
140  1.7268e-21
141  5.3093e-24
142  1.6064e-23
143  6.1799e-24
144  0.0000e+00
145  9.7319e-309
146  0.0000e+00
147  0.0000e+00
148  0.0000e+00
149  0.0000e+00
150  0.0000e+00
151  0.0000e+00
152  0.0000e+00
153  0.0000e+00
154  0.0000e+00
155  0.0000e+00
156  0.0000e+00
157  0.0000e+00
158  0.0000e+00
159  0.0000e+00
160  0.0000e+00
161  0.0000e+00
162  0.0000e+00
163  0.0000e+00
164  0.0000e+00
165  0.0000e+00
166  0.0000e+00
167  0.0000e+00
168  0.0000e+00
169  0.0000e+00
170  0.0000e+00
171  0.0000e+00
172  0.0000e+00
173  0.0000e+00
174  0.0000e+00
175  0.0000e+00
176  0.0000e+00
177  0.0000e+00
178  0.0000e+00
179  0.0000e+00
180  0.0000e+00
181  0.0000e+00
182  0.0000e+00
183  0.0000e+00
184  0.0000e+00
185  0.0000e+00
186  0.0000e+00
187  0.0000e+00
188  0.0000e+00
189  0.0000e+00
190  0.0000e+00
191  0.0000e+00
192  0.0000e+00
193  0.0000e+00
194  0.0000e+00
195  0.0000e+00
196  0.0000e+00
197  0.0000e+00
198  0.0000e+00
199  0.0000e+00
200  0.0000e+00
201  0.0000e+00
202  0.0000e+00
203  0.0000e+00
204  0.0000e+00
205  0.0000e+00
206  0.0000e+00
207  0.0000e+00
208  0.0000e+00
209  0.0000e+00
210  0.0000e+00
211  0.0000e+00
212  0.0000e+00
213  0.0000e+00
214  0.0000e+00
215  0.0000e+00
216  0.0000e+00
217  0.0000e+00
218  0.0000e+00
219  0.0000e+00
220  0.0000e+00
221  0.0000e+00
222  0.0000e+00
223  0.0000e+00
224  0.0000e+00
225  0.0000e+00
226  0.0000e+00
227  0.0000e+00
228  0.0000e+00
229  0.0000e+00
230  0.0000e+00
231  0.0000e+00
232  0.0000e+00
233  0.0000e+00
234  0.0000e+00
235  0.0000e+00
236  0.0000e+00
237  0.0000e+00
238  0.0000e+00
239  0.0000e+00
240  0.0000e+00
241  0.0000e+00
242  0.0000e+00
243  0.0000e+00
244  0.0000e+00
245  0.0000e+00
246  0.0000e+00
247  0.0000e+00
248  0.0000e+00
249  0.0000e+00
250  0.0000e+00
251  0.0000e+00
252  0.0000e+00
253  0.0000e+00
254  0.0000e+00
255  0.0000e+00
256  0.0000e+00
257  0.0000e+00
258  0.0000e+00
259  0.0000e+00
260  0.0000e+00
261  0.0000e+00
262  0.0000e+00
263  0.0000e+00
264  0.0000e+00
265  0.0000e+00
266  0.0000e+00
267  0.0000e+00
268  0.0000e+00
269  0.0000e+00
270  0.0000e+00
271  0.0000e+00
272  0.0000e+00
273  0.0000e+00
274  0.0000e+00
275  0.0000e+00
276  0.0000e+00
277  0.0000e+00
278  0.0000e+00
279  0.0000e+00
280  0.0000e+00
281  0.0000e+00
282  0.0000e+00
283  0.0000e+00
284  0.0000e+00
285  0.0000e+00
286  0.0000e+00
287  0.0000e+00
288  0.0000e+00
289  0.0000e+00
290  0.0000e+00
291  0.0000e+00
292  0.0000e+00
293  0.0000e+00
294  0.0000e+00
295  0.0000e+00
296  0.0000e+00
297  0.0000e+00
298  0.0000e+00
299  0.0000e+00
300  0.0000e+00
301  0.0000e+00
302  0.0000e+00
303  0.0000e+00
304  0.0000e+00
305  0.0000e+00
306  0.0000e+00
307  0.0000e+00
308  0.0000e+00
309  0.0000e+00
310  0.0000e+00
311  0.0000e+00
312  0.0000e+00
313  0.0000e+00
314  0.0000e+00
315  0.0000e+00
316  0.0000e+00
317  0.0000e+00
318  0.0000e+00
319  0.0000e+00
320  0.0000e+00
321  0.0000e+00
322  0.0000e+00
323  0.0000e+00
324  0.0000e+00
325  0.0000e+00
326  0.0000e+00
327  0.0000e+00
328  0.0000e+00
329  0.0000e+00
330  0.0000e+00
331  0.0000e+00
332  0.0000e+00
333  0.0000e+00
334  0.0000e+00
335  0.0000e+00
336  0.0000e+00
337  0.0000e+00

