1  9.3527e-08
2  2.2188e-01
3  1.9105e-09
4  8.6174e-08
5  3.4195e-07
6  1.5044e-08
7  5.7861e-06
8  4.6082e-06
9  6.1301e-07
10  2.2489e-06
11  4.9192e-07
12  4.8569e-07
13  8.4444e-08
14  2.5284e-07
15  1.6527e-08
16  4.7555e-07
17  2.6621e-08
18  1.3782e-08
19  1.4436e-08
20  2.8035e-08
21  8.5879e-09
22  3.1307e-09
23  9.9852e-10
24  7.9069e-09
25  1.7939e-10
26  4.5179e-09
27  9.4260e-11
28  1.9712e-09
29  8.2470e-09
30  2.8351e-08
31  3.6507e-09
32  4.5772e-08
33  2.5831e-08
34  1.8880e-07
35  5.1934e-08
36  6.5007e-08
37  3.8728e-08
38  1.8573e-08
39  1.8901e-08
40  6.6373e-08
41  7.4500e-09
42  3.2195e-08
43  3.7195e-34
44  1.5283e-08
45  5.0148e-09
46  3.1032e-07
47  1.1822e-07
48  7.9297e-07
49  3.3184e-07
50  2.8116e-07
51  1.1463e-07
52  8.3162e-07
53  2.3584e-07
54  8.7464e-07
55  5.8363e-08
56  1.6075e-07
57  2.0700e-08
58  8.0666e-08
59  7.3994e-08
60  7.7567e-08
61  1.3080e-88
62  3.3017e-08
63  4.9878e-09
64  4.7303e-08
65  1.0203e-10
66  5.0413e-09
67  1.1910e-09
68  1.7715e-08
69  3.3369e-08
70  5.2199e-08
71  4.0645e-09
72  1.4308e-07
73  4.0236e-08
74  1.7453e-07
75  5.1442e-08
76  1.6364e-07
77  8.1588e-08
78  4.2983e-07
79  1.5877e-07
80  2.7478e-06
81  4.0682e-07
82  1.4175e-06
83  1.1234e-06
84  5.4240e-17
85  1.4115e-25
86  1.4975e-18
87  6.2831e-22
88  2.0178e-12
89  2.3693e-14
90  7.8296e-07
91  3.5521e-11
92  1.4087e-06
93  1.2350e-20
94  8.3979e-09
95  2.1171e-18
96  4.4703e-15
97  1.2783e-10
98  6.5244e-314
99  8.3991e-323
100  9.7963e-07
101  6.9097e-313
102  1.6735e-06
103  3.7511e-07
104  3.3069e-06
105  8.8468e-07
106  1.8861e-05
107  2.0373e-06
108  8.0886e-06
109  -8.5335e-320
110  1.3035e-06
111  3.0983e-04
112  0.0000e+00
113  0.0000e+00
114  0.0000e+00
115  0.0000e+00
116  0.0000e+00
117  0.0000e+00
118  0.0000e+00

