    1      2  1.4667e-08  2.9334e-08
    2      3  1.5595e-09  4.6786e-09
    3      6  3.2267e-11  1.9360e-10
    3      7  2.4103e-09  1.6872e-08
    4      8  2.1562e-08  1.7249e-07
    4      9  1.0395e-08  9.3552e-08
    5     10  2.2703e-07  2.2703e-06
    5     11  2.1362e-09  2.3498e-08
    6     12  7.4442e-09  8.9330e-08
    6     13  6.0788e-08  7.9025e-07
    7     14  5.4051e-08  7.5672e-07
    7     15  9.6080e-06  1.4412e-04
    8     16  3.1800e-07  5.0881e-06
    8     17  1.2753e-08  2.1680e-07
    8     18  7.2429e-08  1.3037e-06
    9     19  7.2866e-07  1.3845e-05
   10     20  1.0832e-06  2.1665e-05
   10     21  6.6554e-07  1.3976e-05
   10     22  7.1206e-09  1.5665e-07
   11     23  6.9664e-07  1.6023e-05
   12     24  2.5929e-07  6.2231e-06
   12     25  3.3230e-07  8.3075e-06
   12     26  7.6482e-08  1.9885e-06
   13     26  2.8928e-20  7.5214e-19
   13     27  9.8407e-08  2.6570e-06
   14     28  1.5874e-07  4.4448e-06
   14     29  5.1140e-08  1.4830e-06
   14     30  4.2338e-08  1.2701e-06
   15     31  2.2569e-08  6.9964e-07
   16     32  6.5599e-08  2.0992e-06
   16     33  2.8837e-07  9.5161e-06
   16     34  2.3047e-07  7.8358e-06
   16     36  1.4936e-08  5.3768e-07
   17     35  1.2713e-08  4.4494e-07
   17     37  4.4559e-09  1.6487e-07
   18     36  7.4989e-19  2.6996e-17
   18     38  2.0276e-08  7.7048e-07
   18     40  5.2898e-09  2.1159e-07
   19     39  1.8130e-08  7.0705e-07
   19     41  2.5715e-08  1.0543e-06
   20     42  7.4841e-08  3.1433e-06
   20     43  1.5592e-08  6.7047e-07
   20     44  2.5538e-08  1.1237e-06
   20     46  6.2292e-09  2.8654e-07
   21     45  2.2583e-08  1.0162e-06
   22     46  4.7439e-20  2.1822e-18
   22     47  1.0873e-08  5.1105e-07
   22     48  1.8240e-08  8.7551e-07
   22     49  9.3934e-09  4.6027e-07
   22     50  7.8094e-09  3.9047e-07
   23     51  7.8872e-09  4.0225e-07
   24     52  2.6527e-08  1.3794e-06
   24     53  2.1636e-08  1.1467e-06
   24     54  9.7018e-09  5.2390e-07
   25     55  3.2452e-09  1.7848e-07
   26     56  1.7366e-08  9.7250e-07
   26     57  4.1911e-08  2.3889e-06
   26     58  1.0777e-09  6.2505e-08
   27     59  1.6836e-09  9.9333e-08
   28     60  3.4645e-09  2.0787e-07
   28     61  4.8180e-09  2.9389e-07
   28     62  4.1134e-09  2.5503e-07
   28     64  1.1957e-08  7.6527e-07
   29     63  3.4749e-08  2.1892e-06
   29     65  1.3975e-08  9.0835e-07
   30     64  1.4183e-20  9.0770e-19
   30     66  2.8249e-08  1.8644e-06
   30     67  3.3215e-08  2.2254e-06
   30     68  1.0695e-08  7.2728e-07
   30     70  2.3991e-08  1.6794e-06
   31     69  5.7602e-09  3.9746e-07
   31     71  6.6365e-09  4.7119e-07
   32     70  1.1197e-15  7.8379e-14
   32     72  2.6647e-08  1.9186e-06
   32     73  1.6919e-08  1.2351e-06
   32     74  4.9488e-08  3.6621e-06
   32     76  1.0464e-07  7.9527e-06
   33     75  1.0821e-07  8.1156e-06
   34     76  1.1747e-13  8.9274e-12
   34     77  1.2217e-07  9.4067e-06
   34     78  8.4103e-08  6.5601e-06
   34     80  2.7732e-07  2.2186e-05
   34     82  1.4428e-07  1.1831e-05
   35     79  6.3615e-08  5.0256e-06
   35     81  1.4719e-07  1.1922e-05
   36     82  1.8596e-13  1.5248e-11
   36     83  1.5393e-07  1.2776e-05
   36     84  5.3763e-08  4.5161e-06
   36     86  8.0381e-08  6.9128e-06
   37     85  4.4062e-08  3.7453e-06
   37     87  7.7321e-08  6.7270e-06
   38     86  1.7767e-20  1.5280e-18
   38     87  5.6616e-10  4.9256e-08
   38     88  6.9220e-08  6.0914e-06
   39     89  4.8471e-08  4.3140e-06
   40     90  7.2322e-08  6.5090e-06
   40     91  2.6569e-08  2.4178e-06
   40     92  3.0692e-08  2.8237e-06
   40     94  9.3924e-08  8.8289e-06
   41     93  2.9461e-08  2.7399e-06
   42     95  6.0040e-08  5.7038e-06
   42     96  3.8462e-08  3.6923e-06
   42     97  5.0423e-08  4.8910e-06
   42     98  1.0434e-08  1.0226e-06
   42    100  1.7413e-08  1.7413e-06
   44     99  1.4050e-08  1.3910e-06
   44    100  5.2976e-14  5.2976e-12
   44    101  1.7961e-08  1.8141e-06
   44    102  1.3057e-08  1.3318e-06
   44    104  1.2407e-08  1.2903e-06
   45    103  1.5110e-08  1.5563e-06
   46    104  8.1056e-19  8.4299e-17
   46    105  1.1198e-08  1.1758e-06
   46    106  2.7782e-08  2.9449e-06
   46    108  9.0705e-08  9.7961e-06
   46    110  2.1188e-06  2.3306e-04
   47    107  2.2919e-08  2.4523e-06
   47    109  9.1694e-07  9.9946e-05
   48    110  3.6708e-13  4.0379e-11
   48    111  3.5492e-07  3.9396e-05
   48    112  1.6538e-06  1.8522e-04
   48    113  1.0476e-06  1.1838e-04
   48    114  1.1773e-06  1.3422e-04
   48    116  1.0168e-07  1.1795e-05
   49    113  4.6104e-14  5.2098e-12
   49    115  1.2257e-06  1.4095e-04
   50    115  9.7790e-13  1.1246e-10
   50    116  2.2107e-12  2.5644e-10
   50    117  2.0361e-07  2.3823e-05
   50    118  9.8668e-08  1.1643e-05
   50    119  6.0076e-08  7.1490e-06
   50    120  2.4336e-07  2.9203e-05
   50    122  2.0584e-07  2.5112e-05
   50    124  4.8482e-07  6.0118e-05
   51    121  1.3451e-07  1.6276e-05
   51    123  1.5429e-07  1.8977e-05
   52    122  3.1824e-14  3.8825e-12
   52    124  3.3417e-16  4.1437e-14
   52    125  5.0672e-07  6.3340e-05
   52    126  1.0780e-06  1.3583e-04
   52    128  2.0471e-06  2.6203e-04
   52    130  1.2885e-06  1.6750e-04
   53    127  1.3205e-06  1.6770e-04
   53    129  7.4676e-15  9.6332e-13
   54    128  8.5447e-16  1.0937e-13
   54    129  2.2429e-06  2.8933e-04
   54    130  7.0239e-14  9.1310e-12
   54    131  7.6551e-07  1.0028e-04
   54    132  6.1376e-07  8.1016e-05
   54    134  4.3688e-07  5.8542e-05
   54    136  6.2935e-07  8.5591e-05
   55    133  3.8790e-07  5.1590e-05
   56    134  9.2882e-18  1.2446e-15
   56    135  3.4234e-07  4.6216e-05
   56    136  5.9852e-15  8.1399e-13
   56    137  5.8599e-07  8.0281e-05
   56    138  5.0546e-07  6.9754e-05
   57    139  2.0595e-07  2.8627e-05
   58    140  3.0654e-07  4.2915e-05
   58    142  2.9040e-07  4.1237e-05
   59    141  5.7705e-07  8.1365e-05
   60    142  1.6041e-17  2.2778e-15
   60    143  2.9527e-07  4.2223e-05
   60    144  4.8618e-07  7.0010e-05
   60    145  2.0690e-07  3.0000e-05
   60    146  2.9528e-07  4.3111e-05
   60    148  1.4297e-07  2.1160e-05
   60    150  9.2353e-08  1.3853e-05
   62    147  3.2380e-07  4.7598e-05
   62    148  1.1079e-12  1.6397e-10
   62    149  5.5691e-08  8.2979e-06
   62    150  1.0028e-12  1.5043e-10
   62    152  1.4409e-07  2.1901e-05
   62    154  1.3899e-07  2.1405e-05
   63    151  4.8972e-08  7.3948e-06
   63    153  8.2092e-08  1.2560e-05
   64    154  1.9419e-14  2.9905e-12
   64    155  2.2898e-07  3.5491e-05
   64    156  7.5356e-08  1.1756e-05
   64    157  1.3871e-07  2.1777e-05
   64    158  2.7692e-07  4.3753e-05
   64    160  1.1095e-07  1.7752e-05
   65    159  8.8838e-09  1.4125e-06
   66    160  9.9440e-16  1.5910e-13
   66    161  1.5379e-07  2.4761e-05
   66    162  9.2755e-08  1.5026e-05
   66    163  8.3561e-08  1.3621e-05
   66    164  1.7069e-07  2.7994e-05
   67    165  1.2090e-07  1.9949e-05
   68    166  3.4423e-07  5.7141e-05
   68    167  3.7374e-07  6.2414e-05
   68    168  2.5760e-07  4.3276e-05
   68    170  1.9017e-07  3.2328e-05
   69    169  8.3900e-07  1.4179e-04
   70    170  7.0173e-15  1.1929e-12
   70    171  2.5620e-07  4.3810e-05
   70    172  1.8626e-07  3.2036e-05
   70    173  1.2413e-07  2.1475e-05
   70    174  3.7412e-07  6.5098e-05
   70    176  3.7532e-07  6.6056e-05
   71    175  1.6586e-07  2.9025e-05
   71    176  3.6689e-16  6.4573e-14
   72    176  3.4350e-18  6.0457e-16
   72    177  9.8614e-07  1.7455e-04
   72    178  5.8874e-07  1.0480e-04
   72    179  3.1110e-07  5.5687e-05
   72    180  4.9486e-07  8.9075e-05
   73    181  6.4557e-07  1.1685e-04
   74    182  7.0149e-07  1.2767e-04
   74    183  4.9193e-07  9.0023e-05
   74    184  3.8943e-07  7.1654e-05
   74    186  2.1377e-07  3.9761e-05
   75    185  1.8397e-07  3.4035e-05
   75    187  1.6297e-07  3.0476e-05
   76    186  6.6457e-18  1.2361e-15
   76    187  1.3245e-09  2.4768e-07
   76    188  1.4696e-07  2.7629e-05
   76    189  5.7957e-08  1.0954e-05
   76    190  1.7480e-07  3.3213e-05
   76    192  1.1985e-06  2.3012e-04
   77    191  4.9480e-07  9.4506e-05
   77    193  9.0077e-07  1.7385e-04
   78    192  4.5417e-16  8.7201e-14
   78    194  3.2031e-06  6.2141e-04
   78    195  4.5919e-06  8.9542e-04
   78    196  8.2644e-06  1.6198e-03
   78    198  8.9501e-06  1.7721e-03
   79    197  1.0179e-05  2.0053e-03
   80    198  1.1631e-14  2.3029e-12
   80    199  4.3660e-06  8.6883e-04
   80    200  5.3582e-06  1.0716e-03
   80    201  1.0776e-06  2.1659e-04
   80    202  6.3615e-07  1.2850e-04
   80    204  1.9900e-07  4.0595e-05
   81    203  2.1008e-07  4.2647e-05
   81    205  2.2130e-07  4.5367e-05
   81    207  1.3837e-19  2.8644e-17
   82    204  2.6679e-19  5.4426e-17
   82    206  8.4052e-06  1.7315e-03
   82    207  1.0772e-05  2.2298e-03
   82    208  5.3124e-06  1.1050e-03
   82    210  1.6134e-12  3.3882e-10
   82    211  4.9032e-18  1.0346e-15
   82    212  4.2495e-18  9.0090e-16
   82    214  7.5249e-19  1.6103e-16
   83    209  1.9362e-05  4.0466e-03
   83    210  3.3844e-17  7.1073e-15
   83    211  6.2298e-20  1.3145e-17
   83    212  1.2698e-19  2.6920e-17
   83    214  9.3014e-20  1.9905e-17
   84    210  9.3446e-16  1.9624e-13
   84    218  1.4531e-20  3.1677e-18
   86    222  2.5795e-17  5.7265e-15
   88    223  4.7934e-16  1.0689e-13
   88    224  1.0981e-17  2.4598e-15
   88    226  3.9470e-12  8.9203e-10
   88    228  3.5312e-11  8.0512e-09
   89    227  3.3334e-13  7.5669e-11
   89    228  7.7290e-19  1.7622e-16
   90    227  7.7041e-16  1.7488e-13
   90    228  2.1088e-15  4.8082e-13
   90    230  1.8602e-10  4.2785e-08
   90    231  4.4589e-17  1.0300e-14
   90    232  1.5457e-05  3.5861e-03
   90    234  6.2900e-17  1.4718e-14
   91    231  4.9975e-10  1.1544e-07
   91    234  1.8836e-18  4.4077e-16
   92    234  6.0574e-10  1.4174e-07
   92    235  1.0771e-05  2.5312e-03
   92    236  5.8149e-08  1.3723e-05
   92    238  1.1020e-05  2.6227e-03
   92    240  2.9186e-18  7.0046e-16
   93    240  2.0606e-19  4.9453e-17
   94    239  5.1162e-17  1.2228e-14
   94    240  1.1512e-11  2.7628e-09
   94    244  1.4012e-07  3.4190e-05
   95    243  1.5640e-17  3.8006e-15
   96    244  3.8031e-17  9.2795e-15
   96    247  3.3011e-14  8.1536e-12
   97    246  2.1385e-09  5.2606e-07
  100    258  3.7743e-06  9.7378e-04
  100    260  4.2478e-06  1.1044e-03
  100    262  4.2475e-06  1.1128e-03
  102    260  1.1586e-18  3.0123e-16
  102    261  3.7352e-06  9.7488e-04
  102    263  4.3489e-06  1.1438e-03
  102    264  5.6977e-06  1.5042e-03
  102    266  6.4478e-06  1.7151e-03
  103    265  4.8656e-06  1.2894e-03
  104    267  3.5963e-06  9.6022e-04
  104    268  3.0596e-06  8.1998e-04
  104    270  7.9133e-06  2.1366e-03
  104    272  1.6167e-05  4.3973e-03
  104    274  2.3593e-05  6.4646e-03
  105    269  6.9858e-06  1.8792e-03
  105    271  7.8406e-06  2.1248e-03
  106    273  2.2468e-05  6.1336e-03
  106    275  2.4971e-05  6.8669e-03
  106    276  3.6147e-05  9.9766e-03
  106    278  1.6723e-05  4.6491e-03
  106    280  2.9044e-06  8.1324e-04
  107    277  1.0325e-05  2.8601e-03
  108    279  7.8586e-06  2.1925e-03
  108    281  7.4939e-07  2.1058e-04
  108    282  5.2113e-07  1.4696e-04
  108    283  3.4196e-07  9.6774e-05
  108    284  7.2474e-07  2.0583e-04
  108    286  1.3748e-06  3.9319e-04
  110    285  1.0097e-06  2.8776e-04
  110    287  1.4825e-06  4.2549e-04
  110    288  1.6201e-06  4.6658e-04
  110    290  1.0255e-06  2.9741e-04
  111    289  9.1338e-07  2.6397e-04
  111    290  1.6048e-17  4.6540e-15
  111    291  4.5903e-07  1.3358e-04
  111    292  3.7781e-06  1.1032e-03
  111    293  2.0489e-06  6.0033e-04
  111    294  4.6251e-06  1.3598e-03
  111    295  2.7252e-06  8.0393e-04
  111    296  2.4106e-06  7.1353e-04
  111    297  1.3776e-06  4.0914e-04
  111    298  2.1529e-06  6.4156e-04
  111    299  3.4187e-07  1.0222e-04
  111    300  2.1357e-07  6.4070e-05
  111    301  7.4824e-06  2.2522e-03
  111    302  4.9762e-06  1.5028e-03
  111    303  5.8574e-06  1.7748e-03
  111    304  5.2767e-06  1.6041e-03
  111    305  2.1770e-06  6.6397e-04
  111    306  4.3343e-06  1.3263e-03
  111    307  2.5217e-06  7.7415e-04
  111    308  1.1701e-06  3.6040e-04
  111    309  1.6964e-06  5.2418e-04
  111    310  1.7053e-06  5.2863e-04
  111    311  9.2397e-07  2.8735e-04
  111    312  8.9100e-07  2.7799e-04
  111    313  7.3660e-07  2.3056e-04
  111    314  5.4922e-07  1.7245e-04
  111    315  7.9092e-07  2.4914e-04
  111    316  6.4279e-07  2.0312e-04
  111    317  4.7391e-07  1.5023e-04
  111    318  7.9165e-07  2.5175e-04
  111    319  4.6298e-07  1.4769e-04
  111    320  5.8411e-07  1.8692e-04
  111    321  2.9266e-07  9.3944e-05
  111    322  3.1353e-07  1.0096e-04
  111    323  6.5297e-07  2.1091e-04
  111    324  4.6505e-07  1.5068e-04
  111    325  1.1666e-07  3.7914e-05
  111    326  3.3111e-07  1.0794e-04
  111    327  4.2724e-07  1.3971e-04
  111    328  2.0894e-07  6.8532e-05
  111    329  2.7025e-07  8.8913e-05
  111    330  9.0055e-08  2.9718e-05
  111    331  1.8977e-07  6.2814e-05
  111    332  1.7573e-07  5.8341e-05
  111    333  3.6740e-08  1.2234e-05
  111    334  2.5971e-08  8.6743e-06
  111    335  8.3339e-09  2.7919e-06
  111    336  7.8082e-08  2.6235e-05
  111    337  5.6662e-08  1.9095e-05
    1      1  9.1307e-09  9.1307e-09
    2      4  2.2027e-01  8.8108e-01


