    1      2  1.8282e-08  3.6565e-08
    2      3  1.8075e-09  5.4224e-09
    3      6  3.3076e-11  1.9846e-10
    3      7  2.4977e-09  1.7484e-08
    4      8  2.9517e-08  2.3613e-07
    4      9  1.4910e-08  1.3419e-07
    5     10  2.6534e-07  2.6534e-06
    5     11  1.6708e-09  1.8378e-08
    6     12  7.3847e-09  8.8617e-08
    6     13  3.9191e-08  5.0949e-07
    7     14  4.5551e-08  6.3771e-07
    7     15  9.6735e-06  1.4510e-04
    8     16  4.4665e-07  7.1464e-06
    8     17  1.8998e-08  3.2297e-07
    8     18  9.4884e-08  1.7079e-06
    9     19  7.0692e-07  1.3431e-05
   10     20  1.0847e-06  2.1694e-05
   10     21  7.6700e-07  1.6107e-05
   10     22  8.9083e-09  1.9598e-07
   11     23  6.4688e-07  1.4878e-05
   12     24  2.4914e-07  5.9793e-06
   12     25  2.6676e-07  6.6689e-06
   12     26  9.6358e-08  2.5053e-06
   13     26  1.5621e-20  4.0615e-19
   13     27  1.0492e-07  2.8328e-06
   14     28  1.5449e-07  4.3257e-06
   14     29  5.5070e-08  1.5970e-06
   14     30  5.0407e-08  1.5122e-06
   15     31  1.9934e-08  6.1795e-07
   16     32  7.0606e-08  2.2594e-06
   16     33  2.4626e-07  8.1265e-06
   16     34  2.0411e-07  6.9398e-06
   16     36  1.6683e-08  6.0059e-07
   17     35  1.3515e-08  4.7301e-07
   17     37  3.7328e-09  1.3811e-07
   18     36  1.5727e-18  5.6619e-17
   18     38  1.7110e-08  6.5019e-07
   18     40  3.8449e-09  1.5379e-07
   19     39  1.5580e-08  6.0762e-07
   19     41  1.6848e-08  6.9078e-07
   20     42  5.2659e-08  2.2117e-06
   20     43  1.1106e-08  4.7758e-07
   20     44  1.9839e-08  8.7294e-07
   20     46  3.3216e-09  1.5279e-07
   21     45  1.7491e-08  7.8710e-07
   22     46  7.2843e-20  3.3508e-18
   22     47  6.0050e-09  2.8223e-07
   22     48  1.0084e-08  4.8401e-07
   22     49  5.3279e-09  2.6107e-07
   22     50  4.4510e-09  2.2255e-07
   23     51  4.8807e-09  2.4892e-07
   24     52  1.5078e-08  7.8403e-07
   24     53  1.5204e-08  8.0579e-07
   24     54  5.9923e-09  3.2358e-07
   25     55  1.5323e-09  8.4277e-08
   26     56  1.1923e-08  6.6769e-07
   26     57  2.5991e-08  1.4815e-06
   26     58  7.1078e-10  4.1225e-08
   27     59  1.0025e-09  5.9146e-08
   28     60  2.0877e-09  1.2526e-07
   28     61  2.5451e-09  1.5525e-07
   28     62  2.1403e-09  1.3270e-07
   28     64  6.6889e-09  4.2809e-07
   29     63  2.3510e-08  1.4811e-06
   29     65  8.9950e-09  5.8468e-07
   30     64  1.8901e-20  1.2096e-18
   30     66  1.8045e-08  1.1910e-06
   30     67  3.0289e-08  2.0294e-06
   30     68  8.1036e-09  5.5104e-07
   30     70  1.7563e-08  1.2294e-06
   31     69  4.0231e-09  2.7760e-07
   31     71  4.9741e-09  3.5316e-07
   32     70  1.5265e-15  1.0686e-13
   32     72  1.9319e-08  1.3910e-06
   32     73  1.3107e-08  9.5684e-07
   32     74  3.6954e-08  2.7346e-06
   32     76  6.3491e-08  4.8253e-06
   33     75  7.2433e-08  5.4325e-06
   34     76  1.5242e-13  1.1584e-11
   34     77  8.8019e-08  6.7774e-06
   34     78  6.4528e-08  5.0332e-06
   34     80  1.9970e-07  1.5976e-05
   34     82  1.0090e-07  8.2738e-06
   35     79  4.3946e-08  3.4718e-06
   35     81  9.7368e-08  7.8868e-06
   36     82  2.3955e-13  1.9643e-11
   36     83  1.0607e-07  8.8037e-06
   36     84  3.2482e-08  2.7285e-06
   36     86  4.4549e-08  3.8312e-06
   37     85  2.7648e-08  2.3501e-06
   37     87  5.1207e-08  4.4550e-06
   38     86  2.2008e-20  1.8927e-18
   38     87  3.7495e-10  3.2621e-08
   38     88  5.1272e-08  4.5119e-06
   39     89  3.8803e-08  3.4535e-06
   40     90  5.3034e-08  4.7731e-06
   40     91  2.5174e-08  2.2908e-06
   40     92  2.1555e-08  1.9831e-06
   40     94  6.0156e-08  5.6547e-06
   41     93  1.9254e-08  1.7907e-06
   42     95  3.6557e-08  3.4729e-06
   42     96  2.0578e-08  1.9755e-06
   42     97  3.2287e-08  3.1318e-06
   42     98  6.6043e-09  6.4722e-07
   42    100  1.2640e-08  1.2640e-06
   44     99  9.6724e-09  9.5756e-07
   44    100  7.1478e-14  7.1478e-12
   44    101  1.2151e-08  1.2272e-06
   44    102  9.5618e-09  9.7530e-07
   44    104  6.2128e-09  6.4613e-07
   45    103  1.0139e-08  1.0443e-06
   46    104  1.1532e-18  1.1993e-16
   46    105  5.0217e-09  5.2728e-07
   46    106  1.5047e-08  1.5949e-06
   46    108  5.1424e-08  5.5537e-06
   46    110  1.2775e-06  1.4053e-04
   47    107  1.2554e-08  1.3433e-06
   47    109  5.2874e-07  5.7633e-05
   48    110  4.1028e-13  4.5130e-11
   48    111  2.1068e-07  2.3386e-05
   48    112  1.0588e-06  1.1859e-04
   48    113  7.2209e-07  8.1596e-05
   48    114  8.1166e-07  9.2530e-05
   48    116  6.4307e-08  7.4596e-06
   49    113  3.1780e-14  3.5911e-12
   49    115  9.3723e-07  1.0778e-04
   50    115  7.4777e-13  8.5994e-11
   50    116  3.2831e-12  3.8084e-10
   50    117  1.5264e-07  1.7859e-05
   50    118  6.5966e-08  7.7840e-06
   50    119  4.3914e-08  5.2258e-06
   50    120  1.9045e-07  2.2854e-05
   50    122  1.5273e-07  1.8633e-05
   50    124  2.9067e-07  3.6043e-05
   51    121  1.1823e-07  1.4306e-05
   51    123  1.2057e-07  1.4831e-05
   52    122  5.4386e-14  6.6351e-12
   52    124  5.1438e-16  6.3783e-14
   52    125  3.0408e-07  3.8010e-05
   52    126  6.1093e-07  7.6978e-05
   52    128  1.1953e-06  1.5300e-04
   52    130  7.3596e-07  9.5674e-05
   53    127  7.9719e-07  1.0124e-04
   53    129  5.4198e-15  6.9915e-13
   54    128  1.1027e-15  1.4114e-13
   54    129  1.4103e-06  1.8192e-04
   54    130  8.9861e-14  1.1682e-11
   54    131  4.1555e-07  5.4436e-05
   54    132  3.4255e-07  4.5217e-05
   54    134  2.3514e-07  3.1509e-05
   54    136  3.2188e-07  4.3776e-05
   55    133  2.1678e-07  2.8831e-05
   56    134  1.2020e-17  1.6107e-15
   56    135  1.7795e-07  2.4023e-05
   56    136  6.1510e-15  8.3654e-13
   56    137  3.0434e-07  4.1694e-05
   56    138  2.8771e-07  3.9703e-05
   57    139  1.0811e-07  1.5027e-05
   58    140  1.6578e-07  2.3210e-05
   58    142  1.4324e-07  2.0339e-05
   59    141  2.8396e-07  4.0038e-05
   60    142  1.6156e-17  2.2941e-15
   60    143  1.2149e-07  1.7374e-05
   60    144  1.7667e-07  2.5441e-05
   60    145  6.9908e-08  1.0137e-05
   60    146  1.2932e-07  1.8881e-05
   60    148  7.4673e-08  1.1052e-05
   60    150  4.1614e-08  6.2421e-06
   62    147  1.6590e-07  2.4387e-05
   62    148  1.1038e-12  1.6336e-10
   62    149  2.3350e-08  3.4791e-06
   62    150  8.1420e-13  1.2213e-10
   62    152  6.2593e-08  9.5141e-06
   62    154  5.0879e-08  7.8354e-06
   63    151  1.5479e-08  2.3373e-06
   63    153  4.1014e-08  6.2752e-06
   64    154  1.8676e-14  2.8762e-12
   64    155  1.4120e-07  2.1886e-05
   64    156  2.0157e-08  3.1445e-06
   64    157  5.3776e-08  8.4428e-06
   64    158  1.0538e-07  1.6649e-05
   64    160  2.0472e-08  3.2755e-06
   65    159  1.0622e-09  1.6888e-07
   66    160  3.6380e-16  5.8208e-14
   66    161  4.0960e-08  6.5946e-06
   66    162  2.4153e-08  3.9128e-06
   66    163  2.6465e-08  4.3138e-06
   66    164  4.0634e-08  6.6640e-06
   67    165  2.9971e-08  4.9451e-06
   68    166  8.5736e-08  1.4232e-05
   68    167  1.2801e-07  2.1378e-05
   68    168  8.4686e-08  1.4227e-05
   68    170  8.4997e-08  1.4450e-05
   69    169  4.2292e-07  7.1473e-05
   70    170  6.7751e-15  1.1518e-12
   70    171  1.5494e-07  2.6495e-05
   70    172  8.4525e-08  1.4538e-05
   70    173  5.5909e-08  9.6723e-06
   70    174  1.8195e-07  3.1659e-05
   70    176  1.1608e-07  2.0429e-05
   71    175  5.4388e-08  9.5179e-06
   71    176  2.3044e-16  4.0558e-14
   72    176  2.1575e-18  3.7972e-16
   72    177  4.9063e-07  8.6841e-05
   72    178  2.5860e-07  4.6031e-05
   72    179  1.3989e-07  2.5041e-05
   72    180  2.3310e-07  4.1958e-05
   73    181  2.9450e-07  5.3305e-05
   74    182  3.9084e-07  7.1133e-05
   74    183  3.1354e-07  5.7378e-05
   74    184  2.7686e-07  5.0942e-05
   74    186  1.6028e-07  2.9813e-05
   75    185  1.2439e-07  2.3011e-05
   75    187  1.6993e-07  3.1778e-05
   76    186  8.6401e-18  1.6071e-15
   76    187  1.3811e-09  2.5826e-07
   76    188  1.9503e-07  3.6666e-05
   76    189  8.2637e-08  1.5618e-05
   76    190  7.2957e-08  1.3862e-05
   76    192  3.1890e-07  6.1230e-05
   77    191  1.6104e-07  3.0759e-05
   77    193  1.8053e-07  3.4843e-05
   78    192  2.7552e-16  5.2899e-14
   78    194  7.7419e-07  1.5019e-04
   78    195  1.1518e-06  2.2460e-04
   78    196  2.7684e-06  5.4261e-04
   78    198  5.6409e-06  1.1169e-03
   79    197  4.8044e-06  9.4647e-04
   80    198  1.1994e-14  2.3749e-12
   80    199  2.9131e-06  5.7971e-04
   80    200  6.5938e-06  1.3188e-03
   80    201  1.8219e-06  3.6619e-04
   80    202  1.2773e-06  2.5802e-04
   80    204  1.5254e-07  3.1118e-05
   80    206  5.1600e-15  1.0630e-12
   81    203  3.4268e-07  6.9565e-05
   81    205  1.3375e-07  2.7419e-05
   81    207  7.3783e-20  1.5273e-17
   82    204  9.1064e-19  1.8577e-16
   82    206  4.3151e-06  8.8891e-04
   82    207  5.5401e-06  1.1468e-03
   82    208  2.5539e-06  5.3121e-04
   82    210  8.1901e-13  1.7199e-10
   82    211  2.6145e-18  5.5165e-16
   82    212  2.0690e-18  4.3862e-16
   82    214  3.8198e-19  8.1743e-17
   83    209  9.8736e-06  2.0636e-03
   83    210  1.7180e-17  3.6078e-15
   83    211  3.3218e-20  7.0090e-18
   83    212  6.1825e-20  1.3107e-17
   83    214  4.7216e-20  1.0104e-17
   84    210  4.7435e-16  9.9614e-14
   86    222  1.3094e-17  2.9069e-15
   88    223  2.5559e-16  5.6997e-14
   88    224  5.3465e-18  1.1976e-15
   88    226  2.0036e-12  4.5281e-10
   88    228  1.7193e-11  3.9199e-09
   89    227  1.7774e-13  4.0347e-11
   89    228  3.7631e-19  8.5798e-17
   90    227  4.1079e-16  9.3250e-14
   90    228  1.0267e-15  2.3410e-13
   90    230  9.4428e-11  2.1719e-08
   90    231  2.3775e-17  5.4921e-15
   90    232  7.5257e-06  1.7460e-03
   90    234  3.1929e-17  7.4714e-15
   91    231  2.6647e-10  6.1555e-08
   91    234  9.5617e-19  2.2374e-16
   92    234  3.0748e-10  7.1951e-08
   92    235  5.7432e-06  1.3497e-03
   92    236  2.8397e-08  6.7017e-06
   92    238  5.5938e-06  1.3313e-03
   92    240  1.4253e-18  3.4207e-16
   93    240  1.0063e-19  2.4150e-17
   94    239  3.1588e-17  7.5496e-15
   94    240  5.6217e-12  1.3492e-09
   94    244  6.8429e-08  1.6697e-05
   95    243  9.6565e-18  2.3465e-15
   96    244  1.8572e-17  4.5316e-15
   96    247  2.0381e-14  5.0341e-12
   97    246  1.0731e-09  2.6399e-07
  100    258  1.8925e-06  4.8827e-04
  100    260  2.1812e-06  5.6711e-04
  100    262  2.0520e-06  5.3761e-04
  102    260  1.3783e-18  3.5836e-16
  102    261  2.0206e-06  5.2739e-04
  102    263  2.1215e-06  5.5795e-04
  102    264  2.7776e-06  7.3329e-04
  102    266  3.2633e-06  8.6803e-04
  103    265  2.4471e-06  6.4849e-04
  104    267  1.7917e-06  4.7839e-04
  104    268  1.5431e-06  4.1356e-04
  104    270  4.0844e-06  1.1028e-03
  104    272  9.4078e-06  2.5589e-03
  104    274  1.6411e-05  4.4967e-03
  105    269  3.7268e-06  1.0025e-03
  105    271  3.9578e-06  1.0726e-03
  106    273  1.4289e-05  3.9010e-03
  106    275  2.1896e-05  6.0213e-03
  106    276  3.6462e-05  1.0064e-02
  106    278  2.1883e-05  6.0836e-03
  106    280  5.4464e-06  1.5250e-03
  107    277  1.1325e-05  3.1370e-03
  108    279  1.2638e-05  3.5261e-03
  108    281  1.5354e-06  4.3145e-04
  108    282  9.2512e-07  2.6088e-04
  108    283  4.2034e-07  1.1896e-04
  108    284  7.2147e-07  2.0490e-04
  108    286  1.3508e-06  3.8633e-04
  110    285  9.5594e-07  2.7244e-04
  110    287  1.5930e-06  4.5719e-04
  110    288  1.8670e-06  5.3770e-04
  110    290  1.4141e-06  4.1008e-04
  111    289  1.1321e-06  3.2718e-04
  111    290  4.8533e-17  1.4074e-14
  111    291  6.4920e-07  1.8892e-04
  111    292  5.6174e-06  1.6403e-03
  111    293  3.1090e-06  9.1092e-04
  111    294  7.1046e-06  2.0887e-03
  111    295  4.1991e-06  1.2387e-03
  111    296  3.6982e-06  1.0947e-03
  111    297  2.0946e-06  6.2210e-04
  111    298  3.2104e-06  9.5670e-04
  111    299  5.0056e-07  1.4967e-04
  111    300  3.0541e-07  9.1623e-05
  111    301  1.4511e-05  4.3678e-03
  111    302  9.7019e-06  2.9300e-03
  111    303  9.6634e-06  2.9280e-03
  111    304  1.0141e-05  3.0829e-03
  111    305  5.5750e-06  1.7004e-03
  111    306  8.5398e-06  2.6132e-03
  111    307  4.7303e-06  1.4522e-03
  111    308  3.1314e-06  9.6448e-04
  111    309  4.0596e-06  1.2544e-03
  111    310  3.6792e-06  1.1406e-03
  111    311  2.6690e-06  8.3005e-04
  111    312  2.5517e-06  7.9612e-04
  111    313  1.8030e-06  5.6435e-04
  111    314  1.6199e-06  5.0866e-04
  111    315  2.3928e-06  7.5373e-04
  111    316  1.7337e-06  5.4786e-04
  111    317  1.7067e-06  5.4103e-04
  111    318  2.6821e-06  8.5290e-04
  111    319  1.8168e-06  5.7957e-04
  111    320  2.3353e-06  7.4731e-04
  111    321  1.2130e-06  3.8938e-04
  111    322  1.5373e-06  4.9500e-04
  111    323  2.5718e-06  8.3068e-04
  111    324  2.3590e-06  7.6431e-04
  111    325  6.9750e-07  2.2669e-04
  111    326  1.4235e-06  4.6405e-04
  111    327  2.2275e-06  7.2839e-04
  111    328  1.5431e-06  5.0615e-04
  111    329  1.7499e-06  5.7573e-04
  111    330  3.9472e-07  1.3026e-04
  111    331  1.4193e-06  4.6978e-04
  111    332  1.3469e-06  4.4718e-04
  111    333  3.0057e-07  1.0009e-04
  111    334  2.3718e-07  7.9217e-05
  111    335  1.3101e-07  4.3887e-05
  111    336  8.2144e-07  2.7601e-04
  111    337  9.0988e-07  3.0663e-04
    1      1  1.6044e-08  1.6044e-08
    2      4  2.2079e-01  8.8317e-01


