1  5.3945e-09
2  6.5144e-09
3  5.7460e-10
4  1.8535e-01
5  0.0000e+00
6  1.9477e-11
7  1.1442e-09
8  2.3361e-08
9  9.2329e-09
10  1.7679e-07
11  3.3863e-09
12  1.1161e-08
13  4.4340e-07
14  1.2082e-07
15  1.9654e-05
16  3.9103e-07
17  1.0501e-08
18  6.6480e-08
19  1.7482e-06
20  2.4377e-06
21  6.9005e-07
22  5.3112e-09
23  1.3352e-06
24  4.3003e-07
25  5.3337e-07
26  4.3661e-08
27  9.3035e-08
28  1.9158e-07
29  4.1908e-08
30  4.8880e-08
31  4.3144e-08
32  5.5657e-08
33  3.4851e-07
34  2.6678e-07
35  1.1643e-08
36  9.0931e-09
37  7.8331e-09
38  2.8951e-08
39  2.2799e-08
40  1.0865e-08
41  5.6478e-08
42  1.8436e-07
43  3.2001e-08
44  4.4882e-08
45  4.7901e-08
46  1.4791e-08
47  2.1593e-08
48  4.3714e-08
49  4.1001e-08
50  4.0769e-08
51  1.3071e-08
52  3.9595e-08
53  3.5458e-08
54  1.5674e-08
55  5.6019e-09
56  3.0272e-08
57  8.5385e-08
58  1.5133e-09
59  2.4160e-09
60  5.7111e-09
61  8.4726e-09
62  7.6081e-09
63  1.1810e-07
64  3.6255e-08
65  4.8404e-08
66  1.2794e-07
67  1.5790e-07
68  4.0542e-08
69  2.1900e-08
70  9.8590e-08
71  2.3904e-08
72  7.4206e-08
73  5.0440e-08
74  2.4702e-07
75  1.0705e-06
76  9.0999e-07
77  1.3088e-06
78  1.1965e-06
79  1.1415e-06
80  5.6019e-06
81  1.8514e-06
82  5.5948e-07
83  7.8481e-07
84  3.3686e-07
85  3.5236e-07
86  8.4077e-07
87  7.6488e-07
88  3.2295e-07
89  1.4048e-07
90  1.9161e-07
91  7.9535e-08
92  1.6402e-07
93  1.9807e-07
94  6.5035e-07
95  3.6471e-07
96  2.0389e-07
97  2.7480e-07
98  4.1712e-08
99  4.7744e-08
100  5.9266e-08
101  6.9416e-08
102  6.3221e-08
103  8.9049e-08
104  6.7593e-08
105  6.7364e-08
106  1.9692e-07
107  2.1912e-07
108  3.4005e-07
109  4.1109e-07
110  5.4897e-07
111  9.7648e-08
112  3.3461e-07
113  1.6275e-07
114  1.2378e-07
115  1.2014e-07
116  1.5633e-08
117  4.0469e-08
118  2.9791e-08
119  2.0142e-08
120  1.3163e-07
121  1.1767e-07
122  3.3593e-07
123  4.1386e-07
124  3.0154e-06
125  4.4875e-06
126  1.1575e-05
127  1.0704e-05
128  8.5722e-06
129  8.5799e-06
130  6.4939e-06
131  3.3860e-06
132  1.5596e-06
133  1.2723e-06
134  1.1248e-06
135  4.4227e-07
136  7.2236e-07
137  9.3667e-07
138  9.4068e-07
139  2.9405e-07
140  3.7166e-07
141  7.8507e-07
142  3.7334e-07
143  1.4002e-07
144  7.9167e-08
145  3.0671e-08
146  5.7892e-08
147  7.9826e-08
148  8.4927e-08
149  4.2676e-08
150  8.5486e-08
151  4.8450e-08
152  1.4731e-07
153  8.5179e-08
154  1.6496e-07
155  2.5585e-07
156  8.8267e-08
157  1.4845e-07
158  3.1237e-07
159  1.9440e-08
160  1.5803e-07
161  1.8313e-07
162  1.2737e-07
163  1.0888e-07
164  2.6888e-07
165  1.8914e-07
166  6.5386e-07
167  5.3531e-07
168  4.2759e-07
169  1.2825e-06
170  4.5046e-07
171  4.9657e-07
172  4.5344e-07
173  3.2263e-07
174  9.6902e-07
175  4.3985e-07
176  6.9887e-07
177  1.1213e-06
178  6.8008e-07
179  3.6389e-07
180  3.5763e-07
181  4.9176e-07
182  4.4723e-07
183  3.0075e-07
184  2.6086e-07
185  1.5501e-07
186  1.4261e-07
187  1.1570e-07
188  1.5858e-07
189  1.1637e-07
190  1.0545e-06
191  1.1213e-06
192  3.6073e-06
193  5.0044e-06
194  2.0271e-05
195  3.2509e-05
196  4.8024e-05
197  3.9797e-05
198  2.4204e-05
199  7.0601e-06
200  3.5142e-06
201  5.1291e-07
202  4.5364e-07
203  3.9534e-07
204  6.7182e-07
205  6.2536e-07
206  2.8587e-05
207  3.1566e-05
208  1.7118e-05
209  4.9967e-05
210  3.5611e-12
211  1.2919e-17
212  1.1146e-17
213  3.3824e-44
214  1.8651e-18
215  3.5616e-24
216  1.2914e-23
217  5.3057e-95
218  3.2053e-20
219  4.9991e-21
220  4.9518e-21
221  -7.1946e-320
222  5.6900e-17
223  1.2472e-15
224  2.7966e-17
225  2.0385e-40
226  8.7066e-12
227  8.6929e-13
228  8.9935e-11
229  7.6035e-30
230  4.1034e-10
231  1.3003e-09
232  3.9365e-05
233  2.7173e-27
234  1.3362e-09
235  2.8024e-05
236  1.3100e-07
237  -1.0634e-318
238  2.4308e-05
239  1.0857e-16
240  2.5933e-11
241  0.0000e+00
242  1.7811e-127
243  3.3190e-17
244  3.1566e-07
245  0.0000e+00
246  4.8370e-09
247  7.0052e-14
248  1.8062e-126
249  0.0000e+00
250  0.0000e+00
251  -6.3505e-314
252  0.0000e+00
253  0.0000e+00
254  0.0000e+00
255  0.0000e+00
256  0.0000e+00
257  6.3674e-26
258  1.2491e-05
259  9.9227e-26
260  1.5907e-05
261  1.3766e-05
262  1.7237e-05
263  2.0069e-05
264  2.5089e-05
265  2.2179e-05
266  3.0783e-05
267  1.5871e-05
268  1.6429e-05
269  3.6179e-05
270  3.1756e-05
271  2.9731e-05
272  4.1267e-05
273  4.1790e-05
274  5.4273e-05
275  4.0128e-05
276  4.1152e-05
277  1.2565e-05
278  1.5428e-05
279  6.6497e-06
280  2.6542e-06
281  8.6836e-07
282  1.0177e-06
283  6.3687e-07
284  9.5707e-07
285  9.4517e-07
286  1.0091e-06
287  1.4474e-06
288  1.2338e-06
289  8.1164e-07
290  9.1636e-07
291  4.7473e-07
292  3.3023e-06
293  1.5876e-06
294  2.4665e-06
295  8.3453e-07
296  1.9051e-06
297  9.8708e-07
298  1.6415e-07
299  1.2798e-07
300  4.3650e-08
301  2.0959e-06
302  2.7818e-06
303  1.5850e-06
304  1.5788e-06
305  1.3561e-06
306  2.2663e-06
307  1.2576e-06
308  9.7000e-07
309  5.9663e-07
310  1.0158e-06
311  3.2529e-07
312  5.8431e-07
313  3.5307e-07
314  6.4938e-07
315  3.3646e-07
316  5.9816e-07
317  4.4818e-07
318  1.9569e-06
319  4.6914e-07
320  7.3266e-07
321  1.5173e-07
322  1.0986e-07
323  1.0428e-07
324  8.5125e-08
325  1.3322e-08
326  4.7711e-08
327  4.5518e-08
328  1.4778e-09
329  2.2671e-08
330  1.4204e-08
331  1.0620e-09
332  3.6234e-09
333  5.5424e-10
334  5.0914e-10
335  1.3207e-10
336  7.0388e-11
337  3.0942e-09

