1  6.4165e-09
2  1.8237e-01
3  5.8483e-10
4  1.5688e-08
5  7.6881e-08
6  5.4016e-07
7  1.7935e-05
8  4.0583e-07
9  1.7034e-06
10  2.8946e-06
11  1.2759e-06
12  9.0689e-07
13  1.0987e-07
14  3.8389e-07
15  6.0248e-08
16  9.0131e-07
17  3.1033e-08
18  6.3192e-08
19  1.2942e-07
20  4.5199e-07
21  7.8058e-08
22  3.0454e-07
23  1.8546e-08
24  1.9075e-07
25  2.1474e-08
26  2.3550e-07
27  6.7038e-09
28  1.5277e-07
29  2.8635e-07
30  6.0966e-07
31  7.5539e-08
32  2.5706e-06
33  2.0356e-06
34  1.2434e-05
35  4.9567e-06
36  3.0134e-06
37  1.6236e-06
38  4.5586e-07
39  1.6746e-07
40  1.6489e-06
41  3.1388e-07
42  1.3187e-06
43  5.7572e-33
44  5.0357e-07
45  1.6919e-07
46  2.0297e-06
47  1.0827e-06
48  7.0328e-07
49  6.0396e-08
50  7.6347e-06
51  1.4949e-06
52  4.7473e-05
53  1.4604e-05
54  2.3453e-05
55  2.1857e-06
56  4.6945e-06
57  5.5789e-07
58  1.3534e-06
59  1.7514e-06
60  1.1070e-06
61  1.9822e-83
62  1.4350e-06
63  5.3223e-07
64  3.6125e-06
65  3.4593e-07
66  3.5267e-06
67  9.1631e-07
68  5.4986e-06
69  1.8033e-06
70  4.5395e-06
71  7.2023e-07
72  2.8166e-06
73  5.7884e-07
74  1.7930e-06
75  7.9351e-07
76  5.6315e-05
77  7.9562e-05
78  2.9732e-04
79  3.3220e-05
80  1.0893e-05
81  4.8338e-06
82  1.8110e-04
83  9.5793e-05
84  3.3620e-15
85  1.1145e-25
86  9.2817e-17
87  3.2301e-20
88  1.7243e-10
89  1.2181e-12
90  6.9260e-05
91  1.8262e-09
92  7.9225e-05
93  7.7321e-19
94  5.2582e-07
95  4.0949e-17
96  8.6551e-14
97  7.6632e-09
98  -6.9841e-314
99  3.4585e-322
100  4.7809e-05
101  6.1948e-313
102  6.6232e-05
103  1.4248e-05
104  5.0979e-05
105  2.5042e-05
106  2.2443e-05
107  1.5894e-06
108  1.1109e-06
109  -1.8374e-319
110  5.8130e-07
111  2.8596e-06
112  0.0000e+00
113  0.0000e+00
114  0.0000e+00
115  0.0000e+00
116  0.0000e+00
117  0.0000e+00
118  0.0000e+00

