    1      2  1.4387e-09  2.8773e-09
    2      3  6.1884e-11  1.8565e-10
    3      6  3.9494e-12  2.3696e-11
    3      7  1.1041e-10  7.7284e-10
    4      8  1.1540e-10  9.2319e-10
    4      9  1.5709e-11  1.4138e-10
    5     10  1.1200e-11  1.1200e-10
    5     11  1.0165e-10  1.1181e-09
    6     12  2.3698e-09  2.8437e-08
    6     13  3.8259e-08  4.9737e-07
    7     14  4.4294e-07  6.2011e-06
    7     15  3.8101e-06  5.7151e-05
    8     16  2.2945e-07  3.6712e-06
    8     17  1.5213e-09  2.5862e-08
    8     18  1.8131e-08  3.2636e-07
    9     19  7.4213e-07  1.4101e-05
   10     20  1.0097e-06  2.0194e-05
   10     21  2.5490e-07  5.3530e-06
   10     22  5.0318e-09  1.1070e-07
   11     23  5.5994e-07  1.2879e-05
   12     24  1.7213e-07  4.1310e-06
   12     25  1.5595e-07  3.8988e-06
   12     26  3.1921e-08  8.2995e-07
   13     26  4.8009e-19  1.2482e-17
   13     27  4.3666e-07  1.1790e-05
   14     28  1.3052e-06  3.6546e-05
   14     29  1.1215e-07  3.2525e-06
   14     30  6.3172e-08  1.8952e-06
   15     31  1.1638e-07  3.6077e-06
   16     32  1.2900e-07  4.1281e-06
   16     33  1.6436e-06  5.4240e-05
   16     34  1.2668e-06  4.3070e-05
   16     36  2.1655e-08  7.7957e-07
   17     35  3.0393e-08  1.0637e-06
   17     37  1.1168e-07  4.1320e-06
   18     36  6.4093e-20  2.3074e-18
   18     38  2.6255e-07  9.9771e-06
   18     40  8.2403e-07  3.2961e-05
   19     39  4.7630e-07  1.8576e-05
   19     41  5.1376e-08  2.1064e-06
   20     42  9.8009e-07  4.1164e-05
   20     43  5.0017e-07  2.1507e-05
   20     44  9.0583e-08  3.9857e-06
   20     46  1.7320e-07  7.9670e-06
   21     45  1.7551e-07  7.8981e-06
   22     47  2.8948e-07  1.3605e-05
   22     48  5.8543e-07  2.8101e-05
   22     49  7.0407e-07  3.4499e-05
   22     50  7.6181e-07  3.8091e-05
   23     51  1.2100e-07  6.1710e-06
   24     52  3.4755e-07  1.8073e-05
   24     53  2.2641e-07  1.2000e-05
   24     54  1.4450e-07  7.8028e-06
   25     55  2.3133e-07  1.2723e-05
   26     56  5.5120e-07  3.0867e-05
   26     57  8.7558e-07  4.9908e-05
   26     58  3.9712e-08  2.3033e-06
   27     59  4.5086e-08  2.6600e-06
   28     60  1.0658e-07  6.3951e-06
   28     61  1.7382e-07  1.0603e-05
   28     62  1.3839e-07  8.5800e-06
   28     64  3.2968e-07  2.1100e-05
   29     63  6.3013e-07  3.9698e-05
   29     65  2.6317e-07  1.7106e-05
   30     66  8.7335e-07  5.7641e-05
   30     67  2.9588e-07  1.9824e-05
   30     68  3.4297e-07  2.3322e-05
   30     70  9.9037e-07  6.9326e-05
   31     69  3.4069e-07  2.3507e-05
   31     71  1.4517e-07  1.0307e-05
   32     70  8.9475e-16  6.2633e-14
   32     72  3.1689e-07  2.2816e-05
   32     73  1.4069e-07  1.0270e-05
   32     74  8.3613e-07  6.1874e-05
   32     76  4.5581e-06  3.4641e-04
   33     75  4.0286e-06  3.0215e-04
   34     76  6.7670e-14  5.1429e-12
   34     77  4.8945e-06  3.7688e-04
   34     78  8.5715e-06  6.6858e-04
   34     80  2.4510e-05  1.9608e-03
   34     82  1.7166e-06  1.4076e-04
   35     79  1.3372e-05  1.0564e-03
   35     81  7.5558e-06  6.1202e-04
   36     82  1.3302e-13  1.0908e-11
   36     83  1.3080e-06  1.0857e-04
   36     84  1.1753e-06  9.8724e-05
   36     86  3.5250e-06  3.0315e-04
   37     85  1.4624e-06  1.2430e-04
   37     87  2.9979e-06  2.6082e-04
   38     87  2.1952e-08  1.9098e-06
   38     88  2.0676e-06  1.8195e-04
   39     89  6.4328e-07  5.7252e-05
   40     90  1.1307e-06  1.0176e-04
   40     91  3.1313e-07  2.8495e-05
   40     92  1.3829e-06  1.2723e-04
   40     94  2.2678e-06  2.1318e-04
   41     93  7.8535e-07  7.3038e-05
   42     95  1.5278e-06  1.4514e-04
   42     96  1.2496e-06  1.1997e-04
   42     97  7.8686e-07  7.6326e-05
   42     98  3.2645e-07  3.1992e-05
   42    100  4.6647e-07  4.6647e-05
   44     99  3.7383e-07  3.7009e-05
   44    100  1.8467e-14  1.8467e-12
   44    101  7.1988e-07  7.2708e-05
   44    102  4.9962e-07  5.0962e-05
   44    104  6.9474e-07  7.2253e-05
   45    103  5.2442e-07  5.4015e-05
   46    104  2.5871e-19  2.6906e-17
   46    105  7.0738e-07  7.4275e-05
   46    106  1.3714e-06  1.4537e-04
   46    108  2.6948e-06  2.9104e-04
   46    110  2.4768e-06  2.7245e-04
   47    107  1.4689e-06  1.5717e-04
   47    109  2.2447e-06  2.4468e-04
   48    110  1.3095e-14  1.4405e-12
   48    111  5.0252e-07  5.5780e-05
   48    112  1.0186e-06  1.1408e-04
   48    113  3.5618e-07  4.0248e-05
   48    114  2.4141e-07  2.7520e-05
   48    116  2.9610e-08  3.4348e-06
   49    113  1.5676e-14  1.7714e-12
   49    115  1.2929e-07  1.4869e-05
   50    115  1.0316e-13  1.1863e-11
   50    116  3.7489e-15  4.3487e-13
   50    117  6.1083e-08  7.1467e-06
   50    118  8.8829e-08  1.0482e-05
   50    119  8.0571e-08  9.5879e-06
   50    120  4.4721e-07  5.3665e-05
   50    122  1.9601e-06  2.3914e-04
   50    124  2.9287e-05  3.6316e-03
   51    121  6.4662e-07  7.8241e-05
   51    123  3.3298e-06  4.0957e-04
   52    122  2.6951e-15  3.2880e-13
   52    124  1.5076e-16  1.8694e-14
   52    125  1.0031e-04  1.2539e-02
   52    126  3.5063e-04  4.4179e-02
   52    128  2.3277e-04  2.9794e-02
   52    130  2.1779e-04  2.8312e-02
   53    127  1.9537e-04  2.4811e-02
   53    129  7.5690e-13  9.7641e-11
   54    128  1.1836e-15  1.5150e-13
   54    129  4.9320e-04  6.3623e-02
   54    130  1.7382e-13  2.2596e-11
   54    131  4.5769e-05  5.9957e-03
   54    132  3.6510e-05  4.8193e-03
   54    134  3.9168e-05  5.2485e-03
   54    136  2.0948e-05  2.8489e-03
   55    133  4.8324e-05  6.4271e-03
   56    134  6.5048e-18  8.7165e-16
   56    135  2.2359e-05  3.0185e-03
   56    136  4.9028e-15  6.6677e-13
   56    137  2.3644e-05  3.2392e-03
   56    138  2.5776e-05  3.5570e-03
   57    139  7.8129e-06  1.0860e-03
   58    140  1.1351e-05  1.5891e-03
   58    142  1.4929e-05  2.1199e-03
   59    141  3.7817e-05  5.3322e-03
   60    142  1.0338e-17  1.4679e-15
   60    143  3.0712e-06  4.3918e-04
   60    144  1.8366e-06  2.6447e-04
   60    145  1.4681e-06  2.1288e-04
   60    146  3.3212e-06  4.8489e-04
   60    148  8.2740e-06  1.2246e-03
   60    150  7.9025e-06  1.1854e-03
   62    147  4.2873e-06  6.3024e-04
   62    148  1.8666e-13  2.7625e-11
   62    149  5.8450e-06  8.7090e-04
   62    150  1.7575e-12  2.6362e-10
   62    152  1.0447e-05  1.5880e-03
   62    154  1.2090e-05  1.8619e-03
   63    151  8.1224e-06  1.2265e-03
   63    153  7.2192e-06  1.1045e-03
   64    154  2.4176e-14  3.7231e-12
   64    155  6.1854e-06  9.5874e-04
   64    156  1.6006e-05  2.4969e-03
   64    157  1.0811e-05  1.6973e-03
   64    158  2.0914e-05  3.3044e-03
   64    160  1.7055e-05  2.7288e-03
   65    159  1.1228e-05  1.7852e-03
   66    160  7.8002e-15  1.2480e-12
   66    161  8.2972e-06  1.3359e-03
   66    162  2.1017e-05  3.4048e-03
   66    163  1.2599e-05  2.0536e-03
   66    164  2.9486e-05  4.8357e-03
   67    165  1.4420e-05  2.3794e-03
   68    166  2.7583e-05  4.5787e-03
   68    167  1.1593e-05  1.9361e-03
   68    168  2.0727e-05  3.4822e-03
   68    170  1.1920e-05  2.0264e-03
   69    169  1.5493e-05  2.6183e-03
   70    170  1.7819e-15  3.0292e-13
   70    171  8.9214e-06  1.5256e-03
   70    172  6.6355e-06  1.1413e-03
   70    173  6.3795e-06  1.1037e-03
   70    174  8.0930e-06  1.4082e-03
   70    176  5.6538e-06  9.9507e-04
   71    175  5.9954e-06  1.0492e-03
   71    176  1.4483e-16  2.5491e-14
   72    176  1.3560e-18  2.3866e-16
   72    177  6.7715e-06  1.1986e-03
   72    178  6.4083e-06  1.1407e-03
   72    179  4.9739e-06  8.9033e-04
   72    180  4.0087e-06  7.2156e-04
   73    181  3.6453e-06  6.5980e-04
   74    182  4.1187e-06  7.4959e-04
   74    183  2.0766e-06  3.8001e-04
   74    184  3.1320e-06  5.7629e-04
   74    186  6.2664e-06  1.1655e-03
   75    185  2.1997e-06  4.0694e-04
   75    187  4.5815e-06  8.5674e-04
   76    186  6.5941e-19  1.2265e-16
   76    187  3.7235e-08  6.9630e-06
   76    188  1.0851e-05  2.0399e-03
   76    189  1.5681e-05  2.9638e-03
   76    190  2.9584e-05  5.6209e-03
   76    192  4.4435e-05  8.5315e-03
   77    191  3.0008e-05  5.7316e-03
   77    193  5.6865e-05  1.0975e-02
   78    192  3.7373e-16  7.1757e-14
   78    194  5.1258e-05  9.9441e-03
   78    195  3.6229e-05  7.0647e-03
   78    196  1.3541e-05  2.6541e-03
   78    198  6.1592e-07  1.2195e-04
   79    197  3.9908e-06  7.8618e-04
   80    198  2.2738e-17  4.5020e-15
   80    199  5.5362e-08  1.1017e-05
   80    200  9.5529e-09  1.9106e-06
   80    201  1.3368e-08  2.6871e-06
   80    202  4.1566e-08  8.3964e-06
   80    204  5.7523e-08  1.1735e-05
   80    206  8.9296e-19  1.8395e-16
   81    203  5.9878e-08  1.2155e-05
   81    205  4.7431e-08  9.7234e-06
   82    206  1.7830e-07  3.6730e-05
   82    207  1.5755e-07  3.2613e-05
   82    208  1.5974e-07  3.3227e-05
   82    210  5.5366e-16  1.1627e-13
   83    209  1.3464e-07  2.8139e-05
   83    210  1.1614e-20  2.4389e-18
   84    210  3.2067e-19  6.7341e-17
   88    223  1.8678e-19  4.1652e-17
   88    224  1.1589e-20  2.5959e-18
   88    226  1.3545e-15  3.0611e-13
   88    228  3.7266e-14  8.4967e-12
   89    227  1.2989e-16  2.9485e-14
   90    227  3.0020e-19  6.8145e-17
   90    228  2.2255e-18  5.0742e-16
   90    230  6.3835e-14  1.4682e-11
   90    231  1.7374e-20  4.0135e-18
   90    232  1.6313e-08  3.7845e-06
   90    234  2.1585e-20  5.0508e-18
   91    231  1.9473e-13  4.4983e-11
   92    234  2.0786e-13  4.8640e-11
   92    235  4.1970e-09  9.8629e-07
   92    236  1.0804e-11  2.5497e-09
   92    238  3.7815e-09  9.0000e-07
   94    240  2.1382e-15  5.1316e-13
   94    244  2.6027e-11  6.3505e-09
   96    247  1.6430e-18  4.0583e-16
   97    246  4.3274e-13  1.0645e-10
  100    258  2.2671e-10  5.8491e-08
  100    260  1.1731e-10  3.0500e-08
  100    262  5.7116e-11  1.4964e-08
  102    261  6.3037e-11  1.6453e-08
  102    263  4.3016e-11  1.1313e-08
  102    264  3.2727e-11  8.6400e-09
  102    266  1.6522e-11  4.3947e-09
  103    265  1.6920e-11  4.4838e-09
  104    267  5.7198e-12  1.5272e-09
  104    268  3.5117e-12  9.4112e-10
  104    270  1.6236e-12  4.3838e-10
  104    272  5.2015e-13  1.4148e-10
  104    274  1.6875e-13  4.6238e-11
  105    269  3.8167e-12  1.0267e-09
  105    271  8.6548e-13  2.3454e-10
  106    273  2.5128e-13  6.8599e-11
  106    275  6.9962e-14  1.9239e-11
  106    276  5.9379e-14  1.6389e-11
  106    278  1.5253e-14  4.2402e-12
  106    280  1.7001e-15  4.7603e-13
  107    277  1.7060e-14  4.7257e-12
  108    279  4.7364e-15  1.3215e-12
  108    281  4.8436e-16  1.3611e-13
  108    282  2.3501e-16  6.6272e-14
  108    283  8.3192e-17  2.3543e-14
  108    284  1.0165e-16  2.8868e-14
  108    286  7.5916e-17  2.1712e-14
  110    285  8.6572e-17  2.4673e-14
  110    287  7.6565e-17  2.1974e-14
  110    288  5.2692e-17  1.5175e-14
  110    290  1.4258e-17  4.1347e-15
  111    289  2.2344e-17  6.4573e-15
  111    291  5.8590e-18  1.7050e-15
  111    292  2.1903e-17  6.3956e-15
  111    293  6.9374e-18  2.0327e-15
  111    294  8.6056e-18  2.5300e-15
  111    295  2.6032e-18  7.6794e-16
  111    296  4.6043e-18  1.3629e-15
  111    297  1.6562e-18  4.9188e-16
  111    298  2.0245e-19  6.0330e-17
  111    299  1.5825e-19  4.7315e-17
  111    300  4.8041e-20  1.4412e-17
  111    301  1.4571e-18  4.3858e-16
  111    302  2.0805e-18  6.2830e-16
  111    303  1.8615e-19  5.6403e-17
  111    304  3.9830e-19  1.2108e-16
  111    305  1.8780e-19  5.7280e-17
  111    306  8.0471e-20  2.4624e-17
  111    308  2.0504e-20  6.3152e-18
    1      1  3.7842e-10  3.7842e-10
    2      4  1.5283e-01  6.1131e-01


