1  1.5629e-02
2  2.3887e-01
3  8.6299e-11
4  1.0364e-07
5  5.5491e-09
6  7.7232e-09
7  1.0136e-06
8  1.7999e-06
9  2.4127e-08
10  1.5859e-06
11  3.7942e-07
12  1.7170e-06
13  4.8226e-09
14  1.8577e-07
15  4.9580e-09
16  3.3954e-07
17  1.9025e-08
18  5.2249e-08
19  1.4145e-09
20  9.1405e-10
21  8.0542e-11
22  4.4982e-09
23  3.0780e-11
24  1.1669e-10
25  9.4047e-12
26  1.5365e-10
27  1.2993e-12
28  6.2440e-10
29  2.3901e-11
30  5.8590e-11
31  5.4933e-12
32  1.4865e-10
33  1.4943e-11
34  4.0934e-10
35  4.0629e-11
36  1.2224e-10
37  6.3908e-11
38  3.5961e-11
39  2.9002e-11
40  6.8445e-11
41  1.8367e-11
42  1.1517e-10
43  1.0751e-36
44  2.3044e-11
45  2.7494e-12
46  3.0202e-11
47  4.6084e-12
48  3.0321e-11
49  6.9795e-12
50  8.5874e-11
51  5.5707e-12
52  2.1837e-10
53  2.8613e-12
54  4.2300e-09
55  1.2621e-09
56  1.0035e-09
57  3.7555e-11
58  8.1138e-11
59  5.2952e-12
60  3.1187e-11
61  1.1484e-91
62  6.5228e-12
63  1.0704e-12
64  1.8402e-12
65  5.8793e-14
66  3.3071e-13
67  1.1584e-13
68  5.5336e-13
69  3.3381e-13
70  6.3500e-13
71  7.2302e-14
72  3.5176e-13
73  6.4177e-13
74  4.0271e-13
75  7.8935e-14
76  1.1971e-12
77  3.0700e-13
78  1.4844e-12
79  3.9771e-13
80  1.3401e-12
81  1.0317e-12
82  -1.2791e-07
83  1.0724e-11
84  1.6291e-15
85  1.7568e-25
86  3.7272e-14
87  5.1192e-28
88  1.4667e-18
89  1.9304e-20
90  6.1485e-13
91  2.8941e-17
92  8.0025e-13
93  1.2043e-26
94  8.0803e-15
95  1.8422e-22
96  3.8882e-19
97  3.8974e-17
98  3.9190e-252
99  -1.3340e-322
100  3.7093e-11
101  7.6044e-162
102  7.8652e-11
103  1.7410e-11
104  2.3794e-12
105  1.2744e-12
106  1.2793e-11
107  1.2637e-12
108  5.0368e-11
109  -4.3259e-319
110  2.1424e-11
111  8.3870e-05
112  0.0000e+00
113  0.0000e+00
114  0.0000e+00
115  0.0000e+00
116  0.0000e+00
117  0.0000e+00
118  0.0000e+00

