1  4.5760e-09
2  2.2594e-01
3  1.8996e-12
4  4.9010e-14
5  2.6039e-12
6  7.2382e-09
7  3.5400e-08
8  1.6574e-08
9  2.5194e-09
10  2.5930e-08
11  1.6532e-08
12  4.3887e-07
13  3.1661e-09
14  4.3722e-08
15  6.2456e-09
16  8.9380e-07
17  2.2419e-07
18  6.4971e-07
19  2.1370e-07
20  1.5396e-06
21  4.8731e-07
22  7.7010e-07
23  7.9521e-08
24  3.6713e-06
25  2.8800e-07
26  8.9449e-07
27  1.3410e-09
28  1.3106e-07
29  8.7551e-07
30  7.6546e-07
31  2.0551e-07
32  4.2014e-06
33  2.5786e-06
34  2.9248e-05
35  1.4454e-05
36  1.0331e-05
37  4.5442e-06
38  1.8211e-06
39  1.7477e-06
40  1.2045e-05
41  7.2730e-07
42  4.2246e-06
43  5.8416e-32
44  6.7281e-06
45  2.0178e-06
46  9.5958e-06
47  4.7356e-06
48  2.0667e-06
49  2.2588e-07
50  8.4193e-05
51  1.7849e-05
52  4.3141e-04
53  1.1831e-04
54  2.8701e-05
55  2.3192e-07
56  7.1142e-08
57  3.9405e-09
58  2.3567e-09
59  1.7447e-09
60  2.2698e-09
61  -4.6415e-316
62  1.9609e-09
63  4.9923e-10
64  9.9986e-10
65  3.0989e-11
66  2.1625e-10
67  3.2760e-11
68  1.2075e-10
69  2.5257e-11
70  1.1577e-11
71  9.7425e-13
72  1.0834e-12
73  1.2111e-13
74  6.7173e-13
75  2.4411e-13
76  4.5870e-13
77  1.2691e-13
78  5.8388e-14
79  1.9617e-15
80  5.3647e-17
81  9.0120e-22
82  0.0000e+00
83  0.0000e+00
84  0.0000e+00
85  0.0000e+00
86  0.0000e+00
87  0.0000e+00
88  0.0000e+00
89  0.0000e+00
90  0.0000e+00
91  0.0000e+00
92  0.0000e+00
93  0.0000e+00
94  0.0000e+00
95  0.0000e+00
96  0.0000e+00
97  0.0000e+00
98  0.0000e+00
99  0.0000e+00
100  0.0000e+00
101  0.0000e+00
102  0.0000e+00
103  0.0000e+00
104  0.0000e+00
105  0.0000e+00
106  0.0000e+00
107  0.0000e+00
108  0.0000e+00
109  0.0000e+00
110  0.0000e+00
111  0.0000e+00
112  0.0000e+00
113  0.0000e+00
114  0.0000e+00
115  0.0000e+00
116  0.0000e+00
117  0.0000e+00
118  0.0000e+00

