1  4.5655e-03
2  9.4412e-05
3  1.0363e-06
4  2.3812e-01
5  0.0000e+00
6  1.9915e-23
7  7.3574e-10
8  4.9028e-08
9  8.4081e-10
10  1.0127e-08
11  2.7172e-08
12  1.7440e-08
13  3.0551e-08
14  7.0393e-07
15  5.8020e-07
16  2.5937e-06
17  4.1463e-08
18  5.4429e-07
19  1.7528e-08
20  6.9753e-07
21  5.3742e-08
22  8.1182e-07
23  3.2488e-07
24  3.7199e-07
25  1.4505e-07
26  1.8008e-07
27  2.5912e-09
28  1.1400e-07
29  8.0766e-09
30  1.5581e-09
31  3.3244e-09
32  5.4421e-08
33  4.6761e-09
34  6.6176e-08
35  1.5574e-08
36  1.3558e-07
37  7.2978e-09
38  3.9548e-08
39  8.8687e-10
40  1.1603e-10
41  2.0139e-11
42  1.6875e-10
43  2.7614e-11
44  3.4976e-10
45  5.7179e-11
46  1.7782e-10
47  1.3360e-10
48  2.5949e-09
49  1.1654e-10
50  1.1009e-10
51  2.9836e-11
52  5.0512e-11
53  2.4540e-11
54  2.7272e-11
55  7.5911e-12
56  2.1632e-11
57  1.4464e-11
58  7.8425e-11
59  1.1302e-12
60  2.3400e-10
61  7.3214e-13
62  7.1325e-12
63  1.3335e-11
64  1.2515e-10
65  7.4650e-13
66  1.0181e-11
67  1.2820e-12
68  1.7829e-11
69  2.8150e-12
70  2.0366e-11
71  3.6744e-12
72  2.5472e-11
73  6.8141e-12
74  5.0402e-11
75  1.3322e-11
76  5.0629e-11
77  2.7968e-12
78  5.9256e-11
79  1.8132e-11
80  1.1613e-10
81  1.2689e-11
82  7.5395e-11
83  4.3304e-12
84  1.1919e-11
85  2.1455e-11
86  4.0774e-11
87  1.6581e-11
88  1.6722e-11
89  9.5627e-12
90  8.5847e-12
91  2.6253e-12
92  7.2226e-12
93  6.1017e-12
94  6.0323e-12
95  3.2543e-12
96  2.5489e-11
97  4.8891e-12
98  9.9144e-12
99  2.6426e-12
100  8.1179e-12
101  1.1415e-12
102  3.3207e-12
103  1.2843e-12
104  3.3775e-12
105  1.6316e-12
106  2.9315e-12
107  1.1241e-12
108  4.4017e-12
109  1.1448e-12
110  5.8116e-12
111  9.4086e-13
112  2.7783e-12
113  1.5652e-12
114  5.6386e-12
115  3.0634e-12
116  3.3824e-12
117  8.5699e-13
118  5.0861e-12
119  1.5858e-12
120  6.6984e-12
121  1.7911e-12
122  1.0237e-11
123  3.7814e-13
124  9.6701e-12
125  3.3340e-12
126  1.8485e-11
127  1.2235e-12
128  2.3034e-11
129  1.4059e-11
130  1.2812e-10
131  3.0099e-10
132  9.5357e-10
133  1.1206e-09
134  1.1005e-09
135  3.4332e-10
136  1.2610e-10
137  4.5550e-12
138  1.9692e-11
139  1.2581e-11
140  1.9449e-11
141  1.1335e-12
142  6.5994e-13
143  1.0359e-12
144  3.3983e-12
145  2.9218e-13
146  9.5502e-13
147  8.5681e-13
148  1.0396e-12
149  7.7275e-14
150  1.5194e-12
151  8.9453e-14
152  3.9334e-13
153  1.7465e-13
154  2.5531e-13
155  4.6029e-14
156  1.6152e-13
157  4.2244e-14
158  7.1780e-14
159  1.5433e-14
160  1.2617e-13
161  1.2176e-14
162  2.8973e-14
163  1.3634e-14
164  2.3169e-14
165  2.9579e-14
166  3.4380e-14
167  2.5291e-14
168  2.0767e-14
169  6.8922e-14
170  2.4151e-14
171  2.8124e-14
172  1.2887e-14
173  8.2022e-15
174  5.2389e-14
175  1.3114e-14
176  2.2270e-14
177  2.0386e-14
178  1.5109e-14
179  1.2653e-14
180  1.8004e-14
181  1.0039e-13
182  4.6459e-14
183  1.4232e-14
184  5.3253e-15
185  2.8647e-15
186  3.7524e-15
187  9.6965e-15
188  4.1771e-15
189  2.2269e-14
190  1.4074e-14
191  4.5370e-14
192  1.3814e-13
193  1.1955e-14
194  3.7851e-14
195  4.2537e-14
196  3.4288e-14
197  8.7816e-14
198  1.3153e-13
199  9.7040e-15
200  2.4362e-14
201  2.2985e-14
202  3.2270e-14
203  6.1127e-14
204  1.1314e-13
205  1.0364e-13
206  3.5033e-13
207  -1.5496e-08
208  1.3766e-12
209  2.4311e-12
210  2.1551e-19
211  1.6125e-14
212  8.8843e-26
213  4.1463e-25
214  1.0809e-15
215  -4.7156e-42
216  0.0000e+00
217  2.9680e-29
218  2.1923e-16
219  2.9823e-15
220  0.0000e+00
221  5.8354e-320
222  1.0080e-25
223  4.1049e-24
224  1.9277e-16
225  8.0168e-43
226  1.5424e-20
227  2.8611e-21
228  2.7120e-19
229  3.9792e-32
230  7.2691e-19
231  4.2795e-18
232  1.1870e-13
233  2.0936e-29
234  2.3670e-18
235  9.2235e-14
236  4.9223e-16
237  -2.0446e-318
238  4.3061e-14
239  6.5480e-23
240  3.7792e-16
241  0.0000e+00
242  9.7224e-62
243  2.0017e-23
244  1.3283e-15
245  0.0000e+00
246  9.8773e-18
247  4.2249e-20
248  3.1241e-61
249  0.0000e+00
250  0.0000e+00
251  1.6565e-282
252  0.0000e+00
253  0.0000e+00
254  0.0000e+00
255  0.0000e+00
256  0.0000e+00
257  4.6834e-26
258  2.0779e-13
259  5.2488e-26
260  9.8227e-13
261  2.7682e-12
262  3.5658e-12
263  5.2546e-12
264  2.0936e-12
265  4.1771e-12
266  1.5904e-12
267  2.6119e-13
268  8.1014e-14
269  3.3992e-13
270  3.6524e-13
271  1.7175e-13
272  9.7042e-14
273  1.3581e-13
274  3.9011e-14
275  1.9763e-13
276  6.2519e-13
277  2.0903e-13
278  3.0229e-13
279  1.4512e-12
280  2.2911e-12
281  9.4196e-13
282  7.9009e-12
283  1.9672e-10
284  1.9005e-09
285  4.2147e-09
286  4.8800e-09
287  1.6087e-09
288  7.2861e-10
289  4.8925e-10
290  5.0948e-10
291  3.6624e-10
292  1.0993e-09
293  2.5989e-09
294  7.1291e-09
295  5.1058e-09
296  5.7619e-09
297  3.6093e-09
298  8.5111e-09
299  1.8533e-09
300  2.7182e-09
301  1.2039e-08
302  3.4658e-08
303  3.4361e-08
304  4.4185e-08
305  4.5937e-08
306  6.6262e-08
307  5.1688e-08
308  7.7328e-08
309  4.9049e-08
310  7.5410e-08
311  5.0059e-08
312  6.8283e-08
313  4.4154e-08
314  6.7336e-08
315  5.3838e-08
316  7.0096e-08
317  6.4699e-08
318  1.1887e-07
319  1.0351e-07
320  1.2861e-07
321  8.5815e-08
322  1.3005e-07
323  1.0841e-07
324  1.5440e-07
325  2.1255e-07
326  1.9749e-07
327  1.7295e-07
328  1.3608e-07
329  2.2610e-07
330  1.7590e-07
331  2.2570e-07
332  1.5374e-07
333  2.5833e-07
334  1.8080e-07
335  2.4360e-07
336  1.4936e-07
337  1.2250e-04

