1  3.3470e-09
2  7.3151e-09
3  7.7424e-10
4  2.3468e-01
5  0.0000e+00
6  2.1115e-11
7  8.1234e-10
8  8.3684e-10
9  3.2900e-10
10  1.7075e-08
11  2.8825e-09
12  2.4954e-09
13  8.2378e-08
14  4.8508e-08
15  3.0368e-06
16  8.9792e-08
17  3.3573e-09
18  2.2517e-08
19  2.8599e-07
20  4.1677e-07
21  3.2854e-07
22  3.8910e-09
23  5.4318e-07
24  1.9749e-07
25  2.8350e-07
26  4.1862e-08
27  1.2192e-07
28  2.7836e-07
29  7.7142e-08
30  5.5712e-08
31  3.4638e-08
32  9.5237e-08
33  5.5535e-07
34  4.3935e-07
35  2.2149e-08
36  2.5193e-08
37  8.8683e-09
38  4.0012e-08
39  3.5967e-08
40  1.2347e-08
41  5.8491e-08
42  1.9768e-07
43  5.4335e-08
44  4.9355e-08
45  4.7609e-08
46  2.0467e-08
47  2.5409e-08
48  4.5455e-08
49  3.5014e-08
50  3.5821e-08
51  1.3876e-08
52  6.7562e-08
53  4.3910e-08
54  2.0167e-08
55  1.4511e-08
56  2.3964e-08
57  7.9217e-08
58  4.3226e-09
59  4.6607e-09
60  1.0012e-08
61  1.6880e-08
62  1.8422e-08
63  6.4094e-08
64  4.5842e-08
65  2.9114e-08
66  5.9775e-08
67  2.0876e-08
68  2.7067e-08
69  1.9906e-08
70  5.6146e-08
71  1.5912e-08
72  6.8265e-08
73  3.3607e-08
74  1.0695e-07
75  3.2374e-07
76  4.0057e-07
77  2.6660e-07
78  2.4132e-07
79  3.4760e-07
80  1.1688e-06
81  6.5174e-07
82  4.6226e-07
83  5.8854e-07
84  3.0089e-07
85  2.5319e-07
86  5.2181e-07
87  4.1867e-07
88  4.0709e-07
89  2.5986e-07
90  3.9371e-07
91  8.0176e-08
92  3.0844e-07
93  1.9269e-07
94  4.6899e-07
95  2.9123e-07
96  4.0339e-07
97  2.8244e-07
98  7.3441e-08
99  7.9119e-08
100  8.9056e-08
101  1.0198e-07
102  6.6783e-08
103  7.8487e-08
104  1.1851e-07
105  1.1540e-07
106  2.3130e-07
107  2.4826e-07
108  6.3910e-07
109  2.8114e-06
110  4.7574e-06
111  7.4110e-07
112  2.7771e-06
113  1.7893e-06
114  1.6844e-06
115  9.1189e-07
116  1.7788e-07
117  1.9628e-07
118  1.3833e-07
119  1.0732e-07
120  4.7676e-07
121  2.0700e-07
122  3.0154e-07
123  4.2611e-07
124  1.8196e-06
125  2.2464e-06
126  3.8022e-06
127  4.6833e-06
128  4.4903e-06
129  3.9674e-06
130  4.2718e-06
131  2.7645e-06
132  1.3563e-06
133  1.0127e-06
134  1.1922e-06
135  9.1189e-07
136  1.5219e-06
137  1.1569e-06
138  1.0241e-06
139  6.3946e-07
140  1.0191e-06
141  2.5699e-06
142  1.0110e-06
143  5.7160e-07
144  9.7087e-07
145  4.4280e-07
146  3.7332e-07
147  3.0564e-07
148  3.8601e-07
149  2.7427e-07
150  7.8272e-07
151  7.2797e-07
152  6.7744e-07
153  4.1110e-07
154  6.2641e-07
155  3.2885e-07
156  6.6666e-07
157  4.6895e-07
158  9.0644e-07
159  4.9904e-07
160  9.1920e-07
161  4.5581e-07
162  8.8157e-07
163  5.0033e-07
164  1.1580e-06
165  5.9452e-07
166  1.1388e-06
167  5.1652e-07
168  9.4476e-07
169  9.6793e-07
170  8.9216e-07
171  9.2877e-07
172  1.0628e-06
173  1.3200e-06
174  1.8209e-06
175  1.5114e-06
176  1.5162e-06
177  1.7771e-06
178  1.6453e-06
179  1.2856e-06
180  1.1043e-06
181  8.2743e-07
182  5.6353e-07
183  2.5097e-07
184  2.7847e-07
185  1.8379e-07
186  5.6432e-07
187  4.1072e-07
188  1.3027e-06
189  2.7956e-06
190  5.9371e-06
191  8.5366e-06
192  1.4716e-05
193  2.2979e-05
194  2.8580e-05
195  2.9454e-05
196  1.8997e-05
197  1.3472e-05
198  4.8520e-06
199  1.7149e-06
200  1.1899e-06
201  8.0155e-07
202  9.4476e-07
203  6.6518e-07
204  8.8371e-07
205  9.3488e-07
206  1.2759e-05
207  1.2416e-05
208  1.0330e-05
209  1.5042e-05
210  6.4331e-13
211  1.7608e-18
212  2.3698e-18
213  5.0215e-44
214  3.3692e-19
215  4.8543e-25
216  2.7457e-24
217  2.3537e-93
218  5.7903e-21
219  6.8135e-22
220  1.0529e-21
221  5.3013e-321
222  1.0279e-17
223  1.6999e-16
224  5.9462e-18
225  3.0264e-40
226  1.5728e-12
227  1.1848e-13
228  1.9122e-11
229  1.1288e-29
230  7.4126e-11
231  1.7722e-10
232  8.3698e-06
233  6.7461e-26
234  2.4138e-10
235  3.8195e-06
236  1.8423e-08
237  3.0110e-319
238  4.3911e-06
239  1.3932e-17
240  3.6467e-12
241  0.0000e+00
242  4.8208e-119
243  4.2589e-18
244  4.4389e-08
245  0.0000e+00
246  6.8612e-10
247  8.9888e-15
248  3.7778e-118
249  0.0000e+00
250  0.0000e+00
251  6.5896e-314
252  0.0000e+00
253  0.0000e+00
254  0.0000e+00
255  0.0000e+00
256  0.0000e+00
257  6.8595e-26
258  6.7525e-07
259  7.4264e-26
260  5.9762e-07
261  4.2315e-07
262  4.8377e-07
263  4.2207e-07
264  4.5811e-07
265  3.0305e-07
266  3.6861e-07
267  2.1154e-07
268  1.6783e-07
269  3.0042e-07
270  2.6495e-07
271  2.0621e-07
272  2.3090e-07
273  2.0363e-07
274  1.5865e-07
275  8.6197e-08
276  7.7900e-08
277  1.7637e-08
278  1.7391e-08
279  4.3780e-09
280  1.2935e-09
281  4.5759e-10
282  7.9258e-10
283  5.7646e-10
284  8.3450e-10
285  8.1506e-10
286  8.5336e-10
287  6.8383e-10
288  6.8481e-10
289  3.7693e-10
290  4.4524e-10
291  2.0313e-10
292  1.5652e-09
293  7.1239e-10
294  1.2550e-09
295  6.0313e-10
296  4.3119e-10
297  2.0452e-10
298  2.4769e-10
299  3.2532e-11
300  1.7218e-11
301  4.4567e-10
302  4.2502e-10
303  5.2765e-11
304  1.1426e-10
305  2.6425e-11
306  2.4619e-11
307  1.3972e-11
308  8.8987e-12
309  2.1516e-12
310  5.9533e-12
311  1.8258e-12
312  1.1989e-12
313  4.2639e-13
314  8.1753e-13
315  1.6734e-13
316  3.4052e-13
317  1.2045e-13
318  1.5092e-13
319  6.9029e-14
320  7.0503e-14
321  3.8453e-14
322  3.3748e-14
323  2.5547e-14
324  3.2948e-14
325  4.2701e-15
326  1.2943e-14
327  1.1185e-14
328  3.1231e-16
329  1.4904e-15
330  3.9522e-16
331  1.1548e-16
332  2.3018e-16
333  7.1059e-17
334  1.9510e-16
335  1.4449e-17
336  5.0383e-17
337  2.6259e-17

