1  3.0797e-09
2  4.6277e-12
3  7.9810e-16
4  2.2236e-01
5  0.0000e+00
6  1.3736e-14
7  2.5900e-15
8  5.8280e-14
9  3.0292e-18
10  3.5425e-14
11  1.0887e-15
12  9.9243e-09
13  3.3760e-13
14  2.0989e-08
15  2.0081e-09
16  6.8016e-10
17  4.0904e-11
18  1.2852e-08
19  3.6150e-09
20  7.6389e-10
21  2.8553e-08
22  6.4740e-09
23  1.8725e-08
24  9.9323e-09
25  3.4552e-08
26  4.7066e-07
27  4.4937e-09
28  8.7306e-09
29  4.2913e-08
30  2.9880e-08
31  1.0490e-08
32  4.9899e-08
33  5.8438e-07
34  4.5147e-07
35  8.4855e-09
36  1.9818e-08
37  1.8420e-07
38  2.9236e-07
39  2.3630e-07
40  3.6379e-07
41  4.5677e-08
42  5.2889e-07
43  1.9908e-07
44  1.2164e-07
45  5.1183e-07
46  8.1347e-07
47  3.2534e-07
48  4.7750e-08
49  2.1055e-07
50  2.9939e-07
51  2.7441e-08
52  3.0691e-08
53  8.0222e-07
54  3.1808e-06
55  1.4068e-07
56  9.3698e-07
57  1.8643e-07
58  8.9164e-10
59  6.2987e-10
60  8.3386e-09
61  4.4377e-08
62  8.5146e-08
63  5.2860e-07
64  5.5727e-08
65  4.7352e-08
66  2.2970e-07
67  1.6866e-07
68  2.8338e-07
69  6.8878e-07
70  9.9067e-07
71  1.4215e-07
72  2.7789e-07
73  5.2032e-07
74  9.5011e-07
75  1.8443e-06
76  3.6742e-06
77  1.1089e-05
78  1.1129e-05
79  2.2190e-06
80  9.5944e-06
81  3.5979e-06
82  3.9495e-06
83  1.8621e-05
84  9.2174e-06
85  3.1618e-06
86  7.2168e-07
87  7.5297e-06
88  1.4682e-05
89  2.6677e-06
90  1.9069e-06
91  6.3748e-07
92  3.7953e-06
93  4.3571e-06
94  4.5412e-06
95  1.2353e-06
96  1.4197e-05
97  7.3349e-06
98  1.1911e-06
99  9.0503e-06
100  1.8987e-05
101  2.1597e-05
102  6.3887e-06
103  3.4116e-06
104  1.2487e-05
105  4.8085e-06
106  1.1500e-05
107  1.8578e-05
108  1.9443e-05
109  8.4330e-05
110  1.3590e-04
111  1.9617e-05
112  4.8480e-05
113  3.2391e-05
114  2.9451e-05
115  1.5657e-05
116  6.7213e-07
117  2.7346e-06
118  4.7110e-06
119  2.4200e-06
120  5.2154e-06
121  3.6087e-06
122  1.2436e-05
123  1.3570e-05
124  4.0856e-05
125  4.6310e-05
126  8.1190e-05
127  6.6536e-05
128  5.3578e-05
129  1.3271e-05
130  6.0467e-07
131  4.4194e-07
132  3.1085e-07
133  5.0547e-08
134  5.0530e-08
135  2.4618e-08
136  2.4090e-08
137  1.0437e-08
138  4.6933e-09
139  8.1230e-10
140  4.4518e-10
141  7.3102e-10
142  3.2787e-10
143  7.3423e-11
144  1.6475e-11
145  6.9193e-12
146  4.9759e-11
147  7.9087e-11
148  1.6921e-11
149  6.8373e-12
150  2.1246e-11
151  1.2924e-11
152  3.2138e-11
153  1.7543e-11
154  2.3749e-11
155  2.4880e-11
156  4.9661e-12
157  6.7277e-12
158  8.6858e-12
159  9.4939e-13
160  3.4190e-12
161  3.2098e-12
162  1.7854e-12
163  1.1750e-12
164  2.0172e-12
165  1.1302e-12
166  2.4296e-12
167  1.0700e-12
168  6.4740e-13
169  1.0127e-12
170  2.1078e-13
171  1.0907e-13
172  7.7524e-14
173  3.9382e-14
174  5.3373e-14
175  2.0627e-14
176  2.7942e-14
177  2.2005e-14
178  5.8172e-15
179  1.8456e-15
180  1.3614e-15
181  1.0794e-15
182  5.4973e-16
183  2.9320e-16
184  2.6237e-16
185  1.5828e-16
186  2.0809e-16
187  9.8780e-17
188  1.0652e-16
189  4.1022e-17
190  1.2394e-16
191  1.5710e-16
192  1.2845e-16
193  4.4418e-17
194  3.7021e-17
195  1.4172e-17
196  7.9091e-18
197  3.1760e-18
198  9.7206e-19
199  2.0081e-19
200  8.1853e-20
201  6.7261e-21
202  1.2128e-21
203  4.9933e-23
204  2.0202e-24
205  0.0000e+00
206  0.0000e+00
207  0.0000e+00
208  0.0000e+00
209  0.0000e+00
210  0.0000e+00
211  0.0000e+00
212  0.0000e+00
213  0.0000e+00
214  0.0000e+00
215  0.0000e+00
216  0.0000e+00
217  0.0000e+00
218  0.0000e+00
219  0.0000e+00
220  0.0000e+00
221  0.0000e+00
222  0.0000e+00
223  0.0000e+00
224  0.0000e+00
225  0.0000e+00
226  0.0000e+00
227  0.0000e+00
228  0.0000e+00
229  0.0000e+00
230  0.0000e+00
231  0.0000e+00
232  0.0000e+00
233  0.0000e+00
234  0.0000e+00
235  0.0000e+00
236  0.0000e+00
237  0.0000e+00
238  0.0000e+00
239  0.0000e+00
240  0.0000e+00
241  0.0000e+00
242  0.0000e+00
243  0.0000e+00
244  0.0000e+00
245  0.0000e+00
246  0.0000e+00
247  0.0000e+00
248  0.0000e+00
249  0.0000e+00
250  0.0000e+00
251  0.0000e+00
252  0.0000e+00
253  0.0000e+00
254  0.0000e+00
255  0.0000e+00
256  0.0000e+00
257  0.0000e+00
258  0.0000e+00
259  0.0000e+00
260  0.0000e+00
261  0.0000e+00
262  0.0000e+00
263  0.0000e+00
264  0.0000e+00
265  0.0000e+00
266  0.0000e+00
267  0.0000e+00
268  0.0000e+00
269  0.0000e+00
270  0.0000e+00
271  0.0000e+00
272  0.0000e+00
273  0.0000e+00
274  0.0000e+00
275  0.0000e+00
276  0.0000e+00
277  0.0000e+00
278  0.0000e+00
279  0.0000e+00
280  0.0000e+00
281  0.0000e+00
282  0.0000e+00
283  0.0000e+00
284  0.0000e+00
285  0.0000e+00
286  0.0000e+00
287  0.0000e+00
288  0.0000e+00
289  0.0000e+00
290  0.0000e+00
291  0.0000e+00
292  0.0000e+00
293  0.0000e+00
294  0.0000e+00
295  0.0000e+00
296  0.0000e+00
297  0.0000e+00
298  0.0000e+00
299  0.0000e+00
300  0.0000e+00
301  0.0000e+00
302  0.0000e+00
303  0.0000e+00
304  0.0000e+00
305  0.0000e+00
306  0.0000e+00
307  0.0000e+00
308  0.0000e+00
309  0.0000e+00
310  0.0000e+00
311  0.0000e+00
312  0.0000e+00
313  0.0000e+00
314  0.0000e+00
315  0.0000e+00
316  0.0000e+00
317  0.0000e+00
318  0.0000e+00
319  0.0000e+00
320  0.0000e+00
321  0.0000e+00
322  0.0000e+00
323  0.0000e+00
324  0.0000e+00
325  0.0000e+00
326  0.0000e+00
327  0.0000e+00
328  0.0000e+00
329  0.0000e+00
330  0.0000e+00
331  0.0000e+00
332  0.0000e+00
333  0.0000e+00
334  0.0000e+00
335  0.0000e+00
336  0.0000e+00
337  0.0000e+00

