    1      2  6.7386e-04  1.3477e-03
    1      3  2.1051e-20  6.3152e-20
    2      3  1.0755e-05  3.2264e-05
    3      7  7.7367e-11  5.4157e-10
    4      8  1.2096e-07  9.6770e-07
    4      9  1.0620e-10  9.5584e-10
    5     10  1.6224e-09  1.6224e-08
    5     11  3.3878e-09  3.7266e-08
    6     12  2.5118e-09  3.0141e-08
    6     13  4.9361e-09  6.4169e-08
    7     14  5.1565e-07  7.2191e-06
    7     15  4.6628e-07  6.9942e-06
    8     16  1.2817e-06  2.0508e-05
    8     17  1.2982e-08  2.2070e-07
    8     18  3.8527e-07  6.9349e-06
    9     19  2.4371e-08  4.6305e-07
   10     20  6.9221e-07  1.3844e-05
   10     21  2.4778e-08  5.2034e-07
   10     22  8.3705e-07  1.8415e-05
   11     23  3.7457e-07  8.6152e-06
   12     24  1.0260e-06  2.4623e-05
   12     25  3.5530e-07  8.8825e-06
   12     26  4.9325e-07  1.2825e-05
   13     27  5.1642e-09  1.3943e-07
   14     28  1.7980e-07  5.0344e-06
   14     29  1.5753e-08  4.5684e-07
   14     30  2.9743e-09  8.9228e-08
   15     31  5.3260e-09  1.6511e-07
   16     32  7.8211e-08  2.5028e-06
   16     33  6.9830e-09  2.3044e-07
   16     34  6.8152e-08  2.3172e-06
   16     36  2.1746e-07  7.8286e-06
   17     35  7.8103e-09  2.7336e-07
   17     37  1.2309e-08  4.5542e-07
   18     36  3.2372e-14  1.1654e-12
   18     38  5.9189e-08  2.2492e-06
   18     40  2.6566e-10  1.0626e-08
   19     39  1.6089e-09  6.2748e-08
   19     40  2.8936e-19  1.1574e-17
   19     41  2.7162e-11  1.1137e-09
   20     40  8.3406e-20  3.3362e-18
   20     42  2.4706e-10  1.0377e-08
   20     43  3.7817e-11  1.6261e-09
   20     44  4.8615e-10  2.1390e-08
   20     46  2.6893e-10  1.2371e-08
   21     45  9.2446e-11  4.1601e-09
   22     46  1.0877e-17  5.0034e-16
   22     47  9.2393e-11  4.3425e-09
   22     48  4.8196e-09  2.3134e-07
   22     49  1.4954e-10  7.3273e-09
   22     50  1.7573e-10  8.7867e-09
   23     51  3.4471e-11  1.7580e-09
   24     52  5.9050e-11  3.0706e-09
   24     53  3.0607e-11  1.6222e-09
   24     54  4.1869e-11  2.2609e-09
   25     55  1.0704e-11  5.8874e-10
   26     56  2.1272e-11  1.1912e-09
   26     57  2.0608e-11  1.1747e-09
   26     58  1.3463e-10  7.8087e-09
   27     59  1.4750e-12  8.7025e-11
   28     60  4.5254e-10  2.7153e-08
   28     61  1.2868e-12  7.8496e-11
   28     62  1.0218e-11  6.3352e-10
   28     64  2.7022e-10  1.7294e-08
   29     63  2.6625e-11  1.6774e-09
   29     65  1.4055e-12  9.1358e-11
   30     64  4.3819e-20  2.8044e-18
   30     66  1.5231e-11  1.0052e-09
   30     67  1.9600e-12  1.3132e-10
   30     68  2.0478e-11  1.3925e-09
   30     70  2.9047e-11  2.0333e-09
   31     69  2.3368e-12  1.6124e-10
   31     71  3.7238e-12  2.6439e-10
   32     70  1.7913e-14  1.2539e-12
   32     72  2.2485e-11  1.6189e-09
   32     73  6.2052e-12  4.5298e-10
   32     74  5.5279e-11  4.0907e-09
   32     76  8.2484e-11  6.2688e-09
   33     75  1.6629e-11  1.2472e-09
   34     76  1.2956e-13  9.8465e-12
   34     77  2.7342e-12  2.1054e-10
   34     78  7.1684e-11  5.5913e-09
   34     80  2.1367e-10  1.7094e-08
   34     82  1.8633e-10  1.5279e-08
   35     79  2.3141e-11  1.8282e-09
   35     81  2.2761e-11  1.8437e-09
   36     82  6.6342e-13  5.4400e-11
   36     83  6.1026e-12  5.0652e-10
   36     84  2.5801e-11  2.1673e-09
   36     86  1.1345e-10  9.7565e-09
   37     85  3.4005e-11  2.8904e-09
   37     87  4.0359e-11  3.5112e-09
   38     86  2.0429e-18  1.7569e-16
   38     87  2.9549e-13  2.5707e-11
   38     88  4.2224e-11  3.7157e-09
   39     89  3.5636e-11  3.1716e-09
   40     90  2.9575e-11  2.6618e-09
   40     91  8.8417e-12  8.0459e-10
   40     92  2.0314e-11  1.8689e-09
   40     94  2.5272e-11  2.3756e-09
   41     93  2.2725e-11  2.1134e-09
   42     95  9.7475e-12  9.2601e-10
   42     96  7.2836e-11  6.9922e-09
   42     97  1.1725e-11  1.1373e-09
   42     98  2.4947e-11  2.4448e-09
   42    100  2.0767e-11  2.0767e-09
   44     99  7.0648e-12  6.9942e-10
   44    100  1.9221e-12  1.9221e-10
   44    101  3.1037e-12  3.1347e-10
   44    102  8.3234e-12  8.4899e-10
   44    104  7.4950e-12  7.7948e-10
   45    103  3.3372e-12  3.4373e-10
   46    104  3.9042e-17  4.0604e-15
   46    105  3.9474e-12  4.1448e-10
   46    106  7.3665e-12  7.8085e-10
   46    108  1.0221e-11  1.1039e-09
   46    110  1.4961e-11  1.6458e-09
   47    107  2.9024e-12  3.1055e-10
   47    109  2.6640e-12  2.9038e-10
   48    110  1.4169e-14  1.5586e-12
   48    111  2.4341e-12  2.7018e-10
   48    112  5.9107e-12  6.6200e-10
   48    113  4.0752e-12  4.6050e-10
   48    114  1.3967e-11  1.5923e-09
   48    116  1.0354e-11  1.2011e-09
   49    113  1.7935e-19  2.0267e-17
   49    115  8.4896e-12  9.7630e-10
   50    115  6.7735e-18  7.7895e-16
   50    116  1.8912e-13  2.1938e-11
   50    117  1.6788e-12  1.9642e-10
   50    118  1.1139e-11  1.3144e-09
   50    119  4.1205e-12  4.9034e-10
   50    120  2.0548e-11  2.4657e-09
   50    122  3.4884e-11  4.2558e-09
   50    124  3.3196e-11  4.1163e-09
   51    121  5.6483e-12  6.8344e-10
   51    123  1.2000e-12  1.4760e-10
   52    122  8.1648e-15  9.9611e-13
   52    124  1.0103e-15  1.2528e-13
   52    125  1.0628e-11  1.3285e-09
   52    126  6.7081e-11  8.4522e-09
   52    128  5.4725e-11  7.0048e-09
   52    130  1.2147e-10  1.5791e-08
   53    127  3.5185e-12  4.4685e-10
   53    129  1.4209e-18  1.8329e-16
   54    128  4.0896e-16  5.2347e-14
   54    129  2.2366e-11  2.8852e-09
   54    130  6.9363e-14  9.0172e-12
   54    131  3.1986e-10  4.1902e-08
   54    132  1.2067e-09  1.5929e-07
   54    134  2.7390e-09  3.6702e-07
   54    136  6.0272e-10  8.1969e-08
   55    133  1.3745e-09  1.8281e-07
   56    134  2.4918e-14  3.3391e-12
   56    135  1.1213e-09  1.5137e-07
   56    136  1.1410e-12  1.5518e-10
   56    137  1.9859e-11  2.7207e-09
   56    138  5.2625e-11  7.2622e-09
   57    139  4.4904e-11  6.2417e-09
   58    140  9.6638e-11  1.3529e-08
   58    142  3.5615e-12  5.0574e-10
   59    141  6.6377e-12  9.3591e-10
   60    142  2.4338e-17  3.4560e-15
   60    143  5.3372e-12  7.6323e-10
   60    144  1.5073e-11  2.1705e-09
   60    145  1.3981e-12  2.0272e-10
   60    146  3.6312e-12  5.3016e-10
   60    148  5.7837e-12  8.5598e-10
   60    150  7.4520e-12  1.1178e-09
   62    147  4.2319e-12  6.2209e-10
   62    148  1.9284e-13  2.8541e-11
   62    149  3.7336e-13  5.5630e-11
   62    150  3.4174e-14  5.1261e-12
   62    152  1.7827e-12  2.7096e-10
   62    154  1.5240e-12  2.3469e-10
   63    151  4.4157e-13  6.6677e-11
   63    153  8.9543e-13  1.3700e-10
   64    154  7.2004e-16  1.1089e-13
   64    155  2.2280e-13  3.4534e-11
   64    156  7.4645e-13  1.1645e-10
   64    157  1.8998e-13  2.9828e-11
   64    158  3.3088e-13  5.2280e-11
   64    160  8.1053e-13  1.2968e-10
   65    159  7.2846e-14  1.1582e-11
   66    160  1.6601e-17  2.6561e-15
   66    161  5.5245e-14  8.8945e-12
   66    162  1.5618e-13  2.5301e-11
   66    163  6.5301e-14  1.0644e-11
   66    164  1.3765e-13  2.2574e-11
   67    165  1.4365e-13  2.3703e-11
   68    166  2.2310e-13  3.7034e-11
   68    167  1.5012e-13  2.5070e-11
   68    168  1.4159e-13  2.3787e-11
   68    170  1.9178e-13  3.2602e-11
   69    169  4.2343e-13  7.1559e-11
   70    170  5.1840e-17  8.8128e-15
   70    171  1.4844e-13  2.5384e-11
   70    172  7.0038e-14  1.2047e-11
   70    173  4.7699e-14  8.2520e-12
   70    174  3.5478e-13  6.1731e-11
   70    176  1.8922e-13  3.3302e-11
   71    175  9.2679e-14  1.6219e-11
   71    176  1.0421e-17  1.8340e-15
   72    176  9.7549e-20  1.7169e-17
   72    177  1.1483e-13  2.0324e-11
   72    178  9.9383e-14  1.7690e-11
   72    179  8.9997e-14  1.6109e-11
   72    180  1.4721e-13  2.6498e-11
   73    181  8.7910e-13  1.5912e-10
   74    182  4.7469e-13  8.6394e-11
   74    183  7.7744e-14  1.4227e-11
   74    184  3.2512e-14  5.9822e-12
   74    186  2.7600e-14  5.1336e-12
   75    185  1.8493e-14  3.4212e-12
   75    187  6.0847e-14  1.1378e-11
   76    186  3.8928e-20  7.2406e-18
   76    187  4.9446e-16  9.2464e-14
   76    188  2.6711e-14  5.0217e-12
   76    189  1.3000e-13  2.4570e-11
   76    190  1.0136e-13  1.9259e-11
   76    192  1.1121e-12  2.1352e-10
   77    191  2.3874e-13  4.5600e-11
   77    193  9.6415e-14  1.8608e-11
   78    192  6.6491e-18  1.2766e-15
   78    194  3.1671e-13  6.1441e-11
   78    195  2.3771e-13  4.6353e-11
   78    196  2.4105e-13  4.7246e-11
   78    198  1.0496e-12  2.0782e-10
   79    197  4.6773e-13  9.2143e-11
   80    198  9.9096e-17  1.9621e-14
   80    199  7.6578e-14  1.5239e-11
   80    200  1.9748e-13  3.9496e-11
   80    201  1.4896e-13  2.9942e-11
   80    202  2.5282e-13  5.1070e-11
   80    204  8.6032e-13  1.7551e-10
   81    203  3.3997e-13  6.9014e-11
   81    205  7.8089e-13  1.6008e-10
   81    210  8.8197e-19  1.8521e-16
   82    204  1.4229e-19  2.9028e-17
   82    206  2.7464e-12  5.6577e-10
   82    207  3.2131e-09  6.6511e-07
   82    208  3.2585e-12  6.7778e-10
   83    209  6.1994e-10  1.2957e-07
   83    211  6.7053e-14  1.4148e-11
   83    212  4.1664e-15  8.8329e-13
   84    214  4.4239e-15  9.4671e-13
   84    218  2.1355e-17  4.6554e-15
   86    219  3.1201e-16  6.8331e-14
   86    220  2.0311e-17  4.4685e-15
   88    226  7.6895e-20  1.7378e-17
   88    228  1.4624e-18  3.3344e-16
   89    227  1.5285e-20  3.4698e-18
   90    230  3.6240e-18  8.3352e-16
   90    232  6.4016e-13  1.4852e-10
   91    231  2.2916e-17  5.2936e-15
   92    234  1.1801e-17  2.7614e-15
   92    235  4.9390e-13  1.1607e-10
   92    236  2.3143e-15  5.4619e-13
   92    238  2.1468e-13  5.1094e-11
   94    240  4.5797e-19  1.0991e-16
   94    244  5.5745e-15  1.3602e-12
   96    247  3.5434e-20  8.7522e-18
   97    246  4.8156e-17  1.1846e-14
  100    258  1.3193e-12  3.4039e-10
  100    260  6.6928e-12  1.7401e-09
  100    262  2.7617e-11  7.2356e-09
  102    260  4.5549e-20  1.1843e-17
  102    261  2.0113e-11  5.2496e-09
  102    263  3.9016e-11  1.0261e-08
  102    264  1.4532e-11  3.8364e-09
  102    266  1.0029e-11  2.6676e-09
  103    265  2.7412e-11  7.2641e-09
  104    267  1.6269e-12  4.3438e-10
  104    268  5.1520e-13  1.3807e-10
  104    270  2.2746e-12  6.1415e-10
  104    272  5.9943e-13  1.6305e-10
  104    274  2.4043e-13  6.5877e-11
  105    269  2.1474e-12  5.7766e-10
  105    271  1.0655e-12  2.8874e-10
  106    273  8.3627e-13  2.2830e-10
  106    275  1.1866e-12  3.2633e-10
  106    276  3.6696e-12  1.0128e-09
  106    278  1.7256e-12  4.7970e-10
  106    280  1.2046e-11  3.3728e-09
  107    277  1.2133e-12  3.3608e-10
  108    279  7.8259e-12  2.1834e-09
  108    281  4.9306e-12  1.3855e-09
  108    282  2.7609e-11  7.7857e-09
  108    283  3.1597e-10  8.9420e-08
  108    284  2.9055e-09  8.2516e-07
  108    286  7.3419e-09  2.0998e-06
  110    285  6.4592e-09  1.8409e-06
  110    286  8.9255e-17  2.5527e-14
  110    287  2.4697e-09  7.0881e-07
  110    288  9.3027e-10  2.6792e-07
  110    290  5.1339e-10  1.4888e-07
  111    289  6.8186e-10  1.9706e-07
  111    290  9.7603e-15  2.8305e-12
  111    291  4.7510e-10  1.3826e-07
  111    292  7.2994e-10  2.1314e-07
  111    293  2.5451e-09  7.4571e-07
  111    294  7.7507e-09  2.2787e-06
  111    295  5.2313e-09  1.5432e-06
  111    296  6.0556e-09  1.7924e-06
  111    297  2.7477e-09  8.1607e-07
  111    298  5.5845e-09  1.6642e-06
  111    299  1.1069e-09  3.3096e-07
  111    300  1.3597e-09  4.0792e-07
  111    301  9.4600e-09  2.8475e-06
  111    302  1.7490e-08  5.2821e-06
  111    303  1.9044e-08  5.7704e-06
  111    304  2.7588e-08  8.3868e-06
  111    305  2.4790e-08  7.5610e-06
  111    306  2.9171e-08  8.9262e-06
  111    307  2.5832e-08  7.9305e-06
  111    308  2.9527e-08  9.0943e-06
  111    309  1.7735e-08  5.4800e-06
  111    310  2.2333e-08  6.9232e-06
  111    311  1.4708e-08  4.5742e-06
  111    312  1.7638e-08  5.5031e-06
  111    313  1.0683e-08  3.3436e-06
  111    314  1.5363e-08  4.8239e-06
  111    315  1.2498e-08  3.9370e-06
  111    316  1.5590e-08  4.9264e-06
  111    317  1.3998e-08  4.4372e-06
  111    318  2.3772e-08  7.5596e-06
  111    319  2.1304e-08  6.7960e-06
  111    320  2.3835e-08  7.6271e-06
  111    321  1.5556e-08  4.9936e-06
  111    322  2.0445e-08  6.5832e-06
  111    323  1.7079e-08  5.5166e-06
  111    324  2.0929e-08  6.7811e-06
  111    325  2.7399e-08  8.9045e-06
  111    326  2.4250e-08  7.9056e-06
  111    327  2.0089e-08  6.5691e-06
  111    328  1.5542e-08  5.0979e-06
  111    329  2.3048e-08  7.5828e-06
  111    330  1.7996e-08  5.9388e-06
  111    331  2.2193e-08  7.3459e-06
  111    332  1.5484e-08  5.1406e-06
  111    333  2.4782e-08  8.2525e-06
  111    334  1.6080e-08  5.3707e-06
  111    335  2.0078e-08  6.7262e-06
  111    336  1.1761e-08  3.9518e-06
  111    337  7.2308e-05  2.4368e-02
    1      1  1.7683e-02  1.7683e-02
    2      4  2.3904e-01  9.5617e-01


