    1      2  1.7921e-10  3.5842e-10
    2      3  7.3045e-13  2.1914e-12
    3      6  5.1533e-13  3.0920e-12
    3      7  1.3840e-12  9.6880e-12
    4      8  1.0234e-13  8.1874e-13
    4      9  3.3254e-18  2.9929e-17
    5     10  1.3713e-12  1.3713e-11
    5     11  1.2073e-12  1.3280e-11
    6     12  7.7446e-09  9.2935e-08
    6     13  3.1737e-12  4.1258e-11
    7     14  4.8478e-08  6.7869e-07
    7     15  3.5125e-09  5.2688e-08
    8     16  8.8157e-10  1.4105e-08
    8     17  7.0058e-11  1.1910e-09
    8     18  2.3709e-08  4.2675e-07
    9     19  5.5038e-09  1.0457e-07
   10     20  3.6608e-09  7.3215e-08
   10     21  2.8485e-08  5.9818e-07
   10     22  6.2199e-09  1.3684e-07
   11     23  1.9463e-08  4.4765e-07
   12     24  1.4606e-08  3.5055e-07
   12     25  3.9993e-08  9.9983e-07
   12     26  6.3623e-07  1.6542e-05
   13     26  6.5607e-15  1.7058e-13
   13     27  7.0603e-09  1.9063e-07
   14     28  1.5621e-08  4.3740e-07
   14     29  3.1795e-08  9.2204e-07
   14     30  2.2470e-08  6.7409e-07
   15     31  1.0024e-08  3.1074e-07
   16     32  4.5960e-08  1.4707e-06
   16     33  6.6868e-07  2.2066e-05
   16     34  5.1726e-07  1.7587e-05
   16     36  1.8185e-08  6.5465e-07
   17     35  8.4118e-09  2.9441e-07
   17     37  1.8181e-07  6.7271e-06
   18     36  1.3085e-18  4.7105e-17
   18     38  3.1038e-07  1.1795e-05
   18     40  3.8132e-07  1.5253e-05
   19     39  2.5259e-07  9.8509e-06
   19     41  2.6612e-08  1.0911e-06
   20     42  5.7097e-07  2.3981e-05
   20     43  2.5917e-07  1.1145e-05
   20     44  1.3779e-07  6.0625e-06
   20     46  9.2085e-07  4.2359e-05
   21     45  5.9983e-07  2.6993e-05
   22     46  7.1597e-20  3.2935e-18
   22     47  3.3781e-07  1.5877e-05
   22     48  4.2188e-08  2.0250e-06
   22     49  1.3740e-07  6.7326e-06
   22     50  2.1959e-07  1.0980e-05
   23     51  7.7286e-08  3.9416e-06
   24     52  3.3698e-08  1.7523e-06
   24     53  7.4720e-07  3.9601e-05
   24     54  2.8759e-06  1.5530e-04
   25     55  1.3342e-07  7.3379e-06
   26     56  9.5281e-07  5.3357e-05
   26     57  2.4990e-07  1.4244e-05
   26     58  1.4751e-09  8.5556e-08
   27     59  1.1751e-09  6.9329e-08
   28     60  1.0485e-08  6.2907e-07
   28     61  2.2640e-08  1.3810e-06
   28     62  6.4874e-08  4.0222e-06
   28     64  5.7436e-08  3.6759e-06
   29     63  5.8261e-07  3.6704e-05
   29     65  4.9666e-08  3.2283e-06
   30     64  4.2642e-20  2.7291e-18
   30     66  2.2685e-07  1.4972e-05
   30     67  1.6546e-07  1.1086e-05
   30     68  2.7007e-07  1.8365e-05
   30     70  9.3736e-07  6.5615e-05
   31     69  6.8720e-07  4.7417e-05
   31     71  1.1218e-07  7.9648e-06
   32     70  6.0942e-15  4.2659e-13
   32     72  2.5130e-07  1.8094e-05
   32     73  3.2352e-07  2.3617e-05
   32     74  7.5620e-07  5.5959e-05
   32     76  3.7392e-06  2.8418e-04
   33     75  2.0277e-06  1.5208e-04
   34     76  1.4582e-13  1.1083e-11
   34     77  1.0925e-05  8.4120e-04
   34     78  1.0820e-05  8.4395e-04
   34     80  7.7093e-06  6.1674e-04
   34     82  3.9138e-06  3.2093e-04
   35     79  2.0476e-06  1.6176e-04
   35     81  3.2061e-06  2.5969e-04
   36     82  1.9893e-13  1.6312e-11
   36     83  2.0359e-05  1.6898e-03
   36     84  9.7440e-06  8.1850e-04
   36     86  7.1135e-07  6.1176e-05
   37     85  3.3227e-06  2.8243e-04
   37     87  7.4652e-06  6.4947e-04
   38     86  5.5803e-20  4.7991e-18
   38     87  5.4662e-08  4.7556e-06
   38     88  1.4057e-05  1.2370e-03
   39     89  2.3363e-06  2.0793e-04
   40     90  1.9855e-06  1.7870e-04
   40     91  7.7971e-07  7.0953e-05
   40     92  2.8298e-06  2.6035e-04
   40     94  4.1689e-06  3.9188e-04
   41     93  3.4263e-06  3.1864e-04
   42     95  9.1796e-07  8.7206e-05
   42     96  9.2888e-06  8.9173e-04
   42     97  5.1551e-06  5.0004e-04
   42     98  1.1440e-06  1.1212e-04
   42    100  1.7206e-05  1.7206e-03
   44     99  8.7639e-06  8.6762e-04
   44    100  1.3715e-12  1.3715e-10
   44    101  1.7763e-05  1.7941e-03
   44    102  5.6346e-06  5.7473e-04
   44    104  8.3393e-06  8.6729e-04
   45    103  2.6283e-06  2.7071e-04
   46    104  2.6778e-18  2.7849e-16
   46    105  3.2190e-06  3.3800e-04
   46    106  5.0450e-06  5.3477e-04
   46    108  1.0323e-05  1.1148e-03
   46    110  1.0199e-04  1.1219e-02
   47    107  6.5465e-06  7.0048e-04
   47    109  6.1529e-05  6.7067e-03
   48    110  1.2936e-12  1.4229e-10
   48    111  1.4928e-05  1.6570e-03
   48    112  3.9987e-05  4.4785e-03
   48    113  2.7518e-05  3.1096e-03
   48    114  2.2995e-05  2.6214e-03
   48    116  5.2031e-07  6.0356e-05
   49    113  1.2111e-12  1.3685e-10
   49    115  1.2693e-05  1.4597e-03
   50    115  1.0127e-11  1.1647e-09
   50    116  1.5929e-12  1.8478e-10
   50    117  1.9368e-06  2.2661e-04
   50    118  3.7686e-06  4.4470e-04
   50    119  1.9997e-06  2.3797e-04
   50    120  4.3299e-06  5.1959e-04
   50    122  7.3898e-06  9.0155e-04
   50    124  4.0495e-05  5.0214e-03
   51    121  2.4183e-06  2.9261e-04
   51    123  1.0834e-05  1.3325e-03
   52    122  5.3865e-14  6.5716e-12
   52    124  3.6581e-15  4.5360e-13
   52    125  5.3164e-05  6.6454e-03
   52    126  1.0563e-04  1.3309e-02
   52    128  8.1801e-05  1.0470e-02
   52    130  3.2359e-07  4.2066e-05
   53    127  9.4691e-05  1.2026e-02
   53    129  7.9326e-14  1.0233e-11
   54    128  1.3776e-15  1.7633e-13
   54    129  2.0982e-05  2.7067e-03
   54    130  2.0433e-14  2.6563e-12
   54    131  1.2563e-06  1.6458e-04
   54    132  1.0467e-06  1.3816e-04
   54    134  1.1843e-07  1.5870e-05
   54    136  2.3897e-08  3.2500e-06
   55    133  7.8214e-08  1.0402e-05
   56    134  2.9769e-20  3.9891e-18
   56    135  3.8972e-08  5.2613e-06
   56    136  2.5505e-17  3.4687e-15
   56    137  3.5521e-08  4.8664e-06
   56    138  3.5786e-08  4.9385e-06
   57    139  1.0413e-08  1.4474e-06
   58    140  6.0030e-09  8.4042e-07
   58    142  7.3472e-10  1.0433e-07
   59    141  1.7768e-09  2.5053e-07
   60    143  3.3470e-10  4.7862e-08
   60    144  2.6107e-10  3.7594e-08
   60    145  3.0173e-11  4.3751e-09
   60    146  1.7078e-10  2.4934e-08
   60    148  7.8194e-11  1.1573e-08
   60    150  4.7777e-11  7.1666e-09
   62    147  2.7786e-10  4.0845e-08
   62    148  3.0653e-17  4.5367e-15
   62    149  2.8449e-11  4.2389e-09
   62    150  4.1841e-17  6.2762e-15
   62    152  7.4977e-11  1.1396e-08
   62    154  7.6416e-11  1.1768e-08
   63    151  2.7374e-11  4.1334e-09
   63    153  4.2472e-11  6.4982e-09
   64    154  4.8626e-19  7.4885e-17
   64    155  9.5129e-11  1.4745e-08
   64    156  2.2417e-11  3.4971e-09
   64    157  3.1818e-11  4.9954e-09
   64    158  3.9432e-11  6.2303e-09
   64    160  1.4887e-11  2.3819e-09
   65    159  3.7943e-12  6.0330e-10
   66    160  1.4549e-20  2.3279e-18
   66    161  1.4462e-11  2.3284e-09
   66    162  7.8847e-12  1.2773e-09
   66    163  5.3190e-12  8.6699e-10
   66    164  9.1444e-12  1.4997e-09
   67    165  5.1449e-12  8.4891e-10
   68    166  1.1402e-11  1.8927e-09
   68    167  5.3461e-12  8.9279e-10
   68    168  3.1831e-12  5.3476e-10
   68    170  1.1290e-12  1.9193e-10
   69    169  5.3029e-12  8.9620e-10
   70    171  6.3045e-13  1.0781e-10
   70    172  4.7897e-13  8.2384e-11
   70    173  2.5772e-13  4.4586e-11
   70    174  4.1365e-13  7.1975e-11
   70    176  2.6608e-13  4.6830e-11
   71    175  1.7340e-13  3.0345e-11
   72    177  2.4276e-13  4.2968e-11
   72    178  6.9808e-14  1.2426e-11
   72    179  2.3298e-14  4.1704e-12
   72    180  1.8054e-14  3.2496e-12
   73    181  1.4452e-14  2.6159e-12
   74    182  7.0032e-15  1.2746e-12
   74    183  3.4347e-15  6.2855e-13
   74    184  3.4690e-15  6.3830e-13
   74    186  4.1328e-15  7.6870e-13
   75    185  2.3266e-15  4.3042e-13
   75    187  2.1745e-15  4.0663e-13
   76    187  1.7672e-17  3.3047e-15
   76    188  2.7128e-15  5.1000e-13
   76    189  1.0944e-15  2.0684e-13
   76    190  3.2171e-15  6.1126e-13
   76    192  3.1577e-15  6.0628e-13
   77    191  3.9991e-15  7.6382e-13
   77    193  1.1040e-15  2.1308e-13
   78    194  9.4224e-16  1.8279e-13
   78    195  3.5542e-16  6.9306e-14
   78    196  1.9403e-16  3.8030e-14
   78    198  2.3965e-17  4.7451e-15
   79    197  7.8407e-17  1.5446e-14
   80    199  5.0377e-18  1.0025e-15
   80    200  2.1616e-18  4.3231e-16
   80    201  1.8213e-19  3.6608e-17
   80    202  3.3638e-20  6.7949e-18
    1      1  3.0755e-09  3.0755e-09
    2      4  2.2332e-01  8.9329e-01


