1  7.4860e-03
2  2.3530e-01
3  2.7485e-10
4  6.5362e-08
5  1.5114e-08
6  2.2653e-08
7  1.4369e-06
8  3.1495e-06
9  2.5553e-08
10  1.9624e-06
11  4.3611e-07
12  1.1932e-06
13  3.7956e-09
14  1.5729e-07
15  4.1530e-09
16  2.9240e-07
17  2.1009e-08
18  4.1685e-08
19  1.0158e-09
20  7.3791e-10
21  6.1207e-11
22  3.2590e-09
23  2.8095e-11
24  1.0130e-10
25  7.7405e-12
26  1.2058e-10
27  1.1072e-12
28  4.2635e-10
29  1.6433e-11
30  4.9367e-11
31  5.6232e-12
32  1.3284e-10
33  1.3505e-11
34  2.9461e-10
35  3.3358e-11
36  7.4247e-11
37  4.4926e-11
38  2.2248e-11
39  1.4489e-11
40  3.5316e-11
41  9.0523e-12
42  6.5800e-11
43  6.1543e-37
44  1.3634e-11
45  1.6092e-12
46  1.8194e-11
47  2.7843e-12
48  1.7886e-11
49  3.9821e-12
50  4.5956e-11
51  2.9633e-12
52  1.7352e-10
53  1.5819e-12
54  2.9634e-09
55  1.1733e-09
56  5.5076e-10
57  1.9623e-11
58  3.5235e-11
59  2.1054e-12
60  1.3686e-11
61  6.2589e-93
62  2.7631e-12
63  4.5190e-13
64  7.7100e-13
65  2.5882e-14
66  1.3644e-13
67  5.0360e-14
68  2.0132e-13
69  1.2728e-13
70  2.3431e-13
71  2.5694e-14
72  1.2743e-13
73  2.0246e-13
74  1.2657e-13
75  3.0298e-14
76  4.0793e-13
77  1.2046e-13
78  5.0401e-13
79  1.6135e-13
80  4.6499e-13
81  3.8103e-13
82  2.7378e-09
83  -1.0284e-08
84  1.5697e-23
85  1.4746e-34
86  1.0873e-22
87  2.0442e-28
88  6.0192e-19
89  7.7083e-21
90  2.5177e-13
91  1.1556e-17
92  3.2580e-13
93  1.5670e-29
94  3.0476e-15
95  1.7897e-23
96  3.7774e-20
97  1.7084e-17
98  2.2511e-312
99  -1.8231e-321
100  1.3108e-11
101  1.3816e-204
102  2.7922e-11
103  6.6512e-12
104  9.0308e-13
105  4.9498e-13
106  5.3026e-12
107  5.0631e-13
108  2.3294e-11
109  2.5668e-319
110  1.9059e-11
111  1.5220e-04
112  0.0000e+00
113  0.0000e+00
114  0.0000e+00
115  0.0000e+00
116  0.0000e+00
117  0.0000e+00
118  0.0000e+00

