1  3.0176e-09
2  8.0333e-15
3  2.6840e-20
4  1.6189e-01
5  0.0000e+00
6  1.1902e-18
7  7.8842e-20
8  1.8998e-22
9  7.2287e-19
10  1.8619e-18
11  2.3842e-19
12  6.2467e-07
13  4.8219e-12
14  3.4575e-16
15  2.8451e-20
16  2.3997e-09
17  2.6659e-16
18  2.1451e-18
19  2.6119e-21
20  2.5184e-09
21  4.7750e-15
22  9.4751e-19
23  2.6767e-13
24  3.4892e-09
25  2.3411e-11
26  7.0324e-12
27  6.7327e-10
28  1.4244e-08
29  9.7050e-10
30  1.4390e-08
31  3.3190e-09
32  5.9405e-09
33  1.1586e-09
34  2.5001e-08
35  1.3071e-08
36  5.9194e-08
37  1.5141e-08
38  3.4709e-08
39  5.0203e-09
40  5.6782e-09
41  1.2861e-09
42  9.8431e-09
43  2.4408e-09
44  5.2652e-09
45  1.2665e-08
46  2.8474e-07
47  1.6944e-08
48  8.9672e-08
49  4.4364e-08
50  9.5579e-07
51  2.0677e-07
52  3.5849e-08
53  6.5878e-08
54  1.1062e-06
55  1.0290e-08
56  8.6759e-07
57  2.2308e-07
58  1.2076e-08
59  3.2146e-09
60  8.1515e-08
61  5.8247e-08
62  1.6398e-06
63  8.0582e-07
64  9.6839e-08
65  3.6446e-07
66  6.0365e-06
67  2.3020e-06
68  1.1663e-06
69  1.5311e-07
70  1.9369e-07
71  6.3302e-07
72  2.7317e-07
73  5.0978e-07
74  8.5024e-06
75  1.1109e-06
76  2.8695e-06
77  3.5563e-07
78  7.9677e-07
79  1.8343e-06
80  2.2528e-05
81  3.0195e-06
82  3.3432e-05
83  1.9674e-06
84  1.8634e-06
85  2.3645e-06
86  1.0133e-04
87  6.8991e-06
88  1.0142e-04
89  9.7553e-05
90  8.0663e-05
91  4.3986e-06
92  1.1989e-03
93  2.3164e-04
94  2.7341e-05
95  1.6077e-04
96  4.8578e-05
97  5.1449e-06
98  4.2982e-04
99  2.6513e-05
100  5.0052e-04
101  3.4994e-05
102  2.1987e-04
103  6.3500e-05
104  2.7647e-05
105  1.7482e-05
106  1.3361e-04
107  1.7814e-05
108  1.4469e-05
109  2.7832e-05
110  1.5855e-06
111  1.2068e-06
112  1.4601e-05
113  1.3596e-06
114  9.9543e-07
115  2.4775e-06
116  5.3237e-07
117  2.4054e-07
118  4.2671e-07
119  1.1442e-07
120  7.3305e-08
121  9.4258e-08
122  5.1397e-08
123  9.1269e-09
124  6.6284e-08
125  6.4676e-09
126  9.9877e-10
127  6.3284e-10
128  1.9010e-09
129  1.3258e-09
130  9.7712e-10
131  6.2593e-11
132  3.9502e-12
133  1.6015e-14
134  7.6324e-16
135  4.4389e-18
136  4.3861e-20
137  8.0564e-20
138  1.4038e-20
139  1.2668e-23
140  2.6003e-22
141  2.9042e-24
142  1.7311e-32
143  0.0000e+00
144  0.0000e+00
145  0.0000e+00
146  0.0000e+00
147  0.0000e+00
148  0.0000e+00
149  0.0000e+00
150  0.0000e+00
151  0.0000e+00
152  0.0000e+00
153  0.0000e+00
154  0.0000e+00
155  0.0000e+00
156  0.0000e+00
157  0.0000e+00
158  0.0000e+00
159  0.0000e+00
160  0.0000e+00
161  0.0000e+00
162  0.0000e+00
163  0.0000e+00
164  0.0000e+00
165  0.0000e+00
166  0.0000e+00
167  0.0000e+00
168  0.0000e+00
169  0.0000e+00
170  0.0000e+00
171  0.0000e+00
172  0.0000e+00
173  0.0000e+00
174  0.0000e+00
175  0.0000e+00
176  0.0000e+00
177  0.0000e+00
178  0.0000e+00
179  0.0000e+00
180  0.0000e+00
181  0.0000e+00
182  0.0000e+00
183  0.0000e+00
184  0.0000e+00
185  0.0000e+00
186  0.0000e+00
187  0.0000e+00
188  0.0000e+00
189  0.0000e+00
190  0.0000e+00
191  0.0000e+00
192  0.0000e+00
193  0.0000e+00
194  0.0000e+00
195  0.0000e+00
196  0.0000e+00
197  0.0000e+00
198  0.0000e+00
199  0.0000e+00
200  0.0000e+00
201  0.0000e+00
202  0.0000e+00
203  0.0000e+00
204  0.0000e+00
205  0.0000e+00
206  0.0000e+00
207  0.0000e+00
208  0.0000e+00
209  0.0000e+00
210  0.0000e+00
211  0.0000e+00
212  0.0000e+00
213  0.0000e+00
214  0.0000e+00
215  0.0000e+00
216  0.0000e+00
217  0.0000e+00
218  0.0000e+00
219  0.0000e+00
220  0.0000e+00
221  0.0000e+00
222  0.0000e+00
223  0.0000e+00
224  0.0000e+00
225  0.0000e+00
226  0.0000e+00
227  0.0000e+00
228  0.0000e+00
229  0.0000e+00
230  0.0000e+00
231  0.0000e+00
232  0.0000e+00
233  0.0000e+00
234  0.0000e+00
235  0.0000e+00
236  0.0000e+00
237  0.0000e+00
238  0.0000e+00
239  0.0000e+00
240  0.0000e+00
241  0.0000e+00
242  0.0000e+00
243  0.0000e+00
244  0.0000e+00
245  0.0000e+00
246  0.0000e+00
247  0.0000e+00
248  0.0000e+00
249  0.0000e+00
250  0.0000e+00
251  0.0000e+00
252  0.0000e+00
253  0.0000e+00
254  0.0000e+00
255  0.0000e+00
256  0.0000e+00
257  0.0000e+00
258  0.0000e+00
259  0.0000e+00
260  0.0000e+00
261  0.0000e+00
262  0.0000e+00
263  0.0000e+00
264  0.0000e+00
265  0.0000e+00
266  0.0000e+00
267  0.0000e+00
268  0.0000e+00
269  0.0000e+00
270  0.0000e+00
271  0.0000e+00
272  0.0000e+00
273  0.0000e+00
274  0.0000e+00
275  0.0000e+00
276  0.0000e+00
277  0.0000e+00
278  0.0000e+00
279  0.0000e+00
280  0.0000e+00
281  0.0000e+00
282  0.0000e+00
283  0.0000e+00
284  0.0000e+00
285  0.0000e+00
286  0.0000e+00
287  0.0000e+00
288  0.0000e+00
289  0.0000e+00
290  0.0000e+00
291  0.0000e+00
292  0.0000e+00
293  0.0000e+00
294  0.0000e+00
295  0.0000e+00
296  0.0000e+00
297  0.0000e+00
298  0.0000e+00
299  0.0000e+00
300  0.0000e+00
301  0.0000e+00
302  0.0000e+00
303  0.0000e+00
304  0.0000e+00
305  0.0000e+00
306  0.0000e+00
307  0.0000e+00
308  0.0000e+00
309  0.0000e+00
310  0.0000e+00
311  0.0000e+00
312  0.0000e+00
313  0.0000e+00
314  0.0000e+00
315  0.0000e+00
316  0.0000e+00
317  0.0000e+00
318  0.0000e+00
319  0.0000e+00
320  0.0000e+00
321  0.0000e+00
322  0.0000e+00
323  0.0000e+00
324  0.0000e+00
325  0.0000e+00
326  0.0000e+00
327  0.0000e+00
328  0.0000e+00
329  0.0000e+00
330  0.0000e+00
331  0.0000e+00
332  0.0000e+00
333  0.0000e+00
334  0.0000e+00
335  0.0000e+00
336  0.0000e+00
337  0.0000e+00

