1  2.1551e-09
2  4.6866e-09
3  4.2840e-10
4  2.1640e-01
5  0.0000e+00
6  1.3493e-11
7  4.9952e-10
8  1.0513e-09
9  3.6047e-10
10  1.0330e-08
11  1.4447e-09
12  2.1680e-09
13  1.7641e-07
14  1.4709e-07
15  5.2710e-06
16  1.3792e-07
17  3.4027e-09
18  2.2718e-08
19  5.7998e-07
20  8.1004e-07
21  3.2315e-07
22  2.9829e-09
23  7.8579e-07
24  2.5617e-07
25  3.3547e-07
26  2.8105e-08
27  2.0509e-07
28  5.6069e-07
29  9.5526e-08
30  6.2809e-08
31  7.2254e-08
32  1.1361e-07
33  9.2551e-07
34  7.1216e-07
35  2.4802e-08
36  2.3695e-08
37  2.1319e-08
38  7.3759e-08
39  5.5193e-08
40  3.1699e-08
41  1.4897e-07
42  4.2978e-07
43  1.0086e-07
44  1.0072e-07
45  1.0340e-07
46  5.8099e-08
47  8.0558e-08
48  1.6255e-07
49  8.6828e-08
50  6.2474e-08
51  3.0251e-08
52  1.6684e-07
53  1.1858e-07
54  5.2882e-08
55  5.4978e-08
56  1.3759e-07
57  1.5634e-07
58  8.1203e-09
59  7.5308e-09
60  1.7749e-08
61  3.2644e-08
62  5.0874e-08
63  1.3669e-07
64  1.0477e-07
65  5.7808e-08
66  1.2788e-07
67  4.1977e-08
68  7.8508e-08
69  6.8205e-08
70  1.4493e-07
71  3.6060e-08
72  1.5789e-07
73  8.2456e-08
74  2.9240e-07
75  1.0178e-06
76  1.3185e-06
77  8.3387e-07
78  7.8916e-07
79  1.2347e-06
80  4.4313e-06
81  2.2074e-06
82  8.4466e-07
83  1.6880e-06
84  8.7116e-07
85  7.0268e-07
86  1.4612e-06
87  1.3917e-06
88  1.3766e-06
89  5.5083e-07
90  8.6300e-07
91  1.9255e-07
92  1.1612e-06
93  9.7118e-07
94  2.2261e-06
95  4.6484e-07
96  8.0351e-07
97  5.7356e-07
98  2.1716e-07
99  3.2383e-07
100  4.1983e-07
101  4.8068e-07
102  3.2536e-07
103  3.2784e-07
104  4.7192e-07
105  4.6268e-07
106  9.3400e-07
107  9.1562e-07
108  2.4817e-06
109  1.0698e-05
110  1.7150e-05
111  2.5264e-06
112  9.5282e-06
113  6.4534e-06
114  5.5257e-06
115  2.5345e-06
116  5.8519e-07
117  5.7039e-07
118  4.2858e-07
119  3.5685e-07
120  1.6306e-06
121  5.7042e-07
122  9.7204e-07
123  1.6613e-06
124  6.6046e-06
125  8.0971e-06
126  1.2878e-05
127  1.6364e-05
128  1.5563e-05
129  1.2895e-05
130  8.1167e-06
131  7.2109e-06
132  3.0108e-06
133  3.3371e-06
134  4.5464e-06
135  3.9767e-06
136  6.7477e-06
137  5.0888e-06
138  3.7659e-06
139  2.6815e-06
140  4.1925e-06
141  1.0054e-05
142  4.4062e-06
143  4.5745e-06
144  7.0996e-06
145  8.5253e-07
146  8.2376e-07
147  1.1597e-06
148  2.2690e-06
149  1.8508e-06
150  6.0595e-06
151  5.2655e-06
152  3.3945e-06
153  2.0256e-06
154  3.5605e-06
155  2.1300e-06
156  5.1292e-06
157  3.4373e-06
158  5.7508e-06
159  3.7591e-06
160  5.8314e-06
161  3.0454e-06
162  6.3485e-06
163  3.5099e-06
164  7.2140e-06
165  3.7574e-06
166  6.8136e-06
167  3.1189e-06
168  6.4518e-06
169  5.6671e-06
170  5.9700e-06
171  6.0707e-06
172  6.3315e-06
173  7.6140e-06
174  9.1332e-06
175  7.6225e-06
176  7.2474e-06
177  8.2388e-06
178  7.3224e-06
179  5.0670e-06
180  3.3236e-06
181  2.0853e-06
182  1.4480e-06
183  7.0772e-07
184  1.1484e-06
185  8.3836e-07
186  3.0594e-06
187  2.3971e-06
188  7.0591e-06
189  1.4892e-05
190  2.5327e-05
191  3.1001e-05
192  4.6171e-05
193  6.1158e-05
194  5.6572e-05
195  5.0097e-05
196  2.7531e-05
197  1.4637e-05
198  4.1177e-06
199  1.3110e-06
200  8.6668e-07
201  5.9182e-07
202  8.1165e-07
203  9.3683e-07
204  1.5709e-06
205  1.4850e-06
206  7.0000e-06
207  6.7944e-06
208  6.6224e-06
209  6.1791e-06
210  8.1235e-14
211  2.4513e-19
212  4.0755e-19
213  3.1475e-44
214  4.2545e-20
215  9.3302e-26
216  4.7220e-25
217  6.0373e-97
218  7.3118e-22
219  9.4948e-23
220  1.8107e-22
221  -6.1393e-320
222  1.2980e-18
223  2.3664e-17
224  1.0226e-18
225  1.9088e-40
226  1.9861e-13
227  1.6494e-14
228  3.2885e-12
229  7.1199e-30
230  9.3604e-12
231  2.4671e-11
232  1.4394e-06
233  2.5445e-27
234  3.0480e-11
235  5.3172e-07
236  1.9233e-09
237  1.6592e-318
238  5.5450e-07
239  9.6108e-19
240  3.8065e-13
241  0.0000e+00
242  9.1820e-127
243  2.9380e-19
244  4.6334e-09
245  0.0000e+00
246  7.7058e-11
247  6.2010e-16
248  7.5275e-126
249  0.0000e+00
250  0.0000e+00
251  -2.3698e-314
252  0.0000e+00
253  0.0000e+00
254  0.0000e+00
255  0.0000e+00
256  0.0000e+00
257  4.0302e-26
258  3.8003e-08
259  5.8269e-26
260  3.1045e-08
261  2.2084e-08
262  2.4911e-08
263  1.9822e-08
264  1.8280e-08
265  9.9706e-09
266  1.0577e-08
267  5.8524e-09
268  4.4944e-09
269  7.0577e-09
270  5.2175e-09
271  3.6554e-09
272  3.5583e-09
273  2.6296e-09
274  1.6973e-09
275  7.4798e-10
276  5.5857e-10
277  1.0230e-10
278  7.8065e-11
279  1.6267e-11
280  5.6366e-12
281  2.4226e-12
282  3.0920e-12
283  1.8915e-12
284  2.8483e-12
285  3.0115e-12
286  3.2317e-12
287  2.3651e-12
288  1.9922e-12
289  8.3782e-13
290  7.4746e-13
291  3.2072e-13
292  2.9075e-12
293  1.5156e-12
294  2.4024e-12
295  1.0027e-12
296  6.2387e-13
297  2.6626e-13
298  2.9024e-13
299  3.6531e-14
300  2.0652e-14
301  1.0211e-13
302  4.8470e-13
303  4.6026e-14
304  8.9816e-14
305  3.3657e-14
306  2.5001e-14
307  7.1413e-15
308  9.9766e-15
309  1.8183e-15
310  4.5217e-15
311  9.6534e-16
312  1.0713e-15
313  1.5526e-16
314  5.2615e-16
315  9.7764e-17
316  1.5474e-16
317  2.2678e-17
318  7.2580e-17
319  1.8223e-17
320  3.3789e-17
321  1.3321e-17
322  1.6362e-17
323  8.9497e-18
324  1.1709e-17
325  1.7050e-18
326  6.5893e-18
327  8.7724e-19
328  6.1786e-20
329  3.6862e-19
330  9.2413e-20
331  2.1697e-20
332  4.5361e-20
333  4.2673e-21
334  5.9442e-20
335  5.0365e-21
336  7.8466e-21
337  7.2489e-21

