1  3.0176e-09
2  1.6189e-01
3  1.2691e-18
4  7.2306e-19
5  2.1004e-18
6  6.2468e-07
7  3.4578e-16
8  2.3997e-09
9  2.6119e-21
10  2.5185e-09
11  2.6767e-13
12  3.5196e-09
13  6.7330e-10
14  2.9604e-08
15  3.3190e-09
16  9.1249e-08
17  2.8211e-08
18  4.0433e-08
19  6.3065e-09
20  3.0229e-07
21  1.2665e-08
22  1.1068e-06
23  2.0677e-07
24  1.2079e-06
25  1.0290e-08
26  1.1027e-06
27  3.2146e-09
28  1.8764e-06
29  1.1703e-06
30  9.6984e-06
31  7.8613e-07
32  1.2155e-05
33  1.1109e-06
34  5.7112e-05
35  4.8537e-06
36  1.0516e-04
37  9.2135e-06
38  1.0147e-04
39  9.7553e-05
40  1.3113e-03
41  2.3164e-04
42  1.1448e-03
43  3.1517e-29
44  3.0903e-04
45  6.3500e-05
46  1.6715e-04
47  4.5646e-05
48  1.8695e-05
49  2.4775e-06
50  9.7265e-07
51  1.0339e-07
52  1.0344e-08
53  6.3284e-10
54  1.3923e-09
55  1.6015e-14
56  4.5335e-18
57  1.2668e-23
58  2.6003e-22
59  2.9042e-24
60  0.0000e+00
61  0.0000e+00
62  0.0000e+00
63  0.0000e+00
64  0.0000e+00
65  0.0000e+00
66  0.0000e+00
67  0.0000e+00
68  0.0000e+00
69  0.0000e+00
70  0.0000e+00
71  0.0000e+00
72  0.0000e+00
73  0.0000e+00
74  0.0000e+00
75  0.0000e+00
76  0.0000e+00
77  0.0000e+00
78  0.0000e+00
79  0.0000e+00
80  0.0000e+00
81  0.0000e+00
82  0.0000e+00
83  0.0000e+00
84  0.0000e+00
85  0.0000e+00
86  0.0000e+00
87  0.0000e+00
88  0.0000e+00
89  0.0000e+00
90  0.0000e+00
91  0.0000e+00
92  0.0000e+00
93  0.0000e+00
94  0.0000e+00
95  0.0000e+00
96  0.0000e+00
97  0.0000e+00
98  0.0000e+00
99  0.0000e+00
100  0.0000e+00
101  0.0000e+00
102  0.0000e+00
103  0.0000e+00
104  0.0000e+00
105  0.0000e+00
106  0.0000e+00
107  0.0000e+00
108  0.0000e+00
109  0.0000e+00
110  0.0000e+00
111  0.0000e+00
112  0.0000e+00
113  0.0000e+00
114  0.0000e+00
115  0.0000e+00
116  0.0000e+00
117  0.0000e+00
118  0.0000e+00

