1  3.7388e-09
2  1.4795e-01
3  1.6324e-19
4  8.9455e-20
5  4.9158e-19
6  1.4321e-06
7  4.5053e-16
8  3.8225e-09
9  2.8679e-21
10  2.9727e-09
11  2.8426e-13
12  3.1169e-09
13  4.9433e-10
14  1.7377e-08
15  1.8265e-09
16  7.6714e-08
17  7.3007e-09
18  6.4583e-08
19  1.4429e-08
20  1.4733e-07
21  7.2857e-09
22  7.6044e-07
23  1.0976e-07
24  1.2222e-06
25  6.4174e-08
26  1.1184e-06
27  1.2151e-09
28  1.0783e-06
29  2.0414e-07
30  4.2599e-06
31  1.2246e-07
32  5.0283e-06
33  7.4640e-07
34  2.2874e-05
35  1.2377e-06
36  2.1518e-04
37  1.2530e-04
38  1.9515e-04
39  3.6952e-05
40  3.2899e-03
41  2.1852e-04
42  1.4250e-04
43  1.0664e-30
44  1.6761e-04
45  7.2913e-06
46  1.4632e-05
47  5.1851e-07
48  4.7383e-07
49  3.8207e-08
50  1.6286e-08
51  2.0393e-10
52  2.8288e-10
53  2.2544e-12
54  3.4937e-12
55  6.4455e-15
56  4.3498e-18
57  3.6410e-34
58  0.0000e+00
59  0.0000e+00
60  0.0000e+00
61  0.0000e+00
62  0.0000e+00
63  0.0000e+00
64  0.0000e+00
65  0.0000e+00
66  0.0000e+00
67  0.0000e+00
68  0.0000e+00
69  0.0000e+00
70  0.0000e+00
71  0.0000e+00
72  0.0000e+00
73  0.0000e+00
74  0.0000e+00
75  0.0000e+00
76  0.0000e+00
77  0.0000e+00
78  0.0000e+00
79  0.0000e+00
80  0.0000e+00
81  0.0000e+00
82  0.0000e+00
83  0.0000e+00
84  0.0000e+00
85  0.0000e+00
86  0.0000e+00
87  0.0000e+00
88  0.0000e+00
89  0.0000e+00
90  0.0000e+00
91  0.0000e+00
92  0.0000e+00
93  0.0000e+00
94  0.0000e+00
95  0.0000e+00
96  0.0000e+00
97  0.0000e+00
98  0.0000e+00
99  0.0000e+00
100  0.0000e+00
101  0.0000e+00
102  0.0000e+00
103  0.0000e+00
104  0.0000e+00
105  0.0000e+00
106  0.0000e+00
107  0.0000e+00
108  0.0000e+00
109  0.0000e+00
110  0.0000e+00
111  0.0000e+00
112  0.0000e+00
113  0.0000e+00
114  0.0000e+00
115  0.0000e+00
116  0.0000e+00
117  0.0000e+00
118  0.0000e+00

