1  4.6277e-11
2  1.7977e-01
3  4.0899e-20
4  7.8430e-19
5  8.0244e-20
6  1.2452e-07
7  2.3085e-13
8  5.5630e-09
9  2.7014e-15
10  3.7608e-09
11  2.7495e-13
12  2.6500e-09
13  9.9289e-10
14  4.0936e-09
15  3.5663e-09
16  1.4746e-07
17  1.9277e-08
18  9.6240e-09
19  4.3900e-09
20  7.9917e-07
21  8.4738e-09
22  1.6107e-06
23  3.2726e-07
24  6.3700e-06
25  3.9753e-08
26  2.1195e-06
27  1.1140e-06
28  2.2732e-06
29  1.2188e-06
30  3.7264e-06
31  2.7404e-07
32  1.5311e-05
33  9.0667e-07
34  7.1859e-05
35  1.3039e-05
36  3.8472e-05
37  1.8119e-05
38  3.0907e-06
39  2.9093e-05
40  1.7459e-04
41  1.8577e-05
42  1.5029e-04
43  6.9664e-30
44  1.0988e-03
45  1.0742e-04
46  6.5118e-04
47  1.5408e-04
48  1.5419e-04
49  1.3313e-05
50  2.2381e-05
51  1.2942e-06
52  2.4042e-06
53  5.9893e-07
54  9.7479e-07
55  4.2877e-14
56  2.2113e-15
57  6.7746e-18
58  2.0133e-17
59  1.3314e-17
60  4.3784e-18
61  7.5504e-26
62  2.1792e-19
63  4.8063e-20
64  2.7643e-20
65  1.0754e-22
66  3.4720e-22
67  3.3107e-23
68  7.6732e-23
69  6.6806e-24
70  2.0167e-25
71  0.0000e+00
72  0.0000e+00
73  0.0000e+00
74  0.0000e+00
75  0.0000e+00
76  0.0000e+00
77  0.0000e+00
78  0.0000e+00
79  0.0000e+00
80  0.0000e+00
81  0.0000e+00
82  0.0000e+00
83  0.0000e+00
84  0.0000e+00
85  0.0000e+00
86  0.0000e+00
87  0.0000e+00
88  0.0000e+00
89  0.0000e+00
90  0.0000e+00
91  0.0000e+00
92  0.0000e+00
93  0.0000e+00
94  0.0000e+00
95  0.0000e+00
96  0.0000e+00
97  0.0000e+00
98  0.0000e+00
99  0.0000e+00
100  0.0000e+00
101  0.0000e+00
102  0.0000e+00
103  0.0000e+00
104  0.0000e+00
105  0.0000e+00
106  0.0000e+00
107  0.0000e+00
108  0.0000e+00
109  0.0000e+00
110  0.0000e+00
111  0.0000e+00
112  0.0000e+00
113  0.0000e+00
114  0.0000e+00
115  0.0000e+00
116  0.0000e+00
117  0.0000e+00
118  0.0000e+00

