1  8.7036e-09
2  2.1873e-01
3  7.2535e-10
4  3.1006e-09
5  3.4889e-08
6  1.8500e-07
7  6.3944e-06
8  1.8739e-07
9  6.1480e-07
10  1.2391e-06
11  7.6499e-07
12  6.6223e-07
13  1.5249e-07
14  5.2332e-07
15  5.5926e-08
16  1.3749e-06
17  3.5046e-08
18  7.3819e-08
19  1.4728e-07
20  4.8341e-07
21  7.4030e-08
22  2.6245e-07
23  2.3293e-08
24  2.3751e-07
25  2.7772e-08
26  1.9067e-07
27  7.3882e-09
28  1.6119e-07
29  1.5987e-07
30  2.7520e-07
31  6.2006e-08
32  9.8697e-07
33  5.0737e-07
34  4.0741e-06
35  2.0065e-06
36  2.7999e-06
37  1.3470e-06
38  8.5347e-07
39  4.8992e-07
40  2.7954e-06
41  4.9562e-07
42  2.3732e-06
43  1.3599e-32
44  8.9131e-07
45  1.9349e-07
46  1.3586e-05
47  7.3433e-06
48  1.6581e-05
49  1.9621e-06
50  7.0110e-06
51  1.4539e-06
52  3.0742e-05
53  1.0827e-05
54  2.0493e-05
55  1.9973e-06
56  6.1574e-06
57  1.3413e-06
58  4.1024e-06
59  4.6816e-06
60  8.9423e-06
61  1.0794e-83
62  4.1324e-06
63  2.6320e-06
64  7.8146e-06
65  1.2372e-06
66  7.4663e-06
67  1.4910e-06
68  8.5962e-06
69  2.3150e-06
70  1.6416e-05
71  3.6643e-06
72  1.3201e-05
73  1.5297e-06
74  3.3235e-06
75  1.4022e-06
76  6.1890e-05
77  7.5067e-05
78  1.7075e-04
79  2.3177e-05
80  1.0061e-05
81  3.1646e-06
82  6.6203e-05
83  2.5675e-05
84  5.1641e-16
85  1.5821e-26
86  1.4257e-17
87  4.4609e-21
88  3.0820e-11
89  1.6822e-13
90  1.2536e-05
91  2.5220e-10
92  1.1549e-05
93  8.3778e-20
94  5.6973e-08
95  4.5822e-18
96  9.6846e-15
97  8.9903e-10
98  -2.5914e-314
99  -1.1759e-321
100  2.0001e-06
101  3.7504e-313
102  1.7258e-06
103  2.9266e-07
104  9.2637e-07
105  4.6879e-07
106  2.8474e-07
107  1.0992e-08
108  4.8029e-09
109  -3.2663e-319
110  1.7323e-09
111  3.7131e-09
112  0.0000e+00
113  0.0000e+00
114  0.0000e+00
115  0.0000e+00
116  0.0000e+00
117  0.0000e+00
118  0.0000e+00

