    1      2  4.9712e-06  9.9424e-06
    2      3  3.4178e-08  1.0253e-07
    3      7  1.8068e-09  1.2648e-08
    4      8  2.5651e-08  2.0521e-07
    4      9  4.8734e-09  4.3861e-08
    5     10  1.0513e-07  1.0513e-06
    5     11  5.7783e-08  6.3561e-07
    6     12  1.4125e-08  1.6950e-07
    6     13  6.4681e-09  8.4085e-08
    7     14  3.3258e-07  4.6561e-06
    7     15  1.2207e-06  1.8311e-05
    8     16  3.2047e-06  5.1276e-05
    8     17  8.4989e-08  1.4448e-06
    8     18  2.9947e-07  5.3905e-06
    9     19  5.0085e-09  9.5161e-08
   10     20  6.0359e-07  1.2072e-05
   10     21  2.5417e-07  5.3377e-06
   10     22  5.6647e-07  1.2462e-05
   11     23  1.6306e-07  3.7504e-06
   12     24  1.8978e-07  4.5547e-06
   12     25  6.0474e-08  1.5118e-06
   12     26  1.3123e-07  3.4120e-06
   13     27  4.6394e-09  1.2526e-07
   14     28  1.0551e-07  2.9543e-06
   14     29  5.8679e-09  1.7017e-07
   14     30  1.6042e-09  4.8127e-08
   15     31  5.7871e-09  1.7940e-07
   16     32  6.5814e-08  2.1060e-06
   16     33  5.6279e-09  1.8572e-07
   16     34  1.7870e-07  6.0759e-06
   16     36  1.6064e-07  5.7832e-06
   17     35  6.3381e-08  2.2183e-06
   17     37  9.3313e-09  3.4526e-07
   18     36  5.5981e-14  2.0153e-12
   18     38  4.3849e-08  1.6663e-06
   18     40  9.0101e-11  3.6041e-09
   19     39  9.3289e-10  3.6383e-08
   19     40  2.7368e-20  1.0947e-18
   19     41  4.2597e-11  1.7465e-09
   20     42  2.3563e-10  9.8966e-09
   20     43  4.5499e-11  1.9565e-09
   20     44  4.9541e-10  2.1798e-08
   20     46  3.2505e-10  1.4952e-08
   21     45  6.7974e-11  3.0588e-09
   22     46  2.0640e-18  9.4943e-17
   22     47  4.1577e-10  1.9541e-08
   22     48  1.8787e-09  9.0179e-08
   22     49  1.3751e-10  6.7380e-09
   22     50  1.1556e-10  5.7782e-09
   23     51  5.0318e-11  2.5662e-09
   24     52  5.9979e-11  3.1189e-09
   24     53  2.9411e-11  1.5588e-09
   24     54  2.7486e-11  1.4842e-09
   25     55  9.0600e-12  4.9830e-10
   26     56  3.8184e-11  2.1383e-09
   26     57  1.3683e-11  7.7992e-10
   26     58  5.5820e-11  3.2376e-09
   27     59  1.7561e-12  1.0361e-10
   28     60  1.3893e-10  8.3360e-09
   28     61  5.9044e-13  3.6017e-11
   28     62  6.3676e-12  3.9479e-10
   28     64  6.5188e-11  4.1720e-09
   29     63  6.6504e-12  4.1898e-10
   29     65  5.4673e-13  3.5537e-11
   30     66  1.0957e-11  7.2313e-10
   30     67  1.3595e-12  9.1087e-11
   30     68  2.5625e-11  1.7425e-09
   30     70  1.9714e-11  1.3800e-09
   31     69  5.7659e-12  3.9785e-10
   31     71  7.3631e-12  5.2278e-10
   32     70  1.2172e-14  8.5203e-13
   32     72  3.3513e-11  2.4129e-09
   32     73  7.8431e-12  5.7255e-10
   32     74  3.9927e-11  2.9546e-09
   32     76  2.8879e-11  2.1948e-09
   33     75  8.1245e-12  6.0933e-10
   34     76  2.4636e-14  1.8723e-12
   34     77  4.8341e-12  3.7222e-10
   34     78  4.2478e-11  3.3133e-09
   34     80  5.1347e-11  4.1078e-09
   34     82  2.7223e-11  2.2323e-09
   35     79  1.1697e-11  9.2403e-10
   35     81  6.5709e-12  5.3224e-10
   36     82  6.8623e-14  5.6271e-12
   36     83  4.6151e-12  3.8305e-10
   36     84  5.3900e-12  4.5276e-10
   36     86  9.5851e-12  8.2432e-10
   37     85  1.1271e-11  9.5802e-10
   37     87  5.1241e-12  4.4580e-10
   38     86  9.8251e-20  8.4496e-18
   38     87  3.7514e-14  3.2637e-12
   38     88  4.0337e-12  3.5497e-10
   39     89  1.3629e-12  1.2130e-10
   40     90  1.4980e-12  1.3482e-10
   40     91  6.3485e-13  5.7772e-11
   40     92  2.4290e-12  2.2346e-10
   40     94  1.2395e-12  1.1651e-10
   41     93  1.3529e-12  1.2582e-10
   42     95  1.8087e-12  1.7182e-10
   42     96  1.3118e-11  1.2594e-09
   42     97  3.2815e-12  3.1830e-10
   42     98  6.1213e-12  5.9989e-10
   42    100  4.1870e-12  4.1870e-10
   44     99  1.4329e-12  1.4185e-10
   44    100  1.1145e-13  1.1145e-11
   44    101  6.9318e-13  7.0011e-11
   44    102  2.2285e-12  2.2731e-10
   44    104  2.7931e-12  2.9049e-10
   45    103  8.0122e-13  8.2526e-11
   46    104  1.5374e-18  1.5989e-16
   46    105  1.1056e-12  1.1609e-10
   46    106  1.9539e-12  2.0712e-10
   46    108  3.2886e-12  3.5517e-10
   46    110  3.1595e-12  3.4755e-10
   47    107  7.6401e-13  8.1749e-11
   47    109  7.9346e-13  8.6487e-11
   48    110  1.3658e-15  1.5024e-13
   48    111  5.2699e-13  5.8496e-11
   48    112  1.9473e-12  2.1810e-10
   48    113  7.7122e-13  8.7148e-11
   48    114  3.0044e-12  3.4250e-10
   48    116  1.4840e-12  1.7214e-10
   49    113  3.3942e-20  3.8354e-18
   49    115  1.2743e-12  1.4654e-10
   50    115  1.0167e-18  1.1692e-16
   50    116  9.0823e-15  1.0535e-12
   50    117  7.5476e-13  8.8307e-11
   50    118  2.6834e-12  3.1664e-10
   50    119  6.1586e-13  7.3288e-11
   50    120  1.9703e-12  2.3643e-10
   50    122  3.4345e-12  4.1901e-10
   50    124  2.8858e-12  3.5784e-10
   51    121  5.2085e-13  6.3023e-11
   51    123  1.7040e-13  2.0959e-11
   52    122  3.0716e-16  3.7474e-14
   52    124  2.4445e-17  3.0312e-15
   52    125  1.2658e-12  1.5823e-10
   52    126  5.2062e-12  6.5598e-10
   52    128  1.2114e-11  1.5506e-09
   52    130  2.0180e-10  2.6233e-08
   53    127  8.0215e-13  1.0187e-10
   53    129  8.0887e-18  1.0434e-15
   54    128  1.9544e-17  2.5016e-15
   54    129  2.4034e-11  3.1004e-09
   54    130  1.9412e-14  2.5235e-12
   54    131  3.2577e-10  4.2676e-08
   54    132  8.3590e-10  1.1034e-07
   54    134  2.3328e-10  3.1259e-08
   54    136  9.6724e-12  1.3155e-09
   55    133  6.6934e-10  8.9022e-08
   56    134  1.4814e-15  1.9851e-13
   56    135  3.7474e-11  5.0590e-09
   56    136  9.2346e-15  1.2559e-12
   56    137  5.3851e-13  7.3776e-11
   56    138  4.9693e-12  6.8576e-10
   57    139  1.7067e-12  2.3722e-10
   58    140  1.7023e-12  2.3833e-10
   58    142  1.3464e-13  1.9118e-11
   59    141  8.9357e-14  1.2599e-11
   60    142  9.0909e-20  1.2909e-17
   60    143  2.0870e-13  2.9844e-11
   60    144  6.3842e-13  9.1933e-11
   60    145  4.8731e-14  7.0659e-12
   60    146  2.4610e-13  3.5930e-11
   60    148  1.3685e-13  2.0253e-11
   60    150  2.4885e-13  3.7327e-11
   62    147  1.3021e-13  1.9141e-11
   62    148  2.4558e-15  3.6345e-13
   62    149  2.0239e-14  3.0156e-12
   62    150  5.5315e-16  8.2973e-14
   62    152  7.0813e-14  1.0764e-11
   62    154  2.6381e-14  4.0626e-12
   63    151  1.5249e-14  2.3026e-12
   63    153  2.3456e-14  3.5888e-12
   64    154  8.1166e-18  1.2500e-15
   64    155  7.3768e-15  1.1434e-12
   64    156  2.4562e-14  3.8316e-12
   64    157  6.5115e-15  1.0223e-12
   64    158  1.1849e-14  1.8722e-12
   64    160  1.0787e-14  1.7259e-12
   65    159  2.1715e-15  3.4527e-13
   66    160  1.3602e-19  2.1764e-17
   66    161  1.9804e-15  3.1885e-13
   66    162  3.1783e-15  5.1488e-13
   66    163  1.7951e-15  2.9260e-13
   66    164  2.0594e-15  3.3775e-13
   67    165  3.4552e-15  5.7011e-13
   68    166  2.2662e-15  3.7620e-13
   68    167  2.1489e-15  3.5887e-13
   68    168  1.3695e-15  2.3008e-13
   68    170  1.3654e-15  2.3212e-13
   69    169  6.5806e-15  1.1121e-12
   70    170  2.7787e-19  4.7238e-17
   70    171  3.2961e-15  5.6364e-13
   70    172  1.1848e-15  2.0379e-13
   70    173  6.6480e-16  1.1501e-13
   70    174  3.7270e-15  6.4849e-13
   70    176  1.0805e-15  1.9016e-13
   71    175  8.1008e-16  1.4176e-13
   71    176  1.5380e-20  2.7068e-18
   72    177  1.9611e-15  3.4711e-13
   72    178  1.0145e-15  1.8057e-13
   72    179  7.7745e-16  1.3916e-13
   72    180  9.7327e-16  1.7519e-13
   73    181  4.9903e-15  9.0325e-13
   74    182  2.1039e-15  3.8292e-13
   74    183  1.6752e-15  3.0656e-13
   74    184  4.6846e-16  8.6197e-14
   74    186  2.6798e-16  4.9844e-14
   75    185  2.3831e-16  4.4087e-14
   75    187  8.2963e-16  1.5514e-13
   76    187  6.7412e-18  1.2606e-15
   76    188  3.5658e-16  6.7037e-14
   76    189  2.3021e-15  4.3510e-13
   76    190  9.9370e-16  1.8880e-13
   76    192  9.2781e-15  1.7814e-12
   77    191  6.7510e-15  1.2894e-12
   77    193  7.9850e-16  1.5411e-13
   78    192  4.8351e-20  9.2835e-18
   78    194  2.4331e-15  4.7203e-13
   78    195  5.4424e-15  1.0613e-12
   78    196  2.6566e-15  5.2069e-13
   78    198  8.3700e-15  1.6573e-12
   79    197  1.1926e-14  2.3494e-12
   80    198  4.6648e-19  9.2364e-17
   80    199  6.3023e-16  1.2542e-13
   80    200  1.7714e-15  3.5429e-13
   80    201  2.1695e-15  4.3608e-13
   80    202  2.7958e-15  5.6475e-13
   80    204  1.0011e-14  2.0423e-12
   81    203  9.0364e-15  1.8344e-12
   81    205  9.1666e-15  1.8792e-12
   81    208  2.6357e-17  5.4822e-15
   82    206  2.9619e-14  6.1014e-12
   82    210  6.4080e-17  1.3457e-14
   82    214  1.8023e-16  3.8568e-14
   83    209  1.7642e-07  3.6871e-05
   83    211  1.8188e-15  3.8377e-13
   84    212  4.7017e-17  9.9677e-15
   84    216  1.0987e-16  2.3733e-14
   85    218  1.1812e-20  2.5750e-18
   86    219  6.0995e-16  1.3358e-13
   88    228  3.2009e-20  7.2981e-18
   90    230  1.9455e-19  4.4746e-17
   90    232  1.4011e-14  3.2506e-12
   91    231  5.2555e-19  1.2140e-16
   92    234  6.3476e-19  1.4853e-16
   92    235  1.1327e-14  2.6619e-12
   92    236  5.8120e-17  1.3716e-14
   92    238  5.7082e-15  1.3586e-12
   92    240  8.1607e-17  1.9586e-14
   94    244  1.7223e-16  4.2024e-14
   95    244  9.7863e-20  2.3879e-17
   97    246  1.3207e-18  3.2490e-16
  100    258  1.8253e-14  4.7092e-12
  100    260  6.6468e-14  1.7282e-11
  100    262  2.5544e-13  6.6925e-11
  102    261  1.8621e-13  4.8602e-11
  102    263  4.1131e-13  1.0818e-10
  102    264  1.8471e-13  4.8763e-11
  102    266  1.5953e-13  4.2435e-11
  103    265  3.9144e-13  1.0373e-10
  104    267  2.6734e-14  7.1379e-12
  104    268  8.0191e-15  2.1491e-12
  104    270  3.7449e-14  1.0111e-11
  104    272  1.0146e-14  2.7598e-12
  104    274  4.1173e-15  1.1281e-12
  105    269  3.4011e-14  9.1490e-12
  105    271  1.7744e-14  4.8086e-12
  106    273  1.4276e-14  3.8972e-12
  106    275  2.1880e-14  6.0169e-12
  106    276  7.2607e-14  2.0039e-11
  106    278  3.7533e-14  1.0434e-11
  106    280  3.3978e-13  9.5138e-11
  107    277  2.4852e-14  6.8839e-12
  108    279  2.0375e-13  5.6847e-11
  108    281  1.4160e-13  3.9789e-11
  108    282  2.9134e-12  8.2158e-10
  108    283  1.2142e-10  3.4362e-08
  108    284  1.1955e-09  3.3953e-07
  108    286  3.0807e-09  8.8107e-07
  110    285  2.6368e-09  7.5150e-07
  110    286  2.1330e-18  6.1004e-16
  110    287  9.8036e-10  2.8136e-07
  110    288  4.9464e-10  1.4246e-07
  110    290  4.0505e-10  1.1746e-07
  111    289  3.1054e-10  8.9747e-08
  111    290  5.7597e-16  1.6703e-13
  111    291  2.2405e-10  6.5198e-08
  111    292  1.7783e-09  5.1927e-07
  111    293  3.4792e-09  1.0194e-06
  111    294  3.1842e-08  9.3615e-06
  111    295  4.3902e-08  1.2951e-05
  111    296  7.3522e-08  2.1763e-05
  111    297  6.8702e-08  2.0404e-05
  111    298  2.1787e-07  6.4925e-05
  111    299  5.5286e-08  1.6530e-05
  111    300  9.0304e-08  2.7091e-05
  111    301  1.5010e-07  4.5179e-05
  111    302  3.5427e-07  1.0699e-04
  111    303  4.2375e-07  1.2840e-04
  111    304  1.0085e-06  3.0660e-04
  111    305  9.0456e-07  2.7589e-04
  111    306  1.6781e-06  5.1351e-04
  111    307  1.0891e-06  3.3436e-04
  111    308  2.0288e-06  6.2487e-04
  111    309  1.1328e-06  3.5003e-04
  111    310  1.9196e-06  5.9507e-04
  111    311  1.1178e-06  3.4762e-04
  111    312  1.6266e-06  5.0749e-04
  111    313  1.0014e-06  3.1343e-04
  111    314  1.4635e-06  4.5953e-04
  111    315  1.0241e-06  3.2260e-04
  111    316  1.2720e-06  4.0197e-04
  111    317  1.0814e-06  3.4282e-04
  111    318  2.1449e-06  6.8209e-04
  111    319  1.5379e-06  4.9058e-04
  111    320  2.0728e-06  6.6331e-04
  111    321  1.2753e-06  4.0936e-04
  111    322  2.2206e-06  7.1502e-04
  111    323  1.5147e-06  4.8924e-04
  111    324  2.8595e-06  9.2647e-04
  111    325  2.5994e-06  8.4482e-04
  111    326  2.3634e-06  7.7047e-04
  111    327  2.0804e-06  6.8028e-04
  111    328  1.7134e-06  5.6199e-04
  111    329  4.0025e-06  1.3168e-03
  111    330  2.2063e-06  7.2809e-04
  111    331  3.3763e-06  1.1176e-03
  111    332  1.5185e-06  5.0414e-04
  111    333  3.2407e-06  1.0792e-03
  111    334  2.6590e-06  8.8810e-04
  111    335  3.4107e-06  1.1426e-03
  111    336  2.0150e-06  6.7704e-04
  111    337  8.0896e-05  2.7262e-02
    1      1  6.4019e-04  6.4019e-04
    2      4  2.3778e-01  9.5111e-01


