    1      2  6.3289e-04  1.2658e-03
    1      3  1.9562e-20  5.8686e-20
    2      3  9.9941e-06  2.9982e-05
    3      7  8.0279e-11  5.6195e-10
    4      8  1.1714e-07  9.3712e-07
    4      9  1.1365e-10  1.0228e-09
    5     10  1.6933e-09  1.6933e-08
    5     11  3.4941e-09  3.8435e-08
    6     12  2.5671e-09  3.0805e-08
    6     13  5.0022e-09  6.5029e-08
    7     14  5.2528e-07  7.3539e-06
    7     15  4.7547e-07  7.1321e-06
    8     16  1.3194e-06  2.1111e-05
    8     17  1.3520e-08  2.2984e-07
    8     18  3.9527e-07  7.1148e-06
    9     19  2.4515e-08  4.6578e-07
   10     20  7.0382e-07  1.4076e-05
   10     21  2.5473e-08  5.3494e-07
   10     22  8.4644e-07  1.8622e-05
   11     23  3.7899e-07  8.7167e-06
   12     24  1.0072e-06  2.4173e-05
   12     25  3.5176e-07  8.7940e-06
   12     26  4.8411e-07  1.2587e-05
   13     27  5.1050e-09  1.3784e-07
   14     28  1.7788e-07  4.9808e-06
   14     29  1.5489e-08  4.4917e-07
   14     30  2.9243e-09  8.7730e-08
   15     31  5.2581e-09  1.6300e-07
   16     32  7.7262e-08  2.4724e-06
   16     33  6.8875e-09  2.2729e-07
   16     34  6.7377e-08  2.2908e-06
   16     36  2.1243e-07  7.6475e-06
   17     35  7.9177e-09  2.7712e-07
   17     37  1.1998e-08  4.4391e-07
   18     36  3.2345e-14  1.1644e-12
   18     38  5.7376e-08  2.1803e-06
   18     40  2.5464e-10  1.0185e-08
   19     39  1.5525e-09  6.0547e-08
   19     40  2.7497e-19  1.0999e-17
   19     41  2.6380e-11  1.0816e-09
   20     40  7.9095e-20  3.1638e-18
   20     42  2.3958e-10  1.0062e-08
   20     43  3.6727e-11  1.5792e-09
   20     44  4.7194e-10  2.0765e-08
   20     46  2.5984e-10  1.1953e-08
   21     45  8.9398e-11  4.0229e-09
   22     46  1.0391e-17  4.7798e-16
   22     47  9.1204e-11  4.2866e-09
   22     48  4.6368e-09  2.2256e-07
   22     49  1.4539e-10  7.1241e-09
   22     50  1.6971e-10  8.4855e-09
   23     51  3.3555e-11  1.7113e-09
   24     52  5.7550e-11  2.9926e-09
   24     53  2.9772e-11  1.5779e-09
   24     54  4.0489e-11  2.1864e-09
   25     55  1.0374e-11  5.7058e-10
   26     56  2.0808e-11  1.1653e-09
   26     57  1.9969e-11  1.1383e-09
   26     58  1.2983e-10  7.5301e-09
   27     59  1.4301e-12  8.4373e-11
   28     60  4.3497e-10  2.6098e-08
   28     61  1.2390e-12  7.5580e-11
   28     62  9.8955e-12  6.1352e-10
   28     64  2.5891e-10  1.6570e-08
   29     63  2.5586e-11  1.6119e-09
   29     65  1.3504e-12  8.7774e-11
   30     64  4.1771e-20  2.6734e-18
   30     66  1.4722e-11  9.7164e-10
   30     67  1.8937e-12  1.2688e-10
   30     68  1.9910e-11  1.3539e-09
   30     70  2.8113e-11  1.9679e-09
   31     69  2.2930e-12  1.5822e-10
   31     71  3.6297e-12  2.5771e-10
   32     70  1.7389e-14  1.2172e-12
   32     72  2.2075e-11  1.5894e-09
   32     73  6.0893e-12  4.4452e-10
   32     74  5.4075e-11  4.0016e-09
   32     76  7.9804e-11  6.0651e-09
   33     75  1.6218e-11  1.2163e-09
   34     76  1.2531e-13  9.5236e-12
   34     77  2.6722e-12  2.0576e-10
   34     78  7.0009e-11  5.4607e-09
   34     80  2.0643e-10  1.6514e-08
   34     82  1.7832e-10  1.4622e-08
   35     79  2.2581e-11  1.7839e-09
   35     81  2.1997e-11  1.7818e-09
   36     82  6.3597e-13  5.2149e-11
   36     83  5.9099e-12  4.9052e-10
   36     84  2.4746e-11  2.0787e-09
   36     86  1.0832e-10  9.3158e-09
   37     85  3.2940e-11  2.7999e-09
   37     87  3.8684e-11  3.3655e-09
   38     86  1.9478e-18  1.6751e-16
   38     87  2.8321e-13  2.4639e-11
   38     88  4.0488e-11  3.5630e-09
   39     89  3.3813e-11  3.0093e-09
   40     90  2.8107e-11  2.5296e-09
   40     91  8.4006e-12  7.6445e-10
   40     92  1.9374e-11  1.7824e-09
   40     94  2.3833e-11  2.2403e-09
   41     93  2.1517e-11  2.0011e-09
   42     95  9.2578e-12  8.7949e-10
   42     96  6.9215e-11  6.6446e-09
   42     97  1.1190e-11  1.0854e-09
   42     98  2.3780e-11  2.3304e-09
   42    100  1.9752e-11  1.9752e-09
   44     99  6.7264e-12  6.6591e-10
   44    100  1.8123e-12  1.8123e-10
   44    101  2.9508e-12  2.9803e-10
   44    102  7.9262e-12  8.0847e-10
   44    104  7.1590e-12  7.4453e-10
   45    103  3.1756e-12  3.2709e-10
   46    104  3.6576e-17  3.8039e-15
   46    105  3.7644e-12  3.9526e-10
   46    106  7.0165e-12  7.4375e-10
   46    108  9.7488e-12  1.0529e-09
   46    110  1.4242e-11  1.5667e-09
   47    107  2.7624e-12  2.9557e-10
   47    109  2.5416e-12  2.7703e-10
   48    110  1.3394e-14  1.4734e-12
   48    111  2.3167e-12  2.5716e-10
   48    112  5.6539e-12  6.3324e-10
   48    113  3.8793e-12  4.3836e-10
   48    114  1.3313e-11  1.5177e-09
   48    116  9.8108e-12  1.1380e-09
   49    113  1.7073e-19  1.9292e-17
   49    115  8.0742e-12  9.2853e-10
   50    115  6.4421e-18  7.4084e-16
   50    116  1.7813e-13  2.0663e-11
   50    117  1.6077e-12  1.8810e-10
   50    118  1.0661e-11  1.2580e-09
   50    119  3.9279e-12  4.6742e-10
   50    120  1.9503e-11  2.3403e-09
   50    122  3.2979e-11  4.0235e-09
   50    124  3.1371e-11  3.8900e-09
   51    121  5.3581e-12  6.4833e-10
   51    123  1.1359e-12  1.3972e-10
   52    122  7.6873e-15  9.3785e-13
   52    124  9.4699e-16  1.1743e-13
   52    125  1.0061e-11  1.2577e-09
   52    126  6.3297e-11  7.9754e-09
   52    128  5.2202e-11  6.6819e-09
   52    130  1.1884e-10  1.5449e-08
   53    127  3.3364e-12  4.2373e-10
   53    129  4.7513e-18  6.1292e-16
   54    128  3.8307e-16  4.9033e-14
   54    129  2.1486e-11  2.7717e-09
   54    130  6.6024e-14  8.5832e-12
   54    131  3.1250e-10  4.0938e-08
   54    132  1.1730e-09  1.5483e-07
   54    134  2.6207e-09  3.5117e-07
   54    136  5.6725e-10  7.7146e-08
   55    133  1.3418e-09  1.7846e-07
   56    134  2.3904e-14  3.2032e-12
   56    135  1.0669e-09  1.4404e-07
   56    136  1.0729e-12  1.4592e-10
   56    137  1.8725e-11  2.5653e-09
   56    138  5.0266e-11  6.9367e-09
   57    139  4.2625e-11  5.9249e-09
   58    140  9.0908e-11  1.2727e-08
   58    142  3.3382e-12  4.7403e-10
   59    141  6.2170e-12  8.7659e-10
   60    142  2.2519e-17  3.1978e-15
   60    143  5.0047e-12  7.1567e-10
   60    144  1.4183e-11  2.0423e-09
   60    145  1.3131e-12  1.9040e-10
   60    146  3.4282e-12  5.0052e-10
   60    148  5.4062e-12  8.0012e-10
   60    150  6.9896e-12  1.0484e-09
   62    147  3.9716e-12  5.8383e-10
   62    148  1.7974e-13  2.6602e-11
   62    149  3.4986e-13  5.2129e-11
   62    150  3.1793e-14  4.7690e-12
   62    152  1.6751e-12  2.5461e-10
   62    154  1.4226e-12  2.1908e-10
   63    151  4.1404e-13  6.2520e-11
   63    153  8.3910e-13  1.2838e-10
   64    154  6.7038e-16  1.0324e-13
   64    155  2.0899e-13  3.2393e-11
   64    156  7.0154e-13  1.0944e-10
   64    157  1.7873e-13  2.8061e-11
   64    158  3.1091e-13  4.9123e-11
   64    160  7.5553e-13  1.2088e-10
   65    159  6.8437e-14  1.0881e-11
   66    160  1.5446e-17  2.4713e-15
   66    161  5.1923e-14  8.3595e-12
   66    162  1.4621e-13  2.3686e-11
   66    163  6.1319e-14  9.9949e-12
   66    164  1.2857e-13  2.1086e-11
   67    165  1.3492e-13  2.2262e-11
   68    166  2.0810e-13  3.4544e-11
   68    167  1.4031e-13  2.3431e-11
   68    168  1.3189e-13  2.2157e-11
   68    170  1.7785e-13  3.0234e-11
   69    169  3.9510e-13  6.6772e-11
   70    170  4.7980e-17  8.1565e-15
   70    171  1.3903e-13  2.3774e-11
   70    172  6.5625e-14  1.1288e-11
   70    173  4.4622e-14  7.7196e-12
   70    174  3.3041e-13  5.7492e-11
   70    176  1.7525e-13  3.0845e-11
   71    175  8.6252e-14  1.5094e-11
   71    176  9.5527e-18  1.6813e-15
   72    176  8.9420e-20  1.5738e-17
   72    177  1.0749e-13  1.9026e-11
   72    178  9.2738e-14  1.6507e-11
   72    179  8.3789e-14  1.4998e-11
   72    180  1.3650e-13  2.4570e-11
   73    181  8.1382e-13  1.4730e-10
   74    182  4.3744e-13  7.9614e-11
   74    183  7.2742e-14  1.3312e-11
   74    184  3.0364e-14  5.5870e-12
   74    186  2.5648e-14  4.7705e-12
   75    185  1.7248e-14  3.1908e-12
   75    187  5.6778e-14  1.0618e-11
   76    186  3.5793e-20  6.6575e-18
   76    187  4.6137e-16  8.6276e-14
   76    188  2.4925e-14  4.6858e-12
   76    189  1.2152e-13  2.2968e-11
   76    190  9.4270e-14  1.7911e-11
   76    192  1.0307e-12  1.9789e-10
   77    191  2.2358e-13  4.2704e-11
   77    193  8.9353e-14  1.7245e-11
   78    192  6.1619e-18  1.1831e-15
   78    194  2.9324e-13  5.6888e-11
   78    195  2.2214e-13  4.3318e-11
   78    196  2.2415e-13  4.3933e-11
   78    198  9.7267e-13  1.9259e-10
   79    197  4.3778e-13  8.6242e-11
   80    198  9.1496e-17  1.8116e-14
   80    199  7.0994e-14  1.4128e-11
   80    200  1.8285e-13  3.6570e-11
   80    201  1.3881e-13  2.7900e-11
   80    202  2.3423e-13  4.7314e-11
   80    204  7.9716e-13  1.6262e-10
   81    203  3.1760e-13  6.4472e-11
   81    205  7.2381e-13  1.4838e-10
   82    204  1.3038e-19  2.6598e-17
   82    206  2.5780e-12  5.3107e-10
   82    208  8.8380e-10  1.8383e-07
   82    214  1.6519e-19  3.5350e-17
   83    209  2.7653e-07  5.7795e-05
   83    210  5.1568e-19  1.0829e-16
   83    212  1.9054e-19  4.0394e-17
   83    214  7.3073e-16  1.5638e-13
   84    215  7.8812e-15  1.6945e-12
   84    216  5.1025e-16  1.1021e-13
   86    219  1.2909e-18  2.8270e-16
   86    220  8.3637e-20  1.8400e-17
   88    226  7.2023e-20  1.6277e-17
   88    228  1.3649e-18  3.1120e-16
   89    227  1.4302e-20  3.2466e-18
   90    230  3.3942e-18  7.8068e-16
   90    232  5.9747e-13  1.3861e-10
   91    231  2.1442e-17  4.9531e-15
   92    234  1.1050e-17  2.5856e-15
   92    235  4.6213e-13  1.0860e-10
   92    236  2.3855e-15  5.6297e-13
   92    238  2.0102e-13  4.7842e-11
   94    240  4.7188e-19  1.1325e-16
   94    244  5.7438e-15  1.4015e-12
   96    247  1.1643e-19  2.8759e-17
   97    246  4.5124e-17  1.1100e-14
  100    258  1.2277e-12  3.1675e-10
  100    260  6.2277e-12  1.6192e-09
  100    262  2.5620e-11  6.7124e-09
  102    260  4.1585e-20  1.0812e-17
  102    261  1.8712e-11  4.8838e-09
  102    263  3.6184e-11  9.5164e-09
  102    264  1.3493e-11  3.5620e-09
  102    266  9.3385e-12  2.4840e-09
  103    265  2.5497e-11  6.7566e-09
  104    267  1.5154e-12  4.0462e-10
  104    268  4.7967e-13  1.2855e-10
  104    270  2.1190e-12  5.7213e-10
  104    272  5.5854e-13  1.5192e-10
  104    274  2.2404e-13  6.1387e-11
  105    269  1.9997e-12  5.3793e-10
  105    271  9.9266e-13  2.6901e-10
  106    273  7.7928e-13  2.1274e-10
  106    275  1.1065e-12  3.0428e-10
  106    276  3.4234e-12  9.4485e-10
  106    278  1.6107e-12  4.4778e-10
  106    280  1.1264e-11  3.1540e-09
  107    277  1.1321e-12  3.1360e-10
  108    279  7.3140e-12  2.0406e-09
  108    281  4.6111e-12  1.2957e-09
  108    282  2.6026e-11  7.3393e-09
  108    283  3.0472e-10  8.6236e-08
  108    284  2.8075e-09  7.9733e-07
  108    286  7.0991e-09  2.0303e-06
  110    285  6.2414e-09  1.7788e-06
  110    286  8.3937e-17  2.4006e-14
  110    287  2.3870e-09  6.8507e-07
  110    288  9.0504e-10  2.6065e-07
  110    290  5.0351e-10  1.4602e-07
  111    289  6.6152e-10  1.9118e-07
  111    290  9.3082e-15  2.6994e-12
  111    291  4.6244e-10  1.3457e-07
  111    292  7.2461e-10  2.1159e-07
  111    293  2.4990e-09  7.3220e-07
  111    294  7.5864e-09  2.2304e-06
  111    295  5.1265e-09  1.5123e-06
  111    296  5.9235e-09  1.7534e-06
  111    297  2.7184e-09  8.0738e-07
  111    298  5.5553e-09  1.6555e-06
  111    299  1.1053e-09  3.3048e-07
  111    300  1.3688e-09  4.1065e-07
  111    301  9.3646e-09  2.8187e-06
  111    302  1.7479e-08  5.2785e-06
  111    303  1.9076e-08  5.7800e-06
  111    304  2.7670e-08  8.4118e-06
  111    305  2.4877e-08  7.5875e-06
  111    306  2.9386e-08  8.9920e-06
  111    307  2.5961e-08  7.9701e-06
  111    308  2.9806e-08  9.1803e-06
  111    309  1.7892e-08  5.5287e-06
  111    310  2.2620e-08  7.0123e-06
  111    311  1.4893e-08  4.6318e-06
  111    312  1.7910e-08  5.5878e-06
  111    313  1.0868e-08  3.4018e-06
  111    314  1.5661e-08  4.9175e-06
  111    315  1.2738e-08  4.0125e-06
  111    316  1.5914e-08  5.0287e-06
  111    317  1.4300e-08  4.5332e-06
  111    318  2.4325e-08  7.7352e-06
  111    319  2.1776e-08  6.9466e-06
  111    320  2.4415e-08  7.8128e-06
  111    321  1.5945e-08  5.1184e-06
  111    322  2.1028e-08  6.7712e-06
  111    323  1.7567e-08  5.6741e-06
  111    324  2.1601e-08  6.9987e-06
  111    325  2.8296e-08  9.1962e-06
  111    326  2.5076e-08  8.1747e-06
  111    327  2.0785e-08  6.7968e-06
  111    328  1.6100e-08  5.2808e-06
  111    329  2.3929e-08  7.8727e-06
  111    330  1.8706e-08  6.1729e-06
  111    331  2.3075e-08  7.6377e-06
  111    332  1.6101e-08  5.3454e-06
  111    333  2.5771e-08  8.5817e-06
  111    334  1.6732e-08  5.5885e-06
  111    335  2.0902e-08  7.0021e-06
  111    336  1.2249e-08  4.1158e-06
  111    337  7.5572e-05  2.5468e-02
    1      1  1.6882e-02  1.6882e-02
    2      4  2.3901e-01  9.5605e-01


