1  4.5590e-06
2  3.2762e-08
3  1.9548e-10
4  2.1958e-01
5  0.0000e+00
6  9.1753e-18
7  1.9260e-09
8  9.3482e-08
9  4.5168e-08
10  4.8518e-07
11  8.6553e-10
12  4.4078e-09
13  8.2749e-09
14  7.8551e-08
15  1.0578e-05
16  7.3912e-06
17  2.8706e-07
18  4.1569e-07
19  1.0494e-06
20  2.1417e-06
21  2.0159e-06
22  4.2312e-08
23  7.5982e-07
24  4.0793e-07
25  2.3768e-07
26  2.1158e-07
27  1.1089e-07
28  1.4163e-07
29  6.4239e-08
30  1.3803e-07
31  3.4966e-08
32  1.1982e-07
33  1.7409e-07
34  2.5965e-07
35  3.5066e-08
36  4.1335e-08
37  1.4098e-09
38  1.1502e-08
39  3.2846e-09
40  6.2137e-09
41  3.0393e-09
42  1.1010e-08
43  5.3310e-09
44  9.6603e-09
45  5.4750e-09
46  3.5612e-09
47  8.6496e-10
48  1.1375e-10
49  2.9432e-11
50  5.6064e-12
51  2.0685e-11
52  1.0150e-11
53  8.1618e-10
54  2.5028e-10
55  2.4578e-11
56  9.6983e-11
57  1.1084e-11
58  3.6591e-11
59  9.9562e-12
60  2.2590e-11
61  2.6646e-13
62  4.2763e-13
63  6.1888e-12
64  4.8362e-11
65  3.2308e-12
66  6.7177e-12
67  1.0705e-11
68  1.6216e-11
69  7.2436e-12
70  3.2616e-12
71  1.6464e-12
72  1.1377e-12
73  3.8117e-13
74  2.1499e-10
75  5.0181e-10
76  9.8583e-10
77  2.4572e-10
78  1.4484e-10
79  5.3372e-11
80  2.3362e-09
81  3.2155e-10
82  1.9420e-09
83  5.8549e-09
84  7.8181e-10
85  1.1351e-09
86  1.3916e-10
87  1.3472e-09
88  1.4056e-10
89  7.7897e-11
90  1.7212e-10
91  5.0086e-10
92  2.7617e-09
93  4.8747e-09
94  2.5656e-08
95  3.4875e-08
96  2.3708e-08
97  8.9023e-09
98  1.0235e-08
99  2.2452e-09
100  4.0659e-09
101  1.2125e-09
102  1.6261e-09
103  6.8227e-10
104  1.0028e-09
105  1.9765e-10
106  1.8276e-10
107  6.6947e-11
108  1.0556e-10
109  2.9831e-11
110  1.3304e-10
111  3.4278e-11
112  7.6691e-11
113  2.0511e-11
114  1.1947e-10
115  1.0026e-10
116  3.7633e-10
117  1.4226e-10
118  9.8666e-11
119  1.4227e-11
120  2.1691e-11
121  8.8809e-11
122  1.4981e-10
123  1.7630e-11
124  1.9139e-11
125  5.9932e-10
126  3.6680e-10
127  3.6830e-09
128  3.2093e-09
129  1.7344e-07
130  6.9628e-08
131  7.0732e-08
132  1.1039e-07
133  2.6839e-08
134  5.5126e-09
135  7.6570e-10
136  9.3519e-09
137  4.2820e-09
138  3.7891e-08
139  8.2926e-10
140  6.0574e-10
141  2.1337e-09
142  5.2127e-09
143  4.3289e-09
144  4.3285e-09
145  4.3583e-10
146  7.1807e-10
147  2.3255e-10
148  2.7327e-10
149  6.8867e-11
150  8.7975e-11
151  5.5013e-12
152  1.0020e-11
153  2.3992e-12
154  1.9165e-12
155  5.3360e-12
156  2.8795e-12
157  1.1770e-12
158  2.5853e-12
159  1.2056e-13
160  2.1372e-13
161  1.2421e-13
162  6.6388e-14
163  8.0866e-14
164  4.0800e-14
165  7.0504e-14
166  2.2633e-14
167  6.6120e-14
168  3.5559e-14
169  5.0988e-13
170  2.3759e-14
171  2.1135e-13
172  3.4234e-14
173  2.1556e-14
174  1.8163e-13
175  2.6011e-14
176  3.5892e-14
177  3.1657e-13
178  7.6095e-14
179  5.6526e-14
180  1.2136e-13
181  2.7113e-13
182  2.8185e-13
183  3.9526e-13
184  5.2912e-13
185  2.8131e-13
186  2.1875e-13
187  4.1865e-13
188  5.3674e-13
189  1.0296e-12
190  1.0351e-12
191  3.3548e-12
192  1.8482e-12
193  4.1549e-13
194  1.2511e-12
195  1.9106e-12
196  1.2762e-12
197  3.8483e-12
198  2.9127e-12
199  7.0050e-13
200  3.8324e-12
201  3.1870e-12
202  8.7397e-12
203  1.4551e-11
204  8.2637e-12
205  5.3766e-12
206  6.7072e-11
207  1.1681e-10
208  8.3167e-11
209  1.7153e-10
210  3.4974e-18
211  1.0261e-11
212  2.0852e-13
213  8.3824e-46
214  1.8318e-24
215  5.1980e-47
216  7.0015e-45
217  2.9022e-86
218  3.1481e-26
219  2.7131e-12
220  5.9397e-14
221  2.9866e-320
222  5.5881e-23
223  3.9335e-21
224  2.7370e-23
225  1.8175e-40
226  8.5507e-18
227  2.7416e-18
228  8.8019e-17
229  6.7793e-30
230  4.0299e-16
231  4.1008e-15
232  3.8526e-11
233  2.4244e-27
234  1.3122e-15
235  8.8384e-11
236  1.8652e-13
237  -6.5851e-319
238  2.3873e-11
239  4.6447e-21
240  3.6927e-17
241  0.0000e+00
242  5.9321e-94
243  1.4199e-21
244  4.4948e-13
245  0.0000e+00
246  5.8018e-15
247  2.9968e-18
248  2.7004e-93
249  0.0000e+00
250  0.0000e+00
251  7.9660e-314
252  0.0000e+00
253  0.0000e+00
254  0.0000e+00
255  0.0000e+00
256  0.0000e+00
257  4.6958e-27
258  5.2719e-11
259  2.2051e-26
260  2.9935e-10
261  2.4426e-09
262  3.1435e-09
263  4.8466e-09
264  4.5651e-09
265  6.2726e-09
266  4.1957e-09
267  5.9296e-10
268  2.9811e-10
269  1.3829e-09
270  2.3002e-09
271  1.5643e-09
272  5.6573e-10
273  9.6245e-10
274  7.0860e-10
275  3.1901e-09
276  1.2861e-08
277  7.2989e-09
278  4.3053e-09
279  2.1205e-08
280  4.0153e-08
281  2.6281e-08
282  7.7130e-08
283  1.0639e-07
284  2.3761e-07
285  7.0745e-07
286  1.1040e-06
287  7.0902e-07
288  4.6470e-07
289  4.7636e-07
290  1.5954e-06
291  1.3596e-06
292  1.2304e-05
293  7.6481e-06
294  1.5346e-05
295  9.6006e-06
296  4.7882e-06
297  1.7788e-06
298  6.2477e-07
299  1.3432e-10
300  1.4354e-09
301  3.9145e-07
302  8.1899e-07
303  5.7647e-07
304  1.1605e-06
305  1.2677e-06
306  2.2515e-06
307  1.8986e-06
308  1.8096e-06
309  1.9029e-06
310  2.1614e-06
311  1.7493e-06
312  1.6349e-06
313  1.2524e-06
314  1.2344e-06
315  1.1886e-06
316  1.6266e-06
317  1.5635e-06
318  2.8675e-06
319  2.8377e-06
320  3.1933e-06
321  3.1957e-06
322  5.9336e-06
323  6.1553e-06
324  1.4499e-05
325  8.4102e-06
326  1.7474e-05
327  8.6159e-05
328  2.8313e-05
329  6.0421e-05
330  7.4233e-06
331  3.3426e-05
332  1.5911e-05
333  3.2426e-05
334  2.1035e-06
335  5.5259e-06
336  3.0691e-07
337  2.2255e-04

