1  7.5677e-09
2  1.2836e-08
3  7.5633e-10
4  1.9545e-01
5  0.0000e+00
6  2.4583e-11
7  2.7031e-09
8  4.4211e-08
9  2.0070e-08
10  3.2570e-07
11  2.2449e-09
12  1.2249e-08
13  8.3937e-08
14  7.8808e-08
15  1.7847e-05
16  5.3557e-07
17  2.0113e-08
18  1.1490e-07
19  1.4298e-06
20  2.1155e-06
21  1.0933e-06
22  1.0600e-08
23  1.1281e-06
24  4.0751e-07
25  4.9108e-07
26  9.2554e-08
27  1.2023e-07
28  1.9426e-07
29  5.9683e-08
30  4.8918e-08
31  2.7809e-08
32  7.1490e-08
33  2.6585e-07
34  2.0912e-07
35  9.9544e-09
36  1.1166e-08
37  3.7559e-09
38  1.7744e-08
39  1.4613e-08
40  5.8236e-09
41  1.8060e-08
42  7.4975e-08
43  1.5221e-08
44  2.1453e-08
45  2.1065e-08
46  1.9492e-09
47  3.1196e-09
48  3.6534e-09
49  2.5358e-09
50  1.9181e-09
51  2.0287e-09
52  5.2578e-09
53  9.2232e-09
54  1.5584e-09
55  3.5918e-10
56  1.2770e-08
57  2.4376e-08
58  8.9124e-10
59  1.6588e-10
60  6.2942e-10
61  5.2207e-10
62  5.3110e-10
63  4.0957e-08
64  3.0567e-09
65  7.2591e-09
66  1.4407e-08
67  8.7125e-08
68  9.4586e-09
69  4.4970e-09
70  3.0742e-08
71  9.8777e-09
72  2.2086e-08
73  2.5196e-08
74  8.8438e-08
75  2.6385e-07
76  9.5246e-08
77  2.8014e-07
78  2.6130e-07
79  1.8130e-07
80  1.0590e-06
81  2.1614e-07
82  2.6091e-07
83  3.9371e-07
84  8.5886e-08
85  8.9185e-08
86  6.2670e-08
87  5.2127e-08
88  2.1290e-08
89  2.2197e-08
90  2.0445e-08
91  2.3839e-08
92  3.4722e-08
93  3.9072e-08
94  1.1873e-07
95  4.8834e-08
96  1.4936e-08
97  5.6771e-08
98  9.6852e-09
99  1.3252e-08
100  2.3224e-08
101  1.4641e-08
102  1.9402e-08
103  2.8899e-08
104  5.9051e-09
105  2.6730e-09
106  1.4438e-08
107  1.3128e-08
108  2.1322e-08
109  3.2211e-08
110  4.4270e-08
111  6.1373e-09
112  3.7247e-08
113  3.6314e-08
114  3.9490e-08
115  6.1310e-08
116  2.5810e-09
117  9.2275e-09
118  2.1235e-09
119  2.4253e-09
120  2.4146e-08
121  3.0885e-08
122  1.8946e-08
123  2.7485e-08
124  8.7158e-08
125  2.8770e-07
126  5.8278e-07
127  1.3175e-06
128  9.5416e-07
129  1.6901e-06
130  6.0469e-07
131  2.9903e-07
132  2.7912e-07
133  2.0226e-07
134  1.8003e-07
135  1.0720e-07
136  2.0137e-07
137  1.4980e-07
138  1.9171e-07
139  4.8036e-08
140  1.0634e-07
141  1.3088e-07
142  1.0517e-07
143  1.0636e-07
144  1.0214e-07
145  1.6876e-08
146  6.0640e-08
147  1.0452e-07
148  3.0390e-08
149  3.6333e-09
150  9.1500e-09
151  1.1867e-09
152  7.8391e-09
153  7.6952e-09
154  4.5150e-09
155  6.4738e-08
156  2.8144e-09
157  1.1696e-08
158  3.2694e-08
159  1.6737e-10
160  1.8758e-09
161  3.9498e-09
162  2.1770e-09
163  3.4476e-09
164  4.0506e-09
165  2.7186e-09
166  1.2982e-08
167  1.4296e-08
168  9.5131e-09
169  8.8850e-08
170  2.6703e-08
171  4.0722e-08
172  2.9983e-08
173  1.9108e-08
174  8.0555e-08
175  2.2084e-08
176  5.2457e-08
177  2.2731e-07
178  8.3702e-08
179  5.2006e-08
180  9.2495e-08
181  1.5655e-07
182  1.8731e-07
183  1.5357e-07
184  1.9177e-07
185  1.3264e-07
186  1.2052e-07
187  1.1581e-07
188  1.5122e-07
189  7.7663e-08
190  2.3390e-07
191  2.2775e-07
192  3.2319e-07
193  8.7329e-08
194  1.9927e-07
195  2.0616e-07
196  4.5247e-07
197  1.0546e-06
198  2.1609e-06
199  1.3804e-06
200  5.0926e-06
201  2.3610e-06
202  3.6226e-06
203  1.2303e-06
204  4.2243e-07
205  1.9053e-07
206  2.2411e-06
207  3.8296e-06
208  1.1850e-06
209  6.5075e-06
210  5.8631e-13
211  1.9382e-18
212  1.3500e-18
213  3.5809e-44
214  3.0706e-19
215  5.3431e-25
216  1.5642e-24
217  1.3787e-93
218  5.2772e-21
219  7.4997e-22
220  5.9978e-22
221  -2.8191e-320
222  9.3680e-18
223  1.8710e-16
224  3.3873e-18
225  2.1582e-40
226  1.4335e-12
227  1.3041e-13
228  1.0893e-11
229  8.0499e-30
230  6.7558e-11
231  1.9507e-10
232  4.7680e-06
233  2.8769e-27
234  2.1999e-10
235  4.2042e-06
236  2.1040e-08
237  1.7812e-318
238  4.0021e-06
239  2.6398e-17
240  4.1653e-12
241  0.0000e+00
242  5.3256e-115
243  8.0700e-18
244  5.0702e-08
245  0.0000e+00
246  8.2689e-10
247  1.7033e-14
248  3.2998e-114
249  0.0000e+00
250  0.0000e+00
251  7.4716e-314
252  0.0000e+00
253  0.0000e+00
254  0.0000e+00
255  0.0000e+00
256  0.0000e+00
257  5.4578e-26
258  1.4652e-06
259  4.9865e-26
260  1.2571e-06
261  9.7592e-07
262  9.9022e-07
263  1.3798e-06
264  1.9752e-06
265  2.5969e-06
266  3.3607e-06
267  1.7531e-06
268  2.2079e-06
269  6.8389e-06
270  6.8710e-06
271  5.3219e-06
272  7.4184e-06
273  1.1827e-05
274  1.6029e-05
275  1.5352e-05
276  2.0726e-05
277  4.8274e-06
278  4.8295e-06
279  3.6718e-06
280  1.7502e-06
281  6.9900e-07
282  2.6761e-06
283  3.2463e-06
284  3.7302e-06
285  4.6118e-06
286  6.6506e-06
287  7.8985e-06
288  7.9674e-06
289  6.8072e-06
290  1.4202e-05
291  1.1344e-05
292  7.7197e-05
293  3.8274e-05
294  5.1542e-05
295  2.2332e-05
296  8.7202e-06
297  2.8030e-06
298  8.5811e-07
299  1.2611e-10
300  1.4485e-09
301  1.9236e-05
302  1.6889e-05
303  8.2582e-06
304  2.1206e-05
305  2.6225e-05
306  3.2123e-05
307  1.1089e-05
308  1.1879e-05
309  6.4987e-06
310  1.2456e-05
311  8.6090e-06
312  5.0592e-06
313  5.1352e-06
314  5.8192e-06
315  4.2202e-06
316  5.6509e-06
317  4.4266e-06
318  7.6433e-06
319  9.8667e-06
320  8.2867e-06
321  3.2121e-06
322  7.4698e-06
323  8.3783e-06
324  1.1763e-05
325  1.5164e-06
326  1.0090e-05
327  1.2128e-05
328  1.2391e-06
329  7.6512e-06
330  6.2735e-07
331  1.4000e-06
332  1.1169e-06
333  1.6016e-07
334  6.9179e-08
335  2.4679e-08
336  2.6728e-08
337  1.2519e-06

