1  5.8481e-09
2  1.1039e-08
3  7.4406e-10
4  1.9487e-01
5  0.0000e+00
6  2.4256e-11
7  2.4439e-09
8  3.5850e-08
9  1.5778e-08
10  2.8179e-07
11  2.6854e-09
12  1.1867e-08
13  1.3061e-07
14  8.4967e-08
15  1.7604e-05
16  4.6844e-07
17  1.6666e-08
18  9.7016e-08
19  1.4612e-06
20  2.1184e-06
21  9.7256e-07
22  8.9346e-09
23  1.1589e-06
24  4.0705e-07
25  5.1801e-07
26  7.7938e-08
27  1.1126e-07
28  1.8922e-07
29  5.3768e-08
30  4.3569e-08
31  3.0162e-08
32  6.4989e-08
33  2.8556e-07
34  2.2156e-07
35  9.6519e-09
36  1.0194e-08
37  4.4177e-09
38  1.9706e-08
39  1.6117e-08
40  6.4058e-09
41  2.3975e-08
42  9.4441e-08
43  1.8040e-08
44  2.5423e-08
45  2.5466e-08
46  3.2930e-09
47  5.2904e-09
48  7.2931e-09
49  5.2870e-09
50  4.3551e-09
51  3.6957e-09
52  8.5996e-09
53  1.2670e-08
54  2.7469e-09
55  7.3466e-10
56  1.8493e-08
57  4.1611e-08
58  1.1571e-09
59  3.7870e-10
60  1.3526e-09
61  1.3359e-09
62  1.2719e-09
63  6.3566e-08
64  6.6424e-09
65  1.4147e-08
66  2.9178e-08
67  1.2958e-07
68  1.5584e-08
69  7.0053e-09
70  4.0507e-08
71  1.1819e-08
72  2.9118e-08
73  2.9253e-08
74  1.1891e-07
75  4.1901e-07
76  1.8398e-07
77  4.4690e-07
78  4.1091e-07
79  2.7930e-07
80  1.3839e-06
81  3.1003e-07
82  3.4867e-07
83  4.8452e-07
84  1.1071e-07
85  9.7419e-08
86  6.5667e-08
87  5.7782e-08
88  3.4211e-08
89  3.2500e-08
90  3.5159e-08
91  3.6875e-08
92  6.1274e-08
93  6.0633e-08
94  1.7976e-07
95  7.3458e-08
96  2.6778e-08
97  8.7153e-08
98  1.8962e-08
99  2.5946e-08
100  4.0973e-08
101  2.9998e-08
102  3.5308e-08
103  4.6330e-08
104  1.1162e-08
105  5.8002e-09
106  2.6979e-08
107  2.3631e-08
108  3.5350e-08
109  4.9989e-08
110  6.9565e-08
111  1.0324e-08
112  5.8115e-08
113  5.0314e-08
114  5.0474e-08
115  7.1876e-08
116  3.4775e-09
117  1.4194e-08
118  4.4590e-09
119  4.5305e-09
120  3.8353e-08
121  4.2058e-08
122  3.5270e-08
123  4.6657e-08
124  1.9755e-07
125  5.3278e-07
126  1.1488e-06
127  1.9482e-06
128  1.4398e-06
129  2.3352e-06
130  8.4400e-07
131  3.8664e-07
132  3.8668e-07
133  3.4926e-07
134  3.2926e-07
135  1.8956e-07
136  3.1736e-07
137  2.2857e-07
138  2.6308e-07
139  8.3156e-08
140  1.7799e-07
141  2.3312e-07
142  1.8344e-07
143  1.8531e-07
144  1.8425e-07
145  3.8843e-08
146  1.1281e-07
147  1.8348e-07
148  5.9837e-08
149  9.1542e-09
150  2.2561e-08
151  3.7285e-09
152  2.3966e-08
153  2.2085e-08
154  1.6075e-08
155  1.5822e-07
156  8.3559e-09
157  3.3525e-08
158  8.2109e-08
159  5.0840e-10
160  6.6560e-09
161  1.4011e-08
162  7.7974e-09
163  1.0530e-08
164  1.4000e-08
165  9.0758e-09
166  4.1730e-08
167  4.4067e-08
168  2.9836e-08
169  2.3282e-07
170  7.4545e-08
171  1.0514e-07
172  7.9478e-08
173  5.0494e-08
174  1.9475e-07
175  5.6608e-08
176  1.3061e-07
177  4.8217e-07
178  1.7189e-07
179  1.0469e-07
180  1.7780e-07
181  2.9719e-07
182  3.3727e-07
183  2.6668e-07
184  3.2322e-07
185  2.2422e-07
186  2.1073e-07
187  1.9821e-07
188  2.4912e-07
189  1.2664e-07
190  3.7666e-07
191  3.5401e-07
192  5.7153e-07
193  1.6535e-07
194  4.3495e-07
195  5.2897e-07
196  1.3182e-06
197  2.9593e-06
198  4.9506e-06
199  2.8828e-06
200  7.2947e-06
201  2.9031e-06
202  3.2848e-06
203  9.0778e-07
204  2.7495e-07
205  1.2830e-07
206  4.4037e-06
207  5.7362e-06
208  2.1982e-06
209  9.6252e-06
210  8.3447e-13
211  2.6548e-18
212  2.0016e-18
213  3.5698e-44
214  4.3704e-19
215  7.3186e-25
216  2.3191e-24
217  2.0787e-95
218  7.5109e-21
219  1.0273e-21
220  8.8926e-22
221  -6.7371e-320
222  1.3333e-17
223  2.5628e-16
224  5.0222e-18
225  2.1514e-40
226  2.0402e-12
227  1.7863e-13
228  1.6151e-11
229  8.0248e-30
230  9.6154e-11
231  2.6719e-10
232  7.0692e-06
233  2.8679e-27
234  3.1310e-10
235  5.7586e-06
236  2.7200e-08
237  -2.1443e-319
238  5.6960e-06
239  3.0546e-17
240  5.3847e-12
241  0.0000e+00
242  9.7642e-117
243  9.3379e-18
244  6.5544e-08
245  0.0000e+00
246  1.0394e-09
247  1.9709e-14
248  6.2098e-116
249  0.0000e+00
250  0.0000e+00
251  -8.2067e-314
252  0.0000e+00
253  0.0000e+00
254  0.0000e+00
255  0.0000e+00
256  0.0000e+00
257  8.2812e-26
258  1.7740e-06
259  5.3065e-26
260  1.5636e-06
261  1.4182e-06
262  1.7722e-06
263  2.5608e-06
264  3.8406e-06
265  5.0827e-06
266  6.8281e-06
267  3.8889e-06
268  4.8188e-06
269  1.3920e-05
270  1.3827e-05
271  1.1577e-05
272  1.6853e-05
273  2.5440e-05
274  3.0579e-05
275  2.3388e-05
276  2.6237e-05
277  5.3474e-06
278  4.7931e-06
279  3.2889e-06
280  1.6306e-06
281  8.7019e-07
282  4.9525e-06
283  6.1494e-06
284  6.9917e-06
285  7.7406e-06
286  1.0479e-05
287  1.2344e-05
288  1.2168e-05
289  9.8750e-06
290  1.7916e-05
291  1.4012e-05
292  8.5479e-05
293  3.9132e-05
294  4.9472e-05
295  2.0542e-05
296  7.8124e-06
297  2.4753e-06
298  7.5255e-07
299  1.0953e-10
300  1.2577e-09
301  1.7884e-05
302  1.4203e-05
303  7.0478e-06
304  1.7852e-05
305  2.0560e-05
306  2.3897e-05
307  6.3526e-06
308  7.1127e-06
309  3.8343e-06
310  6.5390e-06
311  4.5995e-06
312  2.6464e-06
313  2.6923e-06
314  2.9251e-06
315  1.9514e-06
316  2.8196e-06
317  1.9901e-06
318  3.3821e-06
319  4.1969e-06
320  3.8952e-06
321  1.3010e-06
322  2.7913e-06
323  3.0968e-06
324  3.9908e-06
325  3.6549e-07
326  3.1006e-06
327  3.6779e-06
328  1.8235e-07
329  2.1767e-06
330  1.5267e-07
331  2.1117e-07
332  2.2461e-07
333  2.7213e-08
334  1.3101e-08
335  3.9172e-09
336  5.1214e-09
337  2.1920e-07

