1  4.1240e-06
2  1.9634e-01
3  1.9519e-09
4  3.9818e-07
5  8.1189e-07
6  1.2328e-08
7  1.8358e-06
8  1.6406e-05
9  1.6693e-06
10  5.7560e-06
11  4.1046e-07
12  7.4560e-07
13  9.4449e-08
14  2.6247e-07
15  4.8874e-08
16  3.7958e-07
17  2.2344e-08
18  3.9350e-08
19  3.8452e-08
20  8.8736e-08
21  2.6361e-08
22  7.9002e-09
23  3.4532e-09
24  3.0381e-08
25  2.4004e-10
26  1.5834e-08
27  1.6031e-10
28  1.5811e-08
29  4.0268e-08
30  5.5465e-08
31  9.7039e-09
32  1.8419e-07
33  1.5405e-07
34  9.6452e-07
35  1.6445e-07
36  1.6203e-07
37  1.0959e-07
38  4.6362e-09
39  1.1587e-08
40  1.0554e-07
41  4.5187e-08
42  8.6788e-08
43  6.0115e-34
44  8.8417e-09
45  2.7384e-09
46  2.4231e-08
47  8.5180e-09
48  4.9549e-08
49  2.6154e-08
50  4.9945e-08
51  1.7193e-08
52  7.5347e-07
53  1.2797e-07
54  2.0367e-06
55  1.5699e-07
56  2.1193e-07
57  4.7972e-09
58  7.8676e-08
59  3.2830e-08
60  4.8210e-08
61  9.3166e-89
62  8.4130e-09
63  9.7210e-11
64  3.2540e-10
65  1.3750e-12
66  2.1109e-11
67  1.2970e-11
68  1.3878e-11
69  3.1706e-11
70  2.8840e-11
71  2.3347e-12
72  4.7359e-11
73  7.0459e-12
74  5.2883e-11
75  1.4797e-11
76  9.0435e-11
77  2.4767e-10
78  2.7753e-10
79  3.7591e-10
80  8.7567e-08
81  1.4342e-07
82  4.3359e-06
83  1.6327e-06
84  8.5597e-18
85  3.1979e-26
86  2.3638e-19
87  3.7439e-22
88  3.6243e-14
89  1.4118e-14
90  1.6654e-07
91  2.1166e-11
92  5.5776e-07
93  2.2416e-21
94  1.5236e-09
95  1.4704e-18
96  3.1037e-15
97  2.0399e-11
98  7.5682e-314
99  1.1364e-322
100  4.4144e-06
101  -4.6786e-313
102  8.8464e-06
103  1.0303e-06
104  1.3750e-05
105  3.4632e-06
106  2.5943e-05
107  1.6527e-06
108  3.5717e-05
109  5.3705e-321
110  4.9817e-05
111  5.4098e-04
112  0.0000e+00
113  0.0000e+00
114  0.0000e+00
115  0.0000e+00
116  0.0000e+00
117  0.0000e+00
118  0.0000e+00

