1  5.9617e-15
2  4.4511e-10
3  7.1864e-27
4  5.5799e-19
5  3.1822e-22
6  5.3141e-18
7  1.2082e-18
8  2.0205e-19
9  4.7255e-25
10  6.9292e-22
11  1.1089e-24
12  1.0430e-20
13  3.9039e-21
14  2.7389e-17
15  2.8833e-17
16  3.2538e-12
17  6.4377e-14
18  2.4776e-14
19  1.5598e-14
20  1.8714e-10
21  9.5902e-12
22  2.3143e-03
23  1.0861e-05
24  3.8268e-04
25  7.7384e-06
26  2.2240e-04
27  2.2718e-05
28  5.4340e-04
29  9.3491e-05
30  8.2194e-03
31  8.6338e-05
32  4.9236e-04
33  2.9466e-05
34  1.3014e-03
35  1.5854e-04
36  1.1702e-03
37  6.1383e-05
38  2.6849e-07
39  2.2648e-08
40  4.7549e-09
41  9.9992e-13
42  7.8003e-14
43  5.8103e-33
44  3.2713e-20
45  3.8770e-23
46  9.9640e-23
47  5.2661e-25
48  2.2325e-144
49  7.0011e-290
50  0.0000e+00
51  0.0000e+00
52  0.0000e+00
53  0.0000e+00
54  0.0000e+00
55  0.0000e+00
56  0.0000e+00
57  0.0000e+00
58  0.0000e+00
59  0.0000e+00
60  0.0000e+00
61  0.0000e+00
62  0.0000e+00
63  0.0000e+00
64  0.0000e+00
65  0.0000e+00
66  0.0000e+00
67  0.0000e+00
68  0.0000e+00
69  0.0000e+00
70  0.0000e+00
71  0.0000e+00
72  0.0000e+00
73  0.0000e+00
74  0.0000e+00
75  0.0000e+00
76  0.0000e+00
77  0.0000e+00
78  0.0000e+00
79  0.0000e+00
80  0.0000e+00
81  0.0000e+00
82  0.0000e+00
83  0.0000e+00
84  0.0000e+00
85  0.0000e+00
86  0.0000e+00
87  0.0000e+00
88  0.0000e+00
89  0.0000e+00
90  0.0000e+00
91  0.0000e+00
92  0.0000e+00
93  0.0000e+00
94  0.0000e+00
95  0.0000e+00
96  0.0000e+00
97  0.0000e+00
98  0.0000e+00
99  0.0000e+00
100  0.0000e+00
101  0.0000e+00
102  0.0000e+00
103  0.0000e+00
104  0.0000e+00
105  0.0000e+00
106  0.0000e+00
107  0.0000e+00
108  0.0000e+00
109  0.0000e+00
110  0.0000e+00
111  0.0000e+00
112  0.0000e+00
113  0.0000e+00
114  0.0000e+00
115  0.0000e+00
116  0.0000e+00
117  0.0000e+00
118  0.0000e+00

