1  4.6519e-02
2  2.0117e-01
3  3.3790e-11
4  6.9628e-07
5  2.3722e-09
6  6.3891e-09
7  2.0285e-06
8  2.7201e-06
9  7.2089e-08
10  5.0494e-06
11  1.1625e-06
12  9.1894e-06
13  3.1266e-08
14  9.3421e-07
15  2.2920e-08
16  8.5454e-07
17  6.7254e-08
18  1.5622e-07
19  5.0980e-09
20  2.6622e-09
21  4.6711e-10
22  1.7818e-08
23  5.4098e-11
24  1.5462e-10
25  7.8333e-12
26  3.4610e-10
27  2.9619e-12
28  2.3339e-09
29  5.3693e-11
30  1.4757e-10
31  1.0131e-11
32  1.7030e-10
33  9.3925e-12
34  7.7095e-10
35  3.5772e-11
36  3.6035e-10
37  1.3045e-10
38  1.2058e-10
39  3.7546e-11
40  3.1400e-10
41  4.6341e-11
42  7.9496e-10
43  6.6352e-36
44  1.1787e-10
45  1.8327e-11
46  1.4507e-10
47  2.2232e-11
48  1.4984e-10
49  2.5008e-11
50  5.6691e-10
51  3.1006e-11
52  1.9910e-09
53  3.0812e-11
54  3.2590e-08
55  1.0218e-08
56  6.6999e-09
57  3.0081e-10
58  5.5295e-10
59  6.7009e-11
60  3.1899e-10
61  1.6078e-88
62  4.6166e-11
63  8.0312e-12
64  2.0794e-11
65  7.4932e-13
66  3.7834e-12
67  9.9371e-13
68  7.0789e-12
69  1.7864e-12
70  5.0367e-12
71  5.7358e-13
72  3.4538e-12
73  1.6826e-12
74  3.6662e-12
75  1.1100e-12
76  1.8093e-11
77  4.6508e-12
78  2.2141e-11
79  4.3999e-12
80  2.2030e-11
81  2.1193e-11
82  1.8408e-10
83  1.6607e-10
84  3.3407e-27
85  4.0034e-25
86  3.5623e-14
87  1.1824e-26
88  9.1263e-19
89  4.4588e-19
90  1.3228e-11
91  6.6847e-16
92  1.7005e-11
93  2.3910e-25
94  1.6022e-13
95  4.0147e-21
96  8.4734e-18
97  5.5719e-16
98  4.4185e-280
99  1.5464e-321
100  3.4529e-10
101  1.4562e-179
102  7.9573e-10
103  6.7385e-11
104  6.5474e-10
105  1.0489e-10
106  4.7396e-10
107  3.8545e-11
108  1.1251e-07
109  3.3761e-319
110  3.1224e-07
111  4.3298e-04
112  0.0000e+00
113  0.0000e+00
114  0.0000e+00
115  0.0000e+00
116  0.0000e+00
117  0.0000e+00
118  0.0000e+00

