1  2.0404e-08
2  1.9545e-01
3  2.7277e-09
4  6.4282e-08
5  3.2795e-07
6  9.6186e-08
7  1.7926e-05
8  6.7059e-07
9  1.4298e-06
10  3.2193e-06
11  1.1281e-06
12  9.9115e-07
13  1.2023e-07
14  3.0286e-07
15  2.7809e-08
16  5.5763e-07
17  1.3710e-08
18  2.3567e-08
19  3.2673e-08
20  1.1360e-07
21  2.1065e-08
22  1.1227e-08
23  2.0287e-09
24  1.6039e-08
25  3.5918e-10
26  3.8037e-08
27  1.6588e-10
28  4.7393e-09
29  4.8216e-08
30  1.4173e-07
31  1.4375e-08
32  2.3097e-07
33  2.6385e-07
34  1.8613e-06
35  3.9745e-07
36  5.4226e-07
37  1.4093e-07
38  2.1669e-08
39  2.2197e-08
40  1.9773e-07
41  3.9072e-08
42  1.5345e-07
43  1.4624e-33
44  5.3200e-08
45  2.8899e-08
46  8.2702e-08
47  4.5339e-08
48  1.2177e-07
49  6.1310e-08
50  1.4403e-07
51  5.8370e-08
52  2.4293e-06
53  1.3175e-06
54  2.6496e-06
55  2.0226e-07
56  4.4871e-07
57  4.8036e-08
58  2.1151e-07
59  1.3088e-07
60  3.2555e-07
61  1.5713e-87
62  1.2051e-07
63  8.8819e-09
64  1.1382e-07
65  1.6737e-10
66  1.3625e-08
67  2.7186e-09
68  6.3495e-08
69  8.8850e-08
70  2.2283e-07
71  2.2084e-08
72  4.5551e-07
73  1.5655e-07
74  6.5316e-07
75  2.4752e-07
76  7.8691e-07
77  3.1508e-07
78  3.0188e-06
79  1.0546e-06
80  1.2879e-05
81  1.4208e-06
82  7.2557e-06
83  6.5075e-06
84  3.3938e-16
85  1.1742e-26
86  9.3694e-18
87  3.4503e-21
88  1.2326e-11
89  1.3011e-13
90  4.7680e-06
91  1.9507e-10
92  8.2275e-06
93  7.4566e-20
94  5.0706e-08
95  8.0709e-18
96  1.7046e-14
97  8.2689e-10
98  7.4716e-314
99  -1.0672e-321
100  3.7126e-06
101  -5.7624e-313
102  7.6916e-06
103  2.5969e-06
104  3.4279e-05
105  1.2161e-05
106  5.4484e-05
107  4.8274e-06
108  2.0674e-05
109  2.0204e-319
110  3.4679e-05
111  5.1858e-04
112  0.0000e+00
113  0.0000e+00
114  0.0000e+00
115  0.0000e+00
116  0.0000e+00
117  0.0000e+00
118  0.0000e+00

