    1      2  7.8710e-09  1.5742e-08
    2      3  6.7939e-10  2.0382e-09
    3      6  2.1880e-11  1.3128e-10
    3      7  1.4995e-09  1.0497e-08
    4      8  2.0868e-08  1.6695e-07
    4      9  8.5400e-09  7.6860e-08
    5     10  1.8006e-07  1.8006e-06
    5     11  3.4195e-09  3.7615e-08
    6     12  9.7275e-09  1.1673e-07
    6     13  3.0367e-07  3.9477e-06
    7     14  8.4761e-08  1.1867e-06
    7     15  1.6774e-05  2.5161e-04
    8     16  3.6350e-07  5.8161e-06
    8     17  1.1089e-08  1.8852e-07
    8     18  6.7976e-08  1.2236e-06
    9     19  1.5106e-06  2.8702e-05
   10     20  2.1291e-06  4.2583e-05
   10     21  7.3681e-07  1.5473e-05
   10     22  6.0801e-09  1.3376e-07
   11     23  1.2035e-06  2.7681e-05
   12     24  4.0023e-07  9.6055e-06
   12     25  5.2204e-07  1.3051e-05
   12     26  5.2472e-08  1.3643e-06
   13     26  1.0343e-19  2.6892e-18
   13     27  1.0028e-07  2.7077e-06
   14     28  1.9803e-07  5.5448e-06
   14     29  4.7518e-08  1.3780e-06
   14     30  4.5833e-08  1.3750e-06
   15     31  3.9983e-08  1.2395e-06
   16     32  6.1966e-08  1.9829e-06
   16     33  3.6671e-07  1.2102e-05
   16     34  2.8161e-07  9.5746e-06
   16     36  1.0134e-08  3.6484e-07
   17     35  1.1413e-08  3.9944e-07
   17     37  6.9864e-09  2.5850e-07
   18     36  3.8767e-19  1.3956e-17
   18     38  2.8073e-08  1.0668e-06
   18     40  9.6586e-09  3.8634e-07
   19     39  2.2838e-08  8.9069e-07
   19     41  4.6299e-08  1.8982e-06
   20     42  1.6309e-07  6.8497e-06
   20     43  3.0893e-08  1.3284e-06
   20     44  4.0520e-08  1.7829e-06
   20     46  1.0692e-08  4.9184e-07
   21     45  4.2397e-08  1.9079e-06
   22     46  3.3395e-20  1.5362e-18
   22     47  1.4974e-08  7.0379e-07
   22     48  2.8827e-08  1.3837e-06
   22     49  2.6325e-08  1.2899e-06
   22     50  2.5896e-08  1.2948e-06
   23     51  1.0127e-08  5.1645e-07
   24     52  2.6775e-08  1.3923e-06
   24     53  2.5198e-08  1.3355e-06
   24     54  1.0774e-08  5.8178e-07
   25     55  4.3277e-09  2.3803e-07
   26     56  3.9538e-08  2.2141e-06
   26     57  1.3559e-07  7.7284e-06
   26     58  2.3437e-09  1.3593e-07
   27     59  3.1954e-09  1.8853e-07
   28     60  8.5131e-09  5.1079e-07
   28     61  1.1746e-08  7.1652e-07
   28     62  1.0402e-08  6.4490e-07
   28     64  3.9217e-08  2.5099e-06
   29     63  1.6213e-07  1.0214e-05
   29     65  5.4899e-08  3.5685e-06
   30     64  4.2363e-20  2.7112e-18
   30     66  1.1661e-07  7.6960e-06
   30     67  2.0428e-07  1.3687e-05
   30     68  3.1369e-08  2.1331e-06
   30     70  4.8086e-08  3.3660e-06
   31     69  1.2267e-08  8.4639e-07
   31     71  1.2186e-08  8.6523e-07
   32     70  8.4027e-16  5.8819e-14
   32     72  4.1709e-08  3.0030e-06
   32     73  4.4577e-08  3.2541e-06
   32     74  2.9424e-07  2.1774e-05
   32     76  7.5473e-07  5.7360e-05
   33     75  1.2389e-06  9.2916e-05
   34     76  5.3102e-13  4.0358e-11
   34     77  1.0580e-06  8.1470e-05
   34     78  8.9325e-07  6.9673e-05
   34     80  2.1875e-06  1.7500e-04
   34     82  5.9105e-07  4.8466e-05
   35     79  6.6520e-07  5.2551e-05
   35     81  6.1640e-07  4.9928e-05
   36     82  2.8144e-13  2.3078e-11
   36     83  6.7413e-07  5.5953e-05
   36     84  1.7151e-07  1.4407e-05
   36     86  7.5509e-08  6.4938e-06
   37     85  8.8811e-08  7.5489e-06
   37     87  1.0345e-07  9.0005e-06
   38     86  1.2181e-20  1.0476e-18
   38     87  7.5752e-10  6.5904e-08
   38     88  1.4118e-07  1.2424e-05
   39     89  1.0304e-07  9.1703e-06
   40     90  1.5928e-07  1.4335e-05
   40     91  9.4868e-08  8.6330e-06
   40     92  1.6648e-07  1.5316e-05
   40     94  3.5489e-07  3.3360e-05
   41     93  1.2539e-07  1.1662e-05
   42     95  1.4788e-07  1.4049e-05
   42     96  8.3638e-08  8.0292e-06
   42     97  1.6615e-07  1.6116e-05
   42     98  6.7666e-08  6.6312e-06
   42    100  1.0754e-07  1.0754e-05
   44     99  8.7247e-08  8.6374e-06
   44    100  1.1318e-13  1.1318e-11
   44    101  1.0144e-07  1.0245e-05
   44    102  7.9889e-08  8.1487e-06
   44    104  3.1770e-08  3.3041e-06
   45    103  7.7471e-08  7.9795e-06
   46    104  1.2241e-18  1.2730e-16
   46    105  2.4163e-08  2.5371e-06
   46    106  6.9870e-08  7.4063e-06
   46    108  7.7528e-08  8.3730e-06
   46    110  1.4096e-07  1.5505e-05
   47    107  6.0249e-08  6.4466e-06
   47    109  9.7218e-08  1.0597e-05
   48    110  1.4130e-14  1.5543e-12
   48    111  2.4951e-08  2.7696e-06
   48    112  1.0634e-07  1.1910e-05
   48    113  6.4880e-08  7.3315e-06
   48    114  5.7746e-08  6.5830e-06
   48    116  8.7312e-09  1.0128e-06
   49    113  2.8554e-15  3.2266e-13
   49    115  6.7169e-08  7.7244e-06
   50    115  5.3591e-14  6.1630e-12
   50    116  4.8792e-14  5.6598e-12
   50    117  3.0184e-08  3.5315e-06
   50    118  2.0658e-08  2.4377e-06
   50    119  1.5070e-08  1.7934e-06
   50    120  1.0600e-07  1.2720e-05
   50    122  1.8775e-07  2.2905e-05
   50    124  1.3121e-06  1.6270e-04
   51    121  8.7523e-08  1.0590e-05
   51    123  2.1692e-07  2.6681e-05
   52    122  9.5210e-15  1.1616e-12
   52    124  2.8011e-16  3.4733e-14
   52    125  1.9531e-06  2.4413e-04
   52    126  3.9110e-06  4.9279e-04
   52    128  3.2321e-06  4.1371e-04
   52    130  1.5034e-06  1.9545e-04
   53    127  3.6066e-06  4.5804e-04
   53    129  1.1810e-14  1.5235e-12
   54    128  7.0134e-16  8.9772e-14
   54    129  3.8591e-06  4.9783e-04
   54    130  3.8895e-14  5.0564e-12
   54    131  7.3698e-07  9.6545e-05
   54    132  9.5049e-07  1.2546e-04
   54    134  1.1388e-06  1.5260e-04
   54    136  8.4648e-07  1.1512e-04
   55    133  1.1613e-06  1.5445e-04
   56    134  7.5487e-18  1.0115e-15
   56    135  6.0743e-07  8.2003e-05
   56    136  3.5828e-15  4.8727e-13
   56    137  6.1779e-07  8.4637e-05
   56    138  5.4648e-07  7.5414e-05
   57    139  2.9031e-07  4.0353e-05
   58    140  6.0200e-07  8.4281e-05
   58    142  4.7163e-07  6.6971e-05
   59    141  7.4544e-07  1.0511e-04
   60    142  6.0557e-18  8.5991e-16
   60    143  4.2722e-07  6.1092e-05
   60    144  4.4165e-07  6.3598e-05
   60    145  1.6910e-07  2.4520e-05
   60    146  3.2041e-07  4.6780e-05
   60    148  2.4941e-07  3.6913e-05
   60    150  1.7366e-07  2.6048e-05
   62    147  4.2798e-07  6.2912e-05
   62    148  4.7096e-13  6.9702e-11
   62    149  8.8220e-08  1.3145e-05
   62    150  6.8607e-13  1.0291e-10
   62    152  2.8243e-07  4.2930e-05
   62    154  2.6187e-07  4.0328e-05
   63    151  7.3203e-08  1.1054e-05
   63    153  1.7942e-07  2.7452e-05
   64    154  1.4944e-14  2.3014e-12
   64    155  6.5236e-07  1.0112e-04
   64    156  1.0739e-07  1.6753e-05
   64    157  2.4555e-07  3.8551e-05
   64    158  4.3701e-07  6.9048e-05
   64    160  1.2614e-07  2.0183e-05
   65    159  1.3088e-08  2.0810e-06
   66    160  4.8990e-16  7.8384e-14
   66    161  1.8817e-07  3.0295e-05
   66    162  1.0618e-07  1.7202e-05
   66    163  9.5917e-08  1.5634e-05
   66    164  1.8462e-07  3.0277e-05
   67    165  1.1788e-07  1.9450e-05
   68    166  4.7184e-07  7.8325e-05
   68    167  3.7973e-07  6.3416e-05
   68    168  2.9117e-07  4.8917e-05
   68    170  4.5394e-07  7.7169e-05
   69    169  1.1788e-06  1.9921e-04
   70    170  2.9923e-15  5.0869e-13
   70    171  4.6731e-07  7.9910e-05
   70    172  4.2146e-07  7.2491e-05
   70    173  2.6909e-07  4.6552e-05
   70    174  7.6233e-07  1.3265e-04
   70    176  5.7462e-07  1.0113e-04
   71    175  2.9333e-07  5.1333e-05
   71    176  1.7798e-16  3.1324e-14
   72    176  1.6663e-18  2.9327e-16
   72    177  1.0446e-06  1.8490e-04
   72    178  3.6043e-07  6.4157e-05
   72    179  2.3236e-07  4.1593e-05
   72    180  4.1211e-07  7.4181e-05
   73    181  6.6404e-07  1.2019e-04
   74    182  6.7990e-07  1.2374e-04
   74    183  4.9245e-07  9.0119e-05
   74    184  5.6980e-07  1.0484e-04
   74    186  4.4954e-07  8.3614e-05
   75    185  4.0733e-07  7.5356e-05
   75    187  3.4766e-07  6.5013e-05
   76    186  2.1564e-18  4.0110e-16
   76    187  2.8255e-09  5.2837e-07
   76    188  4.6301e-07  8.7046e-05
   76    189  3.1392e-07  5.9331e-05
   76    190  1.2678e-06  2.4089e-04
   76    192  3.3164e-06  6.3675e-04
   77    191  1.5326e-06  2.9272e-04
   77    193  1.7283e-06  3.3357e-04
   78    192  2.6122e-16  5.0154e-14
   78    194  4.7207e-06  9.1582e-04
   78    195  6.1142e-06  1.1923e-03
   78    196  9.1291e-06  1.7893e-03
   78    198  6.9308e-06  1.3723e-03
   79    197  9.9092e-06  1.9521e-03
   80    198  2.0830e-15  4.1243e-13
   80    199  2.8652e-06  5.7018e-04
   80    200  2.4184e-06  4.8368e-04
   80    201  5.2039e-07  1.0460e-04
   80    202  2.5746e-07  5.2007e-05
   80    204  1.3894e-07  2.8345e-05
   81    203  7.2440e-08  1.4705e-05
   81    205  1.7766e-07  3.6421e-05
   81    207  2.0690e-19  4.2828e-17
   82    204  2.4278e-20  4.9527e-18
   82    206  2.1635e-05  4.4568e-03
   82    207  2.0429e-05  4.2289e-03
   82    208  1.3295e-05  2.7653e-03
   82    210  2.3241e-12  4.8807e-10
   82    211  7.3314e-18  1.5469e-15
   82    212  5.8980e-18  1.2504e-15
   82    214  1.0840e-18  2.3197e-16
   83    209  3.2085e-05  6.7058e-03
   83    210  4.8753e-17  1.0238e-14
   83    211  9.3150e-20  1.9655e-17
   83    212  1.7624e-19  3.7364e-17
   83    214  1.3399e-19  2.8673e-17
   84    210  1.3461e-15  2.8268e-13
   84    218  2.0932e-20  4.5631e-18
   86    222  3.7157e-17  8.2489e-15
   87    223  1.3217e-20  2.9474e-18
   88    223  7.1673e-16  1.5983e-13
   88    224  1.5241e-17  3.4141e-15
   88    226  5.6857e-12  1.2850e-09
   88    228  4.9011e-11  1.1174e-08
   89    227  4.9842e-13  1.1314e-10
   89    228  1.0727e-18  2.4458e-16
   90    227  1.1519e-15  2.6149e-13
   90    228  2.9269e-15  6.6734e-13
   90    230  2.6796e-10  6.1632e-08
   90    231  6.6670e-17  1.5401e-14
   90    232  2.1454e-05  4.9772e-03
   90    234  9.0606e-17  2.1202e-14
   91    231  7.4724e-10  1.7261e-07
   91    234  2.7134e-18  6.3493e-16
   92    234  8.7256e-10  2.0418e-07
   92    235  1.6105e-05  3.7847e-03
   92    236  8.1858e-08  1.9319e-05
   92    238  1.5874e-05  3.7779e-03
   92    240  4.1087e-18  9.8609e-16
   93    240  2.9008e-19  6.9618e-17
   94    239  7.4172e-17  1.7727e-14
   94    240  1.6206e-11  3.8894e-09
   94    244  1.9726e-07  4.8132e-05
   95    243  2.2674e-17  5.5099e-15
   96    244  5.3538e-17  1.3063e-14
   96    247  4.7857e-14  1.1821e-11
   97    246  3.4617e-09  8.5157e-07
  100    258  4.4690e-06  1.1530e-03
  100    260  8.4989e-06  2.2097e-03
  100    262  1.4037e-05  3.6777e-03
  102    261  9.5862e-06  2.5020e-03
  102    263  1.9043e-05  5.0082e-03
  102    264  2.6011e-05  6.8668e-03
  102    266  3.4365e-05  9.1410e-03
  103    265  2.6834e-05  7.1111e-03
  104    267  2.0816e-05  5.5579e-03
  104    268  2.2900e-05  6.1371e-03
  104    270  4.1789e-05  1.1283e-02
  104    272  4.1106e-05  1.1181e-02
  104    274  3.3635e-05  9.2161e-03
  105    269  5.1128e-05  1.3753e-02
  105    271  3.5416e-05  9.5978e-03
  106    273  4.4329e-05  1.2102e-02
  106    274  1.7309e-19  4.7428e-17
  106    275  1.5040e-05  4.1359e-03
  106    276  1.1809e-05  3.2592e-03
  106    278  2.8311e-06  7.8705e-04
  106    280  2.1006e-06  5.8816e-04
  107    277  2.6475e-06  7.3336e-04
  108    279  2.3810e-06  6.6430e-04
  108    281  1.7727e-06  4.9812e-04
  108    282  7.1109e-06  2.0053e-03
  108    283  8.1825e-06  2.3157e-03
  108    284  9.0124e-06  2.5595e-03
  108    286  9.1472e-06  2.6161e-03
  110    285  8.0700e-06  2.2999e-03
  110    286  7.6326e-16  2.1829e-13
  110    287  1.0342e-05  2.9681e-03
  110    288  9.4831e-06  2.7311e-03
  110    290  8.8905e-06  2.5782e-03
  111    289  6.6587e-06  1.9244e-03
  111    290  2.7558e-16  7.9918e-14
  111    291  6.5657e-06  1.9106e-03
  111    292  3.2029e-05  9.3525e-03
  111    293  1.2490e-05  3.6595e-03
  111    294  1.3917e-05  4.0917e-03
  111    295  5.2834e-06  1.5586e-03
  111    296  1.8873e-06  5.5863e-04
  111    297  5.7184e-07  1.6984e-04
  111    298  1.6744e-07  4.9898e-05
  111    299  2.1258e-11  6.3562e-09
  111    300  2.4295e-10  7.2886e-08
  111    301  3.5673e-06  1.0738e-03
  111    302  3.1134e-06  9.4025e-04
  111    303  1.2869e-06  3.8992e-04
  111    304  3.1027e-06  9.4323e-04
  111    305  2.9425e-06  8.9745e-04
  111    306  3.1004e-06  9.4872e-04
  111    307  6.2674e-07  1.9241e-04
  111    308  3.5288e-07  1.0869e-04
  111    309  3.5305e-07  1.0909e-04
  111    310  4.1207e-07  1.2774e-04
  111    311  2.0529e-07  6.3845e-05
  111    312  2.2168e-07  6.9165e-05
  111    313  1.0462e-07  3.2747e-05
  111    314  1.6496e-07  5.1799e-05
  111    315  7.5946e-08  2.3923e-05
  111    316  1.3134e-07  4.1502e-05
  111    317  9.1605e-08  2.9039e-05
  111    318  1.5860e-07  5.0434e-05
  111    319  1.1218e-07  3.5785e-05
  111    320  1.6839e-07  5.3885e-05
  111    321  8.6223e-08  2.7678e-05
  111    322  5.1841e-08  1.6693e-05
  111    323  6.1725e-08  1.9937e-05
  111    324  9.1481e-08  2.9640e-05
  111    325  3.7714e-09  1.2257e-06
  111    326  4.7416e-08  1.5458e-05
  111    327  7.4210e-08  2.4267e-05
  111    328  5.9534e-10  1.9527e-07
  111    329  2.5384e-08  8.3514e-06
  111    330  7.4165e-10  2.4474e-07
  111    331  7.9215e-10  2.6220e-07
  111    332  1.4351e-09  4.7646e-07
  111    333  1.4674e-10  4.8864e-08
  111    334  7.2505e-11  2.4217e-08
  111    335  1.8616e-11  6.2363e-09
  111    336  2.9200e-11  9.8110e-09
  111    337  1.3553e-09  4.5674e-07
    1      1  3.4384e-09  3.4384e-09
    2      4  1.9354e-01  7.7415e-01


