    1      2  4.2922e-16  8.5845e-16
    4      9  1.8621e-20  1.6759e-19
    6     12  1.0027e-07  1.2032e-06
    6     13  6.9690e-14  9.0597e-13
    7     14  5.0231e-18  7.0324e-17
    8     16  3.0108e-10  4.8173e-09
    8     17  1.4502e-17  2.4654e-16
    8     18  1.5185e-20  2.7334e-19
   10     20  2.4574e-10  4.9147e-09
   10     21  1.5865e-16  3.3317e-15
   10     22  4.8455e-20  1.0660e-18
   11     23  3.5546e-14  8.1755e-13
   12     24  2.7740e-10  6.6575e-09
   12     25  1.6902e-13  4.2255e-12
   12     26  7.1839e-13  1.8678e-11
   13     26  3.5813e-15  9.3114e-14
   13     27  5.5078e-11  1.4871e-09
   14     28  1.0613e-09  2.9718e-08
   14     29  2.3711e-11  6.8762e-10
   14     30  1.2187e-09  3.6561e-08
   15     31  2.0753e-10  6.4336e-09
   16     32  6.7479e-10  2.1593e-08
   16     33  5.8549e-11  1.9321e-09
   16     34  4.6372e-09  1.5767e-07
   16     36  7.5346e-09  2.7124e-07
   17     35  1.3181e-09  4.6133e-08
   17     37  2.0370e-10  7.5367e-09
   18     36  1.4803e-11  5.3290e-10
   18     38  1.4790e-09  5.6202e-08
   18     40  1.6979e-09  6.7914e-08
   19     39  4.9352e-10  1.9247e-08
   19     40  4.4762e-14  1.7905e-12
   19     41  2.1806e-10  8.9404e-09
   20     40  1.9842e-14  7.9366e-13
   20     42  2.9455e-10  1.2371e-08
   20     43  5.0719e-10  2.1809e-08
   20     44  1.0079e-09  4.4350e-08
   20     46  2.8061e-08  1.2908e-06
   21     45  6.1658e-10  2.7746e-08
   22     46  1.3780e-14  6.3389e-13
   22     47  2.9886e-09  1.4047e-07
   22     48  1.3834e-09  6.6405e-08
   22     49  1.9673e-09  9.6398e-08
   22     50  9.1993e-08  4.5996e-06
   23     51  2.7468e-09  1.4009e-07
   24     50  6.0859e-19  3.0429e-17
   24     52  6.1598e-10  3.2031e-08
   24     53  3.4164e-09  1.8107e-07
   24     54  1.3979e-07  7.5486e-06
   25     55  7.7743e-10  4.2758e-08
   26     56  7.7156e-10  4.3207e-08
   26     57  9.1725e-09  5.2284e-07
   26     58  2.9508e-08  1.7115e-06
   27     59  1.1877e-10  7.0077e-09
   28     60  1.3303e-07  7.9821e-06
   28     61  8.5196e-10  5.1970e-08
   28     62  8.1387e-09  5.0460e-07
   28     64  1.2398e-08  7.9350e-07
   29     63  1.8721e-08  1.1794e-06
   29     65  3.3263e-09  2.1621e-07
   30     64  1.3096e-20  8.3813e-19
   30     66  4.8241e-07  3.1839e-05
   30     67  5.2447e-08  3.5139e-06
   30     68  2.4349e-09  1.6557e-07
   30     70  3.3506e-08  2.3454e-06
   31     69  6.4210e-08  4.4305e-06
   31     71  3.1271e-09  2.2202e-07
   32     70  4.0020e-14  2.8014e-12
   32     72  8.3559e-07  6.0162e-05
   32     73  1.9728e-08  1.4402e-06
   32     74  1.9769e-07  1.4629e-05
   32     76  2.6437e-08  2.0092e-06
   33     75  1.0897e-07  8.1724e-06
   34     76  1.7281e-13  1.3134e-11
   34     77  4.6221e-09  3.5590e-07
   34     78  1.7545e-06  1.3685e-04
   34     80  5.5113e-07  4.4090e-05
   34     82  5.2152e-06  4.2765e-04
   35     79  4.5678e-08  3.6086e-06
   35     81  2.0174e-07  1.6341e-05
   36     82  2.1804e-12  1.7879e-10
   36     83  8.6387e-06  7.1701e-04
   36     84  2.2901e-04  1.9237e-02
   36     86  5.6149e-04  4.8288e-02
   37     85  1.2693e-05  1.0789e-03
   37     87  9.2567e-05  8.0533e-03
   38     86  1.7968e-16  1.5452e-14
   38     87  6.7772e-07  5.8962e-05
   38     88  4.0887e-05  3.5981e-03
   39     89  1.3349e-04  1.1881e-02
   40     90  3.8048e-03  3.4243e-01
   40     91  4.1043e-05  3.7349e-03
   40     92  1.3109e-04  1.2060e-02
   40     94  2.3964e-03  2.2527e-01
   41     93  6.9044e-04  6.4211e-02
   42     95  1.1467e-05  1.0893e-03
   42     96  4.0164e-04  3.8557e-02
   42     97  9.1068e-06  8.8336e-04
   42     98  1.1553e-05  1.1322e-03
   42    100  6.1667e-06  6.1667e-04
   44     99  8.6647e-05  8.5781e-03
   44    100  2.3474e-11  2.3474e-09
   44    101  8.9407e-05  9.0301e-03
   44    102  2.9951e-04  3.0550e-02
   44    104  5.9505e-05  6.1885e-03
   45    103  5.9485e-06  6.1270e-04
   46    104  3.1722e-14  3.2991e-12
   46    105  2.5889e-05  2.7183e-03
   46    106  1.4463e-05  1.5330e-03
   46    107  2.2712e-20  2.4302e-18
   46    108  2.9237e-05  3.1576e-03
   46    110  4.8067e-07  5.2873e-05
   47    107  1.6368e-06  1.7514e-04
   47    109  1.3159e-06  1.4344e-04
   48    110  8.9375e-13  9.8312e-11
   48    111  2.7686e-06  3.0732e-04
   48    112  8.1777e-07  9.1591e-05
   48    113  1.0738e-07  1.2134e-05
   48    114  8.1522e-07  9.2935e-05
   48    116  2.3217e-07  2.6932e-05
   49    113  4.7257e-15  5.3400e-13
   49    115  6.2889e-08  7.2322e-06
   50    115  5.0176e-14  5.7703e-12
   50    116  7.9433e-16  9.2143e-14
   50    117  1.9287e-07  2.2566e-05
   50    118  2.5730e-08  3.0361e-06
   50    119  6.7807e-08  8.0691e-06
   50    120  3.0884e-08  3.7061e-06
   50    122  1.4272e-08  1.7411e-06
   50    124  2.7514e-09  3.4118e-07
   51    121  9.7419e-09  1.1788e-06
   51    123  4.9157e-09  6.0463e-07
   52    122  3.7366e-15  4.5586e-13
   52    124  2.1238e-17  2.6335e-15
   52    125  5.2695e-09  6.5869e-07
   52    126  1.8870e-09  2.3776e-07
   52    128  5.5035e-10  7.0445e-08
   52    130  2.5614e-10  3.3298e-08
   53    127  4.5342e-10  5.7585e-08
   53    129  2.4295e-18  3.1340e-16
   54    129  3.2243e-11  4.1594e-09
   54    130  2.9484e-19  3.8329e-17
   54    131  7.5547e-11  9.8966e-09
   54    132  5.7740e-12  7.6217e-10
   54    134  4.7111e-15  6.3129e-13
   55    133  1.0762e-13  1.4313e-11
   56    135  8.8472e-18  1.1944e-15
    1      1  3.4818e-09  3.4818e-09
    2      4  3.8249e-02  1.5300e-01


