1  2.4493e-02
2  3.3417e-01
3  8.7973e-11
4  3.5903e-07
5  5.7492e-09
6  1.0334e-08
7  2.5769e-06
8  4.2169e-06
9  7.3311e-08
10  4.5530e-06
11  1.1353e-06
12  7.1412e-06
13  1.8826e-08
14  7.2549e-07
15  1.9713e-08
16  1.4577e-06
17  7.4850e-08
18  2.6054e-07
19  7.3961e-09
20  4.5526e-09
21  4.1179e-10
22  2.4205e-08
23  1.4692e-10
24  5.6763e-10
25  4.7149e-11
26  7.9417e-10
27  6.4786e-12
28  3.4655e-09
29  1.3147e-10
30  2.9530e-10
31  2.5128e-11
32  7.0848e-10
33  6.9645e-11
34  2.1668e-09
35  1.9793e-10
36  7.1001e-10
37  3.4219e-10
38  2.0100e-10
39  1.8305e-10
40  4.3147e-10
41  1.1876e-10
42  7.0928e-10
43  6.6312e-36
44  1.4047e-10
45  1.6872e-11
46  1.8315e-10
47  2.7894e-11
48  1.8574e-10
49  4.3158e-11
50  5.5091e-10
51  3.5462e-11
52  1.1894e-09
53  1.8266e-11
54  2.3234e-08
55  5.7081e-09
56  6.0318e-09
57  2.3050e-10
58  5.5060e-10
59  3.7598e-11
60  2.1542e-10
61  1.4206e-90
62  4.5955e-11
63  7.5737e-12
64  1.3063e-11
65  4.0499e-13
66  2.3553e-12
67  8.0033e-13
68  4.1774e-12
69  2.4728e-12
70  4.7865e-12
71  5.5223e-13
72  2.6777e-12
73  5.4709e-12
74  3.8613e-12
75  4.6339e-13
76  8.3659e-12
77  1.9486e-12
78  1.1254e-11
79  2.6702e-12
80  9.3987e-12
81  6.7726e-12
82  1.3324e-09
83  7.3643e-11
84  3.4104e-22
85  2.9293e-33
86  1.6788e-21
87  2.3606e-27
88  8.9421e-18
89  8.9015e-20
90  3.7218e-12
91  1.3345e-16
92  4.1169e-12
93  4.8399e-26
94  3.2822e-14
95  1.5680e-22
96  3.3096e-19
97  2.7367e-16
98  -2.9002e-314
99  -1.5711e-321
100  2.1592e-10
101  5.2486e-232
102  5.0640e-10
103  1.6523e-10
104  3.1459e-11
105  1.9251e-11
106  1.1398e-10
107  7.1766e-12
108  4.8287e-08
109  -5.3048e-320
110  4.6862e-08
111  4.4869e-04
112  0.0000e+00
113  0.0000e+00
114  0.0000e+00
115  0.0000e+00
116  0.0000e+00
117  0.0000e+00
118  0.0000e+00

