    1      2  2.8902e-14  5.7804e-14
    2      3  3.9443e-17  1.1833e-16
    3      6  5.6831e-15  3.4099e-14
    3      7  2.4975e-17  1.7483e-16
    4      8  1.5357e-12  1.2285e-11
    4      9  1.8981e-18  1.7083e-17
    5     10  6.1500e-16  6.1500e-15
    5     11  1.9183e-18  2.1102e-17
    6     12  5.9251e-09  7.1101e-08
    6     13  3.3104e-12  4.3035e-11
    7     14  2.9138e-08  4.0793e-07
    7     15  6.8498e-08  1.0275e-06
    8     16  1.2847e-09  2.0555e-08
    8     17  7.1247e-11  1.2112e-09
    8     18  6.7116e-08  1.2081e-06
    9     19  7.4966e-08  1.4244e-06
   10     20  4.1461e-09  8.2922e-08
   10     21  5.1435e-08  1.0801e-06
   10     22  1.2418e-08  2.7319e-07
   11     23  1.8359e-08  4.2226e-07
   12     24  1.6892e-08  4.0541e-07
   12     25  3.9242e-08  9.8106e-07
   12     26  6.8824e-07  1.7894e-05
   13     26  1.1515e-14  2.9940e-13
   13     27  2.1212e-08  5.7272e-07
   14     28  6.1418e-08  1.7197e-06
   14     29  7.7365e-08  2.2436e-06
   14     30  3.0667e-08  9.2002e-07
   15     31  3.3131e-08  1.0271e-06
   16     32  8.1644e-08  2.6126e-06
   16     33  1.5647e-06  5.1636e-05
   16     34  1.2214e-06  4.1529e-05
   16     36  3.7248e-08  1.3409e-06
   17     35  1.5582e-08  5.4537e-07
   17     37  2.8476e-07  1.0536e-05
   18     36  7.5200e-18  2.7072e-16
   18     38  5.0660e-07  1.9251e-05
   18     40  1.2807e-06  5.1229e-05
   19     39  8.6399e-07  3.3696e-05
   19     41  1.2935e-07  5.3032e-06
   20     42  2.0041e-06  8.4172e-05
   20     43  6.2695e-07  2.6959e-05
   20     44  4.6039e-07  2.0257e-05
   20     46  3.2666e-06  1.5026e-04
   21     45  2.0461e-06  9.2076e-05
   22     46  1.8015e-19  8.2868e-18
   22     47  1.2604e-06  5.9240e-05
   22     48  1.4180e-07  6.8064e-06
   22     49  6.3400e-07  3.1066e-05
   22     50  9.0282e-07  4.5141e-05
   23     51  7.4554e-08  3.8022e-06
   24     52  7.9681e-08  4.1434e-06
   24     53  2.0650e-06  1.0945e-04
   24     54  8.0781e-06  4.3622e-04
   25     55  3.4276e-07  1.8852e-05
   26     56  2.1768e-06  1.2190e-04
   26     57  3.7334e-07  2.1280e-05
   26     58  1.4965e-09  8.6796e-08
   27     59  9.3579e-10  5.5212e-08
   28     60  2.5335e-08  1.5201e-06
   28     61  2.4950e-07  1.5220e-05
   28     62  2.8844e-07  1.7883e-05
   28     64  1.1267e-07  7.2108e-06
   29     63  1.1455e-06  7.2167e-05
   29     65  1.0929e-07  7.1037e-06
   30     64  6.6708e-20  4.2693e-18
   30     66  6.1731e-07  4.0742e-05
   30     67  5.2902e-07  3.5445e-05
   30     68  7.5781e-07  5.1531e-05
   30     70  2.3353e-06  1.6347e-04
   31     69  1.5552e-06  1.0731e-04
   31     71  4.0561e-07  2.8798e-05
   32     70  9.9374e-15  6.9561e-13
   32     72  7.5950e-07  5.4684e-05
   32     73  1.9315e-06  1.4100e-04
   32     74  2.6543e-06  1.9642e-04
   32     76  8.2629e-06  6.2798e-04
   33     75  3.8877e-06  2.9158e-04
   34     76  2.0900e-13  1.5884e-11
   34     77  2.5161e-05  1.9374e-03
   34     78  2.5200e-05  1.9656e-03
   34     80  1.7954e-05  1.4364e-03
   34     82  1.0850e-05  8.8968e-04
   35     79  4.4739e-06  3.5343e-04
   35     81  6.2115e-06  5.0313e-04
   36     82  2.7975e-13  2.2940e-11
   36     83  4.9471e-05  4.1061e-03
   36     84  2.2498e-05  1.8898e-03
   36     86  1.8031e-06  1.5506e-04
   37     85  7.2533e-06  6.1653e-04
   37     87  1.9574e-05  1.7029e-03
   38     86  8.6787e-20  7.4637e-18
   38     87  1.4332e-07  1.2469e-05
   38     88  3.9878e-05  3.5093e-03
   39     89  7.0829e-06  6.3037e-04
   40     90  2.5967e-06  2.3371e-04
   40     91  6.5518e-07  5.9621e-05
   40     92  8.5761e-06  7.8900e-04
   40     94  8.6546e-06  8.1353e-04
   41     93  9.4499e-06  8.7884e-04
   42     95  1.8400e-06  1.7480e-04
   42     96  2.1434e-05  2.0576e-03
   42     97  1.0397e-05  1.0085e-03
   42     98  2.6812e-06  2.6275e-04
   42    100  4.5782e-05  4.5782e-03
   44     99  2.2007e-05  2.1787e-03
   44    100  2.4501e-12  2.4501e-10
   44    101  5.1782e-05  5.2299e-03
   44    102  1.4764e-05  1.5060e-03
   44    104  2.8363e-05  2.9498e-03
   45    103  7.6943e-06  7.9251e-04
   46    104  4.7629e-18  4.9534e-16
   46    105  1.0650e-05  1.1182e-03
   46    106  1.5687e-05  1.6629e-03
   46    108  2.8936e-05  3.1251e-03
   46    110  4.0495e-04  4.4544e-02
   47    107  1.9048e-05  2.0381e-03
   47    109  2.3868e-04  2.6017e-02
   48    110  3.6452e-12  4.0097e-10
   48    111  5.8796e-05  6.5263e-03
   48    112  1.5810e-04  1.7708e-02
   48    113  1.1119e-04  1.2564e-02
   48    114  1.0717e-04  1.2218e-02
   48    116  2.0443e-06  2.3713e-04
   49    113  4.8935e-12  5.5297e-10
   49    115  5.1171e-05  5.8846e-03
   50    115  4.0827e-11  4.6951e-09
   50    116  4.7847e-12  5.5503e-10
   50    117  5.9902e-06  7.0085e-04
   50    118  7.1542e-06  8.4420e-04
   50    119  3.6769e-06  4.3755e-04
   50    120  1.6687e-05  2.0025e-03
   50    122  5.4012e-05  6.5894e-03
   50    124  1.4236e-04  1.7653e-02
   51    121  1.5223e-05  1.8420e-03
   51    123  4.8761e-05  5.9976e-03
   52    122  2.6157e-13  3.1912e-11
   52    124  1.2994e-14  1.6113e-12
   52    125  1.5797e-04  1.9746e-02
   52    126  3.8073e-04  4.7972e-02
   52    128  4.0461e-04  5.1790e-02
   52    130  1.8020e-05  2.3426e-03
   53    127  3.8316e-04  4.8661e-02
   53    129  2.5560e-13  3.2972e-11
   54    128  3.5505e-15  4.5447e-13
   54    129  1.2138e-04  1.5658e-02
   54    130  8.0808e-14  1.0505e-11
   54    131  3.7048e-06  4.8533e-04
   54    132  2.4104e-06  3.1817e-04
   54    134  7.2783e-07  9.7530e-05
   54    136  6.6983e-07  9.1097e-05
   55    133  1.3200e-06  1.7555e-04
   56    134  1.2679e-19  1.6990e-17
   56    135  6.2236e-07  8.4018e-05
   56    136  3.0732e-16  4.1795e-14
   56    137  6.9212e-08  9.4820e-06
   56    138  1.3492e-08  1.8619e-06
   57    139  1.8056e-09  2.5097e-07
   58    140  2.7018e-09  3.7825e-07
   58    142  1.0680e-08  1.5166e-06
   59    141  2.2486e-08  3.1705e-06
   60    143  2.6057e-09  3.7261e-07
   60    144  3.2054e-10  4.6158e-08
   60    145  2.9217e-10  4.2365e-08
   60    146  2.0347e-09  2.9707e-07
   60    148  6.7317e-10  9.9629e-08
   60    150  1.1445e-09  1.7167e-07
   62    147  3.1384e-09  4.6135e-07
   62    148  2.3495e-16  3.4773e-14
   62    149  3.5744e-10  5.3259e-08
   62    150  4.0380e-16  6.0571e-14
   62    152  1.6543e-09  2.5146e-07
   62    154  1.1606e-09  1.7874e-07
   63    151  7.1972e-10  1.0868e-07
   63    153  8.8313e-10  1.3512e-07
   64    154  7.2490e-18  1.1163e-15
   64    155  1.1276e-09  1.7478e-07
   64    156  2.6298e-10  4.1025e-08
   64    157  3.3953e-10  5.3306e-08
   64    158  4.5709e-10  7.2220e-08
   64    160  1.8817e-10  3.0108e-08
   65    159  5.3881e-11  8.5670e-09
   66    160  1.4643e-19  2.3429e-17
   66    161  1.6894e-10  2.7200e-08
   66    162  9.4969e-11  1.5385e-08
   66    163  6.1681e-11  1.0054e-08
   66    164  1.0937e-10  1.7937e-08
   67    165  6.1701e-11  1.0181e-08
   68    166  1.3418e-10  2.2273e-08
   68    167  6.0357e-11  1.0080e-08
   68    168  3.8972e-11  6.5473e-09
   68    170  1.3849e-11  2.3543e-09
   69    169  6.2502e-11  1.0563e-08
   70    171  7.5734e-12  1.2950e-09
   70    172  5.8369e-12  1.0039e-09
   70    173  3.0789e-12  5.3264e-10
   70    174  4.3441e-12  7.5588e-10
   70    176  2.4639e-12  4.3365e-10
   71    175  1.7769e-12  3.1096e-10
   72    177  2.0192e-12  3.5739e-10
   72    178  5.7827e-13  1.0293e-10
   72    179  1.8999e-13  3.4008e-11
   72    180  1.5944e-13  2.8700e-11
   73    181  1.5327e-13  2.7741e-11
   74    182  1.1218e-13  2.0418e-11
   74    183  7.2666e-14  1.3298e-11
   74    184  6.5327e-14  1.2020e-11
   74    186  4.4913e-14  8.3538e-12
   75    185  3.7715e-14  6.9773e-12
   75    187  2.0372e-14  3.8095e-12
   76    187  1.6556e-16  3.0961e-14
   76    188  2.2920e-14  4.3090e-12
   76    189  1.0463e-14  1.9775e-12
   76    190  3.5445e-14  6.7346e-12
   76    192  3.5090e-14  6.7374e-12
   77    191  4.4665e-14  8.5311e-12
   77    193  1.1727e-14  2.2634e-12
   78    194  9.3825e-15  1.8202e-12
   78    195  3.7029e-15  7.2207e-13
   78    196  2.0956e-15  4.1075e-13
   78    198  2.5325e-16  5.0143e-14
   79    197  8.3889e-16  1.6526e-13
   80    199  5.1250e-17  1.0199e-14
   80    200  1.9793e-17  3.9586e-15
   80    201  1.5546e-18  3.1247e-16
   80    202  2.6506e-19  5.3542e-17
   81    203  1.0442e-20  2.1197e-18
    1      1  3.6022e-10  3.6022e-10
    2      4  1.4907e-01  5.9629e-01


