1  2.4364e-02
2  1.0629e-03
3  1.8496e-05
4  8.1736e-01
5  0.0000e+00
6  6.5588e-23
7  5.6771e-11
8  1.6506e-07
9  6.1063e-11
10  1.1334e-09
11  2.6209e-09
12  2.1026e-09
13  4.5005e-09
14  5.4013e-07
15  4.7657e-07
16  1.2313e-06
17  1.1419e-08
18  3.8053e-07
19  2.8380e-08
20  7.3249e-07
21  2.4324e-08
22  9.2943e-07
23  4.0722e-07
24  1.4558e-06
25  4.6668e-07
26  6.9820e-07
27  6.8918e-09
28  2.3902e-07
29  2.2073e-08
30  4.1648e-09
31  7.2161e-09
32  1.0570e-07
33  9.5592e-09
34  9.2420e-08
35  8.4212e-09
36  3.2652e-07
37  1.8810e-08
38  9.6193e-08
39  2.7090e-09
40  4.7301e-10
41  4.3104e-11
42  3.9928e-10
43  6.0163e-11
44  7.7838e-10
45  1.5310e-10
46  4.5012e-10
47  1.2796e-10
48  8.3760e-09
49  2.3776e-10
50  2.9632e-10
51  5.4306e-11
52  9.2018e-11
53  4.8472e-11
54  6.9946e-11
55  1.7501e-11
56  3.2087e-11
57  3.3814e-11
58  2.2990e-10
59  2.4030e-12
60  7.9249e-10
61  2.2192e-12
62  1.6785e-11
63  4.6720e-11
64  4.8567e-10
65  2.4712e-12
66  2.5475e-11
67  3.2871e-12
68  3.2759e-11
69  3.4284e-12
70  4.8213e-11
71  5.8198e-12
72  3.2963e-11
73  9.1227e-12
74  8.3152e-11
75  2.5767e-11
76  1.3693e-10
77  4.1472e-12
78  1.0931e-10
79  3.5425e-11
80  3.5700e-10
81  3.7839e-11
82  3.3882e-10
83  1.0008e-11
84  4.5810e-11
85  5.5673e-11
86  2.0969e-10
87  7.2600e-11
88  7.4693e-11
89  6.9297e-11
90  5.6583e-11
91  1.6952e-11
92  3.7696e-11
93  4.4989e-11
94  5.1754e-11
95  1.8787e-11
96  1.4025e-10
97  2.1816e-11
98  4.6868e-11
99  1.3403e-11
100  4.3667e-11
101  5.9580e-12
102  1.5789e-11
103  6.3607e-12
104  1.3838e-11
105  7.4066e-12
106  1.3974e-11
107  5.5323e-12
108  1.9159e-11
109  4.9735e-12
110  2.8516e-11
111  4.6405e-12
112  1.0794e-11
113  7.7776e-12
114  2.6340e-11
115  1.6291e-11
116  2.0867e-11
117  3.0257e-12
118  2.0209e-11
119  7.7296e-12
120  3.9988e-11
121  1.1019e-11
122  7.0160e-11
123  2.3884e-12
124  6.6966e-11
125  2.1111e-11
126  1.3689e-10
127  6.8973e-12
128  1.0250e-10
129  3.9691e-11
130  1.8471e-10
131  4.9195e-10
132  1.9613e-09
133  2.1690e-09
134  5.1852e-09
135  2.2158e-09
136  1.3098e-09
137  4.2407e-11
138  1.0093e-10
139  9.1122e-11
140  2.1152e-10
141  1.5033e-11
142  8.0401e-12
143  1.2029e-11
144  3.2977e-11
145  3.1100e-12
146  7.7116e-12
147  9.4971e-12
148  1.3919e-11
149  8.4300e-13
150  1.6882e-11
151  9.9790e-13
152  3.9566e-12
153  2.0345e-12
154  3.5828e-12
155  5.0062e-13
156  1.6593e-12
157  4.1922e-13
158  7.3070e-13
159  1.6075e-13
160  1.9110e-12
161  1.2208e-13
162  3.5556e-13
163  1.4534e-13
164  3.1859e-13
165  3.2237e-13
166  5.2643e-13
167  3.4988e-13
168  3.3742e-13
169  9.9680e-13
170  4.7333e-13
171  3.3688e-13
172  1.5811e-13
173  1.0924e-13
174  8.4800e-13
175  2.2288e-13
176  4.7456e-13
177  2.6472e-13
178  2.3472e-13
179  2.1664e-13
180  3.5949e-13
181  2.1201e-12
182  9.6312e-13
183  1.5642e-13
184  9.8282e-14
185  6.2421e-14
186  8.7666e-14
187  1.9999e-13
188  8.8165e-14
189  4.0168e-13
190  3.1156e-13
191  6.8948e-13
192  2.8563e-12
193  2.4513e-13
194  8.0911e-13
195  6.1624e-13
196  6.4912e-13
197  1.1949e-12
198  2.5565e-12
199  1.9231e-13
200  5.2476e-13
201  4.1224e-13
202  7.4280e-13
203  9.5862e-13
204  2.6663e-12
205  2.4043e-12
206  7.1885e-12
207  3.5879e-06
208  1.6200e-09
209  2.0032e-10
210  2.9066e-29
211  5.5399e-14
212  2.3814e-15
213  0.0000e+00
214  1.7687e-15
215  1.6156e-30
216  5.6541e-30
217  0.0000e+00
218  1.1591e-22
219  4.1866e-28
220  2.5461e-28
221  3.9436e-320
222  1.1205e-24
223  1.0445e-22
224  1.4379e-24
225  8.1843e-41
226  1.7145e-19
227  7.2803e-20
228  4.6242e-18
229  8.1765e-32
230  8.0802e-18
231  1.0890e-16
232  2.0240e-12
233  4.2782e-29
234  2.6311e-17
235  2.3470e-12
236  9.4875e-15
237  1.2119e-318
238  4.7866e-13
239  7.3637e-22
240  1.8777e-18
241  0.0000e+00
242  6.8415e-71
243  2.2511e-22
244  2.2856e-14
245  0.0000e+00
246  1.0391e-16
247  4.7511e-19
248  4.5402e-70
249  0.0000e+00
250  0.0000e+00
251  3.4508e-312
252  0.0000e+00
253  0.0000e+00
254  0.0000e+00
255  0.0000e+00
256  0.0000e+00
257  9.9800e-26
258  4.8548e-12
259  6.0872e-26
260  2.8222e-11
261  5.5053e-11
262  5.7116e-11
263  9.0955e-11
264  3.3210e-11
265  6.3201e-11
266  4.4718e-11
267  6.8837e-11
268  1.4022e-11
269  5.7926e-12
270  1.2065e-11
271  8.3060e-12
272  2.9884e-12
273  3.8377e-12
274  2.4148e-12
275  9.4630e-12
276  3.3359e-11
277  1.7157e-11
278  8.5661e-12
279  3.6606e-11
280  6.4661e-11
281  4.1464e-11
282  1.0541e-10
283  3.0427e-10
284  1.3101e-09
285  5.5613e-09
286  7.0117e-09
287  5.4297e-09
288  5.7966e-09
289  4.8635e-09
290  4.1704e-09
291  1.3020e-08
292  7.5692e-08
293  3.6155e-08
294  5.8303e-08
295  6.4011e-08
296  1.4138e-07
297  1.0125e-07
298  1.1751e-06
299  1.1807e-09
300  7.4466e-09
301  6.1815e-09
302  6.4884e-09
303  7.8645e-10
304  3.4504e-10
305  2.6530e-11
306  3.6579e-11
307  6.3129e-12
308  2.3194e-12
309  1.9174e-13
310  7.6634e-13
311  1.8778e-13
312  3.7760e-13
313  4.2519e-14
314  3.1919e-13
315  1.3083e-14
316  4.3672e-13
317  8.5151e-15
318  2.0155e-13
319  2.1468e-15
320  3.9464e-14
321  2.5605e-16
322  2.9609e-15
323  4.7115e-16
324  5.3748e-16
325  1.9916e-16
326  9.0454e-17
327  5.5466e-16
328  1.7521e-16
329  1.4423e-15
330  1.8921e-16
331  1.3345e-15
332  1.2736e-16
333  1.6957e-15
334  1.1145e-16
335  1.5974e-15
336  5.8960e-17
337  7.9525e-05

