1  2.6907e-02
2  2.3490e-01
3  5.4702e-11
4  1.7157e-07
5  3.6271e-09
6  6.5114e-09
7  9.9211e-07
8  1.5682e-06
9  2.7999e-08
10  1.6471e-06
11  3.9754e-07
12  2.6338e-06
13  6.8901e-09
14  2.6527e-07
15  7.2295e-09
16  5.3980e-07
17  2.7373e-08
18  9.9191e-08
19  2.8341e-09
20  1.7321e-09
21  1.5739e-10
22  9.3400e-09
23  5.5585e-11
24  2.1564e-10
25  1.7976e-11
26  3.0469e-10
27  2.4693e-12
28  1.3441e-09
29  5.0920e-11
30  1.1285e-10
31  9.4456e-12
32  2.6803e-10
33  2.6295e-11
34  8.3354e-10
35  7.5020e-11
36  2.7714e-10
37  1.3185e-10
38  7.7821e-11
39  7.2409e-11
40  1.7044e-10
41  4.7142e-11
42  2.7952e-10
43  2.6142e-36
44  5.5305e-11
45  6.6487e-12
46  7.2102e-11
47  1.0972e-11
48  7.3255e-11
49  1.7042e-11
50  2.1873e-10
51  1.4054e-11
52  4.6180e-10
53  7.2385e-12
54  9.3255e-09
55  2.2115e-09
56  2.4661e-09
57  9.5366e-11
58  2.3172e-10
59  1.5926e-11
60  9.1075e-11
61  3.8505e-90
62  1.9513e-11
63  3.2142e-12
64  5.5384e-12
65  1.7012e-13
66  9.9904e-13
67  3.4096e-13
68  1.7972e-12
69  1.0605e-12
70  2.0532e-12
71  2.3772e-13
72  1.1462e-12
73  2.2726e-12
74  1.4024e-12
75  2.7730e-13
76  3.9138e-12
77  9.9405e-13
78  4.9540e-12
79  1.2687e-12
80  4.8535e-12
81  3.8829e-12
82  -2.2377e-06
83  5.2930e-08
84  8.5315e-15
85  2.2662e-19
86  -2.2319e-17
87  2.0334e-27
88  5.1149e-18
89  7.6677e-20
90  2.1592e-12
91  1.1496e-16
92  2.9953e-12
93  3.2541e-26
94  2.2075e-14
95  9.3398e-23
96  1.9716e-19
97  1.1033e-16
98  1.9866e-302
99  -1.7095e-321
100  9.6047e-11
101  1.0551e-199
102  2.3888e-10
103  6.7276e-11
104  1.0802e-10
105  1.5018e-11
106  1.2733e-10
107  1.8231e-11
108  9.1101e-09
109  9.3858e-320
110  2.1567e-08
111  7.5468e-05
112  0.0000e+00
113  0.0000e+00
114  0.0000e+00
115  0.0000e+00
116  0.0000e+00
117  0.0000e+00
118  0.0000e+00

