1  7.3678e-09
2  2.3052e-01
3  4.1173e-10
4  2.9239e-10
5  1.7342e-09
6  7.5207e-08
7  2.6333e-06
8  1.0719e-07
9  3.3090e-07
10  8.5388e-07
11  6.0529e-07
12  4.5280e-07
13  2.1936e-07
14  7.7662e-07
15  6.5838e-08
16  1.8839e-06
17  5.0883e-08
18  1.1740e-07
19  1.5184e-07
20  6.6631e-07
21  9.6084e-08
22  3.4737e-07
23  1.9744e-08
24  2.4356e-07
25  8.6745e-08
26  9.0647e-07
27  2.1628e-08
28  2.4584e-07
29  3.0161e-07
30  3.3185e-07
31  4.2871e-08
32  2.4463e-06
33  2.2038e-06
34  6.5802e-06
35  2.7273e-06
36  2.3829e-06
37  7.0571e-07
38  5.2048e-07
39  2.0282e-07
40  1.6407e-06
41  2.6480e-07
42  1.1654e-06
43  8.3381e-33
44  4.4561e-07
45  9.3383e-08
46  6.1393e-07
47  2.8356e-07
48  2.5746e-07
49  4.0331e-08
50  4.5338e-06
51  1.0909e-06
52  1.6990e-05
53  5.9194e-06
54  9.5132e-06
55  1.7845e-06
56  3.9130e-06
57  9.1482e-07
58  2.0229e-06
59  1.1846e-06
60  6.7537e-06
61  7.6038e-84
62  4.7356e-06
63  1.5192e-06
64  6.8092e-06
65  5.9765e-07
66  5.4594e-06
67  1.2913e-06
68  6.7493e-06
69  1.8052e-06
70  4.7007e-06
71  7.9145e-07
72  5.3028e-06
73  1.8712e-06
74  1.1764e-05
75  5.2129e-06
76  6.2483e-05
77  5.2291e-05
78  6.4402e-05
79  5.4869e-06
80  1.1234e-05
81  5.3383e-06
82  6.8427e-05
83  2.0039e-05
84  9.7224e-17
85  2.9074e-27
86  2.6842e-18
87  8.1246e-22
88  5.4676e-12
89  3.0638e-14
90  2.2136e-06
91  4.5933e-11
92  2.1402e-06
93  1.3029e-20
94  8.8607e-09
95  7.0236e-19
96  1.4845e-15
97  1.2460e-10
98  -4.1536e-314
99  1.0079e-321
100  2.8629e-07
101  -2.8103e-313
102  1.8588e-07
103  2.3796e-08
104  1.7747e-08
105  6.1587e-09
106  4.0929e-10
107  2.0999e-11
108  2.0942e-10
109  6.5696e-320
110  6.9414e-11
111  3.0354e-11
112  0.0000e+00
113  0.0000e+00
114  0.0000e+00
115  0.0000e+00
116  0.0000e+00
117  0.0000e+00
118  0.0000e+00

