1  3.5094e-09
2  2.2281e-01
3  7.9635e-11
4  1.2285e-12
5  8.8376e-11
6  2.8861e-09
7  6.5465e-07
8  4.4383e-08
9  3.6254e-08
10  2.3013e-07
11  3.9006e-08
12  4.7148e-07
13  1.9299e-07
14  6.8738e-07
15  5.5002e-08
16  1.2876e-06
17  5.9652e-08
18  4.9978e-07
19  2.4827e-07
20  1.0686e-06
21  1.4299e-07
22  1.0077e-06
23  7.8117e-08
24  2.6206e-07
25  1.4531e-07
26  1.3711e-06
27  4.2111e-08
28  5.4719e-07
29  5.0840e-07
30  6.5583e-07
31  7.9265e-08
32  2.9126e-06
33  2.3969e-06
34  1.7969e-05
35  9.6390e-06
36  5.7229e-06
37  4.0558e-06
38  3.2179e-06
39  7.3029e-07
40  7.9912e-06
41  9.6772e-07
42  4.9289e-06
43  5.9871e-32
44  2.8004e-06
45  4.3575e-07
46  2.7968e-06
47  1.2742e-06
48  1.6332e-06
49  2.4878e-07
50  1.3903e-05
51  1.6798e-06
52  3.1605e-04
53  9.4720e-05
54  1.6158e-04
55  1.1865e-05
56  2.5640e-05
57  2.6355e-06
58  1.4058e-05
59  1.2740e-05
60  3.3420e-05
61  2.0593e-315
62  1.6338e-05
63  6.7098e-06
64  2.0091e-05
65  1.7365e-06
66  9.4281e-06
67  1.9296e-06
68  9.3253e-06
69  2.4527e-06
70  3.8208e-06
71  4.6020e-07
72  2.3515e-06
73  5.7559e-07
74  2.1879e-06
75  6.5825e-07
76  1.6251e-06
77  5.5785e-07
78  4.2788e-07
79  2.9096e-08
80  1.4948e-09
81  9.1805e-11
82  1.8636e-10
83  4.2180e-11
84  7.6674e-18
85  6.1816e-23
86  7.4650e-17
87  4.7165e-30
88  1.1325e-17
89  6.2504e-23
90  1.7301e-14
91  9.3706e-20
92  3.1188e-15
93  2.1301e-29
94  4.7810e-18
95  6.5582e-22
96  3.1027e-25
97  8.1457e-20
98  -9.7092e-315
99  -7.2134e-322
100  1.0364e-17
101  3.0799e-313
102  3.6776e-18
103  2.0119e-19
104  3.5827e-20
105  7.1244e-21
106  2.0795e-23
107  0.0000e+00
108  0.0000e+00
109  0.0000e+00
110  0.0000e+00
111  0.0000e+00
112  0.0000e+00
113  0.0000e+00
114  0.0000e+00
115  0.0000e+00
116  0.0000e+00
117  0.0000e+00
118  0.0000e+00

