    5     10  6.5081e-20  6.5081e-19
    6     12  4.6423e-06  5.5707e-05
    6     13  1.8987e-11  2.4683e-10
    7     14  1.0892e-16  1.5248e-15
    7     15  7.1121e-20  1.0668e-18
    8     16  1.1992e-08  1.9187e-07
    8     17  8.5414e-18  1.4520e-16
    9     19  3.4479e-20  6.5510e-19
   10     20  1.0492e-08  2.0985e-07
   10     21  8.0431e-15  1.6890e-13
   10     22  8.4058e-19  1.8493e-17
   11     23  9.6040e-13  2.2089e-11
   12     24  1.1458e-08  2.7500e-07
   12     25  4.6677e-13  1.1669e-11
   12     26  1.9055e-11  4.9544e-10
   13     26  1.5079e-13  3.9205e-12
   13     27  1.7798e-09  4.8055e-08
   14     28  4.1221e-08  1.1542e-06
   14     29  3.5113e-10  1.0183e-08
   14     30  2.3252e-08  6.9755e-07
   15     31  7.0215e-09  2.1767e-07
   16     32  5.9525e-08  1.9048e-06
   16     33  6.4168e-09  2.1175e-07
   16     34  1.1863e-07  4.0333e-06
   16     36  6.5830e-11  2.3699e-09
   17     35  2.7868e-08  9.7538e-07
   17     37  1.1904e-08  4.4045e-07
   18     36  4.4879e-08  1.6157e-06
   18     38  4.7240e-07  1.7951e-05
   18     40  6.1464e-10  2.4586e-08
   19     39  2.9663e-08  1.1569e-06
   19     40  1.5439e-09  6.1755e-08
   19     41  1.3984e-08  5.7334e-07
   20     40  9.9180e-08  3.9672e-06
   20     42  9.3474e-07  3.9259e-05
   20     43  1.7591e-08  7.5640e-07
   20     44  2.9602e-08  1.3025e-06
   20     46  2.6377e-12  1.2133e-10
   21     45  2.9798e-07  1.3409e-05
   22     46  6.9580e-07  3.2007e-05
   22     47  5.8539e-08  2.7514e-06
   22     48  5.0055e-07  2.4026e-05
   22     49  6.6415e-07  3.2544e-05
   22     50  7.8548e-08  3.9274e-06
   23     51  6.2529e-07  3.1890e-05
   24     50  1.4815e-07  7.4076e-06
   24     52  7.7450e-07  4.0274e-05
   24     53  3.7021e-07  1.9621e-05
   24     54  3.0095e-07  1.6251e-05
   25     55  8.2510e-07  4.5381e-05
   26     54  3.9902e-07  2.1547e-05
   26     56  2.2089e-06  1.2370e-04
   26     57  3.1989e-07  1.8234e-05
   26     58  4.3628e-07  2.5304e-05
   27     59  1.1578e-06  6.8311e-05
   28     58  1.5551e-07  9.0197e-06
   28     60  1.4931e-04  8.9587e-03
   28     61  1.6470e-05  1.0047e-03
   28     62  1.1588e-03  7.1844e-02
   28     64  6.9461e-06  4.4455e-04
   29     63  3.5711e-05  2.2498e-03
   29     65  2.5966e-05  1.6878e-03
   30     64  2.0158e-05  1.2901e-03
   30     66  7.8148e-04  5.1578e-02
   30     67  7.0629e-06  4.7322e-04
   30     68  6.4086e-05  4.3578e-03
   30     70  1.3968e-08  9.7776e-07
   31     69  1.1438e-05  7.8920e-04
   31     71  1.9952e-06  1.4166e-04
   32     70  6.0838e-05  4.2587e-03
   32     72  1.2208e-04  8.7896e-03
   32     73  2.1999e-06  1.6060e-04
   32     74  4.4389e-06  3.2848e-04
   32     76  2.3176e-09  1.7614e-07
   33     75  2.9347e-06  2.2010e-04
   34     74  4.3337e-07  3.2070e-05
   34     76  2.5397e-05  1.9302e-03
   34     77  1.1273e-06  8.6799e-05
   34     78  2.4176e-05  1.8857e-03
   34     80  4.9984e-07  3.9987e-05
   34     82  2.9196e-10  2.3941e-08
   35     79  2.4861e-06  1.9640e-04
   35     81  2.0590e-06  1.6678e-04
   36     78  6.1152e-09  4.7699e-07
   36     80  4.7662e-07  3.8130e-05
   36     82  4.7512e-06  3.8960e-04
   36     83  4.0690e-07  3.3773e-05
   36     84  5.7731e-06  4.8494e-04
   36     86  1.5525e-07  1.3352e-05
   37     85  1.2594e-06  1.0705e-04
   37     87  7.4077e-06  6.4447e-04
   38     84  2.3611e-09  1.9833e-07
   38     86  3.4812e-06  2.9939e-04
   38     87  3.7156e-06  3.2326e-04
   38     88  1.7365e-03  1.5281e-01
   39     89  4.4574e-04  3.9671e-02
   40     90  8.4315e-04  7.5884e-02
   40     91  6.1505e-06  5.5969e-04
   40     92  4.1688e-07  3.8353e-05
   40     94  4.3163e-12  4.0573e-10
   41     92  5.2016e-12  4.7855e-10
   41     93  3.2858e-08  3.0558e-06
   42     92  6.7982e-08  6.2544e-06
   42     94  6.1533e-08  5.7841e-06
   42     95  1.1544e-09  1.0966e-07
   42     96  4.1652e-10  3.9986e-08
   42     97  6.4020e-12  6.2100e-10
   42     98  4.3130e-14  4.2267e-12
   42    100  2.3477e-20  2.3477e-18
   44     96  1.0246e-12  9.8363e-11
   44     98  6.5840e-12  6.4523e-10
   44     99  2.5366e-13  2.5113e-11
   44    100  5.1089e-13  5.1089e-11
   44    101  3.2188e-15  3.2510e-13
   44    102  5.5620e-16  5.6732e-14
   44    104  1.3546e-20  1.4088e-18
   45    103  6.0461e-17  6.2275e-15
   46    102  3.3142e-16  3.3804e-14
   46    104  1.3758e-16  1.4308e-14
   46    105  1.5081e-18  1.5835e-16
   46    106  1.7190e-18  1.8221e-16
   47    107  2.0268e-20  2.1687e-18
   48    108  1.0828e-20  1.1694e-18
    1      1  1.2548e-09  1.2548e-09
    2      4  1.4128e-01  5.6510e-01


