    1      2  2.4439e-09  4.8878e-09
    2      3  1.1988e-10  3.5963e-10
    3      6  6.9275e-12  4.1565e-11
    3      7  1.5251e-10  1.0676e-09
    4      8  1.6356e-11  1.3085e-10
    4      9  3.1249e-12  2.8124e-11
    5     10  2.0093e-11  2.0093e-10
    5     11  1.9457e-10  2.1403e-09
    6     12  1.8520e-09  2.2224e-08
    6     13  6.9371e-09  9.0183e-08
    7     14  7.9107e-07  1.1075e-05
    7     15  4.9665e-07  7.4497e-06
    8     16  3.5940e-08  5.7503e-07
    8     17  1.1480e-09  1.9515e-08
    8     18  1.6807e-08  3.0253e-07
    9     19  1.3318e-07  2.5305e-06
   10     20  1.9501e-07  3.9002e-06
   10     21  4.1080e-07  8.6267e-06
   10     22  3.1492e-09  6.9283e-08
   11     23  1.8964e-07  4.3618e-06
   12     24  1.7111e-07  4.1067e-06
   12     25  1.1737e-07  2.9343e-06
   12     26  1.4667e-08  3.8134e-07
   13     26  1.0648e-18  2.7685e-17
   13     27  7.1468e-08  1.9296e-06
   14     28  3.6296e-07  1.0163e-05
   14     29  1.0882e-07  3.1558e-06
   14     30  1.2186e-07  3.6557e-06
   15     31  1.4781e-07  4.5820e-06
   16     32  1.6107e-07  5.1542e-06
   16     33  4.4788e-07  1.4780e-05
   16     34  4.5668e-07  1.5527e-05
   16     36  6.4275e-08  2.3139e-06
   17     35  8.0287e-09  2.8101e-07
   17     37  1.7137e-07  6.3408e-06
   18     36  2.4323e-20  8.7563e-19
   18     38  3.2546e-07  1.2368e-05
   18     40  5.1008e-07  2.0403e-05
   19     39  5.4591e-07  2.1290e-05
   19     41  6.6356e-08  2.7206e-06
   20     42  3.2606e-06  1.3694e-04
   20     43  6.0679e-08  2.6092e-06
   20     44  1.2219e-07  5.3764e-06
   20     46  1.8127e-07  8.3383e-06
   21     45  2.7763e-07  1.2493e-05
   22     46  1.0488e-19  4.8246e-18
   22     47  6.1198e-07  2.8763e-05
   22     48  9.1031e-07  4.3695e-05
   22     49  2.0198e-07  9.8968e-06
   22     50  4.3320e-07  2.1660e-05
   23     51  2.2555e-07  1.1503e-05
   24     52  9.4075e-07  4.8919e-05
   24     53  1.8456e-07  9.7816e-06
   24     54  4.8118e-08  2.5984e-06
   25     55  6.9433e-08  3.8188e-06
   26     56  3.9779e-08  2.2276e-06
   26     57  1.4352e-07  8.1806e-06
   26     58  2.6735e-09  1.5506e-07
   27     59  8.7869e-09  5.1843e-07
   28     60  1.2799e-08  7.6796e-07
   28     61  3.5087e-08  2.1403e-06
   28     62  7.3122e-08  4.5335e-06
   28     64  9.0311e-08  5.7799e-06
   29     63  5.9353e-07  3.7393e-05
   29     65  1.6051e-07  1.0433e-05
   30     66  3.5716e-07  2.3573e-05
   30     67  1.5260e-07  1.0224e-05
   30     68  6.7402e-08  4.5833e-06
   30     70  1.4396e-07  1.0077e-05
   31     69  3.1879e-08  2.1997e-06
   31     71  4.2097e-08  2.9889e-06
   32     70  5.0714e-16  3.5500e-14
   32     72  1.0771e-07  7.7550e-06
   32     73  9.9901e-08  7.2928e-06
   32     74  5.6240e-07  4.1618e-05
   32     76  1.3751e-06  1.0451e-04
   33     75  2.0365e-06  1.5274e-04
   34     76  8.2953e-14  6.3044e-12
   34     77  1.9609e-06  1.5099e-04
   34     78  3.1947e-06  2.4919e-04
   34     80  9.9285e-06  7.9428e-04
   34     82  2.5004e-06  2.0503e-04
   35     79  3.8805e-06  3.0656e-04
   35     81  1.6226e-06  1.3143e-04
   36     82  4.9135e-13  4.0291e-11
   36     83  3.1338e-06  2.6010e-04
   36     84  1.6397e-06  1.3773e-04
   36     86  1.8048e-06  1.5521e-04
   37     85  7.5478e-07  6.4156e-05
   37     87  1.5419e-06  1.3415e-04
   38     86  2.0957e-19  1.8023e-17
   38     87  1.1290e-08  9.8226e-07
   38     88  2.4245e-06  2.1335e-04
   39     89  4.8029e-07  4.2745e-05
   40     90  7.0478e-07  6.3430e-05
   40     91  1.0346e-06  9.4146e-05
   40     92  2.8110e-06  2.5862e-04
   40     94  2.4210e-06  2.2758e-04
   41     93  3.9173e-06  3.6431e-04
   42     95  2.1589e-06  2.0510e-04
   42     96  9.6118e-07  9.2273e-05
   42     97  8.4961e-07  8.2412e-05
   42     98  5.0966e-07  4.9947e-05
   42    100  5.6122e-07  5.6122e-05
   44     99  2.8425e-07  2.8141e-05
   44    100  2.1686e-15  2.1686e-13
   44    101  5.3642e-07  5.4179e-05
   44    102  7.1993e-07  7.3433e-05
   44    104  6.6434e-07  6.9091e-05
   45    103  7.4202e-07  7.6429e-05
   46    104  9.6175e-17  1.0002e-14
   46    105  9.8260e-07  1.0317e-04
   46    106  8.3023e-07  8.8004e-05
   46    108  8.2195e-07  8.8771e-05
   46    110  1.4890e-06  1.6379e-04
   47    107  1.0409e-06  1.1138e-04
   47    109  1.0068e-06  1.0974e-04
   48    110  1.7077e-14  1.8784e-12
   48    111  2.2468e-07  2.4939e-05
   48    112  6.1822e-07  6.9240e-05
   48    113  3.0986e-07  3.5014e-05
   48    114  2.9254e-07  3.3350e-05
   48    116  9.9946e-08  1.1594e-05
   49    113  1.3637e-14  1.5410e-12
   49    115  2.4760e-07  2.8474e-05
   50    115  1.9755e-13  2.2718e-11
   50    116  7.2487e-17  8.4085e-15
   50    117  2.4353e-07  2.8492e-05
   50    118  2.1544e-07  2.5422e-05
   50    119  2.1965e-07  2.6138e-05
   50    120  7.3913e-07  8.8695e-05
   50    122  1.3786e-06  1.6819e-04
   50    124  9.4747e-06  1.1749e-03
   51    121  8.4025e-07  1.0167e-04
   51    123  2.1520e-06  2.6470e-04
   52    122  9.3466e-15  1.1403e-12
   52    124  2.4996e-16  3.0995e-14
   52    125  1.2172e-05  1.5215e-03
   52    126  4.7577e-05  5.9947e-03
   52    128  7.1575e-05  9.1616e-03
   52    130  1.5450e-05  2.0084e-03
   53    127  4.5633e-05  5.7954e-03
   53    129  1.4320e-13  1.8473e-11
   54    128  2.3483e-18  3.0059e-16
   54    129  5.1897e-05  6.6948e-03
   54    130  1.0318e-14  1.3413e-12
   54    131  7.8391e-06  1.0269e-03
   54    132  2.4374e-05  3.2174e-03
   54    134  6.7102e-06  8.9917e-04
   54    136  2.1496e-05  2.9235e-03
   55    133  7.1735e-06  9.5408e-04
   56    134  3.4636e-19  4.6413e-17
   56    135  6.1494e-06  8.3016e-04
   56    136  1.3946e-16  1.8966e-14
   56    137  1.5815e-05  2.1667e-03
   56    138  2.0213e-05  2.7894e-03
   57    139  3.3481e-06  4.6539e-04
   58    140  8.9369e-06  1.2512e-03
   58    142  9.6264e-06  1.3669e-03
   59    141  5.5069e-06  7.7647e-04
   60    142  9.0908e-20  1.2909e-17
   60    143  7.8273e-06  1.1193e-03
   60    144  1.8024e-05  2.5955e-03
   60    145  8.2988e-06  1.2033e-03
   60    146  1.5505e-05  2.2637e-03
   60    148  1.0391e-05  1.5378e-03
   60    150  6.5563e-06  9.8344e-04
   62    147  1.2917e-05  1.8988e-03
   62    148  7.3252e-16  1.0841e-13
   62    149  4.5322e-06  6.7530e-04
   62    150  1.5527e-12  2.3290e-10
   62    152  1.2498e-05  1.8997e-03
   62    154  1.2920e-05  1.9897e-03
   63    151  1.0289e-05  1.5537e-03
   63    153  7.0927e-06  1.0852e-03
   64    154  3.0846e-14  4.7503e-12
   64    155  7.4979e-06  1.1622e-03
   64    156  1.3726e-05  2.1412e-03
   64    157  5.7505e-06  9.0283e-04
   64    158  1.1512e-05  1.8189e-03
   64    160  7.8982e-06  1.2637e-03
   65    159  7.1253e-06  1.1329e-03
   66    160  1.6840e-14  2.6944e-12
   66    161  3.2448e-06  5.2241e-04
   66    162  8.2323e-06  1.3336e-03
   66    163  3.9454e-06  6.4309e-04
   66    164  1.2048e-05  1.9759e-03
   67    165  3.9334e-06  6.4901e-04
   68    166  8.1470e-06  1.3524e-03
   68    167  3.4108e-06  5.6960e-04
   68    168  7.2193e-06  1.2128e-03
   68    170  3.3296e-06  5.6604e-04
   69    169  3.2495e-06  5.4916e-04
   70    170  1.1431e-15  1.9433e-13
   70    171  2.0745e-06  3.5473e-04
   70    172  2.2050e-06  3.7926e-04
   70    173  1.9608e-06  3.3921e-04
   70    174  2.8280e-06  4.9207e-04
   70    176  1.5720e-06  2.7667e-04
   71    175  1.3263e-06  2.3211e-04
   71    176  2.2558e-16  3.9703e-14
   72    176  2.1120e-18  3.7172e-16
   72    177  1.2141e-06  2.1489e-04
   72    178  2.0684e-06  3.6818e-04
   72    179  1.7376e-06  3.1104e-04
   72    180  2.2726e-06  4.0907e-04
   72    182  2.5474e-20  4.6362e-18
   73    181  1.7492e-06  3.1660e-04
   74    182  3.0377e-06  5.5286e-04
   74    183  8.3611e-07  1.5301e-04
   74    184  2.5946e-06  4.7741e-04
   74    186  2.5196e-06  4.6865e-04
   75    185  9.1248e-07  1.6881e-04
   75    187  6.8401e-07  1.2791e-04
   76    186  1.4326e-18  2.6646e-16
   76    187  5.5590e-09  1.0395e-06
   76    188  1.2257e-06  2.3042e-04
   76    189  1.0788e-06  2.0390e-04
   76    190  1.2543e-06  2.3832e-04
   76    192  4.3566e-07  8.3646e-05
   77    191  5.8480e-07  1.1170e-04
   77    193  3.5483e-07  6.8482e-05
   78    192  1.4913e-16  2.8634e-14
   78    194  2.3507e-07  4.5603e-05
   78    195  1.4960e-07  2.9171e-05
   78    196  5.4114e-08  1.0606e-05
   78    198  4.4683e-09  8.8473e-07
   79    197  2.2202e-08  4.3737e-06
   80    198  1.4618e-17  2.8944e-15
   80    199  7.8213e-10  1.5564e-07
   80    200  1.4434e-10  2.8867e-08
   80    201  6.9212e-11  1.3912e-08
   80    202  9.5787e-11  1.9349e-08
   80    204  2.4720e-10  5.0429e-08
   81    203  1.8305e-10  3.7158e-08
   81    205  5.0046e-11  1.0259e-08
   82    206  1.6174e-10  3.3318e-08
   82    207  1.7934e-10  3.7123e-08
   82    208  1.7741e-10  3.6902e-08
   82    211  1.2873e-16  2.7161e-14
   82    212  6.3113e-17  1.3380e-14
   83    209  7.8412e-11  1.6388e-08
   84    218  4.6438e-18  1.0123e-15
   87    223  1.8696e-19  4.1692e-17
   88    223  1.3359e-17  2.9792e-15
   88    224  6.8425e-18  1.5327e-15
   90    230  6.2591e-20  1.4396e-17
   90    232  1.7558e-14  4.0734e-12
   91    231  8.1003e-20  1.8712e-17
   92    234  2.0661e-19  4.8347e-17
   92    235  1.7458e-15  4.1027e-13
   92    236  1.5672e-18  3.6986e-16
   92    238  8.7041e-16  2.0716e-13
   94    244  2.8221e-18  6.8860e-16
   97    246  3.8115e-20  9.3764e-18
  100    258  6.7536e-19  1.7424e-16
  100    260  2.5060e-19  6.5155e-17
  100    262  4.3500e-20  1.1397e-17
  102    261  7.5738e-20  1.9768e-17
  102    263  1.6951e-20  4.4582e-18
  102    264  1.1436e-20  3.0192e-18
    1      1  2.9728e-09  2.9728e-09
    2      4  2.2464e-01  8.9854e-01


