1  4.7294e-08
2  2.2642e-01
3  2.3050e-09
4  2.5451e-08
5  1.7770e-07
6  2.6930e-08
7  6.4236e-06
8  8.1864e-07
9  4.6050e-07
10  1.4514e-06
11  2.3359e-07
12  7.5716e-07
13  1.0204e-07
14  2.4610e-07
15  4.3834e-08
16  2.4792e-07
17  1.5970e-08
18  2.7262e-08
19  3.5164e-08
20  8.3856e-08
21  1.8436e-08
22  3.8683e-08
23  1.9477e-08
24  5.8200e-08
25  2.1953e-09
26  3.3747e-08
27  2.6192e-10
28  7.1747e-09
29  1.2638e-07
30  1.9527e-07
31  2.1235e-08
32  1.9938e-07
33  6.8931e-08
34  3.9851e-06
35  1.0632e-06
36  9.8224e-07
37  4.7478e-07
38  2.2631e-07
39  2.6937e-07
40  1.3739e-06
41  1.1500e-06
42  9.1009e-07
43  6.2507e-33
44  2.2701e-07
45  1.2262e-07
46  7.5938e-07
47  5.1967e-07
48  7.1232e-07
49  3.0545e-07
50  8.9592e-07
51  3.5589e-07
52  7.7548e-06
53  2.5975e-06
54  6.5300e-06
55  2.1454e-07
56  9.5121e-07
57  5.0372e-08
58  3.3700e-07
59  7.3016e-08
60  2.2521e-07
61  3.7217e-86
62  1.5015e-07
63  2.3074e-08
64  4.1432e-07
65  5.0737e-08
66  1.8642e-07
67  5.6565e-08
68  4.5855e-07
69  3.6693e-07
70  8.8960e-07
71  6.5293e-08
72  1.2224e-06
73  4.7541e-07
74  1.5533e-06
75  9.7409e-08
76  3.9816e-07
77  4.0709e-07
78  1.3740e-05
79  2.5793e-06
80  4.8818e-05
81  8.6558e-07
82  6.9535e-06
83  5.2960e-06
84  2.3679e-16
85  2.4534e-25
86  6.5373e-18
87  2.8216e-21
88  1.0019e-12
89  1.0640e-13
90  3.8284e-06
91  1.5952e-10
92  6.2444e-06
93  4.9167e-20
94  3.3434e-08
95  5.8878e-18
96  1.2435e-14
97  5.0154e-10
98  3.3550e-315
99  -1.4328e-322
100  4.9183e-06
101  4.5608e-313
102  9.8253e-06
103  2.5112e-06
104  7.2141e-05
105  2.1814e-05
106  1.1975e-04
107  1.0064e-05
108  1.1152e-05
109  1.0113e-319
110  3.7840e-10
111  6.1668e-06
112  0.0000e+00
113  0.0000e+00
114  0.0000e+00
115  0.0000e+00
116  0.0000e+00
117  0.0000e+00
118  0.0000e+00

