1  2.3619e-02
2  2.3035e-01
3  8.0755e-11
4  2.7015e-07
5  5.3137e-09
6  9.4455e-09
7  1.3943e-06
8  2.2526e-06
9  3.8663e-08
10  3.2486e-06
11  7.2185e-07
12  3.3414e-06
13  1.1286e-08
14  3.1348e-07
15  7.6420e-09
16  2.6270e-07
17  2.9955e-08
18  4.8792e-08
19  1.4921e-09
20  8.3169e-10
21  1.4467e-10
22  5.0048e-09
23  1.7303e-11
24  4.7042e-11
25  2.3434e-12
26  1.0347e-10
27  9.3632e-13
28  6.3930e-10
29  1.5238e-11
30  4.3316e-11
31  3.2581e-12
32  5.7458e-11
33  3.9860e-12
34  2.4235e-10
35  1.2759e-11
36  1.0675e-10
37  4.8216e-11
38  3.7060e-11
39  1.2180e-11
40  9.7741e-11
41  1.4045e-11
42  2.1276e-10
43  1.6855e-36
44  3.0260e-11
45  4.6621e-12
46  3.8468e-11
47  5.9896e-12
48  3.8669e-11
49  6.2702e-12
50  1.3684e-10
51  7.7400e-12
52  5.8417e-10
53  7.5660e-12
54  8.5345e-09
55  3.3586e-09
56  1.4672e-09
57  6.1365e-11
58  1.1095e-10
59  1.3836e-11
60  6.1903e-11
61  1.1100e-90
62  8.8279e-12
63  1.5117e-12
64  3.7750e-12
65  1.4154e-13
66  6.6279e-13
67  1.8328e-13
68  1.1817e-12
69  2.9777e-13
70  8.2224e-13
71  9.3262e-14
72  5.8744e-13
73  2.7020e-13
74  6.1279e-13
75  1.9062e-13
76  2.8606e-12
77  8.0818e-13
78  3.4345e-12
79  8.0981e-13
80  3.3558e-12
81  3.7904e-12
82  1.3611e-07
83  -1.7168e-06
84  6.8837e-28
85  2.9708e-33
86  5.4227e-15
87  1.6494e-27
88  1.8745e-19
89  6.2195e-20
90  2.1079e-12
91  9.3244e-17
92  2.5386e-12
93  2.9401e-26
94  1.9913e-14
95  1.3808e-22
96  2.9143e-19
97  1.2031e-16
98  6.8856e-301
99  1.4229e-321
100  2.0848e-10
101  1.8970e-197
102  1.8100e-10
103  2.9117e-11
104  1.1831e-12
105  1.5854e-12
106  2.2734e-11
107  7.1388e-13
108  2.6016e-08
109  2.1277e-319
110  3.9112e-08
111  1.5945e-04
112  0.0000e+00
113  0.0000e+00
114  0.0000e+00
115  0.0000e+00
116  0.0000e+00
117  0.0000e+00
118  0.0000e+00

