1  3.7981e-08
2  2.2434e-01
3  1.5499e-09
4  5.0650e-09
5  6.5254e-08
6  8.7120e-08
7  5.7145e-06
8  2.1407e-07
9  4.8439e-07
10  1.1671e-06
11  3.4287e-07
12  1.0319e-06
13  5.0319e-08
14  1.7162e-07
15  4.0669e-08
16  2.7495e-07
17  2.9961e-08
18  5.3904e-08
19  9.9290e-08
20  2.9982e-07
21  6.4229e-08
22  2.5435e-07
23  1.1741e-07
24  2.7903e-07
25  5.6989e-08
26  1.4742e-07
27  4.8661e-09
28  1.2589e-07
29  7.1445e-07
30  1.0061e-06
31  1.3598e-07
32  1.2793e-06
33  3.0266e-07
34  1.1040e-05
35  3.4858e-06
36  2.9359e-06
37  8.9126e-07
38  4.2912e-07
39  2.5141e-07
40  2.4871e-06
41  1.8528e-06
42  1.4547e-06
43  9.2812e-33
44  6.6570e-07
45  2.4698e-07
46  1.4764e-06
47  7.2546e-07
48  9.2499e-07
49  1.2164e-07
50  2.3091e-06
51  7.1085e-07
52  1.6592e-05
53  5.4744e-06
54  1.1458e-05
55  4.2636e-07
56  2.6462e-06
57  1.2908e-07
58  4.4256e-07
59  5.5443e-08
60  1.5693e-06
61  2.8685e-84
62  1.5513e-06
63  5.8849e-07
64  2.3360e-06
65  4.7021e-07
66  2.1993e-06
67  5.2746e-07
68  3.1228e-06
69  1.0506e-06
70  3.3830e-06
71  5.8646e-07
72  1.6950e-06
73  3.3544e-07
74  3.4600e-06
75  1.8915e-06
76  4.1286e-05
77  3.2582e-05
78  1.3349e-04
79  3.2960e-05
80  1.3249e-05
81  5.9352e-07
82  3.4851e-05
83  1.7069e-05
84  6.6769e-16
85  3.3890e-26
86  1.8434e-17
87  6.7302e-21
88  2.8266e-12
89  2.5380e-13
90  1.4801e-05
91  3.8050e-10
92  1.6126e-05
93  1.8134e-19
94  1.2332e-07
95  1.2114e-17
96  2.5598e-14
97  1.7810e-09
98  -2.2944e-314
99  9.3378e-322
100  9.4867e-06
101  -3.3609e-313
102  1.8610e-05
103  4.8471e-06
104  2.8765e-05
105  1.5818e-05
106  6.9905e-06
107  2.0031e-07
108  3.8476e-08
109  -2.8139e-319
110  2.2176e-11
111  1.0218e-08
112  0.0000e+00
113  0.0000e+00
114  0.0000e+00
115  0.0000e+00
116  0.0000e+00
117  0.0000e+00
118  0.0000e+00

