1  3.5393e-02
2  9.6643e+04
3  4.5394e-11
4  3.2252e-07
5  3.0898e-09
6  6.7050e-09
7  1.1812e-06
8  1.7240e-06
9  3.7125e-08
10  2.7760e-06
11  6.3216e-07
12  3.8361e-06
13  1.3026e-08
14  3.7718e-07
15  9.2259e-09
16  3.2738e-07
17  3.0497e-08
18  5.9436e-08
19  1.8806e-09
20  1.0107e-09
21  1.7671e-10
22  6.4446e-09
23  2.0823e-11
24  5.8075e-11
25  2.9218e-12
26  1.2878e-10
27  1.1312e-12
28  8.3419e-10
29  1.9470e-11
30  5.4488e-11
31  3.9095e-12
32  6.7250e-11
33  4.1567e-12
34  2.9484e-10
35  1.4562e-11
36  1.3415e-10
37  5.4023e-11
38  4.5914e-11
39  1.4679e-11
40  1.2036e-10
41  1.7537e-11
42  2.8330e-10
43  2.3059e-36
44  4.1140e-11
45  6.3623e-12
46  5.1311e-11
47  7.9289e-12
48  5.2230e-11
49  8.5946e-12
50  1.9155e-10
51  1.0646e-11
52  7.3483e-10
53  1.0492e-11
54  1.1379e-08
55  4.0072e-09
56  2.1653e-09
57  9.3911e-11
58  1.7136e-10
59  2.1045e-11
60  9.7505e-11
61  3.9931e-90
62  1.4017e-11
63  2.4188e-12
64  6.1589e-12
65  2.2611e-13
66  1.1033e-12
67  2.9607e-13
68  2.0187e-12
69  5.0960e-13
70  1.4256e-12
71  1.6220e-13
72  9.9744e-13
73  4.7399e-13
74  1.0535e-12
75  3.2353e-13
76  5.0187e-12
77  1.3538e-12
78  5.9990e-12
79  1.3064e-12
80  6.0092e-12
81  6.4953e-12
82  -2.0388e-08
83  5.1772e-02
84  1.5361e-13
85  7.3787e-33
86  -4.0425e-15
87  2.7586e-27
88  3.1659e-19
89  1.1606e-19
90  3.5005e-12
91  1.6923e-16
92  4.3943e-12
93  5.1466e-26
94  3.2291e-14
95  6.2983e-22
96  4.5715e-19
97  1.9709e-16
98  9.5614e-314
99  -6.8181e-322
100  3.7611e-10
101  1.3095e-242
102  3.2385e-10
103  5.1351e-11
104  2.0940e-12
105  2.8148e-12
106  3.8112e-11
107  1.2453e-12
108  3.2044e-08
109  -2.1500e-319
110  5.2268e-08
111  1.1290e-04
112  0.0000e+00
113  0.0000e+00
114  0.0000e+00
115  0.0000e+00
116  0.0000e+00
117  0.0000e+00
118  0.0000e+00

