1  6.0856e-03
2  1.3458e-04
3  1.5372e-06
4  2.1677e-01
5  0.0000e+00
6  2.0108e-23
7  1.2255e-09
8  1.5254e-07
9  1.3382e-09
10  1.6182e-08
11  4.5969e-08
12  3.0798e-08
13  5.8512e-08
14  1.5884e-06
15  1.2131e-06
16  5.5010e-06
17  8.4371e-08
18  1.2609e-06
19  4.3439e-08
20  1.7744e-06
21  1.2364e-07
22  2.1030e-06
23  8.6228e-07
24  1.0475e-06
25  4.1474e-07
26  4.8275e-07
27  6.6612e-09
28  2.6371e-07
29  1.9043e-08
30  3.6494e-09
31  7.6005e-09
32  1.1957e-07
33  1.0271e-08
34  1.2886e-07
35  2.8574e-08
36  2.7326e-07
37  1.4546e-08
38  7.1791e-08
39  1.6493e-09
40  2.2044e-10
41  3.5947e-11
42  3.0507e-10
43  4.9446e-11
44  6.2632e-10
45  1.0422e-10
46  3.1695e-10
47  2.1992e-10
48  4.7577e-09
49  2.0589e-10
50  1.9795e-10
51  5.1638e-11
52  8.8161e-11
53  4.3068e-11
54  4.8867e-11
55  1.3455e-11
56  3.6874e-11
57  2.5753e-11
58  1.4247e-10
59  1.9732e-12
60  4.3038e-10
61  1.3272e-12
62  1.2678e-11
63  2.4688e-11
64  2.3268e-10
65  1.3624e-12
66  1.8098e-11
67  2.2847e-12
68  3.0690e-11
69  4.6851e-12
70  3.6053e-11
71  6.2057e-12
72  4.3115e-11
73  1.1591e-11
74  8.8048e-11
75  2.3683e-11
76  9.2136e-11
77  4.7311e-12
78  1.0498e-10
79  3.2355e-11
80  2.1524e-10
81  2.3395e-11
82  1.4331e-10
83  7.6326e-12
84  2.2189e-11
85  3.8992e-11
86  7.8842e-11
87  3.1623e-11
88  3.2116e-11
89  1.9160e-11
90  1.7001e-11
91  5.1622e-12
92  1.3868e-11
93  1.2098e-11
94  1.2068e-11
95  6.2106e-12
96  4.8411e-11
97  9.1010e-12
98  1.8556e-11
99  4.9870e-12
100  1.5362e-11
101  2.1495e-12
102  6.1914e-12
103  2.4066e-12
104  6.2118e-12
105  3.0399e-12
106  5.4785e-12
107  2.1045e-12
108  8.1313e-12
109  2.1185e-12
110  1.0903e-11
111  1.7652e-12
112  5.1007e-12
113  2.9456e-12
114  1.0547e-11
115  5.8174e-12
116  6.4732e-12
117  1.5495e-12
118  9.4167e-12
119  2.9978e-12
120  1.2902e-11
121  3.4615e-12
122  1.9850e-11
123  7.2522e-13
124  1.8779e-11
125  6.4131e-12
126  3.6121e-11
127  2.3159e-12
128  4.2923e-11
129  2.4677e-11
130  2.1674e-10
131  5.1838e-10
132  1.6659e-09
133  1.9720e-09
134  2.0826e-09
135  6.7354e-10
136  2.5641e-10
137  9.1303e-12
138  3.7403e-11
139  2.4831e-11
140  3.9705e-11
141  2.3547e-12
142  1.3455e-12
143  2.0931e-12
144  6.7621e-12
145  5.8652e-13
146  1.8615e-12
147  1.7290e-12
148  2.1304e-12
149  1.5327e-13
150  3.0533e-12
151  1.7958e-13
152  7.8198e-13
153  3.5337e-13
154  5.2546e-13
155  9.2040e-14
156  3.2300e-13
157  8.4281e-14
158  1.4265e-13
159  3.0831e-14
160  2.6217e-13
161  2.4209e-14
162  5.8978e-14
163  2.7280e-14
164  4.7641e-14
165  5.9819e-14
166  7.1983e-14
167  5.2334e-14
168  4.3581e-14
169  1.4243e-13
170  5.1451e-14
171  5.6915e-14
172  2.6307e-14
173  1.6904e-14
174  1.0983e-13
175  2.7650e-14
176  4.7973e-14
177  4.1901e-14
178  3.1690e-14
179  2.6783e-14
180  3.8526e-14
181  2.1697e-13
182  1.0171e-13
183  2.8902e-14
184  1.0982e-14
185  5.9377e-15
186  7.8920e-15
187  2.0123e-14
188  8.6577e-15
189  4.5701e-14
190  2.9612e-14
191  9.1584e-14
192  2.9423e-13
193  2.5455e-14
194  8.0902e-14
195  8.6451e-14
196  7.1847e-14
197  1.7766e-13
198  2.7945e-13
199  2.0572e-14
200  5.1549e-14
201  4.7611e-14
202  6.7885e-14
203  1.2322e-13
204  2.3722e-13
205  2.1736e-13
206  3.8586e-11
207  -6.6976e-10
208  1.2866e-12
209  4.2784e-12
210  6.6095e-25
211  1.3757e-36
212  1.8875e-15
213  5.8626e-25
214  1.2488e-15
215  1.7500e-14
216  4.2730e-47
217  6.7355e-58
218  8.1844e-20
219  9.9301e-29
220  3.8051e-16
221  5.5696e-320
222  2.0250e-25
223  8.3507e-24
224  1.7121e-25
225  1.7454e-42
226  3.0986e-20
227  5.8205e-21
228  5.5057e-19
229  5.6243e-32
230  1.4604e-18
231  8.7060e-18
232  2.4099e-13
233  2.9594e-29
234  4.7553e-18
235  1.8764e-13
236  7.2676e-16
237  -4.4980e-320
238  8.6509e-14
239  1.2985e-22
240  7.3624e-16
241  0.0000e+00
242  5.2381e-62
243  3.9696e-23
244  2.6615e-15
245  0.0000e+00
246  1.9818e-17
247  8.3783e-20
248  1.7175e-61
249  0.0000e+00
250  0.0000e+00
251  4.1425e-291
252  0.0000e+00
253  0.0000e+00
254  0.0000e+00
255  0.0000e+00
256  0.0000e+00
257  3.3927e-27
258  4.3078e-13
259  9.0283e-26
260  2.0637e-12
261  5.8614e-12
262  7.5486e-12
263  1.1043e-11
264  4.3706e-12
265  8.6804e-12
266  3.2900e-12
267  5.3951e-13
268  1.6781e-13
269  7.0359e-13
270  7.5470e-13
271  3.5469e-13
272  2.0027e-13
273  2.8017e-13
274  8.0472e-14
275  4.0634e-13
276  1.2816e-12
277  4.2785e-13
278  6.1722e-13
279  2.9412e-12
280  4.6280e-12
281  1.9016e-12
282  1.5095e-11
283  3.4710e-10
284  3.3402e-09
285  7.4096e-09
286  8.5662e-09
287  2.8249e-09
288  1.2582e-09
289  8.5075e-10
290  8.6105e-10
291  6.3392e-10
292  1.7701e-09
293  4.3690e-09
294  1.2015e-08
295  8.4955e-09
296  9.5248e-09
297  5.8127e-09
298  1.3628e-08
299  2.9650e-09
300  4.3741e-09
301  1.9581e-08
302  5.2830e-08
303  5.4533e-08
304  7.2510e-08
305  7.3634e-08
306  1.0737e-07
307  8.6532e-08
308  1.2971e-07
309  8.3685e-08
310  1.2846e-07
311  8.6562e-08
312  1.1807e-07
313  7.6534e-08
314  1.1721e-07
315  9.4505e-08
316  1.2335e-07
317  1.1397e-07
318  2.0714e-07
319  1.7985e-07
320  2.1838e-07
321  1.4467e-07
322  2.1416e-07
323  1.7656e-07
324  2.4418e-07
325  3.2084e-07
326  2.8945e-07
327  2.4586e-07
328  1.9338e-07
329  3.1373e-07
330  2.4414e-07
331  3.0521e-07
332  2.0729e-07
333  3.3614e-07
334  2.2825e-07
335  2.9734e-07
336  1.7904e-07
337  3.6892e-04

