    1      2  5.8307e-10  1.1661e-09
    2      3  9.2577e-12  2.7773e-11
    3      6  1.6110e-12  9.6660e-12
    3      7  2.0211e-11  1.4148e-10
    4      8  2.8352e-12  2.2682e-11
    4      9  4.2738e-15  3.8464e-14
    5     10  4.1257e-12  4.1257e-11
    5     11  2.2570e-11  2.4828e-10
    6     12  3.1381e-09  3.7657e-08
    6     13  1.8853e-10  2.4509e-09
    7     14  4.6755e-07  6.5457e-06
    7     15  1.3640e-07  2.0459e-06
    8     16  6.7358e-09  1.0777e-07
    8     17  2.5824e-10  4.3901e-09
    8     18  7.1613e-08  1.2890e-06
    9     19  1.0177e-07  1.9336e-06
   10     20  1.4462e-07  2.8923e-06
   10     21  1.1458e-07  2.4061e-06
   10     22  9.0503e-09  1.9911e-07
   11     23  3.1196e-08  7.1750e-07
   12     24  5.7000e-08  1.3680e-06
   12     25  5.6752e-08  1.4188e-06
   12     26  5.3783e-07  1.3984e-05
   13     26  5.5608e-17  1.4458e-15
   13     27  2.6354e-07  7.1156e-06
   14     28  8.0822e-07  2.2630e-05
   14     29  1.0102e-07  2.9296e-06
   14     30  4.4711e-08  1.3413e-06
   15     31  9.1289e-08  2.8300e-06
   16     32  1.1628e-07  3.7208e-06
   16     33  1.5582e-06  5.1419e-05
   16     34  1.2057e-06  4.0995e-05
   16     36  2.3532e-08  8.4716e-07
   17     35  1.4238e-08  4.9834e-07
   17     37  1.4854e-07  5.4960e-06
   18     36  1.4911e-18  5.3681e-17
   18     38  3.3064e-07  1.2564e-05
   18     40  8.8071e-07  3.5228e-05
   19     39  5.6680e-07  2.2105e-05
   19     41  9.8676e-08  4.0457e-06
   20     42  1.4093e-06  5.9191e-05
   20     43  7.3952e-07  3.1799e-05
   20     44  2.7317e-07  1.2019e-05
   20     46  1.0307e-06  4.7413e-05
   21     45  9.6732e-07  4.3530e-05
   22     46  1.6056e-18  7.3859e-17
   22     47  4.9356e-07  2.3198e-05
   22     48  1.1045e-06  5.3014e-05
   22     49  4.6528e-07  2.2799e-05
   22     50  6.9531e-07  3.4765e-05
   23     51  5.7356e-07  2.9251e-05
   24     52  1.3125e-07  6.8252e-06
   24     53  3.4906e-07  1.8500e-05
   24     54  2.6505e-07  1.4313e-05
   25     55  1.5313e-07  8.4224e-06
   26     56  2.4139e-06  1.3518e-04
   26     57  3.1293e-06  1.7837e-04
   26     58  1.2129e-07  7.0348e-06
   27     59  1.2984e-07  7.6607e-06
   28     60  1.7185e-07  1.0311e-05
   28     61  1.4523e-07  8.8588e-06
   28     62  1.2667e-07  7.8534e-06
   28     64  9.0375e-08  5.7840e-06
   29     63  1.0097e-06  6.3614e-05
   29     65  9.6333e-08  6.2616e-06
   30     64  7.2401e-19  4.6336e-17
   30     66  3.2980e-07  2.1767e-05
   30     67  3.7346e-07  2.5022e-05
   30     68  2.3821e-07  1.6198e-05
   30     70  1.1670e-06  8.1690e-05
   31     69  4.9717e-07  3.4305e-05
   31     71  1.5041e-07  1.0679e-05
   32     70  6.5107e-14  4.5575e-12
   32     72  2.9659e-07  2.1354e-05
   32     73  2.5267e-07  1.8445e-05
   32     74  1.0425e-06  7.7144e-05
   32     76  5.4421e-06  4.1360e-04
   33     75  3.5857e-06  2.6893e-04
   34     76  3.5110e-12  2.6684e-10
   34     77  8.6440e-06  6.6559e-04
   34     78  1.2022e-05  9.3773e-04
   34     80  1.9014e-05  1.5211e-03
   34     82  2.4451e-06  2.0049e-04
   35     79  1.7831e-05  1.4087e-03
   35     81  5.3468e-06  4.3309e-04
   36     82  4.8613e-12  3.9863e-10
   36     83  1.3670e-05  1.1346e-03
   36     84  1.3233e-05  1.1116e-03
   36     86  2.4273e-06  2.0875e-04
   37     85  7.7660e-06  6.6011e-04
   37     87  2.0741e-05  1.8045e-03
   38     86  1.9460e-18  1.6736e-16
   38     87  1.5187e-07  1.3213e-05
   38     88  3.4682e-05  3.0520e-03
   39     89  1.2367e-05  1.1007e-03
   40     90  6.9167e-06  6.2250e-04
   40     91  5.3135e-06  4.8353e-04
   40     92  2.0477e-06  1.8839e-04
   40     94  3.0489e-06  2.8660e-04
   41     93  6.4162e-07  5.9670e-05
   42     95  6.1322e-06  5.8256e-04
   42     96  8.7576e-06  8.4073e-04
   42     97  6.9093e-06  6.7020e-04
   42     98  1.2528e-06  1.2278e-04
   42    100  8.4450e-06  8.4450e-04
   44     99  4.7038e-06  4.6568e-04
   44    100  1.1170e-11  1.1170e-09
   44    101  8.5552e-06  8.6407e-04
   44    102  7.4871e-06  7.6368e-04
   44    104  4.6673e-06  4.8540e-04
   45    103  4.5507e-06  4.6873e-04
   46    104  8.0849e-17  8.4083e-15
   46    105  2.1609e-06  2.2689e-04
   46    106  4.0996e-06  4.3456e-04
   46    108  1.9163e-05  2.0696e-03
   46    110  1.5432e-04  1.6975e-02
   47    107  5.5677e-06  5.9574e-04
   47    109  8.3572e-05  9.1093e-03
   48    110  2.6259e-11  2.8885e-09
   48    111  2.5037e-05  2.7792e-03
   48    112  8.5001e-05  9.5201e-03
   48    113  5.5168e-05  6.2340e-03
   48    114  5.3463e-05  6.0948e-03
   48    116  2.2392e-06  2.5975e-04
   49    113  2.4280e-12  2.7436e-10
   49    115  4.3923e-05  5.0511e-03
   50    115  3.5044e-11  4.0301e-09
   50    116  7.7774e-11  9.0218e-09
   50    117  3.5348e-06  4.1357e-04
   50    118  1.8377e-06  2.1684e-04
   50    119  1.3094e-06  1.5582e-04
   50    120  4.0303e-06  4.8364e-04
   50    122  2.9625e-06  3.6142e-04
   50    124  3.4220e-05  4.2433e-03
   51    121  2.3611e-06  2.8569e-04
   51    123  5.6050e-06  6.8942e-04
   52    122  6.6647e-13  8.1310e-11
   52    124  2.1274e-14  2.6380e-12
   52    125  5.7280e-05  7.1600e-03
   52    126  1.4577e-04  1.8367e-02
   52    128  3.7661e-04  4.8206e-02
   52    130  1.1047e-05  1.4361e-03
   53    127  2.1890e-04  2.7800e-02
   53    129  6.5795e-13  8.4875e-11
   54    128  5.2617e-14  6.7350e-12
   54    129  4.3121e-04  5.5626e-02
   54    130  6.6248e-12  8.6123e-10
   54    131  4.8205e-06  6.3149e-04
   54    132  3.3800e-05  4.4617e-03
   54    134  3.0412e-05  4.0752e-03
   54    136  8.1719e-06  1.1114e-03
   55    133  6.1040e-05  8.1184e-03
   56    134  2.3154e-16  3.1026e-14
   56    135  1.2710e-05  1.7158e-03
   56    136  1.3184e-13  1.7931e-11
   56    137  4.6465e-06  6.3656e-04
   56    138  1.1167e-05  1.5411e-03
   57    139  4.7493e-06  6.6016e-04
   58    140  4.9507e-06  6.9310e-04
   58    142  4.4592e-07  6.3321e-05
   59    141  1.8544e-06  2.6147e-04
   60    142  1.6198e-17  2.3001e-15
   60    143  7.6527e-08  1.0943e-05
   60    144  3.1090e-08  4.4770e-06
   60    145  1.2554e-08  1.8203e-06
   60    146  8.1315e-08  1.1872e-05
   60    148  9.7035e-08  1.4361e-05
   60    150  6.6758e-08  1.0014e-05
   62    147  1.3904e-07  2.0440e-05
   62    148  2.5633e-13  3.7937e-11
   62    149  3.6903e-08  5.4985e-06
   62    150  7.0953e-13  1.0643e-10
   62    152  8.2732e-08  1.2575e-05
   62    154  4.8755e-08  7.5082e-06
   63    151  1.8352e-08  2.7712e-06
   63    153  5.9384e-08  9.0857e-06
   64    154  9.9037e-15  1.5252e-12
   64    155  1.8952e-07  2.9375e-05
   64    156  1.4819e-08  2.3117e-06
   64    157  6.6446e-08  1.0432e-05
   64    158  1.0220e-07  1.6147e-05
   64    160  7.7028e-09  1.2325e-06
   65    159  5.2985e-10  8.4245e-08
   66    160  1.1348e-16  1.8157e-14
   66    161  1.6363e-08  2.6344e-06
   66    162  9.1750e-09  1.4864e-06
   66    163  1.2710e-08  2.0718e-06
   66    164  1.6140e-08  2.6470e-06
   67    165  1.0227e-08  1.6874e-06
   68    166  3.7020e-08  6.1453e-06
   68    167  3.6474e-08  6.0911e-06
   68    168  1.9991e-08  3.3584e-06
   68    170  2.4003e-08  4.0804e-06
   69    169  1.0338e-07  1.7472e-05
   70    170  2.8588e-16  4.8599e-14
   70    171  2.8166e-08  4.8163e-06
   70    172  1.3862e-08  2.3843e-06
   70    173  7.9200e-09  1.3702e-06
   70    174  2.1859e-08  3.8035e-06
   70    176  8.5562e-09  1.5059e-06
   71    175  4.8044e-09  8.4077e-07
   71    176  3.3883e-18  5.9633e-16
   72    176  3.1723e-20  5.5833e-18
   72    177  2.8304e-08  5.0097e-06
   72    178  1.0279e-08  1.8297e-06
   72    179  5.0781e-09  9.0897e-07
   72    180  6.8794e-09  1.2383e-06
   73    181  6.2092e-09  1.1239e-06
   74    182  5.3365e-09  9.7124e-07
   74    183  2.9513e-09  5.4009e-07
   74    184  1.7242e-09  3.1726e-07
   74    186  5.1441e-10  9.5681e-08
   75    185  5.5285e-10  1.0228e-07
   75    187  3.9340e-10  7.3566e-08
   76    187  3.1973e-12  5.9789e-10
   76    188  4.9704e-10  9.3444e-08
   76    189  1.9798e-10  3.7418e-08
   76    190  1.9589e-10  3.7219e-08
   76    192  4.7509e-10  9.1217e-08
   77    191  4.7816e-10  9.1329e-08
   77    193  2.3212e-10  4.4799e-08
   78    192  2.7296e-19  5.2409e-17
   78    194  6.3530e-10  1.2325e-07
   78    195  4.3510e-10  8.4844e-08
   78    196  3.2662e-10  6.4018e-08
   78    198  1.2758e-10  2.5261e-08
   79    197  3.0262e-10  5.9615e-08
   80    198  7.2106e-20  1.4277e-17
   80    199  3.9145e-11  7.7899e-09
   80    200  6.4475e-11  1.2895e-08
   80    201  1.3229e-11  2.6591e-09
   80    202  6.2346e-12  1.2594e-09
   80    204  9.4594e-14  1.9297e-11
   81    203  9.8831e-13  2.0063e-10
   81    205  1.8421e-14  3.7763e-12
   82    206  4.7120e-15  9.7068e-13
   82    207  4.5579e-16  9.4348e-14
   82    208  1.6035e-16  3.3353e-14
   83    209  1.2308e-16  2.5723e-14
   90    232  3.4160e-19  7.9250e-17
   92    235  7.1770e-20  1.6866e-17
   92    238  2.5158e-20  5.9877e-18
    1      1  1.6136e-09  1.6136e-09
    2      4  1.8173e-01  7.2691e-01


