1  9.5736e-09
2  1.6691e-01
3  2.6944e-10
4  3.9651e-09
5  1.1849e-08
6  3.3806e-07
7  1.3873e-05
8  3.6805e-07
9  1.4872e-06
10  2.5660e-06
11  6.9608e-07
12  1.2559e-06
13  4.7324e-08
14  2.9263e-07
15  7.1879e-08
16  7.1741e-07
17  1.2489e-07
18  2.2625e-07
19  4.8379e-07
20  1.5281e-06
21  3.9677e-07
22  2.3611e-06
23  7.1551e-07
24  3.1853e-06
25  1.6214e-07
26  3.9404e-07
27  2.1439e-08
28  9.1182e-07
29  3.4430e-06
30  4.9076e-06
31  8.7910e-07
32  7.3371e-06
33  1.0304e-06
34  3.6965e-05
35  9.7643e-06
36  1.0344e-05
37  2.8176e-06
38  1.3638e-06
39  7.6062e-07
40  1.2247e-05
41  5.4235e-06
42  5.5615e-06
43  4.1238e-32
44  2.8692e-06
45  8.4495e-07
46  5.8651e-06
47  2.5459e-06
48  3.3820e-06
49  2.9621e-07
50  1.1876e-05
51  3.3591e-06
52  1.1052e-04
53  4.3088e-05
54  7.8994e-05
55  4.7331e-06
56  2.2724e-05
57  1.4421e-06
58  7.1211e-06
59  2.4336e-06
60  2.3965e-05
61  4.0141e-83
62  2.1742e-05
63  9.7167e-06
64  3.1645e-05
65  5.3697e-06
66  3.4612e-05
67  5.6474e-06
68  3.6613e-05
69  6.9843e-06
70  4.2476e-05
71  5.7723e-06
72  1.8887e-05
73  5.2787e-06
74  1.5718e-04
75  5.8495e-05
76  4.1538e-04
77  1.7742e-04
78  3.2764e-04
79  5.2416e-05
80  1.0773e-05
81  2.3092e-06
82  4.1068e-05
83  1.1476e-05
84  1.8685e-16
85  1.5065e-25
86  5.1588e-18
87  1.7203e-21
88  7.9143e-13
89  6.4875e-14
90  5.1612e-06
91  9.7262e-11
92  4.3111e-06
93  3.9916e-20
94  2.7146e-08
95  1.4453e-18
96  3.0569e-15
97  4.6878e-10
98  -7.7896e-314
99  -3.6561e-322
100  9.2355e-07
101  3.0729e-313
102  8.4141e-07
103  1.6430e-07
104  2.8213e-07
105  1.6190e-07
106  1.5352e-08
107  1.2355e-10
108  9.5596e-12
109  -2.1354e-319
110  5.5850e-14
111  8.3552e-13
112  0.0000e+00
113  0.0000e+00
114  0.0000e+00
115  0.0000e+00
116  0.0000e+00
117  0.0000e+00
118  0.0000e+00

