1  2.3621e-09
2  1.5698e-01
3  1.1735e-10
4  5.3654e-10
5  1.7598e-10
6  1.1643e-07
7  8.2037e-06
8  4.1511e-07
9  1.1814e-06
10  1.9313e-06
11  5.4941e-07
12  8.0084e-07
13  1.0153e-07
14  7.3744e-07
15  1.4065e-07
16  1.6935e-06
17  3.4145e-07
18  1.5649e-06
19  1.0777e-06
20  2.9607e-06
21  8.7309e-07
22  6.5272e-06
23  9.1587e-07
24  5.3963e-06
25  2.7524e-07
26  6.0479e-07
27  3.0334e-08
28  1.1691e-06
29  4.4662e-06
30  7.3389e-06
31  1.3996e-06
32  7.1872e-06
33  8.2652e-07
34  4.4332e-05
35  1.1522e-05
36  1.6155e-05
37  4.6089e-06
38  2.5568e-06
39  1.0971e-06
40  1.6079e-05
41  7.0274e-06
42  1.0153e-05
43  5.6356e-32
44  3.9376e-06
45  1.0125e-06
46  8.8709e-06
47  3.8314e-06
48  5.2945e-06
49  5.5764e-07
50  1.5538e-05
51  3.3991e-06
52  3.1160e-04
53  9.8568e-05
54  2.9521e-04
55  3.8352e-05
56  7.3054e-05
57  5.2054e-06
58  2.8707e-05
59  8.7011e-06
60  7.0130e-05
61  7.8039e-85
62  6.2085e-05
63  2.6020e-05
64  1.1437e-04
65  1.8893e-05
66  1.1212e-04
67  1.9805e-05
68  1.5392e-04
69  2.8377e-05
70  1.4479e-04
71  1.8230e-05
72  4.0354e-05
73  7.9270e-06
74  1.6939e-04
75  5.5860e-05
76  2.0011e-04
77  5.6974e-05
78  7.9304e-05
79  1.2481e-05
80  1.0484e-06
81  6.8314e-08
82  2.9358e-07
83  6.0059e-08
84  1.0853e-19
85  1.1570e-28
86  2.9968e-21
87  1.3512e-24
88  4.6059e-16
89  5.0214e-17
90  5.1002e-09
91  7.5281e-14
92  2.9064e-09
93  1.3974e-23
94  9.5032e-12
95  3.5255e-22
96  7.4633e-19
97  1.6638e-13
98  9.2716e-314
99  -1.9763e-323
100  1.3510e-10
101  4.2799e-313
102  7.6274e-11
103  1.2559e-11
104  1.5302e-11
105  9.1277e-12
106  6.8215e-13
107  6.8373e-15
108  5.3487e-16
109  -6.7321e-320
110  6.4300e-20
111  2.5970e-19
112  0.0000e+00
113  0.0000e+00
114  0.0000e+00
115  0.0000e+00
116  0.0000e+00
117  0.0000e+00
118  0.0000e+00

