    1      2  9.0340e-17  1.8068e-16
    3      6  1.1110e-19  6.6663e-19
    4      8  6.5723e-16  5.2579e-15
    4      9  3.4272e-19  3.0845e-18
    5     10  1.9375e-19  1.9375e-18
    6     12  1.8774e-08  2.2529e-07
    6     13  4.2563e-15  5.5332e-14
    7     14  3.3155e-17  4.6417e-16
    7     15  5.1205e-11  7.6807e-10
    8     16  7.5638e-10  1.2102e-08
    8     17  3.0052e-16  5.1089e-15
    8     18  7.1061e-12  1.2791e-10
    9     19  1.0114e-11  1.9217e-10
   10     20  2.6508e-10  5.3017e-09
   10     21  6.4603e-13  1.3567e-11
   10     22  1.2224e-12  2.6893e-11
   11     23  4.4439e-14  1.0221e-12
   12     24  6.5369e-11  1.5688e-09
   12     25  3.1442e-11  7.8605e-10
   12     26  2.9376e-10  7.6377e-09
   13     26  1.2325e-16  3.2046e-15
   13     27  3.0494e-10  8.2333e-09
   14     28  1.4981e-09  4.1945e-08
   14     29  7.3771e-10  2.1394e-08
   14     30  3.5857e-09  1.0757e-07
   15     31  6.6373e-10  2.0576e-08
   16     32  1.7876e-09  5.7204e-08
   16     33  2.6765e-09  8.8324e-08
   16     34  1.6629e-08  5.6539e-07
   16     36  2.5893e-08  9.3215e-07
   17     35  3.0958e-09  1.0835e-07
   17     37  4.8255e-08  1.7854e-06
   18     36  9.4240e-17  3.3926e-15
   18     38  5.0364e-08  1.9138e-06
   18     40  2.4694e-09  9.8774e-08
   19     39  2.8518e-09  1.1122e-07
   19     41  4.9826e-09  2.0429e-07
   20     42  1.8793e-08  7.8930e-07
   20     43  1.9744e-07  8.4899e-06
   20     44  7.8856e-07  3.4696e-05
   20     46  4.6449e-07  2.1367e-05
   21     45  2.4307e-08  1.0938e-06
   22     46  1.4483e-20  6.6621e-19
   22     47  7.1162e-07  3.3446e-05
   22     48  1.3173e-06  6.3228e-05
   22     49  2.6222e-08  1.2849e-06
   22     50  3.7353e-07  1.8677e-05
   23     51  3.8386e-07  1.9577e-05
   24     52  3.2328e-07  1.6810e-05
   24     53  1.0067e-06  5.3356e-05
   24     54  3.3724e-06  1.8211e-04
   25     55  6.4168e-07  3.5292e-05
   26     56  1.1619e-06  6.5067e-05
   26     57  9.1578e-08  5.2199e-06
   26     58  2.3646e-08  1.3715e-06
   27     59  3.9430e-08  2.3264e-06
   28     60  2.7289e-08  1.6373e-06
   28     61  1.5320e-07  9.3452e-06
   28     62  6.3919e-07  3.9630e-05
   28     64  1.9488e-08  1.2472e-06
   29     63  9.6443e-07  6.0759e-05
   29     65  2.3239e-07  1.5105e-05
   30     64  2.5878e-20  1.6562e-18
   30     66  1.1235e-06  7.4153e-05
   30     67  5.8832e-07  3.9417e-05
   30     68  8.9520e-07  6.0874e-05
   30     70  9.0357e-07  6.3250e-05
   31     69  6.2339e-07  4.3014e-05
   31     71  1.4332e-07  1.0176e-05
   32     70  1.5726e-14  1.1008e-12
   32     72  7.4798e-07  5.3855e-05
   32     73  1.1858e-05  8.6561e-04
   32     74  6.8635e-06  5.0790e-04
   32     76  5.0821e-06  3.8624e-04
   33     75  1.4941e-06  1.1206e-04
   34     76  9.5777e-14  7.2791e-12
   34     77  1.7630e-05  1.3575e-03
   34     78  1.1633e-05  9.0741e-04
   34     80  4.0171e-05  3.2137e-03
   34     82  3.5735e-06  2.9303e-04
   35     79  5.3893e-06  4.2575e-04
   35     81  1.0487e-06  8.4945e-05
   36     82  5.4483e-13  4.4676e-11
   36     83  2.1068e-06  1.7486e-04
   36     84  2.2142e-06  1.8599e-04
   36     86  3.1952e-05  2.7479e-03
   37     85  1.2036e-05  1.0231e-03
   37     87  3.9728e-06  3.4563e-04
   38     86  5.0164e-18  4.3141e-16
   38     87  2.9089e-08  2.5308e-06
   38     88  4.7227e-06  4.1560e-04
   39     89  2.3282e-05  2.0721e-03
   40     90  6.7300e-05  6.0570e-03
   40     91  8.0141e-06  7.2928e-04
   40     92  5.1348e-05  4.7240e-03
   40     94  4.8734e-06  4.5810e-04
   41     93  2.8291e-05  2.6311e-03
   42     95  1.1465e-07  1.0891e-05
   42     96  9.7614e-08  9.3710e-06
   42     97  5.2225e-07  5.0659e-05
   42     98  2.1824e-06  2.1388e-04
   42    100  2.7753e-04  2.7753e-02
   44     99  5.9279e-06  5.8686e-04
   44    100  1.1035e-13  1.1035e-11
   44    101  4.5460e-04  4.5915e-02
   44    102  3.1901e-04  3.2539e-02
   44    104  7.3880e-04  7.6835e-02
   45    103  1.6889e-04  1.7396e-02
   46    104  3.1942e-14  3.3220e-12
   46    105  8.0170e-04  8.4178e-02
   46    106  3.8654e-04  4.0974e-02
   46    108  1.0233e-04  1.1052e-02
   46    110  5.0201e-04  5.5221e-02
   47    107  2.7194e-04  2.9097e-02
   47    109  2.9104e-04  3.1724e-02
   48    110  7.2578e-12  7.9836e-10
   48    111  5.0342e-05  5.5879e-03
   48    112  2.6310e-04  2.9467e-02
   48    113  9.6030e-05  1.0851e-02
   48    114  1.0471e-04  1.1937e-02
   48    116  8.8794e-06  1.0300e-03
   49    113  4.2263e-12  4.7757e-10
   49    115  2.6801e-05  3.0822e-03
   50    115  2.1384e-11  2.4591e-09
   50    116  1.1753e-14  1.3633e-12
   50    117  2.9966e-05  3.5061e-03
   50    118  1.2057e-05  1.4227e-03
   50    119  8.8381e-06  1.0517e-03
   50    120  7.1394e-05  8.5672e-03
   50    122  7.6484e-05  9.3311e-03
   50    124  3.2148e-05  3.9863e-03
   51    121  5.8272e-05  7.0509e-03
   51    123  3.4096e-05  4.1939e-03
   52    122  1.0108e-12  1.2331e-10
   52    124  1.0615e-14  1.3163e-12
   52    125  8.0411e-05  1.0051e-02
   52    126  1.8554e-04  2.3378e-02
   52    128  1.2477e-04  1.5971e-02
   52    130  1.0009e-06  1.3011e-04
   53    127  1.0810e-04  1.3729e-02
   53    129  9.7507e-14  1.2578e-11
   54    128  8.0288e-18  1.0277e-15
   54    129  3.0846e-05  3.9791e-03
   54    130  9.3189e-15  1.2115e-12
   54    131  3.8270e-08  5.0134e-06
   54    132  1.8851e-09  2.4883e-07
   54    134  2.9554e-11  3.9603e-09
   54    136  5.0633e-13  6.8860e-11
   55    133  9.0514e-11  1.2038e-08
   56    135  1.2659e-11  1.7090e-09
   56    137  7.9293e-14  1.0863e-11
   56    138  6.2550e-13  8.6319e-11
   57    139  7.9527e-14  1.1054e-11
   58    140  3.7993e-13  5.3190e-11
   58    142  3.7408e-14  5.3119e-12
   59    141  4.0549e-14  5.7174e-12
   60    143  3.3577e-15  4.8015e-13
   60    144  2.2647e-15  3.2612e-13
   60    145  2.1657e-16  3.1403e-14
   60    146  1.0226e-15  1.4930e-13
   60    148  9.7823e-15  1.4478e-12
   60    150  7.0866e-16  1.0630e-13
   62    147  4.6797e-15  6.8792e-13
   62    149  1.7805e-15  2.6529e-13
   62    152  1.2865e-15  1.9555e-13
   62    154  6.2876e-16  9.6829e-14
   63    151  4.7130e-16  7.1167e-14
   63    153  7.6424e-16  1.1693e-13
   64    155  3.7789e-16  5.8574e-14
   64    156  7.5899e-17  1.1840e-14
   64    157  6.7014e-17  1.0521e-14
   64    158  3.2615e-17  5.1531e-15
   64    160  9.2842e-18  1.4855e-15
   65    159  1.6919e-17  2.6902e-15
   66    161  4.8831e-18  7.8617e-16
   66    162  1.5227e-18  2.4668e-16
   66    163  8.9562e-19  1.4599e-16
   66    164  9.1441e-19  1.4996e-16
   67    165  3.7503e-19  6.1881e-17
   68    166  2.7898e-19  4.6311e-17
   68    167  1.4095e-19  2.3539e-17
   68    168  4.0265e-20  6.7645e-18
   69    169  3.4557e-20  5.8402e-18
    1      1  3.0365e-10  3.0365e-10
    2      4  8.6843e-02  3.4737e-01


