1  4.9435e-09
2  1.5505e-01
3  7.9738e-19
4  4.9561e-19
5  1.3070e-18
6  4.3427e-07
7  2.0127e-16
8  2.8414e-09
9  3.9737e-21
10  3.4017e-09
11  3.8328e-13
12  4.6587e-09
13  7.1077e-10
14  2.5971e-08
15  4.6425e-09
16  5.4304e-08
17  2.6787e-08
18  4.1530e-08
19  7.2576e-09
20  1.9895e-07
21  1.2230e-08
22  8.4751e-07
23  4.9902e-07
24  6.0891e-07
25  8.9930e-09
26  2.3654e-06
27  7.9781e-08
28  2.0286e-06
29  1.9318e-06
30  9.8621e-06
31  1.5220e-06
32  1.1437e-05
33  3.6931e-06
34  6.1804e-05
35  5.9570e-06
36  2.6324e-05
37  1.6178e-05
38  1.7489e-04
39  1.0152e-04
40  1.3586e-03
41  6.0002e-05
42  5.9875e-04
43  4.0097e-27
44  8.8213e-04
45  2.9407e-04
46  1.9359e-04
47  9.0999e-05
48  2.6273e-05
49  6.5406e-06
50  1.9581e-06
51  4.9151e-07
52  1.1265e-07
53  3.6647e-08
54  1.5266e-08
55  2.8555e-14
56  5.2186e-18
57  5.4796e-22
58  1.3882e-21
59  2.2700e-24
60  1.7606e-24
61  0.0000e+00
62  0.0000e+00
63  0.0000e+00
64  0.0000e+00
65  0.0000e+00
66  0.0000e+00
67  0.0000e+00
68  0.0000e+00
69  0.0000e+00
70  0.0000e+00
71  0.0000e+00
72  0.0000e+00
73  0.0000e+00
74  0.0000e+00
75  0.0000e+00
76  0.0000e+00
77  0.0000e+00
78  0.0000e+00
79  0.0000e+00
80  0.0000e+00
81  0.0000e+00
82  0.0000e+00
83  0.0000e+00
84  0.0000e+00
85  0.0000e+00
86  0.0000e+00
87  0.0000e+00
88  0.0000e+00
89  0.0000e+00
90  0.0000e+00
91  0.0000e+00
92  0.0000e+00
93  0.0000e+00
94  0.0000e+00
95  0.0000e+00
96  0.0000e+00
97  0.0000e+00
98  0.0000e+00
99  0.0000e+00
100  0.0000e+00
101  0.0000e+00
102  0.0000e+00
103  0.0000e+00
104  0.0000e+00
105  0.0000e+00
106  0.0000e+00
107  0.0000e+00
108  0.0000e+00
109  0.0000e+00
110  0.0000e+00
111  0.0000e+00
112  0.0000e+00
113  0.0000e+00
114  0.0000e+00
115  0.0000e+00
116  0.0000e+00
117  0.0000e+00
118  0.0000e+00

