1  3.6684e-02
2  2.2517e-01
3  4.3426e-11
4  4.0544e-07
5  2.9789e-09
6  6.8371e-09
7  1.4193e-06
8  2.0316e-06
9  4.6308e-08
10  3.4140e-06
11  7.8174e-07
12  5.0808e-06
13  1.7265e-08
14  5.0449e-07
15  1.2351e-08
16  4.4365e-07
17  3.9494e-08
18  8.0588e-08
19  2.5707e-09
20  1.3707e-09
21  2.3989e-10
22  8.8565e-09
23  2.8160e-11
24  7.9030e-11
25  3.9843e-12
26  1.7560e-10
27  1.5323e-12
28  1.1500e-09
29  2.6722e-11
30  7.4487e-11
31  5.2880e-12
32  9.0355e-11
33  5.4334e-12
34  3.9942e-10
35  1.9426e-11
36  1.8307e-10
37  7.1754e-11
38  6.2330e-11
39  1.9800e-11
40  1.6317e-10
41  2.3850e-11
42  3.9138e-10
43  3.2072e-36
44  5.7151e-11
45  8.8483e-12
46  7.1015e-11
47  1.0952e-11
48  7.2542e-11
49  1.1980e-11
50  2.6818e-10
51  1.4843e-11
52  1.0050e-09
53  1.4665e-11
54  1.5758e-08
55  5.3898e-09
56  3.0637e-09
57  1.3403e-10
58  2.4505e-10
59  2.9994e-11
60  1.3999e-10
61  7.9462e-90
62  2.0160e-11
63  3.4856e-12
64  8.9145e-12
65  3.2566e-13
66  1.6040e-12
67  4.2747e-13
68  2.9522e-12
69  7.4554e-13
70  2.0914e-12
71  2.3806e-13
72  1.4559e-12
73  6.9710e-13
74  1.5422e-12
75  4.7155e-13
76  7.3845e-12
77  1.9710e-12
78  8.8224e-12
79  1.8862e-12
80  8.8898e-12
81  9.5120e-12
82  -2.8082e-11
83  7.0570e-11
84  7.0452e-14
85  5.6836e-25
86  2.8488e-13
87  4.1292e-27
88  4.5068e-19
89  1.5571e-19
90  5.1603e-12
91  2.3344e-16
92  6.3051e-12
93  7.9575e-26
94  5.3224e-14
95  1.5018e-21
96  3.1698e-18
97  2.8584e-16
98  1.3830e-263
99  2.8656e-322
100  5.5795e-10
101  4.9014e-169
102  4.7939e-10
103  7.5822e-11
104  3.0923e-12
105  4.1595e-12
106  5.5681e-11
107  1.8336e-12
108  4.3584e-08
109  -3.0075e-319
110  7.2467e-08
111  1.7948e-04
112  0.0000e+00
113  0.0000e+00
114  0.0000e+00
115  0.0000e+00
116  0.0000e+00
117  0.0000e+00
118  0.0000e+00

