    1      2  3.3866e-15  6.7733e-15
    3      6  3.8630e-19  2.3178e-18
    3      7  5.0000e-20  3.5000e-19
    4      9  7.3105e-19  6.5794e-18
    5     10  7.0821e-19  7.0821e-18
    6     12  2.5422e-07  3.0507e-06
    6     13  3.6473e-13  4.7415e-12
    7     14  3.8699e-17  5.4179e-16
    7     15  9.9964e-18  1.4995e-16
    8     16  4.4015e-09  7.0424e-08
    8     17  7.2603e-16  1.2343e-14
    8     18  1.1432e-18  2.0578e-17
    9     19  1.9034e-19  3.6165e-18
   10     20  5.1915e-09  1.0383e-07
   10     21  1.1268e-14  2.3662e-13
   10     22  3.3995e-18  7.4788e-17
   11     23  5.9109e-13  1.3595e-11
   12     24  4.5026e-09  1.0806e-07
   12     25  4.3540e-10  1.0885e-08
   12     26  2.4166e-10  6.2831e-09
   13     26  3.8731e-14  1.0070e-12
   13     27  3.1306e-10  8.4525e-09
   14     28  4.3104e-09  1.2069e-07
   14     29  2.4731e-09  7.1720e-08
   14     30  7.2443e-09  2.1733e-07
   15     31  4.8306e-09  1.4975e-07
   16     32  1.3046e-08  4.1748e-07
   16     33  4.5519e-09  1.5021e-07
   16     34  1.1279e-08  3.8348e-07
   16     36  1.1988e-08  4.3155e-07
   17     35  6.5815e-09  2.3035e-07
   17     37  1.2542e-08  4.6407e-07
   18     36  8.0434e-13  2.8956e-11
   18     38  2.6476e-08  1.0061e-06
   18     40  4.7291e-10  1.8917e-08
   19     39  4.6267e-09  1.8044e-07
   19     40  2.0518e-16  8.2073e-15
   19     41  5.6590e-10  2.3202e-08
   20     40  6.6820e-17  2.6728e-15
   20     42  1.7498e-07  7.3492e-06
   20     43  1.2890e-09  5.5427e-08
   20     44  3.9772e-09  1.7499e-07
   20     46  2.0518e-08  9.4382e-07
   21     45  6.0392e-09  2.7177e-07
   22     46  1.2439e-18  5.7219e-17
   22     47  2.1851e-07  1.0270e-05
   22     48  4.1172e-07  1.9762e-05
   22     49  5.0644e-09  2.4816e-07
   22     50  3.4906e-08  1.7453e-06
   23     51  3.1267e-07  1.5946e-05
   24     52  2.1031e-06  1.0936e-04
   24     53  4.8165e-07  2.5527e-05
   24     54  1.0410e-07  5.6212e-06
   25     55  5.9575e-09  3.2766e-07
   26     56  3.0321e-06  1.6980e-04
   26     57  1.2480e-07  7.1133e-06
   26     58  2.3073e-07  1.3382e-05
   27     59  9.2318e-07  5.4468e-05
   28     60  2.1510e-07  1.2906e-05
   28     61  7.7687e-08  4.7389e-06
   28     62  1.0696e-07  6.6313e-06
   28     64  1.2012e-06  7.6876e-05
   29     63  6.4135e-07  4.0405e-05
   29     65  1.8197e-06  1.1828e-04
   30     64  2.5951e-19  1.6608e-17
   30     66  5.8885e-07  3.8864e-05
   30     67  4.5757e-07  3.0657e-05
   30     68  3.6683e-07  2.4944e-05
   30     70  3.1550e-06  2.2085e-04
   31     69  1.6505e-06  1.1388e-04
   31     71  2.1968e-06  1.5598e-04
   32     70  5.4742e-13  3.8319e-11
   32     72  3.2574e-06  2.3453e-04
   32     73  1.5782e-06  1.1521e-04
   32     74  1.9156e-06  1.4175e-04
   32     76  3.9856e-06  3.0291e-04
   33     75  1.3826e-06  1.0370e-04
   34     76  1.1812e-12  8.9770e-11
   34     77  1.1260e-05  8.6701e-04
   34     78  8.4445e-06  6.5867e-04
   34     80  3.2835e-05  2.6268e-03
   34     82  1.2563e-06  1.0301e-04
   35     79  4.3321e-06  3.4224e-04
   35     81  4.7332e-06  3.8339e-04
   36     82  3.8416e-11  3.1501e-09
   36     83  4.5880e-06  3.8080e-04
   36     84  3.8601e-05  3.2425e-03
   36     86  1.2523e-06  1.0770e-04
   37     85  5.8831e-06  5.0006e-04
   37     87  1.3294e-05  1.1566e-03
   38     86  2.4493e-17  2.1064e-15
   38     87  9.7336e-08  8.4682e-06
   38     88  1.5003e-04  1.3202e-02
   39     89  5.1537e-05  4.5868e-03
   40     90  1.8406e-05  1.6566e-03
   40     91  5.7419e-05  5.2251e-03
   40     92  5.0743e-05  4.6684e-03
   40     94  7.8919e-04  7.4184e-02
   41     93  1.2401e-04  1.1533e-02
   42     95  2.0837e-05  1.9795e-03
   42     96  4.5729e-05  4.3900e-03
   42     97  2.4181e-05  2.3456e-03
   42     98  4.0680e-05  3.9867e-03
   42    100  6.4269e-05  6.4269e-03
   44     99  1.7362e-04  1.7188e-02
   44    100  4.3108e-11  4.3108e-09
   44    101  5.8977e-05  5.9567e-03
   44    102  5.8720e-04  5.9894e-02
   44    104  3.4756e-04  3.6146e-02
   45    103  1.6544e-04  1.7040e-02
   46    104  3.4912e-13  3.6309e-11
   46    105  2.2864e-04  2.4008e-02
   46    106  8.6719e-05  9.1922e-03
   46    107  5.2833e-20  5.6531e-18
   46    108  1.0231e-04  1.1050e-02
   46    110  3.8799e-05  4.2679e-03
   47    107  5.2702e-05  5.6391e-03
   47    109  6.4098e-05  6.9867e-03
   48    110  1.9308e-11  2.1239e-09
   48    111  4.7838e-06  5.3101e-04
   48    112  2.5726e-05  2.8813e-03
   48    113  7.7583e-06  8.7669e-04
   48    114  1.3053e-05  1.4881e-03
   48    116  4.0521e-06  4.7004e-04
   49    113  3.4145e-13  3.8584e-11
   49    115  5.4749e-06  6.2961e-04
   50    115  4.3682e-12  5.0234e-10
   50    116  2.5627e-14  2.9727e-12
   50    117  8.7103e-06  1.0191e-03
   50    118  1.7125e-06  2.0208e-04
   50    119  5.5998e-07  6.6638e-05
   50    120  1.4436e-06  1.7323e-04
   50    122  1.1751e-07  1.4336e-05
   50    124  1.5044e-07  1.8655e-05
   51    121  9.8995e-07  1.1978e-04
   51    123  7.8380e-08  9.6407e-06
   52    122  2.7024e-13  3.2970e-11
   52    124  3.4965e-16  4.3357e-14
   52    125  1.7109e-07  2.1387e-05
   52    126  7.4927e-08  9.4407e-06
   52    128  3.0813e-07  3.9440e-05
   52    130  9.0261e-09  1.1734e-06
   53    127  1.2154e-07  1.5435e-05
   53    129  2.3130e-15  2.9838e-13
   54    128  6.0287e-20  7.7168e-18
   54    129  7.0131e-08  9.0469e-06
   54    130  1.6446e-16  2.1380e-14
   54    131  3.9956e-10  5.2343e-08
   54    132  1.0540e-11  1.3912e-09
   54    134  9.8582e-16  1.3210e-13
   54    136  2.4507e-16  3.3330e-14
   55    133  2.8638e-14  3.8089e-12
   56    135  1.0338e-17  1.3956e-15
   56    137  1.9725e-18  2.7023e-16
   56    138  9.8803e-19  1.3635e-16
   57    139  2.1818e-19  3.0326e-17
   58    140  4.1679e-20  5.8351e-18
   58    142  1.7585e-20  2.4970e-18
    1      1  2.8690e-09  2.8690e-09
    2      4  1.6182e-01  6.4728e-01


