    4      8  2.5046e-20  2.0037e-19
    5     10  1.0783e-20  1.0783e-19
    6     12  3.0637e-07  3.6765e-06
    6     13  2.9514e-15  3.8368e-14
    7     15  9.1223e-20  1.3684e-18
    8     16  8.4276e-10  1.3484e-08
    9     19  2.9170e-20  5.5422e-19
   10     20  6.6605e-10  1.3321e-08
   10     21  2.1766e-18  4.5708e-17
   10     22  3.3525e-19  7.3755e-18
   11     23  9.7933e-14  2.2525e-12
   12     24  6.8862e-10  1.6527e-08
   12     25  5.5859e-16  1.3965e-14
   12     26  1.7490e-12  4.5474e-11
   13     26  1.7826e-14  4.6349e-13
   13     27  1.2031e-10  3.2483e-09
   14     28  1.9581e-09  5.4826e-08
   14     29  2.8523e-11  8.2718e-10
   14     30  1.4685e-09  4.4054e-08
   15     31  3.6031e-10  1.1170e-08
   16     32  3.1728e-09  1.0153e-07
   16     33  4.4226e-10  1.4595e-08
   16     34  6.5882e-09  2.2400e-07
   16     36  4.8163e-12  1.7339e-10
   17     35  1.6560e-09  5.7958e-08
   17     37  7.1983e-10  2.6634e-08
   18     36  2.6478e-09  9.5322e-08
   18     38  2.5335e-08  9.6271e-07
   18     40  4.0799e-11  1.6320e-09
   19     39  1.5652e-09  6.1042e-08
   19     40  1.0275e-10  4.1098e-09
   19     41  8.7776e-10  3.5988e-08
   20     40  6.0478e-09  2.4191e-07
   20     42  5.0245e-08  2.1103e-06
   20     43  6.3853e-10  2.7457e-08
   20     44  1.8273e-09  8.0400e-08
   20     46  3.6283e-13  1.6690e-11
   21     45  1.7944e-08  8.0748e-07
   22     46  3.6733e-08  1.6897e-06
   22     47  4.1957e-09  1.9720e-07
   22     48  2.8070e-08  1.3474e-06
   22     49  3.4077e-08  1.6698e-06
   22     50  6.1801e-09  3.0900e-07
   23     51  3.4440e-08  1.7564e-06
   24     50  9.1850e-09  4.5925e-07
   24     52  4.5026e-08  2.3414e-06
   24     53  2.0355e-08  1.0788e-06
   24     54  1.7533e-08  9.4679e-07
   25     55  5.0320e-08  2.7676e-06
   26     54  1.6893e-08  9.1223e-07
   26     56  7.0643e-06  3.9560e-04
   26     57  4.2389e-07  2.4162e-05
   26     58  1.9215e-06  1.1144e-04
   27     59  6.5477e-06  3.8632e-04
   28     58  1.3168e-07  7.6376e-06
   28     60  1.0351e-03  6.2105e-02
   28     61  9.8561e-05  6.0122e-03
   28     62  7.0297e-03  4.3584e-01
   28     64  3.3845e-05  2.1661e-03
   29     63  1.2244e-04  7.7134e-03
   29     65  1.0487e-04  6.8167e-03
   30     64  8.3614e-05  5.3513e-03
   30     66  2.7489e-03  1.8143e-01
   30     67  1.1304e-05  7.5739e-04
   30     68  1.9490e-04  1.3253e-02
   30     70  3.3273e-08  2.3291e-06
   31     69  2.8197e-05  1.9456e-03
   31     71  3.2278e-06  2.2918e-04
   32     70  1.3682e-04  9.5777e-03
   32     72  2.4888e-04  1.7919e-02
   32     73  2.3018e-06  1.6803e-04
   32     74  7.8586e-06  5.8153e-04
   32     76  3.3213e-09  2.5242e-07
   33     75  4.9219e-06  3.6914e-04
   34     74  7.2831e-07  5.3895e-05
   34     76  4.7060e-05  3.5766e-03
   34     77  1.3077e-06  1.0069e-04
   34     78  3.9264e-05  3.0626e-03
   34     80  6.7622e-07  5.4097e-05
   34     82  3.1578e-10  2.5894e-08
   35     79  3.6788e-06  2.9063e-04
   35     81  2.8902e-06  2.3410e-04
   36     78  9.6384e-09  7.5180e-07
   36     80  7.1090e-07  5.6872e-05
   36     82  8.0407e-06  6.5933e-04
   36     83  4.9598e-07  4.1166e-05
   36     84  8.4505e-06  7.0984e-04
   36     86  1.9602e-07  1.6858e-05
   37     85  2.0809e-06  1.7688e-04
   37     87  1.0346e-05  9.0007e-04
   38     84  3.2051e-09  2.6923e-07
   38     86  2.8675e-06  2.4660e-04
   38     87  2.5536e-06  2.2217e-04
   38     88  1.0025e-03  8.8217e-02
   39     89  2.4813e-04  2.2084e-02
   40     90  3.8366e-04  3.4529e-02
   40     91  1.8267e-06  1.6623e-04
   40     92  1.1854e-07  1.0906e-05
   40     94  5.9611e-13  5.6035e-11
   41     92  1.5843e-12  1.4575e-10
   41     93  8.9474e-09  8.3211e-07
   42     92  2.4737e-08  2.2758e-06
   42     94  1.7825e-08  1.6756e-06
   42     95  2.0203e-10  1.9193e-08
   42     96  8.2938e-11  7.9620e-09
   42     97  1.1596e-12  1.1248e-10
   42     98  4.3509e-15  4.2639e-13
   44     96  2.5305e-13  2.4293e-11
   44     98  1.3117e-12  1.2855e-10
   44     99  3.3406e-14  3.3072e-12
   44    100  7.8431e-14  7.8431e-12
   44    101  3.2790e-16  3.3117e-14
   44    102  5.1000e-17  5.2020e-15
   45    103  6.5314e-18  6.7274e-16
   46    102  4.7210e-17  4.8154e-15
   46    104  1.5463e-17  1.6082e-15
   46    105  8.1572e-20  8.5651e-18
   46    106  1.2949e-19  1.3726e-17
    1      1  6.2465e-13  6.2465e-13
    2      4  2.2850e-02  9.1399e-02


