    1      2  4.4209e-14  8.8418e-14
    2      3  5.0766e-18  1.5230e-17
    3      6  5.3906e-16  3.2344e-15
    3      7  1.2265e-17  8.5855e-17
    4      8  7.2236e-14  5.7789e-13
    4      9  1.4395e-18  1.2956e-17
    5     10  3.2423e-16  3.2423e-15
    5     11  2.2518e-18  2.4770e-17
    6     12  1.3862e-08  1.6634e-07
    6     13  5.5431e-14  7.2060e-13
    7     14  5.9062e-10  8.2687e-09
    7     15  2.5494e-09  3.8241e-08
    8     16  6.1647e-10  9.8636e-09
    8     17  2.9825e-12  5.0702e-11
    8     18  2.3047e-09  4.1485e-08
    9     19  2.7583e-09  5.2409e-08
   10     20  1.6679e-10  3.3358e-09
   10     21  5.6133e-09  1.1788e-07
   10     22  3.0735e-09  6.7617e-08
   11     23  8.6236e-09  1.9834e-07
   12     24  3.5505e-09  8.5213e-08
   12     25  9.5515e-09  2.3879e-07
   12     26  9.4947e-08  2.4686e-06
   13     26  4.3354e-14  1.1272e-12
   13     27  4.6316e-09  1.2505e-07
   14     28  6.7636e-09  1.8938e-07
   14     29  4.3700e-08  1.2673e-06
   14     30  3.8533e-08  1.1560e-06
   15     31  9.4985e-09  2.9445e-07
   16     32  5.0329e-08  1.6105e-06
   16     33  2.8305e-07  9.3408e-06
   16     34  3.2097e-07  1.0913e-05
   16     36  1.2374e-07  4.4547e-06
   17     35  1.9620e-08  6.8669e-07
   17     37  5.0240e-07  1.8589e-05
   18     36  5.4380e-18  1.9577e-16
   18     38  5.4297e-07  2.0633e-05
   18     40  6.3366e-07  2.5346e-05
   19     39  7.1231e-07  2.7780e-05
   19     41  1.1708e-07  4.8003e-06
   20     42  1.2135e-06  5.0965e-05
   20     43  5.6696e-09  2.4379e-07
   20     44  6.3663e-07  2.8012e-05
   20     46  2.1248e-06  9.7740e-05
   21     45  2.3805e-06  1.0712e-04
   22     46  2.8091e-17  1.2922e-15
   22     47  3.7550e-08  1.7649e-06
   22     48  1.6050e-06  7.7040e-05
   22     49  1.0758e-06  5.2712e-05
   22     50  2.5136e-06  1.2568e-04
   23     51  6.2799e-07  3.2027e-05
   24     52  1.0937e-06  5.6874e-05
   24     53  3.4430e-07  1.8248e-05
   24     54  9.0681e-07  4.8968e-05
   25     55  3.8022e-07  2.0912e-05
   26     56  1.3248e-06  7.4188e-05
   26     57  5.0387e-07  2.8721e-05
   26     58  5.0711e-09  2.9413e-07
   27     59  6.9708e-09  4.1127e-07
   28     60  3.9548e-09  2.3729e-07
   28     61  1.0631e-08  6.4848e-07
   28     62  5.0751e-07  3.1466e-05
   28     64  1.1540e-07  7.3858e-06
   29     63  3.6178e-06  2.2792e-04
   29     65  1.7963e-07  1.1676e-05
   30     64  1.2951e-18  8.2887e-17
   30     66  6.9024e-07  4.5556e-05
   30     67  2.7035e-07  1.8114e-05
   30     68  9.4045e-07  6.3951e-05
   30     70  2.7265e-06  1.9086e-04
   31     69  1.5124e-06  1.0435e-04
   31     71  4.9804e-07  3.5361e-05
   32     70  6.7261e-13  4.7083e-11
   32     72  1.2992e-06  9.3543e-05
   32     73  8.8739e-06  6.4780e-04
   32     74  1.5982e-05  1.1826e-03
   32     76  6.5454e-06  4.9745e-04
   33     75  3.2291e-06  2.4219e-04
   34     76  3.6218e-12  2.7526e-10
   34     77  2.4341e-05  1.8743e-03
   34     78  1.2884e-05  1.0049e-03
   34     80  1.9061e-05  1.5249e-03
   34     82  1.5470e-05  1.2686e-03
   35     79  4.7970e-06  3.7897e-04
   35     81  1.1438e-05  9.2647e-04
   36     82  8.9289e-11  7.3217e-09
   36     83  3.0342e-06  2.5184e-04
   36     84  1.5042e-05  1.2635e-03
   36     86  2.8154e-06  2.4213e-04
   37     85  1.7012e-06  1.4460e-04
   37     87  8.5665e-06  7.4529e-04
   38     86  1.3802e-17  1.1869e-15
   38     87  6.2726e-08  5.4572e-06
   38     88  1.4956e-05  1.3161e-03
   39     89  1.7995e-06  1.6015e-04
   40     90  1.1537e-06  1.0383e-04
   40     91  3.6347e-06  3.3076e-04
   40     92  9.4368e-06  8.6819e-04
   40     94  9.2729e-06  8.7165e-04
   41     93  3.7176e-06  3.4574e-04
   42     95  7.3035e-06  6.9384e-04
   42     96  9.1847e-06  8.8173e-04
   42     97  5.4772e-06  5.3128e-04
   42     98  7.2488e-06  7.1038e-04
   42    100  1.6941e-05  1.6941e-03
   44     99  2.3555e-06  2.3320e-04
   44    100  4.6304e-13  4.6304e-11
   44    101  2.3333e-05  2.3566e-03
   44    102  1.5795e-05  1.6111e-03
   44    104  9.5257e-06  9.9067e-04
   45    103  6.6002e-06  6.7982e-04
   46    104  2.4804e-14  2.5796e-12
   46    105  6.8473e-06  7.1897e-04
   46    106  8.8894e-06  9.4227e-04
   46    108  2.0739e-05  2.2398e-03
   46    110  1.7706e-05  1.9476e-03
   47    107  2.2340e-05  2.3904e-03
   47    109  1.7085e-05  1.8623e-03
   48    110  8.1976e-12  9.0174e-10
   48    111  3.6988e-06  4.1057e-04
   48    112  1.3540e-05  1.5165e-03
   48    113  5.4415e-06  6.1489e-04
   48    114  3.8498e-06  4.3888e-04
   48    116  4.2832e-06  4.9686e-04
   49    113  2.3949e-13  2.7062e-11
   49    115  3.3228e-06  3.8212e-04
   50    115  2.6511e-12  3.0488e-10
   50    116  3.0998e-14  3.5957e-12
   50    117  1.4392e-05  1.6839e-03
   50    118  2.1596e-05  2.5484e-03
   50    119  2.0185e-05  2.4020e-03
   50    120  5.4510e-05  6.5412e-03
   50    122  1.0164e-04  1.2400e-02
   50    124  1.3147e-04  1.6302e-02
   51    121  6.1071e-05  7.3896e-03
   51    123  9.0357e-05  1.1114e-02
   52    122  1.7483e-11  2.1330e-09
   52    124  2.7722e-13  3.4376e-11
   52    125  1.7298e-04  2.1623e-02
   52    126  3.7435e-04  4.7168e-02
   52    128  1.9605e-04  2.5094e-02
   52    130  2.9850e-06  3.8806e-04
   53    127  1.9790e-04  2.5133e-02
   53    129  1.4599e-13  1.8832e-11
   54    128  4.6908e-16  6.0042e-14
   54    129  5.3530e-05  6.9054e-03
   54    130  4.0576e-13  5.2749e-11
   54    131  1.8284e-08  2.3952e-06
   54    132  3.3419e-08  4.4113e-06
   54    134  4.8983e-09  6.5637e-07
   54    136  5.9582e-09  8.1031e-07
   55    133  7.5116e-09  9.9904e-07
   56    134  2.0752e-20  2.7807e-18
   56    135  1.3942e-09  1.8822e-07
   56    136  1.0136e-18  1.3785e-16
   56    137  3.6711e-09  5.0294e-07
   56    138  1.8883e-10  2.6058e-08
   57    139  8.3542e-12  1.1612e-09
   58    140  4.4361e-12  6.2106e-10
   58    142  3.5271e-12  5.0085e-10
   59    141  3.6717e-12  5.1771e-10
   60    143  3.1770e-12  4.5431e-10
   60    144  2.8962e-11  4.1705e-09
   60    145  1.4768e-11  2.1413e-09
   60    146  7.2652e-12  1.0607e-09
   60    148  3.1142e-12  4.6090e-10
   60    150  2.5297e-12  3.7946e-10
   62    147  3.0625e-12  4.5018e-10
   62    149  2.3757e-12  3.5397e-10
   62    150  2.2309e-17  3.3464e-15
   62    152  5.8324e-12  8.8653e-10
   62    154  3.3001e-12  5.0821e-10
   63    151  2.0529e-12  3.0999e-10
   63    153  3.3277e-12  5.0913e-10
   64    154  4.5175e-19  6.9570e-17
   64    155  2.6629e-12  4.1275e-10
   64    156  6.8084e-13  1.0621e-10
   64    157  7.1670e-13  1.1252e-10
   64    158  5.8596e-13  9.2582e-11
   64    160  3.6086e-13  5.7738e-11
   65    159  1.7297e-13  2.7502e-11
   66    160  1.3915e-20  2.2264e-18
   66    161  2.7145e-13  4.3703e-11
   66    162  9.2029e-14  1.4909e-11
   66    163  7.0819e-14  1.1543e-11
   66    164  8.3473e-14  1.3690e-11
   67    165  7.9726e-14  1.3155e-11
   68    166  4.0086e-14  6.6543e-12
   68    167  4.7365e-14  7.9100e-12
   68    168  1.7295e-14  2.9055e-12
   68    170  3.3211e-15  5.6459e-13
   69    169  2.3124e-14  3.9080e-12
   70    171  2.4293e-15  4.1541e-13
   70    172  4.9164e-16  8.4562e-14
   70    173  5.1845e-16  8.9692e-14
   70    174  9.9986e-16  1.7398e-13
   70    176  2.5715e-16  4.5259e-14
   71    175  1.9290e-16  3.3758e-14
   72    177  1.2659e-16  2.2406e-14
   72    178  1.6455e-17  2.9290e-15
   72    179  5.2609e-18  9.4170e-16
   72    180  5.1389e-18  9.2501e-16
   73    181  3.2746e-18  5.9271e-16
   74    182  4.3074e-18  7.8395e-16
   74    183  1.7906e-18  3.2768e-16
   74    184  3.9603e-18  7.2870e-16
   74    186  4.8264e-18  8.9770e-16
   75    185  1.8904e-18  3.4972e-16
   75    187  2.1294e-18  3.9820e-16
   76    187  1.7306e-20  3.2363e-18
   76    188  4.6863e-18  8.8103e-16
   76    189  1.3913e-18  2.6295e-16
   76    190  1.9748e-18  3.7522e-16
   76    192  2.3966e-19  4.6014e-17
   77    191  1.5169e-18  2.8974e-16
   77    193  9.0654e-20  1.7496e-17
   78    194  7.9720e-20  1.5466e-17
   78    195  2.4103e-20  4.7001e-18
    1      1  1.7424e-08  1.7424e-08
    2      4  1.9274e-01  7.7097e-01


