    1      2  1.2109e-03  2.4219e-03
    1      3  4.2938e-20  1.2881e-19
    2      3  2.1937e-05  6.5810e-05
    3      7  7.2404e-11  5.0683e-10
    4      8  3.4608e-07  2.7687e-06
    4      9  6.4681e-11  5.8212e-10
    5     10  1.3865e-09  1.3865e-08
    5     11  3.4268e-09  3.7695e-08
    6     12  2.8650e-09  3.4380e-08
    6     13  6.4523e-09  8.3879e-08
    7     14  8.5859e-07  1.2020e-05
    7     15  7.3106e-07  1.0966e-05
    8     16  1.8840e-06  3.0143e-05
    8     17  1.6898e-08  2.8727e-07
    8     18  5.8384e-07  1.0509e-05
    9     19  4.6775e-08  8.8873e-07
   10     20  1.2969e-07  2.5937e-06
   10     21  7.7762e-08  1.6330e-06
   10     22  3.6025e-06  7.9254e-05
   11     23  8.5861e-07  1.9748e-05
   12     24  1.6357e-06  3.9257e-05
   12     25  1.2277e-06  3.0693e-05
   12     26  1.5528e-06  4.0373e-05
   13     27  1.4945e-08  4.0350e-07
   14     28  3.9320e-07  1.1009e-05
   14     29  2.3885e-08  6.9267e-07
   14     30  5.3971e-09  1.6191e-07
   15     31  1.0311e-08  3.1964e-07
   16     32  1.2882e-07  4.1222e-06
   16     33  1.2706e-08  4.1930e-07
   16     34  2.5014e-08  8.5048e-07
   16     36  1.9136e-07  6.8890e-06
   17     35  2.8497e-08  9.9740e-07
   17     37  9.0828e-09  3.3606e-07
   18     36  1.0338e-13  3.7216e-12
   18     38  6.5459e-08  2.4874e-06
   18     40  2.9506e-10  1.1802e-08
   19     39  1.9980e-09  7.7920e-08
   19     40  1.2476e-19  4.9903e-18
   19     41  3.9309e-11  1.6117e-09
   20     40  3.5908e-20  1.4363e-18
   20     42  2.8786e-10  1.2090e-08
   20     43  5.3344e-11  2.2938e-09
   20     44  3.9990e-10  1.7596e-08
   20     46  3.7769e-10  1.7374e-08
   21     45  1.9505e-10  8.7774e-09
   22     46  4.8811e-17  2.2453e-15
   22     47  9.9015e-11  4.6537e-09
   22     48  6.5131e-09  3.1263e-07
   22     49  1.2030e-10  5.8948e-09
   22     50  1.6198e-10  8.0988e-09
   23     51  2.3198e-11  1.1831e-09
   24     52  1.0731e-11  5.5803e-10
   24     53  1.6497e-11  8.7433e-10
   24     54  3.6464e-11  1.9691e-09
   25     55  3.1872e-12  1.7529e-10
   26     56  4.2300e-12  2.3688e-10
   26     57  1.4491e-11  8.2596e-10
   26     58  1.2181e-10  7.0652e-09
   27     59  1.2559e-12  7.4098e-11
   28     60  5.3273e-10  3.1964e-08
   28     61  2.0578e-12  1.2553e-10
   28     62  7.2032e-12  4.4660e-10
   28     64  3.4366e-10  2.1994e-08
   29     63  1.9191e-11  1.2090e-09
   29     65  1.7400e-12  1.1310e-10
   30     64  3.2889e-20  2.1049e-18
   30     66  1.7515e-11  1.1560e-09
   30     67  2.4733e-12  1.6571e-10
   30     68  1.5984e-11  1.0869e-09
   30     70  2.3125e-11  1.6188e-09
   31     69  1.4350e-12  9.9013e-11
   31     71  2.9216e-12  2.0744e-10
   32     70  1.0712e-14  7.4982e-13
   32     72  1.5028e-11  1.0820e-09
   32     73  2.8109e-12  2.0520e-10
   32     74  5.1949e-12  3.8442e-10
   32     76  5.3098e-11  4.0355e-09
   33     75  5.0384e-12  3.7788e-10
   34     76  4.9512e-14  3.7629e-12
   34     77  2.0638e-12  1.5891e-10
   34     78  4.3074e-11  3.3598e-09
   34     80  6.3799e-11  5.1039e-09
   34     82  2.1755e-10  1.7839e-08
   35     79  1.0262e-11  8.1070e-10
   35     81  6.4898e-12  5.2568e-10
   36     82  3.1720e-13  2.6010e-11
   36     83  5.1291e-12  4.2571e-10
   36     84  9.0514e-12  7.6032e-10
   36     86  1.3130e-10  1.1292e-08
   37     85  4.8977e-11  4.1631e-09
   37     87  1.3897e-11  1.2090e-09
   38     86  1.6416e-17  1.4118e-15
   38     87  1.0174e-13  8.8516e-12
   38     88  5.0351e-11  4.4309e-09
   39     89  1.6385e-11  1.4583e-09
   40     90  3.0851e-11  2.7766e-09
   40     91  1.4941e-11  1.3596e-09
   40     92  6.3882e-11  5.8772e-09
   40     94  2.3035e-11  2.1653e-09
   41     93  1.9181e-11  1.7838e-09
   42     95  3.3754e-11  3.2066e-09
   42     96  1.6492e-10  1.5832e-08
   42     97  2.5530e-11  2.4764e-09
   42     98  3.5834e-11  3.5118e-09
   42    100  3.7860e-11  3.7860e-09
   44     99  1.6029e-11  1.5869e-09
   44    100  1.7017e-14  1.7017e-12
   44    101  5.0146e-12  5.0647e-10
   44    102  1.4159e-11  1.4442e-09
   44    104  7.4631e-12  7.7617e-10
   45    103  6.5848e-12  6.7823e-10
   46    104  3.2907e-16  3.4224e-14
   46    105  4.1892e-12  4.3987e-10
   46    106  9.9852e-12  1.0584e-09
   46    108  1.5850e-11  1.7118e-09
   46    110  2.3788e-11  2.6167e-09
   47    107  4.3171e-12  4.6193e-10
   47    109  4.0371e-12  4.4005e-10
   48    110  2.1318e-14  2.3450e-12
   48    111  3.8230e-12  4.2435e-10
   48    112  1.2787e-11  1.4321e-09
   48    113  4.6566e-12  5.2620e-10
   48    114  2.1948e-11  2.5020e-09
   48    116  1.1105e-11  1.2882e-09
   49    113  2.0494e-19  2.3158e-17
   49    115  8.8642e-12  1.0194e-09
   50    115  7.0724e-18  8.1332e-16
   50    116  9.2779e-15  1.0762e-12
   50    117  2.6721e-12  3.1264e-10
   50    118  1.5926e-11  1.8793e-09
   50    119  5.9794e-12  7.1155e-10
   50    120  3.8254e-11  4.5905e-09
   50    122  6.7483e-11  8.2329e-09
   50    124  6.4890e-11  8.0464e-09
   51    121  8.6612e-12  1.0480e-09
   51    123  2.3036e-12  2.8335e-10
   52    122  1.3374e-14  1.6316e-12
   52    124  1.7155e-15  2.1272e-13
   52    125  2.4604e-11  3.0755e-09
   52    126  1.6333e-10  2.0579e-08
   52    128  1.3087e-10  1.6752e-08
   52    130  4.7794e-10  6.2132e-08
   53    127  1.0745e-11  1.3647e-09
   53    129  1.1294e-17  1.4569e-15
   54    128  1.4320e-18  1.8329e-16
   54    129  7.2921e-11  9.4068e-09
   54    130  2.3967e-14  3.1156e-12
   54    131  1.1704e-09  1.5332e-07
   54    132  2.7614e-09  3.6450e-07
   54    134  7.0629e-09  9.4642e-07
   54    136  8.6258e-10  1.1731e-07
   55    133  4.5038e-09  5.9900e-07
   56    134  2.1058e-15  2.8217e-13
   56    135  1.7345e-09  2.3416e-07
   56    136  3.9099e-14  5.3175e-12
   56    137  3.5068e-11  4.8043e-09
   56    138  3.7075e-10  5.1164e-08
   57    139  9.0837e-11  1.2626e-08
   58    140  1.0815e-10  1.5141e-08
   58    142  5.6689e-11  8.0498e-09
   59    141  2.0424e-11  2.8797e-09
   60    142  1.2952e-18  1.8392e-16
   60    143  2.0749e-11  2.9671e-09
   60    144  2.9090e-11  4.1890e-09
   60    145  2.8719e-12  4.1643e-10
   60    146  1.3231e-11  1.9317e-09
   60    148  8.8998e-12  1.3172e-09
   60    150  1.7891e-11  2.6837e-09
   62    147  5.9967e-12  8.8152e-10
   62    148  1.1606e-16  1.7177e-14
   62    149  1.0504e-12  1.5651e-10
   62    150  2.0444e-14  3.0667e-12
   62    152  3.2825e-12  4.9893e-10
   62    154  2.9177e-12  4.4932e-10
   63    151  8.7747e-13  1.3250e-10
   63    153  1.4017e-12  2.1446e-10
   64    154  7.8150e-16  1.2035e-13
   64    155  4.6094e-13  7.1446e-11
   64    156  1.8581e-12  2.8986e-10
   64    157  3.8044e-13  5.9729e-11
   64    158  1.1098e-12  1.7535e-10
   64    160  1.9271e-12  3.0833e-10
   65    159  2.1338e-13  3.3927e-11
   66    160  3.3848e-17  5.4157e-15
   66    161  1.7946e-13  2.8893e-11
   66    162  3.9583e-13  6.4124e-11
   66    163  1.3373e-13  2.1799e-11
   66    164  3.0661e-13  5.0284e-11
   67    165  2.7749e-13  4.5786e-11
   68    166  8.8660e-13  1.4717e-10
   68    167  2.9612e-13  4.9453e-11
   68    168  4.2527e-13  7.1445e-11
   68    170  2.2233e-13  3.7797e-11
   69    169  4.6131e-13  7.7962e-11
   70    170  4.2690e-17  7.2573e-15
   70    171  2.0615e-13  3.5252e-11
   70    172  1.4442e-13  2.4839e-11
   70    173  7.4076e-14  1.2815e-11
   70    174  4.5953e-13  7.9959e-11
   70    176  3.9609e-13  6.9712e-11
   71    175  1.4540e-13  2.5445e-11
   71    176  1.2355e-17  2.1745e-15
   72    176  1.1565e-19  2.0355e-17
   72    177  1.9900e-13  3.5223e-11
   72    178  1.9479e-13  3.4672e-11
   72    179  1.1728e-13  2.0994e-11
   72    180  3.9578e-13  7.1241e-11
   73    181  4.2264e-13  7.6497e-11
   74    182  3.8525e-13  7.0116e-11
   74    183  2.9236e-13  5.3501e-11
   74    184  1.2846e-13  2.3637e-11
   74    186  1.4450e-13  2.6877e-11
   75    185  7.6198e-14  1.4097e-11
   75    187  2.1792e-13  4.0751e-11
   76    186  6.2448e-20  1.1615e-17
   76    187  1.7708e-15  3.3114e-13
   76    188  1.7175e-13  3.2289e-11
   76    189  5.3305e-13  1.0075e-10
   76    190  3.6605e-13  6.9549e-11
   76    192  3.4020e-12  6.5319e-10
   77    191  9.9503e-13  1.9005e-10
   77    193  2.4538e-13  4.7359e-11
   78    192  6.2544e-17  1.2009e-14
   78    194  7.5836e-13  1.4712e-10
   78    195  6.3375e-13  1.2358e-10
   78    196  8.8588e-13  1.7363e-10
   78    198  3.0859e-12  6.1101e-10
   79    197  1.2252e-12  2.4136e-10
   80    198  9.2089e-16  1.8234e-13
   80    199  6.2202e-13  1.2378e-10
   80    200  1.3896e-12  2.7791e-10
   80    201  2.2267e-13  4.4757e-11
   80    202  8.2339e-13  1.6632e-10
   80    204  2.2326e-12  4.5545e-10
   81    203  1.4273e-12  2.8975e-10
   81    205  4.4414e-12  9.1049e-10
   82    204  8.8566e-18  1.8067e-15
   82    206  8.7123e-12  1.7947e-09
   82    207  1.7219e-08  3.5644e-06
   82    208  1.2988e-11  2.7015e-09
   83    214  1.7042e-14  3.6470e-12
   88    226  2.8429e-19  6.4248e-17
   89    227  9.5966e-20  2.1784e-17
   90    230  1.3398e-17  3.0816e-15
   90    232  3.2332e-12  7.5011e-10
   91    231  1.4387e-16  3.3235e-14
   92    234  4.3628e-17  1.0209e-14
   92    235  3.1008e-12  7.2870e-10
   92    236  1.2897e-14  3.0436e-12
   92    238  7.9369e-13  1.8890e-10
   94    240  2.5520e-18  6.1249e-16
   94    244  3.1064e-14  7.5796e-12
   96    247  6.3288e-19  1.5632e-16
   97    246  1.8271e-16  4.4948e-14
  100    258  4.8353e-12  1.2475e-09
  100    260  8.5205e-11  2.2153e-08
  100    262  2.3917e-10  6.2663e-08
  102    260  1.0615e-18  2.7598e-16
  102    261  1.3160e-10  3.4346e-08
  102    263  9.6549e-11  2.5392e-08
  102    264  5.5334e-11  1.4608e-08
  102    266  1.4935e-12  3.9728e-10
  103    265  4.5532e-11  1.2066e-08
  104    267  2.0863e-13  5.5704e-11
  104    268  5.1553e-13  1.3816e-10
  104    270  4.8647e-13  1.3135e-10
  104    272  3.4411e-13  9.3597e-11
  104    274  2.9764e-13  8.1555e-11
  105    269  2.3575e-12  6.3416e-10
  105    271  1.2803e-13  3.4696e-11
  106    273  3.8792e-13  1.0590e-10
  106    275  1.1897e-12  3.2718e-10
  106    276  5.3396e-12  1.4737e-09
  106    278  2.1308e-12  5.9235e-10
  106    280  2.5756e-11  7.2117e-09
  107    277  1.1114e-12  3.0785e-10
  108    279  3.1251e-11  8.7190e-09
  108    281  4.9587e-12  1.3934e-09
  108    282  7.5997e-10  2.1431e-07
  108    283  3.6102e-10  1.0217e-07
  108    284  2.4605e-08  6.9877e-06
  108    286  9.5013e-09  2.7174e-06
  110    285  2.2927e-08  6.5343e-06
  110    286  3.4162e-19  9.7705e-17
  110    287  2.5634e-08  7.3570e-06
  110    288  2.9676e-09  8.5467e-07
  110    290  3.2898e-09  9.5404e-07
  111    289  2.5106e-09  7.2555e-07
  111    290  1.7897e-14  5.1900e-12
  111    291  1.8706e-10  5.4435e-08
  111    292  3.8715e-09  1.1305e-06
  111    293  3.1266e-10  9.1610e-08
  111    294  1.7172e-10  5.0484e-08
  111    295  3.9097e-11  1.1534e-08
  111    296  4.6426e-11  1.3742e-08
  111    297  9.3219e-13  2.7686e-10
  111    298  7.7271e-15  2.3027e-12
  111    299  3.0535e-17  9.1300e-15
  111    300  2.7038e-16  8.1113e-14
  111    301  6.0073e-13  1.8082e-10
  111    302  3.9194e-12  1.1837e-09
  111    303  3.1910e-13  9.6689e-11
  111    304  1.7309e-13  5.2619e-11
  111    305  7.4770e-15  2.2805e-12
  111    306  4.9957e-14  1.5287e-11
  111    307  1.1015e-15  3.3816e-13
  111    308  9.4367e-16  2.9065e-13
  111    309  1.1054e-16  3.4158e-14
  111    310  1.0046e-16  3.1143e-14
  111    311  4.7389e-17  1.4738e-14
  111    312  1.4501e-17  4.5244e-15
  111    313  4.8746e-18  1.5257e-15
  111    314  5.3605e-17  1.6832e-14
  111    315  5.2021e-18  1.6386e-15
  111    316  6.4741e-18  2.0458e-15
  111    317  5.2372e-19  1.6602e-16
  111    318  1.7249e-13  5.4852e-11
  111    319  1.8697e-15  5.9644e-13
  111    320  2.3855e-14  7.6335e-12
  111    321  1.5434e-16  4.9542e-14
  111    322  1.7764e-15  5.7200e-13
  111    323  2.8271e-16  9.1314e-14
  111    324  3.2302e-16  1.0466e-13
  111    325  1.1979e-16  3.8932e-14
  111    326  5.4430e-17  1.7744e-14
  111    327  3.3571e-16  1.0978e-13
  111    328  1.0628e-16  3.4861e-14
  111    329  1.6242e-14  5.3437e-12
  111    330  2.4348e-15  8.0347e-13
  111    331  1.0234e-13  3.3876e-11
  111    332  1.0609e-14  3.5221e-12
  111    333  9.6991e-13  3.2298e-10
  111    334  6.7526e-14  2.2554e-11
  111    335  3.1664e-12  1.0608e-09
  111    336  1.1994e-13  4.0298e-11
  111    337  2.1706e-04  7.3148e-02
    1      1  2.6238e-02  2.6238e-02
    2      4  2.2444e-01  8.9776e-01


