    1      2  4.1710e-09  8.3419e-09
    2      3  3.0414e-10  9.1242e-10
    3      6  1.1628e-11  6.9771e-11
    3      7  2.9990e-10  2.0993e-09
    4      8  5.5734e-10  4.4587e-09
    4      9  1.7089e-10  1.5380e-09
    5     10  2.6694e-09  2.6694e-08
    5     11  9.9324e-10  1.0926e-08
    6     12  2.0012e-09  2.4015e-08
    6     13  1.2902e-07  1.6772e-06
    7     14  2.0052e-07  2.8072e-06
    7     15  4.6097e-06  6.9145e-05
    8     16  1.3761e-07  2.2017e-06
    8     17  3.2662e-09  5.5525e-08
    8     18  2.1591e-08  3.8865e-07
    9     19  5.6592e-07  1.0752e-05
   10     20  7.9724e-07  1.5945e-05
   10     21  3.5579e-07  7.4715e-06
   10     22  1.8448e-09  4.0586e-08
   11     23  4.8497e-07  1.1154e-05
   12     24  4.7333e-07  1.1360e-05
   12     25  4.4923e-07  1.1231e-05
   12     26  2.1949e-08  5.7068e-07
   13     26  1.1282e-18  2.9333e-17
   13     27  5.2654e-08  1.4217e-06
   14     28  2.1364e-07  5.9821e-06
   14     29  6.8535e-08  1.9875e-06
   14     30  7.7260e-08  2.3178e-06
   15     31  8.9586e-08  2.7772e-06
   16     32  1.0993e-07  3.5179e-06
   16     33  3.7870e-07  1.2497e-05
   16     34  3.9323e-07  1.3370e-05
   16     36  7.1514e-08  2.5745e-06
   17     35  9.4884e-09  3.3210e-07
   17     37  1.3486e-07  4.9898e-06
   18     36  1.3015e-20  4.6853e-19
   18     38  1.6531e-07  6.2820e-06
   18     40  8.8424e-08  3.5370e-06
   19     39  5.0954e-08  1.9872e-06
   19     41  4.2017e-07  1.7227e-05
   20     42  8.8750e-07  3.7275e-05
   20     43  9.3942e-08  4.0395e-06
   20     44  3.7168e-07  1.6354e-05
   20     46  2.4655e-07  1.1341e-05
   21     45  3.6155e-07  1.6270e-05
   22     46  1.9376e-19  8.9132e-18
   22     47  6.4330e-07  3.0235e-05
   22     48  8.2474e-07  3.9587e-05
   22     49  1.3098e-07  6.4182e-06
   22     50  3.8926e-07  1.9463e-05
   23     51  5.5165e-07  2.8134e-05
   24     52  1.9775e-06  1.0283e-04
   24     53  3.7111e-07  1.9669e-05
   24     54  1.1643e-07  6.2874e-06
   25     55  1.2702e-07  6.9863e-06
   26     56  5.4636e-08  3.0596e-06
   26     57  2.3805e-07  1.3569e-05
   26     58  6.2007e-09  3.5964e-07
   27     59  1.6030e-08  9.4574e-07
   28     60  2.4530e-08  1.4718e-06
   28     61  7.8958e-08  4.8164e-06
   28     62  2.0250e-07  1.2555e-05
   28     64  3.7789e-07  2.4185e-05
   29     63  1.9786e-06  1.2465e-04
   29     65  6.2097e-07  4.0363e-05
   30     64  1.6453e-20  1.0530e-18
   30     66  1.5550e-06  1.0263e-04
   30     67  5.6341e-07  3.7748e-05
   30     68  4.3844e-07  2.9814e-05
   30     70  9.2444e-07  6.4711e-05
   31     69  2.0864e-07  1.4396e-05
   31     71  3.6548e-07  2.5949e-05
   32     70  3.1571e-15  2.2100e-13
   32     72  1.2287e-06  8.8466e-05
   32     73  8.1071e-07  5.9182e-05
   32     74  1.4091e-06  1.0428e-04
   32     76  7.8504e-07  5.9663e-05
   33     75  5.4202e-07  4.0652e-05
   34     76  1.9939e-14  1.5154e-12
   34     77  2.0194e-06  1.5549e-04
   34     78  2.9345e-06  2.2889e-04
   34     80  1.2915e-05  1.0332e-03
   34     82  1.8760e-06  1.5383e-04
   35     79  4.0426e-06  3.1936e-04
   35     81  1.3826e-06  1.1199e-04
   36     82  2.5421e-13  2.0845e-11
   36     83  1.7148e-06  1.4233e-04
   36     84  1.4129e-06  1.1868e-04
   36     86  2.4964e-06  2.1469e-04
   37     85  1.0548e-06  8.9662e-05
   37     87  5.1442e-07  4.4755e-05
   38     86  3.6029e-19  3.0985e-17
   38     87  3.7667e-09  3.2770e-07
   38     88  8.2292e-07  7.2417e-05
   39     89  4.4265e-07  3.9396e-05
   40     90  6.7458e-07  6.0712e-05
   40     91  1.2376e-06  1.1262e-04
   40     92  3.1882e-06  2.9331e-04
   40     94  1.7347e-06  1.6306e-04
   41     93  3.1143e-06  2.8963e-04
   42     95  1.3456e-06  1.2783e-04
   42     96  6.2057e-07  5.9575e-05
   42     97  4.7433e-07  4.6010e-05
   42     98  4.7257e-07  4.6312e-05
   42    100  4.0560e-07  4.0560e-05
   44     99  2.2815e-07  2.2587e-05
   44    100  9.3127e-16  9.3127e-14
   44    101  4.5002e-07  4.5452e-05
   44    102  5.2549e-07  5.3600e-05
   44    104  6.0038e-07  6.2440e-05
   45    103  5.3844e-07  5.5460e-05
   46    104  7.8662e-17  8.1808e-15
   46    105  7.9539e-07  8.3516e-05
   46    106  7.5260e-07  7.9776e-05
   46    108  6.6363e-07  7.1672e-05
   46    110  1.6332e-06  1.7966e-04
   47    107  7.7247e-07  8.2654e-05
   47    109  8.7920e-07  9.5833e-05
   48    110  1.5313e-14  1.6844e-12
   48    111  2.7192e-07  3.0183e-05
   48    112  1.1680e-06  1.3082e-04
   48    113  4.5681e-07  5.1619e-05
   48    114  3.0165e-07  3.4389e-05
   48    116  6.3070e-08  7.3161e-06
   49    113  2.0104e-14  2.2718e-12
   49    115  1.9886e-07  2.2869e-05
   50    115  1.5866e-13  1.8246e-11
   50    116  8.7541e-17  1.0155e-14
   50    117  1.3567e-07  1.5873e-05
   50    118  1.6425e-07  1.9382e-05
   50    119  1.8881e-07  2.2469e-05
   50    120  6.1783e-07  7.4140e-05
   50    122  1.0039e-06  1.2247e-04
   50    124  4.8817e-06  6.0533e-04
   51    121  6.0725e-07  7.3478e-05
   51    123  1.3065e-06  1.6070e-04
   52    122  4.3279e-15  5.2801e-13
   52    124  7.3979e-17  9.1734e-15
   52    125  6.1103e-06  7.6378e-04
   52    126  2.1219e-05  2.6736e-03
   52    128  3.7333e-05  4.7787e-03
   52    130  4.8893e-06  6.3561e-04
   53    127  2.6086e-05  3.3129e-03
   53    129  5.7863e-14  7.4643e-12
   54    128  4.7520e-18  6.0825e-16
   54    129  2.2500e-05  2.9024e-03
   54    130  1.0644e-14  1.3838e-12
   54    131  8.3950e-06  1.0997e-03
   54    132  7.7125e-06  1.0180e-03
   54    134  6.6295e-06  8.8835e-04
   54    136  1.0316e-05  1.4029e-03
   55    133  3.7438e-06  4.9793e-04
   56    134  9.5196e-19  1.2756e-16
   56    135  5.5911e-06  7.5479e-04
   56    136  1.9392e-16  2.6373e-14
   56    137  4.9605e-06  6.7959e-04
   56    138  3.9298e-06  5.4232e-04
   57    139  8.1585e-07  1.1340e-04
   58    140  2.9034e-06  4.0647e-04
   58    142  1.5180e-06  2.1556e-04
   59    141  1.3455e-06  1.8972e-04
   60    142  9.2247e-20  1.3099e-17
   60    143  6.2708e-07  8.9672e-05
   60    144  1.5604e-06  2.2469e-04
   60    145  8.3195e-07  1.2063e-04
   60    146  2.1825e-06  3.1865e-04
   60    148  6.3357e-06  9.3768e-04
   60    150  3.1279e-06  4.6918e-04
   62    147  3.2048e-06  4.7110e-04
   62    148  3.4153e-16  5.0546e-14
   62    149  2.4000e-06  3.5760e-04
   62    150  7.1162e-13  1.0674e-10
   62    152  4.7247e-06  7.1815e-04
   62    154  3.7644e-06  5.7972e-04
   63    151  4.0577e-06  6.1272e-04
   63    153  2.4514e-06  3.7506e-04
   64    154  1.5697e-14  2.4173e-12
   64    155  2.0013e-06  3.1020e-04
   64    156  5.6588e-06  8.8278e-04
   64    157  2.8935e-06  4.5428e-04
   64    158  6.5039e-06  1.0276e-03
   64    160  4.9960e-06  7.9936e-04
   65    159  3.7655e-06  5.9872e-04
   66    160  1.1732e-14  1.8772e-12
   66    161  2.8211e-06  4.5419e-04
   66    162  8.2289e-06  1.3331e-03
   66    163  4.0077e-06  6.5325e-04
   66    164  1.0558e-05  1.7314e-03
   67    165  4.1797e-06  6.8966e-04
   68    166  8.3964e-06  1.3938e-03
   68    167  3.3966e-06  5.6724e-04
   68    168  1.0181e-05  1.7104e-03
   68    170  6.0649e-06  1.0310e-03
   69    169  4.9859e-06  8.4262e-04
   70    170  2.8659e-15  4.8720e-13
   70    171  4.7204e-06  8.0720e-04
   70    172  4.5852e-06  7.8866e-04
   70    173  7.1501e-06  1.2370e-03
   70    174  8.5881e-06  1.4943e-03
   70    176  4.7241e-06  8.3143e-04
   71    175  3.8571e-06  6.7499e-04
   71    176  1.2642e-15  2.2250e-13
   72    176  1.1836e-17  2.0832e-15
   72    177  3.0788e-06  5.4495e-04
   72    178  3.4966e-06  6.2240e-04
   72    179  2.4172e-06  4.3267e-04
   72    180  3.1006e-06  5.5812e-04
   72    182  6.8524e-20  1.2471e-17
   73    181  3.0770e-06  5.5694e-04
   74    182  8.9648e-06  1.6316e-03
   74    183  4.2567e-06  7.7898e-04
   74    184  1.9818e-05  3.6466e-03
   74    186  4.9821e-05  9.2668e-03
   75    185  8.3035e-06  1.5362e-03
   75    187  2.0505e-05  3.8345e-03
   76    186  3.9631e-17  7.3714e-15
   76    187  1.6665e-07  3.1163e-05
   76    188  3.2753e-05  6.1576e-03
   76    189  3.9678e-05  7.4992e-03
   76    190  6.8682e-05  1.3050e-02
   76    192  3.2898e-05  6.3164e-03
   77    191  3.5303e-05  6.7429e-03
   77    193  3.1161e-05  6.0141e-03
   78    192  1.1364e-14  2.1818e-12
   78    194  4.0293e-05  7.8168e-03
   78    195  3.6415e-05  7.1010e-03
   78    196  2.8173e-05  5.5219e-03
   78    198  7.7126e-06  1.5271e-03
   79    197  1.7515e-05  3.4505e-03
   80    198  3.1132e-14  6.1641e-12
   80    199  1.2592e-06  2.5059e-04
   80    200  2.5033e-07  5.0066e-05
   80    201  5.8009e-08  1.1660e-05
   80    202  1.5636e-07  3.1585e-05
   80    204  2.3506e-07  4.7952e-05
   81    203  2.3117e-07  4.6927e-05
   81    205  3.6437e-08  7.4695e-06
   82    204  3.0951e-18  6.3141e-16
   82    206  1.7583e-06  3.6221e-04
   82    207  1.4737e-06  3.0507e-04
   82    208  1.6600e-06  3.4529e-04
   82    210  9.2429e-16  1.9410e-13
   82    211  1.7588e-20  3.7111e-18
   82    212  4.0521e-20  8.5905e-18
   83    209  1.2889e-06  2.6939e-04
   83    210  5.7094e-19  1.1990e-16
   84    210  1.5764e-17  3.3104e-15
   86    222  4.3515e-19  9.6603e-17
   88    223  8.0074e-18  1.7856e-15
   88    224  3.3223e-19  7.4420e-17
   88    226  6.6585e-14  1.5048e-11
   88    228  1.9150e-16  4.3661e-14
   89    227  5.5684e-15  1.2640e-12
   89    228  2.3383e-20  5.3314e-18
   90    227  1.2870e-17  2.9214e-15
   90    228  6.3801e-17  1.4547e-14
   90    230  3.1381e-12  7.2176e-10
   90    231  7.4485e-19  1.7206e-16
   90    232  4.6764e-07  1.0849e-04
   90    234  2.7425e-18  6.4174e-16
   91    231  8.3483e-12  1.9285e-09
   91    234  3.1776e-20  7.4356e-18
   92    234  1.0218e-11  2.3911e-09
   92    235  1.7993e-07  4.2283e-05
   92    236  9.0146e-10  2.1274e-07
   92    238  1.8590e-07  4.4243e-05
   92    240  4.3738e-20  1.0497e-17
   94    239  3.7886e-19  9.0546e-17
   94    240  1.7845e-13  4.2827e-11
   94    244  2.1721e-09  5.2999e-07
   95    243  1.1582e-19  2.8143e-17
   96    244  5.8952e-19  1.4384e-16
   96    247  2.4444e-16  6.0377e-14
   97    246  3.7490e-11  9.2226e-09
  100    258  2.0566e-08  5.3061e-06
  100    260  1.6645e-08  4.3277e-06
  100    262  1.1244e-08  2.9460e-06
  102    261  1.1180e-08  2.9180e-06
  102    263  7.1968e-09  1.8928e-06
  102    264  1.0367e-08  2.7369e-06
  102    266  7.8107e-09  2.0776e-06
  103    265  6.7130e-09  1.7790e-06
  104    267  4.2309e-09  1.1296e-06
  104    268  2.4019e-09  6.4370e-07
  104    270  2.5118e-09  6.7819e-07
  104    272  4.4137e-10  1.2005e-07
  104    274  3.1563e-10  8.6483e-08
  105    269  4.6324e-09  1.2461e-06
  105    271  9.5882e-10  2.5984e-07
  106    273  3.8715e-10  1.0569e-07
  106    275  4.0551e-11  1.1152e-08
  106    276  3.8728e-11  1.0689e-08
  106    278  2.3564e-12  6.5509e-10
  106    280  1.7975e-14  5.0329e-12
  107    277  3.4174e-12  9.4662e-10
  108    279  2.4997e-13  6.9743e-11
  108    281  1.7264e-15  4.8511e-13
  108    282  5.2922e-16  1.4924e-13
  108    283  4.6885e-18  1.3269e-15
  108    284  5.3450e-17  1.5180e-14
  108    286  1.2971e-16  3.7098e-14
  110    285  4.7865e-18  1.3641e-15
  110    287  1.1102e-16  3.1863e-14
  110    288  1.5191e-17  4.3749e-15
  110    290  2.6850e-17  7.7864e-15
  111    289  1.4717e-17  4.2532e-15
  111    292  1.4174e-16  4.1387e-14
  111    293  5.3280e-17  1.5611e-14
  111    294  1.1447e-16  3.3655e-14
  111    295  2.3209e-17  6.8466e-15
  111    296  6.2740e-18  1.8571e-15
  111    297  4.3759e-18  1.2996e-15
  111    298  9.6382e-20  2.8722e-17
  111    300  1.0922e-20  3.2767e-18
  111    301  1.6872e-16  5.0785e-14
  111    302  6.7106e-17  2.0266e-14
  111    303  6.5833e-17  1.9947e-14
  111    304  1.1901e-16  3.6178e-14
  111    305  1.7473e-16  5.3291e-14
  111    306  3.6180e-16  1.1071e-13
  111    307  1.1677e-16  3.5849e-14
  111    308  1.0646e-16  3.2791e-14
  111    309  1.0168e-16  3.1418e-14
  111    310  1.0675e-16  3.3093e-14
  111    311  1.0421e-16  3.2409e-14
  111    312  1.0572e-16  3.2986e-14
  111    313  6.5270e-17  2.0429e-14
  111    314  7.4788e-17  2.3483e-14
  111    315  5.2911e-17  1.6667e-14
  111    316  6.7462e-17  2.1318e-14
  111    317  3.6737e-17  1.1646e-14
  111    318  3.1241e-17  9.9345e-15
  111    319  3.9072e-17  1.2464e-14
  111    320  4.6552e-17  1.4897e-14
  111    321  1.5016e-17  4.8203e-15
  111    322  2.8836e-17  9.2853e-15
  111    323  1.8949e-17  6.1207e-15
  111    324  2.1386e-17  6.9290e-15
  111    325  1.2377e-17  4.0226e-15
  111    326  8.3631e-18  2.7264e-15
  111    327  1.2001e-17  3.9243e-15
  111    328  2.4376e-19  7.9955e-17
  111    329  1.1161e-18  3.6719e-16
  111    330  5.4491e-20  1.7982e-17
  111    331  6.8196e-20  2.2573e-17
  111    332  1.9014e-20  6.3128e-18
  111    333  1.0786e-19  3.5916e-17
    1      1  3.8460e-09  3.8460e-09
    2      4  2.1184e-01  8.4735e-01


