    1      2  8.6963e-17  1.7393e-16
    3      6  4.5538e-20  2.7323e-19
    4      8  9.9414e-20  7.9531e-19
    4      9  6.9030e-19  6.2127e-18
    5     10  9.9422e-20  9.9422e-19
    6     12  1.1692e-07  1.4030e-06
    6     13  1.4871e-14  1.9332e-13
    7     14  1.9284e-18  2.6998e-17
    7     15  2.2323e-13  3.3484e-12
    8     16  5.3307e-09  8.5292e-08
    8     17  1.2912e-15  2.1950e-14
    8     18  7.6268e-16  1.3728e-14
    9     19  2.7768e-15  5.2759e-14
   10     20  3.6042e-09  7.2084e-08
   10     21  3.3235e-13  6.9794e-12
   10     22  3.2468e-15  7.1430e-14
   11     23  2.6650e-13  6.1295e-12
   12     24  1.0520e-09  2.5247e-08
   12     25  2.8052e-10  7.0131e-09
   12     26  1.2179e-09  3.1665e-08
   13     26  5.7854e-16  1.5042e-14
   13     27  9.4901e-10  2.5623e-08
   14     28  1.2579e-09  3.5222e-08
   14     29  8.5783e-10  2.4877e-08
   14     30  1.7547e-09  5.2641e-08
   15     31  3.3885e-09  1.0504e-07
   16     32  1.2105e-08  3.8737e-07
   16     33  5.6509e-09  1.8648e-07
   16     34  9.8750e-08  3.3575e-06
   16     36  2.2446e-08  8.0804e-07
   17     35  3.2435e-09  1.1352e-07
   17     37  6.6880e-09  2.4746e-07
   18     36  1.6176e-15  5.8234e-14
   18     38  8.8097e-09  3.3477e-07
   18     40  5.1034e-10  2.0414e-08
   19     39  2.8213e-09  1.1003e-07
   19     40  2.3736e-20  9.4944e-19
   19     41  1.1607e-09  4.7590e-08
   20     42  4.4923e-08  1.8868e-06
   20     43  1.2563e-07  5.4019e-06
   20     44  5.0256e-07  2.2113e-05
   20     46  1.4388e-07  6.6187e-06
   21     45  1.4379e-08  6.4703e-07
   22     46  3.2598e-20  1.4995e-18
   22     47  5.8601e-07  2.7542e-05
   22     48  1.0630e-06  5.1022e-05
   22     49  2.5807e-09  1.2646e-07
   22     50  1.2136e-07  6.0678e-06
   23     51  1.8644e-07  9.5085e-06
   24     52  2.2715e-06  1.1812e-04
   24     53  1.5312e-06  8.1155e-05
   24     54  2.2333e-06  1.2060e-04
   25     55  2.8260e-07  1.5543e-05
   26     56  4.1260e-07  2.3106e-05
   26     57  3.3435e-08  1.9058e-06
   26     58  3.4062e-07  1.9756e-05
   27     59  5.3193e-07  3.1384e-05
   28     60  2.2855e-07  1.3713e-05
   28     61  8.2343e-07  5.0229e-05
   28     62  9.4890e-07  5.8831e-05
   28     64  1.5832e-07  1.0133e-05
   29     63  9.8639e-07  6.2143e-05
   29     65  6.0897e-07  3.9583e-05
   30     64  7.1325e-20  4.5648e-18
   30     66  1.6697e-06  1.1020e-04
   30     67  9.1368e-07  6.1217e-05
   30     68  9.5958e-07  6.5251e-05
   30     70  5.7592e-07  4.0315e-05
   31     69  4.4921e-07  3.0996e-05
   31     71  7.3970e-08  5.2518e-06
   32     70  3.8031e-14  2.6621e-12
   32     72  7.6408e-07  5.5014e-05
   32     73  1.1652e-05  8.5062e-04
   32     74  6.5289e-06  4.8314e-04
   32     76  5.2029e-06  3.9542e-04
   33     75  1.3758e-06  1.0318e-04
   34     76  2.9407e-13  2.2349e-11
   34     77  1.8107e-05  1.3942e-03
   34     78  1.3744e-05  1.0720e-03
   34     80  3.9153e-05  3.1322e-03
   34     82  2.4677e-06  2.0235e-04
   35     79  6.7659e-06  5.3450e-04
   35     81  2.8737e-06  2.3277e-04
   36     82  4.2957e-12  3.5225e-10
   36     83  2.0236e-06  1.6796e-04
   36     84  6.4871e-06  5.4492e-04
   36     86  3.1841e-05  2.7383e-03
   37     85  1.2057e-05  1.0249e-03
   37     87  7.7676e-06  6.7578e-04
   38     86  1.8948e-17  1.6295e-15
   38     87  5.6874e-08  4.9481e-06
   38     88  3.3511e-06  2.9490e-04
   39     89  4.2673e-05  3.7979e-03
   40     90  1.2369e-04  1.1132e-02
   40     91  1.6282e-05  1.4817e-03
   40     92  4.0293e-05  3.7069e-03
   40     94  4.4310e-06  4.1652e-04
   41     93  2.0265e-05  1.8847e-03
   42     95  1.1597e-07  1.1017e-05
   42     96  5.7611e-07  5.5307e-05
   42     97  1.6722e-06  1.6221e-04
   42     98  6.1876e-06  6.0639e-04
   42    100  1.8580e-04  1.8580e-02
   44     99  5.5748e-06  5.5191e-04
   44    100  2.3321e-13  2.3321e-11
   44    101  3.2477e-04  3.2802e-02
   44    102  4.6965e-04  4.7904e-02
   44    104  3.1531e-04  3.2792e-02
   45    103  1.4489e-04  1.4923e-02
   46    104  1.0329e-13  1.0742e-11
   46    105  4.5188e-04  4.7447e-02
   46    106  1.5538e-04  1.6471e-02
   46    108  4.8873e-05  5.2783e-03
   46    110  1.4367e-04  1.5804e-02
   47    107  5.9109e-05  6.3247e-03
   47    109  9.0605e-05  9.8760e-03
   48    110  8.2096e-12  9.0305e-10
   48    111  1.4842e-05  1.6475e-03
   48    112  7.7718e-05  8.7044e-03
   48    113  2.9268e-05  3.3073e-03
   48    114  5.3832e-05  6.1369e-03
   48    116  4.5928e-06  5.3277e-04
   49    113  1.2881e-12  1.4556e-10
   49    115  1.1989e-05  1.3787e-03
   50    115  9.5653e-12  1.1000e-09
   50    116  2.0681e-14  2.3990e-12
   50    117  1.2859e-05  1.5045e-03
   50    118  3.7937e-06  4.4765e-04
   50    119  1.3977e-06  1.6633e-04
   50    120  2.4016e-06  2.8819e-04
   50    122  3.5327e-06  4.3099e-04
   50    124  1.9743e-06  2.4481e-04
   51    121  2.1861e-06  2.6451e-04
   51    123  1.5787e-06  1.9418e-04
   52    122  1.1394e-13  1.3901e-11
   52    124  1.0986e-15  1.3623e-13
   52    125  4.7941e-06  5.9927e-04
   52    126  7.7838e-06  9.8076e-04
   52    128  6.3517e-06  8.1302e-04
   52    130  4.6080e-08  5.9904e-06
   53    127  5.2040e-06  6.6091e-04
   53    129  1.3840e-14  1.7854e-12
   54    128  1.9888e-18  2.5457e-16
   54    129  1.4779e-06  1.9065e-04
   54    130  2.0026e-15  2.6034e-13
   54    131  1.2734e-09  1.6681e-07
   54    132  2.7590e-11  3.6419e-09
   54    134  5.5872e-16  7.4868e-14
   54    136  9.9091e-17  1.3476e-14
   55    133  2.6538e-14  3.5295e-12
   56    135  1.4741e-15  1.9900e-13
   56    137  9.9849e-17  1.3679e-14
   56    138  7.8176e-16  1.0788e-13
   57    139  1.1563e-17  1.6072e-15
   58    140  3.1441e-17  4.4017e-15
   58    142  6.1950e-18  8.7969e-16
   59    141  2.4156e-17  3.4060e-15
   60    143  2.5534e-19  3.6514e-17
   60    144  1.7873e-19  2.5737e-17
   60    145  1.3767e-20  1.9962e-18
   60    146  3.5293e-19  5.1527e-17
   60    148  2.8398e-18  4.2028e-16
   60    150  1.3926e-19  2.0890e-17
   62    147  1.5102e-18  2.2199e-16
   62    149  4.4760e-19  6.6693e-17
   62    152  2.9756e-19  4.5229e-17
   62    154  1.7733e-19  2.7310e-17
   63    151  6.7465e-20  1.0187e-17
   63    153  2.1764e-19  3.3298e-17
   64    155  1.4114e-19  2.1877e-17
   64    157  1.0499e-20  1.6483e-18
    1      1  1.9559e-09  1.9559e-09
    2      4  1.7112e-01  6.8449e-01


