    1      2  1.0577e-20  2.1154e-20
    5     10  1.8444e-20  1.8444e-19
    6     12  2.1744e-06  2.6092e-05
    6     13  5.6666e-11  7.3666e-10
    7     14  2.0353e-15  2.8495e-14
    8     16  7.3065e-09  1.1690e-07
    8     17  2.8797e-17  4.8956e-16
    8     18  1.8924e-20  3.4064e-19
   10     20  5.1031e-09  1.0206e-07
   10     21  2.2005e-14  4.6210e-13
   10     22  1.7387e-18  3.8252e-17
   11     23  5.0791e-13  1.1682e-11
   12     24  5.2655e-09  1.2637e-07
   12     25  1.1682e-12  2.9205e-11
   12     26  1.0358e-11  2.6930e-10
   13     26  9.3977e-14  2.4434e-12
   13     27  8.4620e-10  2.2847e-08
   14     28  1.6775e-08  4.6970e-07
   14     29  1.8203e-10  5.2790e-09
   14     30  1.0645e-08  3.1936e-07
   15     31  2.9735e-09  9.2178e-08
   16     32  2.4999e-08  7.9997e-07
   16     33  3.0133e-09  9.9440e-08
   16     34  5.1038e-08  1.7353e-06
   16     36  5.1906e-11  1.8686e-09
   17     35  1.2646e-08  4.4260e-07
   17     37  3.7788e-09  1.3981e-07
   18     36  1.8960e-08  6.8256e-07
   18     38  1.9842e-07  7.5401e-06
   18     40  7.1590e-10  2.8636e-08
   19     39  1.4457e-08  5.6384e-07
   19     40  5.2322e-10  2.0929e-08
   19     41  2.2687e-09  9.3017e-08
   20     40  4.0029e-09  1.6011e-07
   20     42  2.5737e-07  1.0810e-05
   20     43  4.1739e-08  1.7948e-06
   20     44  3.2044e-08  1.4099e-06
   20     46  9.3659e-09  4.3083e-07
   21     45  3.0247e-08  1.3611e-06
   22     46  7.4786e-08  3.4402e-06
   22     47  5.6663e-08  2.6632e-06
   22     48  6.1971e-08  2.9746e-06
   22     49  6.6558e-08  3.2613e-06
   22     50  2.0346e-07  1.0173e-05
   23     51  2.9843e-08  1.5220e-06
   24     50  2.5672e-09  1.2836e-07
   24     52  7.3409e-08  3.8173e-06
   24     53  1.1040e-07  5.8513e-06
   24     54  2.9443e-07  1.5899e-05
   25     55  2.2086e-08  1.2147e-06
   26     54  2.2862e-11  1.2345e-09
   26     56  3.2758e-07  1.8344e-05
   26     57  1.0601e-07  6.0423e-06
   26     58  4.2373e-08  2.4577e-06
   27     59  3.9103e-08  2.3071e-06
   28     58  2.0071e-13  1.1641e-11
   28     60  1.1660e-06  6.9960e-05
   28     61  1.8765e-08  1.1446e-06
   28     62  4.8743e-08  3.0221e-06
   28     64  1.1314e-07  7.2406e-06
   29     63  2.3333e-07  1.4700e-05
   29     65  1.1523e-08  7.4902e-07
   30     64  2.6072e-11  1.6686e-09
   30     66  1.7627e-06  1.1634e-04
   30     67  1.2823e-07  8.5912e-06
   30     68  6.9460e-08  4.7233e-06
   30     70  3.3000e-07  2.3100e-05
   31     69  2.8900e-07  1.9941e-05
   31     71  8.7033e-09  6.1794e-07
   32     70  4.5927e-10  3.2149e-08
   32     72  1.9267e-06  1.3872e-04
   32     73  3.1753e-08  2.3180e-06
   32     74  1.4738e-07  1.0906e-05
   32     76  2.0181e-07  1.5338e-05
   33     75  5.1797e-07  3.8847e-05
   34     74  1.3116e-14  9.7055e-13
   34     76  1.4635e-10  1.1123e-08
   34     77  3.6200e-08  2.7874e-06
   34     78  1.4742e-06  1.1499e-04
   34     80  1.3306e-07  1.0645e-05
   34     82  2.1987e-06  1.8029e-04
   35     79  5.1487e-08  4.0674e-06
   35     81  8.9897e-07  7.2816e-05
   36     78  1.1227e-20  8.7572e-19
   36     80  4.2334e-14  3.3867e-12
   36     82  5.5894e-10  4.5833e-08
   36     83  4.9954e-08  4.1462e-06
   36     84  3.2884e-06  2.7623e-04
   36     86  2.4723e-03  2.1261e-01
   37     85  1.5453e-05  1.3135e-03
   37     87  8.1500e-04  7.0905e-02
   38     84  2.1844e-16  1.8349e-14
   38     86  3.6064e-07  3.1015e-05
   38     87  6.0725e-06  5.2831e-04
   38     88  2.0529e-03  1.8066e-01
   39     89  2.6025e-04  2.3162e-02
   40     90  1.1042e-03  9.9378e-02
   40     91  2.2669e-05  2.0629e-03
   40     92  5.0855e-06  4.6787e-04
   40     94  9.0482e-06  8.5053e-04
   41     92  3.6736e-16  3.3797e-14
   41     93  3.9761e-06  3.6978e-04
   42     92  9.2597e-18  8.5189e-16
   42     94  1.8515e-10  1.7404e-08
   42     95  1.7941e-06  1.7044e-04
   42     96  8.7114e-06  8.3629e-04
   42     97  8.7998e-08  8.5358e-06
   42     98  1.7072e-08  1.6731e-06
   42    100  1.3192e-08  1.3192e-06
   44     98  3.7812e-14  3.7055e-12
   44     99  3.7885e-10  3.7507e-08
   44    100  4.0596e-13  4.0596e-11
   44    101  1.0383e-10  1.0487e-08
   44    102  5.6726e-10  5.7860e-08
   44    104  3.0037e-11  3.1239e-09
   45    103  1.2590e-10  1.2968e-08
   46    102  4.9188e-20  5.0171e-18
   46    104  1.0144e-16  1.0550e-14
   46    105  1.6493e-11  1.7318e-09
   46    106  5.0783e-11  5.3829e-09
   46    108  1.0750e-12  1.1610e-10
   46    110  1.3131e-13  1.4444e-11
   47    107  5.2959e-13  5.6666e-11
   47    109  4.8229e-13  5.2569e-11
   48    110  2.7103e-19  2.9813e-17
   48    111  8.6921e-15  9.6482e-13
   48    112  5.5996e-14  6.2716e-12
   48    113  1.8058e-15  2.0406e-13
   48    114  5.2044e-16  5.9330e-14
   48    116  2.0251e-16  2.3491e-14
   49    115  5.6064e-16  6.4474e-14
   50    117  7.5255e-18  8.8048e-16
   50    118  9.2414e-17  1.0905e-14
   50    119  3.0817e-18  3.6673e-16
   50    120  1.1923e-18  1.4308e-16
   50    122  1.7261e-19  2.1059e-17
   50    124  2.8301e-19  3.5094e-17
   51    121  2.3701e-18  2.8678e-16
   51    123  1.5396e-19  1.8937e-17
   52    126  4.2187e-20  5.3156e-18
    1      1  6.3963e-09  6.3963e-09
    2      4  1.0134e-01  4.0536e-01


