1  8.5289e-09
2  1.3497e-08
3  1.3589e-09
4  1.8440e-01
5  0.0000e+00
6  5.2765e-11
7  3.0240e-09
8  1.1675e-07
9  5.6401e-08
10  6.2412e-07
11  1.9810e-09
12  2.4766e-08
13  6.8163e-08
14  9.7177e-08
15  2.4081e-05
16  7.0583e-07
17  2.7886e-08
18  1.5872e-07
19  1.8833e-06
20  2.7269e-06
21  1.2753e-06
22  1.1434e-08
23  1.4496e-06
24  4.8117e-07
25  3.7265e-07
26  8.3050e-08
27  1.3937e-07
28  2.4775e-07
29  6.8653e-08
30  5.6635e-08
31  4.0883e-08
32  8.2640e-08
33  2.9072e-07
34  2.2302e-07
35  9.2997e-09
36  9.6358e-09
37  4.4408e-09
38  1.9889e-08
39  1.7040e-08
40  5.2799e-09
41  2.5945e-08
42  7.3939e-08
43  1.2170e-08
44  2.2450e-08
45  2.1346e-08
46  5.8697e-09
47  8.9728e-09
48  1.5313e-08
49  8.0977e-09
50  6.4132e-09
51  6.1298e-09
52  1.9154e-08
53  1.8185e-08
54  7.4707e-09
55  2.1063e-09
56  1.5054e-08
57  3.6023e-08
58  9.0269e-10
59  1.2790e-09
60  2.7520e-09
61  3.5575e-09
62  3.0260e-09
63  3.0635e-08
64  8.8795e-09
65  1.1299e-08
66  2.2040e-08
67  3.3503e-08
68  8.4075e-09
69  4.3284e-09
70  1.9139e-08
71  5.2925e-09
72  2.0127e-08
73  1.3217e-08
74  3.5718e-08
75  6.3879e-08
76  5.6950e-08
77  7.9123e-08
78  5.5517e-08
79  3.5886e-08
80  1.5650e-07
81  7.7484e-08
82  8.2231e-08
83  9.2252e-08
84  2.7156e-08
85  2.1291e-08
86  3.4960e-08
87  3.7697e-08
88  3.5433e-08
89  2.8343e-08
90  4.1824e-08
91  1.8762e-08
92  1.7429e-08
93  1.6909e-08
94  5.4585e-08
95  3.6016e-08
96  2.1148e-08
97  3.1994e-08
98  6.1653e-09
99  9.2681e-09
100  1.2606e-08
101  1.2540e-08
102  9.5279e-09
103  1.0077e-08
104  6.5358e-09
105  5.4532e-09
106  1.5631e-08
107  1.3079e-08
108  1.2711e-07
109  1.5839e-06
110  3.8271e-06
111  6.3356e-07
112  3.1429e-06
113  2.1035e-06
114  2.3857e-06
115  2.7068e-06
116  1.9541e-07
117  4.4827e-07
118  1.9945e-07
119  1.2945e-07
120  5.4871e-07
121  3.2732e-07
122  4.3316e-07
123  3.2491e-07
124  7.3124e-07
125  7.1068e-07
126  1.4330e-06
127  1.7930e-06
128  2.6505e-06
129  2.9506e-06
130  1.3420e-06
131  7.5956e-07
132  6.2902e-07
133  4.7150e-07
134  5.0825e-07
135  3.4741e-07
136  6.3451e-07
137  6.2361e-07
138  5.9359e-07
139  2.2669e-07
140  3.3339e-07
141  5.4410e-07
142  2.8201e-07
143  2.8664e-07
144  4.5551e-07
145  1.8481e-07
146  3.1694e-07
147  3.8905e-07
148  1.7007e-07
149  5.6166e-08
150  9.7537e-08
151  3.9502e-08
152  1.4835e-07
153  9.3642e-08
154  1.2446e-07
155  3.0384e-07
156  5.2052e-08
157  1.2766e-07
158  2.5115e-07
159  3.1155e-09
160  5.9063e-08
161  1.0989e-07
162  6.4521e-08
163  6.7193e-08
164  1.1032e-07
165  8.0532e-08
166  2.3167e-07
167  3.2703e-07
168  2.1844e-07
169  9.9122e-07
170  2.0343e-07
171  3.4812e-07
172  2.0044e-07
173  1.3230e-07
174  4.1644e-07
175  1.3548e-07
176  2.9631e-07
177  1.1287e-06
178  6.1401e-07
179  3.2940e-07
180  5.4495e-07
181  7.0388e-07
182  9.0197e-07
183  7.0465e-07
184  6.0925e-07
185  2.7701e-07
186  3.4967e-07
187  3.4919e-07
188  3.6677e-07
189  1.4540e-07
190  1.5142e-07
191  3.7395e-07
192  8.6977e-07
193  5.3525e-07
194  2.3964e-06
195  3.7016e-06
196  8.5174e-06
197  1.3532e-05
198  1.4620e-05
199  7.3434e-06
200  1.4047e-05
201  3.5365e-06
202  2.2391e-06
203  5.8954e-07
204  3.2095e-07
205  3.0912e-07
206  1.1816e-05
207  1.4416e-05
208  7.2720e-06
209  2.5619e-05
210  2.0776e-12
211  6.6285e-18
212  5.5167e-18
213  3.0293e-44
214  1.0881e-18
215  1.8273e-24
216  6.3918e-24
217  2.4843e-96
218  1.8700e-20
219  2.5649e-21
220  2.4510e-21
221  2.8295e-320
222  3.3197e-17
223  6.3989e-16
224  1.3842e-17
225  1.8257e-40
226  5.0796e-12
227  4.4601e-13
228  4.4514e-11
229  6.8099e-30
230  2.3940e-10
231  6.6712e-10
232  1.9484e-05
233  2.4336e-27
234  7.7955e-10
235  1.4378e-05
236  7.1617e-08
237  1.6170e-318
238  1.4182e-05
239  6.5569e-17
240  1.4178e-11
241  0.0000e+00
242  3.7323e-120
243  2.0045e-17
244  1.7258e-07
245  0.0000e+00
246  2.7106e-09
247  4.2306e-14
248  2.6997e-119
249  0.0000e+00
250  0.0000e+00
251  5.4310e-314
252  0.0000e+00
253  0.0000e+00
254  0.0000e+00
255  0.0000e+00
256  0.0000e+00
257  5.6598e-26
258  4.7559e-06
259  4.4663e-26
260  5.3596e-06
261  4.8617e-06
262  5.0308e-06
263  5.1653e-06
264  6.7824e-06
265  5.9807e-06
266  8.0272e-06
267  4.4422e-06
268  3.8172e-06
269  9.1201e-06
270  1.0312e-05
271  1.0336e-05
272  2.4659e-05
273  3.7281e-05
274  4.2417e-05
275  5.2803e-05
276  8.3816e-05
277  2.5161e-05
278  4.6484e-05
279  2.5704e-05
280  1.0756e-05
281  2.9857e-06
282  1.7590e-06
283  8.2475e-07
284  1.5501e-06
285  2.1478e-06
286  3.0433e-06
287  3.5317e-06
288  4.0654e-06
289  2.4156e-06
290  2.8738e-06
291  1.3035e-06
292  1.0544e-05
293  5.4937e-06
294  1.2273e-05
295  7.2601e-06
296  6.4802e-06
297  3.7311e-06
298  5.8857e-06
299  9.4140e-07
300  5.9607e-07
301  2.4122e-05
302  1.5853e-05
303  1.8889e-05
304  1.6178e-05
305  1.0288e-05
306  1.6935e-05
307  9.7482e-06
308  6.5701e-06
309  8.7925e-06
310  7.5657e-06
311  6.8066e-06
312  5.3579e-06
313  4.1962e-06
314  3.8716e-06
315  5.2743e-06
316  4.0808e-06
317  3.4639e-06
318  5.4570e-06
319  4.0254e-06
320  4.9735e-06
321  2.6797e-06
322  3.6347e-06
323  7.3465e-06
324  4.4699e-06
325  1.5797e-06
326  4.1707e-06
327  4.8148e-06
328  5.1269e-06
329  5.8624e-06
330  1.7359e-06
331  4.7729e-06
332  4.5239e-06
333  7.6430e-07
334  5.1459e-07
335  2.0666e-07
336  2.5303e-06
337  2.6402e-06

