1  2.1615e-11
2  1.8779e-17
3  7.5563e-24
4  1.6675e-02
5  0.0000e+00
6  9.5683e-22
7  3.8785e-23
8  2.0048e-20
9  1.8479e-20
10  2.8122e-21
11  1.1665e-24
12  1.0050e-08
13  1.7218e-15
14  6.0037e-20
15  6.2489e-21
16  1.1864e-10
17  7.6266e-18
18  7.9880e-22
19  1.5273e-21
20  9.9215e-11
21  4.8862e-17
22  1.6522e-20
23  2.2388e-14
24  1.0837e-10
25  1.3830e-12
26  4.9625e-13
27  2.0870e-11
28  2.2656e-10
29  2.7163e-11
30  2.7193e-10
31  7.7309e-11
32  1.0161e-10
33  2.1160e-11
34  3.3960e-10
35  2.3088e-10
36  1.5143e-09
37  1.6526e-10
38  6.5816e-10
39  5.9801e-11
40  1.0822e-10
41  1.7709e-11
42  1.8033e-10
43  5.3572e-11
44  6.8224e-11
45  1.4685e-10
46  5.7122e-09
47  3.1761e-10
48  1.0509e-09
49  4.0682e-10
50  1.8607e-08
51  1.1144e-09
52  6.6263e-11
53  7.3677e-10
54  3.6326e-08
55  1.4370e-10
56  2.5582e-09
57  1.5065e-09
58  1.5199e-10
59  4.0591e-12
60  1.5461e-08
61  1.5963e-09
62  3.2615e-08
63  8.9501e-09
64  1.3382e-09
65  4.1712e-09
66  2.4352e-07
67  5.2240e-08
68  3.8099e-09
69  7.0493e-09
70  4.3675e-09
71  9.0138e-09
72  5.0066e-08
73  2.8045e-08
74  4.5975e-07
75  1.2021e-08
76  1.5848e-08
77  5.1308e-09
78  5.8940e-08
79  5.0364e-08
80  1.1706e-06
81  5.4298e-08
82  5.2615e-06
83  2.2796e-05
84  9.2675e-06
85  4.5898e-06
86  1.0803e-03
87  2.6003e-05
88  1.0928e-04
89  2.4232e-04
90  2.0356e-03
91  2.4336e-05
92  2.6350e-03
93  7.3539e-04
94  1.4941e-04
95  4.5697e-05
96  1.0827e-03
97  2.3422e-05
98  9.6432e-04
99  1.9297e-05
100  9.6974e-05
101  8.1163e-05
102  1.6185e-04
103  2.4808e-05
104  1.1967e-04
105  3.2348e-05
106  1.8088e-04
107  1.5217e-05
108  2.1751e-05
109  4.0062e-05
110  1.4649e-06
111  3.4927e-06
112  3.3341e-05
113  1.6991e-06
114  2.5434e-06
115  4.8814e-06
116  2.3275e-06
117  4.3989e-07
118  2.5190e-07
119  8.6413e-08
120  4.2620e-08
121  8.8127e-08
122  4.0607e-08
123  1.0166e-08
124  8.9569e-08
125  6.2000e-09
126  2.6783e-09
127  3.0425e-09
128  1.6072e-09
129  7.9365e-10
130  2.2188e-09
131  1.9846e-10
132  1.8037e-11
133  1.0522e-13
134  1.6522e-15
135  3.8750e-19
136  6.3112e-21
137  5.1120e-22
138  6.6948e-23
139  7.3115e-27
140  6.2309e-26
141  7.9145e-136
142  0.0000e+00
143  0.0000e+00
144  0.0000e+00
145  0.0000e+00
146  0.0000e+00
147  0.0000e+00
148  0.0000e+00
149  0.0000e+00
150  0.0000e+00
151  0.0000e+00
152  0.0000e+00
153  0.0000e+00
154  0.0000e+00
155  0.0000e+00
156  0.0000e+00
157  0.0000e+00
158  0.0000e+00
159  0.0000e+00
160  0.0000e+00
161  0.0000e+00
162  0.0000e+00
163  0.0000e+00
164  0.0000e+00
165  0.0000e+00
166  0.0000e+00
167  0.0000e+00
168  0.0000e+00
169  0.0000e+00
170  0.0000e+00
171  0.0000e+00
172  0.0000e+00
173  0.0000e+00
174  0.0000e+00
175  0.0000e+00
176  0.0000e+00
177  0.0000e+00
178  0.0000e+00
179  0.0000e+00
180  0.0000e+00
181  0.0000e+00
182  0.0000e+00
183  0.0000e+00
184  0.0000e+00
185  0.0000e+00
186  0.0000e+00
187  0.0000e+00
188  0.0000e+00
189  0.0000e+00
190  0.0000e+00
191  0.0000e+00
192  0.0000e+00
193  0.0000e+00
194  0.0000e+00
195  0.0000e+00
196  0.0000e+00
197  0.0000e+00
198  0.0000e+00
199  0.0000e+00
200  0.0000e+00
201  0.0000e+00
202  0.0000e+00
203  0.0000e+00
204  0.0000e+00
205  0.0000e+00
206  0.0000e+00
207  0.0000e+00
208  0.0000e+00
209  0.0000e+00
210  0.0000e+00
211  0.0000e+00
212  0.0000e+00
213  0.0000e+00
214  0.0000e+00
215  0.0000e+00
216  0.0000e+00
217  0.0000e+00
218  0.0000e+00
219  0.0000e+00
220  0.0000e+00
221  0.0000e+00
222  0.0000e+00
223  0.0000e+00
224  0.0000e+00
225  0.0000e+00
226  0.0000e+00
227  0.0000e+00
228  0.0000e+00
229  0.0000e+00
230  0.0000e+00
231  0.0000e+00
232  0.0000e+00
233  0.0000e+00
234  0.0000e+00
235  0.0000e+00
236  0.0000e+00
237  0.0000e+00
238  0.0000e+00
239  0.0000e+00
240  0.0000e+00
241  0.0000e+00
242  0.0000e+00
243  0.0000e+00
244  0.0000e+00
245  0.0000e+00
246  0.0000e+00
247  0.0000e+00
248  0.0000e+00
249  0.0000e+00
250  0.0000e+00
251  0.0000e+00
252  0.0000e+00
253  0.0000e+00
254  0.0000e+00
255  0.0000e+00
256  0.0000e+00
257  0.0000e+00
258  0.0000e+00
259  0.0000e+00
260  0.0000e+00
261  0.0000e+00
262  0.0000e+00
263  0.0000e+00
264  0.0000e+00
265  0.0000e+00
266  0.0000e+00
267  0.0000e+00
268  0.0000e+00
269  0.0000e+00
270  0.0000e+00
271  0.0000e+00
272  0.0000e+00
273  0.0000e+00
274  0.0000e+00
275  0.0000e+00
276  0.0000e+00
277  0.0000e+00
278  0.0000e+00
279  0.0000e+00
280  0.0000e+00
281  0.0000e+00
282  0.0000e+00
283  0.0000e+00
284  0.0000e+00
285  0.0000e+00
286  0.0000e+00
287  0.0000e+00
288  0.0000e+00
289  0.0000e+00
290  0.0000e+00
291  0.0000e+00
292  0.0000e+00
293  0.0000e+00
294  0.0000e+00
295  0.0000e+00
296  0.0000e+00
297  0.0000e+00
298  0.0000e+00
299  0.0000e+00
300  0.0000e+00
301  0.0000e+00
302  0.0000e+00
303  0.0000e+00
304  0.0000e+00
305  0.0000e+00
306  0.0000e+00
307  0.0000e+00
308  0.0000e+00
309  0.0000e+00
310  0.0000e+00
311  0.0000e+00
312  0.0000e+00
313  0.0000e+00
314  0.0000e+00
315  0.0000e+00
316  0.0000e+00
317  0.0000e+00
318  0.0000e+00
319  0.0000e+00
320  0.0000e+00
321  0.0000e+00
322  0.0000e+00
323  0.0000e+00
324  0.0000e+00
325  0.0000e+00
326  0.0000e+00
327  0.0000e+00
328  0.0000e+00
329  0.0000e+00
330  0.0000e+00
331  0.0000e+00
332  0.0000e+00
333  0.0000e+00
334  0.0000e+00
335  0.0000e+00
336  0.0000e+00
337  0.0000e+00

