1  2.5019e-09
2  1.5464e-01
3  2.3002e-10
4  1.3408e-09
5  6.4515e-10
6  2.1478e-07
7  1.0914e-05
8  4.5605e-07
9  1.3746e-06
10  2.2009e-06
11  9.5251e-07
12  5.8737e-07
13  2.9971e-07
14  1.0683e-06
15  1.0927e-07
16  1.8470e-06
17  1.1498e-07
18  4.9168e-07
19  3.4211e-07
20  8.4016e-07
21  1.5889e-07
22  1.0351e-06
23  5.1226e-08
24  6.3005e-07
25  1.5501e-07
26  9.1453e-07
27  2.6531e-08
28  4.9351e-07
29  4.6436e-07
30  1.2293e-06
31  3.9663e-07
32  6.7831e-06
33  3.3277e-06
34  2.4332e-05
35  1.2084e-05
36  1.0295e-05
37  8.8204e-06
38  6.9805e-06
39  6.7239e-07
40  1.4519e-05
41  3.4913e-06
42  7.8991e-06
43  1.0875e-31
44  5.6896e-06
45  1.0615e-06
46  9.9306e-05
47  5.4718e-05
48  1.2413e-04
49  1.9198e-05
50  3.4834e-05
51  6.2576e-06
52  2.7295e-04
53  6.2221e-05
54  2.6312e-04
55  1.9771e-05
56  1.0565e-04
57  1.6264e-05
58  7.6277e-05
59  1.0865e-04
60  8.2556e-05
61  3.0858e-84
62  5.2518e-05
63  4.6211e-05
64  9.6725e-05
65  1.4786e-05
66  8.2856e-05
67  1.5738e-05
68  9.7764e-05
69  2.4538e-05
70  1.1292e-04
71  2.3330e-05
72  5.1815e-05
73  4.9818e-06
74  1.6598e-05
75  6.1886e-06
76  1.3939e-04
77  1.3511e-04
78  1.8287e-04
79  1.0029e-05
80  1.8150e-06
81  5.4780e-07
82  2.6118e-06
83  7.6670e-07
84  8.8918e-19
85  2.3802e-27
86  2.4553e-20
87  1.0615e-23
88  1.0884e-13
89  3.9958e-16
90  4.5999e-08
91  5.9905e-13
92  2.3430e-08
93  1.1758e-22
94  7.9964e-11
95  2.8196e-21
96  5.9698e-18
97  1.3888e-12
98  4.8586e-316
99  1.0178e-321
100  4.2788e-10
101  -6.6941e-313
102  2.2240e-10
103  2.1031e-11
104  2.8577e-11
105  1.3055e-11
106  2.0717e-12
107  3.7536e-14
108  5.2206e-15
109  3.0216e-319
110  5.7132e-16
111  5.3200e-16
112  0.0000e+00
113  0.0000e+00
114  0.0000e+00
115  0.0000e+00
116  0.0000e+00
117  0.0000e+00
118  0.0000e+00

