1  1.3156e-09
2  1.3514e-01
3  5.8809e-11
4  4.4658e-11
5  6.4835e-11
6  1.4318e-08
7  2.9024e-06
8  1.4767e-07
9  6.7467e-07
10  1.1915e-06
11  3.2402e-07
12  2.9103e-07
13  4.3578e-07
14  1.5100e-06
15  1.0746e-07
16  3.3904e-06
17  1.4869e-07
18  1.4616e-06
19  7.6409e-07
20  3.1799e-06
21  2.9298e-07
22  2.7400e-06
23  2.8906e-07
24  8.4026e-07
25  2.7759e-07
26  3.1275e-06
27  1.0322e-07
28  1.1547e-06
29  1.0254e-06
30  2.0310e-06
31  4.4571e-07
32  7.7727e-06
33  3.6185e-06
34  4.8255e-05
35  2.5152e-05
36  1.9394e-05
37  1.1432e-05
38  9.2670e-06
39  1.8977e-06
40  1.4483e-05
41  1.2278e-06
42  2.1764e-05
43  2.8071e-31
44  1.8934e-05
45  6.0354e-06
46  1.8855e-04
47  9.0881e-05
48  2.7902e-04
49  8.4268e-05
50  6.0441e-05
51  8.0605e-06
52  5.4193e-04
53  1.4891e-04
54  9.5837e-04
55  1.1041e-04
56  3.4195e-04
57  9.3510e-05
58  1.1907e-04
59  7.0796e-05
60  4.1786e-05
61  -1.8862e-316
62  4.2194e-05
63  2.5036e-05
64  6.3520e-05
65  1.2539e-06
66  2.9535e-05
67  7.4989e-06
68  3.6478e-05
69  1.1498e-05
70  1.7570e-05
71  2.3758e-06
72  9.5296e-06
73  1.3067e-06
74  1.6762e-06
75  2.2411e-07
76  1.7001e-06
77  1.2998e-06
78  2.2862e-06
79  3.0976e-07
80  3.8492e-08
81  2.4173e-11
82  8.5743e-11
83  1.9542e-11
84  5.3642e-16
85  5.6961e-35
86  9.6404e-16
87  4.5209e-29
88  7.2533e-19
89  1.7048e-21
90  3.1310e-13
91  2.5558e-18
92  8.3193e-14
93  2.3558e-32
94  1.5261e-16
95  2.1734e-29
96  6.1610e-24
97  2.4670e-18
98  -5.1964e-315
99  1.2203e-321
100  2.2062e-16
101  5.6549e-313
102  4.6459e-17
103  4.1299e-18
104  1.9357e-18
105  6.9698e-19
106  6.6547e-20
107  3.1448e-22
108  6.9953e-23
109  0.0000e+00
110  0.0000e+00
111  0.0000e+00
112  0.0000e+00
113  0.0000e+00
114  0.0000e+00
115  0.0000e+00
116  0.0000e+00
117  0.0000e+00
118  0.0000e+00

