    1      2  2.9687e-09  5.9373e-09
    2      3  2.3525e-10  7.0575e-10
    3      6  8.4115e-12  5.0469e-11
    3      7  3.2277e-10  2.2594e-09
    4      8  3.8165e-09  3.0532e-08
    4      9  1.2048e-09  1.0844e-08
    5     10  1.1688e-08  1.1688e-07
    5     11  5.5704e-10  6.1274e-09
    6     12  3.9486e-09  4.7383e-08
    6     13  4.2817e-07  5.5662e-06
    7     14  2.3028e-07  3.2239e-06
    7     15  1.5083e-05  2.2625e-04
    8     16  4.0030e-07  6.4049e-06
    8     17  4.9263e-09  8.3748e-08
    8     18  3.1184e-08  5.6131e-07
    9     19  1.6190e-06  3.0760e-05
   10     20  2.2134e-06  4.4268e-05
   10     21  4.1699e-07  8.7567e-06
   10     22  3.4130e-09  7.5087e-08
   11     23  1.1539e-06  2.6539e-05
   12     24  3.4879e-07  8.3711e-06
   12     25  3.9086e-07  9.7714e-06
   12     26  1.8537e-08  4.8196e-07
   13     26  1.5732e-19  4.0904e-18
   13     27  1.7674e-07  4.7719e-06
   14     28  4.9984e-07  1.3996e-05
   14     29  6.4887e-08  1.8817e-06
   14     30  9.1173e-08  2.7352e-06
   15     31  8.8080e-08  2.7305e-06
   16     32  8.2376e-08  2.6360e-06
   16     33  6.5615e-07  2.1653e-05
   16     34  5.0149e-07  1.7051e-05
   16     36  1.9307e-08  6.9505e-07
   17     35  2.6176e-08  9.1615e-07
   17     37  3.6425e-08  1.3477e-06
   18     36  2.9513e-20  1.0625e-18
   18     38  8.0002e-08  3.0401e-06
   18     40  5.7817e-08  2.3127e-06
   19     39  4.4955e-08  1.7533e-06
   19     41  1.7846e-07  7.3169e-06
   20     42  4.4538e-07  1.8706e-05
   20     43  9.1256e-08  3.9240e-06
   20     44  1.1069e-07  4.8701e-06
   20     46  8.9290e-08  4.1074e-06
   21     45  1.2962e-07  5.8331e-06
   22     47  1.2251e-07  5.7581e-06
   22     48  2.5416e-07  1.2200e-05
   22     49  1.4005e-07  6.8626e-06
   22     50  1.0172e-07  5.0859e-06
   23     51  4.3484e-08  2.2177e-06
   24     52  2.4637e-07  1.2811e-05
   24     53  1.8543e-07  9.8280e-06
   24     54  8.4902e-08  4.5847e-06
   25     55  9.5967e-08  5.2782e-06
   26     56  2.5748e-07  1.4419e-05
   26     57  2.4725e-07  1.4093e-05
   26     58  1.3529e-08  7.8466e-07
   27     59  1.2648e-08  7.4625e-07
   28     60  2.9772e-08  1.7863e-06
   28     61  5.2740e-08  3.2171e-06
   28     62  8.5684e-08  5.3124e-06
   28     64  1.6020e-07  1.0253e-05
   29     63  2.1675e-07  1.3655e-05
   29     65  8.6419e-08  5.6172e-06
   30     66  1.8901e-07  1.2475e-05
   30     67  6.2856e-08  4.2114e-06
   30     68  1.3944e-07  9.4818e-06
   30     70  2.4150e-07  1.6905e-05
   31     69  1.4525e-07  1.0022e-05
   31     71  4.7416e-08  3.3666e-06
   32     70  4.4131e-16  3.0892e-14
   32     72  2.1386e-07  1.5398e-05
   32     73  1.3962e-07  1.0192e-05
   32     74  5.5575e-07  4.1125e-05
   32     76  2.6775e-06  2.0349e-04
   33     75  2.0050e-06  1.5037e-04
   34     76  3.4773e-14  2.6427e-12
   34     77  1.7502e-06  1.3476e-04
   34     78  1.6913e-06  1.3192e-04
   34     80  1.0602e-05  8.4817e-04
   34     82  1.9722e-06  1.6172e-04
   35     79  2.7639e-06  2.1835e-04
   35     81  5.5209e-06  4.4720e-04
   36     82  1.0918e-13  8.9528e-12
   36     83  3.5302e-06  2.9300e-04
   36     84  1.7703e-06  1.4871e-04
   36     86  3.1572e-06  2.7152e-04
   37     85  1.4718e-06  1.2510e-04
   37     87  3.5049e-06  3.0493e-04
   38     87  2.5664e-08  2.2328e-06
   38     88  3.7631e-06  3.3115e-04
   39     89  1.0385e-06  9.2422e-05
   40     90  1.6252e-06  1.4626e-04
   40     91  4.3979e-07  4.0021e-05
   40     92  2.9995e-06  2.7595e-04
   40     94  6.5623e-06  6.1685e-04
   41     93  2.8104e-06  2.6137e-04
   42     95  9.0644e-07  8.6112e-05
   42     96  1.4958e-06  1.4360e-04
   42     97  1.0710e-06  1.0388e-04
   42     98  4.1939e-07  4.1100e-05
   42    100  1.0143e-06  1.0143e-04
   44     99  7.2717e-07  7.1990e-05
   44    100  4.2537e-14  4.2537e-12
   44    101  1.1893e-06  1.2012e-04
   44    102  8.4475e-07  8.6164e-05
   44    104  1.2140e-06  1.2625e-04
   45    103  8.4694e-07  8.7235e-05
   46    104  5.8520e-19  6.0860e-17
   46    105  1.2821e-06  1.3462e-04
   46    106  2.7378e-06  2.9021e-04
   46    108  6.8566e-06  7.4051e-04
   46    110  5.5944e-05  6.1538e-03
   47    107  2.3796e-06  2.5462e-04
   47    109  3.4875e-05  3.8014e-03
   48    110  2.2138e-13  2.4352e-11
   48    111  8.1217e-06  9.0151e-04
   48    112  3.1069e-05  3.4797e-03
   48    113  2.1219e-05  2.3977e-03
   48    114  1.8253e-05  2.0809e-03
   48    116  1.9434e-06  2.2544e-04
   49    113  9.3384e-13  1.0552e-10
   49    115  8.8405e-06  1.0167e-03
   50    115  7.0535e-12  8.1115e-10
   50    116  2.5463e-13  2.9537e-11
   50    117  1.7690e-06  2.0697e-04
   50    118  1.2643e-06  1.4919e-04
   50    119  1.0459e-06  1.2446e-04
   50    120  4.7561e-06  5.7073e-04
   50    122  2.5429e-06  3.1023e-04
   50    124  1.7552e-05  2.1765e-03
   51    121  1.5586e-06  1.8859e-04
   51    123  4.3412e-06  5.3397e-04
   52    122  5.8776e-15  7.1706e-13
   52    124  1.5414e-16  1.9114e-14
   52    125  2.2135e-05  2.7668e-03
   52    126  3.6547e-05  4.6049e-03
   52    128  4.6266e-05  5.9221e-03
   52    130  1.6771e-05  2.1803e-03
   53    127  4.2959e-05  5.4558e-03
   53    129  7.5651e-14  9.7590e-12
   54    128  3.5105e-16  4.4934e-14
   54    129  3.0040e-05  3.8752e-03
   54    130  1.3441e-14  1.7473e-12
   54    131  1.3159e-05  1.7238e-03
   54    132  7.7341e-06  1.0209e-03
   54    134  1.3619e-05  1.8249e-03
   54    136  2.2614e-05  3.0755e-03
   55    133  8.7701e-06  1.1664e-03
   56    134  2.2235e-18  2.9796e-16
   56    135  1.3096e-05  1.7679e-03
   56    136  3.4610e-15  4.7069e-13
   56    137  1.8853e-05  2.5829e-03
   56    138  1.0392e-05  1.4341e-03
   57    139  6.0145e-06  8.3601e-04
   58    140  1.0510e-05  1.4714e-03
   58    142  1.5821e-05  2.2466e-03
   59    141  3.8764e-05  5.4657e-03
   60    142  1.5131e-17  2.1486e-15
   60    143  9.5003e-06  1.3585e-03
   60    144  1.3780e-05  1.9843e-03
   60    145  1.5054e-06  2.1828e-04
   60    146  2.8557e-06  4.1694e-04
   60    148  7.7493e-06  1.1469e-03
   60    150  2.1315e-05  3.1972e-03
   62    147  4.1410e-06  6.0872e-04
   62    148  2.2282e-13  3.2978e-11
   62    149  5.8700e-06  8.7463e-04
   62    150  1.6996e-12  2.5494e-10
   62    152  1.0450e-05  1.5884e-03
   62    154  9.9344e-06  1.5299e-03
   63    151  1.8427e-05  2.7825e-03
   63    153  5.6277e-06  8.6104e-04
   64    154  2.1059e-14  3.2432e-12
   64    155  6.6121e-06  1.0249e-03
   64    156  1.5613e-05  2.4357e-03
   64    157  1.0381e-05  1.6299e-03
   64    158  1.8444e-05  2.9141e-03
   64    160  1.8383e-05  2.9413e-03
   65    159  1.1943e-05  1.8990e-03
   66    160  8.5739e-15  1.3718e-12
   66    161  9.6127e-06  1.5476e-03
   66    162  1.9073e-05  3.0898e-03
   66    163  9.7870e-06  1.5953e-03
   66    164  1.9821e-05  3.2506e-03
   67    165  1.0983e-05  1.8122e-03
   68    166  2.2966e-05  3.8124e-03
   68    167  1.0911e-05  1.8221e-03
   68    168  2.2321e-05  3.7499e-03
   68    170  1.9497e-05  3.3144e-03
   69    169  1.8952e-05  3.2029e-03
   70    170  2.8989e-15  4.9280e-13
   70    171  1.8204e-05  3.1129e-03
   70    172  1.7296e-05  2.9750e-03
   70    173  1.9814e-05  3.4278e-03
   70    174  2.3873e-05  4.1539e-03
   70    176  1.6482e-05  2.9008e-03
   71    175  1.9584e-05  3.4272e-03
   71    176  6.1868e-16  1.0889e-13
   72    176  5.7924e-18  1.0195e-15
   72    177  1.6990e-05  3.0072e-03
   72    178  1.4232e-05  2.5333e-03
   72    179  9.5655e-06  1.7122e-03
   72    180  6.1297e-06  1.1033e-03
   73    181  4.0786e-06  7.3822e-04
   74    182  3.8884e-06  7.0768e-04
   74    183  2.2058e-06  4.0365e-04
   74    184  3.7584e-06  6.9154e-04
   74    186  8.1371e-06  1.5135e-03
   75    185  2.6017e-06  4.8131e-04
   75    187  6.0884e-06  1.1385e-03
   76    186  1.5008e-18  2.7915e-16
   76    187  4.9482e-08  9.2531e-06
   76    188  1.7992e-05  3.3825e-03
   76    189  3.8874e-05  7.3472e-03
   76    190  6.6319e-05  1.2601e-02
   76    192  1.2161e-04  2.3348e-02
   77    191  8.0825e-05  1.5438e-02
   77    193  1.5690e-04  3.0281e-02
   78    192  1.1667e-15  2.2401e-13
   78    194  1.4011e-04  2.7182e-02
   78    195  1.2297e-04  2.3979e-02
   78    196  5.9775e-05  1.1716e-02
   78    198  7.8237e-06  1.5491e-03
   79    197  2.6355e-05  5.1919e-03
   80    198  3.5968e-16  7.1217e-14
   80    199  2.3059e-06  4.5888e-04
   80    200  7.0277e-07  1.4055e-04
   80    201  4.8473e-07  9.7430e-05
   80    202  1.3629e-06  2.7530e-04
   80    204  4.0650e-06  8.2926e-04
   81    203  2.3470e-06  4.7644e-04
   81    205  3.4734e-06  7.1204e-04
   82    204  3.3858e-20  6.9071e-18
   82    206  1.1452e-05  2.3591e-03
   82    207  1.0698e-05  2.2144e-03
   82    208  1.0454e-05  2.1745e-03
   82    210  9.4057e-14  1.9752e-11
   82    211  2.8931e-19  6.1044e-17
   82    212  5.0088e-19  1.0619e-16
   82    214  4.3867e-20  9.3876e-18
   83    209  9.5393e-06  1.9937e-03
   83    210  1.9730e-18  4.1433e-16
   83    212  1.4967e-20  3.1731e-18
   83    215  2.5005e-15  5.3762e-13
   84    210  5.4476e-17  1.1440e-14
   86    222  1.5037e-18  3.3383e-16
   88    223  2.8283e-17  6.3071e-15
   88    224  1.2943e-18  2.8993e-16
   88    226  2.3010e-13  5.2002e-11
   88    228  4.1622e-12  9.4898e-10
   89    227  1.9668e-14  4.4647e-12
   89    228  9.1101e-20  2.0771e-17
   90    227  4.5457e-17  1.0319e-14
   90    228  2.4857e-16  5.6673e-14
   90    230  1.0844e-11  2.4942e-09
   90    231  2.6309e-18  6.0773e-16
   90    232  1.8219e-06  4.2268e-04
   90    234  3.6668e-18  8.5803e-16
   91    231  2.9487e-11  6.8115e-09
   91    234  1.0981e-19  2.5695e-17
   92    234  3.5312e-11  8.2630e-09
   92    235  6.3553e-07  1.4935e-04
   92    236  2.2502e-09  5.3104e-07
   92    238  6.4240e-07  1.5289e-04
   92    240  1.1291e-19  2.7099e-17
   94    239  8.8171e-19  2.1073e-16
   94    240  4.4536e-13  1.0689e-10
   94    244  5.4211e-09  1.3227e-06
   95    243  2.6954e-19  6.5498e-17
   96    244  1.4713e-18  3.5900e-16
   96    247  5.6889e-16  1.4052e-13
   97    246  9.1709e-11  2.2560e-08
  100    258  3.5122e-08  9.0615e-06
  100    260  2.3268e-08  6.0496e-06
  100    262  2.1406e-08  5.6084e-06
  102    261  1.7182e-08  4.4845e-06
  102    263  1.7436e-08  4.5857e-06
  102    264  1.4190e-08  3.7462e-06
  102    266  6.8357e-09  1.8183e-06
  103    265  6.4624e-09  1.7125e-06
  104    267  4.2222e-09  1.1273e-06
  104    268  3.3999e-09  9.1117e-07
  104    270  3.3076e-09  8.9304e-07
  104    272  2.0808e-09  5.6598e-07
  104    274  8.8956e-10  2.4374e-07
  105    269  5.0668e-09  1.3630e-06
  105    271  2.1956e-09  5.9500e-07
  106    273  1.4731e-09  4.0214e-07
  106    275  3.9563e-10  1.0880e-07
  106    276  2.9295e-10  8.0853e-08
  106    278  3.0893e-11  8.5883e-09
  106    280  1.9507e-12  5.4620e-10
  107    277  4.8422e-11  1.3413e-08
  108    279  5.3978e-12  1.5060e-09
  108    281  1.0283e-12  2.8894e-10
  108    282  1.7408e-12  4.9091e-10
  108    283  1.1890e-12  3.3649e-10
  108    284  1.7787e-12  5.0516e-10
  108    286  1.8118e-12  5.1819e-10
  110    285  1.8258e-12  5.2037e-10
  110    287  1.0789e-12  3.0963e-10
  110    288  8.0097e-13  2.3068e-10
  110    290  3.1625e-13  9.1712e-11
  111    289  3.0705e-13  8.8736e-11
  111    291  1.4380e-13  4.1846e-11
  111    292  1.3119e-12  3.8309e-10
  111    293  5.9260e-13  1.7363e-10
  111    294  8.2629e-13  2.4293e-10
  111    295  3.2033e-13  9.4497e-11
  111    296  1.9619e-13  5.8073e-11
  111    297  8.6652e-14  2.5736e-11
  111    298  1.0575e-13  3.1513e-11
  111    299  1.4873e-14  4.4471e-12
  111    300  9.0572e-15  2.7172e-12
  111    301  4.8660e-14  1.4647e-11
  111    302  2.4180e-13  7.3023e-11
  111    303  3.1998e-14  9.6955e-12
  111    304  5.5886e-14  1.6989e-11
  111    305  2.3542e-14  7.1804e-12
  111    306  2.2106e-14  6.7645e-12
  111    307  5.8831e-15  1.8061e-12
  111    308  8.8698e-15  2.7319e-12
  111    309  2.4524e-15  7.5779e-13
  111    310  4.0869e-15  1.2669e-12
  111    311  7.0488e-16  2.1922e-13
  111    312  1.1723e-15  3.6575e-13
  111    313  2.4757e-16  7.7489e-14
  111    314  6.4778e-16  2.0340e-13
  111    315  1.1954e-16  3.7656e-14
  111    316  1.8791e-16  5.9380e-14
  111    317  1.9028e-17  6.0319e-15
  111    318  1.0191e-16  3.2409e-14
  111    319  2.4123e-17  7.6952e-15
  111    320  5.4074e-17  1.7304e-14
  111    321  1.9716e-17  6.3289e-15
  111    322  2.7440e-17  8.8357e-15
  111    323  2.0606e-17  6.6556e-15
  111    324  2.3834e-17  7.7222e-15
  111    325  2.5264e-18  8.2107e-16
  111    326  1.4531e-17  4.7371e-15
  111    327  1.2452e-18  4.0719e-16
  111    328  2.1477e-19  7.0444e-17
  111    329  1.7480e-18  5.7508e-16
  111    330  3.7305e-19  1.2311e-16
  111    331  5.3641e-20  1.7755e-17
  111    332  1.2501e-19  4.1504e-17
  111    334  1.2293e-19  4.1059e-17
  111    335  2.2520e-20  7.5443e-18
  111    336  1.5258e-20  5.1265e-18
  111    337  2.4845e-20  8.3727e-18
    1      1  5.5163e-10  5.5163e-10
    2      4  1.6319e-01  6.5275e-01


