    1      2  3.7185e-03  7.4370e-03
    1      3  1.6937e-19  5.0812e-19
    2      3  8.6531e-05  2.5959e-04
    3      7  1.5544e-11  1.0881e-10
    4      8  7.8137e-07  6.2510e-06
    4      9  6.9982e-12  6.2984e-11
    5     10  2.6198e-10  2.6198e-09
    5     11  8.8276e-10  9.7104e-09
    6     12  9.3700e-10  1.1244e-08
    6     13  2.7652e-09  3.5948e-08
    7     14  1.0163e-06  1.4229e-05
    7     15  9.1318e-07  1.3698e-05
    8     16  1.7629e-06  2.8206e-05
    8     17  1.3321e-08  2.2646e-07
    8     18  5.8453e-07  1.0522e-05
    9     19  7.5561e-08  1.4357e-06
   10     20  1.3833e-06  2.7665e-05
   10     21  4.2536e-08  8.9326e-07
   10     22  1.8899e-06  4.1577e-05
   11     23  7.3815e-07  1.6977e-05
   12     24  6.9761e-06  1.6743e-04
   12     25  1.5719e-06  3.9298e-05
   12     26  2.9946e-06  7.7860e-05
   13     27  2.5472e-08  6.8775e-07
   14     28  8.5991e-07  2.4078e-05
   14     29  9.3268e-08  2.7048e-06
   14     30  1.7698e-08  5.3093e-07
   15     31  2.7939e-08  8.6610e-07
   16     32  4.0343e-07  1.2910e-05
   16     33  3.7918e-08  1.2513e-06
   16     34  3.8733e-07  1.3169e-05
   16     36  1.8244e-06  6.5677e-05
   17     35  1.6203e-08  5.6710e-07
   17     37  1.0855e-07  4.0163e-06
   18     36  1.0530e-13  3.7908e-12
   18     38  7.3798e-07  2.8043e-05
   18     40  4.6856e-09  1.8742e-07
   19     39  2.2656e-08  8.8360e-07
   19     40  6.6623e-18  2.6649e-16
   19     41  3.1024e-10  1.2720e-08
   20     40  1.9144e-18  7.6575e-17
   20     42  2.9827e-09  1.2527e-07
   20     43  4.3443e-10  1.8680e-08
   20     44  5.6889e-09  2.5031e-07
   20     46  3.8634e-09  1.7772e-07
   21     45  1.2244e-09  5.5098e-08
   22     46  2.0831e-16  9.5821e-15
   22     47  6.7478e-10  3.1715e-08
   22     48  7.9783e-08  3.8296e-06
   22     49  1.7425e-09  8.5380e-08
   22     50  2.5994e-09  1.2997e-07
   23     51  3.9910e-10  2.0354e-08
   24     52  6.3538e-10  3.3040e-08
   24     53  3.5073e-10  1.8589e-08
   24     54  5.8883e-10  3.1797e-08
   25     55  1.3855e-10  7.6203e-09
   26     56  2.0345e-10  1.1393e-08
   26     57  2.7011e-10  1.5396e-08
   26     58  2.0689e-09  1.2000e-07
   27     59  1.9636e-11  1.1585e-09
   28     60  7.7223e-09  4.6334e-07
   28     61  2.1038e-11  1.2833e-09
   28     62  1.4020e-10  8.6926e-09
   28     64  5.1062e-09  3.2680e-07
   29     63  4.5327e-10  2.8556e-08
   29     65  2.4761e-11  1.6094e-09
   30     64  9.5168e-19  6.0908e-17
   30     66  2.2218e-10  1.4664e-08
   30     67  2.8807e-11  1.9301e-09
   30     68  2.6409e-10  1.7958e-08
   30     70  4.1680e-10  2.9176e-08
   31     69  2.2146e-11  1.5281e-09
   31     71  4.4396e-11  3.1521e-09
   32     70  2.3385e-13  1.6369e-11
   32     72  1.9981e-10  1.4387e-08
   32     73  5.5657e-11  4.0630e-09
   32     74  5.1069e-10  3.7791e-08
   32     76  1.1051e-09  8.3991e-08
   33     75  1.6841e-10  1.2630e-08
   34     76  1.6825e-12  1.2787e-10
   34     77  2.8271e-11  2.1768e-09
   34     78  6.8126e-10  5.3138e-08
   34     80  2.7620e-09  2.2096e-07
   34     82  3.3868e-09  2.7771e-07
   35     79  2.2121e-10  1.7476e-08
   35     81  2.9003e-10  2.3492e-08
   36     82  1.0790e-11  8.8482e-10
   36     83  8.1250e-11  6.7438e-09
   36     84  4.5265e-10  3.8023e-08
   36     86  2.2296e-09  1.9174e-07
   37     85  4.3472e-10  3.6951e-08
   37     87  6.7499e-10  5.8724e-08
   38     86  4.0878e-17  3.5155e-15
   38     87  4.9415e-12  4.2991e-10
   38     88  6.4601e-10  5.6848e-08
   39     89  7.8245e-10  6.9638e-08
   40     90  6.1556e-10  5.5401e-08
   40     91  1.8712e-10  1.7028e-08
   40     92  3.8961e-10  3.5844e-08
   40     94  7.2279e-10  6.7942e-08
   41     93  5.5489e-10  5.1605e-08
   42     95  2.2772e-10  2.1633e-08
   42     96  1.7349e-09  1.6655e-07
   42     97  2.4761e-10  2.4018e-08
   42     98  5.4444e-10  5.3355e-08
   42    100  4.8101e-10  4.8101e-08
   44     99  1.5806e-10  1.5648e-08
   44    100  5.7653e-11  5.7653e-09
   44    101  7.3306e-11  7.4040e-09
   44    102  1.8979e-10  1.9359e-08
   44    104  1.5618e-10  1.6243e-08
   45    103  7.7447e-11  7.9771e-09
   46    104  1.4381e-15  1.4956e-13
   46    105  8.5445e-11  8.9717e-09
   46    106  1.6715e-10  1.7718e-08
   46    108  2.2716e-10  2.4533e-08
   46    110  3.5164e-10  3.8680e-08
   47    107  6.7329e-11  7.2042e-09
   47    109  5.8289e-11  6.3535e-09
   48    110  4.0751e-13  4.4826e-11
   48    111  5.7571e-11  6.3904e-09
   48    112  1.2056e-10  1.3503e-08
   48    113  9.6662e-11  1.0923e-08
   48    114  3.2138e-10  3.6638e-08
   48    116  2.8686e-10  3.3276e-08
   49    113  4.2541e-18  4.8072e-16
   49    115  2.0615e-10  2.3707e-08
   50    115  1.6448e-16  1.8915e-14
   50    116  6.1659e-12  7.1525e-10
   50    117  3.4480e-11  4.0341e-09
   50    118  2.2096e-10  2.6073e-08
   50    119  9.1657e-11  1.0907e-08
   50    120  5.2162e-10  6.2594e-08
   50    122  1.0213e-09  1.2460e-07
   50    124  9.9534e-10  1.2342e-07
   51    121  1.4410e-10  1.7436e-08
   51    123  3.4059e-11  4.1893e-09
   52    122  2.6029e-13  3.1756e-11
   52    124  3.7373e-14  4.6342e-12
   52    125  3.0190e-10  3.7737e-08
   52    126  2.1336e-09  2.6883e-07
   52    128  1.2704e-09  1.6261e-07
   52    130  1.3287e-09  1.7273e-07
   53    127  9.7897e-11  1.2433e-08
   53    129  1.6660e-16  2.1492e-14
   54    128  1.6097e-14  2.0604e-12
   54    129  4.5234e-10  5.8352e-08
   54    130  1.8209e-12  2.3672e-10
   54    131  3.3740e-09  4.4199e-07
   54    132  1.5555e-08  2.0533e-06
   54    134  5.5095e-08  7.3828e-06
   54    136  2.0238e-08  2.7523e-06
   55    133  1.3519e-08  1.7981e-06
   56    134  4.0931e-13  5.4847e-11
   56    135  2.5961e-08  3.5048e-06
   56    136  3.7217e-11  5.0615e-09
   56    137  6.2835e-10  8.6084e-08
   56    138  1.1032e-09  1.5224e-07
   57    139  1.1188e-09  1.5551e-07
   58    140  3.2114e-09  4.4960e-07
   58    142  1.3501e-10  1.9172e-08
   59    141  2.5251e-10  3.5603e-08
   60    142  1.3314e-15  1.8906e-13
   60    143  2.0036e-10  2.8652e-08
   60    144  5.1716e-10  7.4472e-08
   60    145  5.0553e-11  7.3302e-09
   60    146  1.1374e-10  1.6607e-08
   60    148  2.4905e-10  3.6859e-08
   60    150  2.8989e-10  4.3483e-08
   62    147  1.5813e-10  2.3245e-08
   62    148  8.8086e-12  1.3037e-09
   62    149  1.5136e-11  2.2552e-09
   62    150  1.6663e-12  2.4994e-10
   62    152  6.6012e-11  1.0034e-08
   62    154  6.8844e-11  1.0602e-08
   63    151  1.7440e-11  2.6334e-09
   63    153  3.5784e-11  5.4749e-09
   64    152  4.5513e-20  6.9179e-18
   64    154  3.4617e-14  5.3310e-12
   64    155  8.7304e-12  1.3532e-09
   64    156  2.7351e-11  4.2668e-09
   64    157  6.7178e-12  1.0547e-09
   64    158  1.2156e-11  1.9206e-09
   64    160  3.7732e-11  6.0371e-09
   65    159  2.6694e-12  4.2444e-10
   66    160  7.9576e-16  1.2732e-13
   66    161  2.0298e-12  3.2680e-10
   66    162  6.4093e-12  1.0383e-09
   66    163  2.4442e-12  3.9840e-10
   66    164  5.9848e-12  9.8150e-10
   67    165  5.3028e-12  8.7496e-10
   68    166  1.0059e-11  1.6699e-09
   68    167  6.3891e-12  1.0670e-09
   68    168  6.6124e-12  1.1109e-09
   68    170  1.0355e-11  1.7604e-09
   69    169  1.9164e-11  3.2387e-09
   70    170  2.9401e-15  4.9981e-13
   70    171  6.0200e-12  1.0294e-09
   70    172  2.7088e-12  4.6591e-10
   70    173  1.9275e-12  3.3345e-10
   70    174  1.6981e-11  2.9547e-09
   70    176  1.0724e-11  1.8874e-09
   71    175  4.5009e-12  7.8765e-10
   71    176  7.7775e-16  1.3688e-13
   72    176  7.2801e-18  1.2813e-15
   72    177  4.6903e-12  8.3018e-10
   72    178  4.3780e-12  7.7928e-10
   72    179  4.2813e-12  7.6636e-10
   72    180  8.0133e-12  1.4424e-09
   73    181  5.0877e-11  9.2088e-09
   74    182  3.2290e-11  5.8769e-09
   74    183  3.3798e-12  6.1850e-10
   74    184  1.4433e-12  2.6556e-10
   74    186  1.4113e-12  2.6250e-10
   75    185  8.4350e-13  1.5605e-10
   75    187  2.7258e-12  5.0973e-10
   76    186  2.6519e-18  4.9326e-16
   76    187  2.2149e-14  4.1418e-12
   76    188  1.1789e-12  2.2163e-10
   76    189  5.4679e-12  1.0334e-09
   76    190  4.9388e-12  9.3837e-10
   76    192  6.2347e-11  1.1971e-08
   77    191  9.5433e-12  1.8228e-09
   77    193  5.4147e-12  1.0450e-09
   78    192  3.6097e-16  6.9306e-14
   78    194  1.8299e-11  3.5500e-09
   78    195  1.0531e-11  2.0536e-09
   78    196  1.2125e-11  2.3765e-09
   78    198  5.8837e-11  1.1650e-08
   79    197  1.9262e-11  3.7946e-09
   80    198  6.0095e-15  1.1899e-12
   80    199  4.2127e-12  8.3833e-10
   80    200  1.1309e-11  2.2619e-09
   80    201  6.8926e-12  1.3854e-09
   80    202  1.4101e-11  2.8484e-09
   80    204  4.9102e-11  1.0017e-08
   81    203  1.4727e-11  2.9895e-09
   81    205  4.4802e-11  9.1843e-09
   82    204  1.1079e-17  2.2600e-15
   82    206  1.7874e-10  3.6821e-08
   82    207  5.7633e-10  1.1930e-07
   82    208  2.1387e-10  4.4485e-08
   82    210  1.3984e-18  2.9366e-16
   82    211  3.9224e-12  8.2762e-10
   83    209  6.0614e-10  1.2668e-07
   88    226  3.4208e-18  7.7311e-16
   88    228  6.9874e-17  1.5931e-14
   89    227  7.4591e-19  1.6932e-16
   90    230  1.6122e-16  3.7081e-14
   90    232  3.0586e-11  7.0959e-09
   91    231  1.1183e-15  2.5832e-13
   92    234  5.2498e-16  1.2285e-13
   92    235  2.4102e-11  5.6639e-09
   92    236  1.1534e-13  2.7220e-11
   92    238  9.5506e-12  2.2730e-09
   94    239  1.5868e-20  3.7925e-18
   94    240  2.2799e-17  5.4719e-15
   94    244  2.7752e-13  6.7715e-11
   96    247  1.0238e-17  2.5289e-15
   97    246  2.0828e-15  5.1236e-13
  100    258  7.3311e-11  1.8914e-08
  100    260  3.6472e-10  9.4827e-08
  100    262  1.4953e-09  3.9176e-07
  102    260  4.5042e-18  1.1711e-15
  102    261  1.0234e-09  2.6710e-07
  102    263  2.1830e-09  5.7412e-07
  102    264  8.4031e-10  2.2184e-07
  102    266  5.4419e-10  1.4475e-07
  103    265  1.5244e-09  4.0397e-07
  104    267  8.7356e-11  2.3324e-08
  104    268  2.8076e-11  7.5244e-09
  104    270  1.2196e-10  3.2929e-08
  104    272  3.1923e-11  8.6830e-09
  104    274  1.2776e-11  3.5007e-09
  105    269  1.1644e-10  3.1322e-08
  105    271  5.6973e-11  1.5440e-08
  106    273  4.4417e-11  1.2126e-08
  106    275  6.1838e-11  1.7005e-08
  106    276  1.8828e-10  5.1965e-08
  106    278  8.6970e-11  2.4178e-08
  106    280  5.7558e-10  1.6116e-07
  107    277  6.1774e-11  1.7111e-08
  108    279  3.8016e-10  1.0606e-07
  108    281  2.3497e-10  6.6026e-08
  108    282  1.0817e-09  3.0505e-07
  108    283  6.4025e-09  1.8119e-06
  108    284  5.4447e-08  1.5463e-05
  108    286  1.3400e-07  3.8323e-05
  110    285  1.2106e-07  3.4501e-05
  110    286  3.9813e-15  1.1387e-12
  110    287  4.7275e-08  1.3568e-05
  110    288  1.4166e-08  4.0799e-06
  110    290  5.7401e-09  1.6646e-06
  111    289  1.1700e-08  3.3814e-06
  111    290  2.7811e-13  8.0653e-11
  111    291  7.0056e-09  2.0386e-06
  111    292  5.4816e-09  1.6006e-06
  111    293  2.8883e-08  8.4626e-06
  111    294  1.0371e-07  3.0492e-05
  111    295  7.1252e-08  2.1019e-05
  111    296  9.7950e-08  2.8993e-05
  111    297  3.1370e-08  9.3168e-06
  111    298  5.7031e-08  1.6995e-05
  111    299  1.0437e-08  3.1208e-06
  111    300  1.0405e-08  3.1215e-06
  111    301  1.0243e-07  3.0832e-05
  111    302  1.6165e-07  4.8817e-05
  111    303  1.6643e-07  5.0429e-05
  111    304  2.1368e-07  6.4957e-05
  111    305  1.8345e-07  5.5952e-05
  111    306  1.9561e-07  5.9858e-05
  111    307  1.7983e-07  5.5208e-05
  111    308  1.7246e-07  5.3118e-05
  111    309  1.0529e-07  3.2535e-05
  111    310  1.2014e-07  3.7243e-05
  111    311  8.1254e-08  2.5270e-05
  111    312  9.4084e-08  2.9354e-05
  111    313  5.4815e-08  1.7157e-05
  111    314  7.6096e-08  2.3894e-05
  111    315  6.3793e-08  2.0095e-05
  111    316  7.6972e-08  2.4323e-05
  111    317  6.7852e-08  2.1509e-05
  111    318  1.1217e-07  3.5669e-05
  111    319  1.0616e-07  3.3866e-05
  111    320  1.1368e-07  3.6379e-05
  111    321  7.3488e-08  2.3590e-05
  111    322  8.7311e-08  2.8114e-05
  111    323  7.3448e-08  2.3724e-05
  111    324  8.2243e-08  2.6647e-05
  111    325  1.0770e-07  3.5002e-05
  111    326  9.3216e-08  3.0388e-05
  111    327  7.7333e-08  2.5288e-05
  111    328  5.8166e-08  1.9078e-05
  111    329  8.1434e-08  2.6792e-05
  111    330  6.0934e-08  2.0108e-05
  111    331  7.4498e-08  2.4659e-05
  111    332  5.1654e-08  1.7149e-05
  111    333  8.3173e-08  2.7697e-05
  111    334  5.3643e-08  1.7917e-05
  111    335  6.8094e-08  2.2812e-05
  111    336  4.0085e-08  1.3468e-05
  111    337  4.8181e-04  1.6237e-01
    1      1  5.6403e-02  5.6403e-02
    2      4  1.9288e-01  7.7152e-01


