    1      2  1.9370e-16  3.8741e-16
    3      6  3.3644e-20  2.0187e-19
    4      9  1.1440e-19  1.0296e-18
    5     10  5.5525e-20  5.5525e-19
    6     12  3.6985e-08  4.4383e-07
    6     13  2.8868e-14  3.7528e-13
    7     14  1.3123e-18  1.8372e-17
    8     16  6.0642e-10  9.7028e-09
    8     17  6.6082e-17  1.1234e-15
    8     18  3.4201e-20  6.1563e-19
   10     20  6.0718e-10  1.2144e-08
   10     21  5.9446e-16  1.2484e-14
   10     22  1.0642e-19  2.3412e-18
   11     23  1.0057e-13  2.3130e-12
   12     24  6.0368e-10  1.4488e-08
   12     25  3.1019e-11  7.7547e-10
   12     26  8.4933e-12  2.2083e-10
   13     26  1.8690e-15  4.8595e-14
   13     27  7.0771e-11  1.9108e-09
   14     28  8.5137e-10  2.3838e-08
   14     29  2.6696e-10  7.7418e-09
   14     30  1.1200e-09  3.3600e-08
   15     31  5.8424e-10  1.8111e-08
   16     32  8.9300e-10  2.8576e-08
   16     33  1.9429e-10  6.4114e-09
   16     34  8.1703e-10  2.7779e-08
   16     36  2.8353e-09  1.0207e-07
   17     35  1.0958e-09  3.8353e-08
   17     37  1.4337e-09  5.3047e-08
   18     36  3.8593e-13  1.3894e-11
   18     38  3.9025e-09  1.4830e-07
   18     40  1.7488e-10  6.9954e-09
   19     39  6.3614e-10  2.4809e-08
   19     40  1.0816e-16  4.3265e-15
   19     41  7.4434e-11  3.0518e-09
   20     40  4.0026e-17  1.6010e-15
   20     42  8.0995e-09  3.4018e-07
   20     43  4.3900e-11  1.8877e-09
   20     44  2.6054e-10  1.1464e-08
   20     46  1.1402e-08  5.2449e-07
   21     45  8.9288e-10  4.0180e-08
   22     46  2.4724e-18  1.1373e-16
   22     47  5.6812e-09  2.6702e-07
   22     48  2.6622e-08  1.2779e-06
   22     49  2.6853e-09  1.3158e-07
   22     50  7.1301e-08  3.5651e-06
   23     51  6.9206e-08  3.5295e-06
   24     52  5.3189e-08  2.7658e-06
   24     53  6.5800e-09  3.4874e-07
   24     54  2.8127e-08  1.5188e-06
   25     55  1.0711e-09  5.8908e-08
   26     56  3.9098e-07  2.1895e-05
   26     57  3.2698e-08  1.8638e-06
   26     58  2.2385e-09  1.2983e-07
   27     59  6.2894e-09  3.7107e-07
   28     60  2.3952e-09  1.4371e-07
   28     61  8.8728e-09  5.4124e-07
   28     62  3.7025e-07  2.2955e-05
   28     64  1.1512e-07  7.3679e-06
   29     63  2.0781e-07  1.3092e-05
   29     65  1.5083e-07  9.8040e-06
   30     64  2.2904e-20  1.4659e-18
   30     66  4.4211e-07  2.9179e-05
   30     67  1.8289e-07  1.2254e-05
   30     68  1.7672e-06  1.2017e-04
   30     70  1.7081e-07  1.1957e-05
   31     69  2.2416e-07  1.5467e-05
   31     71  9.7511e-08  6.9233e-06
   32     70  3.3349e-15  2.3344e-13
   32     72  1.7625e-07  1.2690e-05
   32     73  9.5665e-08  6.9835e-06
   32     74  4.2861e-07  3.1717e-05
   32     76  2.3742e-06  1.8044e-04
   33     75  8.2713e-07  6.2035e-05
   34     76  1.0327e-13  7.8486e-12
   34     77  3.7877e-07  2.9165e-05
   34     78  4.3146e-07  3.3654e-05
   34     80  9.3261e-06  7.4609e-04
   34     82  1.2194e-05  9.9989e-04
   35     79  7.8870e-07  6.2307e-05
   35     81  4.7974e-07  3.8859e-05
   36     82  5.3250e-14  4.3665e-12
   36     83  8.0430e-07  6.6757e-05
   36     84  5.2210e-06  4.3857e-04
   36     86  2.0801e-05  1.7889e-03
   37     85  3.7878e-06  3.2196e-04
   37     87  1.3295e-05  1.1567e-03
   38     86  1.3441e-19  1.1559e-17
   38     87  9.7342e-08  8.4688e-06
   38     88  3.4765e-04  3.0593e-02
   39     89  1.0730e-04  9.5494e-03
   40     90  1.4508e-05  1.3057e-03
   40     91  1.3840e-05  1.2594e-03
   40     92  2.7273e-03  2.5091e-01
   40     94  4.6964e-04  4.4146e-02
   41     93  7.2640e-05  6.7555e-03
   42     95  5.0440e-04  4.7918e-02
   42     96  2.1733e-05  2.0864e-03
   42     97  1.1746e-05  1.1394e-03
   42     98  2.2761e-05  2.2306e-03
   42    100  4.3875e-04  4.3875e-02
   44     99  1.2730e-05  1.2602e-03
   44    100  3.3274e-12  3.3274e-10
   44    101  1.5913e-04  1.6072e-02
   44    102  1.5786e-03  1.6102e-01
   44    104  2.7892e-04  2.9008e-02
   45    103  4.6103e-04  4.7486e-02
   46    104  6.3866e-16  6.6421e-14
   46    105  9.4485e-05  9.9209e-03
   46    106  6.1845e-04  6.5556e-02
   46    107  9.8080e-20  1.0495e-17
   46    108  9.0820e-05  9.8086e-03
   46    110  1.1240e-05  1.2364e-03
   47    107  9.3186e-05  9.9709e-03
   47    109  1.4550e-04  1.5859e-02
   48    110  5.3061e-12  5.8368e-10
   48    111  6.9411e-06  7.7046e-04
   48    112  1.1593e-04  1.2984e-02
   48    113  1.1446e-05  1.2934e-03
   48    114  6.9729e-06  7.9491e-04
   48    116  3.5415e-06  4.1081e-04
   49    113  5.0375e-13  5.6924e-11
   49    115  2.1823e-05  2.5097e-03
   50    115  1.7412e-11  2.0024e-09
   50    116  4.9929e-12  5.7918e-10
   50    117  2.1234e-06  2.4844e-04
   50    118  5.0636e-06  5.9750e-04
   50    119  1.8021e-06  2.1445e-04
   50    120  4.7316e-06  5.6780e-04
   50    122  1.3519e-06  1.6494e-04
   50    124  1.3703e-06  1.6991e-04
   51    121  2.8918e-06  3.4990e-04
   51    123  1.7619e-07  2.1671e-05
   52    122  1.1593e-13  1.4143e-11
   52    124  1.0255e-16  1.2716e-14
   52    125  1.2777e-07  1.5971e-05
   52    126  2.1559e-07  2.7164e-05
   52    128  5.7684e-08  7.3835e-06
   52    130  4.0216e-08  5.2280e-06
   53    127  2.4794e-08  3.1488e-06
   53    129  1.8056e-15  2.3293e-13
   54    128  5.1855e-19  6.6374e-17
   54    129  5.5243e-08  7.1263e-06
   54    130  8.4135e-17  1.0938e-14
   54    131  2.9622e-09  3.8804e-07
   54    132  2.5898e-10  3.4185e-08
   54    134  1.5089e-14  2.0219e-12
   54    136  1.6252e-17  2.2103e-15
   55    133  1.2720e-12  1.6917e-10
   56    135  9.9386e-18  1.3417e-15
   56    137  4.9386e-19  6.7659e-17
   56    138  6.8400e-20  9.4392e-18
    1      1  1.1746e-10  1.1746e-10
    2      4  4.0897e-02  1.6359e-01


