1  2.2435e-09
2  1.5919e-01
3  8.8037e-20
4  5.8893e-19
5  1.7367e-19
6  1.5071e-07
7  2.5036e-15
8  5.4369e-09
9  5.5050e-17
10  4.9107e-09
11  5.0689e-13
12  3.6226e-09
13  5.2643e-10
14  6.1305e-09
15  3.8885e-09
16  6.9778e-08
17  1.0536e-08
18  1.5272e-08
19  2.9503e-09
20  3.6018e-07
21  4.7900e-09
22  1.1939e-06
23  1.6243e-07
24  5.5232e-06
25  6.9556e-08
26  1.7563e-06
27  2.1695e-06
28  3.6602e-06
29  1.8343e-06
30  3.8052e-06
31  2.9703e-07
32  1.3737e-05
33  3.2681e-06
34  7.1473e-05
35  1.1411e-05
36  4.9853e-05
37  1.5241e-05
38  5.5583e-05
39  4.2894e-05
40  1.7882e-04
41  1.0954e-05
42  4.1453e-04
43  1.4639e-29
44  1.5282e-03
45  1.8611e-04
46  7.3628e-04
47  1.0507e-04
48  9.5946e-05
49  1.0217e-05
50  2.3408e-05
51  3.4117e-06
52  9.9954e-06
53  3.2647e-06
54  7.7235e-07
55  4.7031e-14
56  3.3603e-16
57  6.6659e-18
58  2.3890e-18
59  2.6872e-18
60  3.2849e-19
61  1.5985e-28
62  2.7505e-21
63  5.7553e-22
64  1.5183e-22
65  1.3319e-24
66  1.0745e-24
67  0.0000e+00
68  0.0000e+00
69  0.0000e+00
70  0.0000e+00
71  0.0000e+00
72  0.0000e+00
73  0.0000e+00
74  0.0000e+00
75  0.0000e+00
76  0.0000e+00
77  0.0000e+00
78  0.0000e+00
79  0.0000e+00
80  0.0000e+00
81  0.0000e+00
82  0.0000e+00
83  0.0000e+00
84  0.0000e+00
85  0.0000e+00
86  0.0000e+00
87  0.0000e+00
88  0.0000e+00
89  0.0000e+00
90  0.0000e+00
91  0.0000e+00
92  0.0000e+00
93  0.0000e+00
94  0.0000e+00
95  0.0000e+00
96  0.0000e+00
97  0.0000e+00
98  0.0000e+00
99  0.0000e+00
100  0.0000e+00
101  0.0000e+00
102  0.0000e+00
103  0.0000e+00
104  0.0000e+00
105  0.0000e+00
106  0.0000e+00
107  0.0000e+00
108  0.0000e+00
109  0.0000e+00
110  0.0000e+00
111  0.0000e+00
112  0.0000e+00
113  0.0000e+00
114  0.0000e+00
115  0.0000e+00
116  0.0000e+00
117  0.0000e+00
118  0.0000e+00

