1  7.0330e-09
2  1.1577e-01
3  6.4175e-21
4  4.6140e-21
5  9.9449e-20
6  1.3994e-06
7  2.7834e-16
8  3.8230e-09
9  4.9059e-21
10  2.9789e-09
11  3.0349e-13
12  3.1316e-09
13  5.0101e-10
14  1.6066e-08
15  1.6422e-09
16  5.1516e-08
17  4.8106e-09
18  7.6386e-08
19  1.5775e-08
20  6.6313e-08
21  6.2276e-09
22  3.2372e-07
23  5.5345e-08
24  8.9228e-07
25  9.6621e-08
26  9.3321e-07
27  3.8897e-09
28  1.6712e-06
29  2.8156e-08
30  3.0286e-06
31  1.7529e-08
32  4.3271e-06
33  1.1433e-07
34  9.0025e-06
35  5.8809e-07
36  3.0363e-04
37  1.9506e-04
38  2.1572e-03
39  7.5247e-05
40  2.7972e-03
41  5.1241e-05
42  3.1076e-04
43  1.3441e-30
44  6.1702e-06
45  8.4183e-06
46  7.2819e-06
47  4.8614e-07
48  1.3838e-07
49  1.7561e-08
50  2.0378e-09
51  2.3538e-10
52  1.7642e-11
53  4.6308e-13
54  2.5107e-12
55  7.6769e-15
56  5.6395e-18
57  2.5673e-33
58  0.0000e+00
59  0.0000e+00
60  0.0000e+00
61  0.0000e+00
62  0.0000e+00
63  0.0000e+00
64  0.0000e+00
65  0.0000e+00
66  0.0000e+00
67  0.0000e+00
68  0.0000e+00
69  0.0000e+00
70  0.0000e+00
71  0.0000e+00
72  0.0000e+00
73  0.0000e+00
74  0.0000e+00
75  0.0000e+00
76  0.0000e+00
77  0.0000e+00
78  0.0000e+00
79  0.0000e+00
80  0.0000e+00
81  0.0000e+00
82  0.0000e+00
83  0.0000e+00
84  0.0000e+00
85  0.0000e+00
86  0.0000e+00
87  0.0000e+00
88  0.0000e+00
89  0.0000e+00
90  0.0000e+00
91  0.0000e+00
92  0.0000e+00
93  0.0000e+00
94  0.0000e+00
95  0.0000e+00
96  0.0000e+00
97  0.0000e+00
98  0.0000e+00
99  0.0000e+00
100  0.0000e+00
101  0.0000e+00
102  0.0000e+00
103  0.0000e+00
104  0.0000e+00
105  0.0000e+00
106  0.0000e+00
107  0.0000e+00
108  0.0000e+00
109  0.0000e+00
110  0.0000e+00
111  0.0000e+00
112  0.0000e+00
113  0.0000e+00
114  0.0000e+00
115  0.0000e+00
116  0.0000e+00
117  0.0000e+00
118  0.0000e+00

