    1      2  3.3243e-09  6.6486e-09
    2      3  2.1635e-10  6.4906e-10
    3      6  9.2927e-12  5.5756e-11
    3      7  2.3035e-10  1.6125e-09
    4      8  3.7619e-10  3.0095e-09
    4      9  1.0672e-10  9.6045e-10
    5     10  8.4314e-10  8.4314e-09
    5     11  4.7101e-10  5.1811e-09
    6     12  2.2340e-09  2.6808e-08
    6     13  1.1375e-07  1.4787e-06
    7     14  2.2309e-07  3.1232e-06
    7     15  4.2908e-06  6.4362e-05
    8     16  1.5879e-07  2.5406e-06
    8     17  2.5115e-09  4.2696e-08
    8     18  1.6910e-08  3.0438e-07
    9     19  5.6104e-07  1.0660e-05
   10     20  7.7750e-07  1.5550e-05
   10     21  3.1437e-07  6.6018e-06
   10     22  1.7941e-09  3.9470e-08
   11     23  5.0832e-07  1.1691e-05
   12     24  4.6840e-07  1.1242e-05
   12     25  3.9701e-07  9.9253e-06
   12     26  1.5058e-08  3.9152e-07
   13     26  1.3221e-18  3.4374e-17
   13     27  6.2052e-08  1.6754e-06
   14     28  2.9990e-07  8.3971e-06
   14     29  7.1697e-08  2.0792e-06
   14     30  8.7793e-08  2.6338e-06
   15     31  1.0978e-07  3.4030e-06
   16     32  1.3330e-07  4.2657e-06
   16     33  4.9817e-07  1.6439e-05
   16     34  5.2364e-07  1.7804e-05
   16     36  7.9589e-08  2.8652e-06
   17     35  1.0318e-08  3.6112e-07
   17     37  2.1015e-07  7.7754e-06
   18     36  1.2405e-20  4.4658e-19
   18     38  2.4928e-07  9.4726e-06
   18     40  1.8227e-07  7.2906e-06
   19     39  1.3639e-07  5.3194e-06
   19     41  4.7036e-07  1.9285e-05
   20     42  1.0689e-06  4.4895e-05
   20     43  9.9065e-08  4.2598e-06
   20     44  5.1103e-07  2.2485e-05
   20     46  3.4544e-07  1.5890e-05
   21     45  5.0575e-07  2.2759e-05
   22     46  1.1261e-19  5.1801e-18
   22     47  9.5326e-07  4.4803e-05
   22     48  1.2569e-06  6.0331e-05
   22     49  2.1310e-07  1.0442e-05
   22     50  5.6735e-07  2.8368e-05
   23     51  6.6183e-07  3.3753e-05
   24     52  2.4793e-06  1.2892e-04
   24     53  4.9389e-07  2.6176e-05
   24     54  1.4827e-07  8.0064e-06
   25     55  2.2048e-07  1.2126e-05
   26     56  1.1646e-07  6.5219e-06
   26     57  5.0678e-07  2.8887e-05
   26     58  8.7292e-09  5.0630e-07
   27     59  2.7853e-08  1.6433e-06
   28     60  4.0807e-08  2.4484e-06
   28     61  1.1420e-07  6.9659e-06
   28     62  2.2802e-07  1.4137e-05
   28     64  2.8971e-07  1.8541e-05
   29     63  1.9104e-06  1.2036e-04
   29     65  5.2022e-07  3.3814e-05
   30     64  1.1537e-20  7.3835e-19
   30     66  1.1847e-06  7.8188e-05
   30     67  4.5746e-07  3.0650e-05
   30     68  1.7283e-07  1.1752e-05
   30     70  2.9292e-07  2.0504e-05
   31     69  6.5362e-08  4.5100e-06
   31     71  1.2130e-07  8.6121e-06
   32     70  5.1492e-16  3.6044e-14
   32     72  4.2518e-07  3.0613e-05
   32     73  4.2388e-07  3.0943e-05
   32     74  1.6630e-06  1.2306e-04
   32     76  2.9941e-06  2.2755e-04
   33     75  4.6617e-06  3.4963e-04
   34     76  9.1926e-14  6.9864e-12
   34     77  3.6592e-06  2.8175e-04
   34     78  3.9894e-06  3.1118e-04
   34     80  1.2257e-05  9.8058e-04
   34     82  3.3841e-06  2.7750e-04
   35     79  4.8205e-06  3.8082e-04
   35     81  2.4787e-06  2.0077e-04
   36     82  3.2199e-13  2.6403e-11
   36     83  3.8408e-06  3.1878e-04
   36     84  1.8825e-06  1.5813e-04
   36     86  2.0089e-06  1.7276e-04
   37     85  8.2494e-07  7.0120e-05
   37     87  1.7295e-06  1.5046e-04
   38     86  1.2568e-19  1.0809e-17
   38     87  1.2664e-08  1.1017e-06
   38     88  2.8210e-06  2.4825e-04
   39     89  7.5392e-07  6.7099e-05
   40     90  1.0437e-06  9.3930e-05
   40     91  7.3134e-07  6.6552e-05
   40     92  1.7199e-06  1.5823e-04
   40     94  2.0282e-06  1.9065e-04
   41     93  3.0521e-06  2.8385e-04
   42     95  1.9377e-06  1.8409e-04
   42     96  8.7492e-07  8.3992e-05
   42     97  7.7431e-07  7.5109e-05
   42     98  4.5435e-07  4.4526e-05
   42    100  4.4895e-07  4.4895e-05
   44     99  2.4739e-07  2.4491e-05
   44    100  8.2415e-16  8.2415e-14
   44    101  4.3511e-07  4.3946e-05
   44    102  5.8962e-07  6.0141e-05
   44    104  6.4166e-07  6.6733e-05
   45    103  6.6060e-07  6.8041e-05
   46    104  4.5009e-17  4.6810e-15
   46    105  9.2363e-07  9.6981e-05
   46    106  7.3521e-07  7.7932e-05
   46    108  6.5222e-07  7.0440e-05
   46    110  1.2512e-06  1.3763e-04
   47    107  8.5086e-07  9.1042e-05
   47    109  8.0000e-07  8.7200e-05
   48    110  6.8605e-15  7.5466e-13
   48    111  1.9614e-07  2.1771e-05
   48    112  5.5676e-07  6.2357e-05
   48    113  2.6963e-07  3.0469e-05
   48    114  2.6333e-07  3.0020e-05
   48    116  9.8499e-08  1.1426e-05
   49    113  1.1867e-14  1.3409e-12
   49    115  2.2732e-07  2.6142e-05
   50    115  1.8137e-13  2.0858e-11
   50    116  4.0307e-17  4.6756e-15
   50    117  2.3961e-07  2.8035e-05
   50    118  2.3956e-07  2.8268e-05
   50    119  2.6490e-07  3.1523e-05
   50    120  1.0278e-06  1.2334e-04
   50    122  2.1816e-06  2.6615e-04
   50    124  1.2420e-05  1.5400e-03
   51    121  1.2205e-06  1.4768e-04
   51    123  3.1737e-06  3.9036e-04
   52    122  5.8658e-15  7.1563e-13
   52    124  1.6434e-16  2.0379e-14
   52    125  1.1644e-05  1.4555e-03
   52    126  3.9666e-05  4.9980e-03
   52    128  6.0416e-05  7.7333e-03
   52    130  1.3390e-05  1.7407e-03
   53    127  4.3124e-05  5.4767e-03
   53    129  1.1277e-13  1.4547e-11
   54    128  2.2650e-18  2.8992e-16
   54    129  3.8948e-05  5.0242e-03
   54    130  6.0971e-15  7.9263e-13
   54    131  1.3964e-05  1.8293e-03
   54    132  3.3703e-05  4.4488e-03
   54    134  7.8309e-06  1.0493e-03
   54    136  1.9518e-05  2.6545e-03
   55    133  1.0514e-05  1.3984e-03
   56    134  6.8316e-19  9.1543e-17
   56    135  4.9021e-06  6.6179e-04
   56    136  6.8029e-17  9.2520e-15
   56    137  1.7595e-05  2.4105e-03
   56    138  2.8393e-05  3.9183e-03
   57    139  4.8580e-06  6.7526e-04
   58    140  1.3614e-05  1.9059e-03
   58    142  5.7630e-06  8.1835e-04
   59    141  4.5370e-06  6.3971e-04
   60    142  8.5798e-20  1.2183e-17
   60    143  3.8897e-06  5.5623e-04
   60    144  1.0434e-05  1.5025e-03
   60    145  7.0003e-06  1.0150e-03
   60    146  1.5491e-05  2.2617e-03
   60    148  1.3016e-05  1.9263e-03
   60    150  6.6926e-06  1.0039e-03
   62    147  1.3978e-05  2.0548e-03
   62    148  5.4156e-16  8.0152e-14
   62    149  5.1365e-06  7.6534e-04
   62    150  8.4307e-13  1.2646e-10
   62    152  1.1496e-05  1.7474e-03
   62    154  1.3457e-05  2.0723e-03
   63    151  9.4007e-06  1.4195e-03
   63    153  6.6152e-06  1.0121e-03
   64    154  1.7192e-14  2.6475e-12
   64    155  7.8257e-06  1.2130e-03
   64    156  1.5635e-05  2.4391e-03
   64    157  6.8058e-06  1.0685e-03
   64    158  1.4282e-05  2.2566e-03
   64    160  1.2875e-05  2.0600e-03
   65    159  9.8962e-06  1.5735e-03
   66    160  1.3205e-14  2.1128e-12
   66    161  5.5491e-06  8.9341e-04
   66    162  1.5688e-05  2.5414e-03
   66    163  7.7883e-06  1.2695e-03
   66    164  2.3287e-05  3.8191e-03
   67    165  7.8425e-06  1.2940e-03
   68    166  1.7905e-05  2.9723e-03
   68    167  7.7733e-06  1.2981e-03
   68    168  1.8069e-05  3.0356e-03
   68    170  9.1673e-06  1.5584e-03
   69    169  8.2210e-06  1.3894e-03
   70    170  1.8265e-15  3.1050e-13
   70    171  5.9669e-06  1.0203e-03
   70    172  7.0041e-06  1.2047e-03
   70    173  6.5255e-06  1.1289e-03
   70    174  1.0940e-05  1.9035e-03
   70    176  7.4448e-06  1.3103e-03
   71    175  5.5473e-06  9.7077e-04
   71    176  6.5457e-16  1.1520e-13
   72    176  6.1284e-18  1.0786e-15
   72    177  5.9943e-06  1.0610e-03
   72    178  1.1693e-05  2.0813e-03
   72    179  1.0357e-05  1.8539e-03
   72    180  1.5564e-05  2.8015e-03
   72    182  2.4373e-19  4.4359e-17
   73    181  1.3345e-05  2.4154e-03
   74    182  2.6348e-05  4.7953e-03
   74    183  8.3743e-06  1.5325e-03
   74    184  2.9930e-05  5.5072e-03
   74    186  4.2053e-05  7.8219e-03
   75    185  1.1517e-05  2.1307e-03
   75    187  1.2336e-05  2.3068e-03
   76    186  1.6709e-17  3.1079e-15
   76    187  1.0025e-07  1.8748e-05
   76    188  2.7569e-05  5.1829e-03
   76    189  2.8415e-05  5.3705e-03
   76    190  3.7372e-05  7.1006e-03
   76    192  1.8042e-05  3.4640e-03
   77    191  1.9545e-05  3.7330e-03
   77    193  1.5975e-05  3.0832e-03
   78    192  2.7705e-15  5.3194e-13
   78    194  1.1147e-05  2.1626e-03
   78    195  7.6287e-06  1.4876e-03
   78    196  2.9680e-06  5.8174e-04
   78    198  3.1383e-07  6.2139e-05
   79    197  1.3291e-06  2.6183e-04
   80    198  7.4949e-16  1.4840e-13
   80    199  1.5421e-07  3.0687e-05
   80    200  1.1898e-07  2.3796e-05
   80    201  1.1921e-07  2.3960e-05
   80    202  1.5186e-07  3.0675e-05
   80    204  2.4435e-07  4.9848e-05
   81    203  1.9593e-07  3.9774e-05
   81    205  5.2959e-08  1.0857e-05
   82    204  1.1729e-18  2.3928e-16
   82    206  2.7009e-07  5.5638e-05
   82    207  2.8255e-07  5.8489e-05
   82    208  3.0228e-07  6.2874e-05
   82    210  3.2707e-19  6.8686e-17
   83    209  1.4256e-07  2.9794e-05
   84    215  3.0445e-12  6.5458e-10
   88    226  2.3562e-17  5.3250e-15
   88    228  1.4080e-19  3.2102e-17
   89    227  2.2230e-18  5.0463e-16
   90    228  4.6910e-20  1.0695e-17
   90    230  1.1105e-15  2.5541e-13
   90    232  3.4383e-10  7.9769e-08
   91    231  3.3328e-15  7.6988e-13
   92    234  3.6160e-15  8.4614e-13
   92    235  7.1831e-11  1.6880e-08
   92    236  1.2072e-13  2.8490e-11
   92    238  6.5782e-11  1.5656e-08
   94    240  2.3878e-17  5.7306e-15
   94    244  2.9065e-13  7.0917e-11
   96    247  1.2138e-20  2.9981e-18
   97    246  3.6316e-15  8.9336e-13
  100    258  1.8503e-13  4.7738e-11
  100    260  8.7963e-14  2.2870e-11
  100    262  2.3750e-14  6.2224e-12
  102    261  3.5084e-14  9.1570e-12
  102    263  1.0059e-14  2.6456e-12
  102    264  8.0067e-15  2.1138e-12
  102    266  9.1691e-16  2.4390e-13
  103    265  2.6935e-15  7.1378e-13
  104    267  1.6057e-16  4.2872e-14
  104    268  6.8245e-17  1.8290e-14
  104    270  1.5513e-17  4.1886e-15
  104    272  6.7674e-19  1.8407e-16
  104    274  2.3546e-19  6.4517e-17
  105    269  7.3169e-17  1.9682e-14
  105    271  2.4165e-18  6.5488e-16
  106    273  4.7423e-19  1.2946e-16
  106    275  9.7833e-20  2.6904e-17
  106    276  2.9446e-19  8.1272e-17
  106    278  1.7574e-19  4.8857e-17
  106    280  6.1905e-20  1.7334e-17
  107    277  9.8857e-20  2.7383e-17
  108    279  7.4332e-20  2.0739e-17
  108    281  3.6208e-20  1.0174e-17
  108    282  2.9668e-19  8.3663e-17
  108    283  2.6251e-20  7.4289e-18
  108    284  3.7510e-20  1.0653e-17
    1      1  2.2632e-09  2.2632e-09
    2      4  2.0453e-01  8.1810e-01


