1  1.1461e-06
2  2.6807e-08
3  1.7054e-09
4  2.1520e-01
5  0.0000e+00
6  9.9990e-12
7  2.0772e-09
8  3.0283e-08
9  1.5686e-08
10  2.3595e-07
11  1.0563e-09
12  4.1717e-09
13  1.5077e-08
14  4.1404e-08
15  8.1010e-06
16  2.4715e-06
17  9.7065e-08
18  1.7995e-07
19  7.0045e-07
20  1.2055e-06
21  1.1897e-06
22  1.8071e-08
23  5.6092e-07
24  2.5216e-07
25  1.9367e-07
26  1.6325e-07
27  1.1778e-07
28  1.4056e-07
29  6.3315e-08
30  9.0470e-08
31  1.9478e-08
32  9.3562e-08
33  1.9772e-07
34  2.0186e-07
35  2.2416e-08
36  2.8748e-08
37  3.3812e-09
38  1.3995e-08
39  1.2698e-08
40  2.7452e-09
41  6.3379e-09
42  2.5181e-08
43  5.8760e-09
44  1.3270e-08
45  1.1307e-08
46  1.0543e-09
47  1.0599e-09
48  1.2753e-09
49  9.9989e-10
50  9.3664e-10
51  1.3137e-09
52  7.3166e-10
53  8.5173e-09
54  1.1924e-09
55  1.3515e-10
56  3.7753e-09
57  2.0521e-09
58  7.5414e-10
59  9.4402e-11
60  2.5591e-10
61  1.2592e-10
62  2.2386e-10
63  1.7490e-08
64  3.9141e-09
65  4.0453e-09
66  5.8687e-09
67  4.6538e-08
68  1.0643e-08
69  3.2957e-09
70  2.0311e-08
71  7.1097e-09
72  7.4895e-09
73  8.6561e-09
74  3.8310e-08
75  1.5659e-08
76  4.5379e-09
77  1.4975e-08
78  1.3220e-08
79  2.1008e-08
80  1.8609e-07
81  6.9310e-08
82  1.2451e-07
83  1.3100e-07
84  9.0910e-09
85  2.9637e-08
86  1.8277e-08
87  4.8225e-08
88  5.2401e-09
89  1.7067e-08
90  1.6589e-08
91  3.3913e-08
92  2.5867e-08
93  2.7242e-08
94  8.5873e-08
95  4.6275e-08
96  1.5417e-08
97  3.9187e-08
98  8.3476e-09
99  6.6715e-09
100  1.1522e-08
101  5.8759e-09
102  9.2725e-09
103  1.2737e-08
104  6.4985e-09
105  1.3754e-09
106  7.7970e-09
107  6.7046e-09
108  1.5263e-08
109  1.9491e-08
110  4.1428e-08
111  7.0111e-09
112  2.4580e-08
113  2.0299e-08
114  3.1157e-08
115  2.9308e-08
116  6.9644e-09
117  3.3222e-09
118  7.3220e-10
119  5.7472e-10
120  3.2354e-09
121  1.4962e-08
122  7.3105e-09
123  8.7017e-09
124  6.6359e-09
125  1.0567e-07
126  7.9236e-08
127  3.2588e-07
128  3.6018e-07
129  6.2350e-07
130  1.6079e-07
131  8.2069e-08
132  6.8767e-08
133  3.8701e-08
134  3.3642e-08
135  2.2341e-08
136  5.2826e-08
137  2.2100e-08
138  7.4050e-08
139  7.8354e-09
140  2.6537e-08
141  3.7744e-08
142  2.0082e-08
143  1.1755e-08
144  9.5350e-09
145  1.3872e-09
146  5.4218e-09
147  8.0370e-09
148  4.6430e-09
149  6.9073e-10
150  9.0612e-10
151  5.1896e-11
152  2.0366e-10
153  1.3613e-10
154  8.4538e-11
155  2.8098e-09
156  6.1730e-10
157  2.6846e-10
158  1.0702e-09
159  3.0880e-11
160  4.4606e-11
161  2.9305e-11
162  1.3317e-11
163  1.9189e-11
164  9.5819e-12
165  1.4006e-11
166  6.8588e-12
167  2.0979e-11
168  1.2019e-11
169  1.6897e-10
170  7.8795e-12
171  5.7143e-11
172  1.0626e-11
173  7.2488e-12
174  4.8874e-11
175  7.3662e-12
176  9.7215e-12
177  8.8295e-11
178  2.8973e-11
179  2.1427e-11
180  5.7452e-11
181  1.0371e-10
182  6.3502e-10
183  2.1192e-09
184  1.7299e-09
185  8.6424e-10
186  8.9122e-10
187  1.9274e-09
188  2.7856e-09
189  5.6035e-09
190  3.1947e-09
191  2.9709e-08
192  4.2228e-09
193  1.0642e-09
194  7.7645e-09
195  1.8619e-08
196  1.2593e-08
197  3.9675e-08
198  1.9526e-08
199  5.3050e-09
200  1.6319e-06
201  9.0406e-07
202  1.8545e-06
203  1.8821e-06
204  1.3332e-06
205  7.4595e-07
206  1.6617e-06
207  2.3403e-06
208  9.5867e-07
209  1.0161e-06
210  1.3170e-14
211  2.0301e-19
212  3.8352e-20
213  2.9532e-44
214  6.8975e-21
215  8.2518e-26
216  4.4436e-26
217  9.7027e-92
218  1.1854e-22
219  7.8632e-23
220  1.7039e-23
221  -1.5074e-320
222  2.1043e-19
223  1.9597e-17
224  9.6231e-20
225  1.7799e-40
226  3.2199e-14
227  1.3659e-14
228  3.0946e-13
229  6.6388e-30
230  1.5175e-12
231  2.0431e-11
232  1.3545e-07
233  2.3725e-27
234  4.9415e-12
235  4.4035e-07
236  8.2724e-10
237  1.5889e-319
238  8.9897e-08
239  5.8376e-18
240  1.6379e-13
241  0.0000e+00
242  1.4252e-106
243  1.7846e-18
244  1.9937e-09
245  0.0000e+00
246  2.8125e-11
247  3.7665e-15
248  1.2641e-105
249  0.0000e+00
250  0.0000e+00
251  -3.2882e-314
252  0.0000e+00
253  0.0000e+00
254  0.0000e+00
255  0.0000e+00
256  0.0000e+00
257  5.9146e-26
258  3.8089e-07
259  6.0124e-26
260  7.1536e-07
261  4.9416e-07
262  2.8422e-07
263  1.6265e-07
264  1.9278e-07
265  2.1610e-07
266  2.2965e-07
267  1.6913e-07
268  2.9913e-07
269  9.1869e-07
270  8.1394e-07
271  7.1377e-07
272  1.1756e-06
273  1.1801e-06
274  3.7147e-06
275  1.2125e-05
276  3.2701e-05
277  1.2624e-05
278  4.4393e-05
279  4.9548e-05
280  2.6796e-05
281  9.2900e-06
282  2.1541e-05
283  2.8082e-06
284  5.4522e-07
285  3.0556e-08
286  8.1699e-09
287  2.0249e-09
288  7.6400e-10
289  3.0598e-10
290  1.1049e-09
291  6.7774e-11
292  7.8382e-09
293  3.5211e-09
294  2.1026e-08
295  1.7955e-08
296  1.2621e-08
297  4.1524e-09
298  8.7823e-09
299  1.2851e-15
300  4.4193e-10
301  1.9272e-07
302  6.6495e-08
303  8.0034e-08
304  1.5474e-07
305  2.7100e-07
306  5.9386e-07
307  3.9135e-07
308  4.9435e-07
309  9.5763e-07
310  5.6794e-07
311  7.4832e-07
312  5.4118e-07
313  5.9183e-07
314  3.6979e-07
315  4.8522e-07
316  6.9631e-07
317  8.9805e-07
318  9.5691e-07
319  1.1382e-06
320  1.6796e-06
321  8.9614e-07
322  1.3067e-06
323  1.6505e-06
324  1.2316e-06
325  1.1687e-06
326  2.7401e-06
327  3.8888e-06
328  2.6387e-06
329  2.3099e-05
330  3.1317e-06
331  4.4191e-06
332  1.0800e-05
333  5.1103e-06
334  1.6150e-06
335  1.7074e-06
336  7.3709e-07
337  1.4095e-04

