1  3.6583e-08
2  7.0794e-09
3  5.7080e-10
4  2.1230e-01
5  0.0000e+00
6  1.8211e-11
7  8.9972e-10
8  4.4113e-09
9  1.7032e-09
10  5.2142e-08
11  3.1602e-09
12  3.9792e-09
13  2.1353e-07
14  1.0212e-07
15  8.5195e-06
16  2.0347e-07
17  6.2429e-09
18  4.0374e-08
19  8.8128e-07
20  1.2564e-06
21  4.9721e-07
22  4.4474e-09
23  8.5910e-07
24  2.9493e-07
25  4.0657e-07
26  4.4567e-08
27  1.3920e-07
28  3.2958e-07
29  7.7072e-08
30  6.1036e-08
31  5.0357e-08
32  9.9054e-08
33  6.2631e-07
34  4.8470e-07
35  1.9921e-08
36  1.9454e-08
37  1.0870e-08
38  4.6529e-08
39  3.8878e-08
40  1.5273e-08
41  7.1173e-08
42  2.8257e-07
43  6.1896e-08
44  6.4568e-08
45  6.7177e-08
46  1.5967e-08
47  2.4337e-08
48  4.7854e-08
49  5.2979e-08
50  5.5033e-08
51  1.8085e-08
52  4.3177e-08
53  3.3179e-08
54  1.3972e-08
55  6.0369e-09
56  3.3397e-08
57  8.6212e-08
58  1.3315e-09
59  1.7755e-09
60  4.7393e-09
61  7.6749e-09
62  7.2200e-09
63  1.7043e-07
64  3.8056e-08
65  5.9737e-08
66  2.0418e-07
67  2.7433e-07
68  7.6826e-08
69  4.2275e-08
70  2.0839e-07
71  5.5618e-08
72  1.9529e-07
73  1.2852e-07
74  2.3158e-07
75  1.0445e-07
76  3.6546e-08
77  1.5340e-07
78  3.2317e-07
79  3.9492e-07
80  3.3870e-06
81  1.6453e-06
82  9.3769e-07
83  1.1412e-06
84  3.8235e-07
85  2.9997e-07
86  6.0128e-07
87  5.6466e-07
88  3.0855e-07
89  1.7226e-07
90  2.7461e-07
91  1.1783e-07
92  2.7387e-07
93  3.6242e-07
94  1.2155e-06
95  6.7358e-07
96  3.3497e-07
97  5.4783e-07
98  8.4388e-08
99  1.3263e-07
100  2.0819e-07
101  2.3191e-07
102  1.6397e-07
103  1.7676e-07
104  8.4779e-08
105  7.8209e-08
106  1.8194e-07
107  1.6625e-07
108  2.0861e-07
109  3.4271e-07
110  5.4190e-07
111  8.8397e-08
112  3.8257e-07
113  2.1824e-07
114  2.1259e-07
115  2.3684e-07
116  1.7450e-08
117  3.8151e-08
118  2.2416e-08
119  1.5050e-08
120  1.0297e-07
121  7.6730e-08
122  1.7435e-07
123  1.5631e-07
124  8.3457e-07
125  1.0944e-06
126  2.5876e-06
127  3.0374e-06
128  4.9906e-06
129  4.9612e-06
130  1.4604e-06
131  9.5817e-07
132  8.1017e-07
133  4.4497e-07
134  4.7735e-07
135  4.0890e-07
136  7.9339e-07
137  6.4930e-07
138  4.4691e-07
139  2.0324e-07
140  3.5948e-07
141  1.9053e-07
142  6.5725e-08
143  4.1325e-08
144  5.5504e-08
145  4.0774e-08
146  1.0154e-07
147  1.3210e-07
148  1.1210e-07
149  5.5732e-08
150  1.0073e-07
151  5.2021e-08
152  1.7621e-07
153  1.0490e-07
154  1.9702e-07
155  3.3858e-07
156  9.2284e-08
157  1.8820e-07
158  3.3612e-07
159  7.4445e-09
160  1.0491e-07
161  1.6137e-07
162  9.3640e-08
163  8.5296e-08
164  1.5130e-07
165  1.1567e-07
166  3.1435e-07
167  4.0010e-07
168  2.7186e-07
169  1.0846e-06
170  2.5079e-07
171  4.3941e-07
172  2.6774e-07
173  1.9939e-07
174  6.4837e-07
175  2.6465e-07
176  5.1480e-07
177  1.3621e-06
178  6.4189e-07
179  3.8664e-07
180  5.1061e-07
181  5.0117e-07
182  3.7629e-07
183  2.0306e-07
184  1.0985e-07
185  3.4013e-08
186  7.4695e-08
187  7.7117e-08
188  3.1954e-07
189  2.3239e-07
190  1.0491e-06
191  2.1891e-06
192  4.9009e-06
193  4.2034e-06
194  2.0179e-05
195  2.0507e-05
196  3.1537e-05
197  3.2555e-05
198  3.2177e-05
199  1.3044e-05
200  1.3183e-05
201  1.3666e-06
202  2.6359e-07
203  6.4007e-08
204  1.0679e-07
205  8.4452e-08
206  1.0472e-05
207  1.1950e-05
208  7.1198e-06
209  1.9517e-05
210  1.3625e-12
211  5.4985e-18
212  4.6077e-18
213  3.6505e-44
214  7.1356e-19
215  1.5158e-24
216  5.3387e-24
217  8.9877e-95
218  1.2263e-20
219  2.1276e-21
220  2.0471e-21
221  2.4194e-320
222  2.1769e-17
223  5.3081e-16
224  1.1562e-17
225  2.2001e-40
226  3.3311e-12
227  3.6998e-13
228  3.7180e-11
229  8.2063e-30
230  1.5699e-10
231  5.5339e-10
232  1.6274e-05
233  2.9328e-27
234  5.1121e-10
235  1.1927e-05
236  5.4754e-08
237  5.4782e-319
238  9.3000e-06
239  5.6476e-17
240  1.0839e-11
241  0.0000e+00
242  8.7060e-123
243  1.7265e-17
244  1.3194e-07
245  0.0000e+00
246  1.6156e-09
247  3.6439e-14
248  9.6602e-122
249  0.0000e+00
250  0.0000e+00
251  -8.0777e-314
252  0.0000e+00
253  0.0000e+00
254  0.0000e+00
255  0.0000e+00
256  0.0000e+00
257  6.7852e-26
258  7.9754e-06
259  5.9218e-26
260  5.1270e-06
261  4.4781e-06
262  5.9107e-06
263  5.3747e-06
264  6.6322e-06
265  7.7736e-06
266  9.9156e-06
267  9.8548e-06
268  1.0814e-05
269  2.8653e-05
270  2.6167e-05
271  2.3855e-05
272  3.0884e-05
273  3.0097e-05
274  3.8783e-05
275  2.5216e-05
276  2.9611e-05
277  7.4462e-06
278  1.0035e-05
279  3.4529e-06
280  1.0855e-06
281  2.9007e-07
282  1.3956e-07
283  8.2744e-09
284  1.2175e-09
285  8.5512e-11
286  1.7173e-10
287  5.4428e-10
288  4.6210e-10
289  2.8941e-10
290  1.5342e-09
291  9.7995e-11
292  6.8941e-09
293  1.6543e-09
294  6.8018e-09
295  5.0315e-09
296  3.4012e-09
297  1.1039e-09
298  2.3399e-09
299  3.2709e-16
300  1.2018e-10
301  1.9166e-08
302  4.6997e-09
303  8.3799e-09
304  1.1108e-08
305  1.5052e-08
306  2.7458e-08
307  1.4127e-08
308  1.4163e-08
309  2.0678e-08
310  1.4302e-08
311  1.7943e-08
312  1.1390e-08
313  1.0653e-08
314  8.0941e-09
315  9.0546e-09
316  1.0694e-08
317  9.8798e-09
318  8.4619e-09
319  1.2449e-08
320  1.3723e-08
321  6.5281e-09
322  8.4890e-09
323  8.1589e-09
324  8.2011e-09
325  3.8294e-09
326  1.5192e-08
327  7.8133e-09
328  1.9325e-09
329  1.2493e-08
330  1.2688e-09
331  1.9183e-09
332  1.3653e-09
333  6.8929e-10
334  2.3731e-10
335  2.4317e-10
336  7.3196e-11
337  1.2430e-09

