1  1.1892e-09
2  7.1340e-10
3  1.2178e-11
4  1.8969e-01
5  0.0000e+00
6  1.9611e-12
7  1.8283e-11
8  2.7724e-12
9  8.3712e-15
10  5.0108e-12
11  1.8675e-11
12  2.8927e-09
13  2.2822e-10
14  5.0525e-07
15  1.1133e-07
16  6.9009e-09
17  2.7001e-10
18  6.8148e-08
19  9.1602e-08
20  1.3337e-07
21  1.2098e-07
22  8.4787e-09
23  3.3687e-08
24  5.3819e-08
25  5.8619e-08
26  5.3015e-07
27  2.6225e-07
28  8.0014e-07
29  1.0407e-07
30  4.6808e-08
31  8.5695e-08
32  1.1264e-07
33  1.3540e-06
34  1.0484e-06
35  1.3198e-08
36  2.2028e-08
37  1.2597e-07
38  2.5429e-07
39  3.5945e-07
40  7.8505e-07
41  1.1393e-07
42  1.1831e-06
43  6.2152e-07
44  2.3968e-07
45  6.4538e-07
46  4.0034e-07
47  3.8349e-07
48  3.6795e-07
49  6.7110e-07
50  7.6379e-07
51  1.6470e-07
52  2.8303e-07
53  1.2236e-07
54  5.4977e-08
55  7.8815e-08
56  3.9302e-07
57  7.4701e-07
58  1.1976e-08
59  2.1878e-08
60  5.9808e-08
61  9.7670e-08
62  6.7075e-08
63  5.9740e-07
64  1.1774e-07
65  1.4794e-07
66  4.8426e-07
67  4.3874e-07
68  1.6625e-07
69  1.7897e-07
70  1.0817e-06
71  2.5961e-07
72  7.5853e-07
73  7.3453e-07
74  1.7069e-06
75  7.9955e-07
76  1.4425e-07
77  6.1285e-07
78  3.0683e-06
79  4.7989e-06
80  1.9636e-05
81  7.9596e-06
82  7.3503e-06
83  6.2166e-06
84  2.2596e-06
85  1.7082e-06
86  3.9168e-06
87  4.9546e-06
88  4.9221e-06
89  1.4183e-06
90  1.9057e-06
91  7.1710e-07
92  2.5354e-06
93  1.6307e-06
94  5.0614e-06
95  4.0452e-06
96  2.2194e-06
97  3.4274e-06
98  8.9069e-07
99  1.3585e-06
100  1.9009e-06
101  2.1607e-06
102  1.3952e-06
103  1.5829e-06
104  7.9299e-07
105  7.8682e-07
106  1.3342e-06
107  1.1619e-06
108  1.3367e-06
109  3.0930e-06
110  5.9406e-06
111  9.6716e-07
112  4.0078e-06
113  1.9879e-06
114  1.9483e-06
115  2.1660e-06
116  1.8084e-07
117  3.2499e-07
118  1.8162e-07
119  1.0954e-07
120  5.0914e-07
121  2.7647e-07
122  5.5947e-07
123  4.1334e-07
124  3.0450e-06
125  7.0021e-06
126  5.0482e-05
127  8.4511e-05
128  1.8620e-04
129  4.0269e-04
130  2.4963e-04
131  5.7620e-05
132  1.2589e-04
133  1.3546e-04
134  7.0238e-05
135  3.5918e-05
136  5.8052e-05
137  3.1600e-05
138  1.7761e-05
139  1.8855e-05
140  4.6638e-05
141  3.2829e-05
142  1.1771e-05
143  4.0142e-06
144  2.0540e-06
145  1.0732e-06
146  2.1307e-06
147  2.3999e-06
148  1.9734e-06
149  1.1662e-06
150  1.9955e-06
151  1.3940e-06
152  2.8100e-06
153  1.5995e-06
154  3.2136e-06
155  2.6303e-06
156  1.8370e-06
157  2.1829e-06
158  4.0931e-06
159  4.8432e-07
160  2.3677e-06
161  1.9645e-06
162  1.4109e-06
163  1.0408e-06
164  2.6663e-06
165  1.6867e-06
166  4.2536e-06
167  2.5788e-06
168  2.2428e-06
169  5.1437e-06
170  2.0123e-06
171  1.8844e-06
172  1.8410e-06
173  1.6829e-06
174  3.6030e-06
175  1.9840e-06
176  2.9089e-06
177  3.9995e-06
178  2.5064e-06
179  1.6252e-06
180  1.4513e-06
181  1.1106e-06
182  4.9392e-07
183  1.8453e-07
184  1.1151e-07
185  3.7597e-08
186  1.1131e-07
187  8.4092e-08
188  2.3757e-07
189  1.3217e-07
190  3.8562e-07
191  3.5989e-07
192  4.1348e-07
193  2.6134e-07
194  3.8892e-07
195  2.5529e-07
196  2.7896e-07
197  2.0145e-07
198  1.4217e-07
199  4.0191e-08
200  1.4751e-08
201  5.8559e-10
202  5.6061e-11
203  3.2057e-12
204  1.5526e-12
205  9.6152e-13
206  3.0640e-12
207  2.1495e-12
208  2.9301e-12
209  1.8483e-12
210  1.0020e-16
211  1.1741e-15
212  3.9702e-16
213  4.0706e-46
214  1.0666e-16
215  1.7508e-32
216  1.5384e-46
217  0.0000e+00
218  6.9908e-21
219  4.7173e-30
220  3.9262e-17
221  0.0000e+00
222  3.8554e-26
223  1.1769e-24
224  1.0382e-25
225  2.6998e-40
226  5.8995e-21
227  8.2031e-22
228  3.3386e-19
229  1.3207e-29
230  2.7795e-19
231  1.2270e-18
232  1.4613e-13
233  4.6868e-27
234  8.9206e-19
235  2.6445e-14
236  2.3621e-17
237  1.6489e-318
238  1.5432e-14
239  5.6129e-24
240  1.8893e-20
241  0.0000e+00
242  8.8464e-150
243  1.1013e-26
244  4.5817e-17
245  0.0000e+00
246  5.2455e-19
247  1.6903e-24
248  2.4653e-149
249  0.0000e+00
250  0.0000e+00
251  1.8475e-314
252  0.0000e+00
253  0.0000e+00
254  0.0000e+00
255  0.0000e+00
256  0.0000e+00
257  8.0155e-26
258  2.1546e-16
259  6.2902e-26
260  9.4226e-17
261  6.0267e-17
262  5.2661e-17
263  3.2722e-17
264  2.3047e-17
265  1.4400e-17
266  1.1592e-17
267  5.6426e-18
268  2.9888e-18
269  4.2968e-18
270  1.3539e-18
271  7.5650e-19
272  4.4221e-19
273  1.9477e-19
274  1.2349e-19
275  4.8420e-20
276  4.6349e-20
277  1.0623e-20
278  1.2740e-20
279  3.9023e-21
280  1.1477e-21
281  2.8494e-22
282  1.1315e-22
283  5.2759e-24
284  4.6307e-25
285  0.0000e+00
286  0.0000e+00
287  0.0000e+00
288  0.0000e+00
289  0.0000e+00
290  0.0000e+00
291  0.0000e+00
292  0.0000e+00
293  0.0000e+00
294  0.0000e+00
295  0.0000e+00
296  0.0000e+00
297  0.0000e+00
298  0.0000e+00
299  0.0000e+00
300  0.0000e+00
301  0.0000e+00
302  0.0000e+00
303  0.0000e+00
304  0.0000e+00
305  0.0000e+00
306  0.0000e+00
307  0.0000e+00
308  0.0000e+00
309  0.0000e+00
310  0.0000e+00
311  0.0000e+00
312  0.0000e+00
313  0.0000e+00
314  0.0000e+00
315  0.0000e+00
316  0.0000e+00
317  0.0000e+00
318  0.0000e+00
319  0.0000e+00
320  0.0000e+00
321  0.0000e+00
322  0.0000e+00
323  0.0000e+00
324  0.0000e+00
325  0.0000e+00
326  0.0000e+00
327  0.0000e+00
328  0.0000e+00
329  0.0000e+00
330  0.0000e+00
331  0.0000e+00
332  0.0000e+00
333  0.0000e+00
334  0.0000e+00
335  0.0000e+00
336  0.0000e+00
337  0.0000e+00

