1  2.6999e-08
2  2.1191e-01
3  7.3835e-10
4  4.7862e-09
5  4.2080e-08
6  2.3284e-07
7  8.2736e-06
8  2.3158e-07
9  8.8231e-07
10  1.7185e-06
11  8.6879e-07
12  7.2775e-07
13  1.5464e-07
14  5.3061e-07
15  5.7326e-08
16  1.3549e-06
17  3.4099e-08
18  7.0995e-08
19  1.2899e-07
20  4.9903e-07
21  7.8367e-08
22  2.2931e-07
23  1.9244e-08
24  1.1273e-07
25  9.1912e-09
26  1.4338e-07
27  2.6039e-09
28  8.2872e-08
29  2.7513e-07
30  8.7979e-07
31  1.1683e-07
32  6.8478e-07
33  1.0819e-07
34  5.5628e-06
35  2.4583e-06
36  2.4234e-06
37  9.6865e-07
38  3.6079e-07
39  1.9026e-07
40  2.2026e-06
41  4.2436e-07
42  2.0273e-06
43  1.5385e-32
44  7.3380e-07
45  1.9143e-07
46  1.1444e-06
47  5.7357e-07
48  9.5687e-07
49  2.2021e-07
50  1.4401e-06
51  2.8024e-07
52  1.1659e-05
53  3.3980e-06
54  8.3763e-06
55  5.1613e-07
56  1.7377e-06
57  2.6295e-07
58  5.5672e-07
59  2.4660e-07
60  6.2906e-07
61  1.2598e-84
62  8.2265e-07
63  2.4352e-07
64  1.4367e-06
65  1.9476e-08
66  7.5599e-07
67  1.9479e-07
68  1.8822e-06
69  1.3085e-06
70  2.6555e-06
71  3.8876e-07
72  2.8185e-06
73  4.2026e-07
74  7.9632e-07
75  2.3157e-07
76  1.3341e-05
77  1.2969e-05
78  1.3838e-04
79  3.7294e-05
80  1.8534e-05
81  2.4991e-07
82  4.0692e-05
83  2.5256e-05
84  1.0135e-15
85  3.9216e-26
86  2.7980e-17
87  1.1904e-20
88  5.3856e-11
89  4.4889e-13
90  2.1701e-05
91  6.7299e-10
92  2.6528e-05
93  2.5412e-19
94  1.7281e-07
95  1.9490e-17
96  4.1177e-14
97  2.1320e-09
98  6.9722e-315
99  -1.8231e-321
100  2.1815e-05
101  4.5816e-313
102  3.0973e-05
103  9.0626e-06
104  1.0013e-04
105  4.9997e-05
106  6.2224e-05
107  4.0637e-06
108  1.6521e-06
109  -3.2395e-319
110  1.4867e-09
111  1.3757e-07
112  0.0000e+00
113  0.0000e+00
114  0.0000e+00
115  0.0000e+00
116  0.0000e+00
117  0.0000e+00
118  0.0000e+00

