    1      2  3.8642e-16  7.7284e-16
    3      6  4.9595e-19  2.9757e-18
    3      7  2.0217e-20  1.4152e-19
    4      8  2.7927e-16  2.2342e-15
    4      9  1.0197e-18  9.1770e-18
    5     10  6.5773e-19  6.5773e-18
    6     12  4.2631e-08  5.1157e-07
    6     13  1.5930e-14  2.0710e-13
    7     14  3.6285e-16  5.0800e-15
    7     15  7.6613e-11  1.1492e-09
    8     16  1.9797e-09  3.1675e-08
    8     17  8.8507e-16  1.5046e-14
    8     18  4.1676e-12  7.5016e-11
    9     19  6.2975e-12  1.1965e-10
   10     20  5.6281e-10  1.1256e-08
   10     21  1.5263e-12  3.2052e-11
   10     22  2.3504e-12  5.1709e-11
   11     23  2.4789e-12  5.7015e-11
   12     24  2.0249e-10  4.8598e-09
   12     25  1.4751e-10  3.6877e-09
   12     26  1.0256e-09  2.6666e-08
   13     26  1.0907e-15  2.8357e-14
   13     27  9.1988e-10  2.4837e-08
   14     28  5.0365e-09  1.4102e-07
   14     29  2.3951e-09  6.9458e-08
   14     30  1.4005e-08  4.2016e-07
   15     31  1.4813e-09  4.5920e-08
   16     32  6.6683e-09  2.1338e-07
   16     33  6.0547e-09  1.9980e-07
   16     34  3.7311e-08  1.2686e-06
   16     36  4.7945e-08  1.7260e-06
   17     35  2.6400e-08  9.2399e-07
   17     37  1.0259e-07  3.7960e-06
   18     36  2.5312e-16  9.1122e-15
   18     38  1.8865e-07  7.1686e-06
   18     40  6.2485e-09  2.4994e-07
   19     39  5.6255e-09  2.1940e-07
   19     41  1.7737e-08  7.2722e-07
   20     42  4.1572e-08  1.7460e-06
   20     43  3.4590e-07  1.4874e-05
   20     44  6.4912e-07  2.8561e-05
   20     46  8.0179e-07  3.6882e-05
   21     45  1.2856e-07  5.7851e-06
   22     47  9.3625e-07  4.4004e-05
   22     48  9.8299e-07  4.7184e-05
   22     49  5.5285e-07  2.7090e-05
   22     50  9.7335e-07  4.8668e-05
   23     51  6.4981e-07  3.3140e-05
   24     52  2.2814e-07  1.1863e-05
   24     53  3.2717e-06  1.7340e-04
   24     54  7.0127e-06  3.7869e-04
   25     55  2.1722e-07  1.1947e-05
   26     56  8.4015e-07  4.7048e-05
   26     57  5.9419e-08  3.3869e-06
   26     58  4.3538e-08  2.5252e-06
   27     59  3.3837e-08  1.9964e-06
   28     60  1.4312e-08  8.5870e-07
   28     61  5.2359e-08  3.1939e-06
   28     62  2.6175e-07  1.6228e-05
   28     64  6.4403e-09  4.1218e-07
   29     63  2.9746e-07  1.8740e-05
   29     65  3.6866e-08  2.3963e-06
   30     64  1.3842e-20  8.8588e-19
   30     66  2.5384e-07  1.6753e-05
   30     67  2.0835e-07  1.3959e-05
   30     68  1.4437e-06  9.8172e-05
   30     70  1.2770e-06  8.9390e-05
   31     69  1.0009e-06  6.9065e-05
   31     71  1.4167e-07  1.0058e-05
   32     70  1.8884e-15  1.3219e-13
   32     72  6.1002e-07  4.3922e-05
   32     73  1.3272e-05  9.6883e-04
   32     74  5.8967e-06  4.3636e-04
   32     76  4.9704e-06  3.7775e-04
   33     75  1.8478e-06  1.3858e-04
   34     76  3.7982e-14  2.8867e-12
   34     77  1.6926e-05  1.3033e-03
   34     78  2.4430e-05  1.9056e-03
   34     80  4.1776e-05  3.3420e-03
   34     82  1.2403e-05  1.0170e-03
   35     79  7.6357e-06  6.0322e-04
   35     81  8.0378e-06  6.5106e-04
   36     82  1.1997e-13  9.8377e-12
   36     83  6.1196e-06  5.0793e-04
   36     84  1.0934e-06  9.1845e-05
   36     86  3.7902e-05  3.2595e-03
   37     85  1.3040e-05  1.1084e-03
   37     87  3.8096e-06  3.3143e-04
   38     86  4.3997e-20  3.7838e-18
   38     87  2.7894e-08  2.4268e-06
   38     88  4.2431e-06  3.7340e-04
   39     89  1.4844e-05  1.3211e-03
   40     90  6.1670e-05  5.5503e-03
   40     91  7.5316e-06  6.8537e-04
   40     92  2.2721e-05  2.0903e-03
   40     94  7.6056e-06  7.1493e-04
   41     93  1.7117e-05  1.5918e-03
   42     95  1.9431e-06  1.8459e-04
   42     96  8.2983e-07  7.9664e-05
   42     97  1.0131e-06  9.8275e-05
   42     98  8.2972e-06  8.1313e-04
   42    100  1.0542e-04  1.0542e-02
   44     99  3.7849e-05  3.7470e-03
   44    100  1.0739e-12  1.0739e-10
   44    101  2.2276e-04  2.2499e-02
   44    102  5.6103e-05  5.7225e-03
   44    104  3.6430e-04  3.7887e-02
   45    103  6.2351e-05  6.4221e-03
   46    104  5.6090e-18  5.8334e-16
   46    105  2.3732e-04  2.4919e-02
   46    106  2.1375e-04  2.2657e-02
   46    108  6.8094e-05  7.3542e-03
   46    110  3.5254e-04  3.8779e-02
   47    107  1.0294e-04  1.1015e-02
   47    109  2.4756e-04  2.6984e-02
   48    110  7.3223e-13  8.0546e-11
   48    111  5.1639e-05  5.7320e-03
   48    112  1.0331e-04  1.1570e-02
   48    113  5.6749e-05  6.4126e-03
   48    114  7.2140e-05  8.2240e-03
   48    116  2.7591e-06  3.2005e-04
   49    113  2.4976e-12  2.8222e-10
   49    115  2.1312e-05  2.4509e-03
   50    115  1.7004e-11  1.9554e-09
   50    116  4.5786e-13  5.3112e-11
   50    117  8.7595e-06  1.0249e-03
   50    118  2.9710e-06  3.5058e-04
   50    119  2.1783e-06  2.5921e-04
   50    120  3.9453e-05  4.7343e-03
   50    122  2.7327e-05  3.3339e-03
   50    124  1.5814e-05  1.9609e-03
   51    121  1.9955e-05  2.4146e-03
   51    123  9.8210e-06  1.2080e-03
   52    122  9.8925e-14  1.2069e-11
   52    124  1.3366e-15  1.6574e-13
   52    125  4.6930e-05  5.8662e-03
   52    126  1.2563e-04  1.5829e-02
   52    128  7.9377e-05  1.0160e-02
   52    130  9.3785e-07  1.2192e-04
   53    127  9.1979e-05  1.1681e-02
   53    129  8.5113e-14  1.0980e-11
   54    128  1.5417e-16  1.9734e-14
   54    129  2.3362e-05  3.0137e-03
   54    130  3.7013e-15  4.8117e-13
   54    131  2.2619e-08  2.9631e-06
   54    132  2.7253e-09  3.5974e-07
   54    134  4.1960e-10  5.6226e-08
   54    136  1.6604e-12  2.2581e-10
   55    133  1.4532e-09  1.9328e-07
   56    135  3.4069e-11  4.5993e-09
   56    137  2.4169e-13  3.3111e-11
   56    138  6.9438e-13  9.5825e-11
   57    139  1.3360e-12  1.8570e-10
   58    140  2.5986e-12  3.6381e-10
   58    142  1.4564e-13  2.0682e-11
   59    141  1.6318e-13  2.3009e-11
   60    143  1.1592e-13  1.6576e-11
   60    144  4.0732e-14  5.8654e-12
   60    145  7.1678e-15  1.0393e-12
   60    146  1.5250e-14  2.2266e-12
   60    148  6.2992e-14  9.3228e-12
   60    150  1.1373e-14  1.7060e-12
   62    147  3.5661e-14  5.2422e-12
   62    149  2.0506e-14  3.0554e-12
   62    152  9.7937e-15  1.4886e-12
   62    154  5.9664e-15  9.1882e-13
   63    151  3.7089e-15  5.6004e-13
   63    153  5.5913e-15  8.5547e-13
   64    155  5.1908e-15  8.0458e-13
   64    156  5.9573e-16  9.2935e-14
   64    157  8.9271e-16  1.4016e-13
   64    158  6.0191e-16  9.5102e-14
   64    160  9.8750e-17  1.5800e-14
   65    159  5.3309e-17  8.4761e-15
   66    161  9.7480e-17  1.5694e-14
   66    162  4.3569e-17  7.0582e-15
   66    163  2.5261e-17  4.1175e-15
   66    164  3.5707e-17  5.8559e-15
   67    165  1.8594e-17  3.0680e-15
   68    166  3.0002e-17  4.9804e-15
   68    167  8.1908e-18  1.3679e-15
   68    168  4.5337e-18  7.6166e-16
   68    170  9.1669e-19  1.5584e-16
   69    169  4.7465e-18  8.0216e-16
   70    171  3.1099e-19  5.3180e-17
   70    172  1.8025e-19  3.1003e-17
   70    173  8.4258e-20  1.4577e-17
   70    174  7.8566e-20  1.3670e-17
   70    176  2.7408e-20  4.8238e-18
   71    175  2.7492e-20  4.8110e-18
   72    177  1.1821e-20  2.0924e-18
    1      1  1.3389e-10  1.3389e-10
    2      4  1.6348e-01  6.5393e-01


