    1      2  4.3505e-08  8.7010e-08
    2      3  2.3505e-09  7.0516e-09
    3      6  3.7880e-12  2.2728e-11
    3      7  1.5276e-09  1.0693e-08
    4      8  5.1805e-08  4.1444e-07
    4      9  2.6741e-08  2.4066e-07
    5     10  2.9411e-07  2.9411e-06
    5     11  7.5053e-10  8.2558e-09
    6     12  2.2004e-09  2.6405e-08
    6     13  5.6576e-09  7.3549e-08
    7     14  6.6618e-08  9.3265e-07
    7     15  3.9366e-06  5.9049e-05
    8     16  6.2795e-06  1.0047e-04
    8     17  2.5201e-07  4.2842e-06
    8     18  3.7558e-07  6.7605e-06
    9     19  6.3749e-07  1.2112e-05
   10     20  1.2668e-06  2.5336e-05
   10     21  1.5011e-06  3.1523e-05
   10     22  2.7372e-08  6.0217e-07
   11     23  4.5171e-07  1.0389e-05
   12     24  2.4483e-07  5.8759e-06
   12     25  1.4246e-07  3.5615e-06
   12     26  1.4421e-07  3.7494e-06
   13     27  7.9246e-08  2.1397e-06
   14     28  9.3839e-08  2.6275e-06
   14     29  4.6577e-08  1.3507e-06
   14     30  1.0934e-07  3.2802e-06
   15     31  1.9523e-08  6.0523e-07
   16     32  9.6893e-08  3.1006e-06
   16     33  1.4893e-07  4.9148e-06
   16     34  2.1662e-07  7.3650e-06
   16     36  4.2781e-08  1.5401e-06
   17     35  3.3480e-08  1.1718e-06
   17     37  3.2619e-09  1.2069e-07
   18     36  2.2110e-16  7.9596e-15
   18     38  1.0885e-08  4.1363e-07
   18     40  2.0959e-09  8.3838e-08
   19     39  9.4151e-09  3.6719e-07
   19     41  2.5636e-09  1.0511e-07
   20     42  1.0108e-08  4.2452e-07
   20     43  2.4712e-09  1.0626e-07
   20     44  7.8571e-09  3.4571e-07
   20     46  7.5374e-10  3.4672e-08
   21     45  6.4729e-09  2.9128e-07
   22     46  1.9571e-18  9.0027e-17
   22     47  3.5170e-10  1.6530e-08
   22     48  3.6444e-10  1.7493e-08
   22     49  2.9874e-10  1.4638e-08
   22     50  2.7112e-10  1.3556e-08
   23     51  4.3737e-10  2.2306e-08
   24     52  1.9032e-10  9.8968e-09
   24     53  3.3888e-09  1.7961e-07
   24     54  4.7435e-10  2.5615e-08
   25     55  4.8692e-11  2.6781e-09
   26     56  1.3312e-09  7.4545e-08
   26     57  5.5468e-10  3.1617e-08
   26     58  4.1861e-10  2.4280e-08
   27     59  5.7699e-11  3.4042e-09
   28     60  9.5661e-11  5.7396e-09
   28     61  3.1399e-11  1.9153e-09
   28     62  7.8185e-11  4.8475e-09
   28     64  2.3755e-09  1.5203e-07
   29     63  6.6258e-09  4.1742e-07
   29     65  1.4319e-09  9.3073e-08
   30     64  2.8679e-19  1.8355e-17
   30     66  2.1856e-09  1.4425e-07
   30     67  1.7624e-08  1.1808e-06
   30     68  6.0972e-09  4.1461e-07
   30     70  8.9000e-09  6.2300e-07
   31     69  1.7234e-09  1.1892e-07
   31     71  3.4991e-09  2.4844e-07
   32     70  4.9837e-14  3.4886e-12
   32     72  2.7281e-09  1.9643e-07
   32     73  3.0611e-09  2.2346e-07
   32     74  2.1903e-08  1.6208e-06
   32     76  3.2454e-09  2.4665e-07
   33     75  8.9867e-09  6.7401e-07
   34     76  9.8969e-13  7.5217e-11
   34     77  7.3702e-09  5.6750e-07
   34     78  4.9823e-09  3.8862e-07
   34     80  8.9020e-08  7.1216e-06
   34     82  6.2869e-08  5.1553e-06
   35     79  9.1180e-09  7.2032e-07
   35     81  3.1957e-08  2.5885e-06
   36     82  4.9419e-12  4.0524e-10
   36     83  6.7183e-08  5.5762e-06
   36     84  4.1142e-09  3.4560e-07
   36     86  6.1845e-09  5.3187e-07
   37     85  1.4647e-08  1.2450e-06
   37     87  2.6322e-08  2.2901e-06
   38     86  8.6494e-19  7.4385e-17
   38     87  1.9274e-10  1.6768e-08
   38     88  1.7425e-09  1.5334e-07
   39     89  5.2366e-09  4.6606e-07
   40     90  5.7653e-09  5.1888e-07
   40     91  1.3311e-08  1.2113e-06
   40     92  1.2527e-08  1.1525e-06
   40     94  3.5280e-08  3.3163e-06
   41     93  1.1546e-08  1.0737e-06
   42     95  2.3023e-08  2.1872e-06
   42     96  8.0498e-09  7.7278e-07
   42     97  1.6964e-08  1.6455e-06
   42     98  4.7798e-09  4.6842e-07
   42    100  5.4083e-09  5.4083e-07
   44     99  2.7628e-09  2.7352e-07
   44    100  1.4726e-12  1.4726e-10
   44    101  2.4082e-09  2.4323e-07
   44    102  4.0414e-09  4.1223e-07
   44    104  4.0725e-09  4.2354e-07
   45    103  5.0060e-09  5.1562e-07
   46    104  6.5920e-17  6.8557e-15
   46    105  6.6455e-10  6.9778e-08
   46    106  2.7564e-09  2.9217e-07
   46    108  6.1772e-09  6.6713e-07
   46    110  1.6968e-08  1.8665e-06
   47    107  2.1792e-09  2.3317e-07
   47    109  5.8274e-09  6.3519e-07
   48    110  2.4265e-13  2.6692e-11
   48    111  3.3550e-09  3.7241e-07
   48    112  9.4258e-09  1.0557e-06
   48    113  6.5458e-09  7.3967e-07
   48    114  1.4902e-08  1.6988e-06
   48    116  4.8676e-09  5.6465e-07
   49    113  2.8808e-16  3.2553e-14
   49    115  1.0684e-08  1.2287e-06
   50    115  8.5243e-15  9.8030e-13
   50    116  1.9025e-12  2.2070e-10
   50    117  1.4272e-09  1.6698e-07
   50    118  4.3226e-10  5.1007e-08
   50    119  1.8056e-10  2.1487e-08
   50    120  9.4816e-10  1.1378e-07
   50    122  3.5955e-09  4.3865e-07
   50    124  2.3297e-09  2.8888e-07
   51    121  5.8196e-09  7.0417e-07
   51    123  2.9012e-09  3.5685e-07
   52    122  1.2215e-13  1.4902e-11
   52    124  9.5905e-16  1.1892e-13
   52    125  3.7107e-08  4.6384e-06
   52    126  2.2530e-08  2.8388e-06
   52    128  1.2122e-07  1.5516e-05
   52    130  5.3822e-08  6.9969e-06
   53    127  1.0950e-07  1.3907e-05
   53    129  1.6544e-15  2.1342e-13
   54    128  1.7998e-14  2.3037e-12
   54    129  2.1246e-07  2.7408e-05
   54    130  1.2673e-12  1.6475e-10
   54    131  2.5146e-08  3.2941e-06
   54    132  2.2490e-08  2.9687e-06
   54    134  1.1103e-08  1.4877e-06
   54    136  1.5141e-08  2.0592e-06
   55    133  1.3772e-08  1.8317e-06
   56    134  1.2155e-16  1.6288e-14
   56    135  6.0998e-09  8.2347e-07
   56    136  1.6313e-14  2.2185e-12
   56    137  4.7413e-09  6.4956e-07
   56    138  2.1482e-08  2.9645e-06
   57    139  1.8124e-09  2.5192e-07
   58    140  6.7486e-09  9.4481e-07
   58    142  8.0105e-09  1.1375e-06
   59    141  1.2822e-08  1.8079e-06
   60    142  7.4848e-17  1.0628e-14
   60    143  4.5986e-09  6.5761e-07
   60    144  3.8241e-09  5.5067e-07
   60    145  5.0686e-10  7.3495e-08
   60    146  1.8794e-09  2.7439e-07
   60    148  1.7890e-09  2.6477e-07
   60    150  2.8287e-10  4.2431e-08
   62    147  2.3002e-09  3.3814e-07
   62    148  1.0056e-12  1.4882e-10
   62    149  2.9466e-10  4.3904e-08
   62    150  3.0712e-13  4.6069e-11
   62    152  4.9963e-11  7.5944e-09
   62    154  1.6691e-11  2.5704e-09
   63    151  1.6828e-11  2.5410e-09
   63    153  2.2539e-11  3.4484e-09
   64    154  4.4898e-16  6.9143e-14
   64    155  3.5091e-10  5.4390e-08
   64    156  1.2166e-10  1.8979e-08
   64    157  4.7148e-11  7.4022e-09
   64    158  1.7014e-10  2.6882e-08
   64    160  7.9711e-12  1.2754e-09
   65    159  5.3157e-12  8.4520e-10
   66    160  7.3410e-18  1.1746e-15
   66    161  5.2188e-12  8.4023e-10
   66    162  2.4440e-12  3.9593e-10
   66    163  3.3130e-12  5.4002e-10
   66    164  1.6860e-12  2.7651e-10
   67    165  2.4389e-12  4.0241e-10
   68    166  1.1243e-12  1.8664e-10
   68    167  3.3275e-12  5.5569e-10
   68    168  1.8632e-12  3.1301e-10
   68    170  1.1439e-12  1.9446e-10
   69    169  2.3483e-11  3.9687e-09
   70    170  2.1776e-17  3.7019e-15
   70    171  8.5701e-12  1.4655e-09
   70    172  1.5578e-12  2.6795e-10
   70    173  1.0451e-12  1.8080e-10
   70    174  7.2818e-12  1.2670e-09
   70    176  1.4213e-12  2.5015e-10
   71    175  1.0895e-12  1.9067e-10
   71    176  2.3039e-19  4.0549e-17
   72    177  1.2559e-11  2.2229e-09
   72    178  3.8711e-12  6.8906e-10
   72    179  2.8206e-12  5.0489e-10
   72    180  7.2768e-12  1.3098e-09
   73    181  1.2667e-11  2.2928e-09
   74    182  2.3724e-11  4.3177e-09
   74    183  5.0682e-11  9.2747e-09
   74    184  3.3454e-11  6.1556e-09
   74    186  1.6495e-11  3.0681e-09
   75    185  1.6507e-11  3.0538e-09
   75    187  3.5253e-11  6.5924e-09
   76    186  8.5237e-20  1.5854e-17
   76    187  2.8650e-13  5.3576e-11
   76    188  4.8935e-11  9.1998e-09
   76    189  1.0546e-10  1.9932e-08
   76    190  5.7404e-11  1.0907e-08
   76    192  9.2836e-11  1.7825e-08
   77    191  6.6613e-10  1.2723e-07
   77    193  2.0317e-11  3.9213e-09
   78    192  5.6600e-17  1.0867e-14
   78    194  1.4049e-10  2.7255e-08
   78    195  3.8383e-10  7.4847e-08
   78    196  2.4515e-10  4.8050e-08
   78    198  4.5259e-10  8.9612e-08
   79    197  1.0179e-09  2.0053e-07
   80    198  2.8792e-16  5.7009e-14
   80    199  1.1570e-10  2.3024e-08
   80    200  1.4942e-07  2.9885e-05
   80    201  8.6680e-08  1.7423e-05
   80    202  2.0578e-07  4.1567e-05
   80    204  1.9154e-07  3.9075e-05
   81    203  2.3801e-07  4.8317e-05
   81    205  1.1615e-07  2.3810e-05
   82    204  8.3178e-17  1.6968e-14
   82    206  6.2244e-07  1.2822e-04
   82    207  8.4549e-07  1.7502e-04
   82    208  7.5011e-07  1.5602e-04
   82    210  1.6818e-15  3.5317e-13
   82    211  4.0608e-20  8.5682e-18
   83    209  8.2130e-07  1.7165e-04
   83    210  3.5278e-20  7.4083e-18
   84    210  9.7404e-19  2.0455e-16
   86    222  2.6887e-20  5.9690e-18
   88    223  3.9698e-18  8.8527e-16
   88    224  1.2883e-20  2.8858e-18
   88    226  4.1142e-15  9.2980e-13
   88    228  4.1427e-14  9.4454e-12
   89    227  2.7607e-15  6.2667e-13
   90    227  6.3804e-18  1.4483e-15
   90    228  2.4740e-18  5.6408e-16
   90    230  1.9390e-13  4.4597e-11
   90    231  3.6927e-19  8.5302e-17
   90    232  1.8134e-08  4.2071e-06
   90    234  6.5563e-20  1.5342e-17
   91    231  4.1388e-12  9.5607e-10
   92    234  6.3139e-13  1.4774e-10
   92    235  8.9203e-08  2.0963e-05
   92    236  5.3165e-11  1.2547e-08
   92    238  1.1486e-08  2.7337e-06
   94    239  1.4515e-18  3.4690e-16
   94    240  1.0524e-14  2.5257e-12
   94    244  1.2810e-10  3.1256e-08
   95    243  4.4371e-19  1.0782e-16
   96    244  3.4767e-20  8.4832e-18
   96    247  9.3650e-16  2.3132e-13
   97    246  1.9925e-12  4.9017e-10
  100    258  3.4620e-08  8.9320e-06
  100    260  2.9439e-07  7.6540e-05
  100    262  1.4597e-07  3.8245e-05
  102    260  1.9053e-18  4.9538e-16
  102    261  2.7846e-07  7.2679e-05
  102    263  4.8531e-08  1.2764e-05
  102    264  5.5017e-08  1.4524e-05
  102    266  5.9903e-08  1.5934e-05
  103    265  5.9594e-08  1.5792e-05
  104    267  4.2335e-08  1.1303e-05
  104    268  7.6664e-08  2.0546e-05
  104    270  2.0153e-07  5.4413e-05
  104    272  2.8680e-07  7.8009e-05
  104    274  8.9524e-07  2.4530e-04
  105    269  2.3555e-07  6.3363e-05
  105    271  1.7298e-07  4.6878e-05
  106    273  2.7935e-07  7.6263e-05
  106    275  3.4862e-06  9.5871e-04
  106    276  1.0530e-05  2.9063e-03
  106    278  1.6758e-05  4.6589e-03
  106    280  1.3148e-05  3.6814e-03
  107    277  4.2501e-06  1.1773e-03
  108    279  2.2282e-05  6.2166e-03
  108    281  4.6346e-06  1.3023e-03
  108    282  1.3208e-05  3.7247e-03
  108    283  1.8387e-06  5.2036e-04
  108    284  3.8025e-07  1.0799e-04
  108    286  7.3482e-09  2.1016e-06
  110    285  2.7229e-08  7.7603e-06
  110    287  3.1190e-09  8.9514e-07
  110    288  1.3684e-09  3.9410e-07
  110    290  1.5655e-09  4.5398e-07
  111    289  6.1201e-10  1.7687e-07
  111    291  9.0891e-11  2.6449e-08
  111    292  5.4346e-09  1.5869e-06
  111    293  1.7188e-09  5.0360e-07
  111    294  1.0132e-08  2.9788e-06
  111    295  8.8378e-09  2.6072e-06
  111    296  6.1805e-09  1.8294e-06
  111    297  2.0058e-09  5.9572e-07
  111    298  4.2355e-09  1.2622e-06
  111    299  6.4040e-16  1.9148e-13
  111    300  2.1572e-10  6.4717e-08
  111    301  8.4631e-08  2.5474e-05
  111    302  3.0176e-08  9.1132e-06
  111    303  3.5879e-08  1.0871e-05
  111    304  6.6817e-08  2.0313e-05
  111    305  1.2331e-07  3.7611e-05
  111    306  2.6092e-07  7.9841e-05
  111    307  1.8043e-07  5.5393e-05
  111    308  2.2780e-07  7.0162e-05
  111    309  4.8571e-07  1.5008e-04
  111    310  2.8005e-07  8.6814e-05
  111    311  3.7863e-07  1.1775e-04
  111    312  2.6394e-07  8.2348e-05
  111    313  3.1311e-07  9.8002e-05
  111    314  1.8352e-07  5.7626e-05
  111    315  2.3623e-07  7.4413e-05
  111    316  3.2799e-07  1.0364e-04
  111    317  4.3666e-07  1.3842e-04
  111    318  4.4864e-07  1.4267e-04
  111    319  5.2623e-07  1.6787e-04
  111    320  7.5414e-07  2.4132e-04
  111    321  4.2649e-07  1.3690e-04
  111    322  5.9412e-07  1.9131e-04
  111    323  7.8341e-07  2.5304e-04
  111    324  5.7938e-07  1.8772e-04
  111    325  6.0123e-07  1.9540e-04
  111    326  1.5349e-06  5.0037e-04
  111    327  2.5602e-06  8.3719e-04
  111    328  7.1783e-07  2.3545e-04
  111    329  1.3446e-05  4.4239e-03
  111    330  2.2402e-06  7.3928e-04
  111    331  2.4761e-06  8.1960e-04
  111    332  6.3437e-06  2.1061e-03
  111    333  3.4579e-06  1.1515e-03
  111    334  1.2858e-06  4.2947e-04
  111    335  1.5415e-06  5.1640e-04
  111    336  3.8282e-07  1.2863e-04
  111    337  2.8044e-04  9.4510e-02
    1      1  1.5417e-06  1.5417e-06
    2      4  2.1586e-01  8.6342e-01


