1  2.2669e-09
2  3.6354e-09
3  2.5761e-10
4  2.2199e-01
5  0.0000e+00
6  9.9456e-12
7  3.4196e-10
8  1.4525e-10
9  3.4721e-11
10  1.4061e-10
11  4.0382e-10
12  1.7836e-09
13  5.1598e-08
14  4.6175e-07
15  2.4696e-06
16  1.0298e-07
17  2.4005e-09
18  1.8259e-08
19  4.3355e-07
20  6.1429e-07
21  4.3468e-07
22  4.9326e-09
23  6.0931e-07
24  1.9866e-07
25  2.2436e-07
26  2.2177e-08
27  2.9667e-07
28  8.3016e-07
29  1.5129e-07
30  7.9431e-08
31  8.3061e-08
32  1.5927e-07
33  1.3113e-06
34  1.0105e-06
35  2.2105e-08
36  3.0255e-08
37  6.2226e-08
38  1.2373e-07
39  7.5940e-08
40  1.2255e-07
41  1.1055e-07
42  6.5241e-07
43  2.4361e-07
44  9.1286e-08
45  1.4005e-07
46  9.1265e-08
47  1.0150e-07
48  2.2380e-07
49  1.8173e-07
50  1.6613e-07
51  3.0426e-08
52  1.6054e-07
53  1.2879e-07
54  7.1504e-08
55  7.7013e-08
56  1.9363e-07
57  2.4663e-07
58  1.1432e-08
59  1.2338e-08
60  2.9030e-08
61  5.5458e-08
62  9.5935e-08
63  4.8949e-07
64  3.4584e-07
65  2.3854e-07
66  6.1880e-07
67  2.1596e-07
68  3.0557e-07
69  2.8542e-07
70  6.6269e-07
71  1.0598e-07
72  2.8789e-07
73  1.5425e-07
74  3.4732e-07
75  1.0184e-07
76  1.6960e-07
77  4.6834e-07
78  9.3648e-07
79  1.2532e-06
80  4.9755e-06
81  2.6006e-06
82  1.1938e-06
83  1.3805e-06
84  5.1149e-07
85  3.9018e-07
86  9.2968e-07
87  8.4788e-07
88  5.7833e-07
89  2.0908e-07
90  3.6337e-07
91  1.5162e-07
92  1.2504e-06
93  5.8644e-07
94  1.3828e-06
95  6.0014e-07
96  4.8012e-07
97  2.4581e-07
98  2.4270e-07
99  3.0646e-07
100  3.4008e-07
101  3.8819e-07
102  2.0642e-07
103  2.3583e-07
104  2.9197e-07
105  2.6017e-07
106  3.9092e-07
107  2.6625e-07
108  3.9102e-07
109  6.3697e-07
110  8.9441e-07
111  1.4567e-07
112  3.8209e-07
113  2.0696e-07
114  1.8062e-07
115  1.1450e-07
116  3.8039e-08
117  5.4382e-08
118  8.1736e-08
119  8.7986e-08
120  3.4953e-07
121  3.0857e-07
122  6.2093e-07
123  7.2344e-07
124  2.8112e-06
125  3.5974e-06
126  7.0127e-06
127  8.6211e-06
128  1.0292e-05
129  6.6690e-06
130  2.8093e-06
131  1.8759e-06
132  1.5275e-06
133  1.5977e-06
134  2.3863e-06
135  2.2532e-06
136  3.0923e-06
137  1.6010e-06
138  9.2591e-07
139  1.2249e-06
140  2.9609e-06
141  1.6202e-06
142  3.5154e-07
143  1.7318e-07
144  3.1127e-07
145  3.3634e-07
146  5.6549e-07
147  6.9329e-07
148  1.6038e-06
149  1.0358e-06
150  1.0036e-06
151  1.0121e-06
152  1.2942e-06
153  9.0133e-07
154  1.3575e-06
155  7.0219e-07
156  1.9398e-06
157  1.3275e-06
158  2.6436e-06
159  1.2837e-06
160  1.8017e-06
161  1.0180e-06
162  2.2523e-06
163  1.3446e-06
164  3.3901e-06
165  1.8959e-06
166  3.6747e-06
167  1.5841e-06
168  3.8917e-06
169  2.9876e-06
170  2.7080e-06
171  2.2649e-06
172  2.3935e-06
173  2.8768e-06
174  3.1461e-06
175  2.1709e-06
176  2.0029e-06
177  2.0632e-06
178  1.3961e-06
179  1.0260e-06
180  1.1631e-06
181  1.2109e-06
182  2.5850e-06
183  1.8715e-06
184  7.5190e-06
185  4.1919e-06
186  2.1497e-05
187  1.6179e-05
188  2.7796e-05
189  2.7894e-05
190  4.3058e-05
191  3.2572e-05
192  5.9453e-05
193  5.2818e-05
194  7.2663e-05
195  4.3452e-05
196  2.0332e-05
197  6.5964e-06
198  1.8707e-06
199  5.7138e-07
200  3.0997e-07
201  2.0609e-07
202  2.1173e-07
203  2.4248e-07
204  3.3953e-07
205  2.4143e-07
206  4.1532e-06
207  3.1108e-06
208  3.5502e-06
209  3.7449e-06
210  1.3862e-13
211  3.7877e-19
212  5.7481e-19
213  3.2580e-44
214  7.2597e-20
215  2.1711e-25
216  6.6600e-25
217  1.6645e-95
218  1.2477e-21
219  1.4656e-22
220  2.5538e-22
221  -2.4170e-320
222  2.2148e-18
223  3.6565e-17
224  1.4423e-18
225  1.9636e-40
226  3.3890e-13
227  2.5486e-14
228  4.6381e-12
229  7.3240e-30
230  1.5972e-11
231  3.8121e-11
232  2.0301e-06
233  2.6175e-27
234  5.2010e-11
235  8.2161e-07
236  5.2194e-09
237  6.2535e-319
238  9.4618e-07
239  3.5703e-18
240  1.0332e-12
241  0.0000e+00
242  8.1544e-122
243  1.0914e-18
244  1.2577e-08
245  0.0000e+00
246  1.9593e-10
247  2.3036e-15
248  8.0862e-121
249  0.0000e+00
250  0.0000e+00
251  6.4710e-314
252  0.0000e+00
253  0.0000e+00
254  0.0000e+00
255  0.0000e+00
256  0.0000e+00
257  7.0351e-26
258  2.1501e-07
259  8.8973e-26
260  1.3085e-07
261  1.2386e-07
262  1.4075e-07
263  1.0772e-07
264  1.0430e-07
265  8.8780e-08
266  9.6109e-08
267  6.8737e-08
268  4.7813e-08
269  8.8399e-08
270  4.2649e-08
271  2.5966e-08
272  1.9360e-08
273  1.1836e-08
274  8.5943e-09
275  2.8284e-09
276  2.0605e-09
277  3.1700e-10
278  2.1850e-10
279  3.2417e-11
280  5.2463e-12
281  6.8420e-13
282  1.2916e-13
283  3.7005e-15
284  1.8804e-15
285  1.5940e-15
286  4.2221e-15
287  8.4502e-15
288  4.3663e-15
289  2.1740e-15
290  5.7271e-15
291  3.3426e-16
292  2.2177e-14
293  5.8544e-15
294  2.0454e-14
295  1.1647e-14
296  6.8000e-15
297  1.9920e-15
298  4.0039e-15
299  5.3150e-22
300  1.8517e-16
301  1.8044e-14
302  3.8355e-15
303  5.0759e-15
304  7.6167e-15
305  1.3869e-14
306  1.0166e-14
307  2.5920e-15
308  1.3065e-15
309  3.5970e-15
310  1.9258e-15
311  1.1510e-15
312  6.0152e-16
313  5.7193e-16
314  5.4680e-16
315  5.4514e-16
316  3.9269e-16
317  6.4029e-16
318  2.2330e-16
319  5.1342e-16
320  2.2457e-16
321  8.4227e-17
322  1.2496e-16
323  6.4602e-17
324  6.2864e-17
325  2.5957e-17
326  3.1674e-17
327  1.4075e-17
328  7.5990e-20
329  3.9254e-18
330  4.8215e-20
331  2.6621e-19
332  7.5134e-20
333  3.1552e-19
334  4.0508e-23
335  1.2144e-20
336  6.0839e-23
337  1.4264e-19

