1  1.7599e-10
2  1.8595e-01
3  1.0937e-19
4  5.9696e-19
5  2.1481e-19
6  1.9928e-07
7  1.7943e-15
8  6.4662e-09
9  2.4548e-17
10  6.2004e-09
11  6.3752e-13
12  4.6989e-09
13  5.4677e-10
14  8.3706e-09
15  4.8884e-09
16  8.3230e-08
17  1.4287e-08
18  2.0190e-08
19  3.8811e-09
20  4.0100e-07
21  3.2330e-09
22  1.2106e-06
23  1.6528e-07
24  5.0799e-06
25  1.3265e-08
26  3.1587e-06
27  1.6255e-06
28  3.4076e-06
29  1.4432e-06
30  1.4476e-06
31  5.5628e-07
32  1.2937e-05
33  8.5079e-07
34  6.1739e-05
35  1.2704e-05
36  4.1281e-05
37  1.1962e-05
38  6.4795e-05
39  2.3685e-05
40  1.5303e-04
41  8.9345e-06
42  2.6490e-04
43  8.0931e-30
44  1.2325e-03
45  1.0660e-04
46  4.0363e-04
47  5.8505e-05
48  6.3419e-05
49  5.4654e-06
50  8.8284e-06
51  8.7072e-07
52  1.2037e-06
53  5.3982e-07
54  2.2840e-07
55  1.6821e-14
56  4.5551e-17
57  9.1304e-19
58  3.1993e-19
59  1.7778e-19
60  1.0186e-19
61  9.1585e-29
62  1.8108e-21
63  5.9307e-22
64  1.4927e-22
65  3.7665e-25
66  2.6170e-24
67  3.1891e-25
68  2.2862e-26
69  0.0000e+00
70  0.0000e+00
71  0.0000e+00
72  0.0000e+00
73  0.0000e+00
74  0.0000e+00
75  0.0000e+00
76  0.0000e+00
77  0.0000e+00
78  0.0000e+00
79  0.0000e+00
80  0.0000e+00
81  0.0000e+00
82  0.0000e+00
83  0.0000e+00
84  0.0000e+00
85  0.0000e+00
86  0.0000e+00
87  0.0000e+00
88  0.0000e+00
89  0.0000e+00
90  0.0000e+00
91  0.0000e+00
92  0.0000e+00
93  0.0000e+00
94  0.0000e+00
95  0.0000e+00
96  0.0000e+00
97  0.0000e+00
98  0.0000e+00
99  0.0000e+00
100  0.0000e+00
101  0.0000e+00
102  0.0000e+00
103  0.0000e+00
104  0.0000e+00
105  0.0000e+00
106  0.0000e+00
107  0.0000e+00
108  0.0000e+00
109  0.0000e+00
110  0.0000e+00
111  0.0000e+00
112  0.0000e+00
113  0.0000e+00
114  0.0000e+00
115  0.0000e+00
116  0.0000e+00
117  0.0000e+00
118  0.0000e+00

