    1      2  9.4129e-10  1.8826e-09
    2      3  1.9406e-11  5.8217e-11
    3      6  2.6026e-12  1.5616e-11
    3      7  3.2516e-11  2.2761e-10
    4      8  6.7924e-13  5.4340e-12
    4      9  5.2361e-16  4.7125e-15
    5     10  6.6920e-12  6.6920e-11
    5     11  3.3661e-11  3.7027e-10
    6     12  3.5720e-09  4.2864e-08
    6     13  3.9132e-11  5.0872e-10
    7     14  2.9562e-07  4.1386e-06
    7     15  2.2177e-08  3.3265e-07
    8     16  2.3818e-09  3.8109e-08
    8     17  1.4466e-10  2.4592e-09
    8     18  4.9734e-08  8.9522e-07
    9     19  2.6417e-08  5.0191e-07
   10     20  4.4946e-08  8.9891e-07
   10     21  6.2711e-08  1.3169e-06
   10     22  6.7110e-09  1.4764e-07
   11     23  1.6854e-08  3.8765e-07
   12     24  3.4220e-08  8.2128e-07
   12     25  5.9549e-08  1.4887e-06
   12     26  9.8070e-07  2.5498e-05
   13     26  6.0760e-17  1.5798e-15
   13     27  7.9046e-08  2.1342e-06
   14     28  2.2449e-07  6.2858e-06
   14     29  4.4975e-08  1.3043e-06
   14     30  2.4201e-08  7.2603e-07
   15     31  2.6861e-08  8.3270e-07
   16     32  5.8606e-08  1.8754e-06
   16     33  8.3908e-07  2.7690e-05
   16     34  6.5364e-07  2.2224e-05
   16     36  1.9282e-08  6.9415e-07
   17     35  1.1058e-08  3.8702e-07
   17     37  1.1882e-07  4.3963e-06
   18     36  4.3921e-19  1.5811e-17
   18     38  2.2178e-07  8.4277e-06
   18     40  4.8276e-07  1.9311e-05
   19     39  2.4540e-07  9.5706e-06
   19     41  5.5934e-08  2.2933e-06
   20     42  7.6846e-07  3.2275e-05
   20     43  4.0257e-07  1.7310e-05
   20     44  2.3090e-07  1.0160e-05
   20     46  5.9963e-07  2.7583e-05
   21     45  7.2485e-07  3.2618e-05
   22     46  4.8462e-19  2.2293e-17
   22     47  4.5737e-07  2.1496e-05
   22     48  2.8972e-07  1.3906e-05
   22     49  4.1845e-07  2.0504e-05
   22     50  4.8571e-07  2.4285e-05
   23     51  1.3024e-07  6.6423e-06
   24     52  1.6059e-07  8.3508e-06
   24     53  9.3483e-08  4.9546e-06
   24     54  3.6960e-08  1.9958e-06
   25     55  3.2573e-08  1.7915e-06
   26     56  2.5304e-07  1.4170e-05
   26     57  4.5406e-07  2.5882e-05
   26     58  8.0353e-09  4.6604e-07
   27     59  1.4696e-08  8.6708e-07
   28     60  4.9771e-08  2.9863e-06
   28     61  7.1478e-08  4.3601e-06
   28     62  4.5802e-08  2.8397e-06
   28     64  7.5177e-08  4.8113e-06
   29     63  4.5224e-07  2.8491e-05
   29     65  9.7547e-08  6.3405e-06
   30     64  8.9003e-20  5.6962e-18
   30     66  2.8213e-07  1.8621e-05
   30     67  3.6221e-07  2.4268e-05
   30     68  1.3814e-07  9.3932e-06
   30     70  1.0455e-06  7.3184e-05
   31     69  1.6811e-07  1.1600e-05
   31     71  2.5310e-07  1.7970e-05
   32     70  9.8293e-15  6.8805e-13
   32     72  7.1350e-07  5.1372e-05
   32     73  6.9509e-07  5.0742e-05
   32     74  1.6794e-06  1.2427e-04
   32     76  1.4871e-07  1.1302e-05
   33     75  7.5897e-07  5.6922e-05
   34     76  2.7569e-13  2.0952e-11
   34     77  7.8472e-07  6.0423e-05
   34     78  4.2342e-06  3.3027e-04
   34     80  1.7238e-05  1.3791e-03
   34     82  6.3189e-06  5.1815e-04
   35     79  6.1781e-06  4.8807e-04
   35     81  5.1494e-06  4.1710e-04
   36     82  2.0219e-12  1.6580e-10
   36     83  4.2134e-06  3.4971e-04
   36     84  1.5006e-06  1.2605e-04
   36     86  3.3075e-06  2.8444e-04
   37     85  1.4356e-06  1.2202e-04
   37     87  3.9670e-06  3.4513e-04
   38     86  1.7396e-19  1.4960e-17
   38     87  2.9048e-08  2.5271e-06
   38     88  3.5271e-06  3.1039e-04
   39     89  1.2689e-06  1.1294e-04
   40     90  1.6371e-06  1.4734e-04
   40     91  8.0915e-07  7.3633e-05
   40     92  2.4644e-06  2.2672e-04
   40     94  3.3661e-06  3.1641e-04
   41     93  1.2107e-06  1.1259e-04
   42     95  2.5724e-06  2.4438e-04
   42     96  1.4270e-06  1.3699e-04
   42     97  2.1909e-06  2.1252e-04
   42     98  6.4161e-07  6.2878e-05
   42    100  1.3549e-06  1.3549e-04
   44     99  9.7183e-07  9.6211e-05
   44    100  1.0741e-12  1.0741e-10
   44    101  1.4278e-06  1.4420e-04
   44    102  1.1960e-06  1.2199e-04
   44    104  8.4056e-07  8.7418e-05
   45    103  1.5822e-06  1.6297e-04
   46    104  2.0800e-17  2.1632e-15
   46    105  7.3777e-07  7.7466e-05
   46    106  1.5112e-06  1.6019e-04
   46    108  1.3968e-06  1.5085e-04
   46    110  4.8659e-06  5.3525e-04
   47    107  1.2276e-06  1.3135e-04
   47    109  2.7519e-06  2.9996e-04
   48    110  3.4822e-13  3.8305e-11
   48    111  7.7299e-07  8.5802e-05
   48    112  3.1669e-06  3.5469e-04
   48    113  1.7171e-06  1.9403e-04
   48    114  1.5434e-06  1.7594e-04
   48    116  1.2085e-07  1.4018e-05
   49    113  7.5571e-14  8.5395e-12
   49    115  1.6985e-06  1.9533e-04
   50    115  1.3551e-12  1.5584e-10
   50    116  1.0613e-12  1.2311e-10
   50    117  2.4470e-07  2.8630e-05
   50    118  1.2994e-07  1.5333e-05
   50    119  8.0522e-08  9.5822e-06
   50    120  4.5473e-07  5.4568e-05
   50    122  6.0252e-07  7.3507e-05
   50    124  3.6607e-06  4.5392e-04
   51    121  2.8211e-07  3.4135e-05
   51    123  5.1168e-07  6.2937e-05
   52    122  2.5780e-14  3.1452e-12
   52    124  5.1864e-16  6.4311e-14
   52    125  8.2522e-06  1.0315e-03
   52    126  5.1664e-05  6.5096e-03
   52    128  1.7373e-04  2.2237e-02
   52    130  1.5336e-04  1.9937e-02
   53    127  8.7190e-05  1.1073e-02
   53    129  5.0905e-13  6.5667e-11
   54    128  1.4179e-14  1.8149e-12
   54    129  3.0846e-04  3.9791e-02
   54    130  2.6178e-12  3.4031e-10
   54    131  3.4383e-05  4.5042e-03
   54    132  6.7389e-05  8.8954e-03
   54    134  3.3451e-05  4.4825e-03
   54    136  2.4652e-05  3.3526e-03
   55    133  7.1811e-05  9.5508e-03
   56    134  3.1931e-16  4.2787e-14
   56    135  1.6312e-05  2.2021e-03
   56    136  8.2881e-14  1.1272e-11
   56    137  1.2418e-05  1.7013e-03
   56    138  7.6448e-06  1.0550e-03
   57    139  6.7047e-06  9.3195e-04
   58    140  1.6059e-05  2.2482e-03
   58    142  3.5518e-06  5.0436e-04
   59    141  1.0501e-05  1.4806e-03
   60    142  7.0624e-17  1.0029e-14
   60    143  1.2258e-06  1.7529e-04
   60    144  8.5558e-07  1.2320e-04
   60    145  4.6459e-07  6.7365e-05
   60    146  9.6299e-07  1.4060e-04
   60    148  6.1127e-07  9.0469e-05
   60    150  5.6444e-07  8.4667e-05
   62    147  1.1576e-06  1.7017e-04
   62    148  1.1055e-12  1.6361e-10
   62    149  2.9729e-07  4.4296e-05
   62    150  1.9381e-12  2.9072e-10
   62    152  8.9948e-07  1.3672e-04
   62    154  9.3786e-07  1.4443e-04
   63    151  3.2018e-07  4.8347e-05
   63    153  5.0499e-07  7.7264e-05
   64    154  3.6688e-14  5.6500e-12
   64    155  1.2728e-06  1.9728e-04
   64    156  3.8804e-07  6.0534e-05
   64    157  6.9411e-07  1.0898e-04
   64    158  1.1555e-06  1.8257e-04
   64    160  4.3667e-07  6.9866e-05
   65    159  5.1651e-08  8.2125e-06
   66    160  1.5327e-15  2.4524e-13
   66    161  5.4938e-07  8.8450e-05
   66    162  3.0658e-07  4.9666e-05
   66    163  2.5093e-07  4.0902e-05
   66    164  4.9806e-07  8.1682e-05
   67    165  3.1425e-07  5.1851e-05
   68    166  9.6822e-07  1.6072e-04
   68    167  7.4013e-07  1.2360e-04
   68    168  5.0408e-07  8.4685e-05
   68    170  4.6399e-07  7.8878e-05
   69    169  1.5771e-06  2.6653e-04
   70    170  3.5010e-15  5.9518e-13
   70    171  4.5802e-07  7.8322e-05
   70    172  3.4932e-07  6.0083e-05
   70    173  2.5074e-07  4.3379e-05
   70    174  6.5984e-07  1.1481e-04
   70    176  5.3307e-07  9.3820e-05
   71    175  2.9431e-07  5.1504e-05
   71    176  1.6609e-16  2.9233e-14
   72    176  1.5551e-18  2.7370e-16
   72    177  8.8430e-07  1.5652e-04
   72    178  3.8319e-07  6.8208e-05
   72    179  2.0855e-07  3.7331e-05
   72    180  2.1971e-07  3.9547e-05
   73    181  1.9200e-07  3.4752e-05
   74    182  1.0408e-07  1.8943e-05
   74    183  4.5927e-08  8.4046e-06
   74    184  1.6294e-08  2.9981e-06
   74    186  7.4480e-09  1.3853e-06
   75    185  3.8435e-09  7.1104e-07
   75    187  5.3967e-09  1.0092e-06
   76    186  3.5507e-20  6.6043e-18
   76    187  4.3860e-11  8.2018e-09
   76    188  1.7478e-08  3.2859e-06
   76    189  8.7041e-09  1.6451e-06
   76    190  2.3145e-08  4.3976e-06
   76    192  2.7750e-08  5.3280e-06
   77    191  2.7357e-08  5.2251e-06
   77    193  1.7256e-08  3.3304e-06
   78    192  7.6577e-18  1.4703e-15
   78    194  2.8929e-08  5.6123e-06
   78    195  1.4934e-08  2.9122e-06
   78    196  1.3128e-08  2.5730e-06
   78    198  8.0016e-09  1.5843e-06
   79    197  9.6601e-09  1.9030e-06
   80    198  2.4791e-18  4.9087e-16
   80    199  2.9991e-09  5.9682e-07
   80    200  2.1243e-09  4.2486e-07
   80    201  1.4426e-10  2.8995e-08
   80    202  2.1527e-11  4.3485e-09
   80    204  7.8691e-14  1.6053e-11
   81    203  1.2104e-12  2.4571e-10
   81    205  1.3854e-14  2.8400e-12
   82    206  2.7880e-14  5.7432e-12
   82    207  1.8906e-14  3.9135e-12
   82    208  2.7006e-14  5.6173e-12
   82    210  5.6597e-19  1.1885e-16
   82    212  2.1354e-18  4.5270e-16
   82    214  4.3889e-19  9.3923e-17
   83    209  1.6873e-14  3.5264e-12
   84    215  8.8885e-18  1.9110e-15
   87    223  2.5685e-20  5.7277e-18
   88    224  4.5980e-19  1.0300e-16
   90    227  1.8354e-18  4.1663e-16
   90    232  7.8572e-16  1.8229e-13
   90    234  1.2973e-19  3.0356e-17
   92    235  1.5972e-16  3.7535e-14
   92    236  5.5527e-20  1.3104e-17
   92    238  7.0714e-17  1.6830e-14
   93    240  5.4213e-20  1.3011e-17
   94    244  1.7940e-19  4.3774e-17
  100    258  5.7325e-19  1.4790e-16
  100    260  1.8963e-19  4.9303e-17
  100    262  7.8530e-20  2.0575e-17
  102    261  1.0117e-19  2.6406e-17
  102    263  4.4522e-20  1.1709e-17
  102    264  2.8413e-20  7.5009e-18
  102    266  1.2158e-20  3.2341e-18
  103    265  1.6071e-20  4.2587e-18
    1      1  2.3119e-09  2.3119e-09
    2      4  2.1089e-01  8.4356e-01


