    1      2  1.4711e-03  2.9423e-03
    1      3  5.4172e-20  1.6252e-19
    2      3  2.7676e-05  8.3029e-05
    3      7  4.4771e-11  3.1340e-10
    4      8  2.4737e-07  1.9790e-06
    4      9  3.8565e-11  3.4709e-10
    5     10  8.5663e-10  8.5663e-09
    5     11  2.1714e-09  2.3886e-08
    6     12  1.8686e-09  2.2423e-08
    6     13  4.3332e-09  5.6331e-08
    7     14  6.4479e-07  9.0271e-06
    7     15  5.6025e-07  8.4038e-06
    8     16  1.3645e-06  2.1833e-05
    8     17  1.1844e-08  2.0134e-07
    8     18  4.3177e-07  7.7719e-06
    9     19  3.7173e-08  7.0629e-07
   10     20  8.7728e-07  1.7546e-05
   10     21  2.7993e-08  5.8786e-07
   10     22  1.1538e-06  2.5383e-05
   11     23  4.9717e-07  1.1435e-05
   12     24  2.2472e-06  5.3934e-05
   12     25  6.6352e-07  1.6588e-05
   12     26  1.0602e-06  2.7564e-05
   13     27  1.0029e-08  2.7079e-07
   14     28  3.4675e-07  9.7091e-06
   14     29  3.3426e-08  9.6936e-07
   14     30  6.3189e-09  1.8957e-07
   15     31  1.0667e-08  3.3069e-07
   16     32  1.5596e-07  4.9906e-06
   16     33  1.4266e-08  4.7077e-07
   16     34  1.3998e-07  4.7595e-06
   16     36  5.3446e-07  1.9241e-05
   17     35  1.0573e-08  3.7005e-07
   17     37  3.1159e-08  1.1529e-06
   18     36  5.4209e-14  1.9515e-12
   18     38  1.7067e-07  6.4854e-06
   18     40  9.0134e-10  3.6053e-08
   19     39  4.9306e-09  1.9230e-07
   19     40  1.1186e-18  4.4742e-17
   19     41  7.5740e-11  3.1053e-09
   20     40  3.2128e-19  1.2851e-17
   20     42  7.0521e-10  2.9619e-08
   20     43  1.0557e-10  4.5394e-09
   20     44  1.3664e-09  6.0121e-08
   20     46  8.2167e-10  3.7797e-08
   21     45  2.7513e-10  1.2381e-08
   22     46  3.8635e-17  1.7772e-15
   22     47  2.0601e-10  9.6825e-09
   22     48  1.5740e-08  7.5552e-07
   22     49  4.1612e-10  2.0390e-08
   22     50  5.4363e-10  2.7182e-08
   23     51  9.5107e-11  4.8505e-09
   24     52  1.5876e-10  8.2556e-09
   24     53  8.4719e-11  4.4901e-09
   24     54  1.2686e-10  6.8507e-09
   25     55  3.1315e-11  1.7223e-09
   26     56  5.4228e-11  3.0368e-09
   26     57  6.0559e-11  3.4519e-09
   26     58  4.2529e-10  2.4667e-08
   27     59  4.3333e-12  2.5567e-10
   28     60  1.4994e-09  8.9965e-08
   28     61  4.1677e-12  2.5423e-10
   28     62  3.0424e-11  1.8863e-09
   28     64  9.3895e-10  6.0093e-08
   29     63  8.8193e-11  5.5562e-09
   29     65  4.7082e-12  3.0604e-10
   30     64  1.6312e-19  1.0440e-17
   30     66  4.6690e-11  3.0815e-09
   30     67  6.0376e-12  4.0452e-10
   30     68  5.8453e-11  3.9748e-09
   30     70  8.7954e-11  6.1568e-09
   31     69  5.8007e-12  4.0025e-10
   31     71  1.0256e-11  7.2816e-10
   32     70  5.1866e-14  3.6306e-12
   32     72  5.4799e-11  3.9455e-09
   32     73  1.5204e-11  1.1099e-09
   32     74  1.3976e-10  1.0342e-08
   32     76  2.4646e-10  1.8731e-08
   33     75  4.3893e-11  3.2920e-09
   34     76  3.8566e-13  2.9310e-11
   34     77  7.1561e-12  5.5102e-10
   34     78  1.8463e-10  1.4402e-08
   34     80  6.4152e-10  5.1321e-08
   34     82  6.4935e-10  5.3247e-08
   35     79  6.0097e-11  4.7476e-09
   35     81  6.7978e-11  5.5063e-09
   36     82  2.2274e-12  1.8265e-10
   36     83  1.8162e-11  1.5075e-09
   36     84  8.7853e-11  7.3797e-09
   36     86  4.0884e-10  3.5160e-08
   37     85  9.9697e-11  8.4743e-09
   37     87  1.3631e-10  1.1859e-08
   38     86  7.4769e-18  6.4301e-16
   38     87  9.9792e-13  8.6819e-11
   38     88  1.3976e-10  1.2299e-08
   39     89  1.3849e-10  1.2325e-08
   40     90  1.1237e-10  1.0113e-08
   40     91  3.3811e-11  3.0768e-09
   40     92  7.3872e-11  6.7962e-09
   40     94  1.0943e-10  1.0286e-08
   41     93  9.2126e-11  8.5678e-09
   42     95  3.8267e-11  3.6354e-09
   42     96  2.8587e-10  2.7444e-08
   42     97  4.3353e-11  4.2052e-09
   42     98  9.3744e-11  9.1869e-09
   42    100  8.0513e-11  8.0513e-09
   44     99  2.6926e-11  2.6657e-09
   44    100  8.4274e-12  8.4274e-10
   44    101  1.2123e-11  1.2244e-09
   44    102  3.1876e-11  3.2514e-09
   44    104  2.7506e-11  2.8606e-09
   45    103  1.2904e-11  1.3292e-09
   46    104  1.8892e-16  1.9648e-14
   46    105  1.4789e-11  1.5528e-09
   46    106  2.8149e-11  2.9838e-09
   46    108  3.8503e-11  4.1583e-09
   46    110  5.7877e-11  6.3665e-09
   47    107  1.1214e-11  1.1999e-09
   47    109  9.9781e-12  1.0876e-09
   48    110  6.0559e-14  6.6615e-12
   48    111  9.4404e-12  1.0479e-09
   48    112  2.1351e-11  2.3913e-09
   48    113  1.5791e-11  1.7844e-09
   48    114  5.3157e-11  6.0599e-09
   48    116  4.2925e-11  4.9793e-09
   49    113  6.9498e-19  7.8532e-17
   49    115  3.3220e-11  3.8203e-09
   50    115  2.6505e-17  3.0480e-15
   50    116  8.5200e-13  9.8832e-11
   50    117  6.0063e-12  7.0274e-10
   50    118  3.9629e-11  4.6762e-09
   50    119  1.5506e-11  1.8452e-09
   50    120  8.2225e-11  9.8670e-09
   50    122  1.4857e-10  1.8126e-08
   50    124  1.4252e-10  1.7673e-08
   51    121  2.2728e-11  2.7500e-09
   51    123  5.0272e-12  6.1835e-10
   52    122  3.6601e-14  4.4654e-12
   52    124  4.8441e-15  6.0067e-13
   52    125  4.4501e-11  5.5626e-09
   52    126  2.9529e-10  3.7206e-08
   52    128  2.0685e-10  2.6477e-08
   52    130  3.1812e-10  4.1356e-08
   53    127  1.4480e-11  1.8390e-09
   53    129  3.4673e-17  4.4729e-15
   54    128  2.0003e-15  2.5604e-13
   54    129  7.7755e-11  1.0030e-08
   54    130  2.7442e-13  3.5675e-11
   54    131  8.4212e-10  1.1032e-07
   54    132  3.4714e-09  4.5823e-07
   54    134  1.0004e-08  1.3406e-06
   54    136  2.8042e-09  3.8137e-07
   55    133  3.6508e-09  4.8556e-07
   56    134  8.4986e-14  1.1388e-11
   56    135  4.3991e-09  5.9388e-07
   56    136  5.3019e-12  7.2106e-10
   56    137  9.0118e-11  1.2346e-08
   56    138  1.9775e-10  2.7289e-08
   57    139  1.8373e-10  2.5538e-08
   58    140  4.5244e-10  6.3341e-08
   58    142  1.7674e-11  2.5097e-09
   59    141  3.3134e-11  4.6718e-09
   60    142  1.4493e-16  2.0580e-14
   60    143  2.6368e-11  3.7706e-09
   60    144  7.1139e-11  1.0244e-08
   60    145  6.7683e-12  9.8140e-10
   60    146  1.6390e-11  2.3929e-09
   60    148  3.0210e-11  4.4710e-09
   60    150  3.7072e-11  5.5609e-09
   62    147  2.0779e-11  3.0545e-09
   62    148  1.0444e-12  1.5457e-10
   62    149  1.8906e-12  2.8169e-10
   62    150  1.9058e-13  2.8586e-11
   62    152  8.6485e-12  1.3146e-09
   62    154  8.1312e-12  1.2522e-09
   63    151  2.2101e-12  3.3372e-10
   63    153  4.5137e-12  6.9059e-10
   64    154  3.9750e-15  6.1215e-13
   64    155  1.1095e-12  1.7198e-10
   64    156  3.6068e-12  5.6266e-10
   64    157  9.0378e-13  1.4189e-10
   64    158  1.6029e-12  2.5326e-10
   64    160  4.4060e-12  7.0497e-10
   65    159  3.5308e-13  5.6140e-11
   66    160  9.2054e-17  1.4729e-14
   66    161  2.6731e-13  4.3036e-11
   66    162  7.9799e-13  1.2927e-10
   66    163  3.1876e-13  5.1957e-11
   66    164  7.2434e-13  1.1879e-10
   67    165  6.9817e-13  1.1520e-10
   68    166  1.1958e-12  1.9850e-10
   68    167  7.8195e-13  1.3059e-10
   68    168  7.7272e-13  1.2982e-10
   68    170  1.1196e-12  1.9034e-10
   69    169  2.2649e-12  3.8276e-10
   70    170  3.1083e-16  5.2840e-14
   70    171  7.5304e-13  1.2877e-10
   70    172  3.5038e-13  6.0265e-11
   70    173  2.4415e-13  4.2237e-11
   70    174  1.9509e-12  3.3945e-10
   70    176  1.1247e-12  1.9795e-10
   71    175  5.1390e-13  8.9932e-11
   71    176  7.1444e-17  1.2574e-14
   72    176  6.6874e-19  1.1770e-16
   72    177  5.8515e-13  1.0357e-10
   72    178  5.2810e-13  9.4002e-11
   72    179  4.9542e-13  8.8680e-11
   72    180  8.6255e-13  1.5526e-10
   73    181  5.2984e-12  9.5900e-10
   74    182  3.2187e-12  5.8581e-10
   74    183  4.0812e-13  7.4685e-11
   74    184  1.7303e-13  3.1837e-11
   74    186  1.5708e-13  2.9217e-11
   75    185  9.9406e-14  1.8390e-11
   75    187  3.2151e-13  6.0122e-11
   76    186  2.5572e-19  4.7564e-17
   76    187  2.6124e-15  4.8852e-13
   76    188  1.4035e-13  2.6386e-11
   76    189  6.6555e-13  1.2579e-10
   76    190  5.6012e-13  1.0642e-10
   76    192  6.6848e-12  1.2835e-09
   77    191  1.1977e-12  2.2877e-10
   77    193  5.8096e-13  1.1213e-10
   78    192  3.8950e-17  7.4784e-15
   78    194  1.9443e-12  3.7720e-10
   78    195  1.2672e-12  2.4710e-10
   78    196  1.3698e-12  2.6849e-10
   78    198  6.1884e-12  1.2253e-09
   79    197  2.4031e-12  4.7341e-10
   80    198  6.1607e-16  1.2198e-13
   80    199  4.4853e-13  8.9257e-11
   80    200  1.1791e-12  2.3583e-10
   80    201  8.0899e-13  1.6261e-10
   80    202  1.5018e-12  3.0336e-10
   80    204  5.4971e-12  1.1214e-09
   80    206  2.5286e-20  5.2089e-18
   81    203  1.8137e-12  3.6819e-10
   81    205  5.1551e-12  1.0568e-09
   82    204  1.0184e-18  2.0776e-16
   82    206  1.8900e-11  3.8935e-09
   82    208  2.5104e-11  5.2216e-09
   82    210  7.6840e-19  1.6136e-16
   83    209  7.5070e-11  1.5690e-08
   84    215  6.3958e-13  1.3751e-10
   86    220  1.5174e-14  3.3383e-12
   88    226  4.9812e-19  1.1257e-16
   88    228  1.2627e-17  2.8790e-15
   89    227  1.7276e-19  3.9217e-17
   90    230  2.3476e-17  5.3995e-15
   90    232  5.5274e-12  1.2824e-09
   91    231  2.5901e-16  5.9830e-14
   92    234  7.6444e-17  1.7888e-14
   92    235  5.5823e-12  1.3118e-09
   92    236  3.1011e-14  7.3187e-12
   92    238  1.3907e-12  3.3098e-10
   94    240  6.1384e-18  1.4732e-15
   94    244  7.4718e-14  1.8231e-11
   96    247  3.3438e-18  8.2592e-16
   97    246  3.1438e-16  7.7337e-14
  100    258  8.4629e-12  2.1834e-09
  100    260  1.1277e-10  2.9320e-08
  100    262  5.7373e-10  1.5032e-07
  102    260  2.5024e-19  6.5063e-17
  102    261  2.0046e-10  5.2321e-08
  102    263  2.0836e-10  5.4798e-08
  102    264  1.6393e-10  4.3278e-08
  102    266  1.1130e-11  2.9607e-09
  103    265  1.6243e-10  4.3043e-08
  104    267  1.0505e-12  2.8049e-10
  104    268  1.3922e-12  3.7310e-10
  104    270  1.0371e-12  2.8001e-10
  104    272  9.2983e-13  2.5291e-10
  104    274  5.3287e-13  1.4601e-10
  105    269  3.9018e-12  1.0496e-09
  105    271  5.7598e-13  1.5609e-10
  106    273  7.2583e-13  1.9815e-10
  106    275  3.1840e-12  8.7561e-10
  106    276  1.1495e-11  3.1725e-09
  106    278  4.4065e-12  1.2250e-09
  106    280  7.3882e-11  2.0687e-08
  107    277  3.2130e-12  8.9000e-10
  108    279  4.3085e-11  1.2021e-08
  108    281  3.8874e-11  1.0924e-08
  108    282  1.0186e-09  2.8725e-07
  108    283  6.0842e-10  1.7218e-07
  108    284  1.0792e-08  3.0650e-06
  108    286  1.1840e-08  3.3861e-06
  110    285  3.0074e-08  8.5711e-06
  110    286  1.0216e-19  2.9219e-17
  110    287  1.8763e-08  5.3849e-06
  110    288  7.5494e-09  2.1742e-06
  110    290  7.1658e-09  2.0781e-06
  111    289  3.9071e-09  1.1292e-06
  111    290  2.6462e-16  7.6739e-14
  111    291  5.7739e-10  1.6802e-07
  111    292  9.0782e-09  2.6508e-06
  111    293  8.8648e-10  2.5974e-07
  111    294  1.0003e-09  2.9408e-07
  111    295  1.9928e-10  5.8786e-08
  111    296  7.2731e-11  2.1528e-08
  111    297  8.2061e-12  2.4372e-09
  111    298  8.5829e-12  2.5577e-09
  111    299  7.8589e-16  2.3498e-13
  111    300  5.5344e-14  1.6603e-11
  111    301  3.2262e-13  9.7108e-11
  111    302  9.6255e-13  2.9069e-10
  111    303  1.1792e-13  3.5730e-11
  111    304  1.9651e-13  5.9740e-11
  111    305  6.5656e-15  2.0025e-12
  111    306  3.2053e-14  9.8082e-12
  111    307  7.1064e-16  2.1817e-13
  111    308  5.8711e-16  1.8083e-13
  111    309  4.3227e-17  1.3357e-14
  111    310  3.0165e-17  9.3513e-15
  111    311  1.1167e-17  3.4730e-15
  111    312  6.1011e-18  1.9036e-15
  111    313  1.5213e-18  4.7617e-16
  111    314  1.1456e-17  3.5973e-15
  111    315  1.0885e-18  3.4286e-16
  111    316  1.3139e-18  4.1521e-16
  111    317  2.7176e-19  8.6149e-17
  111    318  5.9394e-14  1.8887e-11
  111    319  6.4519e-16  2.0582e-13
  111    320  8.2216e-15  2.6309e-12
  111    321  5.3192e-17  1.7075e-14
  111    322  6.3929e-16  2.0585e-13
  111    323  1.0255e-16  3.3125e-14
  111    324  1.1849e-16  3.8390e-14
  111    325  4.4133e-17  1.4343e-14
  111    326  2.0094e-17  6.5507e-15
  111    327  1.2644e-16  4.1345e-14
  111    328  4.0316e-17  1.3224e-14
  111    329  1.4084e-14  4.6336e-12
  111    330  2.1196e-15  6.9948e-13
  111    331  8.7327e-14  2.8905e-11
  111    332  9.0485e-15  3.0041e-12
  111    333  7.7438e-13  2.5787e-10
  111    334  5.3875e-14  1.7994e-11
  111    335  2.4438e-12  8.1867e-10
  111    336  9.2527e-14  3.1089e-11
  111    337  1.2776e-04  4.3055e-02
    1      1  3.0158e-02  3.0158e-02
    2      4  2.3089e-01  9.2355e-01


