    1      2  8.9845e-16  1.7969e-15
    3      6  7.2269e-19  4.3361e-18
    3      7  4.3469e-20  3.0429e-19
    4      8  1.5137e-17  1.2110e-16
    4      9  1.1389e-18  1.0250e-17
    5     10  1.2763e-18  1.2763e-17
    6     12  6.0665e-08  7.2799e-07
    6     13  3.9434e-14  5.1265e-13
    7     14  1.8601e-16  2.6041e-15
    7     15  1.1614e-11  1.7421e-10
    8     16  2.7846e-09  4.4554e-08
    8     17  1.0291e-15  1.7495e-14
    8     18  4.1862e-13  7.5351e-12
    9     19  6.6498e-13  1.2635e-11
   10     20  8.8113e-10  1.7623e-08
   10     21  9.3300e-13  1.9593e-11
   10     22  7.0647e-13  1.5542e-11
   11     23  9.2057e-13  2.1173e-11
   12     24  2.5392e-10  6.0942e-09
   12     25  1.5096e-10  3.7739e-09
   12     26  1.1953e-09  3.1079e-08
   13     26  2.2142e-15  5.7570e-14
   13     27  1.1552e-09  3.1190e-08
   14     28  6.3937e-09  1.7902e-07
   14     29  3.0619e-09  8.8796e-08
   14     30  1.5840e-08  4.7521e-07
   15     31  1.9968e-09  6.1901e-08
   16     32  6.5899e-09  2.1088e-07
   16     33  8.2636e-09  2.7270e-07
   16     34  5.5525e-08  1.8878e-06
   16     36  7.1726e-08  2.5821e-06
   17     35  3.9123e-08  1.3693e-06
   17     37  8.1340e-08  3.0096e-06
   18     36  4.6408e-16  1.6707e-14
   18     38  1.4854e-07  5.6445e-06
   18     40  3.2756e-09  1.3102e-07
   19     39  2.5256e-09  9.8498e-08
   19     41  1.2566e-08  5.1519e-07
   20     42  2.8853e-08  1.2118e-06
   20     43  2.9660e-07  1.2754e-05
   20     44  5.4852e-07  2.4135e-05
   20     46  4.9384e-07  2.2717e-05
   21     45  6.9778e-08  3.1400e-06
   22     47  6.2699e-07  2.9468e-05
   22     48  7.8215e-07  3.7543e-05
   22     49  3.3337e-07  1.6335e-05
   22     50  6.1463e-07  3.0732e-05
   23     51  4.6730e-07  2.3832e-05
   24     52  1.9794e-07  1.0293e-05
   24     53  2.5739e-06  1.3642e-04
   24     54  5.3106e-06  2.8677e-04
   25     55  1.5023e-07  8.2628e-06
   26     56  5.6057e-07  3.1392e-05
   26     57  3.5887e-08  2.0456e-06
   26     58  3.1582e-08  1.8318e-06
   27     59  2.3224e-08  1.3702e-06
   28     60  9.4420e-09  5.6652e-07
   28     61  3.8515e-08  2.3494e-06
   28     62  1.9792e-07  1.2271e-05
   28     64  5.1634e-09  3.3046e-07
   29     63  2.0510e-07  1.2921e-05
   29     65  3.5904e-08  2.3338e-06
   30     64  1.1960e-20  7.6546e-19
   30     66  2.2666e-07  1.4960e-05
   30     67  1.7958e-07  1.2032e-05
   30     68  1.2347e-06  8.3961e-05
   30     70  9.8591e-07  6.9014e-05
   31     69  8.2439e-07  5.6883e-05
   31     71  1.0680e-07  7.5831e-06
   32     70  1.9407e-15  1.3585e-13
   32     72  4.8211e-07  3.4712e-05
   32     73  1.0524e-05  7.6827e-04
   32     74  4.5762e-06  3.3864e-04
   32     76  3.9294e-06  2.9864e-04
   33     75  1.4386e-06  1.0789e-04
   34     76  3.7092e-14  2.8190e-12
   34     77  1.3167e-05  1.0138e-03
   34     78  1.9103e-05  1.4901e-03
   34     80  3.3693e-05  2.6954e-03
   34     82  8.3751e-06  6.8676e-04
   35     79  6.2959e-06  4.9737e-04
   35     81  5.2748e-06  4.2726e-04
   36     82  9.8264e-14  8.0577e-12
   36     83  4.9680e-06  4.1235e-04
   36     84  8.5060e-07  7.1450e-05
   36     86  2.8817e-05  2.4783e-03
   37     85  9.9168e-06  8.4293e-04
   37     87  3.2103e-06  2.7929e-04
   38     86  4.1718e-20  3.5877e-18
   38     87  2.3506e-08  2.0450e-06
   38     88  3.5487e-06  3.1228e-04
   39     89  1.3286e-05  1.1825e-03
   40     90  5.5590e-05  5.0031e-03
   40     91  6.5788e-06  5.9867e-04
   40     92  1.9996e-05  1.8397e-03
   40     94  5.9391e-06  5.5828e-04
   41     93  1.5589e-05  1.4498e-03
   42     95  1.1829e-06  1.1237e-04
   42     96  4.8805e-07  4.6853e-05
   42     97  7.6652e-07  7.4353e-05
   42     98  7.2109e-06  7.0666e-04
   42    100  8.9388e-05  8.9388e-03
   44     99  3.1475e-05  3.1160e-03
   44    100  1.1118e-12  1.1118e-10
   44    101  1.9589e-04  1.9785e-02
   44    102  4.9337e-05  5.0324e-03
   44    104  3.1754e-04  3.3024e-02
   45    103  5.3133e-05  5.4727e-03
   46    104  5.8843e-18  6.1197e-16
   46    105  1.9700e-04  2.0685e-02
   46    106  1.6324e-04  1.7304e-02
   46    108  4.4585e-05  4.8152e-03
   46    110  2.0437e-04  2.2481e-02
   47    107  7.1472e-05  7.6475e-03
   47    109  1.5527e-04  1.6925e-02
   48    110  5.6878e-13  6.2566e-11
   48    111  2.6541e-05  2.9461e-03
   48    112  5.1226e-05  5.7373e-03
   48    113  2.9658e-05  3.3513e-03
   48    114  3.7365e-05  4.2596e-03
   48    116  1.3341e-06  1.5475e-04
   49    113  1.3053e-12  1.4749e-10
   49    115  1.0042e-05  1.1548e-03
   50    115  8.0117e-12  9.2135e-10
   50    116  2.6819e-13  3.1110e-11
   50    117  4.1199e-06  4.8203e-04
   50    118  1.2556e-06  1.4817e-04
   50    119  8.5514e-07  1.0176e-04
   50    120  1.4015e-05  1.6818e-03
   50    122  9.7752e-06  1.1926e-03
   50    124  4.9513e-06  6.1396e-04
   51    121  7.0274e-06  8.5032e-04
   51    123  3.3450e-06  4.1144e-04
   52    122  4.3247e-14  5.2761e-12
   52    124  5.6963e-16  7.0634e-14
   52    125  1.5302e-05  1.9127e-03
   52    126  4.0126e-05  5.0559e-03
   52    128  2.5036e-05  3.2046e-03
   52    130  2.5056e-07  3.2573e-05
   53    127  2.9431e-05  3.7378e-03
   53    129  3.6048e-14  4.6502e-12
   54    128  6.1065e-17  7.8164e-15
   54    129  7.0743e-06  9.1258e-04
   54    130  1.3959e-15  1.8147e-13
   54    131  5.5261e-09  7.2393e-07
   54    132  4.9928e-10  6.5906e-08
   54    134  4.6739e-11  6.2630e-09
   54    136  1.5601e-13  2.1217e-11
   55    133  2.2042e-10  2.9316e-08
   56    135  3.5609e-12  4.8072e-10
   56    137  2.1921e-14  3.0032e-12
   56    138  6.2969e-14  8.6898e-12
   57    139  1.0497e-13  1.4590e-11
   58    140  2.0163e-13  2.8229e-11
   58    142  1.0673e-14  1.5156e-12
   59    141  1.2680e-14  1.7879e-12
   60    143  8.3202e-15  1.1898e-12
   60    144  2.6041e-15  3.7499e-13
   60    145  3.9022e-16  5.6582e-14
   60    146  8.4183e-16  1.2291e-13
   60    148  4.3581e-15  6.4500e-13
   60    150  6.8217e-16  1.0233e-13
   62    147  2.3697e-15  3.4835e-13
   62    149  1.3296e-15  1.9811e-13
   62    152  5.8938e-16  8.9585e-14
   62    154  3.4349e-16  5.2898e-14
   63    151  2.0062e-16  3.0294e-14
   63    153  3.5026e-16  5.3589e-14
   64    155  3.1979e-16  4.9567e-14
   64    156  2.7931e-17  4.3573e-15
   64    157  4.5409e-17  7.1293e-15
   64    158  2.9310e-17  4.6310e-15
   64    160  4.0581e-18  6.4930e-16
   65    159  2.3231e-18  3.6937e-16
   66    161  4.1871e-18  6.7412e-16
   66    162  1.8097e-18  2.9318e-16
   66    163  1.0799e-18  1.7602e-16
   66    164  1.5209e-18  2.4942e-16
   67    165  7.9887e-19  1.3181e-16
   68    166  1.2732e-18  2.1135e-16
   68    167  3.4435e-19  5.7506e-17
   68    168  1.8493e-19  3.1069e-17
   68    170  3.2811e-20  5.5779e-18
   69    169  1.8218e-19  3.0789e-17
   70    171  1.0516e-20  1.7983e-18
    1      1  2.9009e-10  2.9009e-10
    2      4  1.9288e-01  7.7153e-01


