    1      2  1.5599e-15  3.1198e-15
    2      3  3.3005e-20  9.9014e-20
    3      6  4.0943e-18  2.4566e-17
    3      7  1.2975e-19  9.0826e-19
    4      8  5.7144e-16  4.5715e-15
    4      9  1.4414e-18  1.2972e-17
    5     10  4.0802e-18  4.0802e-17
    5     11  1.1084e-20  1.2192e-19
    6     12  4.1640e-08  4.9968e-07
    6     13  3.9553e-14  5.1419e-13
    7     14  6.3146e-14  8.8405e-13
    7     15  1.1237e-10  1.6856e-09
    8     16  2.4233e-09  3.8773e-08
    8     17  3.2240e-15  5.4807e-14
    8     18  1.0643e-11  1.9158e-10
    9     19  1.5432e-11  2.9321e-10
   10     20  4.7492e-10  9.4984e-09
   10     21  3.1893e-11  6.6975e-10
   10     22  4.2824e-11  9.4213e-10
   11     23  7.0904e-11  1.6308e-09
   12     24  3.1821e-10  7.6371e-09
   12     25  3.5498e-10  8.8745e-09
   12     26  1.7685e-09  4.5981e-08
   13     26  5.8928e-15  1.5321e-13
   13     27  1.2293e-09  3.3192e-08
   14     28  6.9315e-09  1.9408e-07
   14     29  3.1849e-09  9.2362e-08
   14     30  2.1806e-08  6.5418e-07
   15     31  2.1110e-09  6.5441e-08
   16     32  1.8736e-08  5.9956e-07
   16     33  9.3049e-09  3.0706e-07
   16     34  2.8015e-08  9.5252e-07
   16     36  4.5686e-08  1.6447e-06
   17     35  2.6639e-08  9.3235e-07
   17     37  1.9174e-07  7.0943e-06
   18     36  8.8907e-17  3.2007e-15
   18     38  3.6582e-07  1.3901e-05
   18     40  2.1978e-08  8.7911e-07
   19     39  1.7150e-08  6.6885e-07
   19     41  4.2434e-08  1.7398e-06
   20     42  8.3076e-08  3.4892e-06
   20     43  1.4070e-07  6.0500e-06
   20     44  3.2140e-07  1.4141e-05
   20     46  1.2600e-06  5.7960e-05
   21     45  3.4258e-07  1.5416e-05
   22     47  1.0658e-06  5.0095e-05
   22     48  3.1695e-07  1.5214e-05
   22     49  9.0123e-07  4.4160e-05
   22     50  1.4389e-06  7.1945e-05
   23     51  6.1185e-07  3.1204e-05
   24     52  6.8703e-08  3.5726e-06
   24     53  2.1210e-06  1.1242e-04
   24     54  6.5504e-06  3.5372e-04
   25     55  2.4751e-07  1.3613e-05
   26     56  1.1741e-06  6.5748e-05
   26     57  1.1025e-07  6.2841e-06
   26     58  2.0169e-08  1.1698e-06
   27     59  1.8423e-08  1.0869e-06
   28     60  2.6845e-08  1.6107e-06
   28     61  6.5814e-08  4.0146e-06
   28     62  2.8128e-07  1.7439e-05
   28     64  2.3933e-08  1.5317e-06
   29     63  4.5110e-07  2.8419e-05
   29     65  2.5183e-08  1.6369e-06
   30     64  1.4865e-20  9.5139e-19
   30     66  1.6937e-07  1.1178e-05
   30     67  1.4236e-07  9.5384e-06
   30     68  1.0598e-06  7.2066e-05
   30     70  1.4847e-06  1.0393e-04
   31     69  1.0157e-06  7.0084e-05
   31     71  1.7340e-07  1.2311e-05
   32     70  1.7115e-15  1.1981e-13
   32     72  5.3283e-07  3.8364e-05
   32     73  9.8339e-06  7.1788e-04
   32     74  5.6854e-06  4.2072e-04
   32     76  4.2654e-06  3.2417e-04
   33     75  1.7098e-06  1.2824e-04
   34     76  2.8681e-14  2.1797e-12
   34     77  1.4567e-05  1.1216e-03
   34     78  2.0625e-05  1.6087e-03
   34     80  1.3957e-05  1.1166e-03
   34     82  2.1997e-05  1.8037e-03
   35     79  5.1470e-06  4.0661e-04
   35     81  1.4324e-05  1.1602e-03
   36     82  1.8725e-13  1.5355e-11
   36     83  5.2329e-06  4.3433e-04
   36     84  2.2508e-06  1.8907e-04
   36     86  2.7342e-05  2.3514e-03
   37     85  1.0011e-05  8.5095e-04
   37     87  2.1610e-06  1.8801e-04
   38     86  3.1680e-20  2.7245e-18
   38     87  1.5823e-08  1.3766e-06
   38     88  3.5300e-06  3.1064e-04
   39     89  3.9596e-06  3.5240e-04
   40     90  1.1607e-05  1.0447e-03
   40     91  6.2130e-06  5.6538e-04
   40     92  3.2562e-05  2.9957e-03
   40     94  5.7896e-06  5.4423e-04
   41     93  3.4472e-06  3.2059e-04
   42     95  5.4513e-06  5.1787e-04
   42     96  1.3310e-05  1.2777e-03
   42     97  6.0436e-06  5.8623e-04
   42     98  2.6047e-06  2.5526e-04
   42    100  5.1818e-05  5.1818e-03
   44     99  1.9478e-05  1.9283e-03
   44    100  5.2088e-13  5.2088e-11
   44    101  9.3153e-05  9.4084e-03
   44    102  2.0033e-05  2.0434e-03
   44    104  1.0981e-04  1.1421e-02
   45    103  2.0941e-05  2.1569e-03
   46    104  2.3064e-18  2.3986e-16
   46    105  5.6857e-05  5.9700e-03
   46    106  7.6994e-05  8.1614e-03
   46    108  3.2604e-05  3.5212e-03
   46    110  1.7109e-04  1.8820e-02
   47    107  6.2326e-05  6.6689e-03
   47    109  9.4997e-05  1.0355e-02
   48    110  2.9674e-13  3.2642e-11
   48    111  3.4133e-05  3.7887e-03
   48    112  8.9356e-05  1.0008e-02
   48    113  5.0027e-05  5.6531e-03
   48    114  5.7690e-05  6.5767e-03
   48    116  1.3871e-06  1.6091e-04
   49    113  2.2017e-12  2.4880e-10
   49    115  2.0827e-05  2.3951e-03
   50    115  1.6617e-11  1.9110e-09
   50    116  4.3947e-13  5.0979e-11
   50    117  3.1720e-06  3.7112e-04
   50    118  1.4627e-06  1.7260e-04
   50    119  1.2466e-06  1.4835e-04
   50    120  2.3129e-05  2.7754e-03
   50    122  3.1601e-05  3.8553e-03
   50    124  2.4770e-05  3.0715e-03
   51    121  1.5857e-05  1.9187e-03
   51    123  1.4091e-05  1.7332e-03
   52    122  7.1013e-14  8.6636e-12
   52    124  1.4663e-15  1.8183e-13
   52    125  6.0956e-05  7.6195e-03
   52    126  1.5949e-04  2.0095e-02
   52    128  7.5242e-05  9.6310e-03
   52    130  5.6793e-07  7.3831e-05
   53    127  1.0385e-04  1.3189e-02
   53    129  8.2092e-14  1.0590e-11
   54    128  1.8917e-16  2.4213e-14
   54    129  2.0435e-05  2.6361e-03
   54    130  3.1239e-15  4.0610e-13
   54    131  9.9397e-09  1.3021e-06
   54    132  2.3260e-09  3.0703e-07
   54    134  6.8882e-10  9.2302e-08
   54    136  8.8515e-12  1.2038e-09
   55    133  2.0876e-09  2.7764e-07
   56    135  5.5236e-11  7.4568e-09
   56    137  9.0477e-12  1.2395e-09
   56    138  2.8994e-12  4.0011e-10
   57    139  2.7202e-12  3.7811e-10
   58    140  5.5355e-12  7.7497e-10
   58    142  8.8175e-14  1.2521e-11
   59    141  1.5861e-13  2.2365e-11
   60    143  1.2682e-13  1.8135e-11
   60    144  2.5701e-13  3.7010e-11
   60    145  1.0131e-13  1.4690e-11
   60    146  1.7859e-13  2.6074e-11
   60    148  1.3444e-13  1.9897e-11
   60    150  6.1613e-14  9.2420e-12
   62    147  1.6052e-13  2.3596e-11
   62    149  6.9407e-14  1.0342e-11
   62    150  2.3594e-20  3.5391e-18
   62    152  4.6175e-14  7.0186e-12
   62    154  2.0477e-14  3.1534e-12
   63    151  2.4023e-14  3.6274e-12
   63    153  2.1911e-14  3.3524e-12
   64    155  1.7630e-14  2.7327e-12
   64    156  2.9818e-15  4.6517e-13
   64    157  3.7222e-15  5.8438e-13
   64    158  3.5029e-15  5.5346e-13
   64    160  8.6594e-16  1.3855e-13
   65    159  4.7665e-16  7.5787e-14
   66    161  7.4274e-16  1.1958e-13
   66    162  3.6408e-16  5.8982e-14
   66    163  2.0034e-16  3.2655e-14
   66    164  2.9771e-16  4.8825e-14
   67    165  1.5711e-16  2.5922e-14
   68    166  2.6991e-16  4.4806e-14
   68    167  8.1780e-17  1.3657e-14
   68    168  5.3312e-17  8.9564e-15
   68    170  1.2998e-17  2.2096e-15
   69    169  5.9911e-17  1.0125e-14
   70    171  5.0006e-18  8.5510e-16
   70    172  3.2754e-18  5.6337e-16
   70    173  1.7075e-18  2.9540e-16
   70    174  1.7507e-18  3.0462e-16
   70    176  6.8799e-19  1.2109e-16
   71    175  7.0603e-19  1.2355e-16
   72    177  3.0418e-19  5.3839e-17
   72    178  5.5858e-20  9.9428e-18
   72    179  1.3729e-20  2.4575e-18
    1      1  4.5449e-10  4.5449e-10
    2      4  1.9891e-01  7.9562e-01


