    1      2  3.4213e-14  6.8426e-14
    2      3  4.2441e-18  1.2732e-17
    3      6  4.3794e-16  2.6276e-15
    3      7  8.7181e-18  6.1026e-17
    4      8  5.7201e-14  4.5761e-13
    4      9  1.5030e-18  1.3527e-17
    5     10  2.2471e-16  2.2471e-15
    5     11  1.7568e-18  1.9325e-17
    6     12  1.2028e-08  1.4434e-07
    6     13  8.9625e-14  1.1651e-12
    7     14  3.1036e-09  4.3450e-08
    7     15  1.8885e-09  2.8327e-08
    8     16  5.1150e-10  8.1840e-09
    8     17  9.4138e-12  1.6003e-10
    8     18  3.2934e-09  5.9281e-08
    9     19  2.3637e-09  4.4910e-08
   10     20  2.7728e-10  5.5456e-09
   10     21  1.5207e-08  3.1935e-07
   10     22  4.8679e-09  1.0709e-07
   11     23  1.1397e-08  2.6214e-07
   12     24  5.7343e-09  1.3762e-07
   12     25  1.7483e-08  4.3706e-07
   12     26  1.6911e-07  4.3969e-06
   13     26  7.3737e-14  1.9172e-12
   13     27  2.4152e-09  6.5210e-08
   14     28  4.6914e-09  1.3136e-07
   14     29  4.3310e-08  1.2560e-06
   14     30  2.7742e-08  8.3225e-07
   15     31  7.2687e-09  2.2533e-07
   16     32  4.3937e-08  1.4060e-06
   16     33  4.6526e-07  1.5354e-05
   16     34  3.6137e-07  1.2287e-05
   16     36  3.6027e-08  1.2970e-06
   17     35  1.3942e-08  4.8797e-07
   17     37  2.9268e-07  1.0829e-05
   18     36  1.1796e-17  4.2467e-16
   18     38  4.3246e-07  1.6434e-05
   18     40  4.3821e-07  1.7528e-05
   19     39  2.7802e-07  1.0843e-05
   19     41  8.0575e-08  3.3036e-06
   20     42  7.2320e-07  3.0374e-05
   20     43  1.6007e-07  6.8830e-06
   20     44  1.9029e-07  8.3728e-06
   20     46  1.3613e-06  6.2620e-05
   21     45  7.7775e-07  3.4999e-05
   22     46  8.4546e-20  3.8891e-18
   22     47  7.2695e-07  3.4167e-05
   22     48  2.0690e-07  9.9310e-06
   22     49  8.9611e-07  4.3910e-05
   22     50  1.2959e-06  6.4793e-05
   23     51  2.5793e-07  1.3155e-05
   24     52  8.0773e-08  4.2002e-06
   24     53  1.3754e-06  7.2894e-05
   24     54  5.5166e-06  2.9790e-04
   25     55  3.6203e-07  1.9912e-05
   26     56  1.7298e-06  9.6871e-05
   26     57  3.3029e-07  1.8826e-05
   26     58  1.4087e-09  8.1706e-08
   27     59  7.1438e-10  4.2148e-08
   28     60  4.6783e-09  2.8070e-07
   28     61  1.9172e-08  1.1695e-06
   28     62  2.2095e-07  1.3699e-05
   28     64  1.0141e-07  6.4905e-06
   29     63  1.4740e-06  9.2864e-05
   29     65  8.6010e-08  5.5906e-06
   30     64  9.4650e-20  6.0576e-18
   30     66  5.6639e-07  3.7382e-05
   30     67  2.9850e-07  1.9999e-05
   30     68  4.4464e-07  3.0235e-05
   30     70  2.0200e-06  1.4140e-04
   31     69  1.1009e-06  7.5962e-05
   31     71  2.6167e-07  1.8579e-05
   32     70  9.0563e-15  6.3394e-13
   32     72  7.8902e-07  5.6810e-05
   32     73  5.9568e-06  4.3485e-04
   32     74  8.5049e-06  6.2936e-04
   32     76  2.3095e-06  1.7552e-04
   33     75  1.3460e-06  1.0095e-04
   34     76  8.7425e-14  6.6443e-12
   34     77  1.0834e-05  8.3424e-04
   34     78  1.5582e-05  1.2154e-03
   34     80  1.5436e-05  1.2349e-03
   34     82  8.7969e-06  7.2135e-04
   35     79  3.9433e-06  3.1152e-04
   35     81  8.8199e-06  7.1441e-04
   36     82  5.1936e-13  4.2588e-11
   36     83  2.6123e-06  2.1682e-04
   36     84  9.4367e-06  7.9268e-04
   36     86  1.3890e-06  1.1945e-04
   37     85  4.3462e-06  3.6943e-04
   37     87  4.0113e-06  3.4898e-04
   38     86  6.9108e-20  5.9433e-18
   38     87  2.9372e-08  2.5553e-06
   38     88  9.3683e-06  8.2441e-04
   39     89  2.5994e-06  2.3134e-04
   40     90  2.7194e-06  2.4475e-04
   40     91  1.6645e-06  1.5147e-04
   40     92  1.2723e-05  1.1706e-03
   40     94  3.6451e-06  3.4264e-04
   41     93  1.5447e-06  1.4366e-04
   42     95  4.8319e-06  4.5903e-04
   42     96  9.4836e-06  9.1043e-04
   42     97  5.6799e-06  5.5095e-04
   42     98  3.6832e-06  3.6095e-04
   42    100  7.6927e-06  7.6927e-04
   44     99  2.6239e-06  2.5976e-04
   44    100  3.8431e-13  3.8431e-11
   44    101  1.7380e-05  1.7554e-03
   44    102  4.7231e-06  4.8176e-04
   44    104  5.9625e-06  6.2010e-04
   45    103  2.2575e-06  2.3253e-04
   46    104  2.4367e-18  2.5342e-16
   46    105  2.4778e-06  2.6017e-04
   46    106  4.6657e-06  4.9457e-04
   46    108  6.6912e-06  7.2265e-04
   46    110  5.3251e-06  5.8576e-04
   47    107  7.6472e-06  8.1825e-04
   47    109  4.6801e-06  5.1013e-04
   48    110  8.9142e-14  9.8056e-12
   48    111  1.4002e-06  1.5542e-04
   48    112  4.0861e-06  4.5765e-04
   48    113  2.1120e-06  2.3866e-04
   48    114  1.9216e-06  2.1906e-04
   48    116  1.6008e-06  1.8569e-04
   49    113  9.2952e-14  1.0504e-11
   49    115  1.4299e-06  1.6444e-04
   50    115  1.1409e-12  1.3120e-10
   50    116  1.6136e-13  1.8717e-11
   50    117  3.0002e-06  3.5102e-04
   50    118  4.5603e-06  5.3812e-04
   50    119  3.5714e-06  4.2500e-04
   50    120  1.6477e-05  1.9772e-03
   50    122  4.8206e-05  5.8811e-03
   50    124  4.9875e-05  6.1845e-03
   51    121  1.5782e-05  1.9096e-03
   51    123  2.8576e-05  3.5149e-03
   52    122  3.0948e-13  3.7756e-11
   52    124  8.3174e-15  1.0314e-12
   52    125  1.0563e-04  1.3204e-02
   52    126  3.2888e-04  4.1438e-02
   52    128  2.2986e-04  2.9423e-02
   52    130  1.3200e-05  1.7160e-03
   53    127  2.4908e-04  3.1633e-02
   53    129  1.9723e-13  2.5443e-11
   54    128  3.7122e-15  4.7516e-13
   54    129  7.4084e-05  9.5569e-03
   54    130  7.0150e-14  9.1194e-12
   54    131  4.3090e-07  5.6448e-05
   54    132  2.4183e-07  3.1922e-05
   54    134  7.7471e-08  1.0381e-05
   54    136  4.2355e-08  5.7602e-06
   55    133  2.6607e-07  3.5388e-05
   56    134  6.4972e-20  8.7063e-18
   56    135  3.0061e-08  4.0582e-06
   56    136  1.9565e-17  2.6608e-15
   56    137  3.9036e-08  5.3479e-06
   56    138  1.6044e-08  2.2140e-06
   57    139  2.9644e-09  4.1205e-07
   58    140  1.9387e-09  2.7141e-07
   58    142  8.3218e-11  1.1817e-08
   59    141  2.3651e-10  3.3348e-08
   60    143  1.8825e-10  2.6920e-08
   60    144  8.8696e-10  1.2772e-07
   60    145  7.0687e-10  1.0250e-07
   60    146  4.1364e-10  6.0391e-08
   60    148  1.4428e-10  2.1353e-08
   60    150  1.1356e-10  1.7034e-08
   62    147  2.5688e-10  3.7761e-08
   62    148  2.6942e-17  3.9875e-15
   62    149  8.4674e-11  1.2616e-08
   62    150  1.1150e-16  1.6725e-14
   62    152  2.6175e-10  3.9786e-08
   62    154  2.5093e-10  3.8644e-08
   63    151  8.1002e-11  1.2231e-08
   63    153  1.6507e-10  2.5256e-08
   64    154  1.7481e-18  2.6920e-16
   64    155  2.2386e-10  3.4698e-08
   64    156  4.9613e-11  7.7396e-09
   64    157  6.7496e-11  1.0597e-08
   64    158  7.2729e-11  1.1491e-08
   64    160  2.4669e-11  3.9471e-09
   65    159  7.0951e-12  1.1281e-09
   66    160  2.3611e-20  3.7777e-18
   66    161  2.2809e-11  3.6722e-09
   66    162  1.2001e-11  1.9441e-09
   66    163  7.8412e-12  1.2781e-09
   66    164  1.3955e-11  2.2886e-09
   67    165  8.0338e-12  1.3256e-09
   68    166  1.8276e-11  3.0338e-09
   68    167  8.3385e-12  1.3925e-09
   68    168  4.9164e-12  8.2596e-10
   68    170  1.9592e-12  3.3307e-10
   69    169  8.2079e-12  1.3871e-09
   70    171  1.1290e-12  1.9306e-10
   70    172  7.5114e-13  1.2920e-10
   70    173  4.4904e-13  7.7684e-11
   70    174  6.2872e-13  1.0940e-10
   70    176  2.6482e-13  4.6608e-11
   71    175  2.3922e-13  4.1863e-11
   72    177  1.7072e-13  3.0218e-11
   72    178  3.3496e-14  5.9623e-12
   72    179  1.2649e-14  2.2641e-12
   72    180  1.2713e-14  2.2884e-12
   73    181  1.5605e-14  2.8246e-12
   74    182  1.5732e-14  2.8632e-12
   74    183  1.1087e-14  2.0289e-12
   74    184  1.7840e-14  3.2826e-12
   74    186  1.7187e-14  3.1969e-12
   75    185  6.6541e-15  1.2310e-12
   75    187  1.0682e-14  1.9975e-12
   76    187  8.6812e-17  1.6234e-14
   76    188  2.2804e-14  4.2872e-12
   76    189  7.9892e-15  1.5100e-12
   76    190  1.2653e-14  2.4040e-12
   76    192  3.4413e-15  6.6073e-13
   77    191  7.5375e-15  1.4397e-12
   77    193  1.2956e-15  2.5006e-13
   78    194  8.7617e-16  1.6998e-13
   78    195  2.0763e-16  4.0487e-14
   78    196  6.5991e-17  1.2934e-14
   78    198  4.5334e-18  8.9760e-16
   79    197  1.7303e-17  3.4086e-15
   80    199  8.4353e-19  1.6786e-16
   80    200  2.7308e-19  5.4616e-17
   80    201  1.1300e-20  2.2712e-18
    1      1  3.3101e-09  3.3101e-09
    2      4  2.0703e-01  8.2813e-01


