    1      2  9.9214e-04  1.9843e-03
    1      3  3.3850e-20  1.0155e-19
    2      3  1.7294e-05  5.1881e-05
    3      7  6.2966e-11  4.4077e-10
    4      8  1.9789e-07  1.5831e-06
    4      9  6.6835e-11  6.0152e-10
    5     10  1.2531e-09  1.2531e-08
    5     11  2.9062e-09  3.1968e-08
    6     12  2.3336e-09  2.8003e-08
    6     13  5.0053e-09  6.5069e-08
    7     14  7.2115e-07  1.0096e-05
    7     15  6.2483e-07  9.3725e-06
    8     16  1.6456e-06  2.6329e-05
    8     17  1.5280e-08  2.5976e-07
    8     18  5.0979e-07  9.1763e-06
    9     19  3.7993e-08  7.2187e-07
   10     20  9.8570e-07  1.9714e-05
   10     21  3.2904e-08  6.9099e-07
   10     22  1.2768e-06  2.8089e-05
   11     23  5.6290e-07  1.2947e-05
   12     24  2.0030e-06  4.8071e-05
   12     25  6.4059e-07  1.6015e-05
   12     26  9.5818e-07  2.4913e-05
   13     27  9.4784e-09  2.5592e-07
   14     28  3.2905e-07  9.2133e-06
   14     29  3.0349e-08  8.8011e-07
   14     30  5.7317e-09  1.7195e-07
   15     31  9.9364e-09  3.0803e-07
   16     32  1.4561e-07  4.6595e-06
   16     33  1.3171e-08  4.3464e-07
   16     34  1.2796e-07  4.3506e-06
   16     36  4.5050e-07  1.6218e-05
   17     35  1.1794e-08  4.1279e-07
   17     37  2.5940e-08  9.5978e-07
   18     36  5.4926e-14  1.9774e-12
   18     38  1.3265e-07  5.0406e-06
   18     40  6.5087e-10  2.6035e-08
   19     39  3.7323e-09  1.4556e-07
   19     40  7.6146e-19  3.0459e-17
   19     41  5.9837e-11  2.4533e-09
   20     40  2.1157e-19  8.4627e-18
   20     42  5.5114e-10  2.3148e-08
   20     43  8.3335e-11  3.5834e-09
   20     44  1.0752e-09  4.7308e-08
   20     46  6.2059e-10  2.8547e-08
   21     45  2.1096e-10  9.4931e-09
   22     46  2.7342e-17  1.2577e-15
   22     47  1.7943e-10  8.4333e-09
   22     48  1.1533e-08  5.5358e-07
   22     49  3.2819e-10  1.6081e-08
   22     50  4.0807e-10  2.0403e-08
   23     51  7.5161e-11  3.8332e-09
   24     52  1.2719e-10  6.6140e-09
   24     53  6.6984e-11  3.5501e-09
   24     54  9.6173e-11  5.1933e-09
   25     55  2.4134e-11  1.3274e-09
   26     56  4.4499e-11  2.4919e-09
   26     57  4.6571e-11  2.6545e-09
   26     58  3.1635e-10  1.8348e-08
   27     59  3.3262e-12  1.9624e-10
   28     60  1.0913e-09  6.5480e-08
   28     61  3.0626e-12  1.8682e-10
   28     62  2.3224e-11  1.4399e-09
   28     64  6.6867e-10  4.2795e-08
   29     63  6.4227e-11  4.0463e-09
   29     65  3.4060e-12  2.2139e-10
   30     64  1.1274e-19  7.2154e-18
   30     66  3.5163e-11  2.3208e-09
   30     67  4.5383e-12  3.0406e-10
   30     68  4.5321e-11  3.0818e-09
   30     70  6.6512e-11  4.6558e-09
   31     69  4.7952e-12  3.3087e-10
   31     71  8.0785e-12  5.7358e-10
   32     70  4.0042e-14  2.8029e-12
   32     72  4.5799e-11  3.2975e-09
   32     73  1.2679e-11  9.2559e-10
   32     74  1.1535e-10  8.5355e-09
   32     76  1.8834e-10  1.4314e-08
   33     75  3.5545e-11  2.6659e-09
   34     76  2.9595e-13  2.2492e-11
   34     77  5.7881e-12  4.4568e-10
   34     78  1.5132e-10  1.1803e-08
   34     80  4.9137e-10  3.9310e-08
   34     82  4.6374e-10  3.8027e-08
   35     79  4.9122e-11  3.8806e-09
   35     81  5.2197e-11  4.2280e-09
   36     82  1.6236e-12  1.3314e-10
   36     83  1.3885e-11  1.1525e-09
   36     84  6.3272e-11  5.3148e-09
   36     86  2.8760e-10  2.4734e-08
   37     85  7.6901e-11  6.5366e-09
   37     87  9.8964e-11  8.6098e-09
   38     86  5.2297e-18  4.4975e-16
   38     87  7.0981e-13  6.1754e-11
   38     88  1.0280e-10  9.0460e-09
   39     89  9.4582e-11  8.4178e-09
   40     90  7.7527e-11  6.9775e-09
   40     91  2.3245e-11  2.1153e-09
   40     92  5.1885e-11  4.7735e-09
   40     94  7.0850e-11  6.6599e-09
   41     93  6.1567e-11  5.7257e-09
   42     95  2.5868e-11  2.4574e-09
   42     96  1.9288e-10  1.8516e-08
   42     97  3.0032e-11  2.9131e-09
   42     98  6.4483e-11  6.3193e-09
   42    100  5.4616e-11  5.4616e-09
   44     99  1.8413e-11  1.8229e-09
   44    100  5.4139e-12  5.4139e-10
   44    101  8.1927e-12  8.2746e-10
   44    102  2.1717e-11  2.2151e-09
   44    104  1.9095e-11  1.9859e-09
   45    103  8.7551e-12  9.0177e-10
   46    104  1.1590e-16  1.2053e-14
   46    105  1.0179e-11  1.0688e-09
   46    106  1.9191e-11  2.0343e-09
   46    108  2.6386e-11  2.8497e-09
   46    110  3.9191e-11  4.3110e-09
   47    107  7.6072e-12  8.1397e-10
   47    109  6.8573e-12  7.4745e-10
   48    110  3.9242e-14  4.3166e-12
   48    111  6.3844e-12  7.0867e-10
   48    112  1.4905e-11  1.6693e-09
   48    113  1.0680e-11  1.2069e-09
   48    114  3.6227e-11  4.1299e-09
   48    116  2.8143e-11  3.2646e-09
   49    113  3.9241e-19  4.4342e-17
   49    115  2.2374e-11  2.5731e-09
   50    115  1.9030e-17  2.1885e-15
   50    116  5.3882e-13  6.2503e-11
   50    117  4.2017e-12  4.9160e-10
   50    118  2.7879e-11  3.2897e-09
   50    119  1.0643e-11  1.2665e-09
   50    120  5.4898e-11  6.5877e-09
   50    122  9.6354e-11  1.1755e-08
   50    124  9.2047e-11  1.1414e-08
   51    121  1.5146e-11  1.8327e-09
   51    123  3.2831e-12  4.0382e-10
   52    122  2.3249e-14  2.8364e-12
   52    124  2.9835e-15  3.6996e-13
   52    125  2.9064e-11  3.6330e-09
   52    126  1.8831e-10  2.3727e-08
   52    128  1.4112e-10  1.8063e-08
   52    130  2.5606e-10  3.3287e-08
   53    127  9.5104e-12  1.2078e-09
   53    129  1.0520e-17  1.3570e-15
   54    128  1.2153e-15  1.5556e-13
   54    129  5.4843e-11  7.0748e-09
   54    130  1.8276e-13  2.3759e-11
   54    131  6.7909e-10  8.8960e-08
   54    132  2.6938e-09  3.5558e-07
   54    134  7.0371e-09  9.4297e-07
   54    136  1.7689e-09  2.4058e-07
   55    133  2.9722e-09  3.9530e-07
   56    134  6.1840e-14  8.2865e-12
   56    135  2.9997e-09  4.0496e-07
   56    136  3.3533e-12  4.5605e-10
   56    137  5.7515e-11  7.8796e-09
   56    138  1.3769e-10  1.9001e-08
   57    139  1.2326e-10  1.7134e-08
   58    140  2.8560e-10  3.9984e-08
   58    142  1.0857e-11  1.5417e-09
   59    141  2.0321e-11  2.8652e-09
   60    142  8.2106e-17  1.1659e-14
   60    143  1.6233e-11  2.3213e-09
   60    144  4.4646e-11  6.4290e-09
   60    145  4.2004e-12  6.0905e-10
   60    146  1.0487e-11  1.5311e-09
   60    148  1.8095e-11  2.6780e-09
   60    150  2.2689e-11  3.4034e-09
   62    147  1.2814e-11  1.8836e-09
   62    148  6.1650e-13  9.1242e-11
   62    149  1.1468e-12  1.7088e-10
   62    150  1.1095e-13  1.6643e-11
   62    152  5.3509e-12  8.1334e-10
   62    154  4.8238e-12  7.4287e-10
   63    151  1.3485e-12  2.0362e-10
   63    153  2.7478e-12  4.2041e-10
   64    154  2.3221e-15  3.5761e-13
   64    155  6.7829e-13  1.0514e-10
   64    156  2.2365e-12  3.4889e-10
   64    157  5.6446e-13  8.8620e-11
   64    158  9.9214e-13  1.5676e-10
   64    160  2.5941e-12  4.1506e-10
   65    159  2.1862e-13  3.4761e-11
   66    160  5.3598e-17  8.5757e-15
   66    161  1.6545e-13  2.6637e-11
   66    162  4.8250e-13  7.8165e-11
   66    163  1.9644e-13  3.2020e-11
   66    164  4.3255e-13  7.0937e-11
   67    165  4.3212e-13  7.1300e-11
   68    166  7.0927e-13  1.1774e-10
   68    167  4.6953e-13  7.8411e-11
   68    168  4.5439e-13  7.6338e-11
   68    170  6.3878e-13  1.0859e-10
   69    169  1.3429e-12  2.2695e-10
   70    170  1.7518e-16  2.9780e-14
   70    171  4.5668e-13  7.8092e-11
   70    172  2.1422e-13  3.6846e-11
   70    173  1.4783e-13  2.5574e-11
   70    174  1.1422e-12  1.9874e-10
   70    176  6.3528e-13  1.1181e-10
   71    175  2.9979e-13  5.2464e-11
   71    176  3.7888e-17  6.6684e-15
   72    176  3.6993e-19  6.5108e-17
   72    177  3.5436e-13  6.2721e-11
   72    178  3.1432e-13  5.5949e-11
   72    179  2.9020e-13  5.1946e-11
   72    180  4.9104e-13  8.8387e-11
   73    181  2.9814e-12  5.3963e-10
   74    182  1.7536e-12  3.1915e-10
   74    183  2.4431e-13  4.4709e-11
   74    184  1.0289e-13  1.8932e-11
   74    186  9.0509e-14  1.6835e-11
   75    185  5.8655e-14  1.0851e-11
   75    187  1.9039e-13  3.5603e-11
   76    186  1.3792e-19  2.5652e-17
   76    187  1.5963e-15  2.9850e-13
   76    188  8.3345e-14  1.5669e-11
   76    189  3.9999e-13  7.5599e-11
   76    190  3.2625e-13  6.1987e-11
   76    192  3.7929e-12  7.2824e-10
   77    191  7.2813e-13  1.3907e-10
   77    193  3.2954e-13  6.3602e-11
   78    192  2.2157e-17  4.2542e-15
   78    194  1.0961e-12  2.1264e-10
   78    195  7.5523e-13  1.4727e-10
   78    196  7.9377e-13  1.5558e-10
   78    198  3.5049e-12  6.9398e-10
   79    197  1.4525e-12  2.8614e-10
   80    198  3.4159e-16  6.7635e-14
   80    199  2.5486e-13  5.0718e-11
   80    200  6.6431e-13  1.3286e-10
   80    201  4.7670e-13  9.5817e-11
   80    202  8.5187e-13  1.7208e-10
   80    204  3.1282e-12  6.3816e-10
   81    203  1.0876e-12  2.2079e-10
   81    205  2.9440e-12  6.0352e-10
   82    204  5.3842e-19  1.0984e-16
   82    206  5.3304e-06  1.0981e-03
   82    207  2.4627e-10  5.0977e-08
   82    208  1.3881e-10  2.8873e-08
   83    209  3.2113e-08  6.7116e-06
   83    211  2.9878e-14  6.3042e-12
   83    212  1.6410e-15  3.4790e-13
   84    218  4.5989e-16  1.0026e-13
   86    219  1.0343e-14  2.2651e-12
   86    220  5.7303e-16  1.2607e-13
   88    226  3.0351e-19  6.8593e-17
   88    228  7.5621e-18  1.7242e-15
   89    227  9.2868e-20  2.1081e-17
   90    230  1.4304e-17  3.2900e-15
   90    232  3.3102e-12  7.6796e-10
   91    231  1.3923e-16  3.2162e-14
   92    234  4.6578e-17  1.0899e-14
   92    235  3.0008e-12  7.0518e-10
   92    236  1.5752e-14  3.7174e-12
   92    238  8.4736e-13  2.0167e-10
   94    240  2.9974e-18  7.1937e-16
   94    244  3.6485e-14  8.9023e-12
   96    247  1.8855e-19  4.6571e-17
   97    246  1.9377e-16  4.7667e-14
  100    258  4.9357e-12  1.2734e-09
  100    260  6.5500e-11  1.7030e-08
  100    262  3.2836e-10  8.6031e-08
  102    260  1.2617e-19  3.2803e-17
  102    261  1.1577e-10  3.0216e-08
  102    263  1.2050e-10  3.1692e-08
  102    264  9.6079e-11  2.5365e-08
  102    266  6.5983e-12  1.7551e-09
  103    265  9.5982e-11  2.5435e-08
  104    267  6.1602e-13  1.6448e-10
  104    268  8.1571e-13  2.1861e-10
  104    270  6.0929e-13  1.6451e-10
  104    272  5.4818e-13  1.4911e-10
  104    274  3.1416e-13  8.6079e-11
  105    269  2.2875e-12  6.1533e-10
  105    271  3.3824e-13  9.1664e-11
  106    273  4.2837e-13  1.1695e-10
  106    275  1.8862e-12  5.1871e-10
  106    276  6.8251e-12  1.8837e-09
  106    278  2.6338e-12  7.3220e-10
  106    280  4.5848e-11  1.2838e-08
  107    277  1.9069e-12  5.2822e-10
  108    279  2.6588e-11  7.4179e-09
  108    281  2.4158e-11  6.7884e-09
  108    282  6.5215e-10  1.8391e-07
  108    283  3.9922e-10  1.1298e-07
  108    284  8.1505e-09  2.3148e-06
  108    286  8.8556e-09  2.5327e-06
  110    285  2.1597e-08  6.1550e-06
  110    286  5.8894e-20  1.6844e-17
  110    287  1.3704e-08  3.9329e-06
  110    288  5.6527e-09  1.6280e-06
  110    290  5.4608e-09  1.5836e-06
  111    289  2.8969e-09  8.3721e-07
  111    290  1.6175e-16  4.6907e-14
  111    291  4.2579e-10  1.2390e-07
  111    292  6.9411e-09  2.0268e-06
  111    293  6.6293e-10  1.9424e-07
  111    294  7.5968e-10  2.2335e-07
  111    295  1.5110e-10  4.4574e-08
  111    296  5.3276e-11  1.5770e-08
  111    297  6.1340e-12  1.8218e-09
  111    298  6.4575e-12  1.9243e-09
  111    299  4.8477e-16  1.4495e-13
  111    300  4.2228e-14  1.2668e-11
  111    301  2.3951e-13  7.2092e-11
  111    302  7.1538e-13  2.1604e-10
  111    303  8.7664e-14  2.6562e-11
  111    304  1.4618e-13  4.4439e-11
  111    305  4.8783e-15  1.4879e-12
  111    306  2.3684e-14  7.2474e-12
  111    307  5.2428e-16  1.6095e-13
  111    308  4.3484e-16  1.3393e-13
  111    309  3.1825e-17  9.8340e-15
  111    310  2.2166e-17  6.8715e-15
  111    311  8.2006e-18  2.5504e-15
  111    312  4.4678e-18  1.3940e-15
  111    313  1.1252e-18  3.5218e-16
  111    314  8.4032e-18  2.6386e-15
  111    315  8.3574e-19  2.6326e-16
  111    316  9.0384e-19  2.8561e-16
  111    317  2.2357e-19  7.0871e-17
  111    318  4.4466e-14  1.4140e-11
  111    319  4.8564e-16  1.5492e-13
  111    320  5.9855e-15  1.9154e-12
  111    321  3.8713e-17  1.2427e-14
  111    322  4.8080e-16  1.5482e-13
  111    323  7.7585e-17  2.5060e-14
  111    324  9.0396e-17  2.9288e-14
  111    325  3.3782e-17  1.0979e-14
  111    326  1.5405e-17  5.0221e-15
  111    327  9.9020e-17  3.2379e-14
  111    328  3.1826e-17  1.0439e-14
  111    329  2.2079e-14  7.2638e-12
  111    330  3.3279e-15  1.0982e-12
  111    331  1.3394e-13  4.4334e-11
  111    332  1.3872e-14  4.6055e-12
  111    333  1.1087e-12  3.6920e-10
  111    334  7.7075e-14  2.5743e-11
  111    335  3.3457e-12  1.1208e-09
  111    336  1.2661e-13  4.2540e-11
  111    337  1.5898e-04  5.3576e-02
    1      1  2.2777e-02  2.2777e-02
    2      4  7.0867e+05  2.8347e+06


