1  2.0551e-09
2  1.3527e-01
3  2.3627e-11
4  1.2836e-11
5  2.9515e-11
6  4.3419e-09
7  1.2010e-06
8  7.5848e-08
9  2.8231e-07
10  5.9020e-07
11  9.3515e-08
12  2.8156e-07
13  1.0904e-07
14  9.3360e-07
15  1.7133e-07
16  1.7945e-06
17  3.6889e-07
18  2.4773e-06
19  1.9661e-06
20  6.4583e-06
21  8.5620e-07
22  5.6095e-06
23  6.6991e-07
24  3.0277e-06
25  1.6533e-07
26  5.0690e-07
27  1.9174e-08
28  4.2569e-07
29  2.1589e-06
30  2.3580e-06
31  1.7605e-07
32  5.7753e-06
33  5.9995e-06
34  6.5189e-05
35  1.8778e-05
36  2.0393e-05
37  1.0229e-05
38  8.7630e-06
39  2.9167e-06
40  2.7601e-05
41  1.2091e-05
42  1.4786e-05
43  1.3687e-31
44  6.2362e-06
45  1.9468e-06
46  1.2785e-05
47  7.2619e-06
48  6.6885e-06
49  1.3715e-06
50  4.1484e-05
51  6.6682e-06
52  1.1742e-03
53  3.5438e-04
54  1.1947e-03
55  4.2933e-05
56  8.8265e-05
57  6.2560e-06
58  9.5334e-05
59  4.8122e-05
60  9.4916e-05
61  1.4029e-315
62  5.2438e-05
63  2.2364e-05
64  5.0390e-05
65  8.4810e-06
66  2.0083e-05
67  3.1269e-06
68  1.4202e-05
69  2.7999e-06
70  5.4106e-06
71  5.3491e-07
72  1.4423e-06
73  3.3258e-07
74  1.0818e-06
75  1.8128e-07
76  3.8201e-07
77  9.5287e-08
78  3.1772e-08
79  2.4548e-09
80  1.9279e-10
81  4.2647e-13
82  6.8079e-13
83  7.3336e-14
84  2.3060e-21
85  4.2478e-26
86  4.6218e-30
87  5.6758e-33
88  9.6848e-20
89  3.8345e-26
90  1.6654e-17
91  5.7488e-23
92  1.5150e-18
93  1.9906e-33
94  2.1996e-22
95  3.8034e-36
96  6.6860e-31
97  2.6975e-24
98  0.0000e+00
99  1.3784e-321
100  2.0095e-23
101  -6.8914e-313
102  1.0412e-24
103  0.0000e+00
104  0.0000e+00
105  0.0000e+00
106  0.0000e+00
107  0.0000e+00
108  0.0000e+00
109  0.0000e+00
110  0.0000e+00
111  0.0000e+00
112  0.0000e+00
113  0.0000e+00
114  0.0000e+00
115  0.0000e+00
116  0.0000e+00
117  0.0000e+00
118  0.0000e+00

