1  3.8999e-06
2  1.8706e-01
3  1.9027e-09
4  5.4823e-07
5  9.7843e-07
6  1.5115e-08
7  1.4236e-06
8  1.9602e-05
9  2.1105e-06
10  7.3866e-06
11  4.9447e-07
12  9.0552e-07
13  1.1120e-07
14  3.0225e-07
15  5.5544e-08
16  4.2699e-07
17  2.3984e-08
18  4.3256e-08
19  3.9026e-08
20  9.2230e-08
21  2.7306e-08
22  5.9720e-09
23  2.4265e-09
24  2.7250e-08
25  2.0354e-10
26  1.1840e-08
27  1.6251e-10
28  1.5340e-08
29  2.8033e-08
30  3.4397e-08
31  6.1764e-09
32  1.6121e-07
33  1.4457e-07
34  9.4642e-07
35  1.6146e-07
36  1.8986e-07
37  1.3793e-07
38  5.6489e-09
39  1.1871e-08
40  1.2022e-07
41  4.7248e-08
42  8.1212e-08
43  4.9807e-34
44  7.4148e-09
45  1.8408e-09
46  1.7057e-08
47  5.0353e-09
48  3.8517e-08
49  1.8554e-08
50  3.8166e-08
51  1.1278e-08
52  6.5974e-07
53  9.8769e-08
54  1.8358e-06
55  1.3679e-07
56  1.7513e-07
57  3.4643e-09
58  5.9938e-08
59  2.5693e-08
60  3.5985e-08
61  4.5144e-89
62  5.2781e-09
63  7.6877e-11
64  1.4851e-10
65  5.6762e-13
66  1.0317e-11
67  6.1525e-12
68  6.6337e-12
69  1.4316e-11
70  1.3369e-11
71  1.0870e-12
72  2.1664e-11
73  3.1851e-12
74  2.3762e-11
75  6.5745e-12
76  3.0041e-11
77  6.5110e-11
78  5.5096e-11
79  5.3510e-11
80  1.3944e-08
81  2.3365e-08
82  2.2668e-06
83  1.1370e-06
84  1.1378e-17
85  2.3152e-26
86  3.1416e-19
87  2.6953e-22
88  4.8161e-14
89  1.0163e-14
90  2.1681e-07
91  1.5237e-11
92  4.6343e-07
93  3.0163e-21
94  2.0508e-09
95  9.4200e-19
96  1.9887e-15
97  2.7832e-11
98  -9.0545e-314
99  1.3241e-321
100  3.0337e-06
101  2.6451e-313
102  7.2180e-06
103  7.8482e-07
104  8.8061e-06
105  2.1873e-06
106  2.1456e-05
107  1.5400e-06
108  3.5245e-05
109  -8.8942e-320
110  4.8132e-05
111  6.6754e-04
112  0.0000e+00
113  0.0000e+00
114  0.0000e+00
115  0.0000e+00
116  0.0000e+00
117  0.0000e+00
118  0.0000e+00

