    1      2  1.0515e-15  2.1030e-15
    2      3  4.1136e-18  1.2341e-17
    3      6  6.2178e-16  3.7307e-15
    3      7  1.6999e-18  1.1899e-17
    4      8  3.8387e-13  3.0710e-12
    4      9  9.7399e-19  8.7659e-18
    5     10  4.9529e-17  4.9529e-16
    5     11  1.2378e-19  1.3616e-18
    6     12  8.9515e-09  1.0742e-07
    6     13  8.5034e-15  1.1054e-13
    7     14  3.8046e-11  5.3265e-10
    7     15  1.4280e-08  2.1420e-07
    8     16  5.0388e-10  8.0620e-09
    8     17  6.8602e-13  1.1662e-11
    8     18  9.9384e-09  1.7889e-07
    9     19  1.3702e-08  2.6034e-07
   10     20  6.7006e-11  1.3401e-09
   10     21  1.3816e-09  2.9013e-08
   10     22  1.8862e-09  4.1496e-08
   11     23  2.4481e-09  5.6307e-08
   12     24  1.1286e-09  2.7087e-08
   12     25  3.0876e-09  7.7190e-08
   12     26  2.9556e-08  7.6844e-07
   13     26  3.8264e-15  9.9486e-14
   13     27  2.2233e-09  6.0030e-08
   14     28  4.7896e-09  1.3411e-07
   14     29  3.1144e-08  9.0317e-07
   14     30  3.4565e-08  1.0369e-06
   15     31  5.5591e-09  1.7233e-07
   16     32  4.6064e-08  1.4740e-06
   16     33  2.8100e-07  9.2730e-06
   16     34  3.1107e-07  1.0576e-05
   16     36  1.8877e-07  6.7956e-06
   17     35  3.1735e-08  1.1107e-06
   17     37  3.7837e-07  1.4000e-05
   18     36  1.0291e-17  3.7048e-16
   18     38  5.5962e-07  2.1265e-05
   18     40  8.6107e-07  3.4443e-05
   19     39  1.0320e-06  4.0250e-05
   19     41  2.4296e-07  9.9614e-06
   20     42  1.6110e-06  6.7662e-05
   20     43  2.4878e-08  1.0698e-06
   20     44  9.9878e-07  4.3946e-05
   20     46  3.2560e-06  1.4978e-04
   21     45  3.5338e-06  1.5902e-04
   22     46  1.2547e-17  5.7716e-16
   22     47  6.8873e-08  3.2370e-06
   22     48  2.1963e-06  1.0542e-04
   22     49  1.5128e-06  7.4129e-05
   22     50  3.9814e-06  1.9907e-04
   23     51  1.3610e-06  6.9411e-05
   24     52  5.2842e-07  2.7478e-05
   24     53  2.4125e-07  1.2786e-05
   24     54  1.1649e-06  6.2904e-05
   25     55  4.8891e-07  2.6890e-05
   26     56  1.9631e-06  1.0993e-04
   26     57  5.8968e-07  3.3612e-05
   26     58  9.0682e-09  5.2595e-07
   27     59  3.2234e-08  1.9018e-06
   28     60  2.0879e-07  1.2527e-05
   28     61  5.3059e-07  3.2366e-05
   28     62  9.2301e-07  5.7227e-05
   28     64  1.5388e-07  9.8483e-06
   29     63  2.8028e-06  1.7658e-04
   29     65  2.1845e-07  1.4199e-05
   30     64  5.3378e-19  3.4162e-17
   30     66  6.2970e-07  4.1560e-05
   30     67  2.8032e-07  1.8782e-05
   30     68  1.4857e-07  1.0103e-05
   30     70  3.0360e-07  2.1252e-05
   31     69  1.3376e-07  9.2294e-06
   31     71  1.2223e-07  8.6785e-06
   32     70  2.3052e-14  1.6136e-12
   32     72  4.1823e-07  3.0112e-05
   32     73  1.2437e-06  9.0787e-05
   32     74  3.9185e-06  2.8997e-04
   32     76  1.1192e-05  8.5057e-04
   33     75  1.2480e-05  9.3599e-04
   34     76  5.5313e-12  4.2038e-10
   34     77  2.8136e-05  2.1665e-03
   34     78  2.7104e-05  2.1141e-03
   34     80  2.6286e-05  2.1029e-03
   34     82  1.6172e-05  1.3261e-03
   35     79  1.6011e-05  1.2649e-03
   35     81  8.2279e-07  6.6646e-05
   36     82  3.2512e-12  2.6660e-10
   36     83  3.2380e-05  2.6875e-03
   36     84  1.8026e-05  1.5142e-03
   36     86  1.5727e-06  1.3525e-04
   37     85  1.3970e-06  1.1875e-04
   37     87  3.6977e-06  3.2170e-04
   38     86  3.3890e-18  2.9145e-16
   38     87  2.7076e-08  2.3556e-06
   38     88  3.2003e-05  2.8163e-03
   39     89  7.3457e-06  6.5377e-04
   40     90  4.6457e-06  4.1811e-04
   40     91  6.5891e-06  5.9961e-04
   40     92  2.9862e-05  2.7473e-03
   40     94  8.0725e-06  7.5882e-04
   41     93  2.3416e-05  2.1777e-03
   42     95  5.1641e-06  4.9059e-04
   42     96  2.2249e-05  2.1359e-03
   42     97  1.1962e-05  1.1603e-03
   42     98  8.9827e-07  8.8030e-05
   42    100  2.9813e-05  2.9813e-03
   44     99  8.0727e-07  7.9920e-05
   44    100  9.6894e-14  9.6894e-12
   44    101  3.7498e-05  3.7873e-03
   44    102  2.4107e-05  2.4589e-03
   44    104  3.3702e-05  3.5051e-03
   45    103  1.3527e-05  1.3933e-03
   46    104  1.6084e-14  1.6727e-12
   46    105  3.3236e-05  3.4898e-03
   46    106  3.5987e-05  3.8147e-03
   46    108  3.8010e-05  4.1051e-03
   46    110  3.2905e-05  3.6195e-03
   47    107  5.8101e-05  6.2168e-03
   47    109  3.2336e-05  3.5246e-03
   48    110  5.3282e-12  5.8611e-10
   48    111  6.8294e-06  7.5806e-04
   48    112  3.2304e-05  3.6181e-03
   48    113  1.8991e-05  2.1460e-03
   48    114  3.1756e-05  3.6202e-03
   48    116  1.3005e-05  1.5085e-03
   49    113  8.3582e-13  9.4448e-11
   49    115  2.4629e-05  2.8323e-03
   50    115  1.9650e-11  2.2598e-09
   50    116  6.5290e-14  7.5736e-12
   50    117  3.0585e-05  3.5784e-03
   50    118  2.6977e-05  3.1833e-03
   50    119  2.2339e-05  2.6584e-03
   50    120  5.1144e-05  6.1373e-03
   50    122  1.2027e-04  1.4673e-02
   50    124  4.5610e-04  5.6556e-02
   51    121  6.3725e-05  7.7107e-03
   51    123  1.7703e-04  2.1775e-02
   52    122  8.9225e-12  1.0885e-09
   52    124  3.5696e-13  4.4263e-11
   52    125  4.1592e-04  5.1990e-02
   52    126  9.4383e-04  1.1892e-01
   52    128  4.8194e-04  6.1688e-02
   52    130  1.6971e-05  2.2062e-03
   53    127  4.9039e-04  6.2279e-02
   53    129  2.6352e-13  3.3994e-11
   54    128  1.7697e-16  2.2652e-14
   54    129  1.2783e-04  1.6490e-02
   54    130  1.9433e-13  2.5263e-11
   54    131  7.8020e-08  1.0221e-05
   54    132  1.7673e-07  2.3328e-05
   54    134  2.2996e-08  3.0815e-06
   54    136  1.1211e-08  1.5247e-06
   55    133  3.5347e-08  4.7012e-06
   56    134  1.0198e-20  1.3665e-18
   56    135  9.2955e-09  1.2549e-06
   56    136  1.9437e-18  2.6434e-16
   56    137  4.8315e-10  6.6191e-08
   56    138  2.4144e-11  3.3319e-09
   57    139  4.2410e-11  5.8950e-09
   58    140  3.2587e-10  4.5621e-08
   58    142  2.1739e-10  3.0869e-08
   59    141  1.4427e-10  2.0342e-08
   60    143  2.2577e-11  3.2285e-09
   60    144  2.8140e-11  4.0522e-09
   60    145  3.7727e-12  5.4704e-10
   60    146  1.7761e-12  2.5931e-10
   60    148  7.8187e-12  1.1572e-09
   60    150  6.1340e-12  9.2011e-10
   62    147  2.4385e-12  3.5846e-10
   62    149  4.9853e-12  7.4281e-10
   62    150  1.9552e-17  2.9327e-15
   62    152  8.7236e-12  1.3260e-09
   62    154  3.0378e-12  4.6782e-10
   63    151  4.3841e-12  6.6199e-10
   63    153  3.8473e-12  5.8864e-10
   64    154  1.3511e-19  2.0807e-17
   64    155  2.2020e-12  3.4131e-10
   64    156  5.8756e-13  9.1660e-11
   64    157  6.0791e-13  9.5441e-11
   64    158  4.1082e-13  6.4910e-11
   64    160  1.9363e-13  3.0980e-11
   65    159  1.1472e-13  1.8241e-11
   66    161  1.3873e-13  2.2336e-11
   66    162  3.8330e-14  6.2095e-12
   66    163  2.4958e-14  4.0681e-12
   66    164  2.3255e-14  3.8139e-12
   67    165  1.8693e-14  3.0844e-12
   68    166  8.7228e-15  1.4480e-12
   68    167  9.5273e-15  1.5911e-12
   68    168  3.1953e-15  5.3682e-13
   68    170  4.7174e-16  8.0195e-14
   69    169  3.7747e-15  6.3793e-13
   70    171  2.6758e-16  4.5755e-14
   70    172  5.2379e-17  9.0092e-15
   70    173  4.9682e-17  8.5950e-15
   70    174  7.1170e-17  1.2384e-14
   70    176  1.2656e-17  2.2275e-15
   71    175  1.1021e-17  1.9286e-15
   72    177  5.7602e-18  1.0196e-15
   72    178  9.6266e-19  1.7135e-16
   72    179  4.3389e-19  7.7667e-17
   72    180  6.2786e-19  1.1302e-16
   73    181  4.2874e-19  7.7603e-17
   74    182  3.9038e-19  7.1048e-17
   74    183  1.0861e-19  1.9875e-17
   74    184  6.5980e-20  1.2140e-17
   74    186  2.8135e-20  5.2332e-18
   75    185  2.3018e-20  4.2584e-18
   76    188  1.0548e-20  1.9830e-18
    1      1  1.9373e-09  1.9373e-09
    2      4  1.2122e-01  4.8487e-01


