    1      2  1.4876e-08  2.9753e-08
    2      3  9.5330e-10  2.8599e-09
    3      6  5.0596e-11  3.0358e-10
    3      7  3.2723e-09  2.2906e-08
    4      8  1.2694e-07  1.0156e-06
    4      9  6.3694e-08  5.7324e-07
    5     10  6.5447e-07  6.5447e-06
    5     11  1.6550e-09  1.8205e-08
    6     12  2.2362e-08  2.6835e-07
    6     13  4.8864e-08  6.3523e-07
    7     14  8.0323e-08  1.1245e-06
    7     15  2.2836e-05  3.4253e-04
    8     16  9.1516e-07  1.4643e-05
    8     17  3.9716e-08  6.7518e-07
    8     18  1.9841e-07  3.5714e-06
    9     19  1.8077e-06  3.4346e-05
   10     20  2.6271e-06  5.2542e-05
   10     21  1.3885e-06  2.9158e-05
   10     22  5.1580e-09  1.1348e-07
   11     23  7.5305e-07  1.7320e-05
   12     24  6.5259e-07  1.5662e-05
   12     25  3.0450e-07  7.6124e-06
   12     26  1.2822e-07  3.3337e-06
   13     26  3.9826e-20  1.0355e-18
   13     27  1.1282e-07  3.0462e-06
   14     28  2.2196e-07  6.2149e-06
   14     29  1.0186e-07  2.9540e-06
   14     30  1.1557e-07  3.4671e-06
   15     31  1.1490e-07  3.5620e-06
   16     32  1.2491e-07  3.9972e-06
   16     33  1.8722e-07  6.1781e-06
   16     34  1.7995e-07  6.1183e-06
   16     36  3.4193e-08  1.2309e-06
   17     35  5.4035e-09  1.8912e-07
   17     37  4.4579e-08  1.6494e-06
   18     36  4.5029e-19  1.6211e-17
   18     38  6.1546e-08  2.3388e-06
   18     40  1.7698e-08  7.0791e-07
   19     39  1.8427e-08  7.1865e-07
   19     41  9.6692e-08  3.9644e-06
   20     42  1.2299e-07  5.1655e-06
   20     43  1.5978e-08  6.8703e-07
   20     44  8.2085e-08  3.6118e-06
   20     46  1.5511e-08  7.1353e-07
   21     45  5.8986e-08  2.6544e-06
   22     46  1.4034e-18  6.4558e-17
   22     47  3.8432e-08  1.8063e-06
   22     48  4.4877e-08  2.1541e-06
   22     49  5.7568e-09  2.8208e-07
   22     50  1.9380e-08  9.6902e-07
   23     51  4.0355e-08  2.0581e-06
   24     52  6.3893e-08  3.3224e-06
   24     53  4.8548e-08  2.5730e-06
   24     54  1.5324e-08  8.2749e-07
   25     55  7.7483e-09  4.2616e-07
   26     56  5.2375e-08  2.9330e-06
   26     57  5.4614e-08  3.1130e-06
   26     58  6.5443e-10  3.7957e-08
   27     59  7.2136e-10  4.2560e-08
   28     60  1.5112e-09  9.0670e-08
   28     61  8.3787e-10  5.1110e-08
   28     62  5.1957e-09  3.2214e-07
   28     64  9.5607e-09  6.1188e-07
   29     63  2.4601e-07  1.5499e-05
   29     65  4.7904e-08  3.1137e-06
   30     64  1.5360e-19  9.8302e-18
   30     66  8.9980e-08  5.9387e-06
   30     67  2.3513e-07  1.5754e-05
   30     68  2.9224e-08  1.9872e-06
   30     70  5.0131e-08  3.5092e-06
   31     69  8.7868e-09  6.0629e-07
   31     71  2.0855e-08  1.4807e-06
   32     70  7.1596e-15  5.0117e-13
   32     72  5.5891e-08  4.0242e-06
   32     73  4.3062e-08  3.1435e-06
   32     74  3.1625e-07  2.3402e-05
   32     76  4.6138e-07  3.5065e-05
   33     75  1.0844e-06  8.1326e-05
   34     76  2.2034e-12  1.6746e-10
   34     77  1.2945e-06  9.9675e-05
   34     78  1.0598e-06  8.2668e-05
   34     80  2.0745e-06  1.6596e-04
   34     82  4.1845e-07  3.4313e-05
   35     79  7.0905e-07  5.6015e-05
   35     81  2.7977e-07  2.2661e-05
   36     82  3.7213e-12  3.0514e-10
   36     83  4.5889e-07  3.8088e-05
   36     84  1.9468e-07  1.6353e-05
   36     86  1.2574e-07  1.0814e-05
   37     85  1.0108e-07  8.5917e-06
   37     87  1.4305e-07  1.2445e-05
   38     86  1.5783e-18  1.3573e-16
   38     87  1.0475e-09  9.1129e-08
   38     88  1.2938e-07  1.1385e-05
   39     89  1.4885e-07  1.3248e-05
   40     90  1.4836e-07  1.3353e-05
   40     91  1.9193e-07  1.7466e-05
   40     92  2.3586e-07  2.1699e-05
   40     94  3.3568e-07  3.1554e-05
   41     93  5.5585e-07  5.1694e-05
   42     95  3.0035e-07  2.8533e-05
   42     96  8.8338e-08  8.4804e-06
   42     97  1.8278e-07  1.7730e-05
   42     98  7.2944e-08  7.1485e-06
   42    100  1.1285e-07  1.1285e-05
   44     99  6.9399e-08  6.8705e-06
   44    100  2.3524e-14  2.3524e-12
   44    101  2.7123e-08  2.7394e-06
   44    102  8.6760e-08  8.8495e-06
   44    104  5.1705e-08  5.3773e-06
   45    103  1.2235e-07  1.2602e-05
   46    104  8.5943e-16  8.9381e-14
   46    105  7.8479e-08  8.2403e-06
   46    106  8.1574e-08  8.6468e-06
   46    108  1.4330e-07  1.5477e-05
   46    110  3.1759e-07  3.4935e-05
   47    107  1.8393e-07  1.9681e-05
   47    109  2.3827e-07  2.5972e-05
   48    110  2.0952e-13  2.3047e-11
   48    111  3.0864e-08  3.4259e-06
   48    112  1.1845e-07  1.3266e-05
   48    113  1.5091e-07  1.7052e-05
   48    114  2.0215e-07  2.3045e-05
   48    116  6.0326e-09  6.9978e-07
   49    113  6.6414e-15  7.5048e-13
   49    115  1.8886e-07  2.1719e-05
   50    115  1.5069e-13  1.7329e-11
   50    116  3.5920e-15  4.1668e-13
   50    117  3.1993e-08  3.7431e-06
   50    118  1.7276e-08  2.0386e-06
   50    119  1.1658e-08  1.3873e-06
   50    120  4.2256e-08  5.0707e-06
   50    122  8.1326e-08  9.9217e-06
   50    124  1.3346e-06  1.6549e-04
   51    121  1.9404e-07  2.3479e-05
   51    123  2.5301e-07  3.1121e-05
   52    122  9.4609e-14  1.1542e-11
   52    124  1.3764e-15  1.7067e-13
   52    125  1.2146e-06  1.5183e-04
   52    126  2.5406e-06  3.2012e-04
   52    128  3.9797e-06  5.0940e-04
   52    130  1.2681e-06  1.6486e-04
   53    127  2.8946e-06  3.6761e-04
   53    129  1.3215e-14  1.7047e-12
   54    128  1.8315e-17  2.3443e-15
   54    129  5.3730e-06  6.9312e-04
   54    130  9.4748e-14  1.2317e-11
   54    131  9.4907e-07  1.2433e-04
   54    132  1.5732e-06  2.0766e-04
   54    134  6.6548e-07  8.9174e-05
   54    136  9.2973e-07  1.2644e-04
   55    133  6.8128e-07  9.0610e-05
   56    134  5.6263e-18  7.5392e-16
   56    135  4.4352e-07  5.9875e-05
   56    136  6.6346e-16  9.0231e-14
   56    137  4.8361e-07  6.6254e-05
   56    138  6.0142e-07  8.2996e-05
   57    139  9.1616e-08  1.2735e-05
   58    140  5.1725e-07  7.2416e-05
   58    142  4.6550e-07  6.6101e-05
   59    141  3.5981e-07  5.0733e-05
   60    142  8.3040e-19  1.1792e-16
   60    143  1.6584e-07  2.3716e-05
   60    144  3.4244e-07  4.9312e-05
   60    145  7.4355e-08  1.0781e-05
   60    146  2.2982e-07  3.3553e-05
   60    148  1.6836e-07  2.4917e-05
   60    150  3.9123e-08  5.8684e-06
   62    147  3.6299e-07  5.3360e-05
   62    148  1.5286e-15  2.2623e-13
   62    149  2.8922e-08  4.3093e-06
   62    150  4.8562e-13  7.2844e-11
   62    152  7.3116e-08  1.1114e-05
   62    154  8.5689e-08  1.3196e-05
   63    151  1.2707e-08  1.9187e-06
   63    153  6.3531e-08  9.7203e-06
   64    154  1.7349e-14  2.6717e-12
   64    155  5.1470e-07  7.9779e-05
   64    156  6.4329e-08  1.0035e-05
   64    157  9.3282e-08  1.4645e-05
   64    158  1.0437e-07  1.6490e-05
   64    160  1.5455e-07  2.4728e-05
   65    159  5.7695e-08  9.1734e-06
   66    160  8.7093e-15  1.3935e-12
   66    161  1.7362e-07  2.7953e-05
   66    162  6.8470e-08  1.1092e-05
   66    163  7.0988e-08  1.1571e-05
   66    164  1.1133e-07  1.8259e-05
   67    165  1.5207e-07  2.5092e-05
   68    166  1.4114e-07  2.3429e-05
   68    167  2.7324e-07  4.5631e-05
   68    168  2.0423e-07  3.4311e-05
   68    170  2.5174e-07  4.2795e-05
   69    169  8.2098e-07  1.3875e-04
   70    170  1.7900e-14  3.0431e-12
   70    171  2.6754e-07  4.5749e-05
   70    172  1.1198e-07  1.9261e-05
   70    173  1.4657e-07  2.5357e-05
   70    174  5.5454e-07  9.6490e-05
   70    176  8.3095e-07  1.4625e-04
   71    175  1.4730e-07  2.5778e-05
   71    176  1.7800e-15  3.1328e-13
   72    176  1.6666e-17  2.9331e-15
   72    177  9.6824e-07  1.7138e-04
   72    178  3.2354e-07  5.7591e-05
   72    179  1.8369e-07  3.2880e-05
   72    180  4.0758e-07  7.3364e-05
   73    181  4.4051e-07  7.9732e-05
   74    182  8.3333e-07  1.5167e-04
   74    183  4.2941e-07  7.8583e-05
   74    184  4.7967e-07  8.8258e-05
   74    186  5.4291e-07  1.0098e-04
   75    185  2.3878e-07  4.4174e-05
   75    187  1.9930e-07  3.7268e-05
   76    186  3.5376e-17  6.5800e-15
   76    187  1.6197e-09  3.0289e-07
   76    188  5.2650e-07  9.8982e-05
   76    189  1.7448e-07  3.2976e-05
   76    190  6.9417e-07  1.3189e-04
   76    192  2.1638e-06  4.1544e-04
   77    191  3.0707e-06  5.8650e-04
   77    193  1.6381e-06  3.1616e-04
   78    192  4.3519e-14  8.3556e-12
   78    194  7.2412e-06  1.4048e-03
   78    195  7.7578e-06  1.5128e-03
   78    196  9.6988e-06  1.9010e-03
   78    198  8.9301e-06  1.7682e-03
   79    197  1.2364e-05  2.4358e-03
   80    198  7.7160e-13  1.5278e-10
   80    199  5.4107e-06  1.0767e-03
   80    200  3.7911e-06  7.5823e-04
   80    201  2.2134e-06  4.4490e-04
   80    202  7.8138e-07  1.5784e-04
   80    204  4.4399e-07  9.0573e-05
   81    203  2.0169e-07  4.0943e-05
   81    205  2.9648e-07  6.0779e-05
   81    207  4.6335e-19  9.5913e-17
   82    204  1.1424e-16  2.3305e-14
   82    206  2.9781e-05  6.1349e-03
   82    207  3.7015e-05  7.6622e-03
   82    208  1.9330e-05  4.0207e-03
   82    210  1.5874e-13  3.3335e-11
   82    211  3.5255e-18  7.4389e-16
   82    212  3.6201e-18  7.6746e-16
   82    214  3.6452e-19  7.8006e-17
   83    209  5.7429e-05  1.2003e-02
   83    210  9.8054e-17  2.0591e-14
   83    211  2.0861e-19  4.4016e-17
   83    212  3.4322e-19  7.2762e-17
   83    214  2.6948e-19  5.7668e-17
   84    210  2.7073e-15  5.6854e-13
   84    218  4.2093e-20  9.1763e-18
   86    222  7.4733e-17  1.6591e-14
   87    223  2.9599e-20  6.6005e-18
   88    223  1.6051e-15  3.5793e-13
   88    224  2.9681e-17  6.6485e-15
   88    226  1.1435e-11  2.5844e-09
   88    228  1.7108e-14  3.9006e-12
   89    227  1.1162e-12  2.5338e-10
   89    228  2.0890e-18  4.7630e-16
   90    227  2.5797e-15  5.8559e-13
   90    228  5.6999e-15  1.2996e-12
   90    230  5.3894e-10  1.2396e-07
   90    231  1.4930e-16  3.4489e-14
   90    232  4.1778e-05  9.6926e-03
   90    234  4.7099e-16  1.1021e-13
   91    231  1.6734e-09  3.8656e-07
   91    234  5.4572e-18  1.2770e-15
   92    234  1.7549e-09  4.1065e-07
   92    235  3.6066e-05  8.4756e-03
   92    236  1.5553e-07  3.6705e-05
   92    238  3.1926e-05  7.5984e-03
   92    240  7.5469e-18  1.8112e-15
   93    240  5.5114e-19  1.3227e-16
   94    239  1.3778e-16  3.2928e-14
   94    240  3.0790e-11  7.3897e-09
   94    244  3.7479e-07  9.1449e-05
   95    243  4.2118e-17  1.0235e-14
   96    244  1.0172e-16  2.4820e-14
   96    247  8.8895e-14  2.1957e-11
   97    246  6.7354e-09  1.6569e-06
  100    258  1.1991e-05  3.0937e-03
  100    260  2.2049e-05  5.7328e-03
  100    262  3.0882e-05  8.0912e-03
  102    260  2.3872e-16  6.2066e-14
  102    261  2.2528e-05  5.8797e-03
  102    263  2.9072e-05  7.6459e-03
  102    264  5.1422e-05  1.3576e-02
  102    266  4.8068e-05  1.2786e-02
  103    265  3.9394e-05  1.0439e-02
  104    267  3.0608e-05  8.1725e-03
  104    268  2.3054e-05  6.1786e-03
  104    270  7.1600e-05  1.9332e-02
  104    272  2.8871e-05  7.8528e-03
  104    274  2.0902e-05  5.7273e-03
  105    269  7.2133e-05  1.9404e-02
  105    271  2.4103e-05  6.5318e-03
  106    273  2.4876e-05  6.7913e-03
  106    274  1.4536e-17  3.9828e-15
  106    275  3.6980e-06  1.0170e-03
  106    276  4.6811e-06  1.2920e-03
  106    278  3.5827e-06  9.9598e-04
  106    280  1.5439e-06  4.3229e-04
  107    277  8.8642e-07  2.4554e-04
  108    279  3.0012e-06  8.3733e-04
  108    281  1.5804e-06  4.4409e-04
  108    282  2.1403e-05  6.0356e-03
  108    283  3.6915e-06  1.0447e-03
  108    284  1.2677e-05  3.6004e-03
  108    286  9.1658e-06  2.6214e-03
  110    285  3.9075e-07  1.1136e-04
  110    286  2.0364e-16  5.8242e-14
  110    287  1.3261e-05  3.8060e-03
  110    288  3.1735e-06  9.1397e-04
  110    290  1.1585e-05  3.3596e-03
  111    289  2.9709e-06  8.5858e-04
  111    290  1.8326e-15  5.3145e-13
  111    291  1.3636e-10  3.9681e-08
  111    292  1.9656e-05  5.7397e-03
  111    293  1.6785e-06  4.9181e-04
  111    294  1.9250e-06  5.6595e-04
  111    295  3.9398e-07  1.1623e-04
  111    296  1.2594e-07  3.7278e-05
  111    297  8.9981e-08  2.6724e-05
  111    298  2.2475e-09  6.6975e-07
  111    299  2.2483e-11  6.7223e-09
  111    300  2.5639e-10  7.6918e-08
  111    301  3.3294e-06  1.0022e-03
  111    302  2.4412e-06  7.3726e-04
  111    303  1.2313e-06  3.7308e-04
  111    304  3.1443e-06  9.5586e-04
  111    305  2.0449e-06  6.2370e-04
  111    306  2.0365e-06  6.2317e-04
  111    307  1.0056e-06  3.0871e-04
  111    308  7.5298e-07  2.3192e-04
  111    309  6.0811e-07  1.8791e-04
  111    310  8.5340e-07  2.6455e-04
  111    311  5.0212e-07  1.5616e-04
  111    312  3.4118e-07  1.0645e-04
  111    313  2.7302e-07  8.5457e-05
  111    314  3.8555e-07  1.2106e-04
  111    315  2.5521e-07  8.0391e-05
  111    316  2.6911e-07  8.5039e-05
  111    317  2.4728e-07  7.8387e-05
  111    318  3.8766e-07  1.2327e-04
  111    319  4.2614e-07  1.3594e-04
  111    320  2.7991e-07  8.9573e-05
  111    321  1.6202e-07  5.2008e-05
  111    322  3.3240e-07  1.0703e-04
  111    323  3.4203e-07  1.1048e-04
  111    324  3.6109e-07  1.1699e-04
  111    325  8.0191e-08  2.6062e-05
  111    326  2.7358e-07  8.9186e-05
  111    327  3.0580e-07  9.9995e-05
  111    328  8.3236e-08  2.7301e-05
  111    329  1.7612e-07  5.7942e-05
  111    330  9.6087e-09  3.1709e-06
  111    331  8.6001e-08  2.8466e-05
  111    332  3.0819e-08  1.0232e-05
  111    333  3.1906e-09  1.0625e-06
  111    334  1.7513e-09  5.8494e-07
  111    335  4.7535e-10  1.5924e-07
  111    336  6.4780e-10  2.1766e-07
  111    337  2.3163e-08  7.8060e-06
    1      1  6.8350e-08  6.8350e-08
    2      4  1.8369e-01  7.3474e-01


