1  1.1702e-09
2  8.7735e-10
3  2.1330e-11
4  1.6981e-01
5  0.0000e+00
6  2.4322e-12
7  3.8570e-11
8  4.1194e-12
9  7.5470e-14
10  6.5289e-12
11  4.6518e-11
12  2.0749e-09
13  5.9682e-10
14  6.1833e-07
15  1.7429e-07
16  1.1111e-08
17  4.0254e-10
18  3.9702e-08
19  1.1447e-07
20  1.6601e-07
21  1.8505e-07
22  5.0079e-09
23  6.6519e-08
24  4.6164e-08
25  4.8299e-08
26  1.7664e-07
27  2.7848e-07
28  8.4007e-07
29  1.1596e-07
30  5.0914e-08
31  8.2975e-08
32  1.1717e-07
33  1.2476e-06
34  9.5948e-07
35  1.2221e-08
36  1.9198e-08
37  9.3312e-08
38  2.3048e-07
39  4.4333e-07
40  7.3821e-07
41  4.4365e-08
42  1.1269e-06
43  5.7730e-07
44  9.0481e-08
45  2.4193e-07
46  2.6894e-07
47  3.0674e-07
48  4.8444e-07
49  5.4640e-07
50  6.3067e-07
51  2.3933e-07
52  3.2334e-07
53  1.8908e-07
54  1.0965e-07
55  1.1615e-07
56  4.4491e-07
57  8.9394e-07
58  1.9630e-08
59  3.0809e-08
60  8.5754e-08
61  1.4260e-07
62  9.3229e-08
63  6.5290e-07
64  1.5001e-07
65  1.6997e-07
66  6.3944e-07
67  4.6544e-07
68  1.7859e-07
69  1.4444e-07
70  6.9436e-07
71  1.4160e-07
72  3.4642e-07
73  1.7055e-07
74  6.8285e-07
75  3.2938e-06
76  3.3188e-06
77  5.4193e-06
78  1.0990e-05
79  1.4678e-05
80  3.3470e-05
81  7.7585e-06
82  2.7844e-06
83  1.7391e-06
84  3.5171e-06
85  2.6517e-06
86  3.4769e-06
87  2.6306e-06
88  2.6476e-06
89  9.6273e-07
90  1.6849e-06
91  8.1086e-07
92  4.0788e-06
93  1.7217e-06
94  4.2749e-06
95  2.1817e-06
96  1.3413e-06
97  1.7132e-06
98  3.4792e-07
99  5.0951e-07
100  8.0261e-07
101  1.1317e-06
102  7.7243e-07
103  9.4369e-07
104  9.4606e-07
105  1.0144e-06
106  1.8141e-06
107  1.7694e-06
108  2.4835e-06
109  2.8142e-06
110  3.7592e-06
111  6.8060e-07
112  2.0227e-06
113  8.0238e-07
114  5.9406e-07
115  4.6809e-07
116  4.5629e-08
117  9.9944e-08
118  9.6822e-08
119  6.7220e-08
120  3.8154e-07
121  3.7456e-07
122  1.2078e-06
123  1.7925e-06
124  2.6946e-05
125  8.7467e-05
126  4.2170e-04
127  3.3226e-04
128  3.1609e-04
129  7.7382e-04
130  1.3170e-04
131  1.6010e-05
132  3.8278e-05
133  6.8074e-05
134  5.4318e-05
135  2.7414e-05
136  9.6101e-06
137  6.2633e-06
138  8.0010e-06
139  1.8766e-06
140  2.0201e-06
141  9.1325e-06
142  4.4337e-06
143  1.4471e-06
144  6.8951e-07
145  3.1920e-07
146  6.4903e-07
147  7.7813e-07
148  9.7295e-07
149  5.9350e-07
150  9.6665e-07
151  6.9601e-07
152  1.4906e-06
153  8.7667e-07
154  1.7307e-06
155  1.4341e-06
156  9.9987e-07
157  1.2594e-06
158  2.3172e-06
159  2.9414e-07
160  1.4687e-06
161  1.2304e-06
162  9.8285e-07
163  7.4921e-07
164  1.8448e-06
165  1.1255e-06
166  2.7626e-06
167  1.5505e-06
168  1.1791e-06
169  2.4481e-06
170  9.8334e-07
171  8.5351e-07
172  7.6140e-07
173  5.4846e-07
174  1.0736e-06
175  4.6314e-07
176  5.4869e-07
177  6.1308e-07
178  3.4608e-07
179  1.9705e-07
180  1.7436e-07
181  2.2217e-07
182  2.0338e-07
183  1.2765e-07
184  1.1918e-07
185  7.2732e-08
186  7.5779e-08
187  5.8131e-08
188  1.0062e-07
189  8.9591e-08
190  3.4675e-07
191  2.8124e-07
192  4.3251e-07
193  4.5891e-07
194  7.8697e-07
195  7.1229e-07
196  5.3951e-07
197  2.6917e-07
198  9.2288e-08
199  1.6662e-08
200  3.9106e-09
201  2.1768e-10
202  4.3787e-11
203  1.9398e-11
204  1.4440e-11
205  9.5362e-12
206  5.1645e-11
207  4.3682e-11
208  5.4279e-11
209  4.1317e-11
210  3.0964e-19
211  3.9293e-25
212  1.6573e-35
213  3.6811e-46
214  1.5531e-15
215  4.8288e-49
216  3.0370e-15
217  0.0000e+00
218  3.6892e-16
219  4.9420e-15
220  6.7880e-28
221  -3.5054e-320
222  4.8942e-25
223  1.9627e-23
224  1.4757e-24
225  1.0003e-40
226  7.4889e-20
227  1.3680e-20
228  4.7458e-18
229  4.9250e-30
230  3.5295e-18
231  2.0463e-17
232  2.0772e-12
233  2.2064e-27
234  1.1493e-17
235  4.4102e-13
236  2.4110e-16
237  1.6171e-318
238  2.0908e-13
239  4.8259e-25
240  6.1195e-17
241  0.0000e+00
242  6.4191e-152
243  1.3437e-23
244  6.2063e-16
245  0.0000e+00
246  1.0145e-17
247  2.6574e-23
248  4.3604e-151
249  0.0000e+00
250  0.0000e+00
251  4.2836e-314
252  0.0000e+00
253  0.0000e+00
254  0.0000e+00
255  0.0000e+00
256  0.0000e+00
257  4.8843e-26
258  1.3618e-15
259  8.1506e-26
260  7.0932e-16
261  3.3134e-16
262  2.2737e-16
263  1.3138e-16
264  7.7113e-17
265  3.2904e-17
266  2.7718e-17
267  7.8325e-18
268  4.3592e-18
269  4.5371e-18
270  1.3665e-18
271  6.1277e-19
272  3.1630e-19
273  1.2633e-19
274  4.9426e-20
275  1.4666e-20
276  8.5722e-21
277  1.7886e-21
278  1.4774e-21
279  4.7462e-22
280  1.6673e-22
281  4.5206e-23
282  1.3929e-23
283  1.2617e-24
284  0.0000e+00
285  0.0000e+00
286  0.0000e+00
287  0.0000e+00
288  0.0000e+00
289  0.0000e+00
290  0.0000e+00
291  0.0000e+00
292  0.0000e+00
293  0.0000e+00
294  0.0000e+00
295  0.0000e+00
296  0.0000e+00
297  0.0000e+00
298  0.0000e+00
299  0.0000e+00
300  0.0000e+00
301  0.0000e+00
302  0.0000e+00
303  0.0000e+00
304  0.0000e+00
305  0.0000e+00
306  0.0000e+00
307  0.0000e+00
308  0.0000e+00
309  0.0000e+00
310  0.0000e+00
311  0.0000e+00
312  0.0000e+00
313  0.0000e+00
314  0.0000e+00
315  0.0000e+00
316  0.0000e+00
317  0.0000e+00
318  0.0000e+00
319  0.0000e+00
320  0.0000e+00
321  0.0000e+00
322  0.0000e+00
323  0.0000e+00
324  0.0000e+00
325  0.0000e+00
326  0.0000e+00
327  0.0000e+00
328  0.0000e+00
329  0.0000e+00
330  0.0000e+00
331  0.0000e+00
332  0.0000e+00
333  0.0000e+00
334  0.0000e+00
335  0.0000e+00
336  0.0000e+00
337  0.0000e+00

