1  5.0017e-11
2  1.4304e-01
3  1.4304e-19
4  2.7730e-16
5  2.4307e-19
6  4.3125e-08
7  5.7518e-11
8  1.7498e-09
9  4.9780e-12
10  6.8926e-10
11  4.4035e-14
12  8.3033e-10
13  6.4151e-10
14  1.0609e-08
15  1.5344e-09
16  8.8739e-08
17  8.3514e-08
18  1.1195e-07
19  1.5138e-08
20  1.8326e-06
21  2.0931e-08
22  3.4306e-06
23  5.9694e-07
24  1.1251e-05
25  2.4102e-07
26  7.4736e-07
27  3.5196e-08
28  4.0956e-07
29  5.2992e-07
30  4.2022e-06
31  3.2717e-07
32  2.2670e-05
33  1.6484e-06
34  1.0953e-04
35  1.7325e-05
36  4.9145e-05
37  2.0276e-05
38  7.0224e-06
39  1.9414e-05
40  1.2025e-04
41  2.1878e-05
42  8.6831e-05
43  4.4510e-30
44  2.6325e-04
45  1.0980e-05
46  1.3693e-03
47  5.6860e-04
48  3.6492e-04
49  3.0071e-05
50  1.6522e-04
51  2.5144e-05
52  4.7816e-04
53  1.3182e-04
54  2.6798e-05
55  9.1083e-11
56  5.8329e-12
57  3.8956e-14
58  9.2710e-14
59  1.6245e-14
60  9.8346e-15
61  1.8075e-315
62  1.2834e-15
63  2.5162e-16
64  1.4109e-16
65  1.4053e-18
66  6.0156e-18
67  6.2108e-19
68  1.6663e-18
69  2.0087e-19
70  2.2433e-20
71  4.3825e-22
72  1.3095e-22
73  5.0042e-25
74  0.0000e+00
75  0.0000e+00
76  0.0000e+00
77  0.0000e+00
78  0.0000e+00
79  0.0000e+00
80  0.0000e+00
81  0.0000e+00
82  0.0000e+00
83  0.0000e+00
84  0.0000e+00
85  0.0000e+00
86  0.0000e+00
87  0.0000e+00
88  0.0000e+00
89  0.0000e+00
90  0.0000e+00
91  0.0000e+00
92  0.0000e+00
93  0.0000e+00
94  0.0000e+00
95  0.0000e+00
96  0.0000e+00
97  0.0000e+00
98  0.0000e+00
99  0.0000e+00
100  0.0000e+00
101  0.0000e+00
102  0.0000e+00
103  0.0000e+00
104  0.0000e+00
105  0.0000e+00
106  0.0000e+00
107  0.0000e+00
108  0.0000e+00
109  0.0000e+00
110  0.0000e+00
111  0.0000e+00
112  0.0000e+00
113  0.0000e+00
114  0.0000e+00
115  0.0000e+00
116  0.0000e+00
117  0.0000e+00
118  0.0000e+00

