    1      2  9.8339e-09  1.9668e-08
    2      3  8.3028e-10  2.4908e-09
    3      6  2.4812e-11  1.4887e-10
    3      7  1.9821e-09  1.3875e-08
    4      8  2.2375e-08  1.7900e-07
    4      9  9.5542e-09  8.5988e-08
    5     10  2.1037e-07  2.1037e-06
    5     11  3.0529e-09  3.3582e-08
    6     12  9.3749e-09  1.1250e-07
    6     13  1.7921e-07  2.3297e-06
    7     14  7.8021e-08  1.0923e-06
    7     15  1.4516e-05  2.1775e-04
    8     16  3.6667e-07  5.8668e-06
    8     17  1.2417e-08  2.1109e-07
    8     18  7.2979e-08  1.3136e-06
    9     19  1.1999e-06  2.2798e-05
   10     20  1.7299e-06  3.4598e-05
   10     21  7.3787e-07  1.5495e-05
   10     22  6.5887e-09  1.4495e-07
   11     23  1.0106e-06  2.3244e-05
   12     24  3.5415e-07  8.4995e-06
   12     25  4.7603e-07  1.1901e-05
   12     26  6.3528e-08  1.6517e-06
   13     26  7.6251e-20  1.9825e-18
   13     27  9.8242e-08  2.6525e-06
   14     28  1.7648e-07  4.9414e-06
   14     29  4.9225e-08  1.4275e-06
   14     30  4.1844e-08  1.2553e-06
   15     31  3.0336e-08  9.4043e-07
   16     32  6.3998e-08  2.0479e-06
   16     33  3.3361e-07  1.1009e-05
   16     34  2.5909e-07  8.8091e-06
   16     36  1.1536e-08  4.1531e-07
   17     35  1.1292e-08  3.9522e-07
   17     37  5.4056e-09  2.0001e-07
   18     36  1.4286e-18  5.1431e-17
   18     38  2.3990e-08  9.1160e-07
   18     40  7.3932e-09  2.9573e-07
   19     39  2.0395e-08  7.9540e-07
   19     41  3.3512e-08  1.3740e-06
   20     42  1.2272e-07  5.1543e-06
   20     43  2.4392e-08  1.0489e-06
   20     44  3.2700e-08  1.4388e-06
   20     46  6.4672e-09  2.9749e-07
   21     45  3.2321e-08  1.4545e-06
   22     46  1.8391e-19  8.4597e-18
   22     47  1.0637e-08  4.9994e-07
   22     48  1.9620e-08  9.4178e-07
   22     49  1.6020e-08  7.8499e-07
   22     50  1.4934e-08  7.4670e-07
   23     51  7.8297e-09  3.9932e-07
   24     52  1.8243e-08  9.4865e-07
   24     53  1.9018e-08  1.0079e-06
   24     54  6.1491e-09  3.3205e-07
   25     55  1.7783e-09  9.7805e-08
   26     56  1.8483e-08  1.0351e-06
   26     57  4.7832e-08  2.7264e-06
   26     58  9.8087e-10  5.6891e-08
   27     59  9.6016e-10  5.6649e-08
   28     60  2.5599e-09  1.5359e-07
   28     61  3.2308e-09  1.9708e-07
   28     62  2.9237e-09  1.8127e-07
   28     64  1.4202e-08  9.0891e-07
   29     63  6.9328e-08  4.3677e-06
   29     65  2.3381e-08  1.5198e-06
   30     64  6.2565e-20  4.0042e-18
   30     66  5.7248e-08  3.7784e-06
   30     67  1.2315e-07  8.2509e-06
   30     68  2.3129e-08  1.5728e-06
   30     70  6.0764e-08  4.2534e-06
   31     69  1.1919e-08  8.2241e-07
   31     71  1.5963e-08  1.1334e-06
   32     70  6.2061e-15  4.3443e-13
   32     72  4.6655e-08  3.3592e-06
   32     73  3.4079e-08  2.4877e-06
   32     74  1.2992e-07  9.6138e-06
   32     76  3.5839e-07  2.7237e-05
   33     75  4.8660e-07  3.6495e-05
   34     76  1.2535e-12  9.5269e-11
   34     77  6.6594e-07  5.1277e-05
   34     78  6.6045e-07  5.1515e-05
   34     80  3.2671e-06  2.6137e-04
   34     82  3.7049e-07  3.0381e-05
   35     79  6.0346e-07  4.7673e-05
   35     81  8.9278e-07  7.2315e-05
   36     82  2.8953e-12  2.3741e-10
   36     83  4.4094e-07  3.6598e-05
   36     84  1.6035e-07  1.3469e-05
   36     86  4.1325e-07  3.5539e-05
   37     85  1.9639e-07  1.6693e-05
   37     87  4.1900e-07  3.6453e-05
   38     86  2.2202e-19  1.9094e-17
   38     87  3.0680e-09  2.6692e-07
   38     88  1.7680e-07  1.5558e-05
   39     89  1.0534e-07  9.3756e-06
   40     90  1.0586e-07  9.5272e-06
   40     91  6.2161e-08  5.6567e-06
   40     92  7.7523e-08  7.1322e-06
   40     94  3.1152e-07  2.9283e-05
   41     93  9.5449e-08  8.8768e-06
   42     95  1.6636e-07  1.5804e-05
   42     96  7.9885e-08  7.6690e-06
   42     97  1.5171e-07  1.4716e-05
   42     98  2.3670e-08  2.3197e-06
   42    100  3.7573e-08  3.7573e-06
   44     99  2.8373e-08  2.8090e-06
   44    100  2.9502e-13  2.9502e-11
   44    101  3.7344e-08  3.7718e-06
   44    102  3.6278e-08  3.7004e-06
   44    104  2.3197e-08  2.4125e-06
   45    103  4.7297e-08  4.8716e-06
   46    104  9.5379e-18  9.9195e-16
   46    105  1.8644e-08  1.9576e-06
   46    106  6.9331e-08  7.3491e-06
   46    108  1.1540e-07  1.2463e-05
   46    110  2.6257e-07  2.8882e-05
   47    107  7.2337e-08  7.7400e-06
   47    109  1.6603e-07  1.8098e-05
   48    110  1.6126e-13  1.7739e-11
   48    111  4.4672e-08  4.9586e-06
   48    112  1.9998e-07  2.2398e-05
   48    113  1.2384e-07  1.3994e-05
   48    114  1.0226e-07  1.1657e-05
   48    116  9.6023e-09  1.1139e-06
   49    113  5.4503e-15  6.1589e-13
   49    115  1.1459e-07  1.3177e-05
   50    115  9.1423e-14  1.0514e-11
   50    116  4.7184e-13  5.4734e-11
   50    117  3.2179e-08  3.7649e-06
   50    118  1.6721e-08  1.9730e-06
   50    119  1.3128e-08  1.5622e-06
   50    120  7.5722e-08  9.0867e-06
   50    122  1.0886e-07  1.3281e-05
   50    124  9.5341e-07  1.1822e-04
   51    121  6.3971e-08  7.7405e-06
   51    123  1.3102e-07  1.6116e-05
   52    122  3.2915e-14  4.0156e-12
   52    124  6.0449e-16  7.4956e-14
   52    125  1.9326e-06  2.4157e-04
   52    126  5.4003e-06  6.8043e-04
   52    128  4.6605e-06  5.9655e-04
   52    130  3.8911e-06  5.0584e-04
   53    127  6.2169e-06  7.8955e-04
   53    129  1.9066e-14  2.4595e-12
   54    128  1.5136e-14  1.9374e-12
   54    129  5.4334e-06  7.0091e-04
   54    130  5.5107e-13  7.1639e-11
   54    131  2.0360e-06  2.6671e-04
   54    132  1.0058e-06  1.3276e-04
   54    134  6.2561e-07  8.3831e-05
   54    136  3.6291e-07  4.9355e-05
   55    133  7.2926e-07  9.6992e-05
   56    134  7.9888e-17  1.0705e-14
   56    135  2.2410e-07  3.0254e-05
   56    136  1.1042e-14  1.5017e-12
   56    137  3.1478e-07  4.3125e-05
   56    138  3.1544e-07  4.3531e-05
   57    139  1.2912e-07  1.7948e-05
   58    140  2.2280e-07  3.1193e-05
   58    142  1.6519e-07  2.3457e-05
   59    141  3.3049e-07  4.6599e-05
   60    142  3.1901e-17  4.5300e-15
   60    143  8.7396e-08  1.2498e-05
   60    144  7.1078e-08  1.0235e-05
   60    145  2.3067e-08  3.3446e-06
   60    146  4.8740e-08  7.1161e-06
   60    148  3.7944e-08  5.6157e-06
   60    150  2.4832e-08  3.7248e-06
   62    147  6.9500e-08  1.0217e-05
   62    148  6.5113e-13  9.6367e-11
   62    149  1.1560e-08  1.7225e-06
   62    150  4.6860e-13  7.0290e-11
   62    152  3.6701e-08  5.5786e-06
   62    154  3.0273e-08  4.6620e-06
   63    151  6.9358e-09  1.0473e-06
   63    153  2.8100e-08  4.2993e-06
   64    154  1.6580e-14  2.5533e-12
   64    155  1.2751e-07  1.9764e-05
   64    156  1.2599e-08  1.9654e-06
   64    157  3.7293e-08  5.8550e-06
   64    158  7.7388e-08  1.2227e-05
   64    160  1.2402e-08  1.9843e-06
   65    159  8.5010e-10  1.3517e-07
   66    160  2.5109e-16  4.0174e-14
   66    161  2.4064e-08  3.8743e-06
   66    162  1.4001e-08  2.2682e-06
   66    163  1.5446e-08  2.5177e-06
   66    164  2.3331e-08  3.8263e-06
   67    165  1.7341e-08  2.8612e-06
   68    166  6.0282e-08  1.0007e-05
   68    167  8.6274e-08  1.4408e-05
   68    168  6.0991e-08  1.0246e-05
   68    170  8.4425e-08  1.4352e-05
   69    169  3.4690e-07  5.8625e-05
   70    170  8.5970e-15  1.4615e-12
   70    171  1.5534e-07  2.6563e-05
   70    172  9.8891e-08  1.7009e-05
   70    173  6.7271e-08  1.1638e-05
   70    174  2.6914e-07  4.6831e-05
   70    176  1.8284e-07  3.2179e-05
   71    175  9.4699e-08  1.6572e-05
   71    176  5.6106e-16  9.8746e-14
   72    176  5.2529e-18  9.2451e-16
   72    177  6.1773e-07  1.0934e-04
   72    178  3.8645e-07  6.8788e-05
   72    179  1.9974e-07  3.5754e-05
   72    180  2.2834e-07  4.1102e-05
   73    181  3.1278e-07  5.6612e-05
   74    182  3.1763e-07  5.7809e-05
   74    183  2.3366e-07  4.2760e-05
   74    184  2.1824e-07  4.0155e-05
   74    186  9.7990e-08  1.8226e-05
   75    185  1.1212e-07  2.0742e-05
   75    187  1.0310e-07  1.9281e-05
   76    186  1.2337e-17  2.2946e-15
   76    187  8.3794e-10  1.5670e-07
   76    188  1.3163e-07  2.4747e-05
   76    189  5.9436e-08  1.1233e-05
   76    190  1.4835e-07  2.8186e-05
   76    192  1.8934e-07  3.6353e-05
   77    191  1.3445e-07  2.5680e-05
   77    193  1.4986e-07  2.8923e-05
   78    192  2.9754e-16  5.7127e-14
   78    194  1.2462e-06  2.4177e-04
   78    195  2.8571e-06  5.5713e-04
   78    196  9.1086e-06  1.7853e-03
   78    198  1.7178e-05  3.4013e-03
   79    197  1.3941e-05  2.7464e-03
   80    198  5.3959e-14  1.0684e-11
   80    199  7.1618e-06  1.4252e-03
   80    200  8.5568e-06  1.7114e-03
   80    201  1.6094e-06  3.2348e-04
   80    202  6.7860e-07  1.3708e-04
   80    204  4.7618e-08  9.7140e-06
   81    203  1.2040e-07  2.4441e-05
   81    205  3.4204e-08  7.0118e-06
   81    207  1.1657e-19  2.4131e-17
   82    204  6.1744e-19  1.2596e-16
   82    206  6.1282e-06  1.2624e-03
   82    207  8.0771e-06  1.6720e-03
   82    208  3.1979e-06  6.6517e-04
   82    210  1.1926e-12  2.5045e-10
   82    211  4.1307e-18  8.7158e-16
   82    212  3.0056e-18  6.3719e-16
   82    214  5.5622e-19  1.1903e-16
   83    209  1.3711e-05  2.8655e-03
   83    210  2.5017e-17  5.2536e-15
   83    211  5.2483e-20  1.1074e-17
   83    212  8.9813e-20  1.9040e-17
   83    214  6.8754e-20  1.4713e-17
   84    210  6.9073e-16  1.4505e-13
   84    218  1.0741e-20  2.3415e-18
   86    222  1.9067e-17  4.2329e-15
   88    223  4.0382e-16  9.0052e-14
   88    224  7.7669e-18  1.7398e-15
   88    226  2.9175e-12  6.5937e-10
   88    228  2.4976e-11  5.6944e-09
   89    227  2.8082e-13  6.3747e-11
   89    228  5.4666e-19  1.2464e-16
   90    227  6.4903e-16  1.4733e-13
   90    228  1.4915e-15  3.4007e-13
   90    230  1.3750e-10  3.1626e-08
   90    231  3.7563e-17  8.6771e-15
   90    232  1.0933e-05  2.5364e-03
   90    234  4.6494e-17  1.0880e-14
   91    231  4.2101e-10  9.7254e-08
   91    234  1.3923e-18  3.2581e-16
   92    234  4.4775e-10  1.0477e-07
   92    235  9.0739e-06  2.1324e-03
   92    236  3.5493e-08  8.3764e-06
   92    238  8.1455e-06  1.9386e-03
   92    240  1.7814e-18  4.2753e-16
   93    240  1.2577e-19  3.0184e-17
   94    239  4.4285e-17  1.0584e-14
   94    240  7.0261e-12  1.6863e-09
   94    244  8.5524e-08  2.0868e-05
   95    243  1.3538e-17  3.2897e-15
   96    244  2.3212e-17  5.6637e-15
   96    247  2.8573e-14  7.0576e-12
   97    246  1.4251e-09  3.5057e-07
  100    258  3.1382e-06  8.0965e-04
  100    260  4.8229e-06  1.2540e-03
  100    262  5.1819e-06  1.3577e-03
  102    260  1.3239e-19  3.4422e-17
  102    261  4.7495e-06  1.2396e-03
  102    263  6.1217e-06  1.6100e-03
  102    264  7.7023e-06  2.0334e-03
  102    266  1.0101e-05  2.6870e-03
  103    265  7.2516e-06  1.9217e-03
  104    267  5.0427e-06  1.3464e-03
  104    268  5.7065e-06  1.5293e-03
  104    270  1.4866e-05  4.0137e-03
  104    272  2.4970e-05  6.7917e-03
  104    274  4.8145e-05  1.3192e-02
  105    269  1.4741e-05  3.9653e-03
  105    271  1.4654e-05  3.9714e-03
  106    273  2.9366e-05  8.0168e-03
  106    275  5.0551e-05  1.3901e-02
  106    276  6.1825e-05  1.7064e-02
  106    278  3.1850e-05  8.8542e-03
  106    280  8.2949e-06  2.3226e-03
  107    277  2.0343e-05  5.6350e-03
  108    279  1.8059e-05  5.0385e-03
  108    281  2.7239e-06  7.6540e-04
  108    282  2.4164e-06  6.8143e-04
  108    283  1.0418e-06  2.9483e-04
  108    284  1.3753e-06  3.9060e-04
  108    286  1.4806e-06  4.2346e-04
  110    285  1.3173e-06  3.7544e-04
  110    286  5.2761e-17  1.5090e-14
  110    287  2.5765e-06  7.3946e-04
  110    288  2.0587e-06  5.9291e-04
  110    290  1.6478e-06  4.7785e-04
  111    289  1.5646e-06  4.5218e-04
  111    290  4.4558e-17  1.2922e-14
  111    291  8.0158e-07  2.3326e-04
  111    292  5.9219e-06  1.7292e-03
  111    293  3.1969e-06  9.3669e-04
  111    294  5.2464e-06  1.5424e-03
  111    295  1.7937e-06  5.2915e-04
  111    296  3.9800e-06  1.1781e-03
  111    297  1.8554e-06  5.5104e-04
  111    298  2.8298e-07  8.4327e-05
  111    299  2.1876e-07  6.5410e-05
  111    300  7.1964e-08  2.1589e-05
  111    301  5.5966e-06  1.6846e-03
  111    302  6.2107e-06  1.8756e-03
  111    303  2.4303e-06  7.3640e-04
  111    304  5.4440e-06  1.6550e-03
  111    305  5.3994e-06  1.6468e-03
  111    306  7.4227e-06  2.2714e-03
  111    307  2.8975e-06  8.8954e-04
  111    308  3.0834e-06  9.4968e-04
  111    309  4.0445e-06  1.2497e-03
  111    310  4.0105e-06  1.2432e-03
  111    311  1.5526e-06  4.8286e-04
  111    312  3.5034e-06  1.0931e-03
  111    313  8.1575e-07  2.5533e-04
  111    314  3.6074e-06  1.1327e-03
  111    315  1.8438e-06  5.8081e-04
  111    316  3.0114e-06  9.5159e-04
  111    317  2.7544e-06  8.7316e-04
  111    318  1.8463e-05  5.8711e-03
  111    319  6.8819e-06  2.1953e-03
  111    320  6.4396e-06  2.0607e-03
  111    321  1.5323e-06  4.9188e-04
  111    322  1.8880e-06  6.0793e-04
  111    323  1.2793e-06  4.1322e-04
  111    324  9.2205e-07  2.9874e-04
  111    325  3.1005e-07  1.0077e-04
  111    326  5.4610e-07  1.7803e-04
  111    327  7.5157e-07  2.4576e-04
  111    328  5.1057e-08  1.6747e-05
  111    329  3.1651e-07  1.0413e-04
  111    330  2.5305e-07  8.3506e-05
  111    331  3.8224e-08  1.2652e-05
  111    332  1.0034e-07  3.3313e-05
  111    333  1.3606e-08  4.5307e-06
  111    334  1.4301e-08  4.7765e-06
  111    335  7.7709e-09  2.6032e-06
  111    336  3.1206e-09  1.0485e-06
  111    337  8.9881e-08  3.0290e-05
    1      1  2.0390e-08  2.0390e-08
    2      4  2.0363e-01  8.1452e-01


