    1      2  7.7505e-04  1.5501e-03
    1      3  2.4824e-20  7.4471e-20
    2      3  1.2682e-05  3.8047e-05
    3      7  9.2411e-11  6.4687e-10
    4      8  2.2978e-07  1.8382e-06
    4      9  1.1130e-10  1.0017e-09
    5     10  1.8746e-09  1.8746e-08
    5     11  4.1022e-09  4.5124e-08
    6     12  3.1257e-09  3.7508e-08
    6     13  6.3407e-09  8.2429e-08
    7     14  1.3507e-06  1.8910e-05
    7     15  1.1377e-06  1.7065e-05
    8     16  3.2788e-06  5.2460e-05
    8     17  3.2497e-08  5.5245e-07
    8     18  1.0117e-06  1.8211e-05
    9     19  6.6865e-08  1.2704e-06
   10     20  1.8845e-06  3.7690e-05
   10     21  6.6626e-08  1.3992e-06
   10     22  2.4123e-06  5.3071e-05
   11     23  1.0814e-06  2.4871e-05
   12     24  3.1717e-06  7.6120e-05
   12     25  1.0766e-06  2.6914e-05
   12     26  1.5204e-06  3.9532e-05
   13     27  1.5672e-08  4.2315e-07
   14     28  5.4443e-07  1.5244e-05
   14     29  4.8323e-08  1.4014e-06
   14     30  9.1188e-09  2.7356e-07
   15     31  1.6192e-08  5.0196e-07
   16     32  2.3749e-07  7.5998e-06
   16     33  2.1266e-08  7.0179e-07
   16     34  2.0601e-07  7.0044e-06
   16     36  6.7489e-07  2.4296e-05
   17     35  2.2305e-08  7.8067e-07
   17     37  3.8369e-08  1.4196e-06
   18     36  9.5356e-14  3.4328e-12
   18     38  1.8598e-07  7.0671e-06
   18     40  8.5430e-10  3.4172e-08
   19     39  5.1049e-09  1.9909e-07
   19     40  9.4695e-19  3.7878e-17
   19     41  8.4879e-11  3.4800e-09
   20     40  2.7198e-19  1.0879e-17
   20     42  7.7567e-10  3.2578e-08
   20     43  1.1827e-10  5.0854e-09
   20     44  1.5219e-09  6.6963e-08
   20     46  8.5012e-10  3.9105e-08
   21     45  2.9185e-10  1.3133e-08
   22     46  3.5067e-17  1.6131e-15
   22     47  2.7843e-10  1.3086e-08
   22     48  1.5374e-08  7.3796e-07
   22     49  4.6655e-10  2.2861e-08
   22     50  5.5608e-10  2.7804e-08
   23     51  1.0720e-10  5.4674e-09
   24     52  1.8326e-10  9.5297e-09
   24     53  9.5352e-11  5.0537e-09
   24     54  1.3218e-10  7.1377e-09
   25     55  3.3634e-11  1.8499e-09
   26     56  6.5484e-11  3.6671e-09
   26     57  6.4773e-11  3.6921e-09
   26     58  4.2750e-10  2.4795e-08
   27     59  4.6248e-12  2.7286e-10
   28     60  1.4456e-09  8.6733e-08
   28     61  4.0940e-12  2.4974e-10
   28     62  3.2097e-11  1.9900e-09
   28     64  8.6830e-10  5.5571e-08
   29     63  8.5122e-11  5.3627e-09
   29     65  4.4904e-12  2.9188e-10
   30     64  1.4225e-19  9.1042e-18
   30     66  4.8044e-11  3.1709e-09
   30     67  6.1866e-12  4.1450e-10
   30     68  6.3791e-11  4.3378e-09
   30     70  9.1390e-11  6.3973e-09
   31     69  7.1231e-12  4.9149e-10
   31     71  1.1523e-11  8.1813e-10
   32     70  5.5882e-14  3.9117e-12
   32     72  6.8578e-11  4.9376e-09
   32     73  1.8945e-11  1.3830e-09
   32     74  1.7006e-10  1.2585e-08
   32     76  2.5990e-10  1.9753e-08
   33     75  5.1515e-11  3.8636e-09
   34     76  4.0758e-13  3.0976e-11
   34     77  8.4054e-12  6.4722e-10
   34     78  2.2133e-10  1.7264e-08
   34     80  6.7566e-10  5.4053e-08
   34     82  6.0086e-10  4.9270e-08
   35     79  7.1560e-11  5.6532e-09
   35     81  7.1878e-11  5.8221e-09
   36     82  2.1295e-12  1.7462e-10
   36     83  1.9149e-11  1.5894e-09
   36     84  8.2665e-11  6.9439e-09
   36     86  3.6782e-10  3.1632e-08
   37     85  1.0684e-10  9.0814e-09
   37     87  1.2980e-10  1.1292e-08
   38     86  6.6179e-18  5.6914e-16
   38     87  9.5022e-13  8.2669e-11
   38     88  1.3562e-10  1.1935e-08
   39     89  1.1718e-10  1.0429e-08
   40     90  9.6856e-11  8.7170e-09
   40     91  2.8958e-11  2.6352e-09
   40     92  6.5959e-11  6.0682e-09
   40     94  8.4053e-11  7.9010e-09
   41     93  7.4976e-11  6.9727e-09
   42     95  3.1898e-11  3.0303e-09
   42     96  2.3814e-10  2.2862e-08
   42     97  3.8003e-11  3.6863e-09
   42     98  8.1050e-11  7.9429e-09
   42    100  6.7775e-11  6.7775e-09
   44     99  2.3018e-11  2.2788e-09
   44    100  6.3866e-12  6.3866e-10
   44    101  1.0136e-11  1.0238e-09
   44    102  2.7094e-11  2.7636e-09
   44    104  2.4227e-11  2.5196e-09
   45    103  1.0876e-11  1.1203e-09
   46    104  1.3080e-16  1.3603e-14
   46    105  1.2811e-11  1.3451e-09
   46    106  2.3977e-11  2.5415e-09
   46    108  3.3146e-11  3.5798e-09
   46    110  4.8723e-11  5.3595e-09
   47    107  9.4577e-12  1.0120e-09
   47    109  8.6310e-12  9.4078e-10
   48    110  4.6713e-14  5.1384e-12
   48    111  7.9287e-12  8.8008e-10
   48    112  1.9039e-11  2.1324e-09
   48    113  1.3276e-11  1.5002e-09
   48    114  4.5375e-11  5.1728e-09
   48    116  3.4033e-11  3.9479e-09
   49    113  5.8427e-19  6.6023e-17
   49    115  2.7714e-11  3.1871e-09
   50    115  2.2112e-17  2.5429e-15
   50    116  6.2895e-13  7.2958e-11
   50    117  5.3838e-12  6.2990e-10
   50    118  3.5843e-11  4.2295e-09
   50    119  1.3370e-11  1.5910e-09
   50    120  6.7330e-11  8.0796e-09
   50    122  1.1516e-10  1.4050e-08
   50    124  1.0966e-10  1.3597e-08
   51    121  1.8522e-11  2.2412e-09
   51    123  3.9506e-12  4.8592e-10
   52    122  2.7167e-14  3.3144e-12
   52    124  3.3965e-15  4.2117e-13
   52    125  3.4965e-11  4.3707e-09
   52    126  2.2189e-10  2.7958e-08
   52    128  1.7712e-10  2.2672e-08
   52    130  3.7335e-10  4.8536e-08
   53    127  1.1518e-11  1.4628e-09
   53    129  3.2462e-17  4.1875e-15
   54    128  1.3654e-15  1.7477e-13
   54    129  7.1301e-11  9.1978e-09
   54    130  2.2473e-13  2.9214e-11
   54    131  9.8831e-10  1.2947e-07
   54    132  3.7853e-09  4.9966e-07
   54    134  8.9690e-09  1.2018e-06
   54    136  2.0417e-09  2.7767e-07
   55    133  4.2988e-09  5.7175e-07
   56    134  8.0373e-14  1.0770e-11
   56    135  3.7123e-09  5.0116e-07
   56    136  3.8567e-12  5.2450e-10
   56    137  6.7010e-11  9.1804e-09
   56    138  1.7287e-10  2.3856e-08
   57    139  1.4981e-10  2.0823e-08
   58    140  3.2854e-10  4.5995e-08
   58    142  1.2191e-11  1.7311e-09
   59    141  2.2757e-11  3.2087e-09
   60    142  8.5188e-17  1.2097e-14
   60    143  1.8261e-11  2.6114e-09
   60    144  5.1190e-11  7.3714e-09
   60    145  4.7669e-12  6.9120e-10
   60    146  1.2231e-11  1.7858e-09
   60    148  1.9938e-11  2.9508e-09
   60    150  2.5502e-11  3.8254e-09
   62    147  1.4457e-11  2.1251e-09
   62    148  6.6782e-13  9.8837e-11
   62    149  1.2771e-12  1.9028e-10
   62    150  1.1851e-13  1.7776e-11
   62    152  6.0768e-12  9.2367e-10
   62    154  5.2623e-12  8.1039e-10
   63    151  1.5117e-12  2.2826e-10
   63    153  3.0715e-12  4.6995e-10
   64    154  2.4966e-15  3.8447e-13
   64    155  7.6127e-13  1.1800e-10
   64    156  2.5446e-12  3.9696e-10
   64    157  6.4617e-13  1.0145e-10
   64    158  1.1269e-12  1.7805e-10
   64    160  2.8093e-12  4.4949e-10
   65    159  2.4833e-13  3.9484e-11
   66    160  5.7385e-17  9.1815e-15
   66    161  1.8792e-13  3.0255e-11
   66    162  5.3606e-13  8.6842e-11
   66    163  2.2199e-13  3.6184e-11
   66    164  4.7439e-13  7.7799e-11
   67    165  4.8991e-13  8.0836e-11
   68    166  7.7250e-13  1.2824e-10
   68    167  5.1718e-13  8.6369e-11
   68    168  4.9067e-13  8.2432e-11
   68    170  6.6906e-13  1.1374e-10
   69    169  1.4628e-12  2.4721e-10
   70    170  1.8156e-16  3.0866e-14
   70    171  5.0834e-13  8.6927e-11
   70    172  2.3969e-13  4.1227e-11
   70    173  1.6391e-13  2.8356e-11
   70    174  1.2313e-12  2.1424e-10
   70    176  6.6387e-13  1.1684e-10
   71    175  3.2190e-13  5.6332e-11
   71    176  3.7098e-17  6.5293e-15
   72    176  3.4725e-19  6.1116e-17
   72    177  3.9458e-13  6.9840e-11
   72    178  3.4400e-13  6.1233e-11
   72    179  3.1335e-13  5.6089e-11
   72    180  5.0914e-13  9.1646e-11
   73    181  2.9520e-12  5.3431e-10
   74    182  1.3728e-12  2.4985e-10
   74    183  2.5188e-13  4.6093e-11
   74    184  1.2391e-13  2.2799e-11
   74    186  1.1662e-13  2.1692e-11
   75    185  7.8688e-14  1.4557e-11
   75    187  2.6610e-13  4.9760e-11
   76    186  1.6150e-19  3.0039e-17
   76    187  2.1622e-15  4.0432e-13
   76    188  1.1765e-13  2.2117e-11
   76    189  5.5050e-13  1.0404e-10
   76    190  4.1999e-13  7.9798e-11
   76    192  4.3251e-12  8.3042e-10
   77    191  9.6539e-13  1.8439e-10
   77    193  3.7326e-13  7.2040e-11
   78    192  2.6708e-17  5.1279e-15
   78    194  1.2133e-12  2.3537e-10
   78    195  9.0063e-13  1.7562e-10
   78    196  9.1593e-13  1.7952e-10
   78    198  3.7067e-12  7.3393e-10
   79    197  1.7200e-12  3.3885e-10
   80    198  3.6524e-16  7.2318e-14
   80    199  2.7271e-13  5.4269e-11
   80    200  7.1367e-13  1.4273e-10
   80    201  5.5011e-13  1.1057e-10
   80    202  9.5508e-13  1.9293e-10
   80    204  3.5455e-12  7.2328e-10
   81    203  1.3084e-12  2.6561e-10
   81    205  3.2823e-12  6.7286e-10
   82    204  5.7228e-19  1.1675e-16
   82    206  1.0902e-11  2.2458e-09
   82    207  4.0995e-11  8.4860e-09
   82    208  1.4824e-11  3.0833e-09
   82    210  2.2178e-14  4.6575e-12
   83    209  4.6901e-11  9.8023e-09
   84    218  6.4518e-15  1.4065e-12
   86    219  1.5102e-13  3.3073e-11
   86    220  7.4227e-15  1.6330e-12
   88    226  2.6524e-19  5.9944e-17
   88    228  6.1019e-18  1.3912e-15
   89    227  8.4468e-20  1.9174e-17
   90    230  1.2501e-17  2.8751e-15
   90    232  2.6710e-12  6.1968e-10
   91    231  1.2664e-16  2.9253e-14
   92    234  4.0705e-17  9.5250e-15
   92    235  2.7293e-12  6.4139e-10
   92    236  1.4210e-14  3.3536e-12
   92    238  7.4052e-13  1.7624e-10
   94    240  2.8123e-18  6.7494e-16
   94    244  3.4232e-14  8.3525e-12
   96    247  1.4817e-18  3.6599e-16
   97    246  1.6588e-16  4.0808e-14
  100    258  5.6006e-12  1.4450e-09
  100    260  2.7244e-11  7.0834e-09
  100    262  1.3319e-10  3.4896e-08
  102    260  1.1771e-20  3.0604e-18
  102    261  9.6686e-11  2.5235e-08
  102    263  1.4773e-10  3.8853e-08
  102    264  8.3167e-11  2.1956e-08
  102    266  2.5491e-11  6.7807e-09
  103    265  7.7292e-11  2.0482e-08
  104    267  2.6646e-12  7.1145e-10
  104    268  9.9133e-13  2.6568e-10
  104    270  3.9998e-12  1.0799e-09
  104    272  1.5342e-12  4.1731e-10
  104    274  1.4138e-12  3.8739e-10
  105    269  3.1947e-12  8.5937e-10
  105    271  2.4378e-12  6.6065e-10
  106    273  1.9411e-12  5.2993e-10
  106    275  5.6737e-12  1.5603e-09
  106    276  1.4403e-11  3.9753e-09
  106    278  4.5032e-12  1.2519e-09
  106    280  2.9070e-11  8.1395e-09
  107    277  5.5433e-12  1.5355e-09
  108    279  2.2161e-11  6.1828e-09
  108    281  1.8704e-11  5.2559e-09
  108    282  1.0706e-10  3.0190e-08
  108    283  6.2630e-11  1.7724e-08
  108    284  2.5325e-12  7.1924e-10
  108    286  7.6470e-14  2.1870e-11
  110    285  7.6090e-11  2.1686e-08
  110    286  6.1417e-16  1.7565e-13
  110    287  1.8119e-13  5.2002e-11
  110    288  5.1266e-14  1.4765e-11
  110    290  3.0654e-12  8.8896e-10
  111    289  5.9009e-14  1.7054e-11
  111    290  1.2127e-19  3.5168e-17
  111    291  6.2596e-12  1.8215e-09
  111    292  4.0309e-11  1.1770e-08
  111    293  3.7888e-11  1.1101e-08
  111    294  7.3049e-10  2.1476e-07
  111    295  3.9048e-10  1.1519e-07
  111    296  1.7359e-08  5.1383e-06
  111    297  1.8561e-08  5.5127e-06
  111    298  1.0817e-07  3.2235e-05
  111    299  4.1332e-10  1.2358e-07
  111    300  9.2668e-11  2.7800e-08
  111    301  1.0534e-08  3.1707e-06
  111    302  6.2069e-09  1.8745e-06
  111    303  7.2120e-10  2.1852e-07
  111    304  1.0267e-09  3.1211e-07
  111    305  2.2129e-10  6.7492e-08
  111    306  2.9327e-10  8.9740e-08
  111    307  1.6358e-11  5.0218e-09
  111    308  1.4087e-11  4.3388e-09
  111    309  1.5809e-12  4.8851e-10
  111    310  7.5576e-12  2.3429e-09
  111    311  8.8633e-13  2.7565e-10
  111    312  1.8722e-12  5.8411e-10
  111    313  2.0580e-13  6.4416e-11
  111    314  1.5212e-12  4.7764e-10
  111    315  1.2591e-09  3.9660e-07
  111    316  6.6279e-10  2.0944e-07
  111    317  1.4558e-10  4.6149e-08
  111    318  2.6513e-07  8.4311e-05
  111    319  1.0991e-07  3.5063e-05
  111    320  1.9997e-07  6.3991e-05
  111    321  2.8257e-07  9.0704e-05
  111    322  3.1907e-07  1.0274e-04
  111    323  2.6255e-07  8.4803e-05
  111    324  3.1143e-07  1.0090e-04
  111    325  3.2473e-07  1.0554e-04
  111    326  4.7503e-07  1.5486e-04
  111    327  3.5832e-07  1.1717e-04
  111    328  4.2984e-07  1.4099e-04
  111    329  4.1787e-07  1.3748e-04
  111    330  3.4364e-07  1.1340e-04
  111    331  4.7319e-07  1.5663e-04
  111    332  5.3352e-07  1.7713e-04
  111    333  5.8215e-07  1.9386e-04
  111    334  1.9056e-07  6.3646e-05
  111    335  1.2153e-06  4.0711e-04
  111    336  7.9109e-06  2.6581e-03
  111    337  4.1367e-04  1.3941e-01
    1      1  1.9647e-02  1.9647e-02
    2      4  2.0847e-01  8.3388e-01


