    1      2  1.3530e-08  2.7061e-08
    2      3  9.9917e-10  2.9975e-09
    3      6  2.7152e-11  1.6291e-10
    3      7  2.6001e-09  1.8201e-08
    4      8  3.5531e-08  2.8425e-07
    4      9  1.6211e-08  1.4590e-07
    5     10  2.9235e-07  2.9235e-06
    5     11  2.2369e-09  2.4605e-08
    6     12  1.0425e-08  1.2511e-07
    6     13  7.7689e-08  1.0100e-06
    7     14  7.1530e-08  1.0014e-06
    7     15  1.4967e-05  2.2450e-04
    8     16  4.6998e-07  7.5197e-06
    8     17  1.7770e-08  3.0209e-07
    8     18  1.0084e-07  1.8151e-06
    9     19  1.1554e-06  2.1953e-05
   10     20  1.7275e-06  3.4550e-05
   10     21  9.3644e-07  1.9665e-05
   10     22  9.3221e-09  2.0509e-07
   11     23  9.5128e-07  2.1879e-05
   12     24  3.5221e-07  8.4531e-06
   12     25  4.4240e-07  1.1060e-05
   12     26  8.7982e-08  2.2875e-06
   13     26  4.2463e-20  1.1041e-18
   13     27  1.0870e-07  2.9350e-06
   14     28  1.7219e-07  4.8213e-06
   14     29  5.5311e-08  1.6040e-06
   14     30  4.6770e-08  1.4031e-06
   15     31  2.3809e-08  7.3808e-07
   16     32  6.8200e-08  2.1824e-06
   16     33  2.6481e-07  8.7388e-06
   16     34  2.1153e-07  7.1921e-06
   16     36  1.2484e-08  4.4943e-07
   17     35  1.0879e-08  3.8075e-07
   17     37  3.7655e-09  1.3932e-07
   18     36  2.1265e-18  7.6556e-17
   18     38  1.7955e-08  6.8229e-07
   18     40  5.2141e-09  2.0856e-07
   19     39  1.5403e-08  6.0072e-07
   19     41  1.7861e-08  7.3229e-07
   20     42  7.2717e-08  3.0541e-06
   20     43  1.5499e-08  6.6647e-07
   20     44  2.1741e-08  9.5660e-07
   20     46  2.3167e-09  1.0657e-07
   21     45  2.0963e-08  9.4335e-07
   22     46  1.7234e-19  7.9275e-18
   22     47  3.6958e-09  1.7370e-07
   22     48  5.5891e-09  2.6828e-07
   22     49  3.6672e-09  1.7969e-07
   22     50  2.9078e-09  1.4539e-07
   23     51  2.5965e-09  1.3242e-07
   24     52  7.3216e-09  3.8073e-07
   24     53  1.0115e-08  5.3609e-07
   24     54  2.1615e-09  1.1672e-07
   25     55  4.8067e-10  2.6437e-08
   26     56  7.4685e-09  4.1824e-07
   26     57  1.5294e-08  8.7174e-07
   26     58  4.3568e-10  2.5269e-08
   27     59  2.7150e-10  1.6018e-08
   28     60  7.7165e-10  4.6299e-08
   28     61  8.2429e-10  5.0282e-08
   28     62  8.1783e-10  5.0705e-08
   28     64  4.9705e-09  3.1811e-07
   29     63  3.4023e-08  2.1434e-06
   29     65  9.6228e-09  6.2548e-07
   30     64  4.8158e-20  3.0821e-18
   30     66  2.2198e-08  1.4651e-06
   30     67  7.1579e-08  4.7958e-06
   30     68  1.2241e-08  8.3239e-07
   30     70  3.4234e-08  2.3963e-06
   31     69  6.1812e-09  4.2650e-07
   31     71  9.5565e-09  6.7851e-07
   32     70  4.5671e-15  3.1969e-13
   32     72  2.6144e-08  1.8823e-06
   32     73  2.0800e-08  1.5184e-06
   32     74  6.7879e-08  5.0231e-06
   32     76  1.3715e-07  1.0423e-05
   33     75  2.1047e-07  1.5785e-05
   34     76  7.8129e-13  5.9378e-11
   34     77  3.2041e-07  2.4672e-05
   34     78  3.3284e-07  2.5962e-05
   34     80  1.6835e-06  1.3468e-04
   34     82  2.9369e-07  2.4082e-05
   35     79  2.9090e-07  2.2981e-05
   35     81  4.2304e-07  3.4266e-05
   36     82  1.9556e-12  1.6036e-10
   36     83  3.1568e-07  2.6201e-05
   36     84  8.5380e-08  7.1719e-06
   36     86  1.8170e-07  1.5626e-05
   37     85  1.0804e-07  9.1831e-06
   37     87  2.1392e-07  1.8611e-05
   38     86  1.7397e-19  1.4961e-17
   38     87  1.5664e-09  1.3627e-07
   38     88  1.0629e-07  9.3539e-06
   39     89  9.0679e-08  8.0705e-06
   40     90  8.4771e-08  7.6293e-06
   40     91  6.6314e-08  6.0346e-06
   40     92  5.4964e-08  5.0567e-06
   40     94  1.4996e-07  1.4096e-05
   41     93  5.0247e-08  4.6729e-06
   42     95  6.6186e-08  6.2877e-06
   42     96  2.8772e-08  2.7622e-06
   42     97  6.9690e-08  6.7599e-06
   42     98  1.5206e-08  1.4902e-06
   42    100  2.9188e-08  2.9188e-06
   44     99  1.9815e-08  1.9616e-06
   44    100  2.9186e-13  2.9186e-11
   44    101  2.5720e-08  2.5977e-06
   44    102  2.8117e-08  2.8680e-06
   44    104  1.3619e-08  1.4164e-06
   45    103  3.7107e-08  3.8220e-06
   46    104  1.0866e-17  1.1301e-15
   46    105  8.7154e-09  9.1511e-07
   46    106  3.7999e-08  4.0279e-06
   46    108  5.9396e-08  6.4148e-06
   46    110  1.3947e-07  1.5342e-05
   47    107  3.6867e-08  3.9448e-06
   47    109  8.8005e-08  9.5926e-06
   48    110  1.2180e-13  1.3398e-11
   48    111  2.2550e-08  2.5031e-06
   48    112  1.1335e-07  1.2695e-05
   48    113  8.2482e-08  9.3205e-06
   48    114  7.3130e-08  8.3368e-06
   48    116  5.6088e-09  6.5062e-07
   49    113  3.6301e-15  4.1020e-13
   49    115  8.8864e-08  1.0219e-05
   50    115  7.0901e-14  8.1536e-12
   50    116  5.3044e-13  6.1531e-11
   50    117  2.1343e-08  2.4971e-06
   50    118  8.3063e-09  9.8015e-07
   50    119  7.9507e-09  9.4614e-07
   50    120  4.8270e-08  5.7923e-06
   50    122  4.7335e-08  5.7748e-06
   50    124  2.9913e-07  3.7093e-05
   51    121  4.7649e-08  5.7656e-06
   51    123  5.5986e-08  6.8863e-06
   52    122  3.5881e-14  4.3774e-12
   52    124  3.9877e-16  4.9448e-14
   52    125  8.5508e-07  1.0689e-04
   52    126  2.6066e-06  3.2843e-04
   52    128  2.7712e-06  3.5471e-04
   52    130  2.3828e-06  3.0977e-04
   53    127  3.8020e-06  4.8286e-04
   53    129  1.6331e-14  2.1067e-12
   54    128  1.3549e-14  1.7343e-12
   54    129  3.9356e-06  5.0769e-04
   54    130  5.7265e-13  7.4444e-11
   54    131  1.4082e-06  1.8448e-04
   54    132  1.0417e-06  1.3750e-04
   54    134  5.0411e-07  6.7551e-05
   54    136  1.8374e-07  2.4988e-05
   55    133  6.5713e-07  8.7398e-05
   56    134  1.0750e-16  1.4405e-14
   56    135  1.2971e-07  1.7511e-05
   56    136  9.1116e-15  1.2392e-12
   56    137  1.3608e-07  1.8643e-05
   56    138  1.9513e-07  2.6928e-05
   57    139  8.9238e-08  1.2404e-05
   58    140  1.7316e-07  2.4242e-05
   58    142  1.0894e-07  1.5470e-05
   59    141  2.1641e-07  3.0514e-05
   60    142  2.9699e-17  4.2173e-15
   60    143  5.8539e-08  8.3711e-06
   60    144  4.1883e-08  6.0312e-06
   60    145  1.0924e-08  1.5839e-06
   60    146  2.7685e-08  4.0420e-06
   60    148  1.8465e-08  2.7328e-06
   60    150  8.8979e-09  1.3347e-06
   62    147  4.2677e-08  6.2735e-06
   62    148  5.6077e-13  8.2994e-11
   62    149  3.8856e-09  5.7895e-07
   62    150  2.2806e-13  3.4209e-11
   62    152  1.0016e-08  1.5225e-06
   62    154  6.6721e-09  1.0275e-06
   63    151  1.5136e-09  2.2856e-07
   63    153  9.3203e-09  1.4260e-06
   64    154  7.7707e-15  1.1967e-12
   64    155  5.9963e-08  9.2943e-06
   64    156  3.5794e-09  5.5838e-07
   64    157  1.2363e-08  1.9410e-06
   64    158  2.9979e-08  4.7367e-06
   64    160  2.4111e-09  3.8578e-07
   65    159  2.3830e-10  3.7889e-08
   66    160  8.8139e-17  1.4102e-14
   66    161  5.4024e-09  8.6978e-07
   66    162  3.1417e-09  5.0896e-07
   66    163  4.0997e-09  6.6825e-07
   66    164  4.9618e-09  8.1374e-07
   67    165  3.7929e-09  6.2583e-07
   68    166  1.1623e-08  1.9294e-06
   68    167  1.8863e-08  3.1502e-06
   68    168  1.2722e-08  2.1374e-06
   68    170  2.0622e-08  3.5057e-06
   69    169  9.5476e-08  1.6135e-05
   70    170  3.2468e-15  5.5195e-13
   70    171  4.5529e-08  7.7855e-06
   70    172  2.6126e-08  4.4936e-06
   70    173  1.7915e-08  3.0992e-06
   70    174  8.1113e-08  1.4114e-05
   70    176  4.9248e-08  8.6677e-06
   71    175  2.4918e-08  4.3607e-06
   71    176  2.0120e-16  3.5411e-14
   72    176  1.8837e-18  3.3153e-16
   72    177  2.2883e-07  4.0503e-05
   72    178  1.5987e-07  2.8456e-05
   72    179  8.6927e-08  1.5560e-05
   72    180  1.1213e-07  2.0183e-05
   73    181  1.6185e-07  2.9294e-05
   74    182  1.8693e-07  3.4022e-05
   74    183  1.4876e-07  2.7224e-05
   74    184  1.5246e-07  2.8052e-05
   74    186  6.8638e-08  1.2767e-05
   75    185  7.7239e-08  1.4289e-05
   75    187  8.0762e-08  1.5102e-05
   76    186  1.1578e-17  2.1536e-15
   76    187  6.5636e-10  1.2274e-07
   76    188  1.2342e-07  2.3203e-05
   76    189  6.3687e-08  1.2037e-05
   76    190  1.2014e-07  2.2827e-05
   76    192  4.9899e-08  9.5807e-06
   77    191  1.1687e-07  2.2322e-05
   77    193  2.6061e-08  5.0297e-06
   78    192  3.3791e-16  6.4879e-14
   78    194  1.3216e-07  2.5640e-05
   78    195  2.7927e-07  5.4457e-05
   78    196  1.5429e-06  3.0242e-04
   78    198  7.4500e-06  1.4751e-03
   79    197  3.4940e-06  6.8832e-04
   80    198  2.0029e-14  3.9658e-12
   80    199  4.0183e-06  7.9964e-04
   80    200  8.9275e-06  1.7855e-03
   80    201  2.3104e-06  4.6439e-04
   80    202  1.5800e-06  3.1917e-04
   80    204  6.9245e-08  1.4126e-05
   81    203  3.8944e-07  7.9056e-05
   81    205  2.0311e-08  4.1638e-06
   81    207  3.9299e-20  8.1349e-18
   82    204  2.9589e-18  6.0361e-16
   82    206  1.0788e-06  2.2224e-04
   82    207  2.2582e-06  4.6745e-04
   82    208  4.5053e-07  9.3710e-05
   82    210  4.4722e-13  9.3916e-11
   82    211  1.3925e-18  2.9383e-16
   82    212  9.4990e-19  2.0138e-16
   82    214  2.0858e-19  4.4636e-17
   83    209  4.0929e-06  8.5541e-04
   83    210  9.3812e-18  1.9700e-15
   83    211  1.7693e-20  3.7332e-18
   83    212  2.8385e-20  6.0176e-18
   83    214  2.5782e-20  5.5174e-18
   84    210  2.5902e-16  5.4394e-14
   86    222  7.1500e-18  1.5873e-15
   88    223  1.3614e-16  3.0358e-14
   88    224  2.4547e-18  5.4985e-16
   88    226  1.0941e-12  2.4726e-10
   88    228  7.8934e-12  1.7997e-09
   89    227  9.4671e-14  2.1490e-11
   89    228  1.7277e-19  3.9391e-17
   90    227  2.1880e-16  4.9668e-14
   90    228  4.7139e-16  1.0748e-13
   90    230  5.1563e-11  1.1859e-08
   90    231  1.2663e-17  2.9252e-15
   90    232  3.4552e-06  8.0160e-04
   90    234  1.7435e-17  4.0797e-15
   91    231  1.4193e-10  3.2786e-08
   91    234  5.2212e-19  1.2218e-16
   92    234  1.6790e-10  3.9289e-08
   92    235  3.0590e-06  7.1886e-04
   92    236  1.1837e-08  2.7936e-06
   92    238  3.0545e-06  7.2697e-04
   92    240  5.9410e-19  1.4258e-16
   93    240  4.1944e-20  1.0067e-17
   94    239  1.6753e-17  4.0039e-15
   94    240  2.3433e-12  5.6239e-10
   94    244  2.8523e-08  6.9596e-06
   95    243  5.1213e-18  1.2445e-15
   96    244  7.7414e-18  1.8889e-15
   96    247  1.0809e-14  2.6699e-12
   97    246  4.8539e-10  1.1941e-07
  100    258  8.1166e-07  2.0941e-04
  100    260  1.4100e-06  3.6659e-04
  100    262  1.4011e-06  3.6710e-04
  102    260  5.5576e-20  1.4450e-17
  102    261  1.5529e-06  4.0532e-04
  102    263  1.5701e-06  4.1293e-04
  102    264  1.8390e-06  4.8550e-04
  102    266  2.2940e-06  6.1021e-04
  103    265  1.6925e-06  4.4852e-04
  104    267  1.0776e-06  2.8772e-04
  104    268  1.2622e-06  3.3827e-04
  104    270  3.6039e-06  9.7305e-04
  104    272  6.6223e-06  1.8013e-03
  104    274  1.8001e-05  4.9323e-03
  105    269  3.5308e-06  9.4977e-04
  105    271  3.4713e-06  9.4073e-04
  106    273  8.5669e-06  2.3388e-03
  106    275  2.6578e-05  7.3089e-03
  106    276  3.9851e-05  1.0999e-02
  106    278  3.0105e-05  8.3692e-03
  106    280  1.2473e-05  3.4926e-03
  107    277  1.5045e-05  4.1674e-03
  108    279  2.2383e-05  6.2448e-03
  108    281  4.5073e-06  1.2666e-03
  108    282  4.1323e-06  1.1653e-03
  108    283  1.3693e-06  3.8751e-04
  108    284  1.2236e-06  3.4751e-04
  108    286  8.2703e-07  2.3653e-04
  110    285  8.4551e-07  2.4097e-04
  110    286  5.2158e-17  1.4917e-14
  110    287  1.5959e-06  4.5803e-04
  110    288  1.2565e-06  3.6188e-04
  110    290  1.4769e-06  4.2831e-04
  111    289  1.1739e-06  3.3927e-04
  111    290  5.1293e-17  1.4875e-14
  111    291  7.3430e-07  2.1368e-04
  111    292  6.5064e-06  1.8999e-03
  111    293  3.8201e-06  1.1193e-03
  111    294  6.2460e-06  1.8363e-03
  111    295  2.1097e-06  6.2238e-04
  111    296  4.5692e-06  1.3525e-03
  111    297  2.0549e-06  6.1029e-04
  111    298  3.1521e-07  9.3933e-05
  111    299  2.4215e-07  7.2404e-05
  111    300  8.1192e-08  2.4358e-05
  111    301  6.4708e-06  1.9477e-03
  111    302  4.4762e-06  1.3518e-03
  111    303  3.1630e-06  9.5837e-04
  111    304  6.9244e-06  2.1050e-03
  111    305  7.9514e-06  2.4252e-03
  111    306  8.6921e-06  2.6598e-03
  111    307  2.0336e-06  6.2430e-04
  111    308  6.0863e-06  1.8746e-03
  111    309  6.1528e-06  1.9012e-03
  111    310  4.8909e-06  1.5162e-03
  111    311  3.2360e-06  1.0064e-03
  111    312  7.3435e-06  2.2912e-03
  111    313  1.3938e-06  4.3625e-04
  111    314  3.1417e-06  9.8650e-04
  111    315  5.8905e-06  1.8555e-03
  111    316  1.0489e-05  3.3146e-03
  111    317  5.9879e-06  1.8982e-03
  111    318  7.7813e-05  2.4744e-02
  111    319  3.6172e-05  1.1539e-02
  111    320  2.7454e-05  8.7851e-03
  111    321  9.0910e-06  2.9182e-03
  111    322  1.3404e-05  4.3160e-03
  111    323  8.0555e-06  2.6019e-03
  111    324  7.4180e-06  2.4034e-03
  111    325  3.4107e-06  1.1085e-03
  111    326  3.8900e-06  1.2681e-03
  111    327  8.4275e-06  2.7558e-03
  111    328  1.4973e-06  4.9112e-04
  111    329  4.0839e-06  1.3436e-03
  111    330  3.0774e-06  1.0155e-03
  111    331  1.1387e-06  3.7690e-04
  111    332  2.2839e-06  7.5826e-04
  111    333  3.5214e-07  1.1726e-04
  111    334  3.4071e-07  1.1380e-04
  111    335  2.2679e-07  7.5975e-05
  111    336  1.0156e-07  3.4123e-05
  111    337  2.3584e-06  7.9476e-04
    1      1  3.1690e-08  3.1690e-08
    2      4  2.0490e-01  8.1960e-01


