1  1.3441e-09
2  3.6025e-09
3  2.9142e-10
4  1.9748e-01
5  0.0000e+00
6  1.0273e-11
7  3.9182e-10
8  1.2789e-09
9  4.0393e-10
10  5.9128e-09
11  6.5575e-10
12  2.6086e-09
13  2.3708e-07
14  1.9356e-07
15  7.6823e-06
16  2.2215e-07
17  3.5260e-09
18  2.2931e-08
19  8.7786e-07
20  1.2097e-06
21  3.3508e-07
22  2.9298e-09
23  9.1081e-07
24  2.8409e-07
25  3.4448e-07
26  2.1033e-08
27  2.4792e-07
28  7.1278e-07
29  9.4981e-08
30  7.3206e-08
31  9.3863e-08
32  1.1327e-07
33  1.0219e-06
34  7.8493e-07
35  2.7561e-08
36  2.4286e-08
37  4.1712e-08
38  1.0003e-07
39  5.6939e-08
40  5.9525e-08
41  1.9967e-07
42  5.4887e-07
43  1.2284e-07
44  1.2778e-07
45  1.4178e-07
46  8.7113e-08
47  1.1898e-07
48  2.4848e-07
49  1.4006e-07
50  1.0324e-07
51  4.0763e-08
52  2.3129e-07
53  1.7510e-07
54  8.1244e-08
55  9.1490e-08
56  2.4402e-07
57  2.4238e-07
58  1.2814e-08
59  1.1835e-08
60  2.6853e-08
61  4.7743e-08
62  7.7832e-08
63  2.0351e-07
64  1.5089e-07
65  8.2061e-08
66  1.8294e-07
67  6.1394e-08
68  1.3372e-07
69  1.3678e-07
70  2.4099e-07
71  4.8253e-08
72  2.1718e-07
73  1.3651e-07
74  5.2330e-07
75  1.8343e-06
76  2.4403e-06
77  1.5786e-06
78  1.4101e-06
79  2.1294e-06
80  7.7998e-06
81  3.9174e-06
82  1.3690e-06
83  2.5774e-06
84  1.3388e-06
85  1.1263e-06
86  2.4175e-06
87  2.5590e-06
88  2.6085e-06
89  7.9342e-07
90  1.2469e-06
91  3.1158e-07
92  2.0463e-06
93  1.9300e-06
94  4.5396e-06
95  6.6345e-07
96  1.1265e-06
97  8.2932e-07
98  3.2925e-07
99  5.7026e-07
100  7.8634e-07
101  8.9984e-07
102  5.8172e-07
103  5.7950e-07
104  8.4550e-07
105  8.9488e-07
106  1.9222e-06
107  1.7052e-06
108  4.5596e-06
109  2.0577e-05
110  3.2939e-05
111  4.8254e-06
112  1.8299e-05
113  1.2395e-05
114  1.0748e-05
115  5.1491e-06
116  1.1716e-06
117  1.0967e-06
118  7.9781e-07
119  6.6001e-07
120  3.0326e-06
121  1.0070e-06
122  1.6540e-06
123  2.8082e-06
124  1.1413e-05
125  1.4450e-05
126  2.4239e-05
127  2.9254e-05
128  3.2317e-05
129  2.4524e-05
130  1.4536e-05
131  1.1767e-05
132  6.0558e-06
133  7.0209e-06
134  1.0690e-05
135  1.0097e-05
136  1.7671e-05
137  1.4884e-05
138  8.6566e-06
139  5.2679e-06
140  9.0673e-06
141  3.1019e-05
142  1.2579e-05
143  7.3874e-06
144  1.0653e-05
145  1.1263e-06
146  1.9396e-06
147  2.8414e-06
148  5.3972e-06
149  4.1902e-06
150  1.5479e-05
151  1.3462e-05
152  7.8003e-06
153  4.2288e-06
154  7.2603e-06
155  4.7504e-06
156  1.1429e-05
157  7.5335e-06
158  1.3034e-05
159  8.3459e-06
160  1.3027e-05
161  6.8149e-06
162  1.3601e-05
163  7.0205e-06
164  1.3937e-05
165  7.4138e-06
166  1.4816e-05
167  6.9534e-06
168  1.4204e-05
169  1.2120e-05
170  1.2252e-05
171  1.1535e-05
172  1.1138e-05
173  1.2887e-05
174  1.5628e-05
175  1.2949e-05
176  1.1333e-05
177  1.2106e-05
178  1.0457e-05
179  7.1465e-06
180  4.6201e-06
181  2.9815e-06
182  2.5098e-06
183  1.3424e-06
184  2.1904e-06
185  1.5049e-06
186  4.6286e-06
187  3.4379e-06
188  9.9042e-06
189  2.1067e-05
190  3.5853e-05
191  4.3495e-05
192  6.4107e-05
193  8.2087e-05
194  7.2540e-05
195  6.2253e-05
196  3.0080e-05
197  1.3393e-05
198  3.8993e-06
199  1.1282e-06
200  3.4509e-07
201  2.1206e-07
202  5.5471e-07
203  9.6763e-07
204  1.7210e-06
205  1.4935e-06
206  4.5345e-06
207  4.2578e-06
208  4.1933e-06
209  3.6772e-06
210  2.8101e-14
211  8.8824e-20
212  1.6213e-19
213  3.3601e-44
214  1.4717e-20
215  6.9267e-26
216  1.8785e-25
217  2.3474e-98
218  2.5294e-22
219  3.4405e-23
220  7.2030e-23
221  7.8482e-320
222  4.4901e-19
223  8.5747e-18
224  4.0680e-19
225  2.0131e-40
226  6.8705e-14
227  5.9766e-15
228  1.3082e-12
229  7.5090e-30
230  3.2380e-12
231  8.9396e-12
232  5.7261e-07
233  2.6854e-27
234  1.0544e-11
235  1.9267e-07
236  6.4366e-10
237  7.3848e-320
238  1.9182e-07
239  2.6776e-19
240  1.2739e-13
241  0.0000e+00
242  9.0816e-131
243  8.1855e-20
244  1.5506e-09
245  0.0000e+00
246  2.6419e-11
247  1.7276e-16
248  7.5193e-130
249  0.0000e+00
250  0.0000e+00
251  9.6514e-314
252  0.0000e+00
253  0.0000e+00
254  0.0000e+00
255  0.0000e+00
256  0.0000e+00
257  4.5981e-26
258  9.1863e-09
259  4.3032e-26
260  5.9443e-09
261  4.1773e-09
262  5.0016e-09
263  4.0026e-09
264  3.2779e-09
265  1.4967e-09
266  1.5047e-09
267  8.7819e-10
268  6.9231e-10
269  1.0218e-09
270  6.5097e-10
271  4.1692e-10
272  3.8125e-10
273  2.6449e-10
274  1.5712e-10
275  6.8141e-11
276  4.9793e-11
277  8.2815e-12
278  5.4092e-12
279  9.1496e-13
280  2.6934e-13
281  1.1490e-13
282  1.7793e-13
283  1.2045e-13
284  1.8137e-13
285  1.8770e-13
286  1.8829e-13
287  1.1456e-13
288  8.5881e-14
289  3.2778e-14
290  3.2474e-14
291  1.4618e-14
292  1.3543e-13
293  6.2837e-14
294  8.7567e-14
295  3.3190e-14
296  1.9336e-14
297  8.0348e-15
298  8.9746e-15
299  1.1957e-15
300  7.2055e-16
301  3.0897e-15
302  1.8169e-14
303  2.0723e-15
304  3.2410e-15
305  1.2356e-15
306  1.1767e-15
307  2.4364e-16
308  4.2427e-16
309  9.9167e-17
310  1.6770e-16
311  2.5975e-17
312  4.7260e-17
313  7.0769e-18
314  2.0831e-17
315  3.4234e-18
316  5.4321e-18
317  5.5015e-19
318  3.0031e-18
319  6.4588e-19
320  1.4011e-18
321  4.6376e-19
322  6.4392e-19
323  4.0420e-19
324  4.9021e-19
325  4.7752e-20
326  2.8096e-19
327  2.6214e-20
328  2.8181e-21
329  1.7069e-20
330  4.0185e-21
331  7.0838e-22
332  1.6424e-21
333  1.2479e-22
334  2.5575e-21
335  3.4856e-22
336  2.1193e-22
337  3.7343e-22

