1  1.0190e-03
2  2.1333e-01
3  6.0713e-09
4  1.5156e-07
5  4.5846e-07
6  9.7413e-08
7  2.6742e-06
8  1.0103e-05
9  1.8405e-08
10  4.3783e-06
11  4.9839e-07
12  8.5364e-07
13  7.8746e-09
14  2.3012e-07
15  9.0008e-09
16  5.5451e-07
17  8.6971e-08
18  5.9729e-08
19  1.2966e-09
20  1.3961e-09
21  8.9123e-11
22  3.5556e-09
23  6.3308e-11
24  1.5870e-10
25  1.1910e-11
26  1.4938e-10
27  2.2042e-12
28  3.1797e-10
29  1.1169e-11
30  7.8093e-11
31  1.6509e-11
32  1.6209e-10
33  1.2837e-11
34  1.9362e-10
35  2.7568e-11
36  3.1800e-11
37  2.6093e-11
38  7.1618e-12
39  2.5699e-12
40  9.7601e-12
41  2.2948e-12
42  4.0851e-11
43  3.8020e-37
44  1.0075e-11
45  1.1215e-12
46  1.3475e-11
47  2.1684e-12
48  1.1414e-11
49  1.9812e-12
50  1.9589e-11
51  1.1084e-12
52  2.9259e-10
53  1.0724e-12
54  2.1251e-09
55  1.0385e-09
56  8.6376e-11
57  3.1093e-12
58  3.4898e-12
59  1.6783e-13
60  2.4888e-12
61  9.4956e-163
62  4.2654e-13
63  6.7630e-14
64  1.0854e-13
65  3.8712e-15
66  1.6694e-14
67  6.5018e-15
68  1.4528e-14
69  1.2428e-14
70  1.9491e-14
71  1.6720e-15
72  9.3740e-15
73  1.0432e-14
74  8.8727e-15
75  2.0453e-15
76  2.5291e-14
77  1.3225e-14
78  3.6865e-14
79  2.1300e-14
80  3.2954e-14
81  3.3116e-14
82  1.0104e-10
83  2.6962e-08
84  2.5578e-16
85  7.4303e-49
86  6.9728e-16
87  1.6638e-29
88  5.7839e-20
89  6.2738e-22
90  2.5340e-14
91  9.4058e-19
92  3.0511e-14
93  1.2196e-27
94  2.7118e-16
95  8.4500e-20
96  1.8119e-21
97  2.3327e-18
98  -7.8542e-314
99  -9.8813e-324
100  6.5910e-13
101  3.3123e-256
102  1.7883e-12
103  7.2838e-13
104  1.5871e-13
105  9.5179e-14
106  8.4966e-13
107  4.4509e-14
108  6.4517e-09
109  -7.5637e-320
110  6.5701e-09
111  4.3486e-04
112  0.0000e+00
113  0.0000e+00
114  0.0000e+00
115  0.0000e+00
116  0.0000e+00
117  0.0000e+00
118  0.0000e+00

