1  5.5405e-10
2  1.6469e-01
3  2.0319e-15
4  4.2377e-13
5  1.6379e-16
6  9.5418e-09
7  2.1736e-08
8  1.8622e-08
9  2.0646e-08
10  3.6675e-08
11  1.3961e-08
12  4.5001e-07
13  5.9688e-09
14  1.5248e-07
15  1.8949e-08
16  2.1176e-06
17  3.1090e-07
18  1.2951e-06
19  7.3357e-07
20  4.2067e-06
21  1.3120e-06
22  2.5450e-06
23  1.1999e-07
24  8.8510e-06
25  2.9418e-07
26  2.3574e-06
27  1.3823e-09
28  7.3133e-07
29  8.4238e-07
30  3.6878e-06
31  1.4473e-06
32  1.4710e-05
33  1.7290e-06
34  7.6207e-05
35  1.1967e-05
36  5.9757e-05
37  2.3794e-05
38  3.7360e-05
39  7.4176e-06
40  2.1561e-05
41  1.0948e-05
42  1.0271e-04
43  2.9300e-30
44  1.3177e-04
45  9.2915e-06
46  6.3889e-04
47  4.0173e-04
48  4.7908e-04
49  5.6861e-05
50  1.8516e-04
51  4.9839e-05
52  4.7159e-04
53  1.8172e-04
54  5.7771e-05
55  5.4199e-07
56  1.4752e-07
57  2.3605e-10
58  3.0391e-09
59  4.0954e-09
60  1.2996e-09
61  1.6456e-316
62  6.2857e-10
63  2.2673e-10
64  2.5064e-10
65  4.5928e-12
66  2.9209e-11
67  3.8380e-12
68  1.4636e-11
69  3.4345e-12
70  9.3231e-13
71  5.5474e-14
72  7.4879e-14
73  2.9614e-15
74  3.1910e-15
75  3.8186e-16
76  8.8892e-16
77  4.4556e-16
78  1.0697e-16
79  5.7876e-18
80  5.0823e-19
81  7.3762e-23
82  0.0000e+00
83  0.0000e+00
84  0.0000e+00
85  0.0000e+00
86  0.0000e+00
87  0.0000e+00
88  0.0000e+00
89  0.0000e+00
90  0.0000e+00
91  0.0000e+00
92  0.0000e+00
93  0.0000e+00
94  0.0000e+00
95  0.0000e+00
96  0.0000e+00
97  0.0000e+00
98  0.0000e+00
99  0.0000e+00
100  0.0000e+00
101  0.0000e+00
102  0.0000e+00
103  0.0000e+00
104  0.0000e+00
105  0.0000e+00
106  0.0000e+00
107  0.0000e+00
108  0.0000e+00
109  0.0000e+00
110  0.0000e+00
111  0.0000e+00
112  0.0000e+00
113  0.0000e+00
114  0.0000e+00
115  0.0000e+00
116  0.0000e+00
117  0.0000e+00
118  0.0000e+00

