1  3.6404e-09
2  9.8841e-15
3  4.3319e-20
4  1.8536e-01
5  0.0000e+00
6  1.8239e-18
7  1.3154e-19
8  1.2115e-22
9  9.4274e-19
10  3.0207e-18
11  2.8857e-19
12  6.5016e-07
13  5.3299e-12
14  3.9212e-16
15  4.6893e-20
16  3.0931e-09
17  3.8733e-16
18  3.3444e-18
19  4.2218e-21
20  3.5118e-09
21  7.3108e-15
22  1.9840e-18
23  3.7390e-13
24  4.9258e-09
25  6.3468e-11
26  1.1812e-11
27  8.8473e-10
28  1.6704e-08
29  1.7346e-09
30  1.6914e-08
31  4.9548e-09
32  7.0546e-09
33  1.4939e-09
34  2.3072e-08
35  1.5189e-08
36  5.5031e-08
37  2.0096e-08
38  4.8302e-08
39  7.5174e-09
40  4.6425e-09
41  1.3440e-09
42  2.8177e-08
43  1.9614e-09
44  6.1641e-09
45  1.7202e-08
46  2.6681e-07
47  3.5161e-08
48  1.8085e-07
49  5.3267e-08
50  9.7976e-07
51  4.4959e-07
52  1.6024e-07
53  7.1091e-08
54  6.0557e-07
55  1.0353e-08
56  1.8941e-06
57  3.2447e-07
58  1.8016e-08
59  1.7673e-08
60  3.0379e-08
61  5.5384e-08
62  1.9131e-06
63  1.1059e-06
64  2.0512e-07
65  5.4060e-07
66  4.4091e-06
67  1.8840e-06
68  3.8082e-06
69  3.7039e-07
70  2.0569e-07
71  5.5391e-07
72  4.9241e-07
73  3.8939e-07
74  4.2847e-06
75  2.1173e-06
76  5.8701e-06
77  7.7646e-07
78  1.0798e-06
79  2.3265e-06
80  2.2184e-05
81  3.4121e-06
82  2.9439e-05
83  9.6321e-07
84  3.5876e-06
85  3.3638e-06
86  2.9952e-05
87  5.4602e-06
88  1.2061e-04
89  8.6033e-05
90  1.7420e-05
91  4.4995e-06
92  9.0309e-04
93  7.7296e-05
94  5.1984e-05
95  2.1859e-04
96  8.0479e-06
97  1.7609e-06
98  6.6487e-05
99  1.1144e-05
100  3.2867e-04
101  3.5966e-05
102  3.3388e-04
103  1.0018e-04
104  4.0673e-05
105  1.3714e-05
106  9.5635e-05
107  1.4648e-05
108  1.0675e-05
109  1.9287e-05
110  1.4170e-06
111  5.8797e-07
112  7.9440e-06
113  8.6853e-07
114  4.9337e-07
115  1.3708e-06
116  1.8239e-07
117  1.0962e-07
118  2.5787e-07
119  7.9045e-08
120  9.0444e-08
121  6.9134e-08
122  3.7340e-08
123  5.0036e-09
124  4.1333e-09
125  1.8832e-09
126  1.1592e-08
127  1.1229e-08
128  1.7744e-08
129  3.6177e-09
130  1.0636e-09
131  4.4681e-11
132  1.8766e-12
133  3.8346e-15
134  1.5193e-16
135  1.2606e-18
136  3.9967e-20
137  9.6560e-20
138  1.7188e-20
139  2.6436e-23
140  6.3261e-22
141  2.9750e-24
142  2.2337e-24
143  2.0901e-24
144  0.0000e+00
145  0.0000e+00
146  0.0000e+00
147  0.0000e+00
148  0.0000e+00
149  0.0000e+00
150  0.0000e+00
151  0.0000e+00
152  0.0000e+00
153  0.0000e+00
154  0.0000e+00
155  0.0000e+00
156  0.0000e+00
157  0.0000e+00
158  0.0000e+00
159  0.0000e+00
160  0.0000e+00
161  0.0000e+00
162  0.0000e+00
163  0.0000e+00
164  0.0000e+00
165  0.0000e+00
166  0.0000e+00
167  0.0000e+00
168  0.0000e+00
169  0.0000e+00
170  0.0000e+00
171  0.0000e+00
172  0.0000e+00
173  0.0000e+00
174  0.0000e+00
175  0.0000e+00
176  0.0000e+00
177  0.0000e+00
178  0.0000e+00
179  0.0000e+00
180  0.0000e+00
181  0.0000e+00
182  0.0000e+00
183  0.0000e+00
184  0.0000e+00
185  0.0000e+00
186  0.0000e+00
187  0.0000e+00
188  0.0000e+00
189  0.0000e+00
190  0.0000e+00
191  0.0000e+00
192  0.0000e+00
193  0.0000e+00
194  0.0000e+00
195  0.0000e+00
196  0.0000e+00
197  0.0000e+00
198  0.0000e+00
199  0.0000e+00
200  0.0000e+00
201  0.0000e+00
202  0.0000e+00
203  0.0000e+00
204  0.0000e+00
205  0.0000e+00
206  0.0000e+00
207  0.0000e+00
208  0.0000e+00
209  0.0000e+00
210  0.0000e+00
211  0.0000e+00
212  0.0000e+00
213  0.0000e+00
214  0.0000e+00
215  0.0000e+00
216  0.0000e+00
217  0.0000e+00
218  0.0000e+00
219  0.0000e+00
220  0.0000e+00
221  0.0000e+00
222  0.0000e+00
223  0.0000e+00
224  0.0000e+00
225  0.0000e+00
226  0.0000e+00
227  0.0000e+00
228  0.0000e+00
229  0.0000e+00
230  0.0000e+00
231  0.0000e+00
232  0.0000e+00
233  0.0000e+00
234  0.0000e+00
235  0.0000e+00
236  0.0000e+00
237  0.0000e+00
238  0.0000e+00
239  0.0000e+00
240  0.0000e+00
241  0.0000e+00
242  0.0000e+00
243  0.0000e+00
244  0.0000e+00
245  0.0000e+00
246  0.0000e+00
247  0.0000e+00
248  0.0000e+00
249  0.0000e+00
250  0.0000e+00
251  0.0000e+00
252  0.0000e+00
253  0.0000e+00
254  0.0000e+00
255  0.0000e+00
256  0.0000e+00
257  0.0000e+00
258  0.0000e+00
259  0.0000e+00
260  0.0000e+00
261  0.0000e+00
262  0.0000e+00
263  0.0000e+00
264  0.0000e+00
265  0.0000e+00
266  0.0000e+00
267  0.0000e+00
268  0.0000e+00
269  0.0000e+00
270  0.0000e+00
271  0.0000e+00
272  0.0000e+00
273  0.0000e+00
274  0.0000e+00
275  0.0000e+00
276  0.0000e+00
277  0.0000e+00
278  0.0000e+00
279  0.0000e+00
280  0.0000e+00
281  0.0000e+00
282  0.0000e+00
283  0.0000e+00
284  0.0000e+00
285  0.0000e+00
286  0.0000e+00
287  0.0000e+00
288  0.0000e+00
289  0.0000e+00
290  0.0000e+00
291  0.0000e+00
292  0.0000e+00
293  0.0000e+00
294  0.0000e+00
295  0.0000e+00
296  0.0000e+00
297  0.0000e+00
298  0.0000e+00
299  0.0000e+00
300  0.0000e+00
301  0.0000e+00
302  0.0000e+00
303  0.0000e+00
304  0.0000e+00
305  0.0000e+00
306  0.0000e+00
307  0.0000e+00
308  0.0000e+00
309  0.0000e+00
310  0.0000e+00
311  0.0000e+00
312  0.0000e+00
313  0.0000e+00
314  0.0000e+00
315  0.0000e+00
316  0.0000e+00
317  0.0000e+00
318  0.0000e+00
319  0.0000e+00
320  0.0000e+00
321  0.0000e+00
322  0.0000e+00
323  0.0000e+00
324  0.0000e+00
325  0.0000e+00
326  0.0000e+00
327  0.0000e+00
328  0.0000e+00
329  0.0000e+00
330  0.0000e+00
331  0.0000e+00
332  0.0000e+00
333  0.0000e+00
334  0.0000e+00
335  0.0000e+00
336  0.0000e+00
337  0.0000e+00

