1  2.8050e-02
2  1.3112e-03
3  2.3982e-05
4  2.3374e-01
5  0.0000e+00
6  7.2794e-23
7  4.8164e-11
8  2.0849e-07
9  4.4681e-11
10  9.3154e-10
11  2.2925e-09
12  1.9247e-09
13  4.3399e-09
14  5.9439e-07
15  5.1920e-07
16  1.2928e-06
17  1.1483e-08
18  4.0568e-07
19  3.3127e-08
20  8.0722e-07
21  2.6101e-08
22  1.0449e-06
23  4.5617e-07
24  1.8814e-06
25  5.7307e-07
26  8.9272e-07
27  8.5856e-09
28  2.9693e-07
29  2.8153e-08
30  5.3193e-09
31  9.0682e-09
32  1.3261e-07
33  1.2078e-08
34  1.1797e-07
35  9.6190e-09
36  4.3680e-07
37  2.5351e-08
38  1.3499e-07
39  3.8637e-09
40  6.9413e-10
41  6.0235e-11
42  5.5901e-10
43  8.3973e-11
44  1.0859e-09
45  2.1655e-10
46  6.4318e-10
47  1.6968e-10
48  1.2171e-08
49  3.3072e-10
50  4.2434e-10
51  7.5629e-11
52  1.2691e-10
53  6.7367e-11
54  9.9404e-11
55  2.4690e-11
56  4.3726e-11
57  4.7681e-11
58  3.3081e-10
59  3.4064e-12
60  1.1563e-09
61  3.2242e-12
62  2.3849e-11
63  6.8073e-11
64  7.1821e-10
65  3.6214e-12
66  3.6451e-11
67  4.7102e-12
68  4.6120e-11
69  4.6805e-12
70  6.8859e-11
71  8.1367e-12
72  4.4458e-11
73  1.2328e-11
74  1.1296e-10
75  3.5224e-11
76  1.9405e-10
77  5.7281e-12
78  1.4887e-10
79  4.8409e-11
80  5.0473e-10
81  5.3513e-11
82  4.9949e-10
83  1.4244e-11
84  6.7491e-11
85  7.8547e-11
86  3.1158e-10
87  1.0588e-10
88  1.0826e-10
89  1.0448e-10
90  8.5073e-11
91  2.5557e-11
92  5.6251e-11
93  6.8899e-11
94  8.0881e-11
95  2.8714e-11
96  2.1433e-10
97  3.2816e-11
98  7.0778e-11
99  2.0300e-11
100  6.6703e-11
101  9.0954e-12
102  2.3982e-11
103  9.6928e-12
104  2.0830e-11
105  1.1168e-11
106  2.1189e-11
107  8.4248e-12
108  2.9019e-11
109  7.5284e-12
110  4.3489e-11
111  7.0825e-12
112  1.6193e-11
113  1.1846e-11
114  3.9983e-11
115  2.4891e-11
116  3.2458e-11
117  4.5513e-12
118  3.0146e-11
119  1.1688e-11
120  6.1410e-11
121  1.6960e-11
122  1.0975e-10
123  3.7215e-12
124  1.0507e-10
125  3.2943e-11
126  2.1666e-10
127  1.0735e-11
128  1.5558e-10
129  5.9137e-11
130  2.5456e-10
131  6.7512e-10
132  2.7380e-09
133  2.9222e-09
134  7.5648e-09
135  3.2927e-09
136  2.0404e-09
137  6.5673e-11
138  1.4845e-10
139  1.3631e-10
140  3.2810e-10
141  2.3758e-11
142  1.2680e-11
143  1.8931e-11
144  5.1428e-11
145  4.8733e-12
146  1.1921e-11
147  1.4916e-11
148  2.2209e-11
149  1.3483e-12
150  2.6691e-11
151  1.5811e-12
152  6.2202e-12
153  3.2249e-12
154  5.7529e-12
155  7.9402e-13
156  2.5968e-12
157  6.5264e-13
158  1.1540e-12
159  2.5424e-13
160  3.1082e-12
161  1.9243e-13
162  5.6903e-13
163  2.2918e-13
164  5.1391e-13
165  5.0226e-13
166  8.4586e-13
167  5.5586e-13
168  5.4515e-13
169  1.6013e-12
170  7.7906e-13
171  5.3747e-13
172  2.5100e-13
173  1.7424e-13
174  1.3739e-12
175  3.6156e-13
176  7.8282e-13
177  4.1801e-13
178  3.7493e-13
179  3.4959e-13
180  5.9347e-13
181  3.5036e-12
182  1.7244e-12
183  2.7252e-13
184  1.3324e-13
185  8.5281e-14
186  1.3152e-13
187  2.9186e-13
188  1.2782e-13
189  5.9075e-13
190  4.7371e-13
191  1.0190e-12
192  5.0607e-12
193  4.3704e-13
194  1.4338e-12
195  9.7379e-13
196  1.0374e-12
197  1.8325e-12
198  4.3752e-12
199  3.1990e-13
200  8.4499e-13
201  6.0760e-13
202  1.1168e-12
203  1.4040e-12
204  4.1290e-12
205  3.8100e-12
206  1.3109e-11
207  7.7315e-10
208  1.7094e-11
209  5.1542e-11
210  1.2488e-23
211  4.3758e-35
212  1.5778e-24
213  1.7917e-48
214  2.2223e-26
215  1.3415e-48
216  4.0371e-46
217  0.0000e+00
218  3.5713e-15
219  8.7115e-14
220  4.2001e-15
221  -5.7035e-320
222  1.8487e-24
223  1.3500e-22
224  2.0688e-24
225  1.1883e-42
226  2.8288e-19
227  9.4099e-20
228  6.6529e-18
229  5.8965e-32
230  1.3332e-17
231  1.4075e-16
232  2.9120e-12
233  3.0852e-29
234  4.3413e-17
235  3.0335e-12
236  1.4075e-14
237  2.8390e-319
238  7.8978e-13
239  1.0788e-21
240  2.7857e-18
241  0.0000e+00
242  1.3288e-69
243  3.2978e-22
244  3.3909e-14
245  0.0000e+00
246  1.7525e-16
247  6.9604e-19
248  8.3361e-69
249  0.0000e+00
250  0.0000e+00
251  4.0338e-314
252  0.0000e+00
253  0.0000e+00
254  0.0000e+00
255  0.0000e+00
256  0.0000e+00
257  1.5374e-26
258  6.2647e-12
259  6.1439e-26
260  3.0683e-11
261  1.0515e-10
262  1.5288e-10
263  1.7442e-10
264  9.9236e-11
265  8.7098e-11
266  2.9239e-11
267  3.1866e-12
268  1.1662e-12
269  3.5835e-12
270  4.4431e-12
271  2.7027e-12
272  1.7036e-12
273  2.1529e-12
274  1.5683e-12
275  6.2776e-12
276  1.5886e-11
277  6.1028e-12
278  4.9299e-12
279  2.3931e-11
280  3.1101e-11
281  2.0206e-11
282  1.1046e-10
283  6.5520e-11
284  2.3859e-12
285  6.7302e-11
286  7.5425e-14
287  1.5236e-13
288  3.9379e-14
289  4.2652e-14
290  1.0834e-12
291  2.2982e-12
292  1.6198e-11
293  1.5764e-11
294  3.6844e-10
295  2.0663e-10
296  1.0316e-08
297  1.2038e-08
298  8.6249e-08
299  3.1687e-10
300  6.6918e-11
301  7.3634e-09
302  4.3539e-09
303  5.1400e-10
304  7.2948e-10
305  1.5789e-10
306  2.0751e-10
307  1.1770e-11
308  1.0089e-11
309  1.1448e-12
310  5.4615e-12
311  6.4376e-13
312  1.3450e-12
313  1.4722e-13
314  1.0854e-12
315  8.4638e-10
316  4.4056e-10
317  9.7531e-11
318  1.5831e-07
319  5.7344e-08
320  9.3993e-08
321  1.4251e-07
322  1.5469e-07
323  1.2710e-07
324  1.5316e-07
325  1.5981e-07
326  2.3271e-07
327  1.7078e-07
328  1.9969e-07
329  1.8494e-07
330  1.5152e-07
331  1.9800e-07
332  2.2013e-07
333  2.2316e-07
334  7.2380e-08
335  4.0150e-07
336  1.9609e-06
337  9.6062e-05

