1  2.8268e-02
2  2.3369e-01
3  4.9858e-11
4  2.0275e-07
5  3.3288e-09
6  6.3633e-09
7  1.1321e-06
8  1.7525e-06
9  3.3373e-08
10  1.9097e-06
11  4.6447e-07
12  3.3271e-06
13  8.5725e-09
14  3.2986e-07
15  9.0393e-09
16  6.9217e-07
17  3.4734e-08
18  1.3258e-07
19  3.8238e-09
20  2.3178e-09
21  2.1130e-10
22  1.2721e-08
23  7.4033e-11
24  2.8724e-10
25  2.4104e-11
26  4.1124e-10
27  3.3238e-12
28  1.8434e-09
29  6.9564e-11
30  1.5219e-10
31  1.2567e-11
32  3.5605e-10
33  3.4574e-11
34  1.1267e-09
35  9.9789e-11
36  3.8219e-10
37  1.7866e-10
38  1.0591e-10
39  1.0069e-10
40  2.3859e-10
41  6.6242e-11
42  3.9210e-10
43  3.6685e-36
44  7.7472e-11
45  9.3340e-12
46  1.0099e-10
47  1.5373e-11
48  1.0297e-10
49  2.3950e-11
50  3.1023e-10
51  1.9870e-11
52  6.3824e-10
53  1.0301e-11
54  1.2652e-08
55  2.8696e-09
56  3.3820e-09
57  1.3109e-10
58  3.2554e-10
59  2.2628e-11
60  1.2888e-10
61  1.4011e-90
62  2.7711e-11
63  4.5740e-12
64  7.9050e-12
65  2.4238e-13
66  1.4311e-12
67  4.7883e-13
68  2.5839e-12
69  1.5196e-12
70  2.9572e-12
71  3.4257e-13
72  1.6457e-12
73  3.3063e-12
74  2.1307e-12
75  3.5588e-13
76  5.9137e-12
77  1.3823e-12
78  7.3896e-12
79  1.7421e-12
80  6.6325e-12
81  4.9345e-12
82  1.1497e-09
83  -2.2820e-06
84  3.4300e-22
85  2.8461e-48
86  1.7588e-24
87  2.3577e-27
88  6.5804e-18
89  8.8905e-20
90  2.7628e-12
91  1.3329e-16
92  3.6364e-12
93  4.7337e-26
94  3.2020e-14
95  2.9157e-22
96  6.1540e-19
97  1.6662e-16
98  2.4309e-313
99  1.0375e-321
100  1.7958e-10
101  3.5281e-205
102  3.8553e-10
103  8.2379e-11
104  1.1404e-11
105  5.9494e-12
106  5.7237e-11
107  5.7818e-12
108  2.1171e-10
109  1.9412e-319
110  6.6118e-11
111  1.0553e-04
112  0.0000e+00
113  0.0000e+00
114  0.0000e+00
115  0.0000e+00
116  0.0000e+00
117  0.0000e+00
118  0.0000e+00

