1  1.8720e-09
2  7.3728e-10
3  1.2820e-11
4  2.1183e-01
5  0.0000e+00
6  2.1032e-12
7  2.6929e-11
8  5.1907e-13
9  1.1475e-16
10  5.6472e-12
11  2.7981e-11
12  4.5981e-09
13  2.3705e-11
14  2.3197e-07
15  1.9452e-08
16  2.0732e-09
17  1.4140e-10
18  5.5248e-08
19  2.2198e-08
20  3.4262e-08
21  4.9341e-08
22  7.8529e-09
23  1.6622e-08
24  3.7485e-08
25  5.5933e-08
26  1.0087e-06
27  5.9418e-08
28  1.7129e-07
29  3.6764e-08
30  1.8810e-08
31  2.5139e-08
32  5.5069e-08
33  9.6406e-07
34  7.4854e-07
35  1.0467e-08
36  1.8782e-08
37  1.3647e-07
38  2.7194e-07
39  3.6653e-07
40  5.4305e-07
41  4.5468e-08
42  8.5725e-07
43  4.4260e-07
44  2.3465e-07
45  9.7377e-07
46  1.1088e-06
47  3.3070e-07
48  6.1048e-07
49  1.4915e-07
50  2.8320e-07
51  3.0712e-07
52  5.6824e-08
53  2.2349e-07
54  3.1118e-07
55  1.3042e-07
56  2.5566e-06
57  1.7898e-06
58  2.5985e-08
59  1.9786e-08
60  2.5979e-08
61  2.2342e-08
62  5.8199e-08
63  6.9436e-07
64  3.8783e-08
65  4.7298e-08
66  2.3227e-07
67  2.1472e-07
68  1.9301e-07
69  4.7155e-07
70  6.9162e-07
71  7.5356e-08
72  2.0804e-07
73  1.8467e-07
74  7.0861e-07
75  2.8009e-06
76  4.6158e-06
77  1.0829e-05
78  1.1752e-05
79  6.9270e-06
80  8.5766e-06
81  3.5154e-06
82  3.3385e-06
83  2.2743e-05
84  1.7271e-05
85  8.0623e-06
86  1.7129e-06
87  1.1031e-05
88  1.9325e-05
89  4.4392e-06
90  2.9677e-06
91  1.7653e-06
92  5.5229e-07
93  4.3325e-07
94  2.7686e-06
95  4.4747e-06
96  5.5332e-06
97  3.0286e-06
98  8.7556e-07
99  6.2821e-06
100  1.1241e-05
101  9.9110e-06
102  4.7988e-06
103  2.1469e-06
104  4.1946e-06
105  1.6579e-06
106  3.0558e-06
107  4.9469e-06
108  1.6133e-05
109  6.5259e-05
110  1.0782e-04
111  1.6542e-05
112  4.9603e-05
113  3.4698e-05
114  2.8551e-05
115  1.8259e-05
116  7.4870e-07
117  1.3151e-06
118  1.3253e-06
119  8.6205e-07
120  4.3255e-06
121  2.3388e-06
122  3.2203e-06
123  6.2701e-06
124  3.4143e-05
125  5.1195e-05
126  1.2254e-04
127  1.6388e-04
128  2.2766e-04
129  9.9095e-05
130  3.8313e-07
131  2.8222e-06
132  9.2324e-06
133  1.2999e-05
134  4.3330e-06
135  9.8816e-07
136  1.0157e-06
137  6.1506e-07
138  1.4302e-06
139  5.9104e-07
140  5.2890e-07
141  1.7078e-07
142  3.6016e-08
143  5.1006e-09
144  2.2093e-09
145  1.2760e-09
146  1.0162e-08
147  1.8012e-08
148  8.6917e-09
149  3.1202e-09
150  3.3157e-09
151  1.1956e-09
152  4.1222e-09
153  2.5252e-09
154  3.7181e-09
155  8.8313e-09
156  1.3679e-09
157  3.4392e-09
158  4.1879e-09
159  9.2439e-11
160  8.7381e-10
161  1.3660e-09
162  7.1033e-10
163  6.2992e-10
164  1.0030e-09
165  5.7524e-10
166  1.7130e-09
167  1.2310e-09
168  6.8824e-10
169  2.0453e-09
170  4.6144e-10
171  3.6470e-10
172  2.0944e-10
173  1.1341e-10
174  2.2268e-10
175  6.6004e-11
176  1.2458e-10
177  2.3125e-10
178  7.4415e-11
179  3.0264e-11
180  2.9215e-11
181  2.4675e-11
182  1.5724e-11
183  7.6962e-12
184  4.7194e-12
185  1.8616e-12
186  2.5342e-12
187  1.7986e-12
188  2.3123e-12
189  8.4301e-13
190  2.2184e-12
191  5.2115e-12
192  5.4587e-12
193  2.3458e-12
194  3.3230e-12
195  1.5196e-12
196  9.5478e-13
197  5.4463e-13
198  2.0108e-13
199  5.2991e-14
200  4.3214e-14
201  5.5718e-15
202  1.6115e-15
203  1.3625e-16
204  8.2827e-18
205  1.2234e-18
206  3.0780e-19
207  9.4258e-20
208  1.3117e-19
209  1.0076e-19
210  1.0185e-31
211  4.8989e-38
212  1.3061e-25
213  0.0000e+00
214  0.0000e+00
215  1.8645e-25
216  1.4444e-56
217  0.0000e+00
218  0.0000e+00
219  2.0403e-39
220  0.0000e+00
221  0.0000e+00
222  0.0000e+00
223  9.5718e-43
224  0.0000e+00
225  0.0000e+00
226  0.0000e+00
227  7.3571e-38
228  1.0330e-25
229  0.0000e+00
230  0.0000e+00
231  1.8387e-25
232  2.1828e-23
233  0.0000e+00
234  9.5783e-26
235  2.2768e-24
236  1.8827e-30
237  0.0000e+00
238  0.0000e+00
239  0.0000e+00
240  0.0000e+00
241  0.0000e+00
242  0.0000e+00
243  0.0000e+00
244  0.0000e+00
245  0.0000e+00
246  0.0000e+00
247  0.0000e+00
248  0.0000e+00
249  0.0000e+00
250  0.0000e+00
251  0.0000e+00
252  0.0000e+00
253  0.0000e+00
254  0.0000e+00
255  0.0000e+00
256  0.0000e+00
257  0.0000e+00
258  0.0000e+00
259  0.0000e+00
260  0.0000e+00
261  0.0000e+00
262  0.0000e+00
263  0.0000e+00
264  0.0000e+00
265  0.0000e+00
266  0.0000e+00
267  0.0000e+00
268  0.0000e+00
269  0.0000e+00
270  0.0000e+00
271  0.0000e+00
272  0.0000e+00
273  0.0000e+00
274  0.0000e+00
275  0.0000e+00
276  0.0000e+00
277  0.0000e+00
278  0.0000e+00
279  0.0000e+00
280  0.0000e+00
281  0.0000e+00
282  0.0000e+00
283  0.0000e+00
284  0.0000e+00
285  0.0000e+00
286  0.0000e+00
287  0.0000e+00
288  0.0000e+00
289  0.0000e+00
290  0.0000e+00
291  0.0000e+00
292  0.0000e+00
293  0.0000e+00
294  0.0000e+00
295  0.0000e+00
296  0.0000e+00
297  0.0000e+00
298  0.0000e+00
299  0.0000e+00
300  0.0000e+00
301  0.0000e+00
302  0.0000e+00
303  0.0000e+00
304  0.0000e+00
305  0.0000e+00
306  0.0000e+00
307  0.0000e+00
308  0.0000e+00
309  0.0000e+00
310  0.0000e+00
311  0.0000e+00
312  0.0000e+00
313  0.0000e+00
314  0.0000e+00
315  0.0000e+00
316  0.0000e+00
317  0.0000e+00
318  0.0000e+00
319  0.0000e+00
320  0.0000e+00
321  0.0000e+00
322  0.0000e+00
323  0.0000e+00
324  0.0000e+00
325  0.0000e+00
326  0.0000e+00
327  0.0000e+00
328  0.0000e+00
329  0.0000e+00
330  0.0000e+00
331  0.0000e+00
332  0.0000e+00
333  0.0000e+00
334  0.0000e+00
335  0.0000e+00
336  0.0000e+00
337  0.0000e+00

