1  8.8011e-11
2  8.9842e-02
3  1.5100e-27
4  3.0124e-21
5  2.9034e-20
6  3.5030e-06
7  1.1551e-18
8  8.2754e-09
9  1.6025e-20
10  7.8510e-09
11  6.2111e-13
12  8.7606e-09
13  1.3191e-09
14  5.0928e-08
15  5.4958e-09
16  1.4419e-07
17  3.0122e-08
18  4.0813e-07
19  3.3639e-08
20  8.5009e-07
21  2.3852e-07
22  1.6295e-06
23  5.0058e-07
24  1.3269e-06
25  7.6806e-07
26  6.1232e-06
27  4.4041e-06
28  4.6892e-03
29  2.2153e-04
30  2.8053e-03
31  2.4433e-05
32  4.4533e-04
33  2.3342e-06
34  9.2559e-05
35  4.7545e-06
36  1.9863e-05
37  7.1382e-06
38  2.9096e-04
39  1.7158e-04
40  7.7000e-04
41  3.8568e-08
42  3.6565e-07
43  1.3191e-34
44  1.6338e-11
45  2.9914e-17
46  7.2524e-16
47  5.8626e-21
48  1.4278e-20
49  3.2044e-26
50  1.2184e-25
51  0.0000e+00
52  0.0000e+00
53  0.0000e+00
54  0.0000e+00
55  0.0000e+00
56  0.0000e+00
57  0.0000e+00
58  0.0000e+00
59  0.0000e+00
60  0.0000e+00
61  0.0000e+00
62  0.0000e+00
63  0.0000e+00
64  0.0000e+00
65  0.0000e+00
66  0.0000e+00
67  0.0000e+00
68  0.0000e+00
69  0.0000e+00
70  0.0000e+00
71  0.0000e+00
72  0.0000e+00
73  0.0000e+00
74  0.0000e+00
75  0.0000e+00
76  0.0000e+00
77  0.0000e+00
78  0.0000e+00
79  0.0000e+00
80  0.0000e+00
81  0.0000e+00
82  0.0000e+00
83  0.0000e+00
84  0.0000e+00
85  0.0000e+00
86  0.0000e+00
87  0.0000e+00
88  0.0000e+00
89  0.0000e+00
90  0.0000e+00
91  0.0000e+00
92  0.0000e+00
93  0.0000e+00
94  0.0000e+00
95  0.0000e+00
96  0.0000e+00
97  0.0000e+00
98  0.0000e+00
99  0.0000e+00
100  0.0000e+00
101  0.0000e+00
102  0.0000e+00
103  0.0000e+00
104  0.0000e+00
105  0.0000e+00
106  0.0000e+00
107  0.0000e+00
108  0.0000e+00
109  0.0000e+00
110  0.0000e+00
111  0.0000e+00
112  0.0000e+00
113  0.0000e+00
114  0.0000e+00
115  0.0000e+00
116  0.0000e+00
117  0.0000e+00
118  0.0000e+00

