    1      2  9.5495e-20  1.9099e-19
    5     10  7.5956e-20  7.5956e-19
    6     12  4.0122e-06  4.8146e-05
    6     13  2.7408e-10  3.5630e-09
    7     14  2.5314e-14  3.5440e-13
    8     16  1.9148e-08  3.0637e-07
    8     17  2.1143e-16  3.5944e-15
    8     18  2.4091e-19  4.3364e-18
   10     20  1.0599e-08  2.1198e-07
   10     21  1.1507e-13  2.4165e-12
   10     22  1.8666e-17  4.1066e-16
   11     23  8.5774e-13  1.9728e-11
   12     24  1.0582e-08  2.5396e-07
   12     25  6.4678e-12  1.6169e-10
   12     26  1.7378e-11  4.5183e-10
   13     26  1.4528e-13  3.7772e-12
   13     27  1.5910e-09  4.2956e-08
   14     28  3.4798e-08  9.7434e-07
   14     29  3.2287e-10  9.3633e-09
   14     30  1.9924e-08  5.9773e-07
   15     31  6.0019e-09  1.8606e-07
   16     32  4.9389e-08  1.5805e-06
   16     33  5.5412e-09  1.8286e-07
   16     34  9.6845e-08  3.2927e-06
   16     36  8.1010e-11  2.9163e-09
   17     35  2.5899e-08  9.0647e-07
   17     37  7.0751e-09  2.6178e-07
   18     36  3.6532e-08  1.3152e-06
   18     38  3.7815e-07  1.4370e-05
   18     40  1.1313e-09  4.5253e-08
   19     39  3.3494e-08  1.3063e-06
   19     40  9.4569e-10  3.7828e-08
   19     41  3.9062e-09  1.6015e-07
   20     40  8.6776e-09  3.4710e-07
   20     42  5.0932e-07  2.1391e-05
   20     43  8.6298e-08  3.7108e-06
   20     44  5.8390e-08  2.5692e-06
   20     46  1.5035e-08  6.9160e-07
   21     45  6.0421e-08  2.7189e-06
   22     46  1.5708e-07  7.2258e-06
   22     47  1.1423e-07  5.3688e-06
   22     48  1.2268e-07  5.8886e-06
   22     49  1.2961e-07  6.3508e-06
   22     50  3.5039e-07  1.7519e-05
   23     51  6.6927e-08  3.4133e-06
   24     50  5.7400e-09  2.8700e-07
   24     52  1.4303e-07  7.4374e-06
   24     53  2.2980e-07  1.2179e-05
   24     54  4.8145e-07  2.5998e-05
   25     55  5.0440e-08  2.7742e-06
   26     54  8.1141e-11  4.3816e-09
   26     56  5.9235e-07  3.3172e-05
   26     57  2.6395e-07  1.5045e-05
   26     58  7.8101e-08  4.5299e-06
   27     59  1.0498e-07  6.1939e-06
   28     58  1.3190e-12  7.6505e-11
   28     60  1.9332e-06  1.1599e-04
   28     61  6.4656e-08  3.9440e-06
   28     62  1.0353e-07  6.4187e-06
   28     64  1.7549e-07  1.1232e-05
   29     63  6.6499e-07  4.1894e-05
   29     65  3.3348e-08  2.1676e-06
   30     64  1.1893e-10  7.6114e-09
   30     66  2.9655e-06  1.9573e-04
   30     67  3.1852e-07  2.1341e-05
   30     68  1.5258e-07  1.0376e-05
   30     70  4.7116e-07  3.2981e-05
   31     69  8.2775e-07  5.7115e-05
   31     71  2.7936e-08  1.9835e-06
   32     70  1.7642e-09  1.2350e-07
   32     72  3.3969e-06  2.4458e-04
   32     73  7.4096e-08  5.4090e-06
   32     74  3.3012e-07  2.4429e-05
   32     76  2.9912e-07  2.2733e-05
   33     75  1.2419e-06  9.3143e-05
   34     74  1.3205e-13  9.7716e-12
   34     76  5.8360e-10  4.4353e-08
   34     77  9.7953e-08  7.5424e-06
   34     78  2.7351e-06  2.1334e-04
   34     80  3.0964e-07  2.4771e-05
   34     82  2.0747e-06  1.7012e-04
   35     79  9.1838e-08  7.2552e-06
   35     81  1.8346e-06  1.4861e-04
   36     78  6.3218e-19  4.9310e-17
   36     80  1.8106e-13  1.4485e-11
   36     82  1.4142e-09  1.1596e-07
   36     83  5.7701e-08  4.7892e-06
   36     84  3.9394e-06  3.3091e-04
   36     86  1.6300e-03  1.4018e-01
   37     85  1.2498e-05  1.0623e-03
   37     87  5.5408e-04  4.8205e-02
   38     84  3.4101e-16  2.8645e-14
   38     86  6.4074e-07  5.5103e-05
   38     87  4.2512e-06  3.6985e-04
   38     88  1.2264e-03  1.0793e-01
   39     89  1.7531e-04  1.5603e-02
   40     90  8.2930e-04  7.4637e-02
   40     91  2.3981e-05  2.1823e-03
   40     92  5.3396e-06  4.9124e-04
   40     94  7.1711e-06  6.7408e-04
   41     92  6.8432e-16  6.2957e-14
   41     93  5.5328e-06  5.1455e-04
   42     92  4.5901e-17  4.2229e-15
   42     94  3.7315e-10  3.5076e-08
   42     95  1.5765e-06  1.4976e-04
   42     96  8.6136e-06  8.2691e-04
   42     97  1.3668e-07  1.3258e-05
   42     98  1.6889e-08  1.6552e-06
   42    100  1.6112e-08  1.6112e-06
   44     98  9.6544e-14  9.4613e-12
   44     99  5.0854e-10  5.0345e-08
   44    100  7.9909e-13  7.9909e-11
   44    101  1.5157e-10  1.5308e-08
   44    102  8.6984e-10  8.8724e-08
   44    104  3.7269e-11  3.8760e-09
   45    103  2.2741e-10  2.3423e-08
   46    102  1.2079e-19  1.2321e-17
   46    104  3.1796e-16  3.3068e-14
   46    105  3.6693e-11  3.8528e-09
   46    106  7.6523e-11  8.1114e-09
   46    108  2.0339e-12  2.1966e-10
   46    110  2.2494e-13  2.4743e-11
   47    107  9.1995e-13  9.8434e-11
   47    109  1.0391e-12  1.1326e-10
   48    110  1.1602e-18  1.2762e-16
   48    111  2.2753e-14  2.5256e-12
   48    112  1.1907e-13  1.3336e-11
   48    113  4.0830e-15  4.6138e-13
   48    114  1.3764e-15  1.5691e-13
   48    116  4.5039e-16  5.2245e-14
   49    115  1.5853e-15  1.8230e-13
   50    117  2.4251e-17  2.8374e-15
   50    118  2.5833e-16  3.0483e-14
   50    119  8.3260e-18  9.9079e-16
   50    120  4.1640e-18  4.9968e-16
   50    122  4.5971e-19  5.6085e-17
   50    124  9.1508e-19  1.1347e-16
   51    121  8.0581e-18  9.7503e-16
   51    123  6.4871e-19  7.9791e-17
   52    125  1.7012e-20  2.1266e-18
   52    126  1.7215e-19  2.1691e-17
    1      1  2.2625e-08  2.2625e-08
    2      4  1.5126e-01  6.0505e-01


