1  1.0593e-02
2  1.9580e-01
3  3.9000e-10
4  3.3855e-07
5  2.3196e-08
6  3.3465e-08
7  4.2056e-06
8  8.4397e-06
9  8.6390e-08
10  6.8475e-06
11  1.6513e-06
12  5.5347e-06
13  1.6473e-08
14  6.4161e-07
15  1.6911e-08
16  1.1088e-06
17  6.9947e-08
18  1.5198e-07
19  3.8939e-09
20  2.6660e-09
21  2.2775e-10
22  1.2231e-08
23  9.4982e-11
24  3.5147e-10
25  2.7450e-11
26  4.3610e-10
27  3.8388e-12
28  1.6382e-09
29  6.3144e-11
30  1.7196e-10
31  1.7882e-11
32  4.5502e-10
33  4.6361e-11
34  1.1135e-09
35  1.1938e-10
36  3.0176e-10
37  1.7157e-10
38  9.0382e-11
39  6.4653e-11
40  1.5403e-10
41  4.0292e-11
42  2.7107e-10
43  2.5315e-36
44  5.5177e-11
45  6.5396e-12
46  7.3046e-11
47  1.1153e-11
48  7.2534e-11
49  1.6452e-11
50  1.9464e-10
51  1.2621e-11
52  6.0992e-10
53  6.5895e-12
54  1.0906e-08
55  3.8602e-09
56  2.2716e-09
57  8.2022e-11
58  1.5916e-10
59  9.8761e-12
60  6.0901e-11
61  6.7956e-92
62  1.2488e-11
63  2.0455e-12
64  3.4973e-12
65  1.1481e-13
66  6.2165e-13
67  2.2586e-13
68  9.7568e-13
69  6.0286e-13
70  1.1269e-12
71  1.2592e-13
72  6.2240e-13
73  1.0992e-12
74  7.5115e-13
75  1.1151e-13
76  1.7860e-12
77  4.8148e-13
78  2.4149e-12
79  6.9863e-13
80  1.9785e-12
81  1.4995e-12
82  3.4891e-08
83  6.2783e-09
84  4.5576e-28
85  1.5520e-32
86  2.7157e-22
87  5.9762e-28
88  2.2818e-18
89  2.2536e-20
90  9.4759e-13
91  3.3786e-17
92  1.0581e-12
93  1.1911e-26
94  8.0930e-15
95  1.2349e-23
96  2.6066e-20
97  7.4067e-17
98  6.0331e-314
99  -3.5573e-322
100  4.6817e-11
101  2.5266e-244
102  1.1146e-10
103  3.7724e-11
104  7.4002e-12
105  4.5121e-12
106  2.8645e-11
107  1.7511e-12
108  2.6191e-08
109  -1.7903e-319
110  2.6000e-08
111  6.1430e-04
112  0.0000e+00
113  0.0000e+00
114  0.0000e+00
115  0.0000e+00
116  0.0000e+00
117  0.0000e+00
118  0.0000e+00

