1  2.4497e-09
2  1.6070e-01
3  2.1081e-10
4  5.5730e-10
5  2.3641e-10
6  1.2235e-07
7  7.8546e-06
8  3.6656e-07
9  1.0960e-06
10  1.7957e-06
11  8.3497e-07
12  5.1329e-07
13  3.7123e-07
14  1.2882e-06
15  1.1759e-07
16  2.4661e-06
17  1.3309e-07
18  7.2900e-07
19  3.8688e-07
20  9.4627e-07
21  1.4994e-07
22  1.2585e-06
23  5.7497e-08
24  6.5541e-07
25  1.8968e-07
26  1.1677e-06
27  3.5332e-08
28  5.8449e-07
29  5.5019e-07
30  1.5675e-06
31  4.9400e-07
32  7.2689e-06
33  3.3168e-06
34  2.5888e-05
35  1.2601e-05
36  1.1085e-05
37  9.7903e-06
38  7.9369e-06
39  7.0365e-07
40  1.5543e-05
41  3.5211e-06
42  1.0102e-05
43  1.2567e-31
44  6.4293e-06
45  1.1935e-06
46  1.0320e-04
47  5.6205e-05
48  1.3038e-04
49  2.3112e-05
50  3.3742e-05
51  5.6418e-06
52  3.4186e-04
53  7.3112e-05
54  3.3450e-04
55  2.3026e-05
56  1.1269e-04
57  2.4333e-05
58  8.9524e-05
59  9.6677e-05
60  8.5266e-05
61  3.6516e-85
62  5.1543e-05
63  4.8192e-05
64  8.9486e-05
65  1.2759e-05
66  7.9963e-05
67  1.5404e-05
68  8.4011e-05
69  2.1810e-05
70  9.9595e-05
71  2.1407e-05
72  4.7887e-05
73  4.5606e-06
74  1.1809e-05
75  4.0279e-06
76  7.8459e-05
77  7.5357e-05
78  1.0547e-04
79  5.8356e-06
80  5.4318e-07
81  6.2641e-08
82  3.8386e-07
83  1.1073e-07
84  5.8138e-20
85  1.7294e-28
86  1.6055e-21
87  7.8981e-25
88  9.5684e-15
89  2.9042e-17
90  4.0809e-09
91  4.3540e-14
92  1.6259e-09
93  6.6543e-24
94  4.5254e-12
95  1.5022e-22
96  3.1813e-19
97  7.5527e-14
98  -7.2173e-314
99  8.3003e-322
100  1.7920e-11
101  1.0045e-313
102  7.2100e-12
103  6.7008e-13
104  7.8116e-13
105  3.4238e-13
106  4.8436e-14
107  9.4646e-16
108  1.3177e-16
109  -2.0341e-319
110  7.6936e-18
111  4.9046e-18
112  0.0000e+00
113  0.0000e+00
114  0.0000e+00
115  0.0000e+00
116  0.0000e+00
117  0.0000e+00
118  0.0000e+00

