    1      2  2.7600e-09  5.5199e-09
    2      3  2.0178e-10  6.0533e-10
    3      6  7.7645e-12  4.6587e-11
    3      7  2.9693e-10  2.0785e-09
    4      8  1.9240e-09  1.5392e-08
    4      9  5.6917e-10  5.1225e-09
    5     10  3.6815e-09  3.6815e-08
    5     11  3.4739e-10  3.8213e-09
    6     12  3.1450e-09  3.7739e-08
    6     13  3.1001e-07  4.0301e-06
    7     14  2.4040e-07  3.3657e-06
    7     15  1.1761e-05  1.7641e-04
    8     16  3.7673e-07  6.0278e-06
    8     17  3.9007e-09  6.6312e-08
    8     18  2.4938e-08  4.4888e-07
    9     19  1.3552e-06  2.5749e-05
   10     20  1.8523e-06  3.7046e-05
   10     21  3.6114e-07  7.5840e-06
   10     22  3.1986e-09  7.0369e-08
   11     23  1.0349e-06  2.3802e-05
   12     24  3.1248e-07  7.4995e-06
   12     25  3.4630e-07  8.6575e-06
   12     26  1.6374e-08  4.2573e-07
   13     26  1.8507e-19  4.8117e-18
   13     27  2.4275e-07  6.5544e-06
   14     28  7.0837e-07  1.9834e-05
   14     29  8.2218e-08  2.3843e-06
   14     30  9.0932e-08  2.7280e-06
   15     31  1.0116e-07  3.1360e-06
   16     32  9.8640e-08  3.1565e-06
   16     33  8.5741e-07  2.8295e-05
   16     34  6.5648e-07  2.2320e-05
   16     36  2.3366e-08  8.4118e-07
   17     35  3.0507e-08  1.0678e-06
   17     37  5.7791e-08  2.1383e-06
   18     36  3.7005e-20  1.3322e-18
   18     38  1.1330e-07  4.3054e-06
   18     40  1.1301e-07  4.5205e-06
   19     39  6.7993e-08  2.6517e-06
   19     41  2.0261e-07  8.3070e-06
   20     42  5.2216e-07  2.1931e-05
   20     43  1.2198e-07  5.2451e-06
   20     44  1.2817e-07  5.6393e-06
   20     46  1.0535e-07  4.8460e-06
   21     45  1.5660e-07  7.0469e-06
   22     47  1.4248e-07  6.6966e-06
   22     48  3.0602e-07  1.4689e-05
   22     49  1.8611e-07  9.1192e-06
   22     50  1.4451e-07  7.2253e-06
   23     51  4.6923e-08  2.3931e-06
   24     52  2.6938e-07  1.4008e-05
   24     53  2.1244e-07  1.1259e-05
   24     54  1.0162e-07  5.4875e-06
   25     55  1.1864e-07  6.5253e-06
   26     56  3.2635e-07  1.8275e-05
   26     57  3.1545e-07  1.7980e-05
   26     58  1.7904e-08  1.0384e-06
   27     59  1.6962e-08  1.0008e-06
   28     60  3.8117e-08  2.2870e-06
   28     61  6.3008e-08  3.8435e-06
   28     62  9.8134e-08  6.0843e-06
   28     64  1.8963e-07  1.2136e-05
   29     63  2.5902e-07  1.6318e-05
   29     65  1.0444e-07  6.7888e-06
   30     66  2.3101e-07  1.5247e-05
   30     67  7.8153e-08  5.2362e-06
   30     68  1.8060e-07  1.2281e-05
   30     70  3.3612e-07  2.3528e-05
   31     69  2.0006e-07  1.3804e-05
   31     71  6.0258e-08  4.2783e-06
   32     70  5.6840e-16  3.9788e-14
   32     72  2.6618e-07  1.9165e-05
   32     73  1.9811e-07  1.4462e-05
   32     74  7.7890e-07  5.7638e-05
   32     76  3.6195e-06  2.7508e-04
   33     75  2.6335e-06  1.9751e-04
   34     76  4.3799e-14  3.3287e-12
   34     77  2.4769e-06  1.9072e-04
   34     78  2.1084e-06  1.6445e-04
   34     80  1.1695e-05  9.3562e-04
   34     82  2.3218e-06  1.9039e-04
   35     79  3.1742e-06  2.5076e-04
   35     81  6.2342e-06  5.0497e-04
   36     82  1.1612e-13  9.5222e-12
   36     83  3.1407e-06  2.6068e-04
   36     84  1.7652e-06  1.4828e-04
   36     86  3.6866e-06  3.1705e-04
   37     85  1.6748e-06  1.4236e-04
   37     87  4.1823e-06  3.6386e-04
   38     87  3.0624e-08  2.6643e-06
   38     88  4.3348e-06  3.8146e-04
   39     89  9.4873e-07  8.4437e-05
   40     90  1.5033e-06  1.3529e-04
   40     91  5.0875e-07  4.6296e-05
   40     92  3.0506e-06  2.8065e-04
   40     94  7.1536e-06  6.7244e-04
   41     93  2.9797e-06  2.7711e-04
   42     95  9.5562e-07  9.0784e-05
   42     96  1.6019e-06  1.5379e-04
   42     97  1.1993e-06  1.1633e-04
   42     98  4.7531e-07  4.6581e-05
   42    100  1.2055e-06  1.2055e-04
   44     99  8.5939e-07  8.5080e-05
   44    100  4.6804e-14  4.6804e-12
   44    101  1.3737e-06  1.3874e-04
   44    102  8.6859e-07  8.8596e-05
   44    104  1.2360e-06  1.2855e-04
   45    103  8.5998e-07  8.8578e-05
   46    104  5.3659e-19  5.5805e-17
   46    105  1.3875e-06  1.4568e-04
   46    106  3.1390e-06  3.3273e-04
   46    108  7.3583e-06  7.9470e-04
   46    110  5.8618e-05  6.4479e-03
   47    107  2.6894e-06  2.8777e-04
   47    109  3.6472e-05  3.9754e-03
   48    110  2.1989e-13  2.4188e-11
   48    111  8.5458e-06  9.4859e-04
   48    112  3.2650e-05  3.6568e-03
   48    113  2.2123e-05  2.4999e-03
   48    114  1.9553e-05  2.2290e-03
   48    116  2.1747e-06  2.5226e-04
   49    113  9.7366e-13  1.1002e-10
   49    115  1.0350e-05  1.1903e-03
   50    115  8.2580e-12  9.4966e-10
   50    116  2.8868e-13  3.3486e-11
   50    117  1.9115e-06  2.2365e-04
   50    118  1.2695e-06  1.4980e-04
   50    119  1.0333e-06  1.2296e-04
   50    120  4.8587e-06  5.8305e-04
   50    122  2.4552e-06  2.9953e-04
   50    124  1.7453e-05  2.1642e-03
   51    121  1.5691e-06  1.8986e-04
   51    123  4.1506e-06  5.1052e-04
   52    122  5.8387e-15  7.1232e-13
   52    124  1.4973e-16  1.8566e-14
   52    125  2.3315e-05  2.9144e-03
   52    126  4.2885e-05  5.4035e-03
   52    128  5.5129e-05  7.0565e-03
   52    130  2.8598e-05  3.7178e-03
   53    127  4.4974e-05  5.7117e-03
   53    129  1.0953e-13  1.4130e-11
   54    128  3.3429e-16  4.2790e-14
   54    129  4.6182e-05  5.9575e-03
   54    130  1.8983e-14  2.4678e-12
   54    131  1.8079e-05  2.3683e-03
   54    132  9.5595e-06  1.2619e-03
   54    134  1.9097e-05  2.5590e-03
   54    136  3.3310e-05  4.5301e-03
   55    133  1.1381e-05  1.5137e-03
   56    134  2.6381e-18  3.5350e-16
   56    135  1.9574e-05  2.6425e-03
   56    136  4.8185e-15  6.5532e-13
   56    137  2.8509e-05  3.9058e-03
   56    138  1.4713e-05  2.0303e-03
   57    139  8.3154e-06  1.1558e-03
   58    140  1.6794e-05  2.3512e-03
   58    142  2.6950e-05  3.8270e-03
   59    141  7.0604e-05  9.9552e-03
   60    142  2.4771e-17  3.5175e-15
   60    143  7.0644e-06  1.0102e-03
   60    144  8.4819e-06  1.2214e-03
   60    145  1.4913e-06  2.1624e-04
   60    146  3.8863e-06  5.6740e-04
   60    148  1.0149e-05  1.5020e-03
   60    150  2.7861e-05  4.1791e-03
   62    147  5.6709e-06  8.3362e-04
   62    148  2.8206e-13  4.1745e-11
   62    149  7.4113e-06  1.1043e-03
   62    150  2.0915e-12  3.1373e-10
   62    152  1.3528e-05  2.0563e-03
   62    154  1.2064e-05  1.8578e-03
   63    151  2.4229e-05  3.6586e-03
   63    153  7.0341e-06  1.0762e-03
   64    154  2.4833e-14  3.8243e-12
   64    155  8.0935e-06  1.2545e-03
   64    156  1.8144e-05  2.8305e-03
   64    157  1.1802e-05  1.8529e-03
   64    158  2.1595e-05  3.4120e-03
   64    160  2.0968e-05  3.3548e-03
   65    159  1.3514e-05  2.1487e-03
   66    160  9.2857e-15  1.4857e-12
   66    161  1.0960e-05  1.7646e-03
   66    162  2.2263e-05  3.6065e-03
   66    163  1.1379e-05  1.8548e-03
   66    164  2.3234e-05  3.8104e-03
   67    165  1.2446e-05  2.0535e-03
   68    166  2.6118e-05  4.3356e-03
   68    167  1.2238e-05  2.0438e-03
   68    168  2.4559e-05  4.1259e-03
   68    170  2.1000e-05  3.5701e-03
   69    169  2.0692e-05  3.4969e-03
   70    170  2.8949e-15  4.9213e-13
   70    171  1.9053e-05  3.2581e-03
   70    172  1.7500e-05  3.0101e-03
   70    173  1.9452e-05  3.3651e-03
   70    174  2.3476e-05  4.0848e-03
   70    176  1.6209e-05  2.8528e-03
   71    175  1.9444e-05  3.4027e-03
   71    176  5.6727e-16  9.9840e-14
   72    176  5.3111e-18  9.3476e-16
   72    177  1.6534e-05  2.9265e-03
   72    178  1.3935e-05  2.4803e-03
   72    179  9.5870e-06  1.7161e-03
   72    180  6.3437e-06  1.1419e-03
   73    181  4.3189e-06  7.8171e-04
   74    182  4.1915e-06  7.6286e-04
   74    183  2.3108e-06  4.2288e-04
   74    184  3.6397e-06  6.6970e-04
   74    186  6.5358e-06  1.2157e-03
   75    185  2.4075e-06  4.4538e-04
   75    187  4.5867e-06  8.5771e-04
   76    186  1.2422e-18  2.3106e-16
   76    187  3.7277e-08  6.9708e-06
   76    188  1.3251e-05  2.4913e-03
   76    189  2.8709e-05  5.4261e-03
   76    190  4.9789e-05  9.4599e-03
   76    192  9.0302e-05  1.7338e-02
   77    191  6.0892e-05  1.1630e-02
   77    193  1.1524e-04  2.2241e-02
   78    192  8.2840e-16  1.5905e-13
   78    194  1.0425e-04  2.0224e-02
   78    195  8.9046e-05  1.7364e-02
   78    196  3.8658e-05  7.5770e-03
   78    198  3.9603e-06  7.8415e-04
   79    197  1.4735e-05  2.9027e-03
   80    198  1.7956e-16  3.5553e-14
   80    199  1.2010e-06  2.3901e-04
   80    200  4.2035e-07  8.4069e-05
   80    201  3.2594e-07  6.5514e-05
   80    202  8.3082e-07  1.6783e-04
   80    204  1.7763e-06  3.6237e-04
   81    203  1.2036e-06  2.4433e-04
   81    205  1.3851e-06  2.8395e-04
   82    204  1.5316e-20  3.1244e-18
   82    206  4.0697e-06  8.3837e-04
   82    207  3.7450e-06  7.7521e-04
   82    208  3.8305e-06  7.9674e-04
   82    210  1.7689e-14  3.7148e-12
   82    211  6.0009e-20  1.2662e-17
   82    212  1.1086e-19  2.3503e-17
   83    209  3.3260e-06  6.9514e-04
   83    210  3.7106e-19  7.7924e-17
   84    210  1.0245e-17  2.1515e-15
   86    222  2.8281e-19  6.2784e-17
   88    223  5.8666e-18  1.3082e-15
   88    224  2.8648e-19  6.4172e-17
   88    226  4.3275e-14  9.7801e-12
   88    228  9.2123e-13  2.1004e-10
   89    227  4.0797e-15  9.2609e-13
   89    228  2.0164e-20  4.5973e-18
   90    227  9.4288e-18  2.1403e-15
   90    228  5.5016e-17  1.2544e-14
   90    230  2.0395e-12  4.6909e-10
   90    231  5.4571e-19  1.2606e-16
   90    232  4.0325e-07  9.3554e-05
   90    234  6.8962e-19  1.6137e-16
   91    231  6.1163e-12  1.4129e-09
   91    234  2.0652e-20  4.8325e-18
   92    234  6.6412e-12  1.5540e-09
   92    235  1.3182e-07  3.0978e-05
   92    236  4.1712e-10  9.8441e-08
   92    238  1.2082e-07  2.8755e-05
   92    240  2.0931e-20  5.0233e-18
   94    239  1.4668e-19  3.5058e-17
   94    240  8.2555e-14  1.9813e-11
   94    244  1.0049e-09  2.4519e-07
   95    243  4.4842e-20  1.0897e-17
   96    244  2.7273e-19  6.6547e-17
   96    247  9.4643e-17  2.3377e-14
   97    246  1.7148e-11  4.2183e-09
  100    258  4.5517e-09  1.1743e-06
  100    260  2.8035e-09  7.2892e-07
  100    262  2.4675e-09  6.4648e-07
  102    261  2.0336e-09  5.3076e-07
  102    263  1.9432e-09  5.1106e-07
  102    264  1.4801e-09  3.9074e-07
  102    266  6.5717e-10  1.7481e-07
  103    265  6.2804e-10  1.6643e-07
  104    267  3.9107e-10  1.0442e-07
  104    268  3.0084e-10  8.0624e-08
  104    270  2.6523e-10  7.1611e-08
  104    272  1.4206e-10  3.8641e-08
  104    274  5.2514e-11  1.4389e-08
  105    269  4.2709e-10  1.1489e-07
  105    271  1.6429e-10  4.4524e-08
  106    273  9.3614e-11  2.5557e-08
  106    275  2.2509e-11  6.1900e-09
  106    276  1.6386e-11  4.5225e-09
  106    278  1.6371e-12  4.5511e-10
  106    280  6.6730e-14  1.8684e-11
  107    277  2.6343e-12  7.2969e-10
  108    279  2.5323e-13  7.0652e-11
  108    281  2.9564e-14  8.3076e-12
  108    282  5.3741e-14  1.5155e-11
  108    283  3.7195e-14  1.0526e-11
  108    284  5.3343e-14  1.5149e-11
  108    286  4.9458e-14  1.4145e-11
  110    285  5.2287e-14  1.4902e-11
  110    287  2.7000e-14  7.7490e-12
  110    288  1.9851e-14  5.7171e-12
  110    290  9.4839e-15  2.7503e-12
  111    289  8.3562e-15  2.4149e-12
  111    291  4.3694e-15  1.2715e-12
  111    292  3.4844e-14  1.0174e-11
  111    293  1.3614e-14  3.9888e-12
  111    294  1.7316e-14  5.0908e-12
  111    295  6.3137e-15  1.8626e-12
  111    296  3.7580e-15  1.1124e-12
  111    297  1.6640e-15  4.9420e-13
  111    298  2.0933e-15  6.2381e-13
  111    299  3.0073e-16  8.9918e-14
  111    300  1.8612e-16  5.5835e-14
  111    301  9.0175e-16  2.7143e-13
  111    302  4.7102e-15  1.4225e-12
  111    303  6.6393e-16  2.0117e-13
  111    304  8.8512e-16  2.6908e-13
  111    305  3.1368e-16  9.5673e-14
  111    306  4.0283e-16  1.2327e-13
  111    307  7.6812e-17  2.3581e-14
  111    308  1.4377e-16  4.4283e-14
  111    309  3.7758e-17  1.1667e-14
  111    310  5.0635e-17  1.5697e-14
  111    311  7.4920e-18  2.3300e-15
  111    312  1.7182e-17  5.3607e-15
  111    313  3.6992e-18  1.1578e-15
  111    314  7.4608e-18  2.3427e-15
  111    315  9.8523e-19  3.1035e-16
  111    316  2.0600e-18  6.5094e-16
  111    317  1.8494e-19  5.8625e-17
  111    318  1.2063e-18  3.8361e-16
  111    319  2.4815e-19  7.9161e-17
  111    320  6.0612e-19  1.9396e-16
  111    321  1.6843e-19  5.4064e-17
  111    322  2.6990e-19  8.6909e-17
  111    323  2.0338e-19  6.5693e-17
  111    324  2.1439e-19  6.9464e-17
  111    325  1.4719e-20  4.7838e-18
  111    326  1.3148e-19  4.2862e-17
  111    327  1.0145e-20  3.3174e-18
    1      1  5.8113e-10  5.8113e-10
    2      4  1.6903e-01  6.7612e-01


