1  2.3235e-02
2  1.0151e-03
3  1.7724e-05
4  6.9753e+04
5  0.0000e+00
6  6.4786e-23
7  6.0516e-11
8  1.8617e-07
9  6.4524e-11
10  1.2064e-09
11  2.7963e-09
12  2.2471e-09
13  4.8223e-09
14  6.3382e-07
15  5.5361e-07
16  1.4437e-06
17  1.3377e-08
18  4.4633e-07
19  3.3380e-08
20  8.6228e-07
21  2.8717e-08
22  1.1101e-06
23  4.8898e-07
24  1.7496e-06
25  5.5861e-07
26  8.3702e-07
27  8.2703e-09
28  2.8702e-07
29  2.6503e-08
30  5.0058e-09
31  8.6717e-09
32  1.2705e-07
33  1.1495e-08
34  1.1167e-07
35  1.0244e-08
36  3.9390e-07
37  2.2688e-08
38  1.1624e-07
39  3.2729e-09
40  5.7150e-10
41  5.2419e-11
42  4.8289e-10
43  7.2999e-11
44  9.4193e-10
45  1.8493e-10
46  5.4430e-10
47  1.5683e-10
48  1.0122e-08
49  2.8750e-10
50  3.5795e-10
51  6.5846e-11
52  1.1138e-10
53  5.8676e-11
54  8.4336e-11
55  2.1154e-11
56  3.8941e-11
57  4.0822e-11
58  2.7752e-10
59  2.9157e-12
60  9.5794e-10
61  2.6877e-12
62  2.0361e-11
63  5.6374e-11
64  5.8734e-10
65  2.9904e-12
66  3.0841e-11
67  3.9808e-12
68  3.9726e-11
69  4.1970e-12
70  5.8372e-11
71  7.0795e-12
72  4.0069e-11
73  1.1094e-11
74  1.0093e-10
75  3.1117e-11
76  1.6539e-10
77  5.0687e-12
78  1.3244e-10
79  4.2996e-11
80  4.3075e-10
81  4.5757e-11
82  4.0872e-10
83  1.2177e-11
84  5.5575e-11
85  6.7412e-11
86  2.5267e-10
87  8.7493e-11
88  9.0202e-11
89  8.3150e-11
90  6.8142e-11
91  2.0434e-11
92  4.5588e-11
93  5.4164e-11
94  6.2384e-11
95  2.2755e-11
96  1.6967e-10
97  2.6399e-11
98  5.6692e-11
99  1.6190e-11
100  5.2804e-11
101  7.2064e-12
102  1.9098e-11
103  7.7003e-12
104  1.6785e-11
105  8.9492e-12
106  1.6876e-11
107  6.6905e-12
108  2.3201e-11
109  6.0293e-12
110  3.4505e-11
111  5.6156e-12
112  1.3100e-11
113  9.3941e-12
114  3.1856e-11
115  1.9680e-11
116  2.5250e-11
117  3.6932e-12
118  2.4496e-11
119  9.3576e-12
120  4.8299e-11
121  1.3327e-11
122  8.4863e-11
123  2.8904e-12
124  8.1063e-11
125  2.5589e-11
126  1.6591e-10
127  8.3728e-12
128  1.2410e-10
129  4.8191e-11
130  2.2441e-10
131  5.9458e-10
132  2.3609e-09
133  2.6020e-09
134  6.1836e-09
135  2.6381e-09
136  1.5621e-09
137  5.0679e-11
138  1.2106e-10
139  1.0846e-10
140  2.5172e-10
141  1.7925e-11
142  9.5770e-12
143  1.4313e-11
144  3.9358e-11
145  3.7040e-12
146  9.2414e-12
147  1.1299e-11
148  1.6516e-11
149  1.0121e-12
150  2.0112e-11
151  1.1896e-12
152  4.7185e-12
153  2.4238e-12
154  4.2608e-12
155  5.9841e-13
156  1.9722e-12
157  4.9770e-13
158  8.7511e-13
159  1.9282e-13
160  2.2905e-12
161  1.4593e-13
162  4.2576e-13
163  1.7333e-13
164  3.8181e-13
165  3.8106e-13
166  6.2603e-13
167  4.1435e-13
168  4.0127e-13
169  1.1856e-12
170  5.6484e-13
171  4.0305e-13
172  1.8903e-13
173  1.3046e-13
174  1.0088e-12
175  2.6484e-13
176  5.6168e-13
177  3.1273e-13
178  2.7752e-13
179  2.5629e-13
180  4.3404e-13
181  2.6365e-12
182  1.5523e-12
183  2.1569e-13
184  9.0846e-14
185  5.1799e-14
186  7.9979e-14
187  1.6964e-13
188  7.3591e-14
189  3.5305e-13
190  2.8819e-13
191  6.4245e-13
192  3.3523e-12
193  2.9127e-13
194  9.6894e-13
195  6.6658e-13
196  7.0112e-13
197  1.2814e-12
198  3.0980e-12
199  2.2524e-13
200  5.8729e-13
201  4.2097e-13
202  7.5306e-13
203  9.6033e-13
204  2.7659e-12
205  2.6025e-12
206  9.3284e-12
207  7.4065e-07
208  1.8093e-10
209  -4.0143e-07
210  2.9513e-24
211  8.0411e-14
212  1.5813e-24
213  0.0000e+00
214  3.1826e-15
215  5.2128e-30
216  9.6728e-31
217  0.0000e+00
218  2.0859e-22
219  5.3336e-28
220  3.7085e-28
221  -2.5217e-320
222  1.7557e-24
223  1.3049e-22
224  2.0944e-24
225  9.5336e-40
226  2.6865e-19
227  9.0954e-20
228  6.7354e-18
229  4.0765e-31
230  1.2661e-17
231  1.3605e-16
232  2.9481e-12
233  2.0984e-28
234  4.1221e-17
235  2.9321e-12
236  1.6583e-14
237  -1.2804e-318
238  7.4990e-13
239  3.8334e-22
240  3.2201e-18
241  0.0000e+00
242  -3.6528e-75
243  1.1517e-22
244  3.9196e-14
245  0.0000e+00
246  1.7090e-16
247  2.4307e-19
248  1.3871e-75
249  0.0000e+00
250  0.0000e+00
251  -4.7715e-314
252  0.0000e+00
253  0.0000e+00
254  0.0000e+00
255  0.0000e+00
256  0.0000e+00
257  9.4975e-27
258  4.3581e-12
259  4.5405e-26
260  5.7855e-11
261  1.0228e-10
262  2.9023e-10
263  1.0646e-10
264  8.4847e-11
265  8.4740e-11
266  5.8249e-12
267  5.4400e-13
268  7.2036e-13
269  2.0201e-12
270  5.3803e-13
271  2.9869e-13
272  4.8405e-13
273  3.7825e-13
274  2.7741e-13
275  1.6654e-12
276  6.0257e-12
277  1.6836e-12
278  2.3249e-12
279  2.3446e-11
280  4.0425e-11
281  2.1300e-11
282  5.7451e-10
283  3.5147e-10
284  7.1476e-09
285  1.8966e-08
286  7.7682e-09
287  1.2031e-08
288  4.9596e-09
289  2.5425e-09
290  4.7890e-09
291  3.7377e-10
292  6.0867e-09
293  5.8172e-10
294  6.6627e-10
295  1.3252e-10
296  4.6766e-11
297  5.3818e-12
298  5.6648e-12
299  4.2775e-16
300  3.7162e-14
301  2.1019e-13
302  6.2774e-13
303  7.6927e-14
304  1.2827e-13
305  4.2809e-15
306  2.0786e-14
307  4.6017e-16
308  3.8162e-16
309  2.7936e-17
310  1.9458e-17
311  7.1989e-18
312  3.9224e-18
313  9.8760e-19
314  7.3770e-18
315  7.3273e-19
316  7.9488e-19
317  1.9572e-19
318  3.9012e-14
319  4.2602e-16
320  5.2554e-15
321  3.3991e-17
322  4.2180e-16
323  6.8054e-17
324  7.9275e-17
325  2.9624e-17
326  1.3508e-17
327  8.6785e-17
328  2.7889e-17
329  1.9140e-14
330  2.8850e-15
331  1.1613e-13
332  1.2027e-14
333  9.6177e-13
334  6.6860e-14
335  2.9034e-12
336  1.0987e-13
337  1.2113e-04

