1  1.1260e-07
2  2.2978e-01
3  1.3717e-09
4  3.2428e-09
5  4.1464e-08
6  8.4216e-08
7  4.6826e-06
8  1.8596e-07
9  4.3300e-07
10  1.0806e-06
11  5.8110e-07
12  6.1754e-07
13  1.1367e-07
14  3.6997e-07
15  2.8806e-08
16  1.0426e-06
17  3.2177e-08
18  4.4907e-08
19  6.7817e-08
20  2.5858e-07
21  4.0490e-08
22  7.3079e-08
23  9.7737e-09
24  4.7464e-08
25  2.2690e-09
26  7.1234e-08
27  8.3245e-10
28  2.5856e-08
29  1.2835e-07
30  4.2418e-07
31  4.9316e-08
32  2.7695e-07
33  5.6495e-08
34  2.2041e-06
35  8.4167e-07
36  1.0344e-06
37  4.0554e-07
38  1.3402e-07
39  8.5597e-08
40  8.0233e-07
41  1.5244e-07
42  7.3246e-07
43  4.1853e-33
44  2.0060e-07
45  7.1240e-08
46  4.5003e-07
47  2.3129e-07
48  4.5360e-07
49  1.3630e-07
50  5.4384e-07
51  1.2041e-07
52  4.4867e-06
53  1.4471e-06
54  4.1104e-06
55  1.7797e-07
56  6.8202e-07
57  6.4751e-08
58  1.2891e-07
59  5.9788e-08
60  1.5685e-07
61  2.4885e-86
62  1.5356e-07
63  3.9431e-08
64  3.1269e-07
65  1.3282e-09
66  1.1188e-07
67  2.8011e-08
68  3.0963e-07
69  3.8688e-07
70  6.9281e-07
71  7.0595e-08
72  1.4756e-06
73  3.3825e-07
74  6.3080e-07
75  4.7025e-08
76  9.6864e-07
77  9.4084e-07
78  3.2916e-05
79  1.1460e-05
80  2.5978e-05
81  1.2799e-07
82  7.6920e-06
83  5.7012e-06
84  2.3935e-16
85  1.0322e-26
86  6.6081e-18
87  3.2199e-21
88  1.1205e-11
89  1.2143e-13
90  4.4624e-06
91  1.8204e-10
92  6.7626e-06
93  5.8159e-20
94  3.9549e-08
95  7.5609e-18
96  1.5967e-14
97  5.0094e-10
98  -6.1174e-314
99  7.6580e-322
100  6.4938e-06
101  2.1375e-313
102  8.0899e-06
103  2.3816e-06
104  6.2755e-05
105  2.2190e-05
106  9.1754e-05
107  9.3050e-06
108  7.9177e-06
109  3.7972e-319
110  2.0090e-09
111  7.0281e-07
112  0.0000e+00
113  0.0000e+00
114  0.0000e+00
115  0.0000e+00
116  0.0000e+00
117  0.0000e+00
118  0.0000e+00

