1  3.7477e-09
2  2.1646e-01
3  4.1378e-11
4  4.8396e-13
5  4.7515e-11
6  3.6685e-09
7  2.9071e-07
8  4.7104e-08
9  1.9758e-08
10  1.0016e-07
11  1.5150e-08
12  1.0462e-06
13  5.9003e-08
14  2.1895e-07
15  1.9778e-08
16  1.3634e-06
17  1.2078e-07
18  6.1745e-07
19  2.6176e-07
20  1.7742e-06
21  6.4277e-07
22  1.4271e-06
23  1.1585e-07
24  2.4849e-07
25  2.7182e-08
26  6.2465e-07
27  1.3144e-08
28  2.1805e-07
29  5.0278e-07
30  1.7373e-06
31  4.0480e-07
32  2.9009e-06
33  6.4943e-07
34  2.5359e-05
35  1.0171e-05
36  7.9638e-06
37  4.7819e-06
38  3.0355e-06
39  1.1471e-06
40  7.5089e-06
41  1.0779e-06
42  7.2189e-06
43  7.4785e-32
44  3.9899e-06
45  1.4651e-06
46  7.7201e-06
47  3.6232e-06
48  6.3880e-06
49  1.4537e-06
50  5.0006e-06
51  7.7988e-07
52  3.3795e-04
53  7.9550e-05
54  3.9696e-04
55  5.9746e-05
56  2.9920e-05
57  5.3461e-06
58  1.5392e-05
59  8.1261e-06
60  3.6922e-06
61  7.7213e-316
62  2.5855e-06
63  6.3641e-07
64  3.0635e-06
65  3.3843e-08
66  1.1945e-06
67  2.2860e-07
68  2.0140e-06
69  1.2353e-06
70  1.6741e-06
71  2.0876e-07
72  1.2459e-06
73  1.3477e-07
74  1.2511e-07
75  6.3406e-09
76  5.1217e-08
77  2.9961e-08
78  4.2259e-08
79  5.8961e-09
80  3.3718e-09
81  9.8211e-13
82  3.4708e-14
83  7.9269e-15
84  1.9138e-19
85  4.8210e-37
86  5.3104e-18
87  5.8106e-32
88  7.8123e-22
89  2.1912e-24
90  3.4182e-16
91  3.2851e-21
92  1.0230e-16
93  4.1891e-31
94  7.7275e-20
95  3.1085e-33
96  3.4091e-23
97  9.6463e-22
98  0.0000e+00
99  -6.4229e-323
100  3.0459e-19
101  1.6221e-313
102  6.1893e-20
103  5.1650e-21
104  3.0457e-21
105  1.4390e-21
106  5.0984e-23
107  6.4236e-25
108  0.0000e+00
109  0.0000e+00
110  0.0000e+00
111  0.0000e+00
112  0.0000e+00
113  0.0000e+00
114  0.0000e+00
115  0.0000e+00
116  0.0000e+00
117  0.0000e+00
118  0.0000e+00

