1  3.7316e-10
2  2.0086e-01
3  9.4991e-19
4  8.8255e-18
5  1.6536e-18
6  6.4074e-08
7  7.3913e-12
8  2.9831e-09
9  4.2183e-13
10  9.4063e-10
11  1.0485e-12
12  1.7018e-09
13  1.2317e-09
14  2.6912e-08
15  2.0904e-09
16  1.5373e-07
17  1.1914e-07
18  1.4230e-07
19  1.3919e-08
20  1.2499e-06
21  6.7707e-08
22  2.1311e-06
23  4.3128e-07
24  7.4010e-06
25  1.3744e-07
26  5.7030e-07
27  2.0813e-08
28  2.2909e-07
29  2.1920e-07
30  2.4240e-06
31  8.7784e-07
32  1.7776e-05
33  1.3179e-06
34  6.6689e-05
35  1.0752e-05
36  3.0968e-05
37  1.1676e-05
38  3.3244e-06
39  1.1940e-05
40  7.9593e-05
41  1.3814e-05
42  8.9648e-05
43  5.0881e-30
44  5.2981e-04
45  4.6926e-05
46  5.2139e-04
47  1.9274e-04
48  1.2040e-04
49  8.1685e-06
50  2.6670e-05
51  7.8900e-06
52  6.0524e-05
53  2.1980e-05
54  5.0865e-06
55  1.4057e-10
56  2.0117e-12
57  5.6094e-14
58  1.1343e-13
59  6.3960e-15
60  9.1700e-15
61  2.4087e-315
62  2.3782e-15
63  2.7842e-16
64  2.1398e-16
65  1.1306e-18
66  4.1659e-18
67  3.8803e-19
68  8.9213e-19
69  8.7976e-20
70  9.9045e-21
71  2.9191e-22
72  1.3770e-22
73  9.0917e-25
74  0.0000e+00
75  0.0000e+00
76  0.0000e+00
77  0.0000e+00
78  0.0000e+00
79  0.0000e+00
80  0.0000e+00
81  0.0000e+00
82  0.0000e+00
83  0.0000e+00
84  0.0000e+00
85  0.0000e+00
86  0.0000e+00
87  0.0000e+00
88  0.0000e+00
89  0.0000e+00
90  0.0000e+00
91  0.0000e+00
92  0.0000e+00
93  0.0000e+00
94  0.0000e+00
95  0.0000e+00
96  0.0000e+00
97  0.0000e+00
98  0.0000e+00
99  0.0000e+00
100  0.0000e+00
101  0.0000e+00
102  0.0000e+00
103  0.0000e+00
104  0.0000e+00
105  0.0000e+00
106  0.0000e+00
107  0.0000e+00
108  0.0000e+00
109  0.0000e+00
110  0.0000e+00
111  0.0000e+00
112  0.0000e+00
113  0.0000e+00
114  0.0000e+00
115  0.0000e+00
116  0.0000e+00
117  0.0000e+00
118  0.0000e+00

