    1      2  6.6795e-15  1.3359e-14
    2      3  3.1052e-19  9.3157e-19
    3      6  3.3668e-17  2.0201e-16
    3      7  8.5310e-19  5.9717e-18
    4      8  2.3992e-15  1.9193e-14
    4      9  1.6654e-18  1.4989e-17
    5     10  2.3403e-17  2.3403e-16
    5     11  1.0622e-19  1.1684e-18
    6     12  3.4238e-08  4.1085e-07
    6     13  9.9490e-14  1.2934e-12
    7     14  4.8227e-13  6.7518e-12
    7     15  2.1295e-10  3.1942e-09
    8     16  1.7415e-09  2.7864e-08
    8     17  2.6126e-14  4.4415e-13
    8     18  5.0805e-11  9.1449e-10
    9     19  7.0945e-11  1.3480e-09
   10     20  2.6789e-10  5.3577e-09
   10     21  9.0068e-11  1.8914e-09
   10     22  1.2612e-10  2.7747e-09
   11     23  3.0613e-10  7.0409e-09
   12     24  3.8546e-10  9.2510e-09
   12     25  5.8699e-10  1.4675e-08
   12     26  2.2423e-09  5.8300e-08
   13     26  2.0055e-14  5.2143e-13
   13     27  1.2169e-09  3.2858e-08
   14     28  6.1699e-09  1.7276e-07
   14     29  3.6718e-09  1.0648e-07
   14     30  2.1657e-08  6.4970e-07
   15     31  2.7200e-09  8.4320e-08
   16     32  3.0422e-08  9.7351e-07
   16     33  4.5043e-08  1.4864e-06
   16     34  3.6746e-08  1.2494e-06
   16     36  4.5495e-08  1.6378e-06
   17     35  2.7571e-08  9.6497e-07
   17     37  2.7603e-07  1.0213e-05
   18     36  6.9448e-17  2.5001e-15
   18     38  5.3410e-07  2.0296e-05
   18     40  7.6344e-08  3.0537e-06
   19     39  5.8208e-08  2.2701e-06
   19     41  7.4034e-08  3.0354e-06
   20     42  1.8677e-07  7.8444e-06
   20     43  7.3437e-08  3.1578e-06
   20     44  2.0902e-07  9.1970e-06
   20     46  1.3279e-06  6.1083e-05
   21     45  4.4547e-07  2.0046e-05
   22     46  1.4392e-20  6.6205e-19
   22     47  1.0399e-06  4.8875e-05
   22     48  2.8860e-07  1.3853e-05
   22     49  1.0273e-06  5.0338e-05
   22     50  1.6086e-06  8.0431e-05
   23     51  6.4809e-07  3.3053e-05
   24     52  2.8842e-08  1.4998e-06
   24     53  1.3215e-06  7.0041e-05
   24     54  5.1044e-06  2.7564e-04
   25     55  2.3335e-07  1.2834e-05
   26     56  1.5019e-06  8.4107e-05
   26     57  1.7623e-07  1.0045e-05
   26     58  6.2587e-09  3.6301e-07
   27     59  6.2022e-09  3.6593e-07
   28     60  2.6624e-08  1.5974e-06
   28     61  6.5371e-08  3.9876e-06
   28     62  3.4457e-07  2.1363e-05
   28     64  4.8660e-08  3.1142e-06
   29     63  7.4956e-07  4.7222e-05
   29     65  4.1176e-08  2.6764e-06
   30     64  2.5195e-20  1.6125e-18
   30     66  2.6465e-07  1.7467e-05
   30     67  2.0060e-07  1.3440e-05
   30     68  6.8162e-07  4.6350e-05
   30     70  1.6795e-06  1.1757e-04
   31     69  9.8452e-07  6.7932e-05
   31     71  2.0457e-07  1.4524e-05
   32     70  2.2166e-15  1.5516e-13
   32     72  5.7174e-07  4.1166e-05
   32     73  8.1018e-06  5.9143e-04
   32     74  5.8437e-06  4.3243e-04
   32     76  3.1504e-06  2.3943e-04
   33     75  1.3729e-06  1.0297e-04
   34     76  2.8430e-14  2.1607e-12
   34     77  1.2468e-05  9.6003e-04
   34     78  1.7863e-05  1.3933e-03
   34     80  1.2449e-05  9.9593e-04
   34     82  1.9583e-05  1.6058e-03
   35     79  4.6712e-06  3.6902e-04
   35     81  1.3283e-05  1.0759e-03
   36     82  2.2657e-13  1.8579e-11
   36     83  3.4414e-06  2.8564e-04
   36     84  4.1563e-06  3.4913e-04
   36     86  2.0317e-05  1.7473e-03
   37     85  8.4433e-06  7.1768e-04
   37     87  2.1071e-06  1.8331e-04
   38     86  3.6988e-20  3.1810e-18
   38     87  1.5428e-08  1.3423e-06
   38     88  3.9227e-06  3.4519e-04
   39     89  2.0304e-06  1.8071e-04
   40     90  2.5386e-06  2.2847e-04
   40     91  2.9973e-06  2.7276e-04
   40     92  2.6979e-05  2.4821e-03
   40     94  5.0508e-06  4.7477e-04
   41     93  5.7390e-06  5.3372e-04
   42     95  3.3491e-06  3.1816e-04
   42     96  1.1246e-05  1.0796e-03
   42     97  5.8307e-06  5.6557e-04
   42     98  1.9711e-06  1.9317e-04
   42    100  3.1226e-05  3.1226e-03
   44     99  1.0257e-05  1.0154e-03
   44    100  3.8287e-13  3.8287e-11
   44    101  5.5660e-05  5.6216e-03
   44    102  1.2600e-05  1.2852e-03
   44    104  3.0447e-05  3.1664e-03
   45    103  7.6484e-06  7.8779e-04
   46    104  1.3972e-18  1.4531e-16
   46    105  1.3176e-05  1.3835e-03
   46    106  2.9645e-05  3.1424e-03
   46    108  2.2949e-05  2.4785e-03
   46    110  8.5280e-05  9.3808e-03
   47    107  3.9847e-05  4.2636e-03
   47    109  4.9934e-05  5.4428e-03
   48    110  2.3427e-13  2.5770e-11
   48    111  1.5461e-05  1.7161e-03
   48    112  4.1811e-05  4.6829e-03
   48    113  2.5287e-05  2.8574e-03
   48    114  3.3402e-05  3.8078e-03
   48    116  1.3187e-06  1.5297e-04
   49    113  1.1129e-12  1.2576e-10
   49    115  1.4336e-05  1.6486e-03
   50    115  1.1438e-11  1.3153e-09
   50    116  4.3375e-13  5.0314e-11
   50    117  2.3789e-06  2.7833e-04
   50    118  1.5851e-06  1.8704e-04
   50    119  1.3420e-06  1.5970e-04
   50    120  1.7231e-05  2.0677e-03
   50    122  4.5306e-05  5.5273e-03
   50    124  3.3524e-05  4.1569e-03
   51    121  1.6249e-05  1.9661e-03
   51    123  2.2540e-05  2.7724e-03
   52    122  9.7607e-14  1.1908e-11
   52    124  2.6662e-15  3.3061e-13
   52    125  7.4282e-05  9.2852e-03
   52    126  2.1190e-04  2.6700e-02
   52    128  1.0433e-04  1.3354e-02
   52    130  5.8685e-07  7.6290e-05
   53    127  1.4228e-04  1.8069e-02
   53    129  9.6678e-14  1.2471e-11
   54    128  4.0358e-16  5.1659e-14
   54    129  2.9969e-05  3.8660e-03
   54    130  6.5566e-15  8.5235e-13
   54    131  7.0753e-09  9.2687e-07
   54    132  5.4116e-09  7.1433e-07
   54    134  1.7127e-09  2.2951e-07
   54    136  2.1407e-10  2.9113e-08
   55    133  6.5591e-09  8.7236e-07
   56    135  2.2808e-10  3.0790e-08
   56    136  3.7640e-20  5.1190e-18
   56    137  3.3737e-10  4.6220e-08
   56    138  1.0371e-10  1.4312e-08
   57    139  7.8723e-12  1.0942e-09
   58    140  1.2293e-11  1.7211e-09
   58    142  1.5720e-13  2.2322e-11
   59    141  5.3038e-13  7.4784e-11
   60    143  2.2725e-13  3.2496e-11
   60    144  7.3212e-13  1.0543e-10
   60    145  3.2358e-13  4.6919e-11
   60    146  5.2359e-13  7.6444e-11
   60    148  3.5814e-13  5.3004e-11
   60    150  2.0337e-13  3.0505e-11
   62    147  4.5605e-13  6.7039e-11
   62    149  1.9891e-13  2.9638e-11
   62    150  8.4754e-20  1.2713e-17
   62    152  1.7861e-13  2.7148e-11
   62    154  9.3080e-14  1.4334e-11
   63    151  8.9077e-14  1.3451e-11
   63    153  8.9180e-14  1.3645e-11
   64    155  8.5585e-14  1.3266e-11
   64    156  1.7914e-14  2.7945e-12
   64    157  2.1625e-14  3.3951e-12
   64    158  2.4700e-14  3.9025e-12
   64    160  7.3740e-15  1.1798e-12
   65    159  3.8034e-15  6.0475e-13
   66    161  6.0631e-15  9.7616e-13
   66    162  3.1656e-15  5.1282e-13
   66    163  1.7595e-15  2.8680e-13
   66    164  2.7303e-15  4.4777e-13
   67    165  1.4607e-15  2.4102e-13
   68    166  2.6429e-15  4.3872e-13
   68    167  8.7934e-16  1.4685e-13
   68    168  6.0330e-16  1.0135e-13
   68    170  1.6325e-16  2.7753e-14
   69    169  7.1919e-16  1.2154e-13
   70    171  6.9024e-17  1.1803e-14
   70    172  4.6718e-17  8.0356e-15
   70    173  2.5679e-17  4.4424e-15
   70    174  2.7976e-17  4.8677e-15
   70    176  1.1428e-17  2.0113e-15
   71    175  1.1702e-17  2.0478e-15
   72    177  5.4251e-18  9.6024e-16
   72    178  1.0846e-18  1.9307e-16
   72    179  2.9312e-19  5.2468e-17
   72    180  1.3149e-19  2.3669e-17
   73    181  6.7878e-20  1.2286e-17
   74    182  1.5024e-20  2.7343e-18
    1      1  1.5649e-09  1.5649e-09
    2      4  2.0916e-01  8.3662e-01


