    1      2  1.3677e-03  2.7354e-03
    1      3  4.9235e-20  1.4770e-19
    2      3  2.5154e-05  7.5461e-05
    3      7  4.8449e-11  3.3914e-10
    4      8  2.1857e-07  1.7486e-06
    4      9  4.4725e-11  4.0253e-10
    5     10  9.3955e-10  9.3955e-09
    5     11  2.3149e-09  2.5464e-08
    6     12  1.9502e-09  2.3403e-08
    6     13  4.4145e-09  5.7388e-08
    7     14  5.7928e-07  8.1099e-06
    7     15  5.0698e-07  7.6047e-06
    8     16  1.2532e-06  2.0052e-05
    8     17  1.1081e-08  1.8838e-07
    8     18  3.9286e-07  7.0715e-06
    9     19  3.2410e-08  6.1579e-07
   10     20  7.8517e-07  1.5703e-05
   10     21  2.5320e-08  5.3172e-07
   10     22  1.0232e-06  2.2510e-05
   11     23  4.4407e-07  1.0214e-05
   12     24  1.8681e-06  4.4834e-05
   12     25  5.6537e-07  1.4134e-05
   12     26  8.8615e-07  2.3040e-05
   13     27  8.4903e-09  2.2924e-07
   14     28  2.9390e-07  8.2292e-06
   14     29  2.7968e-08  8.1107e-07
   14     30  5.2858e-09  1.5857e-07
   15     31  8.9916e-09  2.7874e-07
   16     32  1.3154e-07  4.2093e-06
   16     33  1.1994e-08  3.9579e-07
   16     34  1.1723e-07  3.9858e-06
   16     36  4.3715e-07  1.5737e-05
   17     35  9.3973e-09  3.2890e-07
   17     37  2.5399e-08  9.3976e-07
   18     36  4.6856e-14  1.6868e-12
   18     38  1.3625e-07  5.1774e-06
   18     40  7.0444e-10  2.8178e-08
   19     39  3.9069e-09  1.5237e-07
   19     40  8.6052e-19  3.4421e-17
   19     41  6.0786e-11  2.4922e-09
   20     40  2.4716e-19  9.8862e-18
   20     42  5.6397e-10  2.3687e-08
   20     43  8.4680e-11  3.6412e-09
   20     44  1.0949e-09  4.8177e-08
   20     46  6.5040e-10  2.9918e-08
   21     45  2.1881e-10  9.8467e-09
   22     46  3.0053e-17  1.3824e-15
   22     47  1.7006e-10  7.9926e-09
   22     48  1.2350e-08  5.9282e-07
   22     49  3.3361e-10  1.6347e-08
   22     50  4.2954e-10  2.1477e-08
   23     51  7.6285e-11  3.8905e-09
   24     52  1.2787e-10  6.6493e-09
   24     53  6.7981e-11  3.6030e-09
   24     54  1.0053e-10  5.4287e-09
   25     55  2.4935e-11  1.3714e-09
   26     56  4.3982e-11  2.4630e-09
   26     57  4.8191e-11  2.7469e-09
   26     58  3.3512e-10  1.9437e-08
   27     59  3.4459e-12  2.0331e-10
   28     60  1.1742e-09  7.0450e-08
   28     61  3.2725e-12  1.9962e-10
   28     62  2.4159e-11  1.4978e-09
   28     64  7.3074e-10  4.6767e-08
   29     63  6.9064e-11  4.3510e-09
   29     65  3.6804e-12  2.3922e-10
   30     64  1.2588e-19  8.0562e-18
   30     66  3.6926e-11  2.4371e-09
   30     67  4.7728e-12  3.1977e-10
   30     68  4.6607e-11  3.1693e-09
   30     70  6.9631e-11  4.8742e-09
   31     69  4.7147e-12  3.2532e-10
   31     71  8.2170e-12  5.8341e-10
   32     70  4.1336e-14  2.8935e-12
   32     72  4.4686e-11  3.2174e-09
   32     73  1.2391e-11  9.0452e-10
   32     74  1.1358e-10  8.4052e-09
   32     76  1.9581e-10  1.4882e-08
   33     75  3.5476e-11  2.6607e-09
   34     76  3.0705e-13  2.3336e-11
   34     77  5.7820e-12  4.4522e-10
   34     78  1.4979e-10  1.1683e-08
   34     80  5.1036e-10  4.0829e-08
   34     82  5.0607e-10  4.1498e-08
   35     79  4.8726e-11  3.8494e-09
   35     81  5.4128e-11  4.3843e-09
   36     82  1.7476e-12  1.4331e-10
   36     83  1.4441e-11  1.1986e-09
   36     84  6.8656e-11  5.7671e-09
   36     86  3.1721e-10  2.7280e-08
   37     85  7.9458e-11  6.7539e-09
   37     87  1.0678e-10  9.2896e-09
   38     86  5.7985e-18  4.9867e-16
   38     87  7.8170e-13  6.8008e-11
   38     88  1.0997e-10  9.6772e-09
   39     89  1.0660e-10  9.4870e-09
   40     90  8.6756e-11  7.8081e-09
   40     91  2.6079e-11  2.3732e-09
   40     92  5.7330e-11  5.2744e-09
   40     94  8.2905e-11  7.7931e-09
   41     93  7.0458e-11  6.5526e-09
   42     95  2.9363e-11  2.7895e-09
   42     96  2.1914e-10  2.1037e-08
   42     97  3.3483e-11  3.2478e-09
   42     98  7.2257e-11  7.0812e-09
   42    100  6.1809e-11  6.1809e-09
   44     99  2.0718e-11  2.0510e-09
   44    100  6.3704e-12  6.3704e-10
   44    101  9.2965e-12  9.3895e-10
   44    102  2.4499e-11  2.4989e-09
   44    104  2.1256e-11  2.2106e-09
   45    103  9.9066e-12  1.0204e-09
   46    104  1.4104e-16  1.4668e-14
   46    105  1.1400e-11  1.1971e-09
   46    106  2.1636e-11  2.2934e-09
   46    108  2.9637e-11  3.2008e-09
   46    110  4.4392e-11  4.8831e-09
   47    107  8.6073e-12  9.2098e-10
   47    109  7.6875e-12  8.3794e-10
   48    110  4.5895e-14  5.0485e-12
   48    111  7.2381e-12  8.0343e-10
   48    112  1.6523e-11  1.8506e-09
   48    113  1.2107e-11  1.3681e-09
   48    114  4.0836e-11  4.6553e-09
   48    116  3.2609e-11  3.7826e-09
   49    113  5.3283e-19  6.0210e-17
   49    115  2.5432e-11  2.9247e-09
   50    115  2.0291e-17  2.3335e-15
   50    116  6.4086e-13  7.4340e-11
   50    117  4.6514e-12  5.4422e-10
   50    118  3.0733e-11  3.6265e-09
   50    119  1.1941e-11  1.4210e-09
   50    120  6.2800e-11  7.5360e-09
   50    122  1.1253e-10  1.3729e-08
   50    124  1.0782e-10  1.3369e-08
   51    121  1.7352e-11  2.0996e-09
   51    123  3.8152e-12  4.6927e-10
   52    122  2.7570e-14  3.3635e-12
   52    124  3.6167e-15  4.4847e-13
   52    125  3.3776e-11  4.2220e-09
   52    126  2.2259e-10  2.8046e-08
   52    128  1.5897e-10  2.0348e-08
   52    130  2.5644e-10  3.3337e-08
   53    127  1.1008e-11  1.3980e-09
   53    129  2.7476e-17  3.5444e-15
   54    128  1.4887e-15  1.9056e-13
   54    129  6.0303e-11  7.7791e-09
   54    130  2.0949e-13  2.7233e-11
   54    131  6.7928e-10  8.8985e-08
   54    132  2.7678e-09  3.6535e-07
   54    134  7.7584e-09  1.0396e-06
   54    136  2.1078e-09  2.8666e-07
   55    133  2.9559e-09  3.9314e-07
   56    134  6.6703e-14  8.9382e-12
   56    135  3.3816e-09  4.5651e-07
   56    136  3.9923e-12  5.4295e-10
   56    137  6.7976e-11  9.3127e-09
   56    138  1.5304e-10  2.1120e-08
   57    139  1.4060e-10  1.9543e-08
   58    140  3.4019e-10  4.7626e-08
   58    142  1.3187e-11  1.8725e-09
   59    141  2.4711e-11  3.4842e-09
   60    142  1.0576e-16  1.5019e-14
   60    143  1.9683e-11  2.8146e-09
   60    144  5.3393e-11  7.6886e-09
   60    145  5.0638e-12  7.3425e-10
   60    146  1.2373e-11  1.8065e-09
   60    148  2.2367e-11  3.3103e-09
   60    150  2.7614e-11  4.1421e-09
   62    147  1.5517e-11  2.2810e-09
   62    148  7.7032e-13  1.1401e-10
   62    149  1.4052e-12  2.0937e-10
   62    150  1.4005e-13  2.1008e-11
   62    152  6.4614e-12  9.8213e-10
   62    154  6.0038e-12  9.2458e-10
   63    151  1.6448e-12  2.4837e-10
   63    153  3.3563e-12  5.1351e-10
   64    154  2.9227e-15  4.5010e-13
   64    155  8.2631e-13  1.2808e-10
   64    156  2.6968e-12  4.2070e-10
   64    157  6.7721e-13  1.0632e-10
   64    158  1.1982e-12  1.8931e-10
   64    160  3.2457e-12  5.1932e-10
   65    159  2.6395e-13  4.1968e-11
   66    160  6.7699e-17  1.0832e-14
   66    161  1.9980e-13  3.2168e-11
   66    162  5.9235e-13  9.5961e-11
   66    163  2.3804e-13  3.8800e-11
   66    164  5.3584e-13  8.7878e-11
   67    165  5.2175e-13  8.6089e-11
   68    166  8.8264e-13  1.4652e-10
   68    167  5.7929e-13  9.6742e-11
   68    168  5.6920e-13  9.5625e-11
   68    170  8.1814e-13  1.3908e-10
   69    169  1.6720e-12  2.8256e-10
   70    170  2.2630e-16  3.8470e-14
   70    171  5.5971e-13  9.5711e-11
   70    172  2.6110e-13  4.4909e-11
   70    173  1.8142e-13  3.1385e-11
   70    174  1.4352e-12  2.4973e-10
   70    176  8.1901e-13  1.4415e-10
   71    175  3.7775e-13  6.6107e-11
   71    176  5.1168e-17  9.0055e-15
   72    176  4.7895e-19  8.4294e-17
   72    177  4.3466e-13  7.6935e-11
   72    178  3.9038e-13  6.9487e-11
   72    179  3.6446e-13  6.5238e-11
   72    180  6.2949e-13  1.1331e-10
   73    181  3.8546e-12  6.9768e-10
   74    182  2.3208e-12  4.2238e-10
   74    183  3.0209e-13  5.5283e-11
   74    184  1.2785e-13  2.3525e-11
   74    186  1.1504e-13  2.1398e-11
   75    185  7.3298e-14  1.3560e-11
   75    187  2.3732e-13  4.4379e-11
   76    186  1.8402e-19  3.4227e-17
   76    187  1.9284e-15  3.6060e-13
   76    188  1.0369e-13  1.9494e-11
   76    189  4.9336e-13  9.3244e-11
   76    190  4.1154e-13  7.8193e-11
   76    192  4.8714e-12  9.3530e-10
   77    191  8.9073e-13  1.7013e-10
   77    193  4.2333e-13  8.1703e-11
   78    192  2.8434e-17  5.4594e-15
   78    194  1.4142e-12  2.7435e-10
   78    195  9.3626e-13  1.8257e-10
   78    196  1.0042e-12  1.9682e-10
   78    198  4.5062e-12  8.9222e-10
   79    197  1.7827e-12  3.5119e-10
   80    198  4.4639e-16  8.8384e-14
   80    199  3.2694e-13  6.5062e-11
   80    200  8.5760e-13  1.7152e-10
   80    201  5.9613e-13  1.1982e-10
   80    202  1.0949e-12  2.2117e-10
   80    204  4.0133e-12  8.1872e-10
   81    203  1.3441e-12  2.7286e-10
   81    205  3.7657e-12  7.7198e-10
   82    204  7.2921e-19  1.4876e-16
   82    206  1.3690e-11  2.8202e-09
   82    207  5.0818e-11  1.0519e-08
   82    208  1.8333e-11  3.8133e-09
   82    214  1.8372e-14  3.9316e-12
   83    209  5.5310e-11  1.1560e-08
   83    211  6.8372e-13  1.4426e-10
   83    212  3.0094e-14  6.3800e-12
   85    218  1.2041e-18  2.6249e-16
   86    219  2.2890e-13  5.0129e-11
   86    220  1.1376e-14  2.5027e-12
   88    226  3.7100e-19  8.3847e-17
   88    228  9.3491e-18  2.1316e-15
   89    227  1.2799e-19  2.9054e-17
   90    230  1.7485e-17  4.0216e-15
   90    232  4.0924e-12  9.4944e-10
   91    231  1.9189e-16  4.4326e-14
   92    234  5.6936e-17  1.3323e-14
   92    235  4.1357e-12  9.7189e-10
   92    236  2.3095e-14  5.4505e-12
   92    238  1.0358e-12  2.4652e-10
   94    240  4.5715e-18  1.0972e-15
   94    244  5.5646e-14  1.3578e-11
   96    247  2.5222e-18  6.2297e-16
   97    246  2.3468e-16  5.7731e-14
  100    258  6.2093e-12  1.6020e-09
  100    260  8.2716e-11  2.1506e-08
  100    262  4.1914e-10  1.0981e-07
  102    260  1.7663e-19  4.5923e-17
  102    261  1.4686e-10  3.8330e-08
  102    263  1.5264e-10  4.0144e-08
  102    264  1.2054e-10  3.1824e-08
  102    266  8.2101e-12  2.1839e-09
  103    265  1.1971e-10  3.1723e-08
  104    267  7.7268e-13  2.0631e-10
  104    268  1.0238e-12  2.7437e-10
  104    270  7.6322e-13  2.0607e-10
  104    272  6.8499e-13  1.8632e-10
  104    274  3.9258e-13  1.0757e-10
  105    269  2.8698e-12  7.7197e-10
  105    271  4.2383e-13  1.1486e-10
  106    273  5.3486e-13  1.4602e-10
  106    275  2.3489e-12  6.4593e-10
  106    276  8.4849e-12  2.3418e-09
  106    278  3.2585e-12  9.0587e-10
  106    280  5.5200e-11  1.5456e-08
  107    277  2.3714e-12  6.5687e-10
  108    279  3.2141e-11  8.9673e-09
  108    281  2.9057e-11  8.1650e-09
  108    282  7.6772e-10  2.1650e-07
  108    283  4.6176e-10  1.3068e-07
  108    284  8.5267e-09  2.4216e-06
  108    286  9.3267e-09  2.6674e-06
  110    285  2.3417e-08  6.6738e-06
  110    286  7.4794e-20  2.1391e-17
  110    287  1.4673e-08  4.2110e-06
  110    288  5.9465e-09  1.7126e-06
  110    290  5.6731e-09  1.6452e-06
  111    289  3.0683e-09  8.8674e-07
  111    290  1.9697e-16  5.7122e-14
  111    291  4.5269e-10  1.3173e-07
  111    292  7.1939e-09  2.1006e-06
  111    293  6.9790e-10  2.0449e-07
  111    294  7.9108e-10  2.3258e-07
  111    295  1.5752e-10  4.6469e-08
  111    296  5.6904e-11  1.6844e-08
  111    297  6.4592e-12  1.9184e-09
  111    298  6.7697e-12  2.0174e-09
  111    299  5.8537e-16  1.7503e-13
  111    300  4.3716e-14  1.3115e-11
  111    301  2.5356e-13  7.6322e-11
  111    302  7.5681e-13  2.2856e-10
  111    303  9.2721e-14  2.8094e-11
  111    304  1.5456e-13  4.6985e-11
  111    305  5.1616e-15  1.5743e-12
  111    306  2.5163e-14  7.7000e-12
  111    307  5.5761e-16  1.7118e-13
  111    308  4.6123e-16  1.4206e-13
  111    309  3.3904e-17  1.0476e-14
  111    310  2.3648e-17  7.3309e-15
  111    311  8.7536e-18  2.7224e-15
  111    312  4.7784e-18  1.4909e-15
  111    313  1.1953e-18  3.7413e-16
  111    314  8.9783e-18  2.8192e-15
  111    315  8.6458e-19  2.7234e-16
  111    316  1.0107e-18  3.1939e-16
  111    317  2.2045e-19  6.9882e-17
  111    318  4.6813e-14  1.4887e-11
  111    319  5.0925e-16  1.6245e-13
  111    320  6.4270e-15  2.0567e-12
  111    321  4.1578e-17  1.3347e-14
  111    322  5.0407e-16  1.6231e-13
  111    323  8.0989e-17  2.6160e-14
  111    324  9.3784e-17  3.0386e-14
  111    325  3.4963e-17  1.1363e-14
  111    326  1.5926e-17  5.1918e-15
  111    327  1.0074e-16  3.2942e-14
  111    328  3.2185e-17  1.0557e-14
  111    329  1.3988e-14  4.6022e-12
  111    330  2.1066e-15  6.9516e-13
  111    331  8.6188e-14  2.8528e-11
  111    332  8.9293e-15  2.9645e-12
  111    333  7.4744e-13  2.4890e-10
  111    334  5.1988e-14  1.7364e-11
  111    335  2.3250e-12  7.7889e-10
  111    336  8.8016e-14  2.9573e-11
  111    337  9.7223e-05  3.2764e-02
    1      1  2.8976e-02  2.8976e-02
    2      4  2.5191e-01  1.0076e+00


