    1      2  5.3113e-04  1.0623e-03
    1      3  1.5950e-20  4.7850e-20
    2      3  8.1487e-06  2.4446e-05
    3      7  9.9976e-11  6.9983e-10
    4      8  1.3044e-07  1.0435e-06
    4      9  1.5259e-10  1.3733e-09
    5     10  2.1300e-09  2.1300e-08
    5     11  4.2826e-09  4.7109e-08
    6     12  3.0789e-09  3.6946e-08
    6     13  5.9114e-09  7.6849e-08
    7     14  7.3381e-07  1.0273e-05
    7     15  6.4778e-07  9.7166e-06
    8     16  1.8976e-06  3.0361e-05
    8     17  2.0118e-08  3.4201e-07
    8     18  5.6279e-07  1.0130e-05
    9     19  3.3078e-08  6.2848e-07
   10     20  9.8870e-07  1.9774e-05
   10     21  3.7388e-08  7.8515e-07
   10     22  1.2165e-06  2.6762e-05
   11     23  5.4439e-07  1.2521e-05
   12     24  1.3387e-06  3.2128e-05
   12     25  4.7705e-07  1.1926e-05
   12     26  6.4179e-07  1.6687e-05
   13     27  6.9010e-09  1.8633e-07
   14     28  2.4129e-07  6.7561e-06
   14     29  2.0659e-08  5.9912e-07
   14     30  3.9009e-09  1.1703e-07
   15     31  7.0930e-09  2.1988e-07
   16     32  1.0449e-07  3.3437e-06
   16     33  9.2762e-09  3.0612e-07
   16     34  9.1294e-08  3.1040e-06
   16     36  2.7877e-07  1.0036e-05
   17     35  1.1451e-08  4.0078e-07
   17     37  1.5650e-08  5.7906e-07
   18     36  4.4980e-14  1.6193e-12
   18     38  7.3742e-08  2.8022e-06
   18     40  3.1732e-10  1.2693e-08
   19     39  1.9704e-09  7.6846e-08
   19     40  3.3409e-19  1.3363e-17
   19     41  3.4096e-11  1.3979e-09
   20     40  9.6127e-20  3.8451e-18
   20     42  3.0827e-10  1.2947e-08
   20     43  4.7456e-11  2.0406e-09
   20     44  6.0888e-10  2.6791e-08
   20     46  3.3087e-10  1.5220e-08
   21     45  1.1414e-10  5.1363e-09
   22     46  1.2830e-17  5.9018e-16
   22     47  1.2314e-10  5.7876e-09
   22     48  5.8395e-09  2.8030e-07
   22     49  1.8834e-10  9.2289e-09
   22     50  2.1579e-10  1.0789e-08
   23     51  4.3603e-11  2.2238e-09
   24     52  7.5028e-11  3.9015e-09
   24     53  3.8619e-11  2.0468e-09
   24     54  5.1660e-11  2.7897e-09
   25     55  1.3318e-11  7.3251e-10
   26     56  2.7411e-11  1.5350e-09
   26     57  2.5634e-11  1.4611e-09
   26     58  1.6449e-10  9.5406e-09
   27     59  1.8399e-12  1.0855e-10
   28     60  5.4648e-10  3.2789e-08
   28     61  1.5645e-12  9.5436e-11
   28     62  1.2694e-11  7.8705e-10
   28     64  3.2239e-10  2.0633e-08
   29     63  3.2117e-11  2.0234e-09
   29     65  1.6946e-12  1.1015e-10
   30     64  5.1312e-20  3.2839e-18
   30     66  1.8774e-11  1.2391e-09
   30     67  2.4120e-12  1.6160e-10
   30     68  2.5781e-11  1.7531e-09
   30     70  3.5941e-11  2.5159e-09
   31     69  3.0453e-12  2.1013e-10
   31     71  4.7319e-12  3.3596e-10
   32     70  2.2431e-14  1.5701e-12
   32     72  2.9337e-11  2.1123e-09
   32     73  8.0809e-12  5.8991e-10
   32     74  7.1175e-11  5.2669e-09
   32     76  1.0191e-10  7.7449e-09
   33     75  2.1177e-11  1.5883e-09
   34     76  1.6003e-13  1.2163e-11
   34     77  3.5115e-12  2.7039e-10
   34     78  9.1724e-11  7.1545e-09
   34     80  2.6269e-10  2.1015e-08
   34     82  2.2118e-10  1.8137e-08
   35     79  2.9516e-11  2.3318e-09
   35     81  2.8024e-11  2.2700e-09
   36     82  7.9292e-13  6.5019e-11
   36     83  7.5758e-12  6.2879e-10
   36     84  3.0873e-11  2.5933e-09
   36     86  1.3356e-10  1.1486e-08
   37     85  4.2231e-11  3.5896e-09
   37     87  4.8198e-11  4.1932e-09
   38     86  2.3917e-18  2.0569e-16
   38     87  3.5287e-13  3.0699e-11
   38     88  5.0524e-11  4.4461e-09
   39     89  4.0983e-11  3.6474e-09
   40     90  3.4221e-11  3.0799e-09
   40     91  1.0222e-11  9.3025e-10
   40     92  2.3827e-11  2.1921e-09
   40     94  2.8418e-11  2.6713e-09
   41     93  2.5939e-11  2.4123e-09
   42     95  1.1255e-11  1.0692e-09
   42     96  8.4285e-11  8.0913e-09
   42     97  1.3786e-11  1.3373e-09
   42     98  2.9203e-11  2.8619e-09
   42    100  2.4110e-11  2.4110e-09
   44     99  8.2315e-12  8.1492e-10
   44    100  2.1603e-12  2.1603e-10
   44    101  3.5983e-12  3.6343e-10
   44    102  9.7097e-12  9.9038e-10
   44    104  8.8438e-12  9.1975e-10
   45    103  3.8825e-12  3.9990e-10
   46    104  4.2858e-17  4.4573e-15
   46    105  4.6290e-12  4.8604e-10
   46    106  8.5987e-12  9.1146e-10
   46    108  1.1994e-11  1.2954e-09
   46    110  1.7428e-11  1.9170e-09
   47    107  3.3783e-12  3.6147e-10
   47    109  3.1292e-12  3.4108e-10
   48    110  1.6094e-14  1.7703e-12
   48    111  2.8337e-12  3.1454e-10
   48    112  7.0129e-12  7.8544e-10
   48    113  4.7467e-12  5.3638e-10
   48    114  1.6351e-11  1.8640e-09
   48    116  1.1852e-11  1.3749e-09
   49    113  2.0891e-19  2.3606e-17
   49    115  9.8552e-12  1.1333e-09
   50    115  7.8630e-18  9.0425e-16
   50    116  2.1180e-13  2.4569e-11
   50    117  2.0010e-12  2.3412e-10
   50    118  1.3240e-11  1.5623e-09
   50    119  4.8250e-12  5.7417e-10
   50    120  2.3669e-11  2.8403e-09
   50    122  3.9603e-11  4.8315e-09
   50    124  3.7635e-11  4.6667e-09
   51    121  6.4936e-12  7.8572e-10
   51    123  1.3690e-12  1.6839e-10
   52    122  9.1315e-15  1.1140e-12
   52    124  1.1099e-15  1.3763e-13
   52    125  1.2126e-11  1.5157e-09
   52    126  7.5524e-11  9.5161e-09
   52    128  6.4088e-11  8.2032e-09
   52    130  1.5661e-10  2.0359e-08
   53    127  4.0366e-12  5.1265e-10
   53    129  4.9078e-18  6.3311e-16
   54    128  4.4769e-16  5.7305e-14
   54    129  2.6905e-11  3.4707e-09
   54    130  8.0649e-14  1.0484e-11
   54    131  4.1067e-10  5.3797e-08
   54    132  1.5351e-09  2.0264e-07
   54    134  3.3386e-09  4.4737e-07
   54    136  6.9140e-10  9.4030e-08
   55    133  1.7950e-09  2.3873e-07
   56    134  3.0483e-14  4.0847e-12
   56    135  1.3366e-09  1.8044e-07
   56    136  1.3022e-12  1.7709e-10
   56    137  2.2974e-11  3.1474e-09
   56    138  6.4086e-11  8.8438e-09
   57    139  5.3409e-11  7.4238e-09
   58    140  1.1123e-10  1.5573e-08
   58    142  4.0455e-12  5.7447e-10
   59    141  7.5199e-12  1.0603e-09
   60    142  2.6360e-17  3.7432e-15
   60    143  6.0727e-12  8.6840e-10
   60    144  1.7384e-11  2.5034e-09
   60    145  1.6012e-12  2.3218e-10
   60    146  4.2417e-12  6.1929e-10
   60    148  6.5054e-12  9.6280e-10
   60    150  8.4948e-12  1.2742e-09
   62    147  4.8344e-12  7.1065e-10
   62    148  2.1481e-13  3.1793e-11
   62    149  4.2421e-13  6.3208e-11
   62    150  3.7837e-14  5.6755e-12
   62    152  2.0462e-12  3.1102e-10
   62    154  1.7078e-12  2.6301e-10
   63    151  5.0276e-13  7.5917e-11
   63    153  1.0183e-12  1.5581e-10
   64    154  7.9847e-16  1.2296e-13
   64    155  2.5404e-13  3.9377e-11
   64    156  8.5670e-13  1.3365e-10
   64    157  2.1877e-13  3.4347e-11
   64    158  3.7909e-13  5.9896e-11
   64    160  9.0386e-13  1.4462e-10
   65    159  8.3426e-14  1.3265e-11
   66    160  1.8282e-17  2.9251e-15
   66    161  6.3375e-14  1.0203e-11
   66    162  1.7680e-13  2.8641e-11
   66    163  7.4594e-14  1.2159e-11
   66    164  1.5456e-13  2.5348e-11
   67    165  1.6460e-13  2.7160e-11
   68    166  2.4953e-13  4.1421e-11
   68    167  1.6906e-13  2.8234e-11
   68    168  1.5738e-13  2.6440e-11
   68    170  2.0984e-13  3.5672e-11
   69    169  4.7401e-13  8.0108e-11
   70    170  5.6302e-17  9.5714e-15
   70    171  1.6817e-13  2.8757e-11
   70    172  7.9448e-14  1.3665e-11
   70    173  5.3806e-14  9.3084e-12
   70    174  3.9363e-13  6.8492e-11
   70    176  2.0512e-13  3.6101e-11
   71    175  1.0248e-13  1.7935e-11
   71    176  1.0874e-17  1.9139e-15
   72    176  1.0179e-19  1.7916e-17
   72    177  1.2964e-13  2.2946e-11
   72    178  1.1088e-13  1.9736e-11
   72    179  9.9623e-14  1.7832e-11
   72    180  1.6064e-13  2.8915e-11
   73    181  9.5557e-13  1.7296e-10
   74    182  5.3285e-13  9.6978e-11
   74    183  8.8596e-14  1.6213e-11
   74    184  3.6597e-14  6.7339e-12
   74    186  3.0372e-14  5.6493e-12
   75    185  2.0529e-14  3.7979e-12
   75    187  6.7245e-14  1.2575e-11
   76    186  4.1017e-20  7.6291e-18
   76    187  5.4642e-16  1.0218e-13
   76    188  2.9428e-14  5.5324e-12
   76    189  1.4451e-13  2.7312e-11
   76    190  1.1114e-13  2.1116e-11
   76    192  1.2384e-12  2.3778e-10
   77    191  2.6888e-13  5.1357e-11
   77    193  1.0756e-13  2.0759e-11
   78    192  7.2541e-18  1.3928e-15
   78    194  3.5370e-13  6.8617e-11
   78    195  2.7091e-13  5.2827e-11
   78    196  2.6929e-13  5.2781e-11
   78    198  1.1404e-12  2.2581e-10
   79    197  5.3176e-13  1.0476e-10
   80    198  1.0683e-16  2.1152e-14
   80    199  8.3345e-14  1.6586e-11
   80    200  2.1426e-13  4.2852e-11
   80    201  1.6606e-13  3.3377e-11
   80    202  2.7795e-13  5.6147e-11
   80    204  1.0336e-12  2.1086e-10
   81    203  3.9327e-13  7.9833e-11
   81    205  9.8088e-13  2.0108e-10
   82    204  1.5577e-19  3.1777e-17
   82    206  3.4094e-12  7.0233e-10
   82    207  2.6304e-09  5.4450e-07
   82    208  5.3739e-12  1.1178e-09
   82    210  1.5250e-19  3.2025e-17
   84    218  2.2202e-15  4.8400e-13
   86    219  5.2688e-14  1.1539e-11
   86    220  2.6757e-15  5.8865e-13
   88    226  1.1587e-19  2.6187e-17
   88    228  2.7923e-18  6.3664e-16
   89    227  3.7411e-20  8.4922e-18
   90    230  5.4609e-18  1.2560e-15
   90    232  1.2223e-12  2.8357e-10
   91    231  5.6087e-17  1.2956e-14
   92    234  1.7782e-17  4.1610e-15
   92    235  1.2088e-12  2.8407e-10
   92    236  6.5574e-15  1.5476e-12
   92    238  3.2350e-13  7.6992e-11
   94    240  1.2981e-18  3.1155e-16
   94    244  1.5801e-14  3.8555e-12
   96    247  2.9315e-19  7.2407e-17
   97    246  7.4573e-17  1.8345e-14
  100    258  1.7283e-12  4.4590e-10
  100    260  2.2513e-11  5.8533e-09
  100    262  1.1054e-10  2.8961e-08
  102    260  3.4270e-20  8.9101e-18
  102    261  3.9068e-11  1.0197e-08
  102    263  4.1581e-11  1.0936e-08
  102    264  3.3975e-11  8.9693e-09
  102    266  2.3833e-12  6.3397e-10
  103    265  3.4477e-11  9.1365e-09
  104    267  2.1762e-13  5.8105e-11
  104    268  2.8752e-13  7.7056e-11
  104    270  2.1579e-13  5.8264e-11
  104    272  1.9554e-13  5.3187e-11
  104    274  1.1201e-13  3.0689e-11
  105    269  8.0716e-13  2.1713e-10
  105    271  1.1970e-13  3.2440e-11
  106    273  1.5316e-13  4.1813e-11
  106    275  6.7912e-13  1.8676e-10
  106    276  2.4689e-12  6.8142e-10
  106    278  9.6502e-13  2.6828e-10
  106    280  1.8027e-11  5.0477e-09
  107    277  6.8954e-13  1.9100e-10
  108    279  1.0352e-11  2.8883e-09
  108    281  9.5298e-12  2.6779e-09
  108    282  2.7261e-10  7.6876e-08
  108    283  1.7491e-10  4.9499e-08
  108    284  4.5630e-09  1.2959e-06
  108    286  4.9077e-09  1.4036e-06
  110    285  1.1108e-08  3.1659e-06
  110    286  2.0801e-20  5.9492e-18
  110    287  7.4089e-09  2.1263e-06
  110    288  3.1893e-09  9.1851e-07
  110    290  3.1781e-09  9.2164e-07
  111    289  1.6156e-09  4.6690e-07
  111    290  6.4302e-17  1.8648e-14
  111    291  2.3584e-10  6.8630e-08
  111    292  4.0638e-09  1.1866e-06
  111    293  3.7518e-10  1.0993e-07
  111    294  4.3978e-10  1.2930e-07
  111    295  8.7218e-11  2.5729e-08
  111    296  2.9109e-11  8.6164e-09
  111    297  3.4662e-12  1.0295e-09
  111    298  3.6823e-12  1.0973e-09
  111    299  1.9854e-16  5.9362e-14
  111    300  2.9124e-14  8.7373e-12
  111    301  1.3246e-13  3.9872e-11
  111    302  3.9417e-13  1.1904e-10
  111    303  4.8376e-14  1.4658e-11
  111    304  8.0562e-14  2.4491e-11
  111    305  2.6890e-15  8.2015e-13
  111    306  1.2851e-14  3.9325e-12
  111    307  2.8451e-16  8.7344e-14
  111    308  2.3724e-16  7.3070e-14
  111    309  1.7125e-17  5.2918e-15
  111    310  1.1859e-17  3.6762e-15
  111    311  4.3748e-18  1.3606e-15
  111    312  2.3748e-18  7.4094e-16
  111    313  6.0517e-19  1.8942e-16
  111    314  4.4694e-18  1.4034e-15
  111    315  4.7772e-19  1.5048e-16
  111    316  4.3027e-19  1.3597e-16
  111    317  1.4213e-19  4.5055e-17
  111    318  2.4623e-14  7.8302e-12
  111    319  2.7291e-16  8.7059e-14
  111    320  3.1675e-15  1.0136e-12
  111    321  2.0474e-17  6.5722e-15
  111    322  2.7648e-16  8.9028e-14
  111    323  4.5245e-17  1.4614e-14
  111    324  5.3809e-17  1.7434e-14
  111    325  2.0274e-17  6.5890e-15
  111    326  9.2807e-18  3.0255e-15
  111    327  6.4852e-17  2.1206e-14
  111    328  2.1505e-17  7.0535e-15
  111    329  3.9768e-14  1.3084e-11
  111    330  6.0001e-15  1.9800e-12
  111    331  2.2830e-13  7.5568e-11
  111    332  2.3620e-14  7.8417e-12
  111    333  1.6704e-12  5.5623e-10
  111    334  1.1594e-13  3.8725e-11
  111    335  4.6633e-12  1.5622e-09
  111    336  1.7629e-13  5.9235e-11
  111    337  1.5640e-04  5.2706e-02
    1      1  1.4805e-02  1.4805e-02
    2      4  2.3279e-01  9.3116e-01


