    1      2  4.9267e-16  9.8535e-16
    3      6  1.3987e-19  8.3922e-19
    4      9  6.4119e-19  5.7707e-18
    5     10  2.9133e-19  2.9133e-18
    6     12  2.2315e-07  2.6778e-06
    6     13  1.0163e-13  1.3212e-12
    7     14  5.3008e-18  7.4211e-17
    7     15  1.1189e-15  1.6783e-14
    8     16  6.7111e-09  1.0738e-07
    8     17  9.0423e-16  1.5372e-14
    8     18  4.2139e-18  7.5850e-17
    9     19  1.4200e-17  2.6980e-16
   10     20  6.6977e-09  1.3395e-07
   10     21  2.1910e-14  4.6012e-13
   10     22  1.4890e-17  3.2759e-16
   11     23  6.9736e-13  1.6039e-11
   12     24  3.6184e-09  8.6841e-08
   12     25  5.8385e-10  1.4596e-08
   12     26  1.0085e-09  2.6221e-08
   13     26  1.2209e-14  3.1744e-13
   13     27  4.9672e-10  1.3411e-08
   14     28  1.7768e-09  4.9750e-08
   14     29  2.2245e-09  6.4512e-08
   14     30  5.7605e-09  1.7281e-07
   15     31  5.2737e-09  1.6348e-07
   16     32  2.0612e-08  6.5958e-07
   16     33  8.6003e-09  2.8381e-07
   16     34  4.7857e-08  1.6271e-06
   16     36  5.9074e-09  2.1267e-07
   17     35  3.2737e-09  1.1458e-07
   17     37  1.3025e-08  4.8191e-07
   18     36  9.0601e-14  3.2616e-12
   18     38  2.2562e-08  8.5734e-07
   18     40  2.8684e-10  1.1473e-08
   19     39  3.8149e-09  1.4878e-07
   19     40  5.5560e-18  2.2224e-16
   19     41  5.7752e-10  2.3678e-08
   20     40  1.8744e-18  7.4976e-17
   20     42  2.7235e-07  1.1439e-05
   20     43  3.9364e-08  1.6927e-06
   20     44  7.1325e-08  3.1383e-06
   20     46  1.2872e-08  5.9213e-07
   21     45  3.4122e-09  1.5355e-07
   22     46  2.7917e-20  1.2842e-18
   22     47  2.1046e-07  9.8914e-06
   22     48  9.2011e-07  4.4165e-05
   22     49  1.4252e-08  6.9837e-07
   22     50  4.0153e-08  2.0077e-06
   23     51  1.6746e-07  8.5406e-06
   24     52  3.8916e-06  2.0236e-04
   24     53  5.8656e-07  3.1088e-05
   24     54  2.8378e-07  1.5324e-05
   25     55  1.1373e-08  6.2550e-07
   26     56  8.2367e-07  4.6126e-05
   26     57  9.7514e-08  5.5583e-06
   26     58  2.1443e-06  1.2437e-04
   27     59  1.5325e-06  9.0420e-05
   28     60  4.0446e-07  2.4268e-05
   28     61  6.2644e-07  3.8213e-05
   28     62  2.6395e-07  1.6365e-05
   28     64  1.9941e-06  1.2762e-04
   29     63  6.1107e-07  3.8497e-05
   29     65  8.0734e-07  5.2477e-05
   30     64  6.4546e-20  4.1310e-18
   30     66  3.8380e-07  2.5331e-05
   30     67  6.7459e-07  4.5197e-05
   30     68  1.1025e-07  7.4969e-06
   30     70  1.4462e-07  1.0124e-05
   31     69  5.9083e-08  4.0767e-06
   31     71  5.7214e-07  4.0622e-05
   32     70  5.9806e-16  4.1864e-14
   32     72  1.8053e-06  1.2998e-04
   32     73  5.5833e-06  4.0758e-04
   32     74  2.2782e-06  1.6859e-04
   32     76  2.2874e-06  1.7384e-04
   33     75  7.8620e-07  5.8965e-05
   34     76  6.9356e-14  5.2711e-12
   34     77  9.0793e-06  6.9911e-04
   34     78  1.4371e-05  1.1209e-03
   34     80  3.2196e-05  2.5757e-03
   34     82  1.8732e-07  1.5360e-05
   35     79  7.7158e-06  6.0955e-04
   35     81  4.2420e-06  3.4360e-04
   36     82  3.2647e-13  2.6771e-11
   36     83  5.9490e-06  4.9377e-04
   36     84  2.8647e-05  2.4063e-03
   36     86  2.8100e-06  2.4166e-04
   37     85  3.0906e-06  2.6270e-04
   37     87  8.1117e-06  7.0572e-04
   38     86  5.3852e-20  4.6313e-18
   38     87  5.9391e-08  5.1670e-06
   38     88  7.2629e-05  6.3913e-03
   39     89  1.9093e-05  1.6993e-03
   40     90  5.9482e-05  5.3533e-03
   40     91  3.7430e-05  3.4061e-03
   40     92  1.3076e-05  1.2030e-03
   40     94  3.2282e-05  3.0345e-03
   41     93  7.0794e-06  6.5839e-04
   42     95  9.8230e-06  9.3318e-04
   42     96  8.1909e-05  7.8633e-03
   42     97  3.5600e-05  3.4532e-03
   42     98  1.5269e-05  1.4964e-03
   42    100  1.1207e-04  1.1207e-02
   44     99  5.5590e-05  5.5034e-03
   44    100  9.4670e-12  9.4670e-10
   44    101  2.3514e-04  2.3749e-02
   44    102  6.2040e-04  6.3281e-02
   44    104  1.4134e-04  1.4699e-02
   45    103  9.1110e-05  9.3844e-03
   46    104  7.5305e-17  7.8317e-15
   46    105  1.2972e-04  1.3620e-02
   46    106  4.8541e-05  5.1453e-03
   46    107  1.3103e-20  1.4021e-18
   46    108  1.1994e-04  1.2954e-02
   46    110  2.4152e-05  2.6568e-03
   47    107  2.0908e-05  2.2372e-03
   47    109  2.5607e-05  2.7911e-03
   48    110  5.8921e-13  6.4813e-11
   48    111  6.2020e-06  6.8843e-04
   48    112  1.2115e-05  1.3569e-03
   48    113  4.6224e-06  5.2233e-04
   48    114  1.9990e-05  2.2789e-03
   48    116  3.7598e-06  4.3613e-04
   49    113  2.0343e-13  2.2988e-11
   49    115  3.9286e-06  4.5179e-04
   50    115  3.1345e-12  3.6046e-10
   50    116  5.8802e-13  6.8210e-11
   50    117  4.0989e-06  4.7957e-04
   50    118  5.3538e-07  6.3174e-05
   50    119  1.5981e-07  1.9018e-05
   50    120  7.5683e-07  9.0819e-05
   50    122  5.8936e-07  7.1902e-05
   50    124  8.6871e-08  1.0772e-05
   51    121  4.0311e-07  4.8776e-05
   51    123  1.3349e-07  1.6419e-05
   52    122  1.1116e-14  1.3562e-12
   52    124  6.1718e-17  7.6531e-15
   52    125  1.2000e-07  1.5000e-05
   52    126  1.2975e-07  1.6349e-05
   52    128  4.2183e-07  5.3995e-05
   52    130  1.3171e-08  1.7123e-06
   53    127  2.8774e-07  3.6543e-05
   53    129  3.3922e-15  4.3760e-13
   54    128  3.8240e-18  4.8947e-16
   54    129  1.2315e-07  1.5887e-05
   54    130  1.2222e-16  1.5889e-14
   54    131  3.4593e-10  4.5316e-08
   54    132  1.2881e-11  1.7003e-09
   54    134  1.5949e-17  2.1372e-15
   54    136  8.5893e-17  1.1682e-14
   55    133  8.1713e-15  1.0868e-12
   56    135  4.3121e-18  5.8213e-16
   56    137  2.5250e-18  3.4592e-16
   56    138  6.4719e-18  8.9313e-16
   57    139  4.4457e-19  6.1795e-17
   58    140  9.6892e-20  1.3565e-17
   58    142  3.1262e-20  4.4392e-18
   59    141  4.9073e-20  6.9192e-18
   60    144  2.2300e-20  3.2112e-18
    1      1  2.3548e-10  2.3548e-10
    2      4  1.9479e-01  7.7915e-01


