    1      2  5.8009e-16  1.1602e-15
    2      3  4.8708e-19  1.4613e-18
    3      6  9.0578e-17  5.4347e-16
    3      7  2.5593e-19  1.7915e-18
    4      8  7.6975e-14  6.1580e-13
    4      9  8.5567e-19  7.7011e-18
    5     10  9.3065e-18  9.3065e-17
    5     11  2.3250e-20  2.5575e-19
    6     12  1.3984e-08  1.6781e-07
    6     13  4.9213e-15  6.3977e-14
    7     14  1.9956e-12  2.7939e-11
    7     15  3.5715e-09  5.3572e-08
    8     16  8.2742e-10  1.3239e-08
    8     17  2.9719e-14  5.0523e-13
    8     18  1.5866e-09  2.8559e-08
    9     19  2.2010e-09  4.1819e-08
   10     20  9.6736e-11  1.9347e-09
   10     21  2.1169e-10  4.4456e-09
   10     22  3.4300e-10  7.5459e-09
   11     23  3.5680e-10  8.2064e-09
   12     24  2.6156e-10  6.2775e-09
   12     25  4.6837e-10  1.1709e-08
   12     26  1.3753e-09  3.5758e-08
   13     26  8.7889e-16  2.2851e-14
   13     27  6.1911e-10  1.6716e-08
   14     28  2.9900e-09  8.3719e-08
   14     29  2.4539e-09  7.1164e-08
   14     30  1.4056e-08  4.2169e-07
   15     31  1.5689e-09  4.8635e-08
   16     32  2.1843e-08  6.9897e-07
   16     33  6.3377e-08  2.0914e-06
   16     34  6.2781e-08  2.1346e-06
   16     36  1.0149e-07  3.6537e-06
   17     35  1.7705e-08  6.1967e-07
   17     37  2.7390e-07  1.0134e-05
   18     36  7.6906e-18  2.7686e-16
   18     38  3.9951e-07  1.5181e-05
   18     40  3.7400e-07  1.4960e-05
   19     39  4.1763e-07  1.6288e-05
   19     41  1.7179e-07  7.0435e-06
   20     42  6.5840e-07  2.7653e-05
   20     43  6.0674e-08  2.6090e-06
   20     44  8.7005e-07  3.8282e-05
   20     46  2.9463e-06  1.3553e-04
   21     45  2.4468e-06  1.1011e-04
   22     46  6.4641e-18  2.9735e-16
   22     47  8.4808e-08  3.9860e-06
   22     48  1.9744e-06  9.4769e-05
   22     49  1.3202e-06  6.4688e-05
   22     50  3.6678e-06  1.8339e-04
   23     51  1.4166e-06  7.2245e-05
   24     52  9.1821e-08  4.7747e-06
   24     53  1.7081e-07  9.0527e-06
   24     54  1.4937e-06  8.0660e-05
   25     55  5.7763e-07  3.1769e-05
   26     56  2.8319e-06  1.5859e-04
   26     57  7.3680e-07  4.1998e-05
   26     58  6.0213e-09  3.4924e-07
   27     59  9.5846e-09  5.6549e-07
   28     60  1.6092e-08  9.6549e-07
   28     61  4.5198e-08  2.7571e-06
   28     62  9.2984e-07  5.7650e-05
   28     64  1.2805e-07  8.1952e-06
   29     63  3.9123e-06  2.4648e-04
   29     65  1.9827e-07  1.2887e-05
   30     64  3.6421e-19  2.3309e-17
   30     66  7.0919e-07  4.6806e-05
   30     67  3.2520e-07  2.1789e-05
   30     68  1.3022e-06  8.8551e-05
   30     70  3.6156e-06  2.5309e-04
   31     69  1.9694e-06  1.3589e-04
   31     71  6.5586e-07  4.6566e-05
   32     70  2.0962e-13  1.4674e-11
   32     72  1.7353e-06  1.2495e-04
   32     73  1.4161e-05  1.0337e-03
   32     74  1.7504e-05  1.2953e-03
   32     76  7.8776e-06  5.9870e-04
   33     75  3.1280e-06  2.3460e-04
   34     76  8.4540e-13  6.4251e-11
   34     77  2.9927e-05  2.3044e-03
   34     78  1.5793e-05  1.2318e-03
   34     80  2.1580e-05  1.7264e-03
   34     82  2.8983e-05  2.3766e-03
   35     79  5.6801e-06  4.4873e-04
   35     81  2.1512e-05  1.7425e-03
   36     82  4.2715e-11  3.5026e-09
   36     83  3.5283e-06  2.9284e-04
   36     84  1.1111e-05  9.3334e-04
   36     86  2.7847e-05  2.3949e-03
   37     85  1.0990e-05  9.3418e-04
   37     87  6.2973e-06  5.4786e-04
   38     86  2.0886e-17  1.7962e-15
   38     87  4.6110e-08  4.0116e-06
   38     88  1.2228e-05  1.0760e-03
   39     89  1.8578e-06  1.6535e-04
   40     90  1.3331e-06  1.1998e-04
   40     91  5.3888e-06  4.9038e-04
   40     92  2.0849e-05  1.9181e-03
   40     94  1.2755e-05  1.1990e-03
   41     93  1.3529e-05  1.2582e-03
   42     95  8.3761e-06  7.9573e-04
   42     96  1.9545e-05  1.8764e-03
   42     97  9.7739e-06  9.4807e-04
   42     98  6.2017e-06  6.0776e-04
   42    100  3.5035e-05  3.5035e-03
   44     99  2.3992e-06  2.3752e-04
   44    100  1.2710e-13  1.2710e-11
   44    101  4.6272e-05  4.6735e-03
   44    102  2.6375e-05  2.6903e-03
   44    104  4.9720e-05  5.1709e-03
   45    103  1.6347e-05  1.6838e-03
   46    104  1.4218e-14  1.4787e-12
   46    105  3.8271e-05  4.0184e-03
   46    106  6.9721e-05  7.3904e-03
   46    108  1.0477e-04  1.1316e-02
   46    110  2.7932e-04  3.0725e-02
   47    107  1.6045e-04  1.7168e-02
   47    109  1.3372e-04  1.4576e-02
   48    110  1.5054e-11  1.6559e-09
   48    111  4.5370e-05  5.0361e-03
   48    112  2.4184e-04  2.7086e-02
   48    113  1.0625e-04  1.2006e-02
   48    114  8.5775e-05  9.7784e-03
   48    116  1.2254e-05  1.4214e-03
   49    113  4.6760e-12  5.2839e-10
   49    115  4.1581e-05  4.7818e-03
   50    115  3.3176e-11  3.8152e-09
   50    116  8.5672e-14  9.9379e-12
   50    117  2.3351e-05  2.7321e-03
   50    118  1.8938e-05  2.2347e-03
   50    119  1.7114e-05  2.0366e-03
   50    120  6.2586e-05  7.5103e-03
   50    122  1.5556e-04  1.8979e-02
   50    124  1.8097e-04  2.2441e-02
   51    121  8.3782e-05  1.0138e-02
   51    123  1.2718e-04  1.5644e-02
   52    122  5.9886e-12  7.3061e-10
   52    124  1.0896e-13  1.3511e-11
   52    125  2.7515e-04  3.4394e-02
   52    126  6.4384e-04  8.1124e-02
   52    128  3.3542e-04  4.2934e-02
   52    130  2.2156e-06  2.8803e-04
   53    127  3.3416e-04  4.2438e-02
   53    129  2.1090e-13  2.7206e-11
   54    128  1.4154e-16  1.8117e-14
   54    129  9.5227e-05  1.2284e-02
   54    130  1.4563e-13  1.8932e-11
   54    131  3.6773e-08  4.8173e-06
   54    132  4.6382e-08  6.1224e-06
   54    134  6.6382e-09  8.8952e-07
   54    136  4.0608e-09  5.5227e-07
   55    133  9.2364e-09  1.2284e-06
   56    135  9.8358e-10  1.3278e-07
   56    136  1.5788e-19  2.1471e-17
   56    137  2.9147e-09  3.9931e-07
   56    138  7.8545e-11  1.0839e-08
   57    139  3.6720e-12  5.1041e-10
   58    140  2.6016e-11  3.6422e-09
   58    142  2.8617e-12  4.0636e-10
   59    141  3.4467e-12  4.8599e-10
   60    143  4.0175e-13  5.7450e-11
   60    144  2.4951e-12  3.5929e-10
   60    145  1.0567e-12  1.5322e-10
   60    146  1.5240e-12  2.2250e-10
   60    148  9.5003e-13  1.4060e-10
   60    150  3.6320e-13  5.4479e-11
   62    147  1.1030e-12  1.6214e-10
   62    149  4.1141e-13  6.1299e-11
   62    150  9.4101e-19  1.4115e-16
   62    152  4.9971e-13  7.5956e-11
   62    154  2.4549e-13  3.7806e-11
   63    151  2.6420e-13  3.9894e-11
   63    153  2.7570e-13  4.2182e-11
   64    155  2.0350e-13  3.1543e-11
   64    156  5.7514e-14  8.9722e-12
   64    157  5.4589e-14  8.5704e-12
   64    158  4.3378e-14  6.8538e-12
   64    160  2.7426e-14  4.3882e-12
   65    159  2.9576e-14  4.7025e-12
   66    161  1.4292e-14  2.3011e-12
   66    162  5.4434e-15  8.8183e-13
   66    163  3.6185e-15  5.8982e-13
   66    164  5.0810e-15  8.3329e-13
   67    165  2.9329e-15  4.8393e-13
   68    166  2.5536e-15  4.2390e-13
   68    167  1.8724e-15  3.1269e-13
   68    168  7.3429e-16  1.2336e-13
   68    170  1.5149e-16  2.5753e-14
   69    169  8.0532e-16  1.3610e-13
   70    171  7.0920e-17  1.2127e-14
   70    172  2.4904e-17  4.2836e-15
   70    173  2.4378e-17  4.2173e-15
   70    174  3.2331e-17  5.6256e-15
   70    176  1.1735e-17  2.0653e-15
   71    175  8.5367e-18  1.4939e-15
   72    177  3.4356e-18  6.0810e-16
   72    178  5.1737e-19  9.2092e-17
   72    179  1.5269e-19  2.7331e-17
   72    180  9.1865e-20  1.6536e-17
   73    181  4.2211e-20  7.6401e-18
   74    182  1.5517e-20  2.8241e-18
    1      1  2.1558e-09  2.1558e-09
    2      4  1.2770e-01  5.1081e-01


