    1      2  1.0884e-07  2.1768e-07
    2      3  4.1037e-09  1.2311e-08
    3      6  9.8036e-12  5.8822e-11
    3      7  3.1441e-09  2.2009e-08
    4      8  3.7276e-07  2.9821e-06
    4      9  1.3018e-07  1.1716e-06
    5     10  6.7773e-07  6.7773e-06
    5     11  7.3788e-08  8.1167e-07
    6     12  4.2735e-08  5.1282e-07
    6     13  3.2753e-08  4.2579e-07
    7     14  2.6681e-07  3.7353e-06
    7     15  2.5629e-07  3.8444e-06
    8     16  1.3168e-05  2.1068e-04
    8     17  6.0844e-07  1.0343e-05
    8     18  1.4952e-06  2.6914e-05
    9     19  1.5358e-06  2.9180e-05
   10     20  3.6849e-06  7.3698e-05
   10     21  5.3465e-06  1.1228e-04
   10     22  3.2218e-08  7.0879e-07
   11     23  2.7858e-07  6.4074e-06
   12     24  3.9320e-07  9.4368e-06
   12     25  1.8536e-07  4.6339e-06
   12     26  2.0351e-07  5.2914e-06
   13     27  1.0117e-07  2.7317e-06
   14     28  4.8598e-08  1.3607e-06
   14     29  5.6466e-08  1.6375e-06
   14     30  1.0084e-07  3.0253e-06
   15     31  2.8284e-08  8.7681e-07
   16     32  1.1034e-07  3.5310e-06
   16     33  7.5811e-08  2.5018e-06
   16     34  9.5784e-08  3.2566e-06
   16     36  5.8871e-08  2.1193e-06
   17     35  1.2282e-08  4.2987e-07
   17     37  6.4233e-09  2.3766e-07
   18     36  6.4073e-18  2.3066e-16
   18     38  1.4642e-08  5.5641e-07
   18     40  2.8648e-09  1.1459e-07
   19     39  8.4063e-09  3.2784e-07
   19     41  6.3596e-09  2.6074e-07
   20     42  6.4626e-09  2.7143e-07
   20     43  1.3425e-09  5.7727e-08
   20     44  1.5186e-08  6.6817e-07
   20     46  1.3019e-09  5.9887e-08
   21     45  9.8787e-09  4.4454e-07
   22     46  5.6855e-19  2.6153e-17
   22     47  2.7952e-09  1.3137e-07
   22     48  3.5834e-09  1.7200e-07
   22     49  6.3489e-10  3.1109e-08
   22     50  1.9633e-09  9.8164e-08
   23     51  4.5303e-09  2.3105e-07
   24     52  2.0104e-09  1.0454e-07
   24     53  1.4348e-08  7.6043e-07
   24     54  1.7776e-09  9.5988e-08
   25     55  9.1753e-11  5.0464e-09
   26     56  7.5651e-09  4.2364e-07
   26     57  3.7372e-09  2.1302e-07
   26     58  5.3809e-10  3.1209e-08
   27     59  5.2141e-11  3.0763e-09
   28     60  1.1235e-10  6.7411e-09
   28     61  2.0480e-11  1.2493e-09
   28     62  3.5274e-10  2.1870e-08
   28     64  3.2065e-09  2.0522e-07
   29     63  2.5459e-08  1.6039e-06
   29     65  4.1324e-09  2.6860e-07
   30     64  8.8583e-20  5.6693e-18
   30     66  4.2337e-09  2.7943e-07
   30     67  3.2796e-08  2.1973e-06
   30     68  4.2835e-09  2.9128e-07
   30     70  8.6530e-09  6.0571e-07
   31     69  1.1364e-09  7.8408e-08
   31     71  5.5247e-09  3.9225e-07
   32     70  3.0428e-15  2.1300e-13
   32     72  1.0891e-08  7.8413e-07
   32     73  2.5011e-09  1.8258e-07
   32     74  4.7486e-08  3.5140e-06
   32     76  6.3330e-09  4.8131e-07
   33     75  3.0889e-08  2.3167e-06
   34     76  2.0034e-13  1.5226e-11
   34     77  2.7335e-08  2.1048e-06
   34     78  3.1145e-08  2.4293e-06
   34     80  3.2277e-07  2.5822e-05
   34     82  1.2018e-07  9.8549e-06
   35     79  2.9396e-08  2.3222e-06
   35     81  6.5727e-08  5.3239e-06
   36     82  4.1001e-12  3.3621e-10
   36     83  7.9397e-08  6.5899e-06
   36     84  8.6399e-09  7.2575e-07
   36     86  1.9619e-08  1.6873e-06
   37     85  2.3108e-08  1.9641e-06
   37     87  4.3679e-08  3.8001e-06
   38     86  8.4820e-19  7.2945e-17
   38     87  3.1983e-10  2.7825e-08
   38     88  2.7853e-09  2.4510e-07
   39     89  1.2809e-08  1.1400e-06
   40     90  1.2927e-08  1.1634e-06
   40     91  2.9252e-08  2.6619e-06
   40     92  2.4614e-08  2.2645e-06
   40     94  5.2577e-08  4.9422e-06
   41     93  7.5449e-08  7.0168e-06
   42     95  5.3286e-08  5.0621e-06
   42     96  1.3382e-08  1.2847e-06
   42     97  2.8047e-08  2.7205e-06
   42     98  9.1641e-09  8.9808e-07
   42    100  1.6333e-08  1.6333e-06
   44     99  7.6564e-09  7.5799e-07
   44    100  1.6961e-14  1.6961e-12
   44    101  2.6197e-09  2.6459e-07
   44    102  7.2440e-09  7.3889e-07
   44    104  5.2407e-09  5.4503e-07
   45    103  1.1784e-08  1.2137e-06
   46    104  1.9487e-16  2.0267e-14
   46    105  1.5777e-09  1.6566e-07
   46    106  3.5006e-09  3.7107e-07
   46    108  1.5012e-08  1.6213e-06
   46    110  3.4826e-08  3.8309e-06
   47    107  1.2246e-08  1.3103e-06
   47    109  2.3750e-08  2.5887e-06
   48    110  5.2843e-14  5.8127e-12
   48    111  4.3457e-09  4.8238e-07
   48    112  9.1720e-09  1.0273e-06
   48    113  1.3077e-08  1.4777e-06
   48    114  3.3461e-08  3.8145e-06
   48    116  6.1748e-09  7.1627e-07
   49    113  5.7554e-16  6.5036e-14
   49    115  3.4346e-08  3.9497e-06
   50    115  2.7403e-14  3.1513e-12
   50    116  1.5304e-15  1.7753e-13
   50    117  2.7792e-09  3.2517e-07
   50    118  7.8457e-10  9.2580e-08
   50    119  4.7493e-10  5.6516e-08
   50    120  9.9140e-10  1.1897e-07
   50    122  4.7560e-09  5.8023e-07
   50    124  3.3159e-08  4.1118e-06
   51    121  1.7899e-08  2.1657e-06
   51    123  8.6788e-09  1.0675e-06
   52    122  3.5691e-14  4.3543e-12
   52    124  4.0755e-16  5.0536e-14
   52    125  6.7542e-08  8.4428e-06
   52    126  8.2336e-08  1.0374e-05
   52    128  4.1621e-07  5.3274e-05
   52    130  9.6754e-08  1.2578e-05
   53    127  1.9764e-07  2.5100e-05
   53    129  4.0767e-15  5.2590e-13
   54    128  1.7775e-18  2.2752e-16
   54    129  6.8806e-07  8.8760e-05
   54    130  2.0364e-14  2.6473e-12
   54    131  7.6041e-08  9.9614e-06
   54    132  7.9702e-08  1.0521e-05
   54    134  2.1485e-08  2.8790e-06
   54    136  4.5745e-08  6.2213e-06
   55    133  3.0270e-08  4.0260e-06
   56    134  3.0767e-19  4.1228e-17
   56    135  1.4792e-08  1.9969e-06
   56    136  5.0800e-17  6.9088e-15
   56    137  9.0790e-09  1.2438e-06
   56    138  6.9157e-08  9.5436e-06
   57    139  5.7218e-09  7.9533e-07
   58    140  5.2024e-08  7.2834e-06
   58    142  2.2929e-08  3.2559e-06
   59    141  2.9330e-08  4.1356e-06
   60    142  8.7677e-20  1.2450e-17
   60    143  4.9572e-09  7.0888e-07
   60    144  9.9938e-09  1.4391e-06
   60    145  1.8660e-09  2.7057e-07
   60    146  4.8884e-09  7.1371e-07
   60    148  5.0166e-09  7.4246e-07
   60    150  4.2140e-10  6.3210e-08
   62    147  8.8119e-09  1.2954e-06
   62    148  6.4884e-17  9.6029e-15
   62    149  4.5954e-10  6.8471e-08
   62    150  1.7412e-14  2.6118e-12
   62    152  4.5612e-11  6.9330e-09
   62    154  1.0609e-11  1.6338e-09
   63    151  1.7621e-11  2.6608e-09
   63    153  3.3763e-11  5.1657e-09
   64    154  1.7555e-17  2.7035e-15
   64    155  1.8043e-09  2.7967e-07
   64    156  1.6822e-10  2.6243e-08
   64    157  8.1665e-11  1.2821e-08
   64    158  1.2428e-10  1.9636e-08
   64    160  7.0938e-11  1.1350e-08
   65    159  2.8234e-11  4.4893e-09
   66    160  5.7586e-18  9.2137e-16
   66    161  9.6284e-11  1.5502e-08
   66    162  3.2119e-11  5.2033e-09
   66    163  4.2266e-11  6.8894e-09
   66    164  2.7058e-11  4.4376e-09
   67    165  3.9764e-11  6.5610e-09
   68    166  2.1591e-11  3.5841e-09
   68    167  4.5879e-11  7.6618e-09
   68    168  2.5174e-11  4.2292e-09
   68    170  4.4947e-11  7.6410e-09
   69    169  2.2263e-10  3.7625e-08
   70    170  7.3844e-18  1.2554e-15
   70    171  5.5028e-11  9.4097e-09
   70    172  1.5659e-11  2.6933e-09
   70    173  1.9515e-11  3.3761e-09
   70    174  8.9379e-11  1.5552e-08
   70    176  1.4326e-10  2.5213e-08
   71    175  2.0257e-11  3.5450e-09
   71    176  2.7829e-19  4.8979e-17
   72    177  2.3949e-10  4.2389e-08
   72    178  1.1200e-10  1.9936e-08
   72    179  7.0290e-11  1.2582e-08
   72    180  2.1629e-10  3.8932e-08
   73    181  2.4602e-10  4.4530e-08
   74    182  3.2132e-09  5.8480e-07
   74    183  3.5114e-09  6.4259e-07
   74    184  4.8396e-09  8.9049e-07
   74    186  4.3366e-09  8.0660e-07
   75    185  2.1123e-09  3.9078e-07
   75    187  1.5991e-09  2.9903e-07
   76    186  3.3663e-19  6.2614e-17
   76    187  1.2996e-11  2.4302e-09
   76    188  5.5577e-09  1.0449e-06
   76    189  2.1944e-09  4.1474e-07
   76    190  4.3856e-09  8.3327e-07
   76    192  4.2872e-09  8.2314e-07
   77    191  2.3058e-08  4.4042e-06
   77    193  2.0669e-09  3.9891e-07
   78    192  4.6976e-16  9.0194e-14
   78    194  1.1455e-08  2.2223e-06
   78    195  1.7067e-08  3.3280e-06
   78    196  1.9970e-08  3.9141e-06
   78    198  2.6534e-08  5.2536e-06
   79    197  2.5694e-08  5.0617e-06
   80    198  2.0825e-15  4.1234e-13
   80    199  1.5297e-08  3.0442e-06
   80    200  5.7727e-07  1.1545e-04
   80    201  6.7274e-07  1.3522e-04
   80    202  1.8811e-06  3.7999e-04
   80    204  1.2124e-06  2.4732e-04
   81    203  1.4228e-06  2.8882e-04
   81    205  7.6732e-07  1.5730e-04
   82    204  1.1954e-15  2.4386e-13
   82    206  8.5957e-07  1.7707e-04
   82    207  1.0939e-06  2.2645e-04
   82    208  4.8016e-07  9.9873e-05
   82    210  9.9828e-16  2.0964e-13
   82    211  4.6809e-20  9.8767e-18
   82    212  2.0591e-20  4.3653e-18
   83    209  5.2997e-07  1.1076e-04
   83    210  6.1664e-19  1.2949e-16
   84    210  1.7026e-17  3.5754e-15
   86    222  4.6998e-19  1.0434e-16
   88    223  2.1311e-17  4.7523e-15
   88    224  1.6882e-19  3.7817e-17
   88    226  7.1914e-14  1.6253e-11
   88    228  9.7310e-17  2.2187e-14
   89    227  1.4820e-14  3.3641e-12
   89    228  1.1882e-20  2.7092e-18
   90    227  3.4251e-17  7.7750e-15
   90    228  3.2421e-17  7.3919e-15
   90    230  3.3893e-12  7.7954e-10
   90    231  1.9823e-18  4.5792e-16
   90    232  2.3763e-07  5.5131e-05
   90    234  2.9620e-18  6.9311e-16
   91    231  2.2218e-11  5.1324e-09
   91    234  3.4320e-20  8.0308e-18
   92    234  1.1036e-11  2.5825e-09
   92    235  4.7886e-07  1.1253e-04
   92    236  1.4469e-09  3.4147e-07
   92    238  2.0078e-07  4.7785e-05
   92    240  7.0216e-20  1.6852e-17
   94    239  6.2601e-18  1.4962e-15
   94    240  2.8647e-13  6.8753e-11
   94    244  3.4870e-09  8.5084e-07
   95    243  1.9137e-18  4.6503e-16
   96    244  9.4641e-19  2.3092e-16
   96    247  4.0391e-15  9.9765e-13
   97    246  6.2690e-11  1.5422e-08
  100    258  3.0735e-07  7.9296e-05
  100    260  6.2180e-07  1.6167e-04
  100    262  2.0138e-07  5.2762e-05
  102    260  7.3287e-18  1.9055e-15
  102    261  4.1735e-07  1.0893e-04
  102    263  1.5255e-07  4.0119e-05
  102    264  2.4977e-07  6.5940e-05
  102    266  2.4212e-07  6.4403e-05
  103    265  1.9676e-07  5.2141e-05
  104    267  1.1661e-07  3.1134e-05
  104    268  2.0726e-07  5.5544e-05
  104    270  8.9996e-07  2.4299e-04
  104    272  6.9191e-07  1.8820e-04
  104    274  2.9111e-06  7.9763e-04
  105    269  9.6038e-07  2.5834e-04
  105    271  3.8714e-07  1.0491e-04
  106    273  8.6210e-07  2.3535e-04
  106    275  6.7206e-06  1.8482e-03
  106    276  2.0564e-05  5.6757e-03
  106    278  1.7933e-05  4.9854e-03
  106    280  5.0915e-06  1.4256e-03
  107    277  4.9363e-06  1.3674e-03
  108    279  2.2032e-05  6.1471e-03
  108    281  1.6143e-06  4.5361e-04
  108    282  8.8717e-06  2.5018e-03
  108    283  7.2312e-08  2.0464e-05
  108    284  2.1385e-08  6.0733e-06
  108    286  1.3331e-08  3.8127e-06
  110    285  5.5031e-10  1.5684e-07
  110    287  1.5211e-08  4.3655e-06
  110    288  3.1217e-09  8.9904e-07
  110    290  7.4127e-09  2.1497e-06
  111    289  2.8598e-09  8.2647e-07
  111    290  1.8567e-19  5.3844e-17
  111    291  1.5868e-14  4.6176e-12
  111    292  2.1492e-08  6.2758e-06
  111    293  5.5875e-09  1.6371e-06
  111    294  9.1447e-09  2.6885e-06
  111    295  1.4627e-09  4.3151e-07
  111    296  3.5122e-10  1.0396e-07
  111    297  2.4320e-10  7.2230e-08
  111    298  5.2890e-12  1.5761e-09
  111    299  5.2920e-14  1.5823e-11
  111    300  6.0350e-13  1.8105e-10
  111    301  1.9389e-08  5.8361e-06
  111    302  1.9604e-08  5.9204e-06
  111    303  7.2582e-09  2.1992e-06
  111    304  1.5661e-08  4.7609e-06
  111    305  1.4301e-08  4.3617e-06
  111    306  5.6401e-08  1.7259e-05
  111    307  3.0338e-08  9.3139e-06
  111    308  4.3729e-08  1.3468e-05
  111    309  7.5702e-08  2.3392e-05
  111    310  8.1886e-08  2.5385e-05
  111    311  7.6128e-08  2.3676e-05
  111    312  9.1266e-08  2.8475e-05
  111    313  1.3668e-07  4.2780e-05
  111    314  7.5288e-08  2.3640e-05
  111    315  1.0824e-07  3.4097e-05
  111    316  2.4162e-07  7.6353e-05
  111    317  2.2067e-07  6.9952e-05
  111    318  5.3281e-07  1.6943e-04
  111    319  1.7402e-07  5.5512e-05
  111    320  4.4051e-07  1.4096e-04
  111    321  1.9475e-07  6.2513e-05
  111    322  2.2311e-07  7.1841e-05
  111    323  5.4218e-07  1.7512e-04
  111    324  4.0535e-07  1.3133e-04
  111    325  7.1293e-07  2.3170e-04
  111    326  5.0909e-06  1.6596e-03
  111    327  5.7412e-06  1.8774e-03
  111    328  1.1544e-06  3.7865e-04
  111    329  2.8109e-05  9.2479e-03
  111    330  4.1880e-06  1.3820e-03
  111    331  3.0632e-06  1.0139e-03
  111    332  2.0831e-05  6.9159e-03
  111    333  6.7500e-06  2.2477e-03
  111    334  1.8420e-06  6.1523e-04
  111    335  2.0341e-06  6.8141e-04
  111    336  5.1789e-07  1.7401e-04
  111    337  4.9232e-04  1.6591e-01
    1      1  1.4333e-07  1.4333e-07
    2      4  1.9408e-01  7.7632e-01


