1  3.3626e-10
2  5.9800e-16
3  1.2900e-21
4  7.7564e-02
5  0.0000e+00
6  1.3739e-19
7  5.9247e-21
8  1.4592e-21
9  2.4870e-19
10  2.3719e-19
11  1.2580e-21
12  1.0145e-07
13  1.5148e-13
14  6.9459e-18
15  2.0665e-20
16  1.5843e-09
17  1.7402e-16
18  2.0049e-19
19  3.7600e-21
20  1.7465e-09
21  2.1479e-15
22  6.7565e-19
23  2.3959e-13
24  1.7173e-09
25  1.1600e-10
26  3.7645e-11
27  1.6775e-10
28  2.2696e-09
29  8.6016e-10
30  3.1540e-09
31  1.7867e-09
32  3.0723e-09
33  7.4849e-10
34  2.1948e-09
35  3.0401e-09
36  6.7563e-09
37  4.2590e-09
38  1.0964e-08
39  1.8882e-09
40  3.2506e-10
41  2.2310e-10
42  3.1339e-08
43  1.1043e-10
44  6.9402e-10
45  2.4153e-09
46  2.1578e-08
47  2.1458e-08
48  9.9836e-08
49  8.2832e-09
50  8.7528e-08
51  2.1464e-07
52  3.9524e-07
53  4.2763e-08
54  2.5111e-08
55  1.7480e-09
56  1.4270e-06
57  6.8456e-08
58  1.0952e-08
59  6.6110e-08
60  1.3202e-08
61  1.1100e-08
62  5.2253e-07
63  4.4940e-07
64  8.0976e-07
65  8.1457e-07
66  2.2136e-07
67  1.2273e-07
68  2.4162e-06
69  1.1039e-06
70  1.6637e-06
71  3.1127e-07
72  6.2247e-07
73  3.5085e-07
74  5.5039e-07
75  1.6121e-06
76  4.6963e-06
77  2.1694e-06
78  2.9923e-06
79  2.6981e-06
80  2.2063e-05
81  1.4487e-06
82  1.2212e-05
83  3.5834e-06
84  1.8529e-05
85  3.9289e-06
86  3.1329e-06
87  1.0058e-05
88  2.6935e-04
89  5.3767e-05
90  9.1820e-06
91  3.4724e-05
92  1.2171e-03
93  6.0990e-05
94  1.0790e-03
95  2.1561e-04
96  2.9306e-05
97  4.8504e-05
98  1.8864e-05
99  5.6997e-05
100  1.0927e-04
101  1.5496e-04
102  1.4970e-03
103  3.7447e-04
104  4.4926e-04
105  1.3777e-04
106  4.7677e-04
107  9.2488e-05
108  1.6458e-04
109  1.3755e-04
110  1.8114e-05
111  6.7344e-06
112  1.0603e-04
113  1.1348e-05
114  7.8619e-06
115  1.7198e-05
116  7.1389e-06
117  4.4195e-06
118  1.7692e-06
119  1.2993e-06
120  7.5600e-06
121  1.8060e-06
122  5.1880e-07
123  1.0146e-07
124  2.4018e-07
125  3.2130e-07
126  1.0079e-06
127  1.5130e-06
128  1.6869e-06
129  3.8317e-07
130  1.0250e-07
131  4.5318e-09
132  2.5860e-10
133  8.0969e-13
134  1.7557e-14
135  3.0011e-17
136  1.1863e-16
137  2.3961e-18
138  3.5594e-19
139  1.1624e-20
140  5.5170e-21
141  2.9737e-23
142  3.3212e-22
143  1.7392e-23
144  2.0023e-25
145  1.5483e-24
146  3.2718e-46
147  0.0000e+00
148  0.0000e+00
149  0.0000e+00
150  0.0000e+00
151  0.0000e+00
152  0.0000e+00
153  0.0000e+00
154  0.0000e+00
155  0.0000e+00
156  0.0000e+00
157  0.0000e+00
158  0.0000e+00
159  0.0000e+00
160  0.0000e+00
161  0.0000e+00
162  0.0000e+00
163  0.0000e+00
164  0.0000e+00
165  0.0000e+00
166  0.0000e+00
167  0.0000e+00
168  0.0000e+00
169  0.0000e+00
170  0.0000e+00
171  0.0000e+00
172  0.0000e+00
173  0.0000e+00
174  0.0000e+00
175  0.0000e+00
176  0.0000e+00
177  0.0000e+00
178  0.0000e+00
179  0.0000e+00
180  0.0000e+00
181  0.0000e+00
182  0.0000e+00
183  0.0000e+00
184  0.0000e+00
185  0.0000e+00
186  0.0000e+00
187  0.0000e+00
188  0.0000e+00
189  0.0000e+00
190  0.0000e+00
191  0.0000e+00
192  0.0000e+00
193  0.0000e+00
194  0.0000e+00
195  0.0000e+00
196  0.0000e+00
197  0.0000e+00
198  0.0000e+00
199  0.0000e+00
200  0.0000e+00
201  0.0000e+00
202  0.0000e+00
203  0.0000e+00
204  0.0000e+00
205  0.0000e+00
206  0.0000e+00
207  0.0000e+00
208  0.0000e+00
209  0.0000e+00
210  0.0000e+00
211  0.0000e+00
212  0.0000e+00
213  0.0000e+00
214  0.0000e+00
215  0.0000e+00
216  0.0000e+00
217  0.0000e+00
218  0.0000e+00
219  0.0000e+00
220  0.0000e+00
221  0.0000e+00
222  0.0000e+00
223  0.0000e+00
224  0.0000e+00
225  0.0000e+00
226  0.0000e+00
227  0.0000e+00
228  0.0000e+00
229  0.0000e+00
230  0.0000e+00
231  0.0000e+00
232  0.0000e+00
233  0.0000e+00
234  0.0000e+00
235  0.0000e+00
236  0.0000e+00
237  0.0000e+00
238  0.0000e+00
239  0.0000e+00
240  0.0000e+00
241  0.0000e+00
242  0.0000e+00
243  0.0000e+00
244  0.0000e+00
245  0.0000e+00
246  0.0000e+00
247  0.0000e+00
248  0.0000e+00
249  0.0000e+00
250  0.0000e+00
251  0.0000e+00
252  0.0000e+00
253  0.0000e+00
254  0.0000e+00
255  0.0000e+00
256  0.0000e+00
257  0.0000e+00
258  0.0000e+00
259  0.0000e+00
260  0.0000e+00
261  0.0000e+00
262  0.0000e+00
263  0.0000e+00
264  0.0000e+00
265  0.0000e+00
266  0.0000e+00
267  0.0000e+00
268  0.0000e+00
269  0.0000e+00
270  0.0000e+00
271  0.0000e+00
272  0.0000e+00
273  0.0000e+00
274  0.0000e+00
275  0.0000e+00
276  0.0000e+00
277  0.0000e+00
278  0.0000e+00
279  0.0000e+00
280  0.0000e+00
281  0.0000e+00
282  0.0000e+00
283  0.0000e+00
284  0.0000e+00
285  0.0000e+00
286  0.0000e+00
287  0.0000e+00
288  0.0000e+00
289  0.0000e+00
290  0.0000e+00
291  0.0000e+00
292  0.0000e+00
293  0.0000e+00
294  0.0000e+00
295  0.0000e+00
296  0.0000e+00
297  0.0000e+00
298  0.0000e+00
299  0.0000e+00
300  0.0000e+00
301  0.0000e+00
302  0.0000e+00
303  0.0000e+00
304  0.0000e+00
305  0.0000e+00
306  0.0000e+00
307  0.0000e+00
308  0.0000e+00
309  0.0000e+00
310  0.0000e+00
311  0.0000e+00
312  0.0000e+00
313  0.0000e+00
314  0.0000e+00
315  0.0000e+00
316  0.0000e+00
317  0.0000e+00
318  0.0000e+00
319  0.0000e+00
320  0.0000e+00
321  0.0000e+00
322  0.0000e+00
323  0.0000e+00
324  0.0000e+00
325  0.0000e+00
326  0.0000e+00
327  0.0000e+00
328  0.0000e+00
329  0.0000e+00
330  0.0000e+00
331  0.0000e+00
332  0.0000e+00
333  0.0000e+00
334  0.0000e+00
335  0.0000e+00
336  0.0000e+00
337  0.0000e+00

