1  3.3035e-02
2  1.6891e-03
3  3.2930e-05
4  2.0024e-01
5  0.0000e+00
6  7.2833e-23
7  4.1981e-11
8  3.8688e-07
9  3.0708e-11
10  7.7239e-10
11  2.0838e-09
12  1.8633e-09
13  4.5229e-09
14  1.2217e-06
15  1.0290e-06
16  2.4973e-06
17  2.1113e-08
18  8.1378e-07
19  7.4727e-08
20  1.7123e-06
21  5.4022e-08
22  2.3354e-06
23  1.0017e-06
24  5.0490e-06
25  1.4343e-06
26  2.3543e-06
27  2.1875e-08
28  7.5492e-07
29  7.4118e-08
30  1.4012e-08
31  2.3404e-08
32  3.4201e-07
33  3.1422e-08
34  3.1147e-07
35  2.1518e-08
36  1.2320e-06
37  7.2165e-08
38  4.0713e-07
39  1.1886e-08
40  2.2155e-09
41  1.7885e-10
42  1.6771e-09
43  2.4979e-10
44  3.2401e-09
45  6.5944e-10
46  1.9846e-09
47  4.6702e-10
48  3.8469e-08
49  9.8630e-10
50  1.3165e-09
51  2.2527e-10
52  3.7369e-10
53  2.0036e-10
54  3.0609e-10
55  7.5008e-11
56  1.2633e-10
57  1.4511e-10
58  1.0338e-09
59  1.0384e-11
60  3.6747e-09
61  1.0171e-11
62  7.3000e-11
63  2.1636e-10
64  2.3207e-09
65  1.1566e-11
66  1.1281e-10
67  1.4594e-11
68  1.3972e-10
69  1.3445e-11
70  2.1251e-10
71  2.4318e-11
72  1.2662e-10
73  3.5171e-11
74  3.2446e-10
75  1.0272e-10
76  5.9301e-10
77  1.6722e-11
78  4.2974e-10
79  1.3987e-10
80  1.5362e-09
81  1.6244e-10
82  1.6076e-09
83  4.3451e-11
84  2.1560e-10
85  2.3809e-10
86  1.0155e-09
87  3.3622e-10
88  3.3928e-10
89  3.4787e-10
90  2.8079e-10
91  8.4574e-11
92  1.8306e-10
93  2.3338e-10
94  2.8100e-10
95  9.6396e-11
96  7.2160e-10
97  1.0831e-10
98  2.3485e-10
99  6.7685e-11
100  2.2454e-10
101  3.0591e-11
102  8.0188e-11
103  3.2501e-11
104  6.8606e-11
105  3.7037e-11
106  7.0847e-11
107  2.8268e-11
108  9.6639e-11
109  2.5005e-11
110  1.4622e-10
111  2.3836e-11
112  5.3133e-11
113  3.9885e-11
114  1.3391e-10
115  8.4130e-11
116  1.1207e-10
117  1.4910e-11
118  9.8384e-11
119  3.8866e-11
120  2.0886e-10
121  5.7714e-11
122  3.8169e-10
123  1.2875e-11
124  3.6666e-10
125  1.1391e-10
126  7.6303e-10
127  3.6964e-11
128  5.2045e-10
129  1.9315e-10
130  7.4870e-10
131  1.9803e-09
132  8.2892e-09
133  8.4826e-09
134  2.4703e-08
135  1.1008e-08
136  7.2453e-09
137  2.3090e-10
138  4.8699e-10
139  4.6123e-10
140  1.1639e-09
141  8.6106e-11
142  4.5930e-11
143  6.8502e-11
144  1.8331e-10
145  1.7523e-11
146  4.1815e-11
147  5.3909e-11
148  8.2240e-11
149  4.9336e-12
150  9.7167e-11
151  5.7674e-12
152  2.2456e-11
153  1.1783e-11
154  2.1426e-11
155  2.8912e-12
156  9.3662e-12
157  2.3397e-12
158  4.1658e-12
159  9.1784e-13
160  1.1639e-11
161  6.9363e-13
162  2.0882e-12
163  8.2780e-13
164  1.9027e-12
165  1.8099e-12
166  3.1494e-12
167  2.0493e-12
168  2.0417e-12
169  5.9640e-12
170  2.9794e-12
171  1.9687e-12
172  9.1297e-13
173  6.3854e-13
174  5.1713e-12
175  1.3639e-12
176  3.0287e-12
177  1.5355e-12
178  1.3950e-12
179  1.3175e-12
180  2.2826e-12
181  1.3625e-11
182  6.9032e-12
183  1.0119e-12
184  4.9146e-13
185  3.1516e-13
186  4.9545e-13
187  1.0795e-12
188  4.7142e-13
189  2.1696e-12
190  1.7823e-12
191  3.7183e-12
192  1.9542e-11
193  1.6886e-12
194  5.5690e-12
195  3.6182e-12
196  3.9343e-12
197  6.7409e-12
198  1.6960e-11
199  1.2347e-12
200  3.2703e-12
201  2.2686e-12
202  4.2825e-12
203  5.1612e-12
204  1.5835e-11
205  1.4665e-11
206  5.1444e-11
207  1.8164e-10
208  6.4901e-11
209  1.9333e-10
210  5.5546e-22
211  9.0441e-35
212  8.0448e-14
213  8.7989e-47
214  2.3467e-14
215  1.2757e-12
216  1.1840e-45
217  2.2426e-25
218  3.8516e-27
219  4.4598e-27
220  2.7947e-14
221  5.6677e-38
222  6.8370e-24
223  5.1272e-22
224  7.7472e-24
225  3.8704e-43
226  1.0461e-18
227  3.5737e-19
228  2.4914e-17
229  1.3396e-32
230  4.9304e-17
231  5.3454e-16
232  1.0905e-11
233  7.0676e-30
234  1.6055e-16
235  1.1521e-11
236  5.5404e-14
237  1.0252e-318
238  2.9207e-12
239  8.5666e-21
240  1.0964e-17
241  0.0000e+00
242  5.0238e-62
243  2.6188e-21
244  1.3345e-13
245  0.0000e+00
246  6.4492e-16
247  5.5273e-18
248  2.8109e-61
249  0.0000e+00
250  0.0000e+00
251  5.2518e-293
252  0.0000e+00
253  0.0000e+00
254  0.0000e+00
255  0.0000e+00
256  0.0000e+00
257  1.4103e-26
258  2.3852e-11
259  8.0281e-26
260  1.1668e-10
261  3.8985e-10
262  5.8283e-10
263  6.7777e-10
264  3.8956e-10
265  3.3262e-10
266  1.1281e-10
267  1.2570e-11
268  4.5704e-12
269  1.3668e-11
270  1.6854e-11
271  1.0240e-11
272  6.4576e-12
273  8.1548e-12
274  5.9402e-12
275  2.3742e-11
276  5.9976e-11
277  2.3017e-11
278  1.8546e-11
279  8.9422e-11
280  1.1565e-10
281  7.5545e-11
282  4.0365e-10
283  2.4150e-10
284  8.2859e-12
285  2.2527e-10
286  2.6656e-13
287  5.0039e-13
288  1.2548e-13
289  1.3229e-13
290  2.0971e-12
291  4.6053e-12
292  3.5207e-11
293  3.4926e-11
294  9.1281e-10
295  5.2770e-10
296  2.8355e-08
297  3.4681e-08
298  2.7918e-07
299  1.0189e-09
300  2.0729e-10
301  2.2415e-08
302  1.3277e-08
303  1.5796e-09
304  2.2348e-09
305  4.8465e-10
306  6.3435e-10
307  3.6303e-11
308  3.1023e-11
309  3.5395e-12
310  1.6870e-11
311  1.9934e-12
312  4.1425e-12
313  4.5259e-13
314  3.3328e-12
315  2.5364e-09
316  1.3142e-09
317  2.9199e-10
318  4.4683e-07
319  1.4893e-07
320  2.2812e-07
321  3.5528e-07
322  3.6016e-07
323  2.8351e-07
324  3.4667e-07
325  3.3927e-07
326  4.5295e-07
327  3.1214e-07
328  3.3891e-07
329  2.9150e-07
330  2.2813e-07
331  2.7559e-07
332  2.8567e-07
333  2.6481e-07
334  8.4112e-08
335  3.9974e-07
336  1.6207e-06
337  4.7345e-04

