1  2.9845e-08
2  1.9377e-01
3  2.0634e-09
4  4.6226e-08
5  2.6367e-07
6  2.2322e-07
7  1.8287e-05
8  5.3671e-07
9  1.5069e-06
10  3.0150e-06
11  1.1943e-06
12  9.9931e-07
13  1.0086e-07
14  2.6973e-07
15  3.1845e-08
16  5.9446e-07
17  1.4457e-08
18  2.8268e-08
19  4.8876e-08
20  1.6925e-07
21  2.9528e-08
22  5.4540e-08
23  7.0901e-09
24  3.8036e-08
25  1.4607e-09
26  5.9889e-08
27  8.0055e-10
28  1.9601e-08
29  8.4382e-08
30  2.4543e-07
31  2.6254e-08
32  5.4762e-07
33  4.7483e-07
34  5.0786e-06
35  1.5418e-06
36  1.0709e-06
37  6.4710e-07
38  1.9090e-07
39  1.1996e-07
40  5.9448e-07
41  9.8642e-08
42  4.8786e-07
43  2.5279e-33
44  1.3058e-07
45  4.9838e-08
46  4.8647e-07
47  2.4723e-07
48  5.3504e-07
49  1.3503e-07
50  1.2243e-06
51  2.0613e-07
52  1.7496e-05
53  7.0556e-06
54  1.0725e-05
55  8.1773e-07
56  9.4247e-07
57  1.4306e-07
58  4.2345e-07
59  3.4923e-07
60  2.9314e-07
61  2.8181e-86
62  1.4235e-07
63  3.3409e-08
64  2.7438e-07
65  7.7560e-10
66  7.0691e-08
67  1.5852e-08
68  2.7485e-07
69  3.5319e-07
70  8.0697e-07
71  9.7003e-08
72  1.6470e-06
73  3.7497e-07
74  1.0776e-06
75  2.7285e-07
76  6.0560e-07
77  2.8109e-07
78  3.1481e-05
79  1.4295e-05
80  2.3358e-05
81  2.2856e-07
82  1.7192e-05
83  1.3946e-05
84  7.2794e-16
85  2.6100e-26
86  2.0097e-17
87  7.7529e-21
88  2.8574e-11
89  2.9237e-13
90  1.1162e-05
91  4.3832e-10
92  1.8067e-05
93  1.2728e-19
94  8.6552e-08
95  1.3873e-17
96  2.9302e-14
97  1.4629e-09
98  4.1686e-314
99  1.0573e-321
100  1.3562e-05
101  4.8332e-313
102  3.0617e-05
103  7.7943e-06
104  1.1073e-04
105  3.1875e-05
106  2.2135e-04
107  2.5038e-05
108  3.6308e-05
109  1.4545e-320
110  9.8194e-06
111  1.8318e-04
112  0.0000e+00
113  0.0000e+00
114  0.0000e+00
115  0.0000e+00
116  0.0000e+00
117  0.0000e+00
118  0.0000e+00

