1  4.2776e-02
2  2.0088e-01
3  2.9706e-11
4  4.5194e-07
5  2.0735e-09
6  5.2272e-09
7  2.0086e-06
8  2.7885e-06
9  7.1021e-08
10  3.6148e-06
11  8.6068e-07
12  9.1841e-06
13  2.1912e-08
14  8.4241e-07
15  2.3673e-08
16  2.0461e-06
17  9.8268e-08
18  4.8080e-07
19  1.4425e-08
20  8.3991e-09
21  7.8127e-10
22  5.0599e-08
23  2.6210e-10
24  1.0284e-09
25  8.8708e-11
26  1.5718e-09
27  1.2365e-11
28  7.5646e-09
29  2.8180e-10
30  5.7577e-10
31  4.3718e-11
32  1.2472e-09
33  1.1652e-10
34  4.3068e-09
35  3.4788e-10
36  1.6066e-09
37  6.9026e-10
38  4.1218e-10
39  4.4471e-10
40  1.0695e-09
41  3.0418e-10
42  1.7703e-09
43  1.6585e-35
44  3.4820e-10
45  4.2249e-11
46  4.5485e-10
47  6.8999e-11
48  4.7288e-10
49  1.1036e-10
50  1.4861e-09
51  9.3537e-11
52  2.7441e-09
53  4.9633e-11
54  5.3701e-08
55  9.5782e-09
56  1.5234e-08
57  6.0546e-10
58  1.6649e-09
59  1.2100e-10
60  6.8255e-10
61  2.3403e-89
62  1.4998e-10
63  2.4911e-11
64  4.3272e-11
65  1.2868e-12
66  7.8608e-12
67  2.5363e-12
68  1.4894e-11
69  8.6361e-12
70  1.7102e-11
71  1.9972e-12
72  9.5180e-12
73  2.0505e-11
74  1.3596e-11
75  1.9947e-12
76  3.5640e-11
77  7.8098e-12
78  4.4865e-11
79  9.6351e-12
80  4.0150e-11
81  2.9335e-11
82  4.4860e-10
83  2.8311e-10
84  1.8779e-12
85  2.5320e-25
86  4.0180e-14
87  1.4036e-26
88  3.7959e-17
89  5.2927e-19
90  1.5953e-11
91  7.9348e-16
92  2.1409e-11
93  2.8626e-25
94  1.9242e-13
95  3.7991e-21
96  8.0183e-18
97  9.2853e-16
98  1.4696e-295
99  -6.0770e-322
100  1.0725e-09
101  9.8340e-190
102  2.3566e-09
103  4.9600e-10
104  6.9745e-11
105  3.5495e-11
106  3.3104e-10
107  3.3912e-11
108  1.1798e-09
109  -2.1950e-319
110  2.9919e-10
111  4.4813e-04
112  0.0000e+00
113  0.0000e+00
114  0.0000e+00
115  0.0000e+00
116  0.0000e+00
117  0.0000e+00
118  0.0000e+00

