    1      2  1.0407e-08  2.0815e-08
    2      3  8.2056e-10  2.4617e-09
    3      6  2.6513e-11  1.5908e-10
    3      7  2.3080e-09  1.6156e-08
    4      8  3.8025e-08  3.0420e-07
    4      9  1.6514e-08  1.4863e-07
    5     10  2.9488e-07  2.9488e-06
    5     11  2.8206e-09  3.1026e-08
    6     12  1.2916e-08  1.5499e-07
    6     13  1.5944e-07  2.0727e-06
    7     14  9.1218e-08  1.2771e-06
    7     15  1.8422e-05  2.7632e-04
    8     16  4.7096e-07  7.5354e-06
    8     17  1.6140e-08  2.7438e-07
    8     18  9.4075e-08  1.6934e-06
    9     19  1.4940e-06  2.8387e-05
   10     20  2.1599e-06  4.3199e-05
   10     21  9.2267e-07  1.9376e-05
   10     22  8.1689e-09  1.7972e-07
   11     23  1.1820e-06  2.7187e-05
   12     24  4.1148e-07  9.8756e-06
   12     25  5.1987e-07  1.2997e-05
   12     26  7.2339e-08  1.8808e-06
   13     26  6.6028e-20  1.7167e-18
   13     27  1.0559e-07  2.8511e-06
   14     28  1.8227e-07  5.1037e-06
   14     29  5.0907e-08  1.4763e-06
   14     30  4.2331e-08  1.2699e-06
   15     31  2.9953e-08  9.2855e-07
   16     32  6.2021e-08  1.9847e-06
   16     33  2.7848e-07  9.1897e-06
   16     34  2.1557e-07  7.3295e-06
   16     36  9.3834e-09  3.3780e-07
   17     35  9.1544e-09  3.2040e-07
   17     37  4.3689e-09  1.6165e-07
   18     36  1.6448e-18  5.9213e-17
   18     38  1.9562e-08  7.4337e-07
   18     40  6.0642e-09  2.4257e-07
   19     39  1.6423e-08  6.4050e-07
   19     41  2.5338e-08  1.0388e-06
   20     42  9.5867e-08  4.0264e-06
   20     43  1.8604e-08  7.9997e-07
   20     44  2.5578e-08  1.1254e-06
   20     46  4.2774e-09  1.9676e-07
   21     45  2.5511e-08  1.1480e-06
   22     46  1.9452e-19  8.9480e-18
   22     47  6.8320e-09  3.2110e-07
   22     48  1.1422e-08  5.4825e-07
   22     49  8.5218e-09  4.1757e-07
   22     50  7.4711e-09  3.7355e-07
   23     51  4.9328e-09  2.5157e-07
   24     52  1.1469e-08  5.9639e-07
   24     53  1.4384e-08  7.6235e-07
   24     54  3.6813e-09  1.9879e-07
   25     55  9.4193e-10  5.1806e-08
   26     56  1.2603e-08  7.0578e-07
   26     57  3.1059e-08  1.7704e-06
   26     58  7.7490e-10  4.4944e-08
   27     59  5.3421e-10  3.1519e-08
   28     60  1.5030e-09  9.0178e-08
   28     61  1.7315e-09  1.0562e-07
   28     62  1.6281e-09  1.0094e-07
   28     64  8.5481e-09  5.4708e-07
   29     63  5.0312e-08  3.1697e-06
   29     65  1.5301e-08  9.9457e-07
   30     64  6.4850e-20  4.1504e-18
   30     66  3.5820e-08  2.3641e-06
   30     67  9.8165e-08  6.5770e-06
   30     68  1.6983e-08  1.1548e-06
   30     70  4.7283e-08  3.3098e-06
   31     69  8.7271e-09  6.0217e-07
   31     71  1.2944e-08  9.1906e-07
   32     70  6.0759e-15  4.2532e-13
   32     72  3.6505e-08  2.6283e-06
   32     73  2.7745e-08  2.0254e-06
   32     74  9.9130e-08  7.3356e-06
   32     76  2.4748e-07  1.8808e-05
   33     75  3.5560e-07  2.6670e-05
   34     76  1.2497e-12  9.4973e-11
   34     77  5.2781e-07  4.0641e-05
   34     78  5.2462e-07  4.0920e-05
   34     80  2.7037e-06  2.1630e-04
   34     82  3.8419e-07  3.1503e-05
   35     79  4.5387e-07  3.5856e-05
   35     81  7.6260e-07  6.1771e-05
   36     82  3.3265e-12  2.7277e-10
   36     83  4.2507e-07  3.5281e-05
   36     84  1.3192e-07  1.1081e-05
   36     86  3.2802e-07  2.8210e-05
   37     85  1.7103e-07  1.4538e-05
   37     87  3.5953e-07  3.1279e-05
   38     86  2.5634e-19  2.2045e-17
   38     87  2.6326e-09  2.2903e-07
   38     88  1.5526e-07  1.3663e-05
   39     89  1.1640e-07  1.0360e-05
   40     90  1.0967e-07  9.8702e-06
   40     91  7.6395e-08  6.9519e-06
   40     92  7.0038e-08  6.4435e-06
   40     94  2.4528e-07  2.3056e-05
   41     93  7.7196e-08  7.1792e-06
   42     95  1.2501e-07  1.1876e-05
   42     96  5.6328e-08  5.4075e-06
   42     97  1.2288e-07  1.1919e-05
   42     98  2.1465e-08  2.1036e-06
   42    100  3.7197e-08  3.7197e-06
   44     99  2.6685e-08  2.6418e-06
   44    100  3.6944e-13  3.6944e-11
   44    101  3.4356e-08  3.4700e-06
   44    102  3.5506e-08  3.6216e-06
   44    104  1.8855e-08  1.9609e-06
   45    103  4.6116e-08  4.7499e-06
   46    104  1.1983e-17  1.2463e-15
   46    105  1.3307e-08  1.3973e-06
   46    106  5.5273e-08  5.8589e-06
   46    108  9.1219e-08  9.8517e-06
   46    110  2.2427e-07  2.4669e-05
   47    107  5.6065e-08  5.9989e-06
   47    109  1.3675e-07  1.4906e-05
   48    110  1.7974e-13  1.9772e-11
   48    111  3.7247e-08  4.1344e-06
   48    112  1.8260e-07  2.0452e-05
   48    113  1.2524e-07  1.4152e-05
   48    114  1.0917e-07  1.2445e-05
   48    116  9.0986e-09  1.0554e-06
   49    113  5.5117e-15  6.2282e-13
   49    115  1.2957e-07  1.4901e-05
   50    115  1.0338e-13  1.1889e-11
   50    116  7.3192e-13  8.4903e-11
   50    117  3.3304e-08  3.8965e-06
   50    118  1.4475e-08  1.7080e-06
   50    119  1.2878e-08  1.5325e-06
   50    120  7.4062e-08  8.8875e-06
   50    122  8.2256e-08  1.0035e-05
   50    124  6.3150e-07  7.8306e-05
   51    121  6.8012e-08  8.2295e-06
   51    123  9.8114e-08  1.2068e-05
   52    122  4.8274e-14  5.8894e-12
   52    124  6.4261e-16  7.9684e-14
   52    125  1.5656e-06  1.9570e-04
   52    126  4.5606e-06  5.7464e-04
   52    128  4.5941e-06  5.8804e-04
   52    130  3.6831e-06  4.7881e-04
   53    127  6.0900e-06  7.7343e-04
   53    129  2.0998e-14  2.7088e-12
   54    128  1.9118e-14  2.4471e-12
   54    129  5.7136e-06  7.3705e-04
   54    130  7.5779e-13  9.8512e-11
   54    131  2.0104e-06  2.6336e-04
   54    132  1.1624e-06  1.5344e-04
   54    134  6.3030e-07  8.4460e-05
   54    136  3.1364e-07  4.2655e-05
   55    133  7.8388e-07  1.0426e-04
   56    134  1.0827e-16  1.4508e-14
   56    135  1.9038e-07  2.5702e-05
   56    136  1.2463e-14  1.6950e-12
   56    137  2.6011e-07  3.5635e-05
   56    138  2.9297e-07  4.0430e-05
   57    139  1.2445e-07  1.7299e-05
   58    140  2.3263e-07  3.2568e-05
   58    142  1.5176e-07  2.1550e-05
   59    141  3.0443e-07  4.2925e-05
   60    142  3.8034e-17  5.4008e-15
   60    143  8.0200e-08  1.1469e-05
   60    144  5.9590e-08  8.5809e-06
   60    145  1.7046e-08  2.4716e-06
   60    146  4.0340e-08  5.8897e-06
   60    148  2.9137e-08  4.3123e-06
   60    150  1.6141e-08  2.4211e-06
   62    147  6.0413e-08  8.8807e-06
   62    148  7.5126e-13  1.1119e-10
   62    149  7.1466e-09  1.0648e-06
   62    150  3.9710e-13  5.9564e-11
   62    152  2.0338e-08  3.0914e-06
   62    154  1.4659e-08  2.2574e-06
   63    151  3.2266e-09  4.8721e-07
   63    153  1.7894e-08  2.7378e-06
   64    154  1.4165e-14  2.1814e-12
   64    155  1.0276e-07  1.5927e-05
   64    156  7.0927e-09  1.1065e-06
   64    157  2.3888e-08  3.7505e-06
   64    158  5.4982e-08  8.6872e-06
   64    160  5.3133e-09  8.5013e-07
   65    159  4.5989e-10  7.3122e-08
   66    160  1.7095e-16  2.7352e-14
   66    161  1.1649e-08  1.8755e-06
   66    162  6.7997e-09  1.1015e-06
   66    163  8.4890e-09  1.3837e-06
   66    164  1.0789e-08  1.7694e-06
   67    165  8.2906e-09  1.3680e-06
   68    166  2.5957e-08  4.3088e-06
   68    167  4.2400e-08  7.0808e-06
   68    168  2.9289e-08  4.9206e-06
   68    170  4.5861e-08  7.7963e-06
   69    169  2.0903e-07  3.5326e-05
   70    170  6.7275e-15  1.1437e-12
   70    171  1.0040e-07  1.7168e-05
   70    172  5.8556e-08  1.0072e-05
   70    173  4.0332e-08  6.9774e-06
   70    174  1.7897e-07  3.1141e-05
   70    176  1.1117e-07  1.9566e-05
   71    175  5.6774e-08  9.9354e-06
   71    176  4.2921e-16  7.5540e-14
   72    176  4.0184e-18  7.0724e-16
   72    177  4.8824e-07  8.6418e-05
   72    178  3.2849e-07  5.8471e-05
   72    179  1.7628e-07  3.1555e-05
   72    180  2.2102e-07  3.9783e-05
   73    181  3.1001e-07  5.6113e-05
   74    182  3.4282e-07  6.2393e-05
   74    183  2.6375e-07  4.8266e-05
   74    184  2.5984e-07  4.7810e-05
   74    186  1.1459e-07  2.1313e-05
   75    185  1.2996e-07  2.4043e-05
   75    187  1.3221e-07  2.4724e-05
   76    186  1.7285e-17  3.2151e-15
   76    187  1.0745e-09  2.0093e-07
   76    188  1.9113e-07  3.5933e-05
   76    189  9.5759e-08  1.8098e-05
   76    190  1.7820e-07  3.3858e-05
   76    192  9.3910e-08  1.8031e-05
   77    191  1.6743e-07  3.1979e-05
   77    193  5.4576e-08  1.0533e-05
   78    192  4.5653e-16  8.7653e-14
   78    194  3.8535e-07  7.4757e-05
   78    195  9.2049e-07  1.7950e-04
   78    196  4.2284e-06  8.2877e-04
   78    198  1.4631e-05  2.8970e-03
   79    197  8.4495e-06  1.6646e-03
   80    198  4.1485e-14  8.2139e-12
   80    199  7.0886e-06  1.4106e-03
   80    200  1.2669e-05  2.5339e-03
   80    201  2.9910e-06  6.0120e-04
   80    202  1.7076e-06  3.4494e-04
   80    204  6.0097e-08  1.2260e-05
   81    203  3.7049e-07  7.5210e-05
   81    205  1.9618e-08  4.0217e-06
   81    207  8.2340e-20  1.7044e-17
   82    204  2.3366e-18  4.7667e-16
   82    206  3.1512e-06  6.4914e-04
   82    207  5.1419e-06  1.0644e-03
   82    208  1.5242e-06  3.1702e-04
   82    210  8.9410e-13  1.8776e-10
   82    211  2.9177e-18  6.1563e-16
   82    212  2.0243e-18  4.2916e-16
   82    214  4.1700e-19  8.9238e-17
   83    209  8.9782e-06  1.8765e-03
   83    210  1.8755e-17  3.9386e-15
   83    211  3.7071e-20  7.8220e-18
   83    212  6.0490e-20  1.2824e-17
   83    214  5.1545e-20  1.1031e-17
   84    210  5.1784e-16  1.0875e-13
   86    222  1.4295e-17  3.1734e-15
   88    223  2.8524e-16  6.3608e-14
   88    224  5.2311e-18  1.1718e-15
   88    226  2.1873e-12  4.9433e-10
   88    228  1.6821e-11  3.8353e-09
   89    227  1.9836e-13  4.5027e-11
   89    228  3.6818e-19  8.3946e-17
   90    227  4.5844e-16  1.0406e-13
   90    228  1.0046e-15  2.2904e-13
   90    230  1.0309e-10  2.3710e-08
   90    231  2.6533e-17  6.1290e-15
   90    232  7.3633e-06  1.7083e-03
   90    234  3.4856e-17  8.1564e-15
   91    231  2.9738e-10  6.8695e-08
   91    234  1.0438e-18  2.4426e-16
   92    234  3.3568e-10  7.8548e-08
   92    235  6.4093e-06  1.5062e-03
   92    236  2.3728e-08  5.5999e-06
   92    238  6.1067e-06  1.4534e-03
   92    240  1.1909e-18  2.8581e-16
   93    240  8.4077e-20  2.0179e-17
   94    239  3.1384e-17  7.5008e-15
   94    240  4.6971e-12  1.1273e-09
   94    244  5.7175e-08  1.3951e-05
   95    243  9.5942e-18  2.3314e-15
   96    244  1.5518e-17  3.7863e-15
   96    247  2.0249e-14  5.0016e-12
   97    246  9.8285e-10  2.4178e-07
  100    258  1.8667e-06  4.8160e-04
  100    260  3.1914e-06  8.2976e-04
  100    262  3.4030e-06  8.9158e-04
  102    260  1.0686e-19  2.7783e-17
  102    261  3.4322e-06  8.9581e-04
  102    263  3.9874e-06  1.0487e-03
  102    264  4.9473e-06  1.3061e-03
  102    266  6.6236e-06  1.7619e-03
  103    265  4.7407e-06  1.2563e-03
  104    267  3.2329e-06  8.6318e-04
  104    268  3.7500e-06  1.0050e-03
  104    270  1.0411e-05  2.8110e-03
  104    272  1.8619e-05  5.0643e-03
  104    274  4.2601e-05  1.1673e-02
  105    269  1.0186e-05  2.7399e-03
  105    271  1.0180e-05  2.7587e-03
  106    273  2.3093e-05  6.3044e-03
  106    275  5.3405e-05  1.4686e-02
  106    276  7.1600e-05  1.9762e-02
  106    278  4.3520e-05  1.2098e-02
  106    280  1.4472e-05  4.0522e-03
  107    277  2.4673e-05  6.8345e-03
  108    279  2.8525e-05  7.9584e-03
  108    281  4.9748e-06  1.3979e-03
  108    282  4.5518e-06  1.2836e-03
  108    283  1.7296e-06  4.8947e-04
  108    284  1.8874e-06  5.3602e-04
  108    286  1.6569e-06  4.7387e-04
  110    285  1.5564e-06  4.4357e-04
  110    286  7.8025e-17  2.2315e-14
  110    287  3.1364e-06  9.0016e-04
  110    288  2.4553e-06  7.0712e-04
  110    290  2.3613e-06  6.8477e-04
  111    289  2.1124e-06  6.1049e-04
  111    290  7.5005e-17  2.1751e-14
  111    291  1.1390e-06  3.3146e-04
  111    292  8.9289e-06  2.6072e-03
  111    293  4.9980e-06  1.4644e-03
  111    294  8.2600e-06  2.4284e-03
  111    295  2.8214e-06  8.3231e-04
  111    296  6.2567e-06  1.8520e-03
  111    297  2.8563e-06  8.4833e-04
  111    298  4.2754e-07  1.2741e-04
  111    299  3.2877e-07  9.8303e-05
  111    300  1.0691e-07  3.2074e-05
  111    301  9.1104e-06  2.7422e-03
  111    302  9.3982e-06  2.8383e-03
  111    303  3.6326e-06  1.1007e-03
  111    304  9.5429e-06  2.9011e-03
  111    305  9.5521e-06  2.9134e-03
  111    306  1.3643e-05  4.1748e-03
  111    307  4.0920e-06  1.2562e-03
  111    308  6.1525e-06  1.8950e-03
  111    309  7.9060e-06  2.4429e-03
  111    310  6.3569e-06  1.9706e-03
  111    311  3.1117e-06  9.6773e-04
  111    312  7.7577e-06  2.4204e-03
  111    313  1.4326e-06  4.4842e-04
  111    314  5.7851e-06  1.8165e-03
  111    315  4.2351e-06  1.3341e-03
  111    316  7.2969e-06  2.3058e-03
  111    317  5.2712e-06  1.6710e-03
  111    318  4.8463e-05  1.5411e-02
  111    319  1.9922e-05  6.3551e-03
  111    320  1.6355e-05  5.2334e-03
  111    321  4.4476e-06  1.4277e-03
  111    322  6.2674e-06  2.0181e-03
  111    323  4.1305e-06  1.3341e-03
  111    324  3.0851e-06  9.9958e-04
  111    325  1.3452e-06  4.3720e-04
  111    326  1.9860e-06  6.4742e-04
  111    327  3.4004e-06  1.1119e-03
  111    328  2.9513e-07  9.6802e-05
  111    329  1.5005e-06  4.9365e-04
  111    330  1.3070e-06  4.3132e-04
  111    331  2.3753e-07  7.8623e-05
  111    332  6.3035e-07  2.0927e-04
  111    333  7.7963e-08  2.5962e-05
  111    334  8.4587e-08  2.8252e-05
  111    335  4.7123e-08  1.5786e-05
  111    336  1.9362e-08  6.5057e-06
  111    337  5.8540e-07  1.9728e-04
    1      1  2.4935e-08  2.4935e-08
    2      4  1.9430e-01  7.7719e-01


