    1      2  5.7211e-04  1.1442e-03
    1      3  1.7377e-20  5.2132e-20
    2      3  8.8779e-06  2.6634e-05
    3      7  1.2678e-10  8.8743e-10
    4      8  2.4203e-07  1.9363e-06
    4      9  1.7369e-10  1.5632e-09
    5     10  2.6201e-09  2.6201e-08
    5     11  5.4584e-09  6.0042e-08
    6     12  3.9873e-09  4.7847e-08
    6     13  7.8181e-09  1.0163e-07
    7     14  1.7673e-06  2.4742e-05
    7     15  1.4786e-06  2.2178e-05
    8     16  4.5237e-06  7.2380e-05
    8     17  4.7578e-08  8.0882e-07
    8     18  1.3708e-06  2.4675e-05
    9     19  8.1966e-08  1.5574e-06
   10     20  2.4560e-06  4.9119e-05
   10     21  9.2371e-08  1.9398e-06
   10     22  3.0948e-06  6.8086e-05
   11     23  1.3923e-06  3.2022e-05
   12     24  3.5037e-06  8.4090e-05
   12     25  1.2414e-06  3.1034e-05
   12     26  1.6755e-06  4.3563e-05
   13     27  1.7911e-08  4.8359e-07
   14     28  6.2326e-07  1.7451e-05
   14     29  5.3588e-08  1.5540e-06
   14     30  1.0112e-08  3.0335e-07
   15     31  1.8332e-08  5.6829e-07
   16     32  2.6930e-07  8.6176e-06
   16     33  2.3920e-08  7.8936e-07
   16     34  2.3297e-07  7.9211e-06
   16     36  7.1774e-07  2.5839e-05
   17     35  2.8645e-08  1.0026e-06
   17     37  4.0339e-08  1.4925e-06
   18     36  1.1378e-13  4.0962e-12
   18     38  1.8917e-07  7.1883e-06
   18     40  8.2079e-10  3.2832e-08
   19     39  5.0758e-09  1.9796e-07
   19     40  8.6794e-19  3.4718e-17
   19     41  8.7235e-11  3.5766e-09
   20     40  2.4960e-19  9.9840e-18
   20     42  7.9086e-10  3.3216e-08
   20     43  1.2151e-10  5.2249e-09
   20     44  1.5597e-09  6.8625e-08
   20     46  8.4975e-10  3.9088e-08
   21     45  2.9330e-10  1.3198e-08
   22     46  3.3104e-17  1.5228e-15
   22     47  3.1039e-10  1.4588e-08
   22     48  1.5031e-08  7.2150e-07
   22     49  4.8128e-10  2.3582e-08
   22     50  5.5389e-10  2.7694e-08
   23     51  1.1116e-10  5.6694e-09
   24     52  1.9128e-10  9.9465e-09
   24     53  9.8552e-11  5.2233e-09
   24     54  1.3253e-10  7.1569e-09
   25     55  3.4109e-11  1.8760e-09
   26     56  6.9640e-11  3.8998e-09
   26     57  6.5636e-11  3.7413e-09
   26     58  4.2268e-10  2.4515e-08
   27     59  4.6993e-12  2.7726e-10
   28     60  1.4060e-09  8.4361e-08
   28     61  4.0177e-12  2.4508e-10
   28     62  3.2437e-11  2.0111e-09
   28     64  8.3090e-10  5.3178e-08
   29     63  8.2711e-11  5.2108e-09
   29     65  4.3579e-12  2.8327e-10
   30     64  1.3267e-19  8.4909e-18
   30     66  4.8065e-11  3.1723e-09
   30     67  6.1761e-12  4.1380e-10
   30     68  6.5670e-11  4.4655e-09
   30     70  9.1936e-11  6.4355e-09
   31     69  7.6860e-12  5.3033e-10
   31     71  1.2012e-11  8.5287e-10
   32     70  5.7099e-14  3.9969e-12
   32     72  7.4203e-11  5.3426e-09
   32     73  2.0450e-11  1.4928e-09
   32     74  1.8077e-10  1.3377e-08
   32     76  2.6111e-10  1.9845e-08
   33     75  5.3937e-11  4.0453e-09
   34     76  4.0905e-13  3.1088e-11
   34     77  8.8845e-12  6.8411e-10
   34     78  2.3333e-10  1.8200e-08
   34     80  6.7434e-10  5.3947e-08
   34     82  5.7133e-10  4.6849e-08
   35     79  7.5119e-11  5.9344e-09
   35     81  7.1866e-11  5.8212e-09
   36     82  2.0433e-12  1.6755e-10
   36     83  1.9328e-11  1.6042e-09
   36     84  7.9442e-11  6.6731e-09
   36     86  3.4577e-10  2.9736e-08
   37     85  1.0804e-10  9.1837e-09
   37     87  1.2445e-10  1.0827e-08
   38     86  6.1743e-18  5.3099e-16
   38     87  9.1111e-13  7.9267e-11
   38     88  1.3038e-10  1.1474e-08
   39     89  1.0673e-10  9.4987e-09
   40     90  8.8918e-11  8.0026e-09
   40     91  2.6550e-11  2.4160e-09
   40     92  6.1648e-11  5.6717e-09
   40     94  7.4150e-11  6.9701e-09
   41     93  6.7529e-11  6.2802e-09
   42     95  2.9160e-11  2.7702e-09
   42     96  2.1831e-10  2.0958e-08
   42     97  3.5600e-11  3.4532e-09
   42     98  7.5473e-11  7.3963e-09
   42    100  6.2410e-11  6.2410e-09
   44     99  2.1307e-11  2.1094e-09
   44    100  5.6268e-12  5.6268e-10
   44    101  9.3153e-12  9.4084e-10
   44    102  2.5104e-11  2.5606e-09
   44    104  2.2796e-11  2.3708e-09
   45    103  1.0041e-11  1.0342e-09
   46    104  1.1147e-16  1.1593e-14
   46    105  1.1957e-11  1.2555e-09
   46    106  2.2239e-11  2.3574e-09
   46    108  3.0953e-11  3.3429e-09
   46    110  4.5063e-11  4.9569e-09
   47    107  8.7374e-12  9.3490e-10
   47    109  8.0716e-12  8.7980e-10
   48    110  4.1701e-14  4.5871e-12
   48    111  7.3274e-12  8.1335e-10
   48    112  1.8051e-11  2.0217e-09
   48    113  1.2279e-11  1.3876e-09
   48    114  4.2253e-11  4.8168e-09
   48    116  3.0741e-11  3.5660e-09
   49    113  5.4043e-19  6.1068e-17
   49    115  2.5522e-11  2.9351e-09
   50    115  2.0363e-17  2.3418e-15
   50    116  5.5122e-13  6.3942e-11
   50    117  5.1342e-12  6.0070e-10
   50    118  3.4093e-11  4.0230e-09
   50    119  1.2460e-11  1.4827e-09
   50    120  6.1385e-11  7.3662e-09
   50    122  1.0288e-10  1.2552e-08
   50    124  9.7773e-11  1.2124e-08
   51    121  1.6840e-11  2.0377e-09
   51    123  3.5523e-12  4.3693e-10
   52    122  2.3775e-14  2.9006e-12
   52    124  2.9041e-15  3.6011e-13
   52    125  3.1450e-11  3.9312e-09
   52    126  1.9628e-10  2.4732e-08
   52    128  1.6552e-10  2.1186e-08
   52    130  3.9669e-10  5.1569e-08
   53    127  1.0447e-11  1.3268e-09
   53    129  1.4884e-17  1.9200e-15
   54    128  1.1625e-15  1.4880e-13
   54    129  6.9028e-11  8.9046e-09
   54    130  2.0761e-13  2.6989e-11
   54    131  1.0431e-09  1.3665e-07
   54    132  3.8927e-09  5.1383e-07
   54    134  8.5115e-09  1.1405e-06
   54    136  1.7804e-09  2.4213e-07
   55    133  4.5202e-09  6.0118e-07
   56    134  7.7268e-14  1.0354e-11
   56    135  3.4248e-09  4.6235e-07
   56    136  3.3490e-12  4.5547e-10
   56    137  5.8989e-11  8.0815e-09
   56    138  1.6257e-10  2.2435e-08
   57    139  1.3649e-10  1.8972e-08
   58    140  2.8583e-10  4.0016e-08
   58    142  1.0409e-11  1.4781e-09
   59    141  1.9365e-11  2.7305e-09
   60    142  6.8117e-17  9.6727e-15
   60    143  1.5626e-11  2.2345e-09
   60    144  4.4584e-11  6.4201e-09
   60    145  4.1134e-12  5.9644e-10
   60    146  1.0834e-11  1.5818e-09
   60    148  1.6784e-11  2.4840e-09
   60    150  2.1850e-11  3.2775e-09
   62    147  1.2425e-11  1.8264e-09
   62    148  5.5426e-13  8.2030e-11
   62    149  1.0885e-12  1.6219e-10
   62    150  9.7432e-14  1.4615e-11
   62    152  5.2551e-12  7.9877e-10
   62    154  4.4012e-12  6.7778e-10
   63    151  1.2930e-12  1.9525e-10
   63    153  2.6202e-12  4.0090e-10
   64    154  2.0598e-15  3.1721e-13
   64    155  6.5236e-13  1.0112e-10
   64    156  2.2021e-12  3.4352e-10
   64    157  5.6185e-13  8.8211e-11
   64    158  9.7363e-13  1.5383e-10
   64    160  2.3323e-12  3.7316e-10
   65    159  2.1443e-13  3.4094e-11
   66    160  4.7084e-17  7.5334e-15
   66    161  1.6250e-13  2.6162e-11
   66    162  4.5474e-13  7.3668e-11
   66    163  1.9107e-13  3.1144e-11
   66    164  3.9802e-13  6.5275e-11
   67    165  4.2261e-13  6.9731e-11
   68    166  6.4387e-13  1.0688e-10
   68    167  4.3536e-13  7.2704e-11
   68    168  4.0599e-13  6.8207e-11
   68    170  5.4130e-13  9.2021e-11
   69    169  1.2213e-12  2.0640e-10
   70    170  1.4540e-16  2.4717e-14
   70    171  4.3225e-13  7.3914e-11
   70    172  2.0428e-13  3.5136e-11
   70    173  1.3857e-13  2.3973e-11
   70    174  1.0176e-12  1.7706e-10
   70    176  5.3336e-13  9.3872e-11
   71    175  2.6499e-13  4.6373e-11
   71    176  2.8263e-17  4.9743e-15
   72    176  2.6456e-19  4.6563e-17
   72    177  3.3454e-13  5.9214e-11
   72    178  2.8696e-13  5.1079e-11
   72    179  2.5844e-13  4.6262e-11
   72    180  4.1121e-13  7.4018e-11
   73    181  2.3630e-12  4.2770e-10
   74    182  1.0696e-12  1.9467e-10
   74    183  2.1181e-13  3.8762e-11
   74    184  1.0433e-13  1.9197e-11
   74    186  9.5852e-14  1.7828e-11
   75    185  6.5942e-14  1.2199e-11
   75    187  2.2254e-13  4.1615e-11
   76    186  1.2540e-19  2.3325e-17
   76    187  1.8083e-15  3.3815e-13
   76    188  9.8386e-14  1.8497e-11
   76    189  4.6381e-13  8.7660e-11
   76    190  3.4490e-13  6.5531e-11
   76    192  3.4906e-12  6.7019e-10
   77    191  8.2099e-13  1.5681e-10
   77    193  3.0114e-13  5.8121e-11
   78    192  2.1524e-17  4.1325e-15
   78    194  9.7413e-13  1.8898e-10
   78    195  7.5785e-13  1.4778e-10
   78    196  7.5150e-13  1.4729e-10
   78    198  2.9775e-12  5.8954e-10
   79    197  1.4555e-12  2.8674e-10
   80    198  2.8779e-16  5.6982e-14
   80    199  2.1971e-13  4.3722e-11
   80    200  5.7291e-13  1.1458e-10
   80    201  4.5687e-13  9.1830e-11
   80    202  7.7180e-13  1.5590e-10
   80    204  2.8774e-12  5.8699e-10
   81    203  1.1054e-12  2.2439e-10
   81    205  2.6684e-12  5.4702e-10
   82    204  4.3799e-19  8.9351e-17
   82    206  8.7652e-12  1.8056e-09
   82    207  2.9818e-10  6.1723e-08
   82    208  1.2180e-11  2.5335e-09
   82    211  2.7049e-13  5.7074e-11
   82    212  1.2988e-14  2.7534e-12
   83    209  3.9243e-11  8.2017e-09
   84    218  5.1639e-16  1.1257e-13
   88    226  2.2589e-19  5.1052e-17
   88    228  5.1462e-18  1.1733e-15
   89    227  7.0478e-20  1.5998e-17
   90    230  1.0646e-17  2.4486e-15
   90    232  2.2527e-12  5.2262e-10
   91    231  1.0566e-16  2.4408e-14
   92    234  3.4667e-17  8.1121e-15
   92    235  2.2773e-12  5.3516e-10
   92    236  1.1415e-14  2.6939e-12
   92    238  6.3067e-13  1.5010e-10
   94    240  2.2593e-18  5.4223e-16
   94    244  2.7501e-14  6.7102e-12
   96    247  5.8060e-19  1.4341e-16
   97    246  1.4192e-16  3.4912e-14
  100    258  4.6564e-12  1.2013e-09
  100    260  2.2523e-11  5.8561e-09
  100    262  1.0865e-10  2.8466e-08
  102    261  8.0758e-11  2.1078e-08
  102    263  1.1949e-10  3.1426e-08
  102    264  6.7096e-11  1.7713e-08
  102    266  2.0957e-11  5.5745e-09
  103    265  6.4040e-11  1.6971e-08
  104    267  2.1515e-12  5.7445e-10
  104    268  8.0684e-13  2.1623e-10
  104    270  3.3364e-12  9.0083e-10
  104    272  1.2798e-12  3.4812e-10
  104    274  1.1797e-12  3.2325e-10
  105    269  2.6524e-12  7.1350e-10
  105    271  2.0355e-12  5.5161e-10
  106    273  1.6202e-12  4.4230e-10
  106    275  4.7402e-12  1.3035e-09
  106    276  1.2054e-11  3.3268e-09
  106    278  3.7842e-12  1.0520e-09
  106    280  2.4727e-11  6.9236e-09
  107    277  4.6436e-12  1.2863e-09
  108    279  1.8763e-11  5.2349e-09
  108    281  1.5843e-11  4.4520e-09
  108    282  9.2869e-11  2.6189e-08
  108    283  5.4085e-11  1.5306e-08
  108    284  2.3071e-12  6.5523e-10
  108    286  6.8555e-14  1.9607e-11
  110    285  7.1350e-11  2.0335e-08
  110    286  5.2549e-16  1.5029e-13
  110    287  1.7721e-13  5.0858e-11
  110    288  5.3972e-14  1.5544e-11
  110    290  4.5513e-12  1.3199e-09
  111    289  6.4472e-14  1.8633e-11
  111    290  1.2127e-19  3.5169e-17
  111    291  9.0798e-12  2.6422e-09
  111    292  5.5749e-11  1.6279e-08
  111    293  5.1510e-11  1.5092e-08
  111    294  9.0206e-10  2.6521e-07
  111    295  4.7079e-10  1.3888e-07
  111    296  1.9766e-08  5.8508e-06
  111    297  2.0249e-08  6.0141e-06
  111    298  1.0726e-07  3.1963e-05
  111    299  4.2358e-10  1.2665e-07
  111    300  9.7148e-11  2.9144e-08
  111    301  1.1210e-08  3.3742e-06
  111    302  6.5943e-09  1.9915e-06
  111    303  7.6031e-10  2.3037e-07
  111    304  1.0830e-09  3.2922e-07
  111    305  2.3294e-10  7.1045e-08
  111    306  3.1004e-10  9.4872e-08
  111    307  1.7160e-11  5.2680e-09
  111    308  1.4790e-11  4.5552e-09
  111    309  1.6502e-12  5.0991e-10
  111    310  7.8938e-12  2.4471e-09
  111    311  9.2337e-13  2.8717e-10
  111    312  1.9620e-12  6.1213e-10
  111    313  2.1630e-13  6.7701e-11
  111    314  1.6003e-12  5.0250e-10
  111    315  1.3676e-09  4.3079e-07
  111    316  7.2411e-10  2.2882e-07
  111    317  1.5848e-10  5.0239e-08
  111    318  3.0643e-07  9.7444e-05
  111    319  1.3734e-07  4.3813e-05
  111    320  2.6433e-07  8.4585e-05
  111    321  3.5688e-07  1.1456e-04
  111    322  4.1057e-07  1.3220e-04
  111    323  3.3957e-07  1.0968e-04
  111    324  3.9990e-07  1.2957e-04
  111    325  4.2224e-07  1.3723e-04
  111    326  6.3911e-07  2.0835e-04
  111    327  5.0032e-07  1.6361e-04
  111    328  6.1535e-07  2.0184e-04
  111    329  6.2325e-07  2.0505e-04
  111    330  5.1547e-07  1.7011e-04
  111    331  7.3666e-07  2.4384e-04
  111    332  8.3222e-07  2.7630e-04
  111    333  9.4107e-07  3.1338e-04
  111    334  3.0910e-07  1.0324e-04
  111    335  2.0520e-06  6.8744e-04
  111    336  1.3313e-05  4.4732e-03
  111    337  5.3135e-04  1.7907e-01
    1      1  1.5756e-02  1.5756e-02
    2      4  1.9888e-01  7.9552e-01


