1  1.9841e-09
2  2.5535e-21
3  1.0248e-25
4  7.5055e-02
5  0.0000e+00
6  1.4198e-24
7  2.0992e-25
8  2.2416e-21
9  5.3385e-26
10  1.0051e-20
11  3.3478e-25
12  1.2739e-06
13  1.3067e-11
14  1.8404e-16
15  1.7167e-20
16  3.6836e-09
17  5.3156e-18
18  1.6180e-21
19  8.5893e-21
20  2.8515e-09
21  4.7960e-15
22  4.7895e-19
23  3.2096e-13
24  2.9694e-09
25  2.4183e-13
26  6.4423e-12
27  4.9194e-10
28  9.0150e-09
29  1.1045e-10
30  6.1296e-09
31  1.6123e-09
32  1.3739e-08
33  1.7222e-09
34  2.8726e-08
35  6.8716e-09
36  1.0088e-08
37  1.8679e-09
38  1.0838e-07
39  8.0277e-09
40  2.1756e-09
41  1.3339e-09
42  1.0686e-07
43  2.2504e-08
44  2.4540e-08
45  1.5436e-08
46  3.1880e-08
47  2.1426e-08
48  2.6660e-08
49  2.9920e-08
50  1.0144e-07
51  1.8748e-08
52  1.0055e-07
53  4.1669e-08
54  7.8395e-08
55  1.2130e-08
56  3.2902e-07
57  2.5657e-08
58  8.4077e-09
59  3.4701e-08
60  6.8441e-07
61  3.9912e-09
62  1.0352e-07
63  9.3504e-08
64  1.7932e-08
65  1.1241e-08
66  1.0265e-06
67  1.9893e-08
68  1.5568e-07
69  1.6585e-07
70  4.0524e-08
71  5.1417e-09
72  1.0993e-06
73  4.9045e-09
74  3.4834e-07
75  2.1408e-07
76  2.4094e-08
77  4.9322e-08
78  8.3281e-07
79  1.2183e-08
80  3.0890e-07
81  5.4164e-07
82  1.7133e-06
83  6.7151e-08
84  1.1885e-05
85  4.8851e-05
86  4.3047e-03
87  8.2980e-04
88  7.6408e-04
89  2.2318e-04
90  1.7326e-03
91  3.4156e-05
92  2.1445e-05
93  8.8982e-06
94  5.0068e-06
95  1.9496e-06
96  2.0696e-05
97  1.3264e-07
98  1.1319e-08
99  9.5290e-10
100  3.4524e-08
101  1.6174e-10
102  6.5123e-09
103  3.1651e-10
104  7.5653e-11
105  1.7720e-10
106  1.4836e-10
107  1.1217e-12
108  1.3753e-11
109  2.2286e-12
110  2.2369e-13
111  1.6718e-13
112  3.7043e-13
113  4.5206e-15
114  1.4629e-14
115  5.7031e-15
116  4.3666e-16
117  2.4844e-16
118  8.9473e-16
119  8.0522e-18
120  4.8867e-17
121  2.3494e-17
122  5.3116e-19
123  6.6052e-18
124  1.8429e-18
125  1.7696e-19
126  1.2007e-18
127  2.1179e-20
128  9.0422e-20
129  1.5197e-20
130  1.4388e-21
131  1.3144e-21
132  4.8742e-22
133  3.7649e-23
134  4.6834e-23
135  4.7422e-24
136  0.0000e+00
137  2.9549e-29
138  0.0000e+00
139  0.0000e+00
140  0.0000e+00
141  0.0000e+00
142  0.0000e+00
143  0.0000e+00
144  0.0000e+00
145  0.0000e+00
146  0.0000e+00
147  0.0000e+00
148  0.0000e+00
149  0.0000e+00
150  0.0000e+00
151  0.0000e+00
152  0.0000e+00
153  0.0000e+00
154  0.0000e+00
155  0.0000e+00
156  0.0000e+00
157  0.0000e+00
158  0.0000e+00
159  0.0000e+00
160  0.0000e+00
161  0.0000e+00
162  0.0000e+00
163  0.0000e+00
164  0.0000e+00
165  0.0000e+00
166  0.0000e+00
167  0.0000e+00
168  0.0000e+00
169  0.0000e+00
170  0.0000e+00
171  0.0000e+00
172  0.0000e+00
173  0.0000e+00
174  0.0000e+00
175  0.0000e+00
176  0.0000e+00
177  0.0000e+00
178  0.0000e+00
179  0.0000e+00
180  0.0000e+00
181  0.0000e+00
182  0.0000e+00
183  0.0000e+00
184  0.0000e+00
185  0.0000e+00
186  0.0000e+00
187  0.0000e+00
188  0.0000e+00
189  0.0000e+00
190  0.0000e+00
191  0.0000e+00
192  0.0000e+00
193  0.0000e+00
194  0.0000e+00
195  0.0000e+00
196  0.0000e+00
197  0.0000e+00
198  0.0000e+00
199  0.0000e+00
200  0.0000e+00
201  0.0000e+00
202  0.0000e+00
203  0.0000e+00
204  0.0000e+00
205  0.0000e+00
206  0.0000e+00
207  0.0000e+00
208  0.0000e+00
209  0.0000e+00
210  0.0000e+00
211  0.0000e+00
212  0.0000e+00
213  0.0000e+00
214  0.0000e+00
215  0.0000e+00
216  0.0000e+00
217  0.0000e+00
218  0.0000e+00
219  0.0000e+00
220  0.0000e+00
221  0.0000e+00
222  0.0000e+00
223  0.0000e+00
224  0.0000e+00
225  0.0000e+00
226  0.0000e+00
227  0.0000e+00
228  0.0000e+00
229  0.0000e+00
230  0.0000e+00
231  0.0000e+00
232  0.0000e+00
233  0.0000e+00
234  0.0000e+00
235  0.0000e+00
236  0.0000e+00
237  0.0000e+00
238  0.0000e+00
239  0.0000e+00
240  0.0000e+00
241  0.0000e+00
242  0.0000e+00
243  0.0000e+00
244  0.0000e+00
245  0.0000e+00
246  0.0000e+00
247  0.0000e+00
248  0.0000e+00
249  0.0000e+00
250  0.0000e+00
251  0.0000e+00
252  0.0000e+00
253  0.0000e+00
254  0.0000e+00
255  0.0000e+00
256  0.0000e+00
257  0.0000e+00
258  0.0000e+00
259  0.0000e+00
260  0.0000e+00
261  0.0000e+00
262  0.0000e+00
263  0.0000e+00
264  0.0000e+00
265  0.0000e+00
266  0.0000e+00
267  0.0000e+00
268  0.0000e+00
269  0.0000e+00
270  0.0000e+00
271  0.0000e+00
272  0.0000e+00
273  0.0000e+00
274  0.0000e+00
275  0.0000e+00
276  0.0000e+00
277  0.0000e+00
278  0.0000e+00
279  0.0000e+00
280  0.0000e+00
281  0.0000e+00
282  0.0000e+00
283  0.0000e+00
284  0.0000e+00
285  0.0000e+00
286  0.0000e+00
287  0.0000e+00
288  0.0000e+00
289  0.0000e+00
290  0.0000e+00
291  0.0000e+00
292  0.0000e+00
293  0.0000e+00
294  0.0000e+00
295  0.0000e+00
296  0.0000e+00
297  0.0000e+00
298  0.0000e+00
299  0.0000e+00
300  0.0000e+00
301  0.0000e+00
302  0.0000e+00
303  0.0000e+00
304  0.0000e+00
305  0.0000e+00
306  0.0000e+00
307  0.0000e+00
308  0.0000e+00
309  0.0000e+00
310  0.0000e+00
311  0.0000e+00
312  0.0000e+00
313  0.0000e+00
314  0.0000e+00
315  0.0000e+00
316  0.0000e+00
317  0.0000e+00
318  0.0000e+00
319  0.0000e+00
320  0.0000e+00
321  0.0000e+00
322  0.0000e+00
323  0.0000e+00
324  0.0000e+00
325  0.0000e+00
326  0.0000e+00
327  0.0000e+00
328  0.0000e+00
329  0.0000e+00
330  0.0000e+00
331  0.0000e+00
332  0.0000e+00
333  0.0000e+00
334  0.0000e+00
335  0.0000e+00
336  0.0000e+00
337  0.0000e+00

