1  1.0241e-09
2  4.0231e-15
3  9.4625e-19
4  1.7723e-01
5  0.0000e+00
6  1.9105e-16
7  8.0232e-19
8  3.5920e-14
9  1.1934e-18
10  3.0011e-17
11  9.4414e-20
12  2.0397e-08
13  4.4775e-14
14  5.3402e-12
15  1.5452e-09
16  8.3459e-10
17  2.3740e-13
18  8.3141e-10
19  1.1467e-09
20  1.0715e-10
21  3.3725e-10
22  4.8590e-10
23  1.2981e-09
24  6.5742e-10
25  1.9593e-09
26  9.0597e-09
27  1.5668e-09
28  5.7461e-09
29  1.6566e-08
30  2.8406e-08
31  3.3038e-09
32  3.9341e-08
33  2.1741e-07
34  1.6462e-07
35  3.8516e-08
36  6.7425e-08
37  2.7520e-07
38  5.1287e-07
39  2.6546e-07
40  3.3864e-07
41  1.8097e-07
42  6.3031e-07
43  9.3215e-08
44  2.3246e-07
45  7.7185e-07
46  1.6660e-06
47  1.0658e-06
48  4.1378e-07
49  1.7387e-06
50  2.6289e-06
51  7.6110e-07
52  5.5663e-08
53  1.6046e-06
54  6.2023e-06
55  3.3551e-07
56  1.5164e-06
57  2.0917e-07
58  3.7945e-09
59  4.2098e-09
60  2.6390e-08
61  7.7518e-08
62  4.1943e-07
63  1.0486e-06
64  1.4276e-07
65  9.3375e-08
66  4.4122e-07
67  2.9890e-07
68  8.3894e-07
69  1.2392e-06
70  2.1926e-06
71  2.4424e-07
72  3.7011e-07
73  9.1229e-07
74  1.3960e-06
75  6.0023e-06
76  9.9204e-06
77  2.4268e-05
78  3.1919e-05
79  1.6364e-05
80  1.0963e-05
81  1.9402e-05
82  3.2291e-05
83  5.0344e-06
84  7.3029e-06
85  9.8984e-06
86  2.1695e-05
87  7.9589e-06
88  1.7257e-05
89  4.0083e-06
90  1.1955e-06
91  1.2216e-06
92  1.5510e-05
93  7.0268e-06
94  1.0160e-05
95  7.8905e-06
96  9.3762e-06
97  4.7445e-06
98  2.4268e-07
99  1.2218e-06
100  7.0120e-06
101  1.7005e-05
102  1.5467e-05
103  6.4810e-06
104  9.9293e-06
105  3.8617e-05
106  1.4339e-04
107  9.9849e-05
108  8.2812e-05
109  7.3949e-05
110  7.9025e-05
111  1.3192e-05
112  3.1203e-05
113  1.5909e-05
114  1.3951e-05
115  7.0569e-06
116  5.0962e-06
117  9.7281e-06
118  7.9683e-06
119  4.3004e-06
120  1.1305e-05
121  1.3312e-05
122  5.0471e-05
123  5.4497e-05
124  1.6608e-04
125  2.6300e-04
126  5.4481e-04
127  2.3730e-04
128  1.3998e-04
129  4.2241e-05
130  3.1720e-06
131  2.9068e-08
132  4.1218e-08
133  5.2980e-08
134  9.1540e-09
135  1.6469e-09
136  1.4691e-09
137  9.3663e-12
138  1.4943e-12
139  1.3030e-11
140  2.8363e-11
141  1.8928e-12
142  2.7819e-12
143  2.3423e-12
144  2.9558e-13
145  3.0112e-13
146  1.1858e-12
147  1.3139e-12
148  1.2643e-12
149  7.7948e-13
150  1.3112e-12
151  8.1215e-13
152  1.3016e-12
153  6.1697e-13
154  6.4699e-13
155  4.4298e-13
156  1.8567e-13
157  1.9273e-13
158  2.0484e-13
159  3.1571e-14
160  6.9308e-14
161  4.8415e-14
162  2.7454e-14
163  1.5520e-14
164  2.5686e-14
165  1.3384e-14
166  2.1339e-14
167  7.4987e-15
168  4.1011e-15
169  4.3002e-15
170  8.2511e-16
171  3.5936e-16
172  2.1448e-16
173  1.0503e-16
174  1.0624e-16
175  3.2228e-17
176  2.4560e-17
177  1.1772e-17
178  3.0795e-18
179  1.2046e-18
180  7.8752e-19
181  7.5470e-19
182  3.6790e-19
183  1.5736e-19
184  7.1163e-20
185  3.2440e-20
186  3.2433e-20
187  2.2507e-20
188  5.3734e-20
189  6.0401e-20
190  2.2936e-19
191  1.3587e-19
192  1.4005e-19
193  7.7644e-20
194  7.6425e-20
195  3.9064e-20
196  1.7058e-20
197  4.4968e-21
198  8.3485e-22
199  8.7504e-23
200  1.2405e-23
201  4.7347e-25
202  6.8869e-39
203  0.0000e+00
204  0.0000e+00
205  0.0000e+00
206  0.0000e+00
207  0.0000e+00
208  0.0000e+00
209  0.0000e+00
210  0.0000e+00
211  0.0000e+00
212  0.0000e+00
213  0.0000e+00
214  0.0000e+00
215  0.0000e+00
216  0.0000e+00
217  0.0000e+00
218  0.0000e+00
219  0.0000e+00
220  0.0000e+00
221  0.0000e+00
222  0.0000e+00
223  0.0000e+00
224  0.0000e+00
225  0.0000e+00
226  0.0000e+00
227  0.0000e+00
228  0.0000e+00
229  0.0000e+00
230  0.0000e+00
231  0.0000e+00
232  0.0000e+00
233  0.0000e+00
234  0.0000e+00
235  0.0000e+00
236  0.0000e+00
237  0.0000e+00
238  0.0000e+00
239  0.0000e+00
240  0.0000e+00
241  0.0000e+00
242  0.0000e+00
243  0.0000e+00
244  0.0000e+00
245  0.0000e+00
246  0.0000e+00
247  0.0000e+00
248  0.0000e+00
249  0.0000e+00
250  0.0000e+00
251  0.0000e+00
252  0.0000e+00
253  0.0000e+00
254  0.0000e+00
255  0.0000e+00
256  0.0000e+00
257  0.0000e+00
258  0.0000e+00
259  0.0000e+00
260  0.0000e+00
261  0.0000e+00
262  0.0000e+00
263  0.0000e+00
264  0.0000e+00
265  0.0000e+00
266  0.0000e+00
267  0.0000e+00
268  0.0000e+00
269  0.0000e+00
270  0.0000e+00
271  0.0000e+00
272  0.0000e+00
273  0.0000e+00
274  0.0000e+00
275  0.0000e+00
276  0.0000e+00
277  0.0000e+00
278  0.0000e+00
279  0.0000e+00
280  0.0000e+00
281  0.0000e+00
282  0.0000e+00
283  0.0000e+00
284  0.0000e+00
285  0.0000e+00
286  0.0000e+00
287  0.0000e+00
288  0.0000e+00
289  0.0000e+00
290  0.0000e+00
291  0.0000e+00
292  0.0000e+00
293  0.0000e+00
294  0.0000e+00
295  0.0000e+00
296  0.0000e+00
297  0.0000e+00
298  0.0000e+00
299  0.0000e+00
300  0.0000e+00
301  0.0000e+00
302  0.0000e+00
303  0.0000e+00
304  0.0000e+00
305  0.0000e+00
306  0.0000e+00
307  0.0000e+00
308  0.0000e+00
309  0.0000e+00
310  0.0000e+00
311  0.0000e+00
312  0.0000e+00
313  0.0000e+00
314  0.0000e+00
315  0.0000e+00
316  0.0000e+00
317  0.0000e+00
318  0.0000e+00
319  0.0000e+00
320  0.0000e+00
321  0.0000e+00
322  0.0000e+00
323  0.0000e+00
324  0.0000e+00
325  0.0000e+00
326  0.0000e+00
327  0.0000e+00
328  0.0000e+00
329  0.0000e+00
330  0.0000e+00
331  0.0000e+00
332  0.0000e+00
333  0.0000e+00
334  0.0000e+00
335  0.0000e+00
336  0.0000e+00
337  0.0000e+00

