    1      2  4.3013e-09  8.6025e-09
    2      3  3.6257e-10  1.0877e-09
    3      6  1.2045e-11  7.2273e-11
    3      7  4.2267e-10  2.9587e-09
    4      8  1.7670e-09  1.4136e-08
    4      9  5.8320e-10  5.2488e-09
    5     10  9.4486e-09  9.4486e-08
    5     11  1.0874e-09  1.1961e-08
    6     12  2.7187e-09  3.2624e-08
    6     13  2.5895e-07  3.3664e-06
    7     14  2.1186e-07  2.9660e-06
    7     15  7.5035e-06  1.1255e-04
    8     16  2.0445e-07  3.2711e-06
    8     17  3.9325e-09  6.6853e-08
    8     18  2.5512e-08  4.5922e-07
    9     19  8.2956e-07  1.5762e-05
   10     20  1.1524e-06  2.3047e-05
   10     21  3.4809e-07  7.3099e-06
   10     22  3.0243e-09  6.6535e-08
   11     23  8.7719e-07  2.0175e-05
   12     24  2.7961e-07  6.7106e-06
   12     25  3.4912e-07  8.7281e-06
   12     26  2.4896e-08  6.4730e-07
   13     26  2.5306e-19  6.5797e-18
   13     27  2.1943e-07  5.9247e-06
   14     28  6.1372e-07  1.7184e-05
   14     29  9.3936e-08  2.7241e-06
   14     30  6.8835e-08  2.0650e-06
   15     31  8.0770e-08  2.5039e-06
   16     32  1.1115e-07  3.5569e-06
   16     33  9.1395e-07  3.0160e-05
   16     34  7.0159e-07  2.3854e-05
   16     36  2.2036e-08  7.9329e-07
   17     35  2.3655e-08  8.2791e-07
   17     37  2.8098e-08  1.0396e-06
   18     36  6.1385e-20  2.2098e-18
   18     38  8.0272e-08  3.0503e-06
   18     40  3.9037e-08  1.5615e-06
   19     39  5.2737e-08  2.0568e-06
   19     41  1.5951e-07  6.5401e-06
   20     42  4.9531e-07  2.0803e-05
   20     43  1.1247e-07  4.8360e-06
   20     44  1.0981e-07  4.8315e-06
   20     46  6.3813e-08  2.9354e-06
   21     45  1.2108e-07  5.4485e-06
   22     46  1.0445e-20  4.8048e-19
   22     47  8.8227e-08  4.1467e-06
   22     48  1.8642e-07  8.9481e-06
   22     49  1.1797e-07  5.7806e-06
   22     50  9.3989e-08  4.6995e-06
   23     51  2.9528e-08  1.5059e-06
   24     52  1.6109e-07  8.3766e-06
   24     53  1.3306e-07  7.0521e-06
   24     54  6.5764e-08  3.5512e-06
   25     55  5.6715e-08  3.1193e-06
   26     56  1.5057e-07  8.4321e-06
   26     57  2.1618e-07  1.2322e-05
   26     58  8.4042e-09  4.8744e-07
   27     59  9.6992e-09  5.7225e-07
   28     60  1.9719e-08  1.1832e-06
   28     61  3.5149e-08  2.1441e-06
   28     62  5.4887e-08  3.4030e-06
   28     64  1.7852e-07  1.1425e-05
   29     63  2.6728e-07  1.6839e-05
   29     65  1.3119e-07  8.5273e-06
   30     66  3.2386e-07  2.1375e-05
   30     67  1.2533e-07  8.3970e-06
   30     68  1.2374e-07  8.4142e-06
   30     70  1.8661e-07  1.3062e-05
   31     69  7.6807e-08  5.2997e-06
   31     71  3.0571e-08  2.1705e-06
   32     70  6.3635e-16  4.4545e-14
   32     72  8.8953e-08  6.4046e-06
   32     73  9.5678e-08  6.9845e-06
   32     74  6.2012e-07  4.5889e-05
   32     76  2.4655e-06  1.8738e-04
   33     75  2.5561e-06  1.9171e-04
   34     76  1.1465e-13  8.7132e-12
   34     77  1.8068e-06  1.3912e-04
   34     78  1.8943e-06  1.4776e-04
   34     80  7.4531e-06  5.9625e-04
   34     82  4.3401e-07  3.5589e-05
   35     79  2.8493e-06  2.2510e-04
   35     81  2.1757e-06  1.7623e-04
   36     82  1.1542e-13  9.4645e-12
   36     83  1.0717e-06  8.8949e-05
   36     84  5.8721e-07  4.9326e-05
   36     86  1.2792e-06  1.1001e-04
   37     85  5.3881e-07  4.5799e-05
   37     87  9.7703e-07  8.5001e-05
   38     87  7.1540e-09  6.2240e-07
   38     88  3.5377e-07  3.1132e-05
   39     89  1.1419e-07  1.0163e-05
   40     90  2.0046e-07  1.8041e-05
   40     91  8.8903e-08  8.0902e-06
   40     92  5.0576e-07  4.6530e-05
   40     94  9.5363e-07  8.9641e-05
   41     93  3.5991e-07  3.3472e-05
   42     95  4.1538e-07  3.9461e-05
   42     96  2.9584e-07  2.8401e-05
   42     97  1.5445e-07  1.4982e-05
   42     98  7.7380e-08  7.5832e-06
   42    100  1.2804e-07  1.2804e-05
   44     99  8.9941e-08  8.9041e-06
   44    100  1.4492e-14  1.4492e-12
   44    101  2.0593e-07  2.0799e-05
   44    102  1.8071e-07  1.8432e-05
   44    104  2.5405e-07  2.6421e-05
   45    103  2.1704e-07  2.2355e-05
   46    104  4.6056e-19  4.7898e-17
   46    105  2.5284e-07  2.6548e-05
   46    106  5.1262e-07  5.4338e-05
   46    108  6.3764e-07  6.8865e-05
   46    110  4.2100e-07  4.6310e-05
   47    107  4.6027e-07  4.9249e-05
   47    109  4.3981e-07  4.7939e-05
   48    110  7.3164e-15  8.0480e-13
   48    111  8.4286e-08  9.3557e-06
   48    112  1.4241e-07  1.5949e-05
   48    113  4.8611e-08  5.4930e-06
   48    114  2.9772e-08  3.3940e-06
   48    116  1.5716e-08  1.8231e-06
   49    113  2.1394e-15  2.4175e-13
   49    115  1.9037e-08  2.1892e-06
   50    115  1.5189e-14  1.7467e-12
   50    116  1.3929e-15  1.6157e-13
   50    117  3.9269e-08  4.5945e-06
   50    118  6.9462e-08  8.1965e-06
   50    119  7.7181e-08  9.1845e-06
   50    120  4.5226e-07  5.4271e-05
   50    122  1.4297e-06  1.7443e-04
   50    124  7.5740e-06  9.3918e-04
   51    121  5.7146e-07  6.9147e-05
   51    123  1.9313e-06  2.3755e-04
   52    122  5.3278e-15  6.4999e-13
   52    124  1.6264e-16  2.0167e-14
   52    125  9.9093e-06  1.2387e-03
   52    126  2.0128e-05  2.5361e-03
   52    128  1.3769e-05  1.7624e-03
   52    130  1.2693e-05  1.6500e-03
   53    127  1.4349e-05  1.8223e-03
   53    129  6.2198e-14  8.0235e-12
   54    128  3.5715e-16  4.5716e-14
   54    129  2.2500e-05  2.9025e-03
   54    130  2.9163e-14  3.7912e-12
   54    131  7.1872e-06  9.4152e-04
   54    132  3.4132e-06  4.5054e-04
   54    134  4.6366e-06  6.2131e-04
   54    136  2.3084e-06  3.1395e-04
   55    133  4.5299e-06  6.0247e-04
   56    134  3.5200e-18  4.7168e-16
   56    135  2.2072e-06  2.9798e-04
   56    136  1.5932e-15  2.1667e-13
   56    137  2.8605e-06  3.9189e-04
   56    138  3.0106e-06  4.1546e-04
   57    139  1.0278e-06  1.4286e-04
   58    140  1.4958e-06  2.0941e-04
   58    142  2.1998e-06  3.1237e-04
   59    141  5.7822e-06  8.1530e-04
   60    142  6.7983e-18  9.6536e-16
   60    143  3.3975e-07  4.8585e-05
   60    144  1.8895e-07  2.7209e-05
   60    145  1.6025e-07  2.3237e-05
   60    146  3.6785e-07  5.3706e-05
   60    148  7.7919e-07  1.1532e-04
   60    150  7.7469e-07  1.1620e-04
   62    147  4.8790e-07  7.1721e-05
   62    148  7.2626e-14  1.0749e-11
   62    149  5.6370e-07  8.3991e-05
   62    150  4.0990e-13  6.1485e-11
   62    152  1.1020e-06  1.6750e-04
   62    154  1.6988e-06  2.6161e-04
   63    151  7.9268e-07  1.1970e-04
   63    153  8.0757e-07  1.2356e-04
   64    154  8.0494e-15  1.2396e-12
   64    155  9.8791e-07  1.5313e-04
   64    156  2.1702e-06  3.3856e-04
   64    157  1.4971e-06  2.3505e-04
   64    158  3.1261e-06  4.9392e-04
   64    160  2.7841e-06  4.4546e-04
   65    159  1.6766e-06  2.6658e-04
   66    160  3.2188e-15  5.1501e-13
   66    161  1.3687e-06  2.2036e-04
   66    162  3.1742e-06  5.1421e-04
   66    163  1.8132e-06  2.9555e-04
   66    164  4.7469e-06  7.7850e-04
   67    165  2.4837e-06  4.0981e-04
   68    166  5.3011e-06  8.7999e-04
   68    167  2.2222e-06  3.7111e-04
   68    168  3.7915e-06  6.3698e-04
   68    170  2.4157e-06  4.1066e-04
   69    169  3.1839e-06  5.3808e-04
   70    170  1.3392e-15  2.2766e-13
   70    171  1.9210e-06  3.2849e-04
   70    172  1.6419e-06  2.8241e-04
   70    173  1.6899e-06  2.9235e-04
   70    174  2.2559e-06  3.9252e-04
   70    176  1.5388e-06  2.7083e-04
   71    175  1.6313e-06  2.8547e-04
   71    176  1.4075e-16  2.4772e-14
   72    176  1.3178e-18  2.3193e-16
   72    177  1.8970e-06  3.3577e-04
   72    178  1.7736e-06  3.1570e-04
   72    179  1.4286e-06  2.5572e-04
   72    180  1.1745e-06  2.1140e-04
   73    181  1.1728e-06  2.1228e-04
   74    182  1.6232e-06  2.9543e-04
   74    183  1.1307e-06  2.0692e-04
   74    184  2.4286e-06  4.4686e-04
   74    186  6.4946e-06  1.2080e-03
   75    185  1.9906e-06  3.6826e-04
   75    187  5.2193e-06  9.7600e-04
   76    186  2.8367e-18  5.2763e-16
   76    187  4.2418e-08  7.9321e-06
   76    188  1.4344e-05  2.6966e-03
   76    189  2.2686e-05  4.2877e-03
   76    190  4.9326e-05  9.3719e-03
   76    192  7.6747e-05  1.4735e-02
   77    191  5.0594e-05  9.6634e-03
   77    193  9.9759e-05  1.9254e-02
   78    192  1.9329e-15  3.7112e-13
   78    194  9.2579e-05  1.7960e-02
   78    195  6.6904e-05  1.3046e-02
   78    196  2.5537e-05  5.0053e-03
   78    198  1.9186e-06  3.7987e-04
   79    197  7.8941e-06  1.5551e-03
   80    198  2.4201e-16  4.7918e-14
   80    199  1.4751e-06  2.9354e-04
   80    200  1.3713e-06  2.7425e-04
   80    201  9.8755e-07  1.9850e-04
   80    202  1.4666e-06  2.9624e-04
   80    204  1.9642e-06  4.0069e-04
   81    203  1.6181e-06  3.2847e-04
   81    205  1.8862e-06  3.8666e-04
   81    207  1.0032e-19  2.0766e-17
   82    204  7.2186e-20  1.4726e-17
   82    206  2.7528e-05  5.6708e-03
   82    207  2.5610e-05  5.3013e-03
   82    208  2.2763e-05  4.7347e-03
   82    210  1.1760e-12  2.4697e-10
   82    211  3.5548e-18  7.5007e-16
   82    212  4.2860e-18  9.0862e-16
   82    214  5.4849e-19  1.1738e-16
   83    209  3.0500e-05  6.3745e-03
   83    210  2.4669e-17  5.1805e-15
   83    211  4.5166e-20  9.5300e-18
   83    212  1.2807e-19  2.7151e-17
   83    214  6.7798e-20  1.4509e-17
   84    210  6.8113e-16  1.4304e-13
   84    218  1.0592e-20  2.3090e-18
   86    222  1.8802e-17  4.1740e-15
   88    223  3.4752e-16  7.7498e-14
   88    224  1.1076e-17  2.4809e-15
   88    226  2.8770e-12  6.5020e-10
   88    228  3.5615e-11  8.1202e-09
   89    227  2.4167e-13  5.4859e-11
   89    228  7.7953e-19  1.7773e-16
   90    227  5.5854e-16  1.2679e-13
   90    228  2.1269e-15  4.8494e-13
   90    230  1.3559e-10  3.1186e-08
   90    231  3.2326e-17  7.4674e-15
   90    232  1.5590e-05  3.6168e-03
   90    234  4.5848e-17  1.0728e-14
   91    231  3.6232e-10  8.3695e-08
   91    234  1.3730e-18  3.2128e-16
   92    234  4.4152e-10  1.0332e-07
   92    235  7.8089e-06  1.8351e-03
   92    236  4.2891e-08  1.0122e-05
   92    238  8.0323e-06  1.9117e-03
   92    240  2.1527e-18  5.1664e-16
   93    240  1.5198e-19  3.6475e-17
   94    239  2.3603e-17  5.6412e-15
   94    240  8.4906e-12  2.0378e-09
   94    244  1.0335e-07  2.5218e-05
   95    243  7.2155e-18  1.7534e-15
   96    244  2.8050e-17  6.8443e-15
   96    247  1.5229e-14  3.7616e-12
   97    246  1.4720e-09  3.6211e-07
  100    258  2.3641e-06  6.0995e-04
  100    260  1.9275e-06  5.0114e-04
  100    262  1.5791e-06  4.1373e-04
  102    261  1.3536e-06  3.5330e-04
  102    263  1.5515e-06  4.0805e-04
  102    264  1.6020e-06  4.2292e-04
  102    266  1.4202e-06  3.7777e-04
  103    265  1.0849e-06  2.8749e-04
  104    267  7.3981e-07  1.9753e-04
  104    268  6.5759e-07  1.7623e-04
  104    270  7.2524e-07  1.9581e-04
  104    272  4.8005e-07  1.3057e-04
  104    274  3.2646e-07  8.9451e-05
  105    269  1.0775e-06  2.8986e-04
  105    271  5.3724e-07  1.4559e-04
  106    273  3.4693e-07  9.4713e-05
  106    275  1.5011e-07  4.1281e-05
  106    276  1.2440e-07  3.4334e-05
  106    278  2.6504e-08  7.3682e-06
  106    280  2.3216e-09  6.5003e-07
  107    277  3.4077e-08  9.4392e-06
  108    279  6.5268e-09  1.8210e-06
  108    281  1.0337e-09  2.9048e-07
  108    282  1.6417e-09  4.6296e-07
  108    283  1.0910e-09  3.0875e-07
  108    284  1.6148e-09  4.5861e-07
  108    286  1.5442e-09  4.4163e-07
  110    285  1.5580e-09  4.4402e-07
  110    287  1.7525e-09  5.0296e-07
  110    288  1.4034e-09  4.0418e-07
  110    290  8.7729e-10  2.5441e-07
  111    289  7.8095e-10  2.2570e-07
  111    291  4.6251e-10  1.3459e-07
  111    292  3.5447e-09  1.0351e-06
  111    293  1.7033e-09  4.9906e-07
  111    294  2.2481e-09  6.6095e-07
  111    295  6.7456e-10  1.9900e-07
  111    296  1.1428e-09  3.3826e-07
  111    297  4.3032e-10  1.2780e-07
  111    298  6.0197e-11  1.7939e-08
  111    299  4.7052e-11  1.4068e-08
  111    300  1.5226e-11  4.5677e-09
  111    301  4.6985e-10  1.4143e-07
  111    302  6.7119e-10  2.0270e-07
  111    303  5.5132e-10  1.6705e-07
  111    304  4.7543e-10  1.4453e-07
  111    305  1.3458e-10  4.1048e-08
  111    306  4.1297e-10  1.2637e-07
  111    307  1.4411e-10  4.4243e-08
  111    308  1.3694e-10  4.2178e-08
  111    309  2.9677e-11  9.1703e-09
  111    310  7.0376e-11  2.1817e-08
  111    311  4.1323e-11  1.2851e-08
  111    312  2.3397e-11  7.2997e-09
  111    313  1.8185e-11  5.6919e-09
  111    314  4.0770e-11  1.2802e-08
  111    315  5.9781e-12  1.8831e-09
  111    316  4.9507e-11  1.5644e-08
  111    317  2.3812e-11  7.5484e-09
  111    318  1.1225e-11  3.5696e-09
  111    319  1.2791e-11  4.0803e-09
  111    320  6.9411e-12  2.2211e-09
  111    321  5.9532e-13  1.9110e-10
  111    322  4.3704e-13  1.4073e-10
  111    323  1.5016e-13  4.8503e-11
  111    324  2.2725e-13  7.3630e-11
  111    325  2.8037e-14  9.1120e-12
  111    326  4.0106e-14  1.3075e-11
  111    327  9.0782e-15  2.9686e-12
  111    328  4.3481e-16  1.4262e-13
  111    329  3.4513e-15  1.1355e-12
  111    330  8.4372e-16  2.7843e-13
  111    331  1.1417e-16  3.7790e-14
  111    332  9.4298e-17  3.1307e-14
  111    333  3.1744e-17  1.0571e-14
  111    334  9.2396e-17  3.0860e-14
  111    335  1.3717e-17  4.5953e-15
  111    336  6.4602e-18  2.1706e-15
  111    337  1.5229e-16  5.1323e-14
    1      1  1.8484e-09  1.8484e-09
    2      4  2.0709e-01  8.2835e-01


