    1      2  1.2414e-09  2.4829e-09
    2      3  3.9054e-11  1.1716e-10
    3      6  3.4975e-12  2.0985e-11
    3      7  7.0789e-11  4.9553e-10
    4      8  8.8163e-12  7.0531e-11
    4      9  6.2977e-13  5.6679e-12
    5     10  9.8189e-12  9.8189e-11
    5     11  7.3432e-11  8.0775e-10
    6     12  2.1038e-09  2.5246e-08
    6     13  2.6206e-09  3.4068e-08
    7     14  7.9403e-07  1.1116e-05
    7     15  3.9399e-07  5.9098e-06
    8     16  2.7546e-08  4.4074e-07
    8     17  7.0345e-10  1.1959e-08
    8     18  3.0760e-08  5.5368e-07
    9     19  1.6444e-07  3.1243e-06
   10     20  2.3376e-07  4.6752e-06
   10     21  2.9318e-07  6.1568e-06
   10     22  5.0056e-09  1.1012e-07
   11     23  1.8464e-07  4.2467e-06
   12     24  7.5238e-08  1.8057e-06
   12     25  7.0937e-08  1.7734e-06
   12     26  6.2096e-08  1.6145e-06
   13     26  8.6612e-19  2.2519e-17
   13     27  3.3214e-07  8.9678e-06
   14     28  9.9301e-07  2.7804e-05
   14     29  1.2450e-07  3.6105e-06
   14     30  5.4303e-08  1.6291e-06
   15     31  9.5567e-08  2.9626e-06
   16     32  1.2758e-07  4.0825e-06
   16     33  1.3531e-06  4.4652e-05
   16     34  1.0396e-06  3.5346e-05
   16     36  1.8500e-08  6.6601e-07
   17     35  1.2776e-08  4.4715e-07
   17     37  8.0672e-08  2.9849e-06
   18     36  8.1264e-20  2.9255e-18
   18     38  2.0825e-07  7.9133e-06
   18     40  7.2927e-07  2.9171e-05
   19     39  4.1626e-07  1.6234e-05
   19     41  5.0243e-08  2.0600e-06
   20     42  1.1030e-06  4.6325e-05
   20     43  5.6384e-07  2.4245e-05
   20     44  6.7652e-08  2.9767e-06
   20     46  1.4873e-07  6.8415e-06
   21     45  1.5646e-07  7.0405e-06
   22     47  2.0086e-07  9.4406e-06
   22     48  3.6371e-07  1.7458e-05
   22     49  4.7165e-07  2.3111e-05
   22     50  5.2384e-07  2.6192e-05
   23     51  9.8496e-08  5.0233e-06
   24     52  2.2072e-07  1.1477e-05
   24     53  1.3195e-07  6.9931e-06
   24     54  8.2986e-08  4.4813e-06
   25     55  1.2711e-07  6.9912e-06
   26     56  3.2818e-07  1.8378e-05
   26     57  6.2506e-07  3.5629e-05
   26     58  1.9230e-08  1.1153e-06
   27     59  2.5749e-08  1.5192e-06
   28     60  6.1516e-08  3.6910e-06
   28     61  1.0656e-07  6.4999e-06
   28     62  7.6494e-08  4.7426e-06
   28     64  1.5210e-07  9.7344e-06
   29     63  4.1312e-07  2.6026e-05
   29     65  1.4669e-07  9.5349e-06
   30     66  5.5792e-07  3.6822e-05
   30     67  2.4989e-07  1.6743e-05
   30     68  1.9535e-07  1.3284e-05
   30     70  7.1989e-07  5.0393e-05
   31     69  1.8345e-07  1.2658e-05
   31     71  1.2556e-07  8.9148e-06
   32     70  9.9432e-16  6.9603e-14
   32     72  2.8691e-07  2.0658e-05
   32     73  1.1853e-07  8.6529e-06
   32     74  5.3020e-07  3.9234e-05
   32     76  2.7512e-06  2.0909e-04
   33     75  2.5341e-06  1.9006e-04
   34     76  8.8943e-14  6.7596e-12
   34     77  3.6380e-06  2.8012e-04
   34     78  7.9318e-06  6.1868e-04
   34     80  2.3171e-05  1.8537e-03
   34     82  1.5123e-06  1.2401e-04
   35     79  1.2276e-05  9.6982e-04
   35     81  4.9691e-06  4.0250e-04
   36     82  1.8093e-13  1.4836e-11
   36     83  9.5702e-07  7.9433e-05
   36     84  1.1041e-06  9.2744e-05
   36     86  2.8762e-06  2.4736e-04
   37     85  1.2938e-06  1.0997e-04
   37     87  2.4345e-06  2.1180e-04
   38     86  1.4410e-20  1.2392e-18
   38     87  1.7826e-08  1.5509e-06
   38     88  1.8607e-06  1.6374e-04
   39     89  5.9360e-07  5.2830e-05
   40     90  1.0734e-06  9.6609e-05
   40     91  3.5787e-07  3.2566e-05
   40     92  1.6789e-06  1.5446e-04
   40     94  2.6285e-06  2.4708e-04
   41     93  9.2386e-07  8.5919e-05
   42     95  1.6567e-06  1.5739e-04
   42     96  1.1924e-06  1.1448e-04
   42     97  1.0897e-06  1.0570e-04
   42     98  3.0340e-07  2.9733e-05
   42    100  5.3869e-07  5.3869e-05
   44     99  3.9032e-07  3.8642e-05
   44    100  3.9687e-14  3.9687e-12
   44    101  8.1728e-07  8.2545e-05
   44    102  5.3862e-07  5.4939e-05
   44    104  6.6206e-07  6.8855e-05
   45    103  6.0336e-07  6.2146e-05
   46    104  6.2093e-19  6.4577e-17
   46    105  7.2597e-07  7.6226e-05
   46    106  1.3385e-06  1.4188e-04
   46    108  2.5903e-06  2.7975e-04
   46    110  3.2662e-06  3.5928e-04
   47    107  1.5038e-06  1.6091e-04
   47    109  2.5851e-06  2.8178e-04
   48    110  3.1156e-14  3.4271e-12
   48    111  6.3973e-07  7.1010e-05
   48    112  1.6225e-06  1.8172e-04
   48    113  5.8871e-07  6.6524e-05
   48    114  4.4395e-07  5.0610e-05
   48    116  3.8544e-08  4.4711e-06
   49    113  2.5910e-14  2.9278e-12
   49    115  2.9449e-07  3.3867e-05
   50    115  2.3496e-13  2.7021e-11
   50    116  1.7891e-14  2.0753e-12
   50    117  7.2304e-08  8.4596e-06
   50    118  8.0915e-08  9.5480e-06
   50    119  6.1469e-08  7.3148e-06
   50    120  3.2647e-07  3.9176e-05
   50    122  1.2402e-06  1.5130e-04
   50    124  2.2147e-05  2.7462e-03
   51    121  3.8737e-07  4.6872e-05
   51    123  1.9264e-06  2.3695e-04
   52    122  3.4569e-15  4.2174e-13
   52    124  1.9319e-16  2.3955e-14
   52    125  7.3076e-05  9.1345e-03
   52    126  2.9890e-04  3.7661e-02
   52    128  1.9811e-04  2.5358e-02
   52    130  9.4206e-05  1.2247e-02
   53    127  1.8959e-04  2.4078e-02
   53    129  7.6592e-13  9.8804e-11
   54    128  2.4123e-15  3.0877e-13
   54    129  4.9987e-04  6.4483e-02
   54    130  3.6473e-13  4.7415e-11
   54    131  1.6812e-05  2.2024e-03
   54    132  2.6925e-05  3.5541e-03
   54    134  3.3667e-05  4.5114e-03
   54    136  1.0541e-05  1.4336e-03
   55    133  4.0117e-05  5.3355e-03
   56    134  1.2235e-17  1.6395e-15
   56    135  1.7896e-05  2.4159e-03
   56    136  8.0172e-15  1.0903e-12
   56    137  9.8866e-06  1.3545e-03
   56    138  1.2924e-05  1.7835e-03
   57    139  3.7902e-06  5.2683e-04
   58    140  5.4637e-06  7.6492e-04
   58    142  1.1268e-05  1.6001e-03
   59    141  2.5469e-05  3.5912e-03
   60    142  1.4293e-17  2.0296e-15
   60    143  2.9065e-06  4.1564e-04
   60    144  1.3218e-06  1.9034e-04
   60    145  6.5599e-07  9.5119e-05
   60    146  1.2386e-06  1.8084e-04
   60    148  2.6771e-06  3.9621e-04
   60    150  2.9174e-06  4.3761e-04
   62    147  1.5060e-06  2.2138e-04
   62    148  1.3295e-13  1.9677e-11
   62    149  1.8982e-06  2.8283e-04
   62    150  1.2055e-12  1.8083e-10
   62    152  4.1168e-06  6.2575e-04
   62    154  4.9840e-06  7.6753e-04
   63    151  2.7803e-06  4.1982e-04
   63    153  2.8076e-06  4.2956e-04
   64    154  1.9346e-14  2.9792e-12
   64    155  2.4903e-06  3.8600e-04
   64    156  4.9765e-06  7.7634e-04
   64    157  3.6004e-06  5.6526e-04
   64    158  7.4576e-06  1.1783e-03
   64    160  6.0329e-06  9.6527e-04
   65    159  3.0171e-06  4.7972e-04
   66    160  4.6224e-15  7.3958e-13
   66    161  2.9314e-06  4.7195e-04
   66    162  5.9997e-06  9.7196e-04
   66    163  3.6878e-06  6.0111e-04
   66    164  9.2152e-06  1.5113e-03
   67    165  4.6184e-06  7.6203e-04
   68    166  9.1576e-06  1.5202e-03
   68    167  3.8907e-06  6.4975e-04
   68    168  5.9105e-06  9.9296e-04
   68    170  4.1426e-06  7.0424e-04
   69    169  6.1225e-06  1.0347e-03
   70    170  1.3791e-15  2.3445e-13
   70    171  3.2778e-06  5.6051e-04
   70    172  2.5472e-06  4.3812e-04
   70    173  2.2210e-06  3.8423e-04
   70    174  2.7396e-06  4.7670e-04
   70    176  1.5117e-06  2.6606e-04
   71    175  1.6745e-06  2.9303e-04
   71    176  8.2889e-17  1.4588e-14
   72    176  7.7606e-19  1.3659e-16
   72    177  1.7427e-06  3.0846e-04
   72    178  1.4605e-06  2.5996e-04
   72    179  1.1306e-06  2.0239e-04
   72    180  9.3108e-07  1.6759e-04
   73    181  8.9890e-07  1.6270e-04
   74    182  9.0280e-07  1.6431e-04
   74    183  4.4800e-07  8.1985e-05
   74    184  4.9191e-07  9.0512e-05
   74    186  5.2450e-07  9.7556e-05
   75    185  2.8966e-07  5.3588e-05
   75    187  3.7176e-07  6.9519e-05
   76    186  1.7528e-19  3.2602e-17
   76    187  3.0214e-09  5.6500e-07
   76    188  8.0073e-07  1.5054e-04
   76    189  1.0390e-06  1.9637e-04
   76    190  2.2017e-06  4.1832e-04
   76    192  3.0760e-06  5.9059e-04
   77    191  2.0945e-06  4.0004e-04
   77    193  3.9563e-06  7.6357e-04
   78    192  5.3805e-17  1.0331e-14
   78    194  4.1527e-06  8.0563e-04
   78    195  3.3051e-06  6.4450e-04
   78    196  1.5776e-06  3.0920e-04
   78    198  1.2356e-07  2.4465e-05
   79    197  5.8774e-07  1.1579e-04
   80    198  7.2693e-18  1.4393e-15
   80    199  1.4286e-08  2.8428e-06
   80    200  1.4215e-09  2.8431e-07
   80    201  2.1863e-10  4.3944e-08
   80    202  4.0355e-10  8.1517e-08
   80    204  4.1779e-10  8.5230e-08
   80    206  1.0503e-20  2.1637e-18
   81    203  4.8488e-10  9.8431e-08
   81    205  3.1480e-10  6.4534e-08
   82    206  8.6138e-10  1.7744e-07
   82    207  7.4292e-10  1.5378e-07
   82    208  7.4926e-10  1.5585e-07
   82    210  8.9503e-18  1.8796e-15
   83    209  5.9480e-10  1.2431e-07
   83    212  1.1835e-13  2.5090e-11
   86    220  4.2658e-15  9.3847e-13
   88    226  1.8949e-18  4.2824e-16
   88    228  9.9542e-17  2.2695e-14
   89    227  2.5725e-19  5.8397e-17
   90    230  8.9304e-17  2.0540e-14
   90    232  4.3572e-11  1.0109e-08
   91    231  3.8568e-16  8.9092e-14
   92    234  2.9080e-16  6.8047e-14
   92    235  8.3124e-12  1.9534e-09
   92    236  1.0695e-14  2.5241e-12
   92    238  5.2903e-12  1.2591e-09
   94    240  2.1159e-18  5.0782e-16
   94    244  2.5756e-14  6.2844e-12
   97    246  4.2055e-16  1.0345e-13
  100    258  1.0595e-13  2.7336e-11
  100    260  5.1980e-14  1.3515e-11
  100    262  1.8447e-14  4.8332e-12
  102    261  2.4094e-14  6.2884e-12
  102    263  1.2061e-14  3.1720e-12
  102    264  8.3045e-15  2.1924e-12
  102    266  3.7181e-15  9.8903e-13
  103    265  4.0455e-15  1.0721e-12
  104    267  1.1671e-15  3.1162e-13
  104    268  6.6592e-16  1.7847e-13
  104    270  2.3148e-16  6.2500e-14
  104    272  5.7119e-17  1.5536e-14
  104    274  1.1811e-17  3.2363e-15
  105    269  6.6572e-16  1.7908e-13
  105    271  1.0882e-16  2.9491e-14
  106    273  2.2895e-17  6.2504e-15
  106    275  4.5339e-18  1.2468e-15
  106    276  3.7984e-18  1.0483e-15
  106    278  1.0169e-18  2.8269e-16
  106    280  1.2330e-19  3.4525e-17
  107    277  1.0922e-18  3.0255e-16
  108    279  3.3569e-19  9.3658e-17
  108    281  3.4116e-20  9.5865e-18
  108    282  1.2653e-20  3.5682e-18
    1      1  1.3453e-09  1.3453e-09
    2      4  1.8968e-01  7.5873e-01


