1  1.0382e-09
2  2.3225e-15
3  5.0944e-21
4  9.6009e-02
5  0.0000e+00
6  3.3295e-19
7  1.7046e-20
8  8.6861e-22
9  3.3800e-19
10  5.1148e-19
11  2.4712e-20
12  2.6669e-07
13  1.0891e-12
14  6.3391e-17
15  9.0048e-21
16  1.2102e-09
17  1.1992e-16
18  4.8613e-19
19  1.9100e-21
20  1.2841e-09
21  1.5569e-15
22  2.7027e-19
23  1.5733e-13
24  1.7490e-09
25  1.3587e-11
26  4.0564e-12
27  3.3940e-10
28  6.2502e-09
29  4.8291e-10
30  6.4787e-09
31  1.5794e-09
32  2.5753e-09
33  5.1782e-10
34  1.0346e-08
35  5.7510e-09
36  2.7062e-08
37  6.3498e-09
38  1.6131e-08
39  2.1198e-09
40  2.4696e-09
41  5.3804e-10
42  5.0650e-09
43  9.2393e-10
44  2.0316e-09
45  4.8357e-09
46  1.2819e-07
47  7.7497e-09
48  3.9005e-08
49  1.5525e-08
50  4.4778e-07
51  8.2017e-08
52  1.2612e-08
53  2.2264e-08
54  5.9862e-07
55  4.9051e-09
56  3.6170e-07
57  8.2185e-08
58  4.2939e-09
59  8.3190e-10
60  5.6010e-08
61  3.3429e-08
62  9.1034e-07
63  4.0583e-07
64  4.3736e-08
65  1.6129e-07
66  4.1229e-06
67  1.4249e-06
68  5.9420e-07
69  8.8759e-08
70  1.0442e-07
71  3.2799e-07
72  1.5726e-07
73  3.8378e-07
74  6.6353e-06
75  6.8642e-07
76  1.7437e-06
77  2.1172e-07
78  4.7211e-07
79  1.1708e-06
80  1.8672e-05
81  1.6943e-06
82  3.0298e-05
83  2.1122e-06
84  1.5184e-06
85  1.9172e-06
86  1.7421e-04
87  9.8751e-06
88  1.3271e-04
89  1.0326e-04
90  1.7759e-04
91  6.8634e-06
92  2.0484e-03
93  3.6497e-04
94  3.5100e-05
95  1.9015e-04
96  1.3082e-04
97  1.1821e-05
98  9.3901e-04
99  4.7783e-05
100  8.2654e-04
101  6.2729e-05
102  3.3901e-04
103  9.3099e-05
104  5.1456e-05
105  4.2629e-05
106  3.2220e-04
107  3.9930e-05
108  3.5291e-05
109  6.9294e-05
110  3.6137e-06
111  4.4246e-06
112  5.2502e-05
113  4.4284e-06
114  3.7154e-06
115  9.0206e-06
116  2.5363e-06
117  1.0254e-06
118  1.7930e-06
119  4.4167e-07
120  2.5592e-07
121  3.9597e-07
122  2.0816e-07
123  2.4768e-08
124  5.0225e-08
125  3.1245e-08
126  1.8944e-07
127  4.7641e-08
128  4.8470e-08
129  1.5226e-08
130  1.0144e-08
131  6.6992e-10
132  4.7285e-11
133  2.7004e-13
134  1.1068e-14
135  9.1090e-18
136  4.1738e-19
137  1.1221e-19
138  1.6421e-20
139  9.4138e-24
140  1.5975e-22
141  2.0546e-24
142  2.7078e-33
143  0.0000e+00
144  0.0000e+00
145  0.0000e+00
146  0.0000e+00
147  0.0000e+00
148  0.0000e+00
149  0.0000e+00
150  0.0000e+00
151  0.0000e+00
152  0.0000e+00
153  0.0000e+00
154  0.0000e+00
155  0.0000e+00
156  0.0000e+00
157  0.0000e+00
158  0.0000e+00
159  0.0000e+00
160  0.0000e+00
161  0.0000e+00
162  0.0000e+00
163  0.0000e+00
164  0.0000e+00
165  0.0000e+00
166  0.0000e+00
167  0.0000e+00
168  0.0000e+00
169  0.0000e+00
170  0.0000e+00
171  0.0000e+00
172  0.0000e+00
173  0.0000e+00
174  0.0000e+00
175  0.0000e+00
176  0.0000e+00
177  0.0000e+00
178  0.0000e+00
179  0.0000e+00
180  0.0000e+00
181  0.0000e+00
182  0.0000e+00
183  0.0000e+00
184  0.0000e+00
185  0.0000e+00
186  0.0000e+00
187  0.0000e+00
188  0.0000e+00
189  0.0000e+00
190  0.0000e+00
191  0.0000e+00
192  0.0000e+00
193  0.0000e+00
194  0.0000e+00
195  0.0000e+00
196  0.0000e+00
197  0.0000e+00
198  0.0000e+00
199  0.0000e+00
200  0.0000e+00
201  0.0000e+00
202  0.0000e+00
203  0.0000e+00
204  0.0000e+00
205  0.0000e+00
206  0.0000e+00
207  0.0000e+00
208  0.0000e+00
209  0.0000e+00
210  0.0000e+00
211  0.0000e+00
212  0.0000e+00
213  0.0000e+00
214  0.0000e+00
215  0.0000e+00
216  0.0000e+00
217  0.0000e+00
218  0.0000e+00
219  0.0000e+00
220  0.0000e+00
221  0.0000e+00
222  0.0000e+00
223  0.0000e+00
224  0.0000e+00
225  0.0000e+00
226  0.0000e+00
227  0.0000e+00
228  0.0000e+00
229  0.0000e+00
230  0.0000e+00
231  0.0000e+00
232  0.0000e+00
233  0.0000e+00
234  0.0000e+00
235  0.0000e+00
236  0.0000e+00
237  0.0000e+00
238  0.0000e+00
239  0.0000e+00
240  0.0000e+00
241  0.0000e+00
242  0.0000e+00
243  0.0000e+00
244  0.0000e+00
245  0.0000e+00
246  0.0000e+00
247  0.0000e+00
248  0.0000e+00
249  0.0000e+00
250  0.0000e+00
251  0.0000e+00
252  0.0000e+00
253  0.0000e+00
254  0.0000e+00
255  0.0000e+00
256  0.0000e+00
257  0.0000e+00
258  0.0000e+00
259  0.0000e+00
260  0.0000e+00
261  0.0000e+00
262  0.0000e+00
263  0.0000e+00
264  0.0000e+00
265  0.0000e+00
266  0.0000e+00
267  0.0000e+00
268  0.0000e+00
269  0.0000e+00
270  0.0000e+00
271  0.0000e+00
272  0.0000e+00
273  0.0000e+00
274  0.0000e+00
275  0.0000e+00
276  0.0000e+00
277  0.0000e+00
278  0.0000e+00
279  0.0000e+00
280  0.0000e+00
281  0.0000e+00
282  0.0000e+00
283  0.0000e+00
284  0.0000e+00
285  0.0000e+00
286  0.0000e+00
287  0.0000e+00
288  0.0000e+00
289  0.0000e+00
290  0.0000e+00
291  0.0000e+00
292  0.0000e+00
293  0.0000e+00
294  0.0000e+00
295  0.0000e+00
296  0.0000e+00
297  0.0000e+00
298  0.0000e+00
299  0.0000e+00
300  0.0000e+00
301  0.0000e+00
302  0.0000e+00
303  0.0000e+00
304  0.0000e+00
305  0.0000e+00
306  0.0000e+00
307  0.0000e+00
308  0.0000e+00
309  0.0000e+00
310  0.0000e+00
311  0.0000e+00
312  0.0000e+00
313  0.0000e+00
314  0.0000e+00
315  0.0000e+00
316  0.0000e+00
317  0.0000e+00
318  0.0000e+00
319  0.0000e+00
320  0.0000e+00
321  0.0000e+00
322  0.0000e+00
323  0.0000e+00
324  0.0000e+00
325  0.0000e+00
326  0.0000e+00
327  0.0000e+00
328  0.0000e+00
329  0.0000e+00
330  0.0000e+00
331  0.0000e+00
332  0.0000e+00
333  0.0000e+00
334  0.0000e+00
335  0.0000e+00
336  0.0000e+00
337  0.0000e+00

