1  9.6542e-07
2  2.1104e-08
3  1.4230e-09
4  2.0528e-01
5  0.0000e+00
6  1.4456e-11
7  2.3204e-09
8  3.5508e-08
9  1.7511e-08
10  2.7265e-07
11  1.2521e-09
12  6.0520e-09
13  2.3540e-08
14  4.5926e-08
15  1.2407e-05
16  1.3689e-06
17  5.5740e-08
18  1.7065e-07
19  9.7492e-07
20  1.5825e-06
21  1.3167e-06
22  1.7544e-08
23  7.5799e-07
24  3.1494e-07
25  2.9046e-07
26  1.6337e-07
27  1.3638e-07
28  1.7426e-07
29  7.1069e-08
30  8.0346e-08
31  2.1777e-08
32  9.3364e-08
33  2.2894e-07
34  2.0638e-07
35  1.7685e-08
36  2.2259e-08
37  3.5052e-09
38  1.5802e-08
39  1.4349e-08
40  3.2626e-09
41  9.6533e-09
42  3.7624e-08
43  8.3629e-09
44  1.6291e-08
45  1.4140e-08
46  1.4806e-09
47  2.0141e-09
48  2.8308e-09
49  1.9825e-09
50  1.6877e-09
51  2.0594e-09
52  1.2777e-09
53  1.1997e-08
54  1.6978e-09
55  2.0128e-10
56  5.5836e-09
57  3.5833e-09
58  9.6905e-10
59  1.2518e-10
60  3.8101e-10
61  2.1203e-10
62  3.3649e-10
63  2.5153e-08
64  4.7726e-09
65  5.9115e-09
66  8.7835e-09
67  6.7090e-08
68  1.3302e-08
69  4.4012e-09
70  2.7772e-08
71  9.3239e-09
72  1.1271e-08
73  1.2555e-08
74  4.6777e-08
75  1.9996e-08
76  5.4759e-09
77  1.9944e-08
78  1.9758e-08
79  2.8805e-08
80  2.6025e-07
81  1.0213e-07
82  1.7711e-07
83  1.8473e-07
84  1.4614e-08
85  4.2808e-08
86  3.0185e-08
87  6.7838e-08
88  9.6713e-09
89  3.0056e-08
90  2.9513e-08
91  5.6876e-08
92  4.0019e-08
93  4.2708e-08
94  1.3489e-07
95  6.8222e-08
96  2.2578e-08
97  6.0376e-08
98  1.1744e-08
99  1.0464e-08
100  1.7512e-08
101  9.4899e-09
102  1.4504e-08
103  2.0410e-08
104  8.9015e-09
105  2.2192e-09
106  1.3199e-08
107  1.1612e-08
108  2.4538e-08
109  3.4281e-08
110  6.6563e-08
111  1.0736e-08
112  4.2486e-08
113  3.6933e-08
114  5.2646e-08
115  5.7504e-08
116  1.0357e-08
117  5.9845e-09
118  1.1369e-09
119  1.0799e-09
120  5.7958e-09
121  2.2458e-08
122  1.0111e-08
123  1.3164e-08
124  1.1700e-08
125  1.6675e-07
126  1.4549e-07
127  5.4789e-07
128  6.1817e-07
129  1.0700e-06
130  2.8205e-07
131  1.5969e-07
132  1.2534e-07
133  6.2869e-08
134  5.6151e-08
135  3.8495e-08
136  9.0826e-08
137  4.5457e-08
138  1.3341e-07
139  1.6092e-08
140  5.1463e-08
141  6.3926e-08
142  3.2149e-08
143  1.8852e-08
144  1.5098e-08
145  2.3516e-09
146  9.5080e-09
147  1.4870e-08
148  8.0390e-09
149  1.1794e-09
150  1.8080e-09
151  1.0093e-10
152  4.4548e-10
153  3.4968e-10
154  1.8539e-10
155  7.2386e-09
156  1.2935e-09
157  6.0564e-10
158  2.5773e-09
159  7.1960e-11
160  1.0334e-10
161  6.7942e-11
162  3.0436e-11
163  4.5945e-11
164  2.2459e-11
165  3.3489e-11
166  1.6692e-11
167  5.2395e-11
168  3.0444e-11
169  4.7201e-10
170  2.1160e-11
171  1.5438e-10
172  2.9030e-11
173  2.0027e-11
174  1.3687e-10
175  2.0685e-11
176  2.8522e-11
177  2.8258e-10
178  1.0137e-10
179  7.8646e-11
180  2.4215e-10
181  5.1580e-10
182  3.7593e-09
183  1.1876e-08
184  9.6069e-09
185  4.7589e-09
186  4.8259e-09
187  1.0169e-08
188  1.4212e-08
189  2.7019e-08
190  1.5278e-08
191  1.1866e-07
192  1.6989e-08
193  4.5066e-09
194  3.1835e-08
195  7.0316e-08
196  4.6672e-08
197  1.2731e-07
198  6.6011e-08
199  1.8565e-08
200  3.9313e-06
201  2.1422e-06
202  3.9990e-06
203  3.7825e-06
204  2.4033e-06
205  1.2782e-06
206  2.3061e-06
207  2.8533e-06
208  8.4723e-07
209  1.1927e-06
210  4.8082e-14
211  3.8274e-19
212  1.1728e-19
213  5.0947e-44
214  2.5182e-20
215  1.5833e-25
216  1.3589e-25
217  1.7370e-91
218  4.3277e-22
219  1.4810e-22
220  5.2108e-23
221  -6.8502e-320
222  7.6825e-19
223  3.6948e-17
224  2.9429e-19
225  3.0705e-40
226  1.1755e-13
227  2.5753e-14
228  9.4638e-13
229  1.1453e-29
230  5.5403e-12
231  3.8520e-11
232  4.1424e-07
233  6.8444e-26
234  1.8041e-11
235  8.3021e-07
236  2.5229e-09
237  -1.9270e-318
238  3.2820e-07
239  9.7307e-18
240  4.9952e-13
241  0.0000e+00
242  1.2349e-109
243  2.9747e-18
244  6.0803e-09
245  0.0000e+00
246  1.0261e-10
247  6.2784e-15
248  9.9502e-109
249  0.0000e+00
250  0.0000e+00
251  1.1648e-314
252  0.0000e+00
253  0.0000e+00
254  0.0000e+00
255  0.0000e+00
256  0.0000e+00
257  7.4312e-26
258  6.6274e-07
259  7.9519e-26
260  1.0449e-06
261  7.1238e-07
262  4.4468e-07
263  2.9379e-07
264  3.5329e-07
265  4.0289e-07
266  4.3762e-07
267  3.2915e-07
268  5.7626e-07
269  1.7746e-06
270  1.6223e-06
271  1.4509e-06
272  2.4247e-06
273  2.5005e-06
274  7.7780e-06
275  2.3019e-05
276  5.8128e-05
277  2.1666e-05
278  7.0699e-05
279  7.1717e-05
280  3.7147e-05
281  1.2734e-05
282  2.6760e-05
283  3.3801e-06
284  6.3317e-07
285  2.7752e-08
286  7.4008e-09
287  1.8386e-09
288  7.4374e-10
289  3.2248e-10
290  1.7078e-09
291  1.0907e-10
292  1.4669e-08
293  6.6060e-09
294  3.8363e-08
295  3.2182e-08
296  2.2470e-08
297  7.3649e-09
298  1.5545e-08
299  2.2498e-15
300  7.7880e-10
301  3.1467e-07
302  1.0599e-07
303  1.2595e-07
304  2.4345e-07
305  4.1067e-07
306  8.9903e-07
307  5.6963e-07
308  7.2412e-07
309  1.3649e-06
310  8.2147e-07
311  1.0887e-06
312  8.0570e-07
313  8.5343e-07
314  5.5191e-07
315  7.3372e-07
316  1.0721e-06
317  1.3135e-06
318  1.4006e-06
319  1.6793e-06
320  2.4930e-06
321  1.2726e-06
322  1.9133e-06
323  2.4267e-06
324  1.8297e-06
325  1.6694e-06
326  3.3599e-06
327  4.4288e-06
328  5.5937e-06
329  2.9201e-05
330  3.6270e-06
331  6.8064e-06
332  1.3581e-05
333  7.2388e-06
334  1.7227e-06
335  1.5217e-06
336  1.3041e-06
337  1.2180e-04

