1  1.6827e-06
2  4.0941e-08
3  2.2622e-09
4  2.0648e-01
5  0.0000e+00
6  4.4348e-12
7  1.6191e-09
8  7.4775e-08
9  3.7952e-08
10  3.7930e-07
11  7.6016e-10
12  2.6685e-09
13  6.3532e-09
14  8.2908e-08
15  4.8331e-06
16  8.3039e-06
17  3.3257e-07
18  4.8448e-07
19  8.8452e-07
20  1.6881e-06
21  1.8600e-06
22  3.2152e-08
23  5.8829e-07
24  3.0357e-07
25  1.6361e-07
26  1.6112e-07
27  9.4493e-08
28  1.1550e-07
29  5.5974e-08
30  1.1636e-07
31  2.1602e-08
32  1.0788e-07
33  1.7753e-07
34  2.3362e-07
35  3.3020e-08
36  4.2028e-08
37  3.5643e-09
38  1.2826e-08
39  1.1227e-08
40  2.5132e-09
41  3.4619e-09
42  1.3510e-08
43  3.1369e-09
44  9.6829e-09
45  7.9591e-09
46  1.0107e-09
47  4.8765e-10
48  4.9056e-10
49  4.0275e-10
50  3.6132e-10
51  5.8175e-10
52  2.4454e-10
53  4.4870e-09
54  6.3382e-10
55  6.5111e-11
56  1.7623e-09
57  7.0880e-10
58  5.7105e-10
59  8.0301e-11
60  1.2534e-10
61  3.9079e-11
62  1.0097e-10
63  8.6307e-09
64  3.2369e-09
65  1.8172e-09
66  2.8359e-09
67  2.2691e-08
68  8.1999e-09
69  2.3227e-09
70  1.1775e-08
71  4.7027e-09
72  3.6148e-09
73  3.9920e-09
74  2.9553e-08
75  1.1793e-08
76  4.2929e-09
77  9.0026e-09
78  6.0008e-09
79  1.0947e-08
80  1.0689e-07
81  3.7397e-08
82  7.3899e-08
83  7.9011e-08
84  4.9129e-09
85  1.7332e-08
86  7.0310e-09
87  3.1726e-08
88  2.0593e-09
89  6.0760e-09
90  6.8420e-09
91  1.5905e-08
92  1.4843e-08
93  1.3057e-08
94  3.9541e-08
95  2.6611e-08
96  9.3970e-09
97  1.9424e-08
98  5.6355e-09
99  3.1427e-09
100  6.2623e-09
101  2.7579e-09
102  4.6452e-09
103  5.6449e-09
104  4.8213e-09
105  7.7791e-10
106  3.0582e-09
107  2.3870e-09
108  6.9202e-09
109  6.2904e-09
110  1.8997e-08
111  3.8150e-09
112  1.0524e-08
113  7.1150e-09
114  1.6956e-08
115  1.1849e-08
116  5.7334e-09
117  1.6314e-09
118  5.0702e-10
119  1.9673e-10
120  1.0125e-09
121  6.2820e-09
122  3.9939e-09
123  3.0476e-09
124  2.5116e-09
125  3.9223e-08
126  2.3818e-08
127  1.1663e-07
128  1.3085e-07
129  2.3394e-07
130  6.0241e-08
131  2.7465e-08
132  2.3981e-08
133  1.4470e-08
134  1.1679e-08
135  6.4194e-09
136  1.6152e-08
137  5.0121e-09
138  2.3319e-08
139  1.9248e-09
140  7.1734e-09
141  1.3801e-08
142  8.7555e-09
143  5.0079e-09
144  4.1703e-09
145  5.4677e-10
146  2.0136e-09
147  2.4002e-09
148  1.9376e-09
149  3.2690e-10
150  3.0854e-10
151  1.8270e-11
152  5.2901e-11
153  2.2925e-11
154  1.7263e-11
155  3.4051e-10
156  1.2607e-10
157  4.7676e-11
158  1.7162e-10
159  5.6293e-12
160  8.6174e-12
161  5.5433e-12
162  2.6193e-12
163  3.4538e-12
164  1.7530e-12
165  2.5899e-12
166  1.1219e-12
167  3.3347e-12
168  1.8572e-12
169  2.3615e-11
170  1.1209e-12
171  8.6781e-12
172  1.5333e-12
173  1.0225e-12
174  7.3079e-12
175  1.0785e-12
176  1.4039e-12
177  1.2439e-11
178  3.7279e-12
179  2.7388e-12
180  7.0348e-12
181  1.2627e-11
182  2.1983e-11
183  4.5460e-11
184  2.8057e-11
185  1.4010e-11
186  1.3824e-11
187  3.0418e-11
188  4.0131e-11
189  9.0758e-11
190  4.7316e-11
191  5.6379e-10
192  7.8914e-11
193  1.6350e-11
194  1.1091e-10
195  3.1459e-10
196  1.9352e-10
197  8.4061e-10
198  3.6221e-10
199  9.0189e-11
200  1.4479e-07
201  8.7098e-08
202  2.0543e-07
203  2.4657e-07
204  1.9727e-07
205  1.2176e-07
206  7.3455e-07
207  9.6113e-07
208  9.1055e-07
209  1.0022e-06
210  2.3033e-15
211  4.5180e-20
212  7.0933e-21
213  3.0300e-44
214  1.2063e-21
215  3.8276e-26
216  8.2186e-27
217  1.8033e-91
218  2.0731e-23
219  1.7500e-23
220  3.1514e-24
221  -8.1521e-321
222  3.6801e-20
223  4.3615e-18
224  1.7798e-20
225  2.4094e-40
226  5.6312e-15
227  3.0400e-15
228  5.7236e-14
229  9.0422e-30
230  2.6540e-13
231  4.5471e-12
232  2.5053e-08
233  3.2512e-27
234  8.6420e-13
235  9.8002e-08
236  6.3817e-11
237  -1.8647e-318
238  1.5722e-08
239  1.5309e-18
240  1.2631e-14
241  0.0000e+00
242  2.1830e-100
243  4.6799e-19
244  1.5375e-10
245  0.0000e+00
246  2.4529e-12
247  9.8775e-16
248  7.0101e-100
249  0.0000e+00
250  0.0000e+00
251  -1.7201e-315
252  0.0000e+00
253  0.0000e+00
254  0.0000e+00
255  0.0000e+00
256  0.0000e+00
257  5.1995e-26
258  3.2248e-08
259  9.6385e-26
260  3.4536e-07
261  3.5240e-07
262  1.9027e-07
263  5.9940e-08
264  6.7717e-08
265  7.3580e-08
266  7.3958e-08
267  5.2359e-08
268  9.5164e-08
269  2.9267e-07
270  2.5064e-07
271  2.1510e-07
272  3.5742e-07
273  3.4822e-07
274  1.1180e-06
275  4.3534e-06
276  1.3048e-05
277  5.2022e-06
278  2.0191e-05
279  2.6834e-05
280  1.5861e-05
281  5.5749e-06
282  1.6003e-05
283  2.2282e-06
284  4.5513e-07
285  2.8939e-08
286  7.0460e-09
287  2.6982e-09
288  1.1962e-09
289  5.4136e-10
290  1.4602e-09
291  8.5629e-11
292  5.5786e-09
293  1.8779e-09
294  1.1507e-08
295  1.0172e-08
296  7.1239e-09
297  2.3067e-09
298  4.8616e-09
299  7.3898e-16
300  2.4658e-10
301  1.0082e-07
302  3.6684e-08
303  4.2265e-08
304  7.8115e-08
305  1.4578e-07
306  3.0837e-07
307  2.1141e-07
308  2.6926e-07
309  5.7718e-07
310  3.3450e-07
311  4.4964e-07
312  3.1526e-07
313  3.7268e-07
314  2.1876e-07
315  2.7999e-07
316  3.9074e-07
317  5.1818e-07
318  5.3628e-07
319  6.3006e-07
320  9.1389e-07
321  5.1580e-07
322  7.2443e-07
323  9.6464e-07
324  7.1740e-07
325  7.4724e-07
326  1.8962e-06
327  3.2468e-06
328  9.0938e-07
329  1.7090e-05
330  2.8666e-06
331  3.1975e-06
332  8.0336e-06
333  4.4734e-06
334  1.6375e-06
335  1.9504e-06
336  4.7644e-07
337  3.6332e-04

