1  1.5646e-02
2  5.5453e-04
3  8.4528e-06
4  5.0001e+04
5  0.0000e+00
6  4.0726e-23
7  1.3815e-10
8  2.1796e-07
9  2.0133e-10
10  2.8896e-09
11  5.8956e-09
12  4.2441e-09
13  8.2167e-09
14  1.3750e-06
15  1.1644e-06
16  3.5786e-06
17  3.8344e-08
18  1.0666e-06
19  6.1824e-08
20  1.8928e-06
21  7.3268e-08
22  2.4321e-06
23  1.0910e-06
24  2.6327e-06
25  9.4200e-07
26  1.2588e-06
27  1.3605e-08
28  4.7697e-07
29  4.0645e-08
30  7.6728e-09
31  1.3998e-08
32  2.0659e-07
33  1.8317e-08
34  1.8076e-07
35  2.3050e-08
36  5.4737e-07
37  3.0675e-08
38  1.4366e-07
39  3.8252e-09
40  6.1267e-10
41  6.6471e-11
42  6.0067e-10
43  9.2548e-11
44  1.1870e-09
45  2.2188e-10
46  6.4253e-10
47  2.4278e-10
48  1.1308e-08
49  3.6760e-10
50  4.1892e-10
51  8.5139e-11
52  1.4669e-10
53  7.5383e-11
54  1.0042e-10
55  2.5935e-11
56  5.3737e-11
57  4.9906e-11
58  3.1910e-10
59  3.5817e-12
60  1.0571e-09
61  3.0300e-12
62  2.4683e-11
63  6.2129e-11
64  6.2189e-10
65  3.2762e-12
66  3.6456e-11
67  4.6816e-12
68  5.0265e-11
69  5.9730e-12
70  6.9892e-11
71  9.2360e-12
72  5.7608e-11
73  1.5863e-11
74  1.3948e-10
75  4.1414e-11
76  1.9839e-10
77  6.8645e-12
78  1.7953e-10
79  5.7730e-11
80  5.1026e-10
81  5.4435e-11
82  4.2801e-10
83  1.4719e-11
84  5.9565e-11
85  8.2165e-11
86  2.5718e-10
87  9.3802e-11
88  9.7596e-11
89  7.8567e-11
90  6.5660e-11
91  1.9606e-11
92  4.5817e-11
93  4.9615e-11
94  5.4179e-11
95  2.1556e-11
96  1.6153e-10
97  2.6510e-11
98  5.6100e-11
99  1.5802e-11
100  5.0352e-11
101  6.8982e-12
102  1.8639e-11
103  7.4478e-12
104  1.7011e-11
105  8.8947e-12
106  1.6511e-11
107  6.4812e-12
108  2.3045e-11
109  6.0125e-12
110  3.3472e-11
111  5.4368e-12
112  1.3502e-11
113  9.1100e-12
114  3.1414e-11
115  1.8905e-11
116  2.3059e-11
117  3.8521e-12
118  2.5507e-11
119  9.2656e-12
120  4.5323e-11
121  1.2427e-11
122  7.5590e-11
123  2.6149e-12
124  7.1798e-11
125  2.3158e-11
126  1.4385e-10
127  7.7170e-12
128  1.2322e-10
129  5.2137e-11
130  3.0666e-10
131  8.0336e-10
132  2.9894e-09
133  3.5069e-09
134  6.4254e-09
135  2.5611e-09
136  1.3149e-09
137  4.3659e-11
138  1.2292e-10
139  1.0207e-10
140  2.1103e-10
141  1.4214e-11
142  7.6491e-12
143  1.1482e-11
144  3.2977e-11
145  3.0331e-12
146  8.0610e-12
147  9.1547e-12
148  1.2684e-11
149  8.0143e-13
150  1.6153e-11
151  9.5139e-13
152  3.8791e-12
153  1.9273e-12
154  3.2202e-12
155  4.8051e-13
156  1.6238e-12
157  4.1483e-13
158  7.1798e-13
159  1.5807e-13
160  1.7033e-12
161  1.1998e-13
162  3.3413e-13
163  1.4096e-13
164  2.9161e-13
165  3.1181e-13
166  4.7060e-13
167  3.1904e-13
168  2.9605e-13
169  8.9295e-13
170  3.9272e-13
171  3.1739e-13
172  1.5000e-13
173  1.0150e-13
174  7.4032e-13
175  1.9251e-13
176  3.8415e-13
177  2.4473e-13
178  2.0887e-13
179  1.8749e-13
180  3.0114e-13
181  1.7878e-12
182  9.9320e-13
183  1.6738e-13
184  6.9065e-14
185  3.8699e-14
186  5.7079e-14
187  1.2788e-13
188  5.5469e-14
189  2.7281e-13
190  2.0895e-13
191  5.0835e-13
192  2.3238e-12
193  2.0181e-13
194  6.6318e-13
195  5.1184e-13
196  5.0674e-13
197  1.0057e-12
198  2.1392e-12
199  1.5633e-13
200  4.0121e-13
201  3.1227e-13
202  5.2005e-13
203  7.4046e-13
204  1.9351e-12
205  1.8401e-12
206  6.3949e-12
207  1.1559e-08
208  9.4546e-12
209  7.4894e-07
210  5.4418e-19
211  2.1475e-25
212  7.1390e-24
213  0.0000e+00
214  2.7296e-15
215  1.3159e-47
216  8.1597e-30
217  0.0000e+00
218  1.8803e-16
219  4.4839e-15
220  3.1288e-27
221  2.2752e-320
222  1.4314e-24
223  1.0219e-22
224  1.7161e-24
225  -8.0988e-40
226  2.1903e-19
227  7.1229e-20
228  5.5187e-18
229  5.9615e-30
230  1.0323e-17
231  1.0654e-16
232  2.4156e-12
233  6.8441e-26
234  3.3614e-17
235  2.2962e-12
236  1.4935e-14
237  1.8777e-318
238  6.1151e-13
239  1.6007e-22
240  2.8786e-18
241  0.0000e+00
242  2.2838e-88
243  4.8931e-23
244  3.5039e-14
245  0.0000e+00
246  1.4127e-16
247  1.0327e-19
248  -1.2451e-88
249  0.0000e+00
250  0.0000e+00
251  1.6736e-314
252  0.0000e+00
253  0.0000e+00
254  0.0000e+00
255  0.0000e+00
256  0.0000e+00
257  8.7312e-26
258  3.2597e-12
259  6.4846e-26
260  4.2357e-11
261  7.3380e-11
262  2.0770e-10
263  7.8443e-11
264  6.4232e-11
265  6.5241e-11
266  4.5099e-12
267  4.1144e-13
268  5.4350e-13
269  1.5258e-12
270  4.0794e-13
271  2.2626e-13
272  3.6975e-13
273  2.8964e-13
274  2.1173e-13
275  1.2846e-12
276  4.6714e-12
277  1.3046e-12
278  1.8264e-12
279  1.9659e-11
280  3.4256e-11
281  1.8107e-11
282  5.2014e-10
283  3.3472e-10
284  8.8806e-09
285  2.1480e-08
286  9.5307e-09
287  1.4320e-08
288  6.1783e-09
289  3.1258e-09
290  6.1652e-09
291  4.5577e-10
292  7.8837e-09
293  7.2588e-10
294  8.5283e-10
295  1.6920e-10
296  5.6305e-11
297  6.7046e-12
298  7.1172e-12
299  3.7198e-16
300  4.9729e-14
301  2.5528e-13
302  7.6306e-13
303  9.3585e-14
304  1.5618e-13
305  5.2050e-15
306  2.4913e-14
307  5.5076e-16
308  4.5956e-16
309  3.3131e-17
310  2.2936e-17
311  8.4644e-18
312  4.5938e-18
313  1.1717e-18
314  8.6500e-18
315  9.2918e-19
316  8.2650e-19
317  2.7779e-19
318  4.7794e-14
319  5.3018e-16
320  6.1305e-15
321  3.9625e-17
322  5.3776e-16
323  8.8070e-17
324  1.0486e-16
325  3.9523e-17
326  1.8096e-17
327  1.2677e-16
328  4.2070e-17
329  7.9831e-14
330  1.2045e-14
331  4.5862e-13
332  4.7449e-14
333  3.3564e-12
334  2.3297e-13
335  9.3692e-12
336  3.5420e-13
337  4.4538e-04

