1  2.3898e-10
2  3.8217e-16
3  8.5218e-22
4  1.1474e-01
5  0.0000e+00
6  1.1488e-19
7  4.8914e-21
8  1.5433e-21
9  3.6770e-19
10  2.1989e-19
11  4.7966e-22
12  1.3406e-07
13  9.9251e-14
14  4.0910e-18
15  1.3498e-17
16  2.8613e-09
17  3.2711e-16
18  7.0092e-19
19  8.2728e-19
20  3.1159e-09
21  5.7805e-15
22  1.5281e-18
23  3.8373e-13
24  2.3770e-09
25  2.6020e-10
26  1.9234e-10
27  1.5959e-10
28  1.8806e-09
29  1.3346e-09
30  3.7182e-09
31  2.6434e-09
32  8.1691e-09
33  3.0473e-09
34  8.8913e-09
35  3.1298e-09
36  5.6432e-09
37  7.0584e-09
38  1.3930e-08
39  2.4181e-09
40  2.2622e-10
41  3.0500e-10
42  1.1363e-07
43  1.2099e-09
44  2.4275e-09
45  2.1893e-09
46  9.2472e-09
47  7.6222e-08
48  3.4636e-07
49  1.5613e-08
50  2.5275e-08
51  2.1681e-07
52  2.0658e-06
53  2.0477e-07
54  7.7137e-08
55  2.8112e-09
56  2.7245e-06
57  1.0095e-07
58  4.8825e-07
59  5.9633e-07
60  1.2981e-07
61  3.9706e-08
62  9.1230e-08
63  5.8555e-07
64  2.2330e-06
65  1.2840e-06
66  3.7439e-07
67  2.9766e-07
68  1.5239e-07
69  7.9779e-07
70  1.6325e-06
71  1.6474e-06
72  2.2720e-06
73  1.3178e-06
74  1.7196e-06
75  8.9529e-07
76  2.5421e-06
77  7.4722e-06
78  1.1408e-05
79  6.3986e-06
80  3.5237e-05
81  2.7150e-06
82  8.8310e-07
83  7.7442e-06
84  3.8869e-05
85  4.7002e-06
86  9.4309e-07
87  9.9406e-06
88  2.2868e-04
89  2.0369e-05
90  1.3441e-05
91  4.9195e-05
92  4.5716e-05
93  4.6650e-05
94  1.1349e-03
95  2.0649e-05
96  7.6625e-05
97  3.8259e-05
98  3.2088e-05
99  2.1208e-04
100  1.0170e-04
101  1.7274e-04
102  1.3206e-03
103  2.1797e-04
104  4.1050e-04
105  2.1352e-04
106  1.2518e-04
107  7.4256e-05
108  3.5347e-04
109  1.0260e-04
110  4.9349e-05
111  1.3755e-05
112  8.0720e-05
113  1.3827e-05
114  3.3132e-05
115  1.1954e-05
116  1.6108e-05
117  1.3421e-05
118  1.7217e-06
119  1.0485e-06
120  8.6876e-06
121  1.9825e-06
122  7.1435e-07
123  3.0547e-07
124  7.9068e-07
125  9.7415e-07
126  4.4197e-07
127  8.6255e-07
128  1.8234e-06
129  4.9858e-07
130  9.9489e-08
131  3.7770e-09
132  1.9587e-10
133  3.5487e-13
134  6.6243e-15
135  7.6191e-17
136  2.4745e-15
137  1.1579e-17
138  7.3238e-18
139  1.2788e-18
140  1.6358e-19
141  5.3229e-21
142  6.3389e-20
143  4.3325e-22
144  7.9554e-22
145  4.1529e-22
146  5.9404e-23
147  1.1225e-23
148  1.2139e-24
149  3.0266e-25
150  9.8695e-24
151  3.6585e-24
152  3.3449e-24
153  9.1351e-25
154  4.7429e-25
155  0.0000e+00
156  0.0000e+00
157  0.0000e+00
158  0.0000e+00
159  0.0000e+00
160  0.0000e+00
161  0.0000e+00
162  0.0000e+00
163  0.0000e+00
164  0.0000e+00
165  0.0000e+00
166  0.0000e+00
167  0.0000e+00
168  0.0000e+00
169  0.0000e+00
170  0.0000e+00
171  0.0000e+00
172  0.0000e+00
173  0.0000e+00
174  0.0000e+00
175  0.0000e+00
176  0.0000e+00
177  0.0000e+00
178  0.0000e+00
179  0.0000e+00
180  0.0000e+00
181  0.0000e+00
182  0.0000e+00
183  0.0000e+00
184  0.0000e+00
185  0.0000e+00
186  0.0000e+00
187  0.0000e+00
188  0.0000e+00
189  0.0000e+00
190  0.0000e+00
191  0.0000e+00
192  0.0000e+00
193  0.0000e+00
194  0.0000e+00
195  0.0000e+00
196  0.0000e+00
197  0.0000e+00
198  0.0000e+00
199  0.0000e+00
200  0.0000e+00
201  0.0000e+00
202  0.0000e+00
203  0.0000e+00
204  0.0000e+00
205  0.0000e+00
206  0.0000e+00
207  0.0000e+00
208  0.0000e+00
209  0.0000e+00
210  0.0000e+00
211  0.0000e+00
212  0.0000e+00
213  0.0000e+00
214  0.0000e+00
215  0.0000e+00
216  0.0000e+00
217  0.0000e+00
218  0.0000e+00
219  0.0000e+00
220  0.0000e+00
221  0.0000e+00
222  0.0000e+00
223  0.0000e+00
224  0.0000e+00
225  0.0000e+00
226  0.0000e+00
227  0.0000e+00
228  0.0000e+00
229  0.0000e+00
230  0.0000e+00
231  0.0000e+00
232  0.0000e+00
233  0.0000e+00
234  0.0000e+00
235  0.0000e+00
236  0.0000e+00
237  0.0000e+00
238  0.0000e+00
239  0.0000e+00
240  0.0000e+00
241  0.0000e+00
242  0.0000e+00
243  0.0000e+00
244  0.0000e+00
245  0.0000e+00
246  0.0000e+00
247  0.0000e+00
248  0.0000e+00
249  0.0000e+00
250  0.0000e+00
251  0.0000e+00
252  0.0000e+00
253  0.0000e+00
254  0.0000e+00
255  0.0000e+00
256  0.0000e+00
257  0.0000e+00
258  0.0000e+00
259  0.0000e+00
260  0.0000e+00
261  0.0000e+00
262  0.0000e+00
263  0.0000e+00
264  0.0000e+00
265  0.0000e+00
266  0.0000e+00
267  0.0000e+00
268  0.0000e+00
269  0.0000e+00
270  0.0000e+00
271  0.0000e+00
272  0.0000e+00
273  0.0000e+00
274  0.0000e+00
275  0.0000e+00
276  0.0000e+00
277  0.0000e+00
278  0.0000e+00
279  0.0000e+00
280  0.0000e+00
281  0.0000e+00
282  0.0000e+00
283  0.0000e+00
284  0.0000e+00
285  0.0000e+00
286  0.0000e+00
287  0.0000e+00
288  0.0000e+00
289  0.0000e+00
290  0.0000e+00
291  0.0000e+00
292  0.0000e+00
293  0.0000e+00
294  0.0000e+00
295  0.0000e+00
296  0.0000e+00
297  0.0000e+00
298  0.0000e+00
299  0.0000e+00
300  0.0000e+00
301  0.0000e+00
302  0.0000e+00
303  0.0000e+00
304  0.0000e+00
305  0.0000e+00
306  0.0000e+00
307  0.0000e+00
308  0.0000e+00
309  0.0000e+00
310  0.0000e+00
311  0.0000e+00
312  0.0000e+00
313  0.0000e+00
314  0.0000e+00
315  0.0000e+00
316  0.0000e+00
317  0.0000e+00
318  0.0000e+00
319  0.0000e+00
320  0.0000e+00
321  0.0000e+00
322  0.0000e+00
323  0.0000e+00
324  0.0000e+00
325  0.0000e+00
326  0.0000e+00
327  0.0000e+00
328  0.0000e+00
329  0.0000e+00
330  0.0000e+00
331  0.0000e+00
332  0.0000e+00
333  0.0000e+00
334  0.0000e+00
335  0.0000e+00
336  0.0000e+00
337  0.0000e+00

