1  2.5133e-11
2  1.2760e-01
3  1.8829e-20
4  9.3122e-19
5  3.6800e-20
6  7.5363e-08
7  2.9962e-13
8  3.6389e-09
9  5.9276e-15
10  2.4308e-09
11  1.9812e-13
12  1.7259e-09
13  6.4276e-10
14  2.5840e-09
15  2.2746e-09
16  8.1230e-08
17  9.8557e-09
18  6.4958e-09
19  2.5325e-09
20  6.1981e-07
21  6.4967e-09
22  1.4734e-06
23  2.9069e-07
24  6.2257e-06
25  3.2916e-08
26  9.9743e-07
27  4.5924e-07
28  1.3527e-06
29  1.0807e-06
30  3.7734e-06
31  2.4325e-07
32  1.7883e-05
33  1.0698e-06
34  8.0378e-05
35  1.3871e-05
36  4.5905e-05
37  1.9517e-05
38  4.6989e-06
39  3.6771e-05
40  2.0954e-04
41  1.7367e-05
42  2.4210e-04
43  1.0895e-29
44  1.9274e-03
45  1.9212e-04
46  1.1804e-03
47  2.7939e-04
48  2.9398e-04
49  2.4817e-05
50  4.2133e-05
51  4.5086e-06
52  5.7746e-05
53  2.2094e-05
54  9.1723e-06
55  4.7573e-13
56  1.5535e-14
57  5.3859e-17
58  1.7389e-16
59  1.4402e-16
60  5.0278e-17
61  -1.1901e-315
62  3.6833e-17
63  4.4771e-18
64  2.4567e-18
65  8.4033e-21
66  2.6575e-20
67  2.3381e-21
68  4.8263e-21
69  3.7521e-22
70  2.8473e-23
71  4.2011e-25
72  0.0000e+00
73  0.0000e+00
74  0.0000e+00
75  0.0000e+00
76  0.0000e+00
77  0.0000e+00
78  0.0000e+00
79  0.0000e+00
80  0.0000e+00
81  0.0000e+00
82  0.0000e+00
83  0.0000e+00
84  0.0000e+00
85  0.0000e+00
86  0.0000e+00
87  0.0000e+00
88  0.0000e+00
89  0.0000e+00
90  0.0000e+00
91  0.0000e+00
92  0.0000e+00
93  0.0000e+00
94  0.0000e+00
95  0.0000e+00
96  0.0000e+00
97  0.0000e+00
98  0.0000e+00
99  0.0000e+00
100  0.0000e+00
101  0.0000e+00
102  0.0000e+00
103  0.0000e+00
104  0.0000e+00
105  0.0000e+00
106  0.0000e+00
107  0.0000e+00
108  0.0000e+00
109  0.0000e+00
110  0.0000e+00
111  0.0000e+00
112  0.0000e+00
113  0.0000e+00
114  0.0000e+00
115  0.0000e+00
116  0.0000e+00
117  0.0000e+00
118  0.0000e+00

