1  3.7671e-11
2  1.3164e-01
3  4.8212e-20
4  1.7279e-17
5  9.1598e-20
6  5.4768e-08
7  8.1094e-12
8  2.0449e-09
9  3.3663e-13
10  1.0519e-09
11  6.1411e-14
12  7.6689e-10
13  4.5642e-10
14  4.3596e-09
15  1.7507e-09
16  9.6240e-08
17  4.8355e-08
18  4.3196e-08
19  7.9051e-09
20  1.1496e-06
21  1.2087e-08
22  2.0982e-06
23  4.2068e-07
24  7.8988e-06
25  8.3804e-08
26  3.0254e-07
27  1.8861e-08
28  5.3433e-07
29  6.9327e-07
30  3.9287e-06
31  2.8425e-07
32  2.1410e-05
33  1.3599e-06
34  8.7987e-05
35  1.3644e-05
36  4.5962e-05
37  2.0359e-05
38  3.3908e-06
39  2.3550e-05
40  1.5150e-04
41  2.4143e-05
42  2.0073e-04
43  1.0166e-29
44  1.5255e-03
45  1.5785e-04
46  1.2788e-03
47  3.7861e-04
48  2.7694e-04
49  1.9218e-05
50  6.2160e-05
51  1.3451e-05
52  1.3546e-04
53  5.0877e-05
54  1.8592e-05
55  1.9255e-12
56  9.1476e-13
57  3.3277e-15
58  7.6583e-15
59  2.5500e-15
60  1.2211e-15
61  -2.8521e-316
62  7.1349e-16
63  9.6687e-17
64  5.7019e-17
65  2.5480e-19
66  8.8298e-19
67  7.2664e-20
68  1.4415e-19
69  1.1602e-20
70  1.1479e-21
71  3.1543e-23
72  1.2834e-23
73  0.0000e+00
74  0.0000e+00
75  0.0000e+00
76  0.0000e+00
77  0.0000e+00
78  0.0000e+00
79  0.0000e+00
80  0.0000e+00
81  0.0000e+00
82  0.0000e+00
83  0.0000e+00
84  0.0000e+00
85  0.0000e+00
86  0.0000e+00
87  0.0000e+00
88  0.0000e+00
89  0.0000e+00
90  0.0000e+00
91  0.0000e+00
92  0.0000e+00
93  0.0000e+00
94  0.0000e+00
95  0.0000e+00
96  0.0000e+00
97  0.0000e+00
98  0.0000e+00
99  0.0000e+00
100  0.0000e+00
101  0.0000e+00
102  0.0000e+00
103  0.0000e+00
104  0.0000e+00
105  0.0000e+00
106  0.0000e+00
107  0.0000e+00
108  0.0000e+00
109  0.0000e+00
110  0.0000e+00
111  0.0000e+00
112  0.0000e+00
113  0.0000e+00
114  0.0000e+00
115  0.0000e+00
116  0.0000e+00
117  0.0000e+00
118  0.0000e+00

