1  1.4791e-09
2  1.7213e-01
3  1.3481e-11
4  3.4457e-12
5  1.5853e-11
6  3.0145e-09
7  5.5931e-07
8  8.1905e-08
9  1.1429e-07
10  2.6270e-07
11  3.0661e-08
12  6.8167e-07
13  2.5113e-07
14  9.1318e-07
15  8.7015e-08
16  2.7965e-06
17  1.6734e-07
18  1.2049e-06
19  5.5004e-07
20  3.0196e-06
21  9.6710e-07
22  2.7427e-06
23  2.0652e-07
24  5.5346e-07
25  8.1023e-08
26  1.2969e-06
27  2.4195e-08
28  3.8719e-07
29  8.6074e-07
30  2.4472e-06
31  5.0088e-07
32  4.5706e-06
33  1.2153e-06
34  4.0003e-05
35  1.5585e-05
36  1.4254e-05
37  8.0269e-06
38  6.1901e-06
39  1.7625e-06
40  1.1672e-05
41  1.8299e-06
42  1.4196e-05
43  1.4508e-31
44  6.9175e-06
45  2.0545e-06
46  1.1660e-05
47  5.2826e-06
48  1.1451e-05
49  2.8192e-06
50  5.4723e-06
51  8.1578e-07
52  6.7368e-04
53  1.1439e-04
54  9.5960e-04
55  1.7201e-04
56  9.7173e-05
57  2.0611e-05
58  6.4336e-05
59  3.6713e-05
60  1.5058e-05
61  2.0302e-315
62  1.0620e-05
63  3.1452e-06
64  1.4149e-05
65  4.2539e-07
66  7.1701e-06
67  1.6437e-06
68  1.1231e-05
69  5.3507e-06
70  1.0997e-05
71  1.7751e-06
72  9.3523e-06
73  1.1896e-06
74  9.4949e-07
75  8.8676e-08
76  8.1296e-07
77  4.4481e-07
78  7.8974e-07
79  1.5215e-07
80  5.2200e-08
81  4.1233e-12
82  3.9600e-12
83  8.8951e-13
84  6.8484e-42
85  7.7384e-36
86  3.6167e-16
87  1.0074e-29
88  1.5574e-19
89  3.7989e-22
90  6.6192e-14
91  5.6954e-19
92  1.8618e-14
93  2.3258e-33
94  1.8577e-17
95  2.2630e-30
96  6.3044e-25
97  2.1162e-19
98  5.8706e-314
99  7.7568e-322
100  1.5262e-16
101  -3.5165e-313
102  5.4757e-17
103  6.0779e-18
104  4.1155e-18
105  1.8939e-18
106  7.4205e-20
107  2.3324e-21
108  1.0236e-21
109  0.0000e+00
110  0.0000e+00
111  0.0000e+00
112  0.0000e+00
113  0.0000e+00
114  0.0000e+00
115  0.0000e+00
116  0.0000e+00
117  0.0000e+00
118  0.0000e+00

