    1      2  6.0174e-09  1.2035e-08
    2      3  4.8151e-10  1.4445e-09
    3      6  1.6090e-11  9.6540e-11
    3      7  7.0052e-10  4.9036e-09
    4      8  5.3929e-09  4.3143e-08
    4      9  2.0115e-09  1.8103e-08
    5     10  5.1292e-08  5.1292e-07
    5     11  2.8606e-09  3.1466e-08
    6     12  4.3432e-09  5.2118e-08
    6     13  3.0178e-07  3.9232e-06
    7     14  1.5608e-07  2.1851e-06
    7     15  1.0875e-05  1.6312e-04
    8     16  2.3926e-07  3.8282e-06
    8     17  6.4290e-09  1.0929e-07
    8     18  4.2100e-08  7.5780e-07
    9     19  1.1667e-06  2.2168e-05
   10     20  1.6374e-06  3.2748e-05
   10     21  5.2675e-07  1.1062e-05
   10     22  4.3968e-09  9.6730e-08
   11     23  1.0087e-06  2.3200e-05
   12     24  3.3206e-07  7.9694e-06
   12     25  4.3549e-07  1.0887e-05
   12     26  3.8203e-08  9.9328e-07
   13     26  1.7628e-19  4.5832e-18
   13     27  1.4669e-07  3.9606e-06
   14     28  3.6538e-07  1.0231e-05
   14     29  7.2418e-08  2.1001e-06
   14     30  6.3820e-08  1.9146e-06
   15     31  6.0643e-08  1.8799e-06
   16     32  9.3448e-08  2.9903e-06
   16     33  6.3158e-07  2.0842e-05
   16     34  4.8513e-07  1.6495e-05
   16     36  1.6807e-08  6.0506e-07
   17     35  1.9218e-08  6.7262e-07
   17     37  1.2983e-08  4.8039e-07
   18     36  1.4918e-18  5.3705e-17
   18     38  4.9921e-08  1.8970e-06
   18     40  1.7920e-08  7.1680e-07
   19     39  3.9542e-08  1.5421e-06
   19     41  8.7363e-08  3.5819e-06
   20     42  3.2722e-07  1.3743e-05
   20     43  6.5302e-08  2.8080e-06
   20     44  7.3087e-08  3.2158e-06
   20     46  2.1349e-08  9.8204e-07
   21     45  7.8289e-08  3.5230e-06
   22     46  4.0646e-19  1.8697e-17
   22     47  3.3690e-08  1.5834e-06
   22     48  6.6643e-08  3.1989e-06
   22     49  7.1570e-08  3.5069e-06
   22     50  7.3142e-08  3.6571e-06
   23     51  2.0596e-08  1.0504e-06
   24     52  5.4832e-08  2.8513e-06
   24     53  4.1635e-08  2.2067e-06
   24     54  1.9055e-08  1.0290e-06
   25     55  9.0243e-09  4.9634e-07
   26     56  4.0699e-08  2.2792e-06
   26     57  1.0724e-07  6.1125e-06
   26     58  1.7345e-09  1.0060e-07
   27     59  2.5759e-09  1.5198e-07
   28     60  6.4307e-09  3.8584e-07
   28     61  1.0719e-08  6.5385e-07
   28     62  1.0296e-08  6.3836e-07
   28     64  5.3515e-08  3.4250e-06
   29     63  2.0619e-07  1.2990e-05
   29     65  7.7046e-08  5.0080e-06
   30     64  1.1038e-19  7.0641e-18
   30     66  2.6451e-07  1.7457e-05
   30     67  3.0167e-07  2.0212e-05
   30     68  9.9718e-08  6.7808e-06
   30     70  2.6784e-07  1.8749e-05
   31     69  5.6534e-08  3.9008e-06
   31     71  7.0225e-08  4.9860e-06
   32     70  2.7242e-14  1.9069e-12
   32     72  2.5369e-07  1.8266e-05
   32     73  1.6312e-07  1.1907e-05
   32     74  3.0655e-07  2.2685e-05
   32     76  4.9124e-08  3.7334e-06
   33     75  1.2650e-07  9.4878e-06
   34     76  2.5944e-13  1.9718e-11
   34     77  2.0014e-07  1.5411e-05
   34     78  4.3690e-07  3.4078e-05
   34     80  4.7038e-06  3.7630e-04
   34     82  1.1589e-06  9.5031e-05
   35     79  5.7323e-07  4.5285e-05
   35     81  2.3012e-06  1.8640e-04
   36     82  6.6452e-12  5.4491e-10
   36     83  1.5125e-06  1.2554e-04
   36     84  5.2689e-07  4.4259e-05
   36     86  8.4244e-07  7.2449e-05
   37     85  3.9920e-07  3.3932e-05
   37     87  7.7636e-07  6.7543e-05
   38     86  4.2895e-19  3.6890e-17
   38     87  5.6847e-09  4.9456e-07
   38     88  4.3442e-07  3.8229e-05
   39     89  2.2912e-07  2.0392e-05
   40     90  3.7885e-07  3.4097e-05
   40     91  1.5424e-07  1.4036e-05
   40     92  4.7476e-07  4.3678e-05
   40     94  1.6834e-06  1.5824e-04
   41     93  5.2030e-07  4.8388e-05
   42     95  9.0751e-07  8.6214e-05
   42     96  4.8300e-07  4.6368e-05
   42     97  6.9999e-07  6.7899e-05
   42     98  1.2129e-07  1.1886e-05
   42    100  3.0375e-07  3.0375e-05
   44     99  1.9606e-07  1.9410e-05
   44    100  1.9433e-12  1.9433e-10
   44    101  3.4925e-07  3.5274e-05
   44    102  2.3025e-07  2.3486e-05
   44    104  1.2345e-07  1.2838e-05
   45    103  2.3789e-07  2.4503e-05
   46    104  5.4309e-17  5.6481e-15
   46    105  1.1641e-07  1.2223e-05
   46    106  2.4750e-07  2.6235e-05
   46    108  2.7994e-07  3.0234e-05
   46    110  7.1530e-07  7.8683e-05
   47    107  2.2396e-07  2.3964e-05
   47    109  4.5620e-07  4.9726e-05
   48    110  3.7185e-13  4.0903e-11
   48    111  1.1866e-07  1.3171e-05
   48    112  4.9211e-07  5.5116e-05
   48    113  2.7119e-07  3.0644e-05
   48    114  2.6562e-07  3.0281e-05
   48    116  2.2833e-08  2.6486e-06
   49    113  1.1935e-14  1.3487e-12
   49    115  2.7799e-07  3.1969e-05
   50    115  2.2180e-13  2.5507e-11
   50    116  8.7395e-13  1.0138e-10
   50    117  4.6775e-08  5.4727e-06
   50    118  2.9961e-08  3.5354e-06
   50    119  2.0253e-08  2.4101e-06
   50    120  1.3537e-07  1.6244e-05
   50    122  2.3689e-07  2.8901e-05
   50    124  1.1667e-06  1.4467e-04
   51    121  1.0025e-07  1.2130e-05
   51    123  2.1195e-07  2.6069e-05
   52    122  3.6042e-14  4.3971e-12
   52    124  5.8743e-16  7.2841e-14
   52    125  1.5427e-06  1.9284e-04
   52    126  3.6982e-06  4.6597e-04
   52    128  7.1750e-06  9.1840e-04
   52    130  1.7861e-06  2.3220e-04
   53    127  4.2370e-06  5.3810e-04
   53    129  1.8830e-14  2.4291e-12
   54    128  1.1561e-14  1.4798e-12
   54    129  6.2966e-06  8.1226e-04
   54    130  6.7434e-13  8.7665e-11
   54    131  1.2335e-06  1.6158e-04
   54    132  1.1021e-06  1.4548e-04
   54    134  6.8265e-07  9.1475e-05
   54    136  1.0952e-06  1.4895e-04
   55    133  6.5398e-07  8.6980e-05
   56    134  8.4840e-17  1.1369e-14
   56    135  5.6291e-07  7.5993e-05
   56    136  2.6847e-14  3.6512e-12
   56    137  9.3943e-07  1.2870e-04
   56    138  6.4630e-07  8.9189e-05
   57    139  3.3695e-07  4.6836e-05
   58    140  6.1144e-07  8.5602e-05
   58    142  1.0572e-07  1.5013e-05
   59    141  3.1912e-07  4.4995e-05
   60    142  3.4000e-17  4.8280e-15
   60    143  6.9497e-08  9.9381e-06
   60    144  9.8703e-08  1.4213e-05
   60    145  7.1367e-08  1.0348e-05
   60    146  1.5783e-07  2.3044e-05
   60    148  1.8890e-07  2.7957e-05
   60    150  1.8007e-07  2.7011e-05
   62    147  1.9507e-07  2.8675e-05
   62    148  1.7475e-12  2.5863e-10
   62    149  1.0487e-07  1.5626e-05
   62    150  3.1316e-12  4.6974e-10
   62    152  3.1431e-07  4.7775e-05
   62    154  3.7268e-07  5.7392e-05
   63    151  1.0686e-07  1.6136e-05
   63    153  1.8259e-07  2.7936e-05
   64    152  1.7161e-20  2.6085e-18
   64    154  9.4740e-14  1.4590e-11
   64    155  5.0055e-07  7.7584e-05
   64    156  1.8208e-07  2.8405e-05
   64    157  3.1181e-07  4.8954e-05
   64    158  5.3969e-07  8.5271e-05
   64    160  2.1602e-07  3.4563e-05
   65    159  1.9919e-08  3.1671e-06
   66    160  3.5830e-15  5.7328e-13
   66    161  2.7697e-07  4.4593e-05
   66    162  1.6455e-07  2.6657e-05
   66    163  1.4071e-07  2.2936e-05
   66    164  2.9598e-07  4.8541e-05
   67    165  2.1764e-07  3.5910e-05
   68    166  6.2154e-07  1.0318e-04
   68    167  6.5687e-07  1.0970e-04
   68    168  4.7370e-07  7.9581e-05
   68    170  4.2515e-07  7.2275e-05
   69    169  1.6042e-06  2.7111e-04
   70    170  4.2274e-14  7.1866e-12
   70    171  6.1655e-07  1.0543e-04
   70    172  4.2963e-07  7.3896e-05
   70    173  3.3617e-07  5.8157e-05
   70    174  9.8774e-07  1.7187e-04
   70    176  8.0716e-07  1.4206e-04
   71    175  4.4929e-07  7.8626e-05
   71    176  2.9724e-15  5.2314e-13
   72    176  2.7829e-17  4.8979e-15
   72    177  1.6772e-06  2.9687e-04
   72    178  8.2221e-07  1.4635e-04
   72    179  5.0122e-07  8.9719e-05
   72    180  6.0288e-07  1.0852e-04
   73    181  5.6028e-07  1.0141e-04
   74    182  3.9861e-07  7.2547e-05
   74    183  2.1320e-07  3.9016e-05
   74    184  1.7965e-07  3.3055e-05
   74    186  1.9103e-07  3.5532e-05
   75    185  6.2992e-08  1.1654e-05
   75    187  1.8636e-07  3.4850e-05
   76    186  1.0729e-17  1.9956e-15
   76    187  1.5146e-09  2.8323e-07
   76    188  7.8225e-07  1.4706e-04
   76    189  5.4820e-07  1.0361e-04
   76    190  2.6475e-06  5.0302e-04
   76    192  1.0477e-05  2.0116e-03
   77    191  4.5954e-06  8.7772e-04
   77    193  9.4404e-06  1.8220e-03
   78    192  1.0876e-14  2.0883e-12
   78    194  3.7284e-05  7.2331e-03
   78    195  3.5921e-05  7.0047e-03
   78    196  5.0111e-05  9.8218e-03
   78    198  3.8276e-05  7.5786e-03
   79    197  4.5054e-05  8.8756e-03
   80    198  2.4851e-13  4.9204e-11
   80    199  1.3933e-05  2.7728e-03
   80    200  1.0410e-05  2.0819e-03
   80    201  8.9830e-07  1.8056e-04
   80    202  2.3658e-07  4.7790e-05
   80    204  2.4789e-07  5.0570e-05
   81    203  1.2456e-07  2.5286e-05
   81    205  1.9936e-07  4.0870e-05
   81    207  2.3329e-19  4.8292e-17
   82    204  9.2058e-19  1.8780e-16
   82    206  1.9121e-05  3.9388e-03
   82    207  1.9742e-05  4.0866e-03
   82    208  1.3114e-05  2.7276e-03
   82    210  2.2044e-12  4.6292e-10
   82    211  8.2666e-18  1.7442e-15
   82    212  7.4005e-18  1.5689e-15
   82    214  1.0281e-18  2.2001e-16
   83    209  3.1714e-05  6.6283e-03
   83    210  4.6241e-17  9.7105e-15
   83    211  1.0503e-19  2.2162e-17
   83    212  2.2114e-19  4.6882e-17
   83    214  1.2708e-19  2.7196e-17
   84    210  1.2767e-15  2.6811e-13
   84    218  1.9853e-20  4.3280e-18
   86    222  3.5243e-17  7.8239e-15
   87    223  1.4903e-20  3.3233e-18
   88    223  8.0815e-16  1.8022e-13
   88    224  1.9124e-17  4.2838e-15
   88    226  5.3927e-12  1.2188e-09
   88    228  6.1496e-11  1.4021e-08
   89    227  5.6200e-13  1.2757e-10
   89    228  1.3460e-18  3.0689e-16
   90    227  1.2989e-15  2.9484e-13
   90    228  3.6725e-15  8.3734e-13
   90    230  2.5416e-10  5.8456e-08
   90    231  7.5174e-17  1.7365e-14
   90    232  2.6919e-05  6.2451e-03
   90    234  8.5938e-17  2.0109e-14
   91    231  8.4255e-10  1.9463e-07
   91    234  2.5736e-18  6.0221e-16
   92    234  8.2760e-10  1.9366e-07
   92    235  1.8159e-05  4.2674e-03
   92    236  8.7014e-08  2.0535e-05
   92    238  1.5056e-05  3.5833e-03
   92    240  4.3672e-18  1.0481e-15
   93    240  3.0833e-19  7.3999e-17
   94    239  7.6848e-17  1.8367e-14
   94    240  1.7225e-11  4.1341e-09
   94    244  2.0967e-07  5.1160e-05
   95    243  2.3493e-17  5.7087e-15
   96    244  5.6907e-17  1.3885e-14
   96    247  4.9583e-14  1.2247e-11
   97    246  2.6373e-09  6.4878e-07
  100    258  1.1097e-05  2.8629e-03
  100    260  7.1530e-06  1.8598e-03
  100    262  8.9422e-06  2.3429e-03
  102    260  2.2463e-18  5.8404e-16
  102    261  6.6013e-06  1.7229e-03
  102    263  8.2167e-06  2.1610e-03
  102    264  1.0178e-05  2.6870e-03
  102    266  1.4672e-05  3.9028e-03
  103    265  1.1700e-05  3.1004e-03
  104    267  1.4075e-05  3.7580e-03
  104    268  1.4621e-05  3.9185e-03
  104    270  3.2310e-05  8.7236e-03
  104    272  3.4722e-05  9.4445e-03
  104    274  3.7894e-05  1.0383e-02
  105    269  3.7473e-05  1.0080e-02
  105    271  2.8448e-05  7.7094e-03
  106    273  3.2014e-05  8.7398e-03
  106    275  2.2150e-05  6.0913e-03
  106    276  2.4236e-05  6.6892e-03
  106    278  7.0461e-06  1.9588e-03
  106    280  6.3552e-07  1.7795e-04
  107    277  5.7335e-06  1.5882e-03
  108    279  2.1809e-06  6.0848e-04
  108    281  1.5675e-07  4.4046e-05
  108    282  6.6289e-08  1.8694e-05
  108    283  3.5325e-09  9.9971e-07
  108    284  5.2408e-10  1.4884e-07
  108    286  2.4060e-10  6.8811e-08
  110    285  7.3947e-11  2.1075e-08
  110    287  7.9333e-10  2.2769e-07
  110    288  6.3452e-10  1.8274e-07
  110    290  1.7346e-09  5.0305e-07
  111    289  3.8532e-10  1.1136e-07
  111    291  1.0915e-10  3.1761e-08
  111    292  7.2664e-09  2.1218e-06
  111    293  1.8148e-09  5.3173e-07
  111    294  7.0238e-09  2.0650e-06
  111    295  4.7209e-09  1.3927e-06
  111    296  3.0390e-09  8.9955e-07
  111    297  9.5686e-10  2.8419e-07
  111    298  2.0027e-09  5.9682e-07
  111    299  2.7678e-16  8.2756e-14
  111    300  1.0090e-10  3.0271e-08
  111    301  1.4975e-08  4.5075e-06
  111    302  3.7685e-09  1.1381e-06
  111    303  7.2106e-09  2.1848e-06
  111    304  8.5332e-09  2.5941e-06
  111    305  1.3390e-08  4.0840e-06
  111    306  2.1826e-08  6.6786e-06
  111    307  1.0209e-08  3.1343e-06
  111    308  9.5493e-09  2.9412e-06
  111    309  1.4185e-08  4.3833e-06
  111    310  1.0293e-08  3.1909e-06
  111    311  1.3113e-08  4.0781e-06
  111    312  8.0605e-09  2.5149e-06
  111    313  7.5269e-09  2.3559e-06
  111    314  5.8924e-09  1.8502e-06
  111    315  6.0808e-09  1.9154e-06
  111    316  7.0011e-09  2.2124e-06
  111    317  6.2814e-09  1.9912e-06
  111    318  5.0084e-09  1.5927e-06
  111    319  8.1110e-09  2.5874e-06
  111    320  7.8363e-09  2.5076e-06
  111    321  3.4409e-09  1.1045e-06
  111    322  4.9673e-09  1.5995e-06
  111    323  3.9087e-09  1.2625e-06
  111    324  4.1638e-09  1.3491e-06
  111    325  2.0985e-09  6.8200e-07
  111    326  7.3018e-09  2.3804e-06
  111    327  3.8714e-09  1.2660e-06
  111    328  2.3745e-10  7.7884e-08
  111    329  5.1236e-09  1.6857e-06
  111    330  4.5965e-10  1.5169e-07
  111    331  3.0831e-10  1.0205e-07
  111    332  1.7482e-10  5.8040e-08
  111    333  2.5697e-10  8.5571e-08
  111    334  5.9315e-11  1.9811e-08
  111    335  6.5598e-11  2.1975e-08
  111    336  4.5839e-11  1.5402e-08
  111    337  3.4143e-10  1.1506e-07
    1      1  2.0261e-08  2.0261e-08
    2      4  2.0158e-01  8.0633e-01


