    1      2  4.8989e-10  9.7978e-10
    2      3  6.4671e-12  1.9401e-11
    3      6  1.3233e-12  7.9396e-12
    3      7  1.1186e-11  7.8304e-11
    4      8  1.7795e-12  1.4236e-11
    4      9  1.0305e-16  9.2749e-16
    5     10  3.3067e-12  3.3067e-11
    5     11  1.1283e-11  1.2411e-10
    6     12  3.3947e-09  4.0736e-08
    6     13  4.2552e-11  5.5318e-10
    7     14  2.0007e-07  2.8010e-06
    7     15  6.5152e-08  9.7728e-07
    8     16  2.6929e-09  4.3087e-08
    8     17  1.2990e-10  2.2083e-09
    8     18  6.2466e-08  1.1244e-06
    9     19  6.2815e-08  1.1935e-06
   10     20  7.4105e-08  1.4821e-06
   10     21  4.3638e-08  9.1640e-07
   10     22  1.0937e-08  2.4062e-07
   11     23  2.4718e-08  5.6850e-07
   12     24  3.8394e-08  9.2146e-07
   12     25  6.3637e-08  1.5909e-06
   12     26  9.4315e-07  2.4522e-05
   13     26  3.5648e-16  9.2685e-15
   13     27  1.0190e-07  2.7513e-06
   14     28  3.0404e-07  8.5130e-06
   14     29  5.7303e-08  1.6618e-06
   14     30  3.0856e-08  9.2567e-07
   15     31  4.5898e-08  1.4228e-06
   16     32  8.4610e-08  2.7075e-06
   16     33  1.2732e-06  4.2014e-05
   16     34  9.8726e-07  3.3567e-05
   16     36  2.6696e-08  9.6105e-07
   17     35  1.4376e-08  5.0318e-07
   17     37  1.9034e-07  7.0425e-06
   18     36  7.5627e-19  2.7226e-17
   18     38  3.4987e-07  1.3295e-05
   18     40  8.2148e-07  3.2859e-05
   19     39  4.2799e-07  1.6691e-05
   19     41  1.0566e-07  4.3319e-06
   20     42  1.2637e-06  5.3076e-05
   20     43  6.4398e-07  2.7691e-05
   20     44  3.9233e-07  1.7263e-05
   20     46  1.3875e-06  6.3826e-05
   21     45  1.3412e-06  6.0353e-05
   22     46  9.2780e-19  4.2679e-17
   22     47  1.0091e-06  4.7428e-05
   22     48  5.2218e-07  2.5065e-05
   22     49  5.9272e-07  2.9043e-05
   22     50  7.4906e-07  3.7453e-05
   23     51  3.4180e-07  1.7432e-05
   24     52  2.6299e-07  1.3676e-05
   24     53  1.5754e-07  8.3495e-06
   24     54  9.1438e-08  4.9376e-06
   25     55  6.5289e-08  3.5909e-06
   26     56  5.8011e-07  3.2486e-05
   26     57  1.0913e-06  6.2205e-05
   26     58  2.1674e-08  1.2571e-06
   27     59  3.6259e-08  2.1393e-06
   28     60  1.3814e-07  8.2881e-06
   28     61  1.8240e-07  1.1126e-05
   28     62  1.1765e-07  7.2945e-06
   28     64  1.7722e-07  1.1342e-05
   29     63  1.5518e-06  9.7763e-05
   29     65  2.1943e-07  1.4263e-05
   30     64  3.9213e-19  2.5097e-17
   30     66  6.1689e-07  4.0715e-05
   30     67  8.6876e-07  5.8207e-05
   30     68  2.4840e-07  1.6891e-05
   30     70  1.8420e-06  1.2894e-04
   31     69  3.0981e-07  2.1377e-05
   31     71  4.3865e-07  3.1144e-05
   32     70  1.8169e-14  1.2718e-12
   32     72  1.2614e-06  9.0820e-05
   32     73  1.4743e-06  1.0762e-04
   32     74  4.1110e-06  3.0422e-04
   32     76  4.1437e-07  3.1492e-05
   33     75  1.8462e-06  1.3846e-04
   34     76  7.2231e-13  5.4895e-11
   34     77  1.7533e-06  1.3501e-04
   34     78  9.8706e-06  7.6991e-04
   34     80  3.0184e-05  2.4147e-03
   34     82  8.8622e-06  7.2670e-04
   35     79  1.4700e-05  1.1613e-03
   35     81  7.1040e-06  5.7542e-04
   36     82  2.8590e-12  2.3444e-10
   36     83  5.2124e-06  4.3263e-04
   36     84  2.8319e-06  2.3788e-04
   36     86  5.2813e-06  4.5419e-04
   37     85  2.7747e-06  2.3585e-04
   37     87  5.7112e-06  4.9687e-04
   38     86  3.3091e-19  2.8458e-17
   38     87  4.1820e-08  3.6383e-06
   38     88  5.2541e-06  4.6236e-04
   39     89  2.3667e-06  2.1063e-04
   40     90  3.0719e-06  2.7647e-04
   40     91  1.7944e-06  1.6329e-04
   40     92  5.1851e-06  4.7703e-04
   40     94  4.4574e-06  4.1900e-04
   41     93  1.8003e-06  1.6743e-04
   42     95  3.7785e-06  3.5896e-04
   42     96  2.2655e-06  2.1749e-04
   42     97  3.2583e-06  3.1606e-04
   42     98  1.1769e-06  1.1534e-04
   42    100  2.5043e-06  2.5043e-04
   44     99  1.7690e-06  1.7514e-04
   44    100  1.9243e-12  1.9243e-10
   44    101  2.7078e-06  2.7348e-04
   44    102  2.5687e-06  2.6201e-04
   44    104  2.4573e-06  2.5556e-04
   45    103  3.6472e-06  3.7566e-04
   46    104  3.8975e-17  4.0534e-15
   46    105  1.8952e-06  1.9899e-04
   46    106  3.7314e-06  3.9553e-04
   46    108  2.9691e-06  3.2066e-04
   46    110  8.1347e-06  8.9482e-04
   47    107  2.6948e-06  2.8835e-04
   47    109  5.0503e-06  5.5048e-04
   48    110  6.6225e-13  7.2848e-11
   48    111  1.2970e-06  1.4397e-04
   48    112  4.9571e-06  5.5520e-04
   48    113  2.7269e-06  3.0814e-04
   48    114  2.4084e-06  2.7456e-04
   48    116  1.8764e-07  2.1767e-05
   49    113  1.2001e-13  1.3562e-11
   49    115  2.5202e-06  2.8983e-04
   50    115  2.0108e-12  2.3124e-10
   50    116  1.7211e-12  1.9964e-10
   50    117  4.1660e-07  4.8742e-05
   50    118  2.2048e-07  2.6016e-05
   50    119  1.4759e-07  1.7563e-05
   50    120  8.9729e-07  1.0767e-04
   50    122  1.3943e-06  1.7010e-04
   50    124  8.7943e-06  1.0905e-03
   51    121  6.5066e-07  7.8730e-05
   51    123  1.2887e-06  1.5851e-04
   52    122  6.8429e-14  8.3484e-12
   52    124  1.6391e-15  2.0324e-13
   52    125  2.2223e-05  2.7779e-03
   52    126  1.3850e-04  1.7452e-02
   52    128  4.1723e-04  5.3406e-02
   52    130  3.2388e-04  4.2105e-02
   53    127  2.2547e-04  2.8635e-02
   53    129  9.2074e-13  1.1878e-10
   54    128  3.0389e-14  3.8898e-12
   54    129  6.5024e-04  8.3881e-02
   54    130  5.0329e-12  6.5428e-10
   54    131  5.9027e-05  7.7325e-03
   54    132  1.0888e-04  1.4372e-02
   54    134  6.0437e-05  8.0986e-03
   54    136  4.1317e-05  5.6191e-03
   55    133  1.3113e-04  1.7440e-02
   56    134  3.7362e-16  5.0065e-14
   56    135  3.2929e-05  4.4454e-03
   56    136  1.6245e-13  2.2094e-11
   56    137  1.1252e-05  1.5415e-03
   56    138  7.5169e-06  1.0373e-03
   57    139  9.1911e-06  1.2776e-03
   58    140  2.3093e-05  3.2331e-03
   58    142  4.7108e-06  6.6893e-04
   59    141  1.4860e-05  2.0952e-03
   60    142  8.2471e-17  1.1711e-14
   60    143  1.5701e-06  2.2452e-04
   60    144  1.4456e-06  2.0817e-04
   60    145  8.6032e-07  1.2475e-04
   60    146  1.6417e-06  2.3969e-04
   60    148  9.0729e-07  1.3428e-04
   60    150  8.1965e-07  1.2295e-04
   62    147  1.9445e-06  2.8584e-04
   62    148  1.7589e-12  2.6031e-10
   62    149  4.2889e-07  6.3904e-05
   62    150  3.1462e-12  4.7193e-10
   62    152  1.3307e-06  2.0226e-04
   62    154  1.2475e-06  1.9212e-04
   63    151  3.7134e-07  5.6072e-05
   63    153  8.1115e-07  1.2411e-04
   64    154  5.9724e-14  9.1974e-12
   64    155  2.4070e-06  3.7308e-04
   64    156  4.2742e-07  6.6677e-05
   64    157  9.8654e-07  1.5489e-04
   64    158  1.5666e-06  2.4752e-04
   64    160  4.1569e-07  6.6510e-05
   65    159  4.1343e-08  6.5736e-06
   66    160  1.6032e-15  2.5650e-13
   66    161  6.3091e-07  1.0158e-04
   66    162  3.4058e-07  5.5173e-05
   66    163  3.0117e-07  4.9090e-05
   66    164  5.2011e-07  8.5298e-05
   67    165  3.1527e-07  5.2020e-05
   68    166  1.0417e-06  1.7293e-04
   68    167  8.2185e-07  1.3725e-04
   68    168  5.1849e-07  8.7107e-05
   68    170  5.1359e-07  8.7310e-05
   69    169  1.8630e-06  3.1485e-04
   70    170  3.5507e-15  6.0362e-13
   70    171  4.9434e-07  8.4532e-05
   70    172  3.3321e-07  5.7312e-05
   70    173  2.1261e-07  3.6782e-05
   70    174  5.5610e-07  9.6762e-05
   70    176  4.2277e-07  7.4407e-05
   71    175  2.1185e-07  3.7074e-05
   71    176  1.0487e-16  1.8457e-14
   72    176  9.8188e-19  1.7281e-16
   72    177  8.0279e-07  1.4209e-04
   72    178  2.9930e-07  5.3276e-05
   72    179  1.4538e-07  2.6022e-05
   72    180  1.5051e-07  2.7092e-05
   73    181  1.3285e-07  2.4046e-05
   74    182  7.6644e-08  1.3949e-05
   74    183  3.7022e-08  6.7751e-06
   74    184  1.3243e-08  2.4367e-06
   74    186  4.1325e-09  7.6864e-07
   75    185  2.8260e-09  5.2282e-07
   75    187  2.7861e-09  5.2100e-07
   76    186  1.8486e-20  3.4384e-18
   76    187  2.2644e-11  4.2343e-09
   76    188  9.0199e-09  1.6957e-06
   76    189  4.5202e-09  8.5431e-07
   76    190  1.1778e-08  2.2379e-06
   76    192  1.4224e-08  2.7311e-06
   77    191  1.6273e-08  3.1081e-06
   77    193  8.7930e-09  1.6970e-06
   78    192  4.4401e-18  8.5249e-16
   78    194  1.7262e-08  3.3489e-06
   78    195  8.7352e-09  1.7034e-06
   78    196  6.3111e-09  1.2370e-06
   78    198  3.0589e-09  6.0567e-07
   79    197  4.1207e-09  8.1177e-07
   80    198  7.6162e-19  1.5080e-16
   80    199  1.2162e-09  2.4202e-07
   80    200  1.2101e-09  2.4203e-07
   80    201  1.0752e-10  2.1611e-08
   80    202  2.2124e-11  4.4691e-09
   80    204  9.4776e-14  1.9334e-11
   81    203  1.5414e-12  3.1290e-10
   81    205  9.8601e-15  2.0213e-12
   82    206  7.1996e-15  1.4831e-12
   82    207  4.7354e-15  9.8023e-13
   82    208  6.4474e-15  1.3411e-12
   82    214  3.9083e-20  8.3637e-18
   83    209  3.9273e-15  8.2081e-13
   83    211  7.7278e-19  1.6306e-16
   83    212  1.4926e-19  3.1643e-17
   86    219  1.0407e-18  2.2791e-16
   86    220  2.2656e-19  4.9843e-17
   89    228  7.9826e-20  1.8200e-17
   90    232  9.5856e-17  2.2239e-14
   90    234  1.8833e-20  4.4069e-18
   92    235  2.0456e-17  4.8072e-15
   92    238  7.2140e-18  1.7169e-15
   94    244  1.7246e-20  4.2080e-18
  100    258  3.3964e-20  8.7627e-18
    1      1  1.3763e-09  1.3763e-09
    2      4  1.6981e-01  6.7925e-01


