    1      2  1.0646e-15  2.1293e-15
    2      3  8.3905e-19  2.5172e-18
    3      6  1.5598e-16  9.3591e-16
    3      7  4.2278e-19  2.9594e-18
    4      8  7.3293e-14  5.8634e-13
    4      9  1.0133e-18  9.1196e-18
    5     10  1.5279e-17  1.5279e-16
    5     11  2.4386e-20  2.6825e-19
    6     12  2.0423e-08  2.4507e-07
    6     13  1.4420e-14  1.8747e-13
    7     14  5.4837e-13  7.6772e-12
    7     15  3.5924e-09  5.3886e-08
    8     16  7.8405e-10  1.2545e-08
    8     17  7.5066e-14  1.2761e-12
    8     18  1.5642e-09  2.8155e-08
    9     19  2.1713e-09  4.1255e-08
   10     20  1.2184e-10  2.4369e-09
   10     21  1.7467e-10  3.6681e-09
   10     22  3.0749e-10  6.7648e-09
   11     23  3.7127e-10  8.5392e-09
   12     24  3.9140e-10  9.3936e-09
   12     25  7.8941e-10  1.9735e-08
   12     26  3.0627e-09  7.9630e-08
   13     26  4.7773e-15  1.2421e-13
   13     27  1.0158e-09  2.7426e-08
   14     28  4.2826e-09  1.1991e-07
   14     29  7.5507e-09  2.1897e-07
   14     30  2.0212e-08  6.0636e-07
   15     31  2.3069e-09  7.1515e-08
   16     32  3.0075e-08  9.6240e-07
   16     33  1.5597e-07  5.1470e-06
   16     34  1.1418e-07  3.8820e-06
   16     36  7.6240e-08  2.7446e-06
   17     35  4.4039e-08  1.5414e-06
   17     37  2.4430e-07  9.0392e-06
   18     36  1.1408e-16  4.1068e-15
   18     38  5.1033e-07  1.9392e-05
   18     40  3.7191e-07  1.4876e-05
   19     39  3.5010e-07  1.3654e-05
   19     41  2.0910e-07  8.5732e-06
   20     42  7.4752e-07  3.1396e-05
   20     43  1.8209e-07  7.8298e-06
   20     44  4.5081e-07  1.9836e-05
   20     46  2.3023e-06  1.0591e-04
   21     45  9.8388e-07  4.4275e-05
   22     46  3.1254e-20  1.4377e-18
   22     47  1.6236e-06  7.6310e-05
   22     48  6.5225e-07  3.1308e-05
   22     49  2.1680e-06  1.0623e-04
   22     50  3.3977e-06  1.6988e-04
   23     51  1.3738e-06  7.0064e-05
   24     52  5.7214e-08  2.9751e-06
   24     53  2.0421e-06  1.0823e-04
   24     54  7.6161e-06  4.1127e-04
   25     55  3.7604e-07  2.0682e-05
   26     56  2.4706e-06  1.3835e-04
   26     57  2.8995e-07  1.6527e-05
   26     58  1.2203e-08  7.0777e-07
   27     59  1.0653e-08  6.2851e-07
   28     60  3.0624e-08  1.8374e-06
   28     61  9.0013e-08  5.4908e-06
   28     62  7.5075e-07  4.6547e-05
   28     64  7.7458e-08  4.9573e-06
   29     63  1.4896e-06  9.3847e-05
   29     65  7.5586e-08  4.9131e-06
   30     64  4.5249e-20  2.8960e-18
   30     66  5.7260e-07  3.7792e-05
   30     67  3.9233e-07  2.6286e-05
   30     68  1.3197e-06  8.9737e-05
   30     70  3.0503e-06  2.1352e-04
   31     69  1.7730e-06  1.2234e-04
   31     71  3.6303e-07  2.5775e-05
   32     70  3.9466e-15  2.7626e-13
   32     72  9.7827e-07  7.0435e-05
   32     73  1.4116e-05  1.0305e-03
   32     74  9.5719e-06  7.0832e-04
   32     76  4.7187e-06  3.5862e-04
   33     75  2.0339e-06  1.5254e-04
   34     76  4.1205e-14  3.1316e-12
   34     77  1.8591e-05  1.4315e-03
   34     78  2.6833e-05  2.0930e-03
   34     80  2.5432e-05  2.0346e-03
   34     82  3.2972e-05  2.7037e-03
   35     79  7.2608e-06  5.7361e-04
   35     81  2.2752e-05  1.8429e-03
   36     82  3.8245e-13  3.1361e-11
   36     83  7.0921e-06  5.8864e-04
   36     84  6.5267e-06  5.4824e-04
   36     86  3.0495e-05  2.6226e-03
   37     85  1.2645e-05  1.0749e-03
   37     87  2.5489e-06  2.2175e-04
   38     86  5.5824e-20  4.8009e-18
   38     87  1.8664e-08  1.6237e-06
   38     88  7.1630e-06  6.3035e-04
   39     89  4.5756e-06  4.0723e-04
   40     90  6.4793e-06  5.8314e-04
   40     91  5.0529e-06  4.5981e-04
   40     92  3.8564e-05  3.5479e-03
   40     94  4.5451e-06  4.2724e-04
   41     93  5.4429e-06  5.0619e-04
   42     95  3.2886e-06  3.1241e-04
   42     96  1.1143e-05  1.0697e-03
   42     97  5.9049e-06  5.7277e-04
   42     98  1.6410e-06  1.6082e-04
   42    100  3.4967e-05  3.4967e-03
   44     99  1.1058e-05  1.0947e-03
   44    100  4.1291e-13  4.1291e-11
   44    101  6.4796e-05  6.5444e-03
   44    102  1.3331e-05  1.3598e-03
   44    104  3.2071e-05  3.3354e-03
   45    103  8.0685e-06  8.3105e-04
   46    104  1.4796e-18  1.5388e-16
   46    105  1.5186e-05  1.5946e-03
   46    106  3.6338e-05  3.8518e-03
   46    108  2.5941e-05  2.8016e-03
   46    110  6.6838e-05  7.3521e-03
   47    107  4.9596e-05  5.3067e-03
   47    109  3.9889e-05  4.3479e-03
   48    110  1.9156e-13  2.1071e-11
   48    111  1.3126e-05  1.4570e-03
   48    112  3.2965e-05  3.6921e-03
   48    113  2.2035e-05  2.4900e-03
   48    114  5.0899e-05  5.8025e-03
   48    116  2.7970e-06  3.2445e-04
   49    113  9.6979e-13  1.0959e-10
   49    115  2.3691e-05  2.7245e-03
   50    115  1.8902e-11  2.1737e-09
   50    116  7.3285e-13  8.5010e-11
   50    117  6.2790e-06  7.3464e-04
   50    118  5.0210e-06  5.9248e-04
   50    119  4.1973e-06  4.9948e-04
   50    120  5.2029e-05  6.2434e-03
   50    122  1.2401e-04  1.5130e-02
   50    124  9.1874e-05  1.1392e-02
   51    121  4.5625e-05  5.5207e-03
   51    123  5.9078e-05  7.2666e-03
   52    122  2.7473e-13  3.3517e-11
   52    124  6.7037e-15  8.3126e-13
   52    125  2.1147e-04  2.6434e-02
   52    126  6.4625e-04  8.1428e-02
   52    128  3.7342e-04  4.7798e-02
   52    130  4.0340e-06  5.2442e-04
   53    127  4.4686e-04  5.6752e-02
   53    129  2.4928e-13  3.2157e-11
   54    128  1.2754e-15  1.6325e-13
   54    129  1.1895e-04  1.5345e-02
   54    130  2.6015e-14  3.3819e-12
   54    131  3.9960e-08  5.2348e-06
   54    132  7.5410e-08  9.9542e-06
   54    134  2.6499e-08  3.5509e-06
   54    136  2.7755e-09  3.7747e-07
   55    133  9.6233e-08  1.2799e-05
   56    135  3.1338e-09  4.2307e-07
   56    136  5.1802e-19  7.0451e-17
   56    137  4.5776e-09  6.2714e-07
   56    138  1.3814e-09  1.9063e-07
   57    139  1.1584e-10  1.6102e-08
   58    140  1.8768e-10  2.6276e-08
   58    142  2.2967e-12  3.2613e-10
   59    141  5.5637e-12  7.8449e-10
   60    143  4.6091e-12  6.5911e-10
   60    144  1.4257e-11  2.0529e-09
   60    145  7.3147e-12  1.0606e-09
   60    146  1.3422e-11  1.9596e-09
   60    148  1.1005e-11  1.6288e-09
   60    150  6.9964e-12  1.0495e-09
   62    147  1.1618e-11  1.7078e-09
   62    148  2.5747e-19  3.8105e-17
   62    149  6.7474e-12  1.0054e-09
   62    150  2.8251e-18  4.2376e-16
   62    152  6.3187e-12  9.6044e-10
   62    154  3.8225e-12  5.8866e-10
   63    151  3.3935e-12  5.1241e-10
   63    153  3.1676e-12  4.8464e-10
   64    155  3.1032e-12  4.8100e-10
   64    156  9.5552e-13  1.4906e-10
   64    157  1.1340e-12  1.7803e-10
   64    158  1.3093e-12  2.0687e-10
   64    160  4.1402e-13  6.6243e-11
   65    159  1.9898e-13  3.1638e-11
   66    161  3.2262e-13  5.1943e-11
   66    162  1.6967e-13  2.7487e-11
   66    163  9.3908e-14  1.5307e-11
   66    164  1.4998e-13  2.4597e-11
   67    165  8.0502e-14  1.3283e-11
   68    166  1.4831e-13  2.4620e-11
   68    167  5.0978e-14  8.5133e-12
   68    168  3.4551e-14  5.8045e-12
   68    170  1.0144e-14  1.7245e-12
   69    169  4.3195e-14  7.3000e-12
   70    171  4.5744e-15  7.8222e-13
   70    172  3.3111e-15  5.6951e-13
   70    173  1.9674e-15  3.4036e-13
   70    174  2.3757e-15  4.1337e-13
   70    176  1.0174e-15  1.7907e-13
   71    175  1.0293e-15  1.8014e-13
   72    177  4.9749e-16  8.8056e-14
   72    178  1.0259e-16  1.8260e-14
   72    179  2.9173e-17  5.2220e-15
   72    180  1.3435e-17  2.4183e-15
   73    181  6.9440e-18  1.2569e-15
   74    182  2.9401e-18  5.3510e-16
   74    183  1.8518e-18  3.3888e-16
   74    184  3.7527e-18  6.9050e-16
   74    186  3.7305e-18  6.9387e-16
   75    185  1.4834e-18  2.7443e-16
   75    187  2.2520e-18  4.2112e-16
   76    187  1.8302e-20  3.4226e-18
   76    188  4.4486e-18  8.3634e-16
   76    189  1.6016e-18  3.0270e-16
   76    190  3.2995e-18  6.2691e-16
   76    192  1.8661e-18  3.5830e-16
   77    191  2.2965e-18  4.3863e-16
   77    193  8.5841e-19  1.6567e-16
   78    194  6.7556e-19  1.3106e-16
   78    195  2.0527e-19  4.0027e-17
   78    196  8.5248e-20  1.6709e-17
   79    197  2.5219e-20  4.9682e-18
    1      1  2.8155e-10  2.8155e-10
    2      4  1.5926e-01  6.3705e-01


