    1      2  4.0352e-09  8.0704e-09
    2      3  3.1175e-10  9.3525e-10
    3      6  1.0937e-11  6.5619e-11
    3      7  3.2932e-10  2.3052e-09
    4      8  1.3246e-09  1.0597e-08
    4      9  4.0334e-10  3.6301e-09
    5     10  5.2779e-09  5.2779e-08
    5     11  8.7320e-10  9.6052e-09
    6     12  2.6334e-09  3.1601e-08
    6     13  2.3385e-07  3.0400e-06
    7     14  2.1664e-07  3.0330e-06
    7     15  8.3308e-06  1.2496e-04
    8     16  2.2680e-07  3.6288e-06
    8     17  4.1533e-09  7.0607e-08
    8     18  2.6581e-08  4.7845e-07
    9     19  1.0986e-06  2.0874e-05
   10     20  1.5205e-06  3.0411e-05
   10     21  4.4931e-07  9.4355e-06
   10     22  3.9944e-09  8.7878e-08
   11     23  9.4322e-07  2.1694e-05
   12     24  2.9673e-07  7.1215e-06
   12     25  3.5632e-07  8.9079e-06
   12     26  2.3898e-08  6.2135e-07
   13     26  2.7823e-19  7.2340e-18
   13     27  2.5436e-07  6.8678e-06
   14     28  7.2287e-07  2.0240e-05
   14     29  1.0245e-07  2.9711e-06
   14     30  6.8077e-08  2.0423e-06
   15     31  8.8943e-08  2.7572e-06
   16     32  1.1869e-07  3.7979e-06
   16     33  1.0503e-06  3.4659e-05
   16     34  8.0658e-07  2.7424e-05
   16     36  2.3054e-08  8.2993e-07
   17     35  2.3486e-08  8.2201e-07
   17     37  3.9399e-08  1.4578e-06
   18     36  1.7185e-19  6.1865e-18
   18     38  9.4690e-08  3.5982e-06
   18     40  4.9184e-08  1.9674e-06
   19     39  5.3301e-08  2.0787e-06
   19     41  1.5304e-07  6.2746e-06
   20     42  5.5671e-07  2.3382e-05
   20     43  1.2291e-07  5.2850e-06
   20     44  1.1620e-07  5.1126e-06
   20     46  5.4040e-08  2.4858e-06
   21     45  1.3356e-07  6.0104e-06
   22     46  4.8524e-20  2.2321e-18
   22     47  7.6933e-08  3.6158e-06
   22     48  1.6310e-07  7.8290e-06
   22     49  1.4838e-07  7.2705e-06
   22     50  1.4297e-07  7.1486e-06
   23     51  2.6256e-08  1.3391e-06
   24     52  1.1730e-07  6.0998e-06
   24     53  9.0438e-08  4.7932e-06
   24     54  5.1639e-08  2.7885e-06
   25     55  5.0026e-08  2.7514e-06
   26     56  1.4524e-07  8.1337e-06
   26     57  2.6176e-07  1.4921e-05
   26     58  8.2439e-09  4.7815e-07
   27     59  1.0489e-08  6.1887e-07
   28     60  1.9218e-08  1.1531e-06
   28     61  3.4362e-08  2.0961e-06
   28     62  4.8707e-08  3.0198e-06
   28     64  2.0832e-07  1.3333e-05
   29     63  3.7636e-07  2.3710e-05
   29     65  1.8344e-07  1.1924e-05
   30     64  1.8385e-20  1.1766e-18
   30     66  5.3876e-07  3.5558e-05
   30     67  2.7591e-07  1.8486e-05
   30     68  2.5024e-07  1.7016e-05
   30     70  6.1720e-07  4.3204e-05
   31     69  1.8066e-07  1.2465e-05
   31     71  1.3240e-07  9.4002e-06
   32     70  6.2042e-15  4.3430e-13
   32     72  4.0227e-07  2.8964e-05
   32     73  2.1709e-07  1.5848e-05
   32     74  4.7439e-07  3.5105e-05
   32     76  1.6566e-07  1.2590e-05
   33     75  1.4498e-07  1.0874e-05
   34     76  2.3220e-14  1.7647e-12
   34     77  5.2166e-07  4.0168e-05
   34     78  1.1018e-06  8.5940e-05
   34     80  7.8265e-06  6.2612e-04
   34     82  1.4843e-06  1.2171e-04
   35     79  1.5389e-06  1.2157e-04
   35     81  3.8698e-06  3.1346e-04
   36     82  8.1557e-13  6.6877e-11
   36     83  2.2382e-06  1.8577e-04
   36     84  7.9072e-07  6.6421e-05
   36     86  1.3563e-06  1.1664e-04
   37     85  5.5342e-07  4.7041e-05
   37     87  1.2133e-06  1.0556e-04
   38     86  4.0868e-20  3.5146e-18
   38     87  8.8842e-09  7.7292e-07
   38     88  7.2867e-07  6.4123e-05
   39     89  3.1499e-07  2.8034e-05
   40     90  5.5489e-07  4.9940e-05
   40     91  2.1581e-07  1.9639e-05
   40     92  1.4755e-06  1.3575e-04
   40     94  2.2284e-06  2.0947e-04
   41     93  8.4445e-07  7.8534e-05
   42     95  1.0484e-06  9.9602e-05
   42     96  7.7020e-07  7.3939e-05
   42     97  5.3193e-07  5.1598e-05
   42     98  2.6702e-07  2.6168e-05
   42    100  4.7532e-07  4.7532e-05
   44     99  3.7988e-07  3.7608e-05
   44    100  2.6331e-13  2.6331e-11
   44    101  5.6501e-07  5.7066e-05
   44    102  2.9582e-07  3.0174e-05
   44    104  2.7076e-07  2.8159e-05
   45    103  2.9105e-07  2.9978e-05
   46    104  3.8872e-18  4.0427e-16
   46    105  2.5537e-07  2.6814e-05
   46    106  4.2573e-07  4.5127e-05
   46    108  4.7365e-07  5.1154e-05
   46    110  1.0221e-06  1.1243e-04
   47    107  3.3979e-07  3.6358e-05
   47    109  7.2044e-07  7.8528e-05
   48    110  4.4570e-14  4.9027e-12
   48    111  1.7189e-07  1.9080e-05
   48    112  5.0876e-07  5.6981e-05
   48    113  2.6110e-07  2.9504e-05
   48    114  2.4054e-07  2.7422e-05
   48    116  3.7498e-08  4.3497e-06
   49    113  1.1491e-14  1.2985e-12
   49    115  1.7294e-07  1.9888e-05
   50    115  1.3798e-13  1.5867e-11
   50    116  4.3527e-14  5.0491e-12
   50    117  6.1615e-08  7.2089e-06
   50    118  7.2529e-08  8.5584e-06
   50    119  6.6579e-08  7.9228e-06
   50    120  3.3119e-07  3.9743e-05
   50    122  6.1241e-07  7.4714e-05
   50    124  2.8690e-06  3.5575e-04
   51    121  2.7462e-07  3.3230e-05
   51    123  6.3307e-07  7.7867e-05
   52    122  8.2858e-15  1.0109e-12
   52    124  1.5998e-16  1.9838e-14
   52    125  3.7911e-06  4.7389e-04
   52    126  7.9157e-06  9.9738e-04
   52    128  1.1924e-05  1.5262e-03
   52    130  1.8157e-06  2.3604e-04
   53    127  9.0411e-06  1.1482e-03
   53    129  2.2555e-14  2.9095e-12
   54    128  1.4249e-15  1.8238e-13
   54    129  7.5129e-06  9.6917e-04
   54    130  5.0896e-14  6.6165e-12
   54    131  2.0059e-06  2.6277e-04
   54    132  2.0008e-06  2.6411e-04
   54    134  1.6731e-06  2.2420e-04
   54    136  2.1934e-06  2.9831e-04
   55    133  1.5570e-06  2.0708e-04
   56    134  1.0438e-17  1.3987e-15
   56    135  1.3111e-06  1.7699e-04
   56    136  4.2641e-15  5.7992e-13
   56    137  1.7286e-06  2.3682e-04
   56    138  1.1124e-06  1.5351e-04
   57    139  9.4692e-07  1.3162e-04
   58    140  1.9538e-06  2.7354e-04
   58    142  2.9097e-07  4.1318e-05
   59    141  1.0893e-06  1.5359e-04
   60    142  7.1282e-18  1.0122e-15
   60    143  1.7386e-07  2.4861e-05
   60    144  2.8751e-07  4.1402e-05
   60    145  2.6043e-07  3.7763e-05
   60    146  4.4368e-07  6.4778e-05
   60    148  1.1447e-06  1.6941e-04
   60    150  8.4188e-07  1.2628e-04
   62    147  5.3503e-07  7.8649e-05
   62    148  3.3787e-13  5.0005e-11
   62    149  7.7256e-07  1.1511e-04
   62    150  1.8848e-12  2.8272e-10
   62    152  1.0153e-06  1.5433e-04
   62    154  1.1599e-06  1.7862e-04
   63    151  7.0270e-07  1.0611e-04
   63    153  6.6244e-07  1.0135e-04
   64    154  2.5478e-14  3.9236e-12
   64    155  6.3781e-07  9.8860e-05
   64    156  1.0172e-06  1.5869e-04
   64    157  7.8997e-07  1.2403e-04
   64    158  1.6811e-06  2.6562e-04
   64    160  1.3292e-06  2.1267e-04
   65    159  5.4797e-07  8.7127e-05
   66    160  4.3863e-15  7.0181e-13
   66    161  7.4341e-07  1.1969e-04
   66    162  1.2054e-06  1.9528e-04
   66    163  7.8061e-07  1.2724e-04
   66    164  2.3022e-06  3.7756e-04
   67    165  1.3162e-06  2.1718e-04
   68    166  2.6431e-06  4.3875e-04
   68    167  1.2484e-06  2.0848e-04
   68    168  1.7714e-06  2.9759e-04
   68    170  1.3307e-06  2.2622e-04
   69    169  2.2666e-06  3.8305e-04
   70    170  4.2592e-15  7.2407e-13
   70    171  1.2071e-06  2.0641e-04
   70    172  1.2901e-06  2.2189e-04
   70    173  1.5041e-06  2.6021e-04
   70    174  2.0184e-06  3.5120e-04
   70    176  1.2925e-06  2.2749e-04
   71    175  1.2739e-06  2.2294e-04
   71    176  5.4232e-16  9.5449e-14
   72    176  5.0775e-18  8.9364e-16
   72    177  1.4670e-06  2.5966e-04
   72    178  9.2805e-07  1.6519e-04
   72    179  6.3212e-07  1.1315e-04
   72    180  5.9630e-07  1.0733e-04
   73    181  6.2490e-07  1.1311e-04
   74    182  9.9116e-07  1.8039e-04
   74    183  7.1007e-07  1.2994e-04
   74    184  2.5745e-06  4.7371e-04
   74    186  6.4582e-06  1.2012e-03
   75    185  1.2771e-06  2.3626e-04
   75    187  5.5202e-06  1.0323e-03
   76    186  1.4548e-17  2.7060e-15
   76    187  4.4863e-08  8.3894e-06
   76    188  1.3991e-05  2.6303e-03
   76    189  1.3892e-05  2.6256e-03
   76    190  3.7859e-05  7.1932e-03
   76    192  7.4390e-05  1.4283e-02
   77    191  3.5179e-05  6.7192e-03
   77    193  7.2635e-05  1.4019e-02
   78    192  5.9936e-15  1.1508e-12
   78    194  1.3280e-04  2.5763e-02
   78    195  9.7465e-05  1.9006e-02
   78    196  6.7011e-05  1.3134e-02
   78    198  1.2302e-05  2.4358e-03
   79    197  3.0978e-05  6.1027e-03
   80    198  9.5985e-15  1.9005e-12
   80    199  3.0646e-06  6.0985e-04
   80    200  1.6953e-06  3.3905e-04
   80    201  8.4241e-07  1.6932e-04
   80    202  8.5391e-07  1.7249e-04
   80    204  1.8177e-06  3.7080e-04
   81    203  1.0795e-06  2.1914e-04
   81    205  1.4104e-06  2.8912e-04
   81    207  2.2119e-19  4.5785e-17
   82    204  4.3672e-19  8.9091e-17
   82    206  4.0715e-05  8.3872e-03
   82    207  3.2106e-05  6.6460e-03
   82    208  3.1364e-05  6.5238e-03
   82    210  2.5592e-12  5.3744e-10
   82    211  7.8376e-18  1.6537e-15
   82    212  9.4586e-18  2.0052e-15
   82    214  1.1936e-18  2.5543e-16
   83    209  4.5506e-05  9.5108e-03
   83    210  5.3685e-17  1.1274e-14
   83    211  9.9581e-20  2.1012e-17
   83    212  2.8264e-19  5.9920e-17
   83    214  1.4754e-19  3.1574e-17
   84    210  1.4823e-15  3.1128e-13
   84    218  2.3049e-20  5.0247e-18
   86    222  4.0916e-17  9.0834e-15
   87    223  1.4129e-20  3.1509e-18
   88    223  7.6621e-16  1.7087e-13
   88    224  2.4442e-17  5.4751e-15
   88    226  6.2608e-12  1.4150e-09
   88    228  7.8598e-11  1.7920e-08
   89    227  5.3283e-13  1.2095e-10
   89    228  1.7203e-18  3.9224e-16
   90    227  1.2315e-15  2.7954e-13
   90    228  4.6939e-15  1.0702e-12
   90    230  2.9507e-10  6.7866e-08
   90    231  7.1273e-17  1.6464e-14
   90    232  3.4405e-05  7.9819e-03
   90    234  9.9772e-17  2.3347e-14
   91    231  7.9883e-10  1.8453e-07
   91    234  2.9879e-18  6.9916e-16
   92    234  9.6083e-10  2.2483e-07
   92    235  1.7217e-05  4.0460e-03
   92    236  1.0141e-07  2.3933e-05
   92    238  1.7480e-05  4.1601e-03
   92    240  5.0899e-18  1.2216e-15
   93    240  3.5935e-19  8.6244e-17
   94    239  6.9628e-17  1.6641e-14
   94    240  2.0076e-11  4.8182e-09
   94    244  2.4437e-07  5.9626e-05
   95    243  2.1285e-17  5.1723e-15
   96    244  6.6324e-17  1.6183e-14
   96    247  4.4925e-14  1.1096e-11
   97    246  3.5649e-09  8.7696e-07
  100    258  6.8712e-06  1.7728e-03
  100    260  4.3115e-06  1.1210e-03
  100    262  5.4173e-06  1.4193e-03
  102    260  6.2911e-20  1.6357e-17
  102    261  4.2446e-06  1.1078e-03
  102    263  4.6979e-06  1.2355e-03
  102    264  5.4155e-06  1.4297e-03
  102    266  6.4237e-06  1.7087e-03
  103    265  5.4864e-06  1.4539e-03
  104    267  5.1787e-06  1.3827e-03
  104    268  4.2172e-06  1.1302e-03
  104    270  5.6451e-06  1.5242e-03
  104    272  3.7239e-06  1.0129e-03
  104    274  2.2792e-06  6.2450e-04
  105    269  9.0402e-06  2.4318e-03
  105    271  4.0528e-06  1.0983e-03
  106    273  2.6796e-06  7.3153e-04
  106    275  8.9668e-07  2.4659e-04
  106    276  7.4139e-07  2.0462e-04
  106    278  1.0942e-07  3.0420e-05
  106    280  4.0617e-09  1.1373e-06
  107    277  1.3213e-07  3.6599e-05
  108    279  2.0607e-08  5.7495e-06
  108    281  6.5544e-10  1.8418e-07
  108    282  1.5567e-10  4.3898e-08
  108    283  5.2828e-12  1.4950e-09
  108    284  2.8237e-12  8.0194e-10
  108    286  9.9432e-12  2.8437e-09
  110    285  2.7708e-12  7.8969e-10
  110    287  2.8024e-11  8.0430e-09
  110    288  1.8356e-11  5.2865e-09
  110    290  2.6492e-11  7.6828e-09
  111    289  1.0145e-11  2.9319e-09
  111    291  1.5453e-12  4.4968e-10
  111    292  6.7757e-11  1.9785e-08
  111    293  1.7161e-11  5.0283e-09
  111    294  6.7578e-11  1.9868e-08
  111    295  4.3659e-11  1.2879e-08
  111    296  2.7589e-11  8.1662e-09
  111    297  8.6687e-12  2.5746e-09
  111    298  1.8083e-11  5.3888e-09
  111    299  2.4871e-18  7.4365e-16
  111    300  8.9548e-13  2.6864e-10
  111    301  9.7131e-11  2.9236e-08
  111    302  2.4248e-11  7.3227e-09
  111    303  3.6352e-11  1.1015e-08
  111    304  4.6019e-11  1.3990e-08
  111    305  9.1483e-11  2.7902e-08
  111    306  8.5567e-11  2.6184e-08
  111    307  3.0265e-11  9.2915e-09
  111    308  2.0667e-11  6.3654e-09
  111    309  3.9941e-11  1.2342e-08
  111    310  3.1956e-11  9.9064e-09
  111    311  2.9510e-11  9.1776e-09
  111    312  1.3514e-11  4.2165e-09
  111    313  1.3816e-11  4.3246e-09
  111    314  1.2718e-11  3.9933e-09
  111    315  9.8840e-12  3.1135e-09
  111    316  9.6879e-12  3.0614e-09
  111    317  1.1748e-11  3.7241e-09
  111    318  6.0943e-12  1.9380e-09
  111    319  1.1762e-11  3.7521e-09
  111    320  7.6755e-12  2.4562e-09
  111    321  3.9095e-12  1.2550e-09
  111    322  5.4737e-12  1.7625e-09
  111    323  3.1311e-12  1.0113e-09
  111    324  4.2865e-12  1.3888e-09
  111    325  1.9259e-12  6.2592e-10
  111    326  1.7495e-12  5.7033e-10
  111    327  1.9883e-12  6.5017e-10
  111    328  2.6573e-14  8.7160e-12
  111    329  3.6706e-13  1.2076e-10
  111    330  1.8126e-14  5.9815e-12
  111    331  4.0484e-14  1.3400e-11
  111    332  8.8483e-15  2.9376e-12
  111    333  8.0911e-14  2.6943e-11
  111    334  1.3551e-15  4.5261e-13
  111    335  5.5532e-15  1.8603e-12
  111    336  7.9328e-16  2.6654e-13
  111    337  2.4084e-14  8.1164e-12
    1      1  2.4390e-09  2.4390e-09
    2      4  1.9802e-01  7.9208e-01


