    1      2  7.7175e-04  1.5435e-03
    1      3  2.4659e-20  7.3977e-20
    2      3  1.2598e-05  3.7795e-05
    3      7  1.0148e-10  7.1036e-10
    4      8  2.4723e-07  1.9779e-06
    4      9  1.2323e-10  1.1090e-09
    5     10  2.0638e-09  2.0638e-08
    5     11  4.5006e-09  4.9507e-08
    6     12  3.4226e-09  4.1071e-08
    6     13  6.9336e-09  9.0136e-08
    7     14  1.2650e-06  1.7710e-05
    7     15  1.0687e-06  1.6030e-05
    8     16  3.0771e-06  4.9233e-05
    8     17  3.0573e-08  5.1974e-07
    8     18  9.4328e-07  1.6979e-05
    9     19  6.2093e-08  1.1798e-06
   10     20  1.7610e-06  3.5221e-05
   10     21  6.2744e-08  1.3176e-06
   10     22  2.3133e-06  5.0892e-05
   11     23  1.0338e-06  2.3776e-05
   12     24  3.0254e-06  7.2611e-05
   12     25  1.0269e-06  2.5673e-05
   12     26  1.4513e-06  3.7733e-05
   13     27  1.4969e-08  4.0416e-07
   14     28  5.2246e-07  1.4629e-05
   14     29  4.6349e-08  1.3441e-06
   14     30  8.7478e-09  2.6243e-07
   15     31  1.5543e-08  4.8182e-07
   16     32  2.2860e-07  7.3153e-06
   16     33  2.0474e-08  6.7563e-07
   16     34  1.9956e-07  6.7851e-06
   16     36  6.5351e-07  2.3526e-05
   17     35  2.1664e-08  7.5823e-07
   17     37  3.7157e-08  1.3748e-06
   18     36  9.2472e-14  3.3290e-12
   18     38  1.8069e-07  6.8662e-06
   18     40  8.2859e-10  3.3144e-08
   19     39  4.9544e-09  1.9322e-07
   19     40  9.1816e-19  3.6726e-17
   19     41  8.2509e-11  3.3829e-09
   20     40  2.6371e-19  1.0548e-17
   20     42  7.5337e-10  3.1642e-08
   20     43  1.1493e-10  4.9418e-09
   20     44  1.4787e-09  6.5062e-08
   20     46  8.2537e-10  3.7967e-08
   21     45  2.8342e-10  1.2754e-08
   22     46  3.4059e-17  1.5667e-15
   22     47  2.7133e-10  1.2753e-08
   22     48  1.4941e-08  7.1715e-07
   22     49  4.5377e-10  2.2235e-08
   22     50  5.4036e-10  2.7018e-08
   23     51  1.0431e-10  5.3196e-09
   24     52  1.7836e-10  9.2748e-09
   24     53  9.2808e-11  4.9188e-09
   24     54  1.2846e-10  6.9369e-09
   25     55  3.2702e-11  1.7986e-09
   26     56  6.3776e-11  3.5715e-09
   26     57  6.2992e-11  3.5905e-09
   26     58  4.1555e-10  2.4102e-08
   27     59  4.5016e-12  2.6560e-10
   28     60  1.4053e-09  8.4318e-08
   28     61  3.9817e-12  2.4288e-10
   28     62  3.1247e-11  1.9373e-09
   28     64  8.4406e-10  5.4020e-08
   29     63  8.2713e-11  5.2109e-09
   29     65  4.3667e-12  2.8383e-10
   30     64  1.3823e-19  8.8467e-18
   30     66  4.6746e-11  3.0852e-09
   30     67  6.0195e-12  4.0331e-10
   30     68  6.2089e-11  4.2220e-09
   30     70  8.8888e-11  6.2222e-09
   31     69  6.9480e-12  4.7941e-10
   31     71  1.1221e-11  7.9672e-10
   32     70  5.4441e-14  3.8109e-12
   32     72  6.6844e-11  4.8127e-09
   32     73  1.8463e-11  1.3478e-09
   32     74  1.6570e-10  1.2262e-08
   32     76  2.5275e-10  1.9209e-08
   33     75  5.0174e-11  3.7630e-09
   34     76  3.9708e-13  3.0178e-11
   34     77  8.1981e-12  6.3125e-10
   34     78  2.1560e-10  1.6817e-08
   34     80  6.5737e-10  5.2589e-08
   34     82  5.8398e-10  4.7886e-08
   35     79  6.9720e-11  5.5079e-09
   35     81  6.9958e-11  5.6666e-09
   36     82  2.0723e-12  1.6993e-10
   36     83  1.8655e-11  1.5484e-09
   36     84  8.0389e-11  6.7526e-09
   36     86  3.5745e-10  3.0740e-08
   37     85  1.0401e-10  8.8411e-09
   37     87  1.2622e-10  1.0981e-08
   38     86  6.4393e-18  5.5378e-16
   38     87  9.2402e-13  8.0390e-11
   38     88  1.3198e-10  1.1614e-08
   39     89  1.1379e-10  1.0127e-08
   40     90  9.4107e-11  8.4696e-09
   40     91  2.8139e-11  2.5607e-09
   40     92  6.4135e-11  5.9004e-09
   40     94  8.1589e-11  7.6693e-09
   41     93  7.2808e-11  6.7711e-09
   42     95  3.0999e-11  2.9449e-09
   42     96  2.3141e-10  2.2215e-08
   42     97  3.6944e-11  3.5836e-09
   42     98  7.8781e-11  7.7205e-09
   42    100  6.5857e-11  6.5857e-09
   44     99  2.2362e-11  2.2139e-09
   44    100  6.2012e-12  6.2012e-10
   44    101  9.8493e-12  9.9478e-10
   44    102  2.6332e-11  2.6859e-09
   44    104  2.3561e-11  2.4503e-09
   45    103  1.0571e-11  1.0888e-09
   46    104  1.2717e-16  1.3226e-14
   46    105  1.2452e-11  1.3075e-09
   46    106  2.3296e-11  2.4694e-09
   46    108  3.2221e-11  3.4799e-09
   46    110  4.7344e-11  5.2078e-09
   47    107  9.1900e-12  9.8333e-10
   47    109  8.3911e-12  9.1462e-10
   48    110  4.5423e-14  4.9966e-12
   48    111  7.7044e-12  8.5519e-10
   48    112  1.8521e-11  2.0744e-09
   48    113  1.2899e-11  1.4576e-09
   48    114  4.4098e-11  5.0272e-09
   48    116  3.3054e-11  3.8342e-09
   49    113  5.6769e-19  6.4148e-17
   49    115  2.6922e-11  3.0960e-09
   50    115  2.1480e-17  2.4701e-15
   50    116  6.1096e-13  7.0871e-11
   50    117  5.2420e-12  6.1332e-10
   50    118  3.4863e-11  4.1139e-09
   50    119  1.3000e-11  1.5470e-09
   50    120  6.5403e-11  7.8484e-09
   50    122  1.1186e-10  1.3647e-08
   50    124  1.0651e-10  1.3208e-08
   51    121  1.7997e-11  2.1776e-09
   51    123  3.8381e-12  4.7208e-10
   52    122  2.6398e-14  3.2206e-12
   52    124  3.2949e-15  4.0856e-13
   52    125  3.3971e-11  4.2464e-09
   52    126  2.1554e-10  2.7158e-08
   52    128  1.7222e-10  2.2045e-08
   52    130  3.6357e-10  4.7264e-08
   53    127  1.1197e-11  1.4220e-09
   53    129  3.1590e-17  4.0751e-15
   54    128  1.3272e-15  1.6989e-13
   54    129  6.9384e-11  8.9506e-09
   54    130  2.1879e-13  2.8443e-11
   54    131  9.6169e-10  1.2598e-07
   54    132  3.6933e-09  4.8752e-07
   54    134  8.7993e-09  1.1791e-06
   54    136  2.0007e-09  2.7209e-07
   55    133  4.2172e-09  5.6088e-07
   56    134  7.8858e-14  1.0567e-11
   56    135  3.6369e-09  4.9098e-07
   56    136  3.7815e-12  5.1429e-10
   56    137  6.5737e-11  9.0060e-09
   56    138  1.7016e-10  2.3482e-08
   57    139  1.4719e-10  2.0460e-08
   58    140  3.2268e-10  4.5175e-08
   58    142  1.1973e-11  1.7002e-09
   59    141  2.2352e-11  3.1517e-09
   60    142  8.3738e-17  1.1891e-14
   60    143  1.7933e-11  2.5645e-09
   60    144  5.0310e-11  7.2447e-09
   60    145  4.6831e-12  6.7905e-10
   60    146  1.2033e-11  1.7569e-09
   60    148  1.9568e-11  2.8961e-09
   60    150  2.5049e-11  3.7573e-09
   62    147  1.4205e-11  2.0881e-09
   62    148  6.5619e-13  9.7116e-11
   62    149  1.2555e-12  1.8707e-10
   62    150  1.1658e-13  1.7487e-11
   62    152  5.9701e-12  9.0746e-10
   62    154  5.1706e-12  7.9628e-10
   63    151  1.4849e-12  2.2422e-10
   63    153  3.0187e-12  4.6186e-10
   64    154  2.4523e-15  3.7765e-13
   64    155  7.4805e-13  1.1595e-10
   64    156  2.4982e-12  3.8972e-10
   64    157  6.3433e-13  9.9591e-11
   64    158  1.1061e-12  1.7476e-10
   64    160  2.7608e-12  4.4172e-10
   65    159  2.4374e-13  3.8755e-11
   66    160  5.6262e-17  9.0019e-15
   66    161  1.8453e-13  2.9709e-11
   66    162  5.2666e-13  8.5319e-11
   66    163  2.1800e-13  3.5535e-11
   66    164  4.6626e-13  7.6466e-11
   67    165  4.8148e-13  7.9444e-11
   68    166  7.5945e-13  1.2607e-10
   68    167  5.0838e-13  8.4900e-11
   68    168  4.8216e-13  8.1003e-11
   68    170  6.5806e-13  1.1187e-10
   69    169  1.4378e-12  2.4299e-10
   70    170  1.7856e-16  3.0355e-14
   70    171  4.9924e-13  8.5369e-11
   70    172  2.3536e-13  4.0481e-11
   70    173  1.6093e-13  2.7841e-11
   70    174  1.2082e-12  2.1023e-10
   70    176  6.4992e-13  1.1439e-10
   71    175  3.1575e-13  5.5256e-11
   71    176  3.6388e-17  6.4043e-15
   72    176  3.4060e-19  5.9946e-17
   72    177  3.8668e-13  6.8442e-11
   72    178  3.3701e-13  5.9987e-11
   72    179  3.0690e-13  5.4936e-11
   72    180  5.0592e-13  9.1065e-11
   73    181  3.0385e-12  5.4997e-10
   74    182  1.7366e-12  3.1606e-10
   74    183  2.6495e-13  4.8486e-11
   74    184  1.1064e-13  2.0357e-11
   74    186  9.4435e-14  1.7565e-11
   75    185  6.2562e-14  1.1574e-11
   75    187  2.0417e-13  3.8181e-11
   76    186  1.3484e-19  2.5081e-17
   76    187  1.6590e-15  3.1024e-13
   76    188  8.9305e-14  1.6789e-11
   76    189  4.3365e-13  8.1960e-11
   76    190  3.4324e-13  6.5216e-11
   76    192  3.9060e-12  7.4996e-10
   77    191  7.9813e-13  1.5244e-10
   77    193  3.3930e-13  6.5484e-11
   78    192  2.2807e-17  4.3790e-15
   78    194  1.1222e-12  2.1770e-10
   78    195  8.1569e-13  1.5906e-10
   78    196  8.3366e-13  1.6340e-10
   78    198  3.6026e-12  7.1331e-10
   79    197  1.5864e-12  3.1253e-10
   80    198  3.4320e-16  6.7954e-14
   80    199  2.6262e-13  5.2261e-11
   80    200  6.7885e-13  1.3577e-10
   80    201  5.0692e-13  1.0189e-10
   80    202  8.7434e-13  1.7662e-10
   80    204  3.2250e-12  6.5789e-10
   81    203  1.1753e-12  2.3859e-10
   81    205  3.0520e-12  6.2565e-10
   82    204  5.1637e-19  1.0534e-16
   82    206  1.0730e-11  2.2103e-09
   82    207  4.1217e-11  8.5320e-09
   82    208  1.5113e-11  3.1434e-09
   82    210  2.8233e-14  5.9289e-12
   83    209  4.7399e-11  9.9063e-09
   84    218  8.2131e-15  1.7905e-12
   86    219  1.9935e-13  4.3657e-11
   86    220  1.0067e-14  2.2148e-12
   88    226  3.3764e-19  7.6307e-17
   88    228  8.2756e-18  1.8868e-15
   89    227  1.1150e-19  2.5310e-17
   90    230  1.5913e-17  3.6600e-15
   90    232  3.6225e-12  8.4042e-10
   91    231  1.6716e-16  3.8614e-14
   92    234  5.1817e-17  1.2125e-14
   92    235  3.6027e-12  8.4663e-10
   92    236  2.0852e-14  4.9211e-12
   92    238  9.4266e-13  2.2435e-10
   94    240  4.1278e-18  9.9067e-16
   94    244  5.0245e-14  1.2260e-11
   96    247  2.1970e-18  5.4267e-16
   97    246  2.1613e-16  5.3168e-14
  100    258  5.2514e-12  1.3549e-09
  100    260  6.9120e-11  1.7971e-08
  100    262  3.4226e-10  8.9672e-08
  102    260  1.1670e-19  3.0342e-17
  102    261  1.2109e-10  3.1605e-08
  102    263  1.2734e-10  3.3490e-08
  102    264  1.0283e-10  2.7147e-08
  102    266  7.1351e-12  1.8979e-09
  103    265  1.0351e-10  2.7430e-08
  104    267  6.5923e-13  1.7601e-10
  104    268  8.7212e-13  2.3373e-10
  104    270  6.5294e-13  1.7629e-10
  104    272  5.8928e-13  1.6028e-10
  104    274  3.3759e-13  9.2500e-11
  105    269  2.4469e-12  6.5822e-10
  105    271  3.6232e-13  9.8189e-11
  106    273  4.6095e-13  1.2584e-10
  106    275  2.0363e-12  5.5997e-10
  106    276  7.3843e-12  2.0381e-09
  106    278  2.8672e-12  7.9708e-10
  106    280  5.1702e-11  1.4476e-08
  107    277  2.0626e-12  5.7135e-10
  108    279  2.9829e-11  8.3224e-09
  108    281  2.7278e-11  7.6650e-09
  108    282  7.5815e-10  2.1380e-07
  108    283  4.7517e-10  1.3447e-07
  108    284  1.1033e-08  3.1333e-06
  108    286  1.1908e-08  3.4056e-06
  110    285  2.7959e-08  7.9682e-06
  110    286  6.2295e-20  1.7816e-17
  110    287  1.8129e-08  5.2030e-06
  110    288  7.6458e-09  2.2020e-06
  110    290  7.5056e-09  2.1766e-06
  111    289  3.8910e-09  1.1245e-06
  111    290  1.8130e-16  5.2576e-14
  111    291  5.6952e-10  1.6573e-07
  111    292  9.5689e-09  2.7941e-06
  111    293  8.9707e-10  2.6284e-07
  111    294  1.0412e-09  3.0612e-07
  111    295  2.0682e-10  6.1012e-08
  111    296  7.0828e-11  2.0965e-08
  111    297  8.2923e-12  2.4628e-09
  111    298  8.7679e-12  2.6128e-09
  111    299  5.5045e-16  1.6458e-13
  111    300  5.7883e-14  1.7365e-11
  111    301  3.2000e-13  9.6319e-11
  111    302  9.5682e-13  2.8896e-10
  111    303  1.1729e-13  3.5538e-11
  111    304  1.9569e-13  5.9491e-11
  111    305  6.5257e-15  1.9903e-12
  111    306  3.1482e-14  9.6334e-12
  111    307  6.9618e-16  2.1373e-13
  111    308  5.7922e-16  1.7840e-13
  111    309  4.2106e-17  1.3011e-14
  111    310  2.9253e-17  9.0685e-15
  111    311  1.0812e-17  3.3626e-15
  111    312  5.8781e-18  1.8340e-15
  111    313  1.4907e-18  4.6660e-16
  111    314  1.1066e-17  3.4747e-15
  111    315  1.1441e-18  3.6040e-16
  111    316  1.1236e-18  3.5506e-16
  111    317  3.2358e-19  1.0257e-16
  111    318  5.9751e-14  1.9001e-11
  111    319  6.5677e-16  2.0951e-13
  111    320  7.8523e-15  2.5127e-12
  111    321  5.0771e-17  1.6298e-14
  111    322  6.5481e-16  2.1085e-13
  111    323  1.0635e-16  3.4352e-14
  111    324  1.2507e-16  4.0524e-14
  111    325  4.6914e-17  1.5247e-14
  111    326  2.1431e-17  6.9864e-15
  111    327  1.4191e-16  4.6406e-14
  111    328  4.6126e-17  1.5129e-14
  111    329  5.3631e-14  1.7645e-11
  111    330  8.0890e-15  2.6694e-12
  111    331  3.1816e-13  1.0531e-10
  111    332  3.2938e-14  1.0935e-11
  111    333  2.4908e-12  8.2943e-10
  111    334  1.7304e-13  5.7794e-11
  111    335  7.2497e-12  2.4286e-09
  111    336  2.7422e-13  9.2137e-11
  111    337  4.2875e-04  1.4449e-01
    1      1  1.9593e-02  1.9593e-02
    2      4  2.0847e-01  8.3389e-01


