1  6.7557e-09
2  2.2280e-01
3  7.7364e-11
4  2.3959e-12
5  1.2739e-10
6  2.6476e-09
7  8.0457e-07
8  3.2056e-08
9  4.9024e-08
10  3.1689e-07
11  4.9581e-08
12  2.2616e-07
13  8.9860e-08
14  7.2542e-07
15  1.5538e-07
16  8.3263e-07
17  1.4025e-07
18  1.0205e-06
19  7.0292e-07
20  2.7464e-06
21  2.8190e-07
22  1.8474e-06
23  1.5723e-07
24  9.9898e-07
25  4.8637e-08
26  8.8759e-08
27  1.0186e-09
28  4.0590e-08
29  5.2491e-07
30  9.5796e-07
31  1.8219e-07
32  1.8696e-06
33  3.7378e-07
34  2.3607e-05
35  4.9461e-06
36  9.7065e-06
37  3.0119e-06
38  1.4633e-06
39  6.3372e-07
40  5.3721e-06
41  3.2248e-06
42  5.7964e-06
43  4.1260e-32
44  1.6590e-06
45  5.8058e-07
46  4.4985e-06
47  2.2702e-06
48  5.4814e-06
49  1.4476e-06
50  4.0548e-06
51  7.8711e-07
52  1.9925e-04
53  4.6100e-05
54  3.2203e-04
55  1.3238e-05
56  5.0783e-05
57  8.0626e-06
58  6.0114e-05
59  6.8451e-06
60  4.6650e-06
61  -6.6620e-316
62  5.0489e-06
63  2.2744e-06
64  7.3429e-06
65  1.5267e-06
66  5.8961e-06
67  1.2509e-06
68  7.3958e-06
69  1.8928e-06
70  7.2991e-06
71  1.4022e-06
72  2.9656e-06
73  2.7733e-07
74  2.5363e-07
75  5.2652e-08
76  3.2946e-07
77  1.5701e-07
78  1.7548e-07
79  3.1458e-08
80  2.5130e-08
81  1.5832e-12
82  1.1584e-12
83  1.9362e-13
84  8.8474e-34
85  8.1872e-36
86  5.6606e-17
87  3.3369e-30
88  1.7243e-21
89  1.2583e-22
90  1.7764e-14
91  1.8865e-19
92  6.6554e-15
93  1.2345e-33
94  6.5189e-18
95  1.5966e-21
96  3.0871e-25
97  7.7870e-20
98  6.1704e-315
99  1.3834e-321
100  3.5403e-17
101  -2.2981e-313
102  1.1262e-17
103  1.5007e-18
104  1.6431e-18
105  1.0019e-18
106  9.3263e-20
107  1.9784e-21
108  4.1098e-22
109  0.0000e+00
110  0.0000e+00
111  0.0000e+00
112  0.0000e+00
113  0.0000e+00
114  0.0000e+00
115  0.0000e+00
116  0.0000e+00
117  0.0000e+00
118  0.0000e+00

