    1      2  9.4137e-09  1.8827e-08
    2      3  8.1149e-10  2.4345e-09
    3      6  2.2178e-11  1.3307e-10
    3      7  1.3017e-09  9.1122e-09
    4      8  1.4924e-09  1.1939e-08
    4      9  6.2405e-10  5.6164e-09
    5     10  3.0227e-08  3.0227e-07
    5     11  2.8913e-09  3.1804e-08
    6     12  3.2248e-09  3.8697e-08
    6     13  6.1613e-08  8.0097e-07
    7     14  3.1327e-08  4.3858e-07
    7     15  3.7391e-06  5.6086e-05
    8     16  1.2294e-07  1.9670e-06
    8     17  4.8458e-09  8.2378e-08
    8     18  2.9208e-08  5.2574e-07
    9     19  3.2538e-07  6.1822e-06
   10     20  4.8768e-07  9.7535e-06
   10     21  3.8854e-07  8.1593e-06
   10     22  1.8695e-09  4.1128e-08
   11     23  2.9473e-07  6.7788e-06
   12     24  3.6221e-07  8.6930e-06
   12     25  4.8968e-07  1.2242e-05
   12     26  5.1219e-08  1.3317e-06
   13     26  2.9969e-19  7.7920e-18
   13     27  4.6020e-08  1.2425e-06
   14     28  6.9799e-08  1.9544e-06
   14     29  4.2574e-08  1.2347e-06
   14     30  4.2492e-08  1.2748e-06
   15     31  3.6173e-08  1.1214e-06
   16     32  5.2978e-08  1.6953e-06
   16     33  9.9320e-08  3.2776e-06
   16     34  9.6773e-08  3.2903e-06
   16     36  3.0768e-08  1.1076e-06
   17     35  4.6835e-09  1.6392e-07
   17     37  2.4950e-08  9.2315e-07
   18     36  5.2321e-20  1.8835e-18
   18     38  3.8584e-08  1.4662e-06
   18     40  1.5434e-08  6.1737e-07
   19     39  1.5883e-08  6.1945e-07
   19     41  8.0657e-08  3.3069e-06
   20     42  1.6999e-07  7.1397e-06
   20     43  2.6405e-08  1.1354e-06
   20     44  7.9559e-08  3.5006e-06
   20     46  3.8741e-08  1.7821e-06
   21     45  6.1283e-08  2.7577e-06
   22     46  3.3949e-19  1.5617e-17
   22     47  7.7201e-08  3.6285e-06
   22     48  9.4834e-08  4.5520e-06
   22     49  1.7216e-08  8.4359e-07
   22     50  6.5145e-08  3.2572e-06
   23     51  1.2303e-07  6.2748e-06
   24     52  1.8450e-07  9.5938e-06
   24     53  4.5688e-08  2.4215e-06
   24     54  4.0972e-08  2.2125e-06
   25     55  5.7184e-08  3.1451e-06
   26     56  3.4657e-08  1.9408e-06
   26     57  9.8411e-08  5.6094e-06
   26     58  1.7513e-09  1.0158e-07
   27     59  5.5929e-09  3.2998e-07
   28     60  8.0993e-09  4.8596e-07
   28     61  1.8473e-08  1.1269e-06
   28     62  4.1877e-08  2.5964e-06
   28     64  7.6213e-08  4.8776e-06
   29     63  5.1694e-07  3.2568e-05
   29     65  1.5958e-07  1.0373e-05
   30     64  4.3175e-20  2.7632e-18
   30     66  3.9502e-07  2.6072e-05
   30     67  2.0522e-07  1.3750e-05
   30     68  1.0562e-07  7.1819e-06
   30     70  1.9645e-07  1.3752e-05
   31     69  4.3066e-08  2.9716e-06
   31     71  8.1925e-08  5.8167e-06
   32     70  6.7303e-15  4.7112e-13
   32     72  2.9166e-07  2.1000e-05
   32     73  1.6703e-07  1.2193e-05
   32     74  3.1750e-07  2.3495e-05
   32     76  3.8219e-07  2.9046e-05
   33     75  2.5926e-07  1.9445e-05
   34     76  9.8566e-14  7.4910e-12
   34     77  1.0247e-06  7.8901e-05
   34     78  1.3086e-06  1.0207e-04
   34     80  5.3031e-06  4.2425e-04
   34     82  1.1909e-06  9.7651e-05
   35     79  1.7053e-06  1.3472e-04
   35     81  1.0846e-06  8.7850e-05
   36     82  2.0233e-12  1.6591e-10
   36     83  6.5165e-07  5.4087e-05
   36     84  5.6947e-07  4.7836e-05
   36     86  9.3457e-07  8.0373e-05
   37     85  4.0903e-07  3.4768e-05
   37     87  2.1848e-07  1.9008e-05
   38     86  1.4507e-18  1.2476e-16
   38     87  1.5997e-09  1.3918e-07
   38     88  3.1319e-07  2.7561e-05
   39     89  1.8252e-07  1.6244e-05
   40     90  2.4728e-07  2.2255e-05
   40     91  2.3554e-07  2.1434e-05
   40     92  6.9082e-07  6.3555e-05
   40     94  7.4774e-07  7.0287e-05
   41     93  1.3763e-06  1.2799e-04
   42     95  4.3452e-07  4.1279e-05
   42     96  1.8392e-07  1.7656e-05
   42     97  1.7103e-07  1.6590e-05
   42     98  1.3261e-07  1.2996e-05
   42    100  1.1570e-07  1.1570e-05
   44     99  6.9511e-08  6.8816e-06
   44    100  2.7434e-15  2.7434e-13
   44    101  1.0954e-07  1.1063e-05
   44    102  1.7615e-07  1.7967e-05
   44    104  2.1259e-07  2.2109e-05
   45    103  2.0470e-07  2.1084e-05
   46    104  3.1196e-16  3.2444e-14
   46    105  2.9308e-07  3.0773e-05
   46    106  2.3019e-07  2.4400e-05
   46    108  1.9414e-07  2.0967e-05
   46    110  4.5635e-07  5.0199e-05
   47    107  2.7401e-07  2.9319e-05
   47    109  2.6575e-07  2.8966e-05
   48    110  4.8193e-14  5.3013e-12
   48    111  6.9421e-08  7.7058e-06
   48    112  3.2835e-07  3.6775e-05
   48    113  1.7444e-07  1.9711e-05
   48    114  1.2327e-07  1.4053e-05
   48    116  1.9257e-08  2.2339e-06
   49    113  7.6770e-15  8.6750e-13
   49    115  8.4025e-08  9.6629e-06
   50    115  6.7040e-14  7.7096e-12
   50    116  3.8265e-16  4.4387e-14
   50    117  5.4131e-08  6.3334e-06
   50    118  5.4111e-08  6.3851e-06
   50    119  5.6829e-08  6.7626e-06
   50    120  1.8870e-07  2.2644e-05
   50    122  3.1208e-07  3.8073e-05
   50    124  1.4323e-06  1.7761e-04
   51    121  2.2282e-07  2.6961e-05
   51    123  4.2616e-07  5.2418e-05
   52    122  1.6168e-14  1.9725e-12
   52    124  2.3060e-16  2.8594e-14
   52    125  1.4705e-06  1.8381e-04
   52    126  4.0544e-06  5.1086e-04
   52    128  7.2142e-06  9.2342e-04
   52    130  1.1873e-06  1.5435e-04
   53    127  4.8062e-06  6.1038e-04
   53    129  1.7858e-14  2.3037e-12
   54    128  9.0902e-18  1.1635e-15
   54    129  4.6684e-06  6.0222e-04
   54    130  2.2773e-14  2.9605e-12
   54    131  1.1599e-06  1.5194e-04
   54    132  8.8042e-07  1.1622e-04
   54    134  9.3933e-07  1.2587e-04
   54    136  1.6101e-06  2.1897e-04
   55    133  3.7760e-07  5.0221e-05
   56    134  1.0097e-18  1.3531e-16
   56    135  8.9592e-07  1.2095e-04
   56    136  3.2145e-16  4.3717e-14
   56    137  7.4519e-07  1.0209e-04
   56    138  5.7542e-07  7.9408e-05
   57    139  9.7865e-08  1.3603e-05
   58    140  2.7545e-07  3.8563e-05
   58    142  7.8827e-08  1.1193e-05
   59    141  4.1675e-08  5.8762e-06
   60    142  2.9568e-20  4.1987e-18
   60    143  9.1342e-08  1.3062e-05
   60    144  2.6945e-07  3.8801e-05
   60    145  1.5087e-07  2.1876e-05
   60    146  3.4512e-07  5.0387e-05
   60    148  4.5212e-07  6.6914e-05
   60    150  2.1684e-07  3.2527e-05
   62    147  3.6999e-07  5.4388e-05
   62    148  4.0767e-16  6.0335e-14
   62    149  1.8071e-07  2.6926e-05
   62    150  5.5147e-13  8.2720e-11
   62    152  4.7715e-07  7.2527e-05
   62    154  4.6224e-07  7.1185e-05
   63    151  3.2175e-07  4.8584e-05
   63    153  2.8038e-07  4.2897e-05
   64    154  1.8630e-14  2.8690e-12
   64    155  3.4950e-07  5.4172e-05
   64    156  5.1656e-07  8.0583e-05
   64    157  3.0560e-07  4.7980e-05
   64    158  5.6840e-07  8.9806e-05
   64    160  4.8900e-07  7.8241e-05
   65    159  4.2387e-07  6.7396e-05
   66    160  1.3665e-14  2.1865e-12
   66    161  2.7441e-07  4.4179e-05
   66    162  5.7063e-07  9.2442e-05
   66    163  3.5536e-07  5.7923e-05
   66    164  1.1182e-06  1.8338e-04
   67    165  4.7802e-07  7.8874e-05
   68    166  8.7115e-07  1.4461e-04
   68    167  4.9996e-07  8.3494e-05
   68    168  8.9359e-07  1.5012e-04
   68    170  5.8859e-07  1.0006e-04
   69    169  8.2813e-07  1.3995e-04
   70    170  4.8875e-15  8.3087e-13
   70    171  4.1274e-07  7.0579e-05
   70    172  3.3631e-07  5.7845e-05
   70    173  5.5023e-07  9.5190e-05
   70    174  9.4533e-07  1.6449e-04
   70    176  6.6818e-07  1.1760e-04
   71    175  4.7974e-07  8.3955e-05
   71    176  1.6225e-15  2.8557e-13
   72    176  1.5191e-17  2.6736e-15
   72    177  4.3706e-07  7.7360e-05
   72    178  3.6970e-07  6.5807e-05
   72    179  2.4934e-07  4.4633e-05
   72    180  2.8827e-07  5.1888e-05
   73    181  2.7722e-07  5.0177e-05
   74    182  4.5106e-07  8.2093e-05
   74    183  1.6838e-07  3.0814e-05
   74    184  9.1371e-07  1.6812e-04
   74    186  3.1186e-06  5.8006e-04
   75    185  4.3177e-07  7.9877e-05
   75    187  2.0205e-06  3.7783e-04
   76    186  2.1046e-17  3.9146e-15
   76    187  1.6421e-08  3.0707e-06
   76    188  4.4362e-06  8.3401e-04
   76    189  4.8330e-06  9.1343e-04
   76    190  1.8210e-05  3.4599e-03
   76    192  1.5754e-05  3.0249e-03
   77    191  1.4613e-05  2.7911e-03
   77    193  1.5785e-05  3.0465e-03
   78    192  4.8344e-14  9.2820e-12
   78    194  2.8968e-05  5.6198e-03
   78    195  2.8857e-05  5.6271e-03
   78    196  3.0904e-05  6.0573e-03
   78    198  1.7512e-05  3.4673e-03
   79    197  2.4306e-05  4.7882e-03
   80    198  4.4436e-13  8.7984e-11
   80    199  4.5314e-06  9.0175e-04
   80    200  1.0265e-06  2.0531e-04
   80    201  1.3713e-07  2.7563e-05
   80    202  1.9762e-07  3.9919e-05
   80    204  4.1319e-07  8.4292e-05
   81    203  3.8819e-07  7.8802e-05
   81    205  6.4615e-08  1.3246e-05
   81    207  6.4727e-20  1.3398e-17
   82    204  5.4501e-17  1.1118e-14
   82    206  8.9551e-06  1.8448e-03
   82    207  8.5387e-06  1.7675e-03
   82    208  6.6626e-06  1.3858e-03
   82    210  2.5379e-14  5.3295e-12
   82    211  4.9250e-19  1.0392e-16
   82    212  8.3017e-19  1.7600e-16
   82    214  5.8278e-20  1.2471e-17
   83    209  1.1194e-05  2.3395e-03
   83    210  1.5677e-17  3.2921e-15
   83    211  2.9141e-20  6.1488e-18
   83    212  7.8707e-20  1.6686e-17
   83    214  4.3084e-20  9.2199e-18
   84    210  4.3284e-16  9.0896e-14
   86    222  1.1948e-17  2.6525e-15
   88    223  2.2422e-16  5.0001e-14
   88    224  6.8065e-18  1.5247e-15
   88    226  1.8282e-12  4.1318e-10
   88    228  3.9233e-15  8.9451e-13
   89    227  1.5593e-13  3.5395e-11
   89    228  4.7907e-19  1.0923e-16
   90    227  3.6037e-16  8.1804e-14
   90    228  1.3071e-15  2.9802e-13
   90    230  8.6165e-11  1.9818e-08
   90    231  2.0857e-17  4.8180e-15
   90    232  9.5808e-06  2.2227e-03
   90    234  7.5301e-17  1.7620e-14
   91    231  2.3377e-10  5.4000e-08
   91    234  8.7249e-19  2.0416e-16
   92    234  2.8057e-10  6.5655e-08
   92    235  5.0383e-06  1.1840e-03
   92    236  3.3923e-08  8.0059e-06
   92    238  5.1043e-06  1.2148e-03
   92    240  1.6461e-18  3.9506e-16
   93    240  1.2021e-19  2.8851e-17
   94    239  2.8246e-17  6.7508e-15
   94    240  6.7159e-12  1.6118e-09
   94    244  8.1748e-08  1.9946e-05
   95    243  8.6348e-18  2.0983e-15
   96    244  2.2187e-17  5.4136e-15
   96    247  1.8225e-14  4.5015e-12
   97    246  1.2024e-09  2.9580e-07
  100    258  1.7230e-06  4.4454e-04
  100    260  1.8423e-06  4.7899e-04
  100    262  1.8463e-06  4.8373e-04
  102    260  6.4389e-18  1.6741e-15
  102    261  1.4909e-06  3.8912e-04
  102    263  1.4912e-06  3.9219e-04
  102    264  3.1562e-06  8.3324e-04
  102    266  4.0501e-06  1.0773e-03
  103    265  2.6468e-06  7.0139e-04
  104    267  3.1316e-06  8.3613e-04
  104    268  1.9815e-06  5.3104e-04
  104    270  4.2136e-06  1.1377e-03
  104    272  1.4443e-06  3.9285e-04
  104    274  1.7728e-06  4.8574e-04
  105    269  4.8214e-06  1.2969e-03
  105    271  2.2310e-06  6.0459e-04
  106    273  1.4815e-06  4.0444e-04
  106    275  3.8629e-07  1.0623e-04
  106    276  4.3166e-07  1.1914e-04
  106    278  5.2229e-08  1.4520e-05
  106    280  8.0445e-10  2.2525e-07
  107    277  5.3762e-08  1.4892e-05
  108    279  8.1309e-09  2.2685e-06
  108    281  1.1055e-10  3.1065e-08
  108    282  5.5089e-11  1.5535e-08
  108    283  1.6472e-12  4.6616e-10
  108    284  7.8234e-13  2.2218e-10
  108    286  7.9612e-13  2.2769e-10
  110    285  2.9339e-14  8.3616e-12
  110    287  1.2913e-12  3.7060e-10
  110    288  3.2701e-13  9.4178e-11
  110    290  2.2937e-12  6.6516e-10
  111    289  3.3648e-13  9.7244e-11
  111    291  1.9610e-20  5.7064e-18
  111    292  9.9005e-12  2.8909e-09
  111    293  2.9751e-12  8.7170e-10
  111    294  8.4363e-12  2.4803e-09
  111    295  2.3190e-12  6.8412e-10
  111    296  6.7610e-13  2.0012e-10
  111    297  4.7819e-13  1.4202e-10
  111    298  1.1962e-14  3.5647e-12
  111    299  1.1969e-16  3.5788e-14
  111    300  1.3933e-15  4.1800e-13
  111    301  2.8971e-11  8.7204e-09
  111    302  1.2924e-11  3.9032e-09
  111    303  1.4387e-11  4.3594e-09
  111    304  2.7569e-11  8.3810e-09
  111    305  3.1963e-11  9.7488e-09
  111    306  8.4175e-11  2.5757e-08
  111    307  3.9568e-11  1.2147e-08
  111    308  4.2651e-11  1.3137e-08
  111    309  4.8897e-11  1.5109e-08
  111    310  4.4274e-11  1.3725e-08
  111    311  4.8955e-11  1.5225e-08
  111    312  5.3832e-11  1.6795e-08
  111    313  3.9463e-11  1.2352e-08
  111    314  4.2342e-11  1.3295e-08
  111    315  4.0230e-11  1.2672e-08
  111    316  6.1724e-11  1.9505e-08
  111    317  4.4034e-11  1.3959e-08
  111    318  4.5998e-11  1.4628e-08
  111    319  5.9968e-11  1.9130e-08
  111    320  8.6860e-11  2.7795e-08
  111    321  3.2497e-11  1.0432e-08
  111    322  5.4564e-11  1.7570e-08
  111    323  4.8362e-11  1.5621e-08
  111    324  5.1913e-11  1.6820e-08
  111    325  2.6663e-11  8.6655e-09
  111    326  4.4106e-11  1.4378e-08
  111    327  2.7162e-11  8.8819e-09
  111    328  6.0175e-11  1.9737e-08
  111    329  5.3796e-11  1.7699e-08
  111    330  3.6942e-12  1.2191e-09
  111    331  6.4365e-11  2.1305e-08
  111    332  2.3296e-11  7.7342e-09
  111    333  3.7372e-12  1.2445e-09
  111    334  8.5334e-13  2.8502e-10
  111    335  1.3572e-12  4.5465e-10
  111    336  1.9097e-13  6.4165e-11
  111    337  5.0080e-12  1.6877e-09
    1      1  2.3783e-08  2.3783e-08
    2      4  2.3133e-01  9.2530e-01


