    1      2  2.7143e-19  5.4287e-19
    5     10  1.2063e-19  1.2063e-18
    6     12  4.5700e-06  5.4840e-05
    6     13  4.5475e-10  5.9118e-09
    7     14  6.1471e-14  8.6059e-13
    7     15  1.6992e-20  2.5488e-19
    8     16  2.7083e-08  4.3333e-07
    8     17  4.4223e-16  7.5179e-15
    8     18  5.9275e-19  1.0669e-17
   10     20  1.3132e-08  2.6265e-07
   10     21  2.0591e-13  4.3242e-12
   10     22  4.8447e-17  1.0658e-15
   11     23  9.8178e-13  2.2581e-11
   12     24  1.2578e-08  3.0187e-07
   12     25  1.1435e-11  2.8588e-10
   12     26  2.0289e-11  5.2750e-10
   13     26  1.7071e-13  4.4383e-12
   13     27  1.8484e-09  4.9908e-08
   14     28  4.0870e-08  1.1444e-06
   14     29  3.7355e-10  1.0833e-08
   14     30  2.2876e-08  6.8628e-07
   15     31  7.0936e-09  2.1990e-07
   16     32  5.7636e-08  1.8444e-06
   16     33  6.3963e-09  2.1108e-07
   16     34  1.1042e-07  3.7544e-06
   16     36  7.0790e-11  2.5484e-09
   17     35  3.1491e-08  1.1022e-06
   17     37  8.8743e-09  3.2835e-07
   18     36  4.3161e-08  1.5538e-06
   18     38  4.3148e-07  1.6396e-05
   18     40  9.3903e-10  3.7561e-08
   19     39  4.3058e-08  1.6793e-06
   19     40  1.0639e-09  4.2554e-08
   19     41  4.6156e-09  1.8924e-07
   20     40  1.4732e-08  5.8928e-07
   20     42  6.6379e-07  2.7879e-05
   20     43  1.0060e-07  4.3258e-06
   20     44  4.8883e-08  2.1508e-06
   20     46  9.3627e-09  4.3069e-07
   21     45  8.4471e-08  3.8012e-06
   22     46  2.6005e-07  1.1962e-05
   22     47  1.5827e-07  7.4387e-06
   22     48  1.6560e-07  7.9489e-06
   22     49  1.6275e-07  7.9746e-06
   22     50  3.6249e-07  1.8125e-05
   23     51  8.8743e-08  4.5259e-06
   24     50  1.3069e-08  6.5343e-07
   24     52  1.1780e-07  6.1257e-06
   24     53  3.1110e-07  1.6489e-05
   24     54  7.6452e-07  4.1284e-05
   25     55  7.6065e-08  4.1836e-06
   26     54  3.3700e-10  1.8198e-08
   26     56  3.2827e-07  1.8383e-05
   26     57  4.0951e-07  2.3342e-05
   26     58  1.9038e-07  1.1042e-05
   27     59  8.5096e-08  5.0207e-06
   28     58  9.2993e-12  5.3936e-10
   28     60  1.9022e-06  1.1413e-04
   28     61  1.7022e-07  1.0383e-05
   28     62  7.8422e-08  4.8621e-06
   28     64  5.2329e-07  3.3490e-05
   29     63  8.4479e-07  5.3222e-05
   29     65  4.5314e-08  2.9454e-06
   30     64  6.0149e-10  3.8496e-08
   30     66  2.8482e-06  1.8798e-04
   30     67  8.6361e-07  5.7862e-05
   30     68  9.4780e-08  6.4451e-06
   30     70  1.3706e-06  9.5942e-05
   31     69  6.9380e-07  4.7872e-05
   31     71  6.1391e-08  4.3588e-06
   32     70  9.2758e-09  6.4931e-07
   32     72  2.7987e-06  2.0151e-04
   32     73  2.7830e-07  2.0316e-05
   32     74  1.0665e-07  7.8917e-06
   32     76  9.8514e-07  7.4870e-05
   33     75  1.6036e-06  1.2027e-04
   34     74  1.3934e-12  1.0311e-10
   34     76  3.5303e-09  2.6830e-07
   34     77  7.4153e-08  5.7098e-06
   34     78  2.4755e-06  1.9309e-04
   34     80  1.0578e-07  8.4622e-06
   34     82  2.9776e-06  2.4416e-04
   35     79  3.1892e-07  2.5194e-05
   35     81  1.9683e-06  1.5943e-04
   36     78  1.2956e-17  1.0106e-15
   36     80  1.7454e-12  1.3963e-10
   36     82  3.6855e-09  3.0221e-07
   36     83  5.5654e-08  4.6193e-06
   36     84  1.6216e-06  1.3622e-04
   36     86  8.3240e-04  7.1587e-02
   37     85  5.9849e-06  5.0872e-04
   37     87  4.4988e-04  3.9139e-02
   38     84  1.7387e-15  1.4605e-13
   38     86  5.9766e-07  5.1399e-05
   38     87  3.5847e-06  3.1187e-04
   38     88  1.9770e-03  1.7397e-01
   39     89  1.6011e-04  1.4250e-02
   40     90  4.0411e-04  3.6370e-02
   40     91  2.5528e-05  2.3231e-03
   40     92  3.2759e-06  3.0138e-04
   40     94  6.9747e-06  6.5562e-04
   41     92  4.6420e-15  4.2707e-13
   41     93  2.6450e-06  2.4599e-04
   42     92  6.9862e-16  6.4273e-14
   42     94  7.7304e-10  7.2666e-08
   42     95  8.8882e-07  8.4438e-05
   42     96  2.4944e-06  2.3946e-04
   42     97  8.6522e-08  8.3927e-06
   42     98  1.2996e-08  1.2736e-06
   42    100  3.7255e-09  3.7255e-07
   44     98  1.5498e-13  1.5188e-11
   44     99  1.8449e-10  1.8264e-08
   44    100  8.9354e-13  8.9354e-11
   44    101  1.0298e-10  1.0401e-08
   44    102  6.2237e-11  6.3482e-09
   44    104  2.2943e-11  2.3861e-09
   45    103  5.3649e-11  5.5258e-09
   46    102  6.5029e-19  6.6330e-17
   46    104  4.0649e-16  4.2274e-14
   46    105  2.9623e-12  3.1104e-10
   46    106  1.4806e-11  1.5694e-09
   46    108  1.3149e-13  1.4201e-11
   46    110  6.3440e-14  6.9783e-12
   47    107  3.6320e-13  3.8863e-11
   47    109  1.4053e-13  1.5318e-11
   48    108  1.5382e-20  1.6613e-18
   48    110  6.6993e-19  7.3693e-17
   48    111  1.2693e-15  1.4090e-13
   48    112  1.0200e-14  1.1424e-12
   48    113  8.2198e-16  9.2884e-14
   48    114  5.6545e-17  6.4462e-15
   48    116  7.7344e-17  8.9719e-15
   49    115  9.7430e-17  1.1204e-14
   50    117  1.0696e-18  1.2514e-16
   50    118  1.3176e-17  1.5548e-15
   50    119  1.2108e-18  1.4409e-16
   50    120  8.7443e-20  1.0493e-17
   50    122  7.8859e-20  9.6208e-18
   50    124  4.8624e-20  6.0294e-18
   51    121  3.4044e-19  4.1193e-17
    1      1  3.5403e-08  3.5403e-08
    2      4  1.6445e-01  6.5782e-01


