1  4.9030e-08
2  2.1760e-01
3  2.4009e-09
4  2.6444e-08
5  1.9409e-07
6  7.6432e-08
7  1.0243e-05
8  4.2627e-07
9  7.8350e-07
10  1.8994e-06
11  7.2525e-07
12  7.4668e-07
13  9.7339e-08
14  2.5196e-07
15  2.1013e-08
16  6.3009e-07
17  1.8717e-08
18  2.6320e-08
19  3.8501e-08
20  1.2857e-07
21  2.3964e-08
22  2.2909e-08
23  3.6514e-09
24  2.6135e-08
25  7.2925e-10
26  3.3300e-08
27  4.1985e-10
28  1.0585e-08
29  5.4567e-08
30  1.6827e-07
31  1.7908e-08
32  2.9048e-07
33  2.4307e-07
34  2.8264e-06
35  7.6656e-07
36  5.5564e-07
37  3.3219e-07
38  1.0598e-07
39  8.3107e-08
40  3.2995e-07
41  4.8595e-08
42  2.1039e-07
43  1.7969e-33
44  8.7373e-08
45  3.6246e-08
46  2.4690e-07
47  1.2634e-07
48  2.7564e-07
49  7.6306e-08
50  4.4726e-07
51  9.4842e-08
52  7.9027e-06
53  3.3945e-06
54  5.9283e-06
55  5.2395e-07
56  4.3147e-07
57  7.8365e-08
58  2.5266e-07
59  2.0249e-07
60  1.7379e-07
61  1.6536e-87
62  6.9389e-08
63  1.2554e-08
64  1.1702e-07
65  2.6279e-10
66  2.0057e-08
67  4.3420e-09
68  7.1245e-08
69  1.0418e-07
70  2.3291e-07
71  2.6268e-08
72  5.7670e-07
73  1.5018e-07
74  4.8742e-07
75  1.3176e-07
76  2.8527e-07
77  1.1218e-07
78  8.8091e-06
79  3.4966e-06
80  1.3074e-05
81  2.6236e-07
82  4.2557e-06
83  4.2207e-06
84  2.5351e-16
85  8.7062e-27
86  6.9989e-18
87  2.5522e-21
88  9.0700e-12
89  9.6245e-14
90  3.5015e-06
91  1.4429e-10
92  6.1113e-06
93  4.1790e-20
94  2.8418e-08
95  5.3718e-18
96  1.1344e-14
97  4.8602e-10
98  -3.0849e-314
99  8.0533e-322
100  3.9317e-06
101  6.9668e-313
102  7.8925e-06
103  1.8548e-06
104  3.3344e-05
105  8.1176e-06
106  1.0651e-04
107  1.3375e-05
108  2.5842e-05
109  -2.1320e-319
110  4.8005e-06
111  1.9157e-04
112  0.0000e+00
113  0.0000e+00
114  0.0000e+00
115  0.0000e+00
116  0.0000e+00
117  0.0000e+00
118  0.0000e+00

