1  1.6635e-09
2  6.2015e-15
3  4.9448e-19
4  1.9564e-01
5  0.0000e+00
6  7.6407e-17
7  8.2552e-19
8  6.5210e-15
9  1.3908e-18
10  2.7268e-17
11  1.2165e-19
12  2.8084e-08
13  9.1527e-14
14  1.2074e-12
15  3.8009e-10
16  1.2250e-09
17  7.6256e-14
18  1.5010e-10
19  2.0758e-10
20  1.6673e-10
21  1.2363e-10
22  2.0867e-10
23  5.8044e-10
24  3.6227e-10
25  9.0903e-10
26  3.4504e-09
27  1.5184e-09
28  5.8056e-09
29  6.9032e-09
30  2.2141e-08
31  2.7890e-09
32  3.3430e-08
33  1.0205e-07
34  7.6525e-08
35  3.1005e-08
36  5.2320e-08
37  2.9203e-07
38  5.5294e-07
39  1.1696e-07
40  1.4142e-07
41  1.0434e-07
42  3.0462e-07
43  6.8187e-08
44  1.9199e-07
45  5.0988e-07
46  1.2815e-06
47  9.1042e-07
48  3.1807e-07
49  1.2834e-06
50  1.9684e-06
51  6.4250e-07
52  4.0749e-08
53  1.4445e-06
54  5.4464e-06
55  2.6672e-07
56  1.6050e-06
57  2.0706e-07
58  9.3016e-09
59  9.7298e-09
60  4.0272e-08
61  1.0573e-07
62  3.8949e-07
63  8.5945e-07
64  1.1726e-07
65  7.2843e-08
66  3.2568e-07
67  2.4385e-07
68  8.2778e-07
69  1.1276e-06
70  1.8836e-06
71  2.0900e-07
72  3.1328e-07
73  1.0110e-06
74  1.2591e-06
75  4.8039e-06
76  8.2438e-06
77  2.0419e-05
78  2.7108e-05
79  1.3796e-05
80  7.9373e-06
81  1.5295e-05
82  2.5960e-05
83  4.4107e-06
84  4.8698e-06
85  9.4981e-06
86  2.3043e-05
87  4.4639e-06
88  1.0103e-05
89  3.3235e-06
90  1.9186e-06
91  2.5926e-06
92  2.4438e-05
93  6.5836e-06
94  6.7738e-06
95  4.5340e-06
96  9.1832e-06
97  4.6615e-06
98  3.2205e-07
99  1.9785e-06
100  7.9672e-06
101  1.7693e-05
102  1.8385e-05
103  6.9209e-06
104  8.2889e-06
105  3.7589e-05
106  1.3446e-04
107  8.9819e-05
108  8.3394e-05
109  8.6470e-05
110  9.9366e-05
111  1.6076e-05
112  3.4251e-05
113  1.6576e-05
114  1.4294e-05
115  6.8094e-06
116  5.3401e-06
117  9.8923e-06
118  7.4283e-06
119  3.8880e-06
120  8.8386e-06
121  9.7375e-06
122  3.6619e-05
123  3.7018e-05
124  1.0477e-04
125  1.6650e-04
126  3.3459e-04
127  1.4360e-04
128  8.0438e-05
129  2.3311e-05
130  9.6609e-07
131  1.1302e-08
132  1.2809e-08
133  1.4691e-08
134  2.5385e-09
135  2.1682e-10
136  1.3387e-10
137  1.1257e-12
138  2.4956e-13
139  2.4081e-12
140  5.1852e-12
141  1.9856e-13
142  4.0196e-13
143  3.6741e-13
144  3.6878e-14
145  1.3563e-14
146  5.1333e-14
147  6.2351e-14
148  7.8884e-14
149  5.1393e-14
150  8.1341e-14
151  4.5914e-14
152  7.6173e-14
153  3.5332e-14
154  3.4260e-14
155  2.5150e-14
156  9.5988e-15
157  1.0362e-14
158  1.0439e-14
159  1.6104e-15
160  3.2434e-15
161  2.3568e-15
162  1.3080e-15
163  7.2228e-16
164  1.1720e-15
165  6.1809e-16
166  1.0174e-15
167  3.4016e-16
168  1.9724e-16
169  2.0118e-16
170  3.7982e-17
171  1.5067e-17
172  9.0121e-18
173  4.1898e-18
174  3.9349e-18
175  1.1481e-18
176  8.5158e-19
177  3.6593e-19
178  8.0783e-20
179  2.5665e-20
180  1.4103e-20
181  1.1768e-20
182  4.8433e-21
183  1.9634e-21
184  7.9587e-22
185  3.4466e-22
186  3.9528e-22
187  2.7676e-22
188  6.2055e-22
189  6.2978e-22
190  2.3323e-21
191  1.2480e-21
192  1.2560e-21
193  6.7743e-22
194  6.8901e-22
195  3.6370e-22
196  1.6917e-22
197  4.6790e-23
198  8.9631e-24
199  8.8762e-25
200  0.0000e+00
201  0.0000e+00
202  0.0000e+00
203  0.0000e+00
204  0.0000e+00
205  0.0000e+00
206  0.0000e+00
207  0.0000e+00
208  0.0000e+00
209  0.0000e+00
210  0.0000e+00
211  0.0000e+00
212  0.0000e+00
213  0.0000e+00
214  0.0000e+00
215  0.0000e+00
216  0.0000e+00
217  0.0000e+00
218  0.0000e+00
219  0.0000e+00
220  0.0000e+00
221  0.0000e+00
222  0.0000e+00
223  0.0000e+00
224  0.0000e+00
225  0.0000e+00
226  0.0000e+00
227  0.0000e+00
228  0.0000e+00
229  0.0000e+00
230  0.0000e+00
231  0.0000e+00
232  0.0000e+00
233  0.0000e+00
234  0.0000e+00
235  0.0000e+00
236  0.0000e+00
237  0.0000e+00
238  0.0000e+00
239  0.0000e+00
240  0.0000e+00
241  0.0000e+00
242  0.0000e+00
243  0.0000e+00
244  0.0000e+00
245  0.0000e+00
246  0.0000e+00
247  0.0000e+00
248  0.0000e+00
249  0.0000e+00
250  0.0000e+00
251  0.0000e+00
252  0.0000e+00
253  0.0000e+00
254  0.0000e+00
255  0.0000e+00
256  0.0000e+00
257  0.0000e+00
258  0.0000e+00
259  0.0000e+00
260  0.0000e+00
261  0.0000e+00
262  0.0000e+00
263  0.0000e+00
264  0.0000e+00
265  0.0000e+00
266  0.0000e+00
267  0.0000e+00
268  0.0000e+00
269  0.0000e+00
270  0.0000e+00
271  0.0000e+00
272  0.0000e+00
273  0.0000e+00
274  0.0000e+00
275  0.0000e+00
276  0.0000e+00
277  0.0000e+00
278  0.0000e+00
279  0.0000e+00
280  0.0000e+00
281  0.0000e+00
282  0.0000e+00
283  0.0000e+00
284  0.0000e+00
285  0.0000e+00
286  0.0000e+00
287  0.0000e+00
288  0.0000e+00
289  0.0000e+00
290  0.0000e+00
291  0.0000e+00
292  0.0000e+00
293  0.0000e+00
294  0.0000e+00
295  0.0000e+00
296  0.0000e+00
297  0.0000e+00
298  0.0000e+00
299  0.0000e+00
300  0.0000e+00
301  0.0000e+00
302  0.0000e+00
303  0.0000e+00
304  0.0000e+00
305  0.0000e+00
306  0.0000e+00
307  0.0000e+00
308  0.0000e+00
309  0.0000e+00
310  0.0000e+00
311  0.0000e+00
312  0.0000e+00
313  0.0000e+00
314  0.0000e+00
315  0.0000e+00
316  0.0000e+00
317  0.0000e+00
318  0.0000e+00
319  0.0000e+00
320  0.0000e+00
321  0.0000e+00
322  0.0000e+00
323  0.0000e+00
324  0.0000e+00
325  0.0000e+00
326  0.0000e+00
327  0.0000e+00
328  0.0000e+00
329  0.0000e+00
330  0.0000e+00
331  0.0000e+00
332  0.0000e+00
333  0.0000e+00
334  0.0000e+00
335  0.0000e+00
336  0.0000e+00
337  0.0000e+00

