1  3.1818e-09
2  2.0387e-01
3  6.3073e-11
4  7.9736e-13
5  8.2416e-11
6  2.8832e-09
7  4.3208e-07
8  3.9901e-08
9  2.8410e-08
10  1.5544e-07
11  1.6989e-08
12  8.1369e-07
13  1.1371e-07
14  4.0392e-07
15  3.2055e-08
16  1.4474e-06
17  9.3299e-08
18  6.5548e-07
19  3.2950e-07
20  1.8294e-06
21  4.6281e-07
22  1.6929e-06
23  3.7477e-07
24  4.4852e-07
25  7.4392e-08
26  9.9902e-07
27  2.6190e-08
28  3.2641e-07
29  6.4376e-07
30  9.7672e-07
31  1.3300e-07
32  4.7594e-06
33  3.5102e-06
34  4.2607e-05
35  2.1352e-05
36  6.3678e-06
37  3.3347e-06
38  1.9775e-06
39  7.0936e-07
40  7.1914e-06
41  1.0182e-06
42  3.1163e-06
43  3.4866e-32
44  3.1135e-06
45  9.0137e-07
46  7.4378e-06
47  3.4875e-06
48  2.2386e-06
49  2.4779e-07
50  3.6386e-05
51  4.6583e-06
52  6.7453e-04
53  2.4837e-04
54  3.5727e-04
55  2.1912e-05
56  1.0995e-05
57  4.6208e-07
58  1.1544e-06
59  1.6367e-06
60  9.8721e-07
61  -9.6777e-316
62  9.4355e-07
63  2.8049e-07
64  1.3066e-06
65  1.9606e-08
66  6.2814e-07
67  1.2415e-07
68  8.8158e-07
69  3.9644e-07
70  3.8172e-07
71  3.9076e-08
72  1.2352e-07
73  1.7825e-08
74  5.4705e-08
75  1.6313e-08
76  8.9105e-08
77  4.6935e-08
78  7.7151e-08
79  7.7604e-09
80  5.7173e-10
81  1.2685e-13
82  5.7349e-13
83  1.5596e-13
84  2.0721e-17
85  5.9686e-23
86  2.3945e-29
87  5.0866e-20
88  3.6270e-21
89  9.2660e-24
90  1.5900e-15
91  1.3892e-20
92  4.4628e-16
93  1.5487e-41
94  3.4523e-19
95  1.7041e-32
96  2.6732e-28
97  4.6761e-21
98  0.0000e+00
99  -8.3003e-322
100  3.6860e-19
101  6.0080e-314
102  7.1242e-20
103  2.9856e-21
104  8.7779e-22
105  2.5779e-22
106  7.5332e-24
107  0.0000e+00
108  0.0000e+00
109  0.0000e+00
110  0.0000e+00
111  0.0000e+00
112  0.0000e+00
113  0.0000e+00
114  0.0000e+00
115  0.0000e+00
116  0.0000e+00
117  0.0000e+00
118  0.0000e+00

