1  1.8501e-10
2  1.8950e-01
3  6.9240e-19
4  7.2990e-17
5  1.1693e-18
6  5.7014e-08
7  2.9662e-11
8  2.6468e-09
9  2.0083e-12
10  8.7354e-10
11  5.6009e-13
12  1.5459e-09
13  1.0742e-09
14  2.1654e-08
15  1.9724e-09
16  1.2406e-07
17  1.2855e-07
18  1.7941e-07
19  2.0613e-08
20  1.7565e-06
21  6.2133e-08
22  3.0523e-06
23  5.9650e-07
24  9.8787e-06
25  2.3268e-07
26  8.6257e-07
27  3.3759e-08
28  3.0128e-07
29  4.1070e-07
30  3.3543e-06
31  4.5316e-07
32  1.8665e-05
33  1.5151e-06
34  8.7775e-05
35  1.5745e-05
36  3.7872e-05
37  1.5240e-05
38  6.5591e-06
39  1.5027e-05
40  9.0941e-05
41  1.7113e-05
42  5.1744e-05
43  2.8045e-30
44  1.5449e-04
45  8.6469e-06
46  7.2920e-04
47  3.1982e-04
48  1.6784e-04
49  1.1878e-05
50  9.5510e-05
51  2.4287e-05
52  2.7344e-04
53  7.2461e-05
54  1.1467e-05
55  1.0968e-10
56  1.9368e-12
57  2.4659e-14
58  5.4637e-14
59  5.0555e-15
60  3.3581e-15
61  7.0439e-316
62  5.0308e-16
63  8.7771e-17
64  5.2611e-17
65  4.3780e-19
66  2.0672e-18
67  2.3594e-19
68  7.3579e-19
69  1.1125e-19
70  1.4918e-20
71  3.1466e-22
72  9.8421e-23
73  3.6375e-25
74  0.0000e+00
75  0.0000e+00
76  0.0000e+00
77  0.0000e+00
78  0.0000e+00
79  0.0000e+00
80  0.0000e+00
81  0.0000e+00
82  0.0000e+00
83  0.0000e+00
84  0.0000e+00
85  0.0000e+00
86  0.0000e+00
87  0.0000e+00
88  0.0000e+00
89  0.0000e+00
90  0.0000e+00
91  0.0000e+00
92  0.0000e+00
93  0.0000e+00
94  0.0000e+00
95  0.0000e+00
96  0.0000e+00
97  0.0000e+00
98  0.0000e+00
99  0.0000e+00
100  0.0000e+00
101  0.0000e+00
102  0.0000e+00
103  0.0000e+00
104  0.0000e+00
105  0.0000e+00
106  0.0000e+00
107  0.0000e+00
108  0.0000e+00
109  0.0000e+00
110  0.0000e+00
111  0.0000e+00
112  0.0000e+00
113  0.0000e+00
114  0.0000e+00
115  0.0000e+00
116  0.0000e+00
117  0.0000e+00
118  0.0000e+00

