    1      2  7.3810e-09  1.4762e-08
    2      3  7.0048e-10  2.1014e-09
    3      6  2.0345e-11  1.2207e-10
    3      7  9.3738e-10  6.5616e-09
    4      8  3.6805e-09  2.9444e-08
    4      9  1.4491e-09  1.3042e-08
    5     10  5.0513e-08  5.0513e-07
    5     11  3.2306e-09  3.5536e-08
    6     12  3.7459e-09  4.4950e-08
    6     13  1.8913e-07  2.4586e-06
    7     14  7.6291e-08  1.0681e-06
    7     15  6.7759e-06  1.0164e-04
    8     16  1.6205e-07  2.5928e-06
    8     17  5.1816e-09  8.8087e-08
    8     18  3.4123e-08  6.1421e-07
    9     19  6.3611e-07  1.2086e-05
   10     20  9.0355e-07  1.8071e-05
   10     21  3.9291e-07  8.2512e-06
   10     22  3.6623e-09  8.0570e-08
   11     23  7.4342e-07  1.7099e-05
   12     24  2.5579e-07  6.1390e-06
   12     25  3.6656e-07  9.1640e-06
   12     26  4.0649e-08  1.0569e-06
   13     26  1.2764e-19  3.3186e-18
   13     27  1.2905e-07  3.4845e-06
   14     28  3.0637e-07  8.5784e-06
   14     29  7.1381e-08  2.0700e-06
   14     30  5.5089e-08  1.6527e-06
   15     31  4.7758e-08  1.4805e-06
   16     32  9.1576e-08  2.9304e-06
   16     33  5.9953e-07  1.9784e-05
   16     34  4.6370e-07  1.5766e-05
   16     36  1.8672e-08  6.7220e-07
   17     35  1.9200e-08  6.7198e-07
   17     37  1.0553e-08  3.9047e-07
   18     36  2.1330e-19  7.6787e-18
   18     38  4.4611e-08  1.6952e-06
   18     40  1.5032e-08  6.0128e-07
   19     39  3.7537e-08  1.4639e-06
   19     41  7.2906e-08  2.9891e-06
   20     42  2.5270e-07  1.0614e-05
   20     43  5.5499e-08  2.3865e-06
   20     44  6.1475e-08  2.7049e-06
   20     46  1.9332e-08  8.8928e-07
   21     45  6.2165e-08  2.7974e-06
   22     46  3.0281e-20  1.3929e-18
   22     47  2.6978e-08  1.2680e-06
   22     48  5.4992e-08  2.6396e-06
   22     49  4.7543e-08  2.3296e-06
   22     50  4.6688e-08  2.3344e-06
   23     51  1.4445e-08  7.3670e-07
   24     52  5.7174e-08  2.9731e-06
   24     53  4.5689e-08  2.4215e-06
   24     54  2.2383e-08  1.2087e-06
   25     55  1.0662e-08  5.8643e-07
   26     56  3.2627e-08  1.8271e-06
   26     57  1.0345e-07  5.8968e-06
   26     58  2.5142e-09  1.4582e-07
   27     59  4.0514e-09  2.3903e-07
   28     60  8.7436e-09  5.2462e-07
   28     61  1.4008e-08  8.5446e-07
   28     62  1.3178e-08  8.1704e-07
   28     64  5.9643e-08  3.8172e-06
   29     63  1.3368e-07  8.4216e-06
   29     65  6.4085e-08  4.1655e-06
   30     64  1.0626e-20  6.8004e-19
   30     66  1.6387e-07  1.0816e-05
   30     67  1.2211e-07  8.1815e-06
   30     68  4.7854e-08  3.2541e-06
   30     70  1.0177e-07  7.1238e-06
   31     69  2.6877e-08  1.8545e-06
   31     71  2.2548e-08  1.6009e-06
   32     70  1.2039e-15  8.4276e-14
   32     72  7.0247e-08  5.0578e-06
   32     73  4.7423e-08  3.4618e-06
   32     74  2.3472e-07  1.7369e-05
   32     76  8.4401e-07  6.4145e-05
   33     75  9.2608e-07  6.9456e-05
   34     76  2.0365e-13  1.5477e-11
   34     77  9.2517e-07  7.1238e-05
   34     78  9.7072e-07  7.5716e-05
   34     80  4.1078e-06  3.2863e-04
   34     82  2.7853e-07  2.2840e-05
   35     79  1.2389e-06  9.7875e-05
   35     81  1.0526e-06  8.5263e-05
   36     82  2.9249e-13  2.3984e-11
   36     83  5.2362e-07  4.3461e-05
   36     84  2.5755e-07  2.1634e-05
   36     86  6.0017e-07  5.1615e-05
   37     85  2.4758e-07  2.1044e-05
   37     87  4.9049e-07  4.2672e-05
   38     86  2.4124e-20  2.0747e-18
   38     87  3.5915e-09  3.1246e-07
   38     88  1.8786e-07  1.6532e-05
   39     89  7.4565e-08  6.6363e-06
   40     90  1.1799e-07  1.0619e-05
   40     91  4.1425e-08  3.7697e-06
   40     92  1.3552e-07  1.2468e-05
   40     94  4.5138e-07  4.2430e-05
   41     93  1.4485e-07  1.3471e-05
   42     95  2.2506e-07  2.1381e-05
   42     96  1.4056e-07  1.3494e-05
   42     97  1.3216e-07  1.2820e-05
   42     98  2.7398e-08  2.6850e-06
   42    100  3.7057e-08  3.7057e-06
   44     99  3.0265e-08  2.9962e-06
   44    100  2.7106e-14  2.7106e-12
   44    101  4.9817e-08  5.0315e-06
   44    102  4.5884e-08  4.6802e-06
   44    104  6.4451e-08  6.7029e-06
   45    103  6.6009e-08  6.7989e-06
   46    104  1.1411e-18  1.1867e-16
   46    105  6.8076e-08  7.1480e-06
   46    106  1.5900e-07  1.6854e-05
   46    108  2.3932e-07  2.5847e-05
   46    110  2.9067e-07  3.1974e-05
   47    107  1.6570e-07  1.7730e-05
   47    109  2.4194e-07  2.6372e-05
   48    110  2.0053e-14  2.2058e-12
   48    111  5.4915e-08  6.0955e-06
   48    112  1.4553e-07  1.6300e-05
   48    113  5.8582e-08  6.6197e-06
   48    114  4.3896e-08  5.0041e-06
   48    116  8.5706e-09  9.9419e-07
   49    113  2.5782e-15  2.9134e-13
   49    115  3.6921e-08  4.2459e-06
   50    115  2.9458e-14  3.3876e-12
   50    116  1.2951e-14  1.5023e-12
   50    117  1.9806e-08  2.3173e-06
   50    118  2.0571e-08  2.4274e-06
   50    119  1.5334e-08  1.8248e-06
   50    120  1.0419e-07  1.2503e-05
   50    122  3.1441e-07  3.8358e-05
   50    124  2.2186e-06  2.7510e-04
   51    121  1.0565e-07  1.2783e-05
   51    123  3.8315e-07  4.7127e-05
   52    122  4.6797e-15  5.7092e-13
   52    124  1.5515e-16  1.9239e-14
   52    125  3.1138e-06  3.8922e-04
   52    126  7.5135e-06  9.4670e-04
   52    128  4.5354e-06  5.8053e-04
   52    130  5.0535e-06  6.5696e-04
   53    127  5.5834e-06  7.0909e-04
   53    129  1.6148e-14  2.0831e-12
   54    128  1.1595e-15  1.4841e-13
   54    129  5.2941e-06  6.8293e-04
   54    130  4.6210e-14  6.0073e-12
   54    131  2.4910e-06  3.2632e-04
   54    132  1.0055e-06  1.3273e-04
   54    134  9.8158e-07  1.3153e-04
   54    136  5.1026e-07  6.9396e-05
   55    133  1.0168e-06  1.3523e-04
   56    134  9.4516e-18  1.2665e-15
   56    135  4.2458e-07  5.7318e-05
   56    136  1.7832e-15  2.4252e-13
   56    137  5.5986e-07  7.6701e-05
   56    138  5.6113e-07  7.7435e-05
   57    139  2.0563e-07  2.8582e-05
   58    140  2.6883e-07  3.7636e-05
   58    142  3.5562e-07  5.0499e-05
   59    141  8.0588e-07  1.1363e-04
   60    142  6.7302e-18  9.5569e-16
   60    143  1.0924e-07  1.5621e-05
   60    144  7.1015e-08  1.0226e-05
   60    145  3.2723e-08  4.7448e-06
   60    146  5.3207e-08  7.7682e-06
   60    148  8.6940e-08  1.2867e-05
   60    150  8.9959e-08  1.3494e-05
   62    147  6.6592e-08  9.7890e-06
   62    148  5.3827e-14  7.9665e-12
   62    149  5.5263e-08  8.2342e-06
   62    150  1.9187e-13  2.8780e-11
   62    152  1.2679e-07  1.9272e-05
   62    154  1.5707e-07  2.4188e-05
   63    151  6.9635e-08  1.0515e-05
   63    153  7.2594e-08  1.1107e-05
   64    154  3.7072e-15  5.7091e-13
   64    155  1.2907e-07  2.0005e-05
   64    156  1.2097e-07  1.8872e-05
   64    157  1.2106e-07  1.9006e-05
   64    158  2.7319e-07  4.3164e-05
   64    160  2.1679e-07  3.4686e-05
   65    159  5.8937e-08  9.3710e-06
   66    160  6.8305e-16  1.0929e-13
   66    161  1.4975e-07  2.4110e-05
   66    162  1.7590e-07  2.8495e-05
   66    163  1.2325e-07  2.0090e-05
   66    164  3.7009e-07  6.0695e-05
   67    165  2.3118e-07  3.8145e-05
   68    166  5.8138e-07  9.6509e-05
   68    167  3.1514e-07  5.2629e-05
   68    168  3.4204e-07  5.7463e-05
   68    170  3.3396e-07  5.6773e-05
   69    169  6.0648e-07  1.0250e-04
   70    170  1.4018e-15  2.3831e-13
   70    171  3.0071e-07  5.1422e-05
   70    172  3.0662e-07  5.2738e-05
   70    173  2.5623e-07  4.4328e-05
   70    174  5.1797e-07  9.0127e-05
   70    176  3.2803e-07  5.7734e-05
   71    175  2.8030e-07  4.9052e-05
   71    176  1.5039e-16  2.6469e-14
   72    176  1.4080e-18  2.4781e-16
   72    177  3.9109e-07  6.9222e-05
   72    178  2.9705e-07  5.2874e-05
   72    179  2.0612e-07  3.6895e-05
   72    180  1.8700e-07  3.3661e-05
   73    181  2.2165e-07  4.0118e-05
   74    182  1.9599e-07  3.5670e-05
   74    183  1.1516e-07  2.1074e-05
   74    184  1.1555e-07  2.1260e-05
   74    186  1.3259e-07  2.4661e-05
   75    185  7.9292e-08  1.4669e-05
   75    187  1.0749e-07  2.0101e-05
   76    186  8.9360e-19  1.6621e-16
   76    187  8.7359e-10  1.6336e-07
   76    188  3.0180e-07  5.6739e-05
   76    189  4.3739e-07  8.2666e-05
   76    190  2.4347e-06  4.6259e-04
   76    192  8.0323e-06  1.5422e-03
   77    191  2.8886e-06  5.5173e-04
   77    193  1.3776e-05  2.6587e-03
   78    192  6.2229e-16  1.1948e-13
   78    194  2.9966e-05  5.8135e-03
   78    195  3.6829e-05  7.1816e-03
   78    196  3.1463e-05  6.1668e-03
   78    198  6.3099e-06  1.2494e-03
   79    197  1.7254e-05  3.3991e-03
   80    198  5.7213e-15  1.1328e-12
   80    199  1.3987e-06  2.7835e-04
   80    200  5.5903e-07  1.1181e-04
   80    201  2.4557e-07  4.9360e-05
   80    202  3.3528e-07  6.7727e-05
   80    204  6.3535e-07  1.2961e-04
   81    203  3.8126e-07  7.7395e-05
   81    205  6.2586e-07  1.2830e-04
   81    207  2.0093e-19  4.1592e-17
   82    204  1.9703e-19  4.0194e-17
   82    206  2.2414e-05  4.6173e-03
   82    207  2.3183e-05  4.7988e-03
   82    208  1.5315e-05  3.1855e-03
   82    210  2.2160e-12  4.6536e-10
   82    211  7.1197e-18  1.5023e-15
   82    212  7.1582e-18  1.5175e-15
   82    214  1.0335e-18  2.2118e-16
   83    209  3.4379e-05  7.1853e-03
   83    210  4.6485e-17  9.7618e-15
   83    211  9.0459e-20  1.9087e-17
   83    212  2.1390e-19  4.5347e-17
   83    214  1.2775e-19  2.7339e-17
   84    210  1.2835e-15  2.6953e-13
   84    218  1.9958e-20  4.3508e-18
   86    222  3.5429e-17  7.8652e-15
   87    223  1.2835e-20  2.8622e-18
   88    223  6.9603e-16  1.5521e-13
   88    224  1.8498e-17  4.1435e-15
   88    226  5.4212e-12  1.2252e-09
   88    228  5.9482e-11  1.3562e-08
   89    227  4.8403e-13  1.0987e-10
   89    228  1.3019e-18  2.9684e-16
   90    227  1.1187e-15  2.5394e-13
   90    228  3.5523e-15  8.0992e-13
   90    230  2.5550e-10  5.8764e-08
   90    231  6.4744e-17  1.4956e-14
   90    232  2.6037e-05  6.0407e-03
   90    234  8.6391e-17  2.0216e-14
   91    231  7.2566e-10  1.6763e-07
   91    234  2.5871e-18  6.0539e-16
   92    234  8.3197e-10  1.9468e-07
   92    235  1.5640e-05  3.6754e-03
   92    236  8.4846e-08  2.0024e-05
   92    238  1.5135e-05  3.6022e-03
   92    240  4.2585e-18  1.0220e-15
   93    240  3.0066e-19  7.2158e-17
   94    239  6.6568e-17  1.5910e-14
   94    240  1.6797e-11  4.0312e-09
   94    244  2.0445e-07  4.9887e-05
   95    243  2.0350e-17  4.9451e-15
   96    244  5.5491e-17  1.3540e-14
   96    247  4.2951e-14  1.0609e-11
   97    246  2.9618e-09  7.2860e-07
  100    258  6.7753e-06  1.7480e-03
  100    260  7.2573e-06  1.8869e-03
  100    262  7.0100e-06  1.8366e-03
  102    260  1.7348e-20  4.5105e-18
  102    261  5.6797e-06  1.4824e-03
  102    263  7.5924e-06  1.9968e-03
  102    264  8.8739e-06  2.3427e-03
  102    266  9.3722e-06  2.4930e-03
  103    265  7.0335e-06  1.8639e-03
  104    267  4.8456e-06  1.2938e-03
  104    268  4.7652e-06  1.2771e-03
  104    270  8.1493e-06  2.2003e-03
  104    272  9.4733e-06  2.5767e-03
  104    274  1.0571e-05  2.8963e-03
  105    269  9.5265e-06  2.5626e-03
  105    271  7.5388e-06  2.0430e-03
  106    273  8.8540e-06  2.4172e-03
  106    275  6.6412e-06  1.8263e-03
  106    276  6.4744e-06  1.7869e-03
  106    278  2.0368e-06  5.6624e-04
  106    280  2.3147e-07  6.4812e-05
  107    277  1.9785e-06  5.4806e-04
  108    279  6.8407e-07  1.9086e-04
  108    281  7.1181e-08  2.0002e-05
  108    282  9.9428e-08  2.8039e-05
  108    283  7.4005e-08  2.0943e-05
  108    284  1.1864e-07  3.3695e-05
  108    286  1.2960e-07  3.7066e-05
  110    285  1.2098e-07  3.4478e-05
  110    286  4.0217e-19  1.1502e-16
  110    287  1.7408e-07  4.9960e-05
  110    288  1.4801e-07  4.2628e-05
  110    290  1.0107e-07  2.9311e-05
  111    289  8.9076e-08  2.5743e-05
  111    290  2.1459e-19  6.2231e-17
  111    291  5.3024e-08  1.5430e-05
  111    292  3.8796e-07  1.1329e-04
  111    293  1.9077e-07  5.5896e-05
  111    294  2.8685e-07  8.4333e-05
  111    295  9.4472e-08  2.7869e-05
  111    296  1.9952e-07  5.9057e-05
  111    297  9.6299e-08  2.8601e-05
  111    298  1.5660e-08  4.6667e-06
  111    299  1.2233e-08  3.6576e-06
  111    300  4.1972e-09  1.2592e-06
  111    301  1.9803e-07  5.9607e-05
  111    302  2.4552e-07  7.4146e-05
  111    303  1.4977e-07  4.5380e-05
  111    304  1.3539e-07  4.1160e-05
  111    305  1.3442e-07  4.0998e-05
  111    306  1.8421e-07  5.6369e-05
  111    307  1.1990e-07  3.6809e-05
  111    308  9.0537e-08  2.7886e-05
  111    309  5.5440e-08  1.7131e-05
  111    310  9.4843e-08  2.9401e-05
  111    311  2.9930e-08  9.3083e-06
  111    312  4.9639e-08  1.5487e-05
  111    313  3.3919e-08  1.0617e-05
  111    314  5.8291e-08  1.8303e-05
  111    315  3.0059e-08  9.4684e-06
  111    316  4.9386e-08  1.5606e-05
  111    317  4.3757e-08  1.3871e-05
  111    318  1.5429e-07  4.9065e-05
  111    319  2.8531e-08  9.1015e-06
  111    320  5.8423e-08  1.8695e-05
  111    321  8.0971e-09  2.5992e-06
  111    322  4.8004e-09  1.5457e-06
  111    323  3.3346e-09  1.0771e-06
  111    324  2.9558e-09  9.5768e-07
  111    325  3.7810e-10  1.2288e-07
  111    326  8.5153e-10  2.7760e-07
  111    327  7.0316e-10  2.2993e-07
  111    328  2.2488e-11  7.3762e-09
  111    329  2.2842e-10  7.5151e-08
  111    330  8.3561e-11  2.7575e-08
  111    331  9.5910e-12  3.1746e-09
  111    332  1.5185e-11  5.0415e-09
  111    333  3.8167e-12  1.2710e-09
  111    334  3.6802e-12  1.2292e-09
  111    335  1.1990e-12  4.0167e-10
  111    336  5.4384e-13  1.8273e-10
  111    337  1.4198e-11  4.7847e-09
    1      1  4.3089e-09  4.3089e-09
    2      4  2.2218e-01  8.8874e-01


