    1      2  1.1714e-03  2.3427e-03
    1      3  4.1411e-20  1.2423e-19
    2      3  2.1157e-05  6.3470e-05
    3      7  5.2859e-11  3.7001e-10
    4      8  2.2022e-07  1.7617e-06
    4      9  5.0053e-11  4.5048e-10
    5     10  1.0252e-09  1.0252e-08
    5     11  2.4946e-09  2.7441e-08
    6     12  2.0724e-09  2.4868e-08
    6     13  4.6186e-09  6.0042e-08
    7     14  7.8159e-07  1.0942e-05
    7     15  6.7094e-07  1.0064e-05
    8     16  1.7218e-06  2.7549e-05
    8     17  1.5479e-08  2.6314e-07
    8     18  5.4197e-07  9.7555e-06
    9     19  4.3177e-08  8.2036e-07
   10     20  1.0737e-06  2.1475e-05
   10     21  3.5008e-08  7.3518e-07
   10     22  1.3981e-06  3.0757e-05
   11     23  6.1347e-07  1.4110e-05
   12     24  2.4283e-06  5.8278e-05
   12     25  7.4994e-07  1.8748e-05
   12     26  1.1545e-06  3.0017e-05
   13     27  1.1189e-08  3.0210e-07
   14     28  3.8724e-07  1.0843e-05
   14     29  3.6432e-08  1.0565e-06
   14     30  6.8818e-09  2.0645e-07
   15     31  1.1786e-08  3.6538e-07
   16     32  1.7244e-07  5.5181e-06
   16     33  1.5675e-08  5.1727e-07
   16     34  1.5278e-07  5.1946e-06
   16     36  5.5802e-07  2.0089e-05
   17     35  1.2890e-08  4.5116e-07
   17     37  3.2319e-08  1.1958e-06
   18     36  6.2739e-14  2.2586e-12
   18     38  1.6990e-07  6.4564e-06
   18     40  8.6250e-10  3.4500e-08
   19     39  4.8411e-09  1.8880e-07
   19     40  1.0344e-18  4.1378e-17
   19     41  7.6000e-11  3.1160e-09
   20     40  3.0165e-19  1.2066e-17
   20     42  7.0428e-10  2.9580e-08
   20     43  1.0596e-10  4.5563e-09
   20     44  1.3696e-09  6.0261e-08
   20     46  8.0535e-10  3.7046e-08
   21     45  2.7191e-10  1.2236e-08
   22     46  3.6475e-17  1.6778e-15
   22     47  2.1761e-10  1.0228e-08
   22     48  1.5159e-08  7.2763e-07
   22     49  4.1724e-10  2.0445e-08
   22     50  5.3076e-10  2.6538e-08
   23     51  9.5428e-11  4.8668e-09
   24     52  1.6054e-10  8.3479e-09
   24     53  8.5013e-11  4.5057e-09
   24     54  1.2456e-10  6.7263e-09
   25     55  3.1027e-11  1.7065e-09
   26     56  5.5539e-11  3.1102e-09
   26     57  5.9897e-11  3.4141e-09
   26     58  4.1318e-10  2.3964e-08
   27     59  4.2761e-12  2.5229e-10
   28     60  1.4385e-09  8.6311e-08
   28     61  4.0176e-12  2.4508e-10
   28     62  2.9909e-11  1.8544e-09
   28     64  8.9000e-10  5.6960e-08
   29     63  8.4717e-11  5.3372e-09
   29     65  4.4997e-12  2.9248e-10
   30     64  1.5210e-19  9.7342e-18
   30     66  4.5610e-11  3.0103e-09
   30     67  5.8915e-12  3.9473e-10
   30     68  5.7987e-11  3.9431e-09
   30     70  8.6165e-11  6.0315e-09
   31     69  5.9472e-12  4.1036e-10
   31     71  1.0255e-11  7.2813e-10
   32     70  5.1246e-14  3.5872e-12
   32     72  5.6623e-11  4.0769e-09
   32     73  1.5696e-11  1.1458e-09
   32     74  1.4361e-10  1.0627e-08
   32     76  2.4311e-10  1.8476e-08
   33     75  4.4642e-11  3.3482e-09
   34     76  3.8033e-13  2.8905e-11
   34     77  7.2513e-12  5.5835e-10
   34     78  1.8906e-10  1.4747e-08
   34     80  6.3373e-10  5.0699e-08
   34     82  6.1737e-10  5.0624e-08
   35     79  6.1446e-11  4.8542e-09
   35     81  6.7210e-11  5.4440e-09
   36     82  2.1384e-12  1.7535e-10
   36     83  1.7863e-11  1.4826e-09
   36     84  8.3783e-11  7.0378e-09
   36     86  3.8546e-10  3.3150e-08
   37     85  9.8705e-11  8.3899e-09
   37     87  1.3076e-10  1.1376e-08
   38     86  7.0092e-18  6.0279e-16
   38     87  9.5741e-13  8.3295e-11
   38     88  1.3499e-10  1.1879e-08
   39     89  1.2865e-10  1.1450e-08
   40     90  1.0492e-10  9.4429e-09
   40     91  3.1496e-11  2.8662e-09
   40     92  6.9568e-11  6.4002e-09
   40     94  9.8626e-11  9.2708e-09
   41     93  8.4492e-11  7.8578e-09
   42     95  3.5264e-11  3.3501e-09
   42     96  2.6313e-10  2.5261e-08
   42     97  4.0475e-11  3.9261e-09
   42     98  8.7191e-11  8.5447e-09
   42    100  7.4349e-11  7.4349e-09
   44     99  2.4986e-11  2.4736e-09
   44    100  7.5520e-12  7.5520e-10
   44    101  1.1170e-11  1.1281e-09
   44    102  2.9492e-11  3.0082e-09
   44    104  2.5695e-11  2.6723e-09
   45    103  1.1911e-11  1.2268e-09
   46    104  1.6462e-16  1.7121e-14
   46    105  1.3758e-11  1.4446e-09
   46    106  2.6063e-11  2.7627e-09
   46    108  3.5718e-11  3.8576e-09
   46    110  5.3366e-11  5.8702e-09
   47    107  1.0353e-11  1.1078e-09
   47    109  9.2704e-12  1.0105e-09
   48    110  5.4395e-14  5.9835e-12
   48    111  8.6980e-12  9.6547e-10
   48    112  1.9991e-11  2.2389e-09
   48    113  1.4549e-11  1.6440e-09
   48    114  4.9171e-11  5.6054e-09
   48    116  3.8883e-11  4.5105e-09
   49    113  6.4134e-19  7.2471e-17
   49    115  3.0551e-11  3.5134e-09
   50    115  2.4417e-17  2.8080e-15
   50    116  7.5585e-13  8.7678e-11
   50    117  5.6177e-12  6.5727e-10
   50    118  3.7272e-11  4.3981e-09
   50    119  1.4389e-11  1.7123e-09
   50    120  7.5259e-11  9.0310e-09
   50    122  1.3376e-10  1.6318e-08
   50    124  1.2799e-10  1.5870e-08
   51    121  2.0776e-11  2.5139e-09
   51    123  4.5420e-12  5.5867e-10
   52    122  3.2556e-14  3.9719e-12
   52    124  4.2407e-15  5.2585e-13
   52    125  4.0203e-11  5.0254e-09
   52    126  2.6325e-10  3.3169e-08
   52    128  1.9128e-10  2.4484e-08
   52    130  3.2175e-10  4.1827e-08
   53    127  1.3109e-11  1.6649e-09
   53    129  1.8227e-18  2.3512e-16
   54    128  1.7330e-15  2.2183e-13
   54    129  7.3112e-11  9.4314e-09
   54    130  2.4966e-13  3.2455e-11
   54    131  8.5470e-10  1.1197e-07
   54    132  3.4422e-09  4.5436e-07
   54    134  9.3492e-09  1.2528e-06
   54    136  2.4690e-09  3.3579e-07
   55    133  3.7045e-09  4.9269e-07
   56    134  8.0910e-14  1.0842e-11
   56    135  4.0481e-09  5.4650e-07
   56    136  4.6697e-12  6.3507e-10
   56    137  7.9765e-11  1.0928e-08
   56    138  1.8300e-10  2.5254e-08
   57    139  1.6707e-10  2.3223e-08
   58    140  3.9783e-10  5.5696e-08
   58    142  1.5298e-11  2.1723e-09
   59    141  2.8657e-11  4.0407e-09
   60    142  1.1966e-16  1.6992e-14
   60    143  2.2849e-11  3.2674e-09
   60    144  6.2275e-11  8.9677e-09
   60    145  5.8900e-12  8.5406e-10
   60    146  1.4478e-11  2.1139e-09
   60    148  2.5794e-11  3.8176e-09
   60    150  3.2022e-11  4.8034e-09
   62    147  1.8007e-11  2.6471e-09
   62    148  8.8338e-13  1.3074e-10
   62    149  1.6223e-12  2.4172e-10
   62    150  1.5970e-13  2.3954e-11
   62    152  7.5143e-12  1.1422e-09
   62    154  6.8939e-12  1.0617e-09
   63    151  1.9053e-12  2.8770e-10
   63    153  3.8853e-12  5.9445e-10
   64    154  3.3452e-15  5.1515e-13
   64    155  9.5690e-13  1.4832e-10
   64    156  3.1386e-12  4.8962e-10
   64    157  7.8970e-13  1.2398e-10
   64    158  1.3940e-12  2.2025e-10
   64    160  3.7223e-12  5.9557e-10
   65    159  3.0719e-13  4.8843e-11
   66    160  7.7457e-17  1.2393e-14
   66    161  2.3236e-13  3.7410e-11
   66    162  6.8457e-13  1.1090e-10
   66    163  2.7642e-13  4.5056e-11
   66    164  6.1688e-13  1.0117e-10
   67    165  6.0669e-13  1.0010e-10
   68    166  1.0144e-12  1.6840e-10
   68    167  6.6787e-13  1.1153e-10
   68    168  6.5251e-13  1.0962e-10
   68    170  9.2670e-13  1.5754e-10
   69    169  1.9196e-12  3.2441e-10
   70    170  2.5590e-16  4.3503e-14
   70    171  6.4669e-13  1.1058e-10
   70    172  3.0245e-13  5.2022e-11
   70    173  2.0964e-13  3.6267e-11
   70    174  1.6437e-12  2.8600e-10
   70    176  9.3065e-13  1.6379e-10
   71    175  4.3220e-13  7.5634e-11
   71    176  5.6915e-17  1.0017e-14
   72    176  4.9543e-19  8.7196e-17
   72    177  5.0313e-13  8.9055e-11
   72    178  4.5000e-13  8.0101e-11
   72    179  4.1852e-13  7.4915e-11
   72    180  7.0662e-13  1.2719e-10
   73    181  4.1629e-12  7.5348e-10
   74    182  2.0348e-12  3.7033e-10
   74    183  3.2710e-13  5.9859e-11
   74    184  1.6006e-13  2.9452e-11
   74    186  1.5713e-13  2.9227e-11
   75    185  1.0237e-13  1.8939e-11
   75    187  3.4757e-13  6.4995e-11
   76    186  2.3989e-19  4.4619e-17
   76    187  2.8241e-15  5.2811e-13
   76    188  1.5338e-13  2.8835e-11
   76    189  7.0977e-13  1.3415e-10
   76    190  5.6593e-13  1.0753e-10
   76    192  6.0227e-12  1.1564e-09
   77    191  1.2265e-12  2.3425e-10
   77    193  5.2008e-13  1.0038e-10
   78    192  3.7233e-17  7.1488e-15
   78    194  1.7046e-12  3.3070e-10
   78    195  1.1691e-12  2.2798e-10
   78    196  1.2391e-12  2.4286e-10
   78    198  5.2019e-12  1.0300e-09
   79    197  2.2043e-12  4.3425e-10
   80    198  5.2927e-16  1.0480e-13
   80    199  3.8061e-13  7.5742e-11
   80    200  1.0039e-12  2.0077e-10
   80    201  7.2761e-13  1.4625e-10
   80    202  1.3281e-12  2.6828e-10
   80    204  4.9107e-12  1.0018e-09
   81    203  1.6858e-12  3.4222e-10
   81    205  4.5354e-12  9.2975e-10
   82    204  8.7789e-19  1.7909e-16
   82    206  1.5605e-11  3.2146e-09
   82    207  1.5560e-10  3.2208e-08
   82    208  2.0590e-11  4.2828e-09
   82    210  1.8471e-14  3.8789e-12
   83    209  6.1713e-11  1.2898e-08
   84    215  1.6078e-13  3.4567e-11
   84    216  7.7848e-15  1.6815e-12
   84    218  1.0333e-15  2.2525e-13
   88    226  3.3965e-19  7.6760e-17
   88    228  7.9987e-18  1.8237e-15
   89    227  1.1170e-19  2.5356e-17
   90    230  1.6007e-17  3.6817e-15
   90    232  3.5013e-12  8.1229e-10
   91    231  1.6746e-16  3.8683e-14
   92    234  5.2125e-17  1.2197e-14
   92    235  3.6092e-12  8.4817e-10
   92    236  1.4276e-14  3.3692e-12
   92    238  9.4826e-13  2.2569e-10
   94    240  2.8257e-18  6.7816e-16
   94    244  3.4395e-14  8.3924e-12
   96    247  7.9880e-20  1.9730e-17
   97    246  2.1067e-16  5.1825e-14
  100    258  7.4867e-12  1.9316e-09
  100    260  3.6632e-11  9.5244e-09
  100    262  1.8225e-10  4.7749e-08
  102    260  2.0792e-20  5.4059e-18
  102    261  1.2619e-10  3.2935e-08
  102    263  2.0703e-10  5.4449e-08
  102    264  1.1759e-10  3.1044e-08
  102    266  3.4817e-11  9.2613e-09
  103    265  1.0394e-10  2.7543e-08
  104    267  3.7737e-12  1.0076e-09
  104    268  1.3838e-12  3.7087e-10
  104    270  5.3116e-12  1.4341e-09
  104    272  2.0367e-12  5.5400e-10
  104    274  1.8751e-12  5.1379e-10
  105    269  4.2786e-12  1.1509e-09
  105    271  3.2318e-12  8.7582e-10
  106    273  2.5743e-12  7.0278e-10
  106    275  7.5083e-12  2.0648e-09
  106    276  1.9008e-11  5.2462e-09
  106    278  5.9035e-12  1.6412e-09
  106    280  3.7345e-11  1.0457e-08
  107    277  7.3037e-12  2.0231e-09
  108    279  2.8703e-11  8.0082e-09
  108    281  2.4232e-11  6.8093e-09
  108    282  1.3317e-10  3.7555e-08
  108    283  7.8830e-11  2.2309e-08
  108    284  2.9034e-12  8.2456e-10
  108    286  9.0544e-14  2.5896e-11
  110    285  8.2526e-11  2.3520e-08
  110    286  7.8144e-16  2.2349e-13
  110    287  1.8759e-13  5.3837e-11
  110    288  4.8811e-14  1.4058e-11
  110    290  1.4602e-12  4.2345e-10
  111    289  5.3167e-14  1.5365e-11
  111    290  1.2783e-19  3.7071e-17
  111    291  3.0934e-12  9.0017e-10
  111    292  2.1691e-11  6.3337e-09
  111    293  2.1031e-11  6.1621e-09
  111    294  4.8140e-10  1.4153e-07
  111    295  2.6867e-10  7.9258e-08
  111    296  1.3250e-08  3.9220e-06
  111    297  1.5307e-08  4.5463e-06
  111    298  1.0697e-07  3.1878e-05
  111    299  3.9358e-10  1.1768e-07
  111    300  8.3787e-11  2.5136e-08
  111    301  9.2558e-09  2.7860e-06
  111    302  5.4707e-09  1.6521e-06
  111    303  6.4463e-10  1.9532e-07
  111    304  9.1565e-10  2.7836e-07
  111    305  1.9809e-10  6.0417e-08
  111    306  2.6056e-10  7.9733e-08
  111    307  1.4747e-11  4.5273e-09
  111    308  1.2656e-11  3.8982e-09
  111    309  1.4345e-12  4.4326e-10
  111    310  6.8466e-12  2.1224e-09
  111    311  8.0654e-13  2.5083e-10
  111    312  1.6869e-12  5.2632e-10
  111    313  1.8466e-13  5.7799e-11
  111    314  1.3621e-12  4.2770e-10
  111    315  1.0677e-09  3.3632e-07
  111    316  5.5632e-10  1.7580e-07
  111    317  1.2303e-10  3.9000e-08
  111    318  2.0155e-07  6.4094e-05
  111    319  7.3404e-08  2.3416e-05
  111    320  1.2080e-07  3.8656e-05
  111    321  1.8221e-07  5.8491e-05
  111    322  1.9665e-07  6.3320e-05
  111    323  1.6016e-07  5.1732e-05
  111    324  1.9313e-07  6.2573e-05
  111    325  1.9887e-07  6.4634e-05
  111    326  2.8444e-07  9.2726e-05
  111    327  2.0695e-07  6.7672e-05
  111    328  2.4008e-07  7.8746e-05
  111    329  2.2136e-07  7.2826e-05
  111    330  1.8031e-07  5.9502e-05
  111    331  2.3494e-07  7.7766e-05
  111    332  2.6015e-07  8.6369e-05
  111    333  2.6462e-07  8.8119e-05
  111    334  8.5814e-08  2.8662e-05
  111    335  4.8439e-07  1.6227e-04
  111    336  2.5826e-06  8.6774e-04
  111    337  1.7711e-04  5.9687e-02
    1      1  2.5557e-02  2.5557e-02
    2      4  2.2766e+04  9.1064e+04


