1  2.2064e-09
2  5.3566e-09
3  4.7741e-10
4  1.8698e-01
5  0.0000e+00
6  1.5749e-11
7  7.1069e-10
8  1.3081e-08
9  4.8926e-09
10  9.6661e-08
11  2.8479e-09
12  7.6731e-09
13  4.9616e-07
14  1.7967e-07
15  1.7212e-05
16  3.3674e-07
17  7.7446e-09
18  5.0806e-08
19  1.6189e-06
20  2.2384e-06
21  5.6030e-07
22  4.2723e-09
23  1.2493e-06
24  3.9394e-07
25  4.8659e-07
26  3.2770e-08
27  1.0444e-07
28  2.4761e-07
29  4.5990e-08
30  6.1460e-08
31  5.5901e-08
32  6.3343e-08
33  4.4859e-07
34  3.4358e-07
35  1.5786e-08
36  1.1548e-08
37  1.2018e-08
38  4.0488e-08
39  3.0850e-08
40  1.6372e-08
41  8.5261e-08
42  2.6704e-07
43  4.7184e-08
44  6.2793e-08
45  6.9553e-08
46  2.7237e-08
47  3.9269e-08
48  8.2555e-08
49  6.6881e-08
50  6.1666e-08
51  1.6831e-08
52  7.0291e-08
53  5.9893e-08
54  2.9560e-08
55  1.4824e-08
56  4.8323e-08
57  1.3756e-07
58  3.3264e-09
59  5.2891e-09
60  1.0808e-08
61  1.7361e-08
62  1.7298e-08
63  1.7258e-07
64  7.6631e-08
65  8.1186e-08
66  2.1029e-07
67  1.5373e-07
68  6.2746e-08
69  3.5789e-08
70  1.3680e-07
71  3.0229e-08
72  9.3473e-08
73  6.3892e-08
74  3.7743e-07
75  1.6845e-06
76  1.5753e-06
77  1.7524e-06
78  1.5729e-06
79  1.7654e-06
80  7.1285e-06
81  2.4592e-06
82  5.9354e-07
83  1.0074e-06
84  4.6838e-07
85  4.5518e-07
86  1.1463e-06
87  9.7233e-07
88  3.9616e-07
89  1.5506e-07
90  2.4611e-07
91  8.2676e-08
92  2.5300e-07
93  2.7002e-07
94  8.5581e-07
95  4.6511e-07
96  2.9784e-07
97  2.7570e-07
98  5.7283e-08
99  6.3205e-08
100  7.6633e-08
101  1.0268e-07
102  9.3561e-08
103  1.3674e-07
104  1.3841e-07
105  1.4786e-07
106  3.5084e-07
107  3.7429e-07
108  5.4972e-07
109  5.5057e-07
110  6.6139e-07
111  1.2539e-07
112  3.3447e-07
113  1.3504e-07
114  9.8011e-08
115  7.5233e-08
116  1.2688e-08
117  2.8606e-08
118  3.1783e-08
119  2.4987e-08
120  1.9324e-07
121  2.1618e-07
122  6.7806e-07
123  8.6613e-07
124  5.0751e-06
125  6.6956e-06
126  1.5670e-05
127  1.2630e-05
128  1.0418e-05
129  1.0752e-05
130  7.8549e-06
131  4.2500e-06
132  1.9590e-06
133  1.8002e-06
134  1.6058e-06
135  6.7119e-07
136  1.1030e-06
137  1.5644e-06
138  1.4917e-06
139  4.5168e-07
140  5.1379e-07
141  1.3643e-06
142  5.8758e-07
143  1.6241e-07
144  8.7069e-08
145  4.7796e-08
146  9.8274e-08
147  1.3557e-07
148  1.9762e-07
149  1.2765e-07
150  2.1126e-07
151  1.6842e-07
152  3.1070e-07
153  1.8184e-07
154  4.1147e-07
155  3.3486e-07
156  3.4693e-07
157  3.3786e-07
158  7.7431e-07
159  1.7711e-07
160  6.2062e-07
161  4.1560e-07
162  5.0188e-07
163  3.4641e-07
164  1.0372e-06
165  6.3907e-07
166  1.5815e-06
167  8.4020e-07
168  9.2014e-07
169  1.5615e-06
170  8.5124e-07
171  7.4538e-07
172  7.3483e-07
173  6.0776e-07
174  1.1616e-06
175  6.2332e-07
176  7.0906e-07
177  8.3959e-07
178  6.5980e-07
179  4.7503e-07
180  4.3469e-07
181  5.1253e-07
182  4.5283e-07
183  2.6203e-07
184  2.6186e-07
185  1.7943e-07
186  3.1581e-07
187  2.6084e-07
188  7.7874e-07
189  1.1848e-06
190  6.5272e-06
191  7.8167e-06
192  2.1079e-05
193  3.5497e-05
194  7.2310e-05
195  8.4531e-05
196  6.8064e-05
197  3.5781e-05
198  1.2755e-05
199  3.1856e-06
200  1.7289e-06
201  8.7578e-07
202  1.1739e-06
203  1.3035e-06
204  2.0547e-06
205  1.9926e-06
206  5.3678e-05
207  5.5993e-05
208  3.6683e-05
209  8.2375e-05
210  5.2777e-12
211  1.7327e-17
212  1.7616e-17
213  5.1957e-44
214  2.7641e-18
215  4.7768e-24
216  2.0410e-23
217  2.3128e-96
218  4.7503e-20
219  6.7048e-21
220  7.8264e-21
221  5.2929e-320
222  8.4327e-17
223  1.6727e-15
224  4.4201e-17
225  3.1314e-40
226  1.2903e-11
227  1.1659e-12
228  1.4214e-10
229  1.1680e-29
230  6.0813e-10
231  1.7439e-09
232  6.2217e-05
233  6.9800e-26
234  1.9802e-09
235  3.7586e-05
236  2.0204e-07
237  9.4021e-319
238  3.6025e-05
239  1.3502e-16
240  3.9996e-11
241  0.0000e+00
242  5.6955e-129
243  4.1276e-17
244  4.8685e-07
245  0.0000e+00
246  7.1413e-09
247  8.7118e-14
248  6.3271e-128
249  0.0000e+00
250  0.0000e+00
251  5.9433e-315
252  0.0000e+00
253  0.0000e+00
254  0.0000e+00
255  0.0000e+00
256  0.0000e+00
257  3.8679e-26
258  1.6582e-05
259  7.2389e-26
260  1.7945e-05
261  1.4215e-05
262  1.7746e-05
263  1.9325e-05
264  2.2765e-05
265  1.8296e-05
266  2.4725e-05
267  1.2549e-05
268  1.1676e-05
269  2.1620e-05
270  1.6637e-05
271  1.4599e-05
272  1.7291e-05
273  1.5483e-05
274  1.7593e-05
275  1.0527e-05
276  9.8812e-06
277  2.9338e-06
278  2.9980e-06
279  1.0537e-06
280  4.0429e-07
281  1.4870e-07
282  2.2446e-07
283  1.5725e-07
284  2.3625e-07
285  2.2918e-07
286  2.3776e-07
287  3.1495e-07
288  2.7498e-07
289  1.7235e-07
290  2.0350e-07
291  1.0798e-07
292  7.4698e-07
293  3.4670e-07
294  5.1576e-07
295  1.7029e-07
296  3.6852e-07
297  1.8166e-07
298  2.8922e-08
299  2.2593e-08
300  7.5037e-09
301  3.7001e-07
302  5.0915e-07
303  2.7906e-07
304  2.6604e-07
305  1.6470e-07
306  3.4917e-07
307  1.8618e-07
308  1.1465e-07
309  3.9114e-08
310  1.0514e-07
311  5.6815e-08
312  5.1860e-08
313  5.0338e-08
314  7.6036e-08
315  2.5361e-08
316  9.8774e-08
317  4.8486e-08
318  1.1111e-07
319  3.6793e-08
320  5.1085e-08
321  9.4709e-09
322  5.2315e-09
323  4.9564e-09
324  4.7569e-09
325  6.0630e-10
326  2.1607e-09
327  1.4438e-09
328  4.4291e-11
329  8.1841e-10
330  3.6102e-10
331  2.8129e-11
332  6.5716e-11
333  1.3336e-11
334  1.2227e-11
335  1.9865e-12
336  1.2233e-12
337  5.8504e-11

