1  1.8072e-09
2  4.9928e-09
3  4.4236e-10
4  1.8611e-01
5  0.0000e+00
6  1.4564e-11
7  6.0612e-10
8  1.0855e-08
9  3.9687e-09
10  7.5450e-08
11  2.5196e-09
12  6.8172e-09
13  5.0132e-07
14  1.9456e-07
15  1.6718e-05
16  3.3232e-07
17  7.1924e-09
18  4.6911e-08
19  1.6018e-06
20  2.2108e-06
21  5.3505e-07
22  4.0926e-09
23  1.2308e-06
24  3.8586e-07
25  4.7335e-07
26  3.0230e-08
27  1.1254e-07
28  2.7765e-07
29  4.8490e-08
30  6.5376e-08
31  6.0399e-08
32  6.6482e-08
33  4.8212e-07
34  3.6924e-07
35  1.7049e-08
36  1.2417e-08
37  1.3656e-08
38  4.4519e-08
39  3.3406e-08
40  1.8545e-08
41  9.5419e-08
42  2.9527e-07
43  5.2890e-08
44  6.8908e-08
45  7.7150e-08
46  3.2526e-08
47  4.7242e-08
48  1.0029e-07
49  7.7096e-08
50  6.8835e-08
51  1.8273e-08
52  8.2225e-08
53  6.9383e-08
54  3.4792e-08
55  2.0135e-08
56  6.1260e-08
57  1.5947e-07
58  4.3155e-09
59  6.4797e-09
60  1.2590e-08
61  2.0507e-08
62  2.1985e-08
63  1.9032e-07
64  9.3694e-08
65  9.1938e-08
66  2.3426e-07
67  1.4682e-07
68  7.1574e-08
69  4.1799e-08
70  1.5034e-07
71  3.2088e-08
72  9.7990e-08
73  6.8985e-08
74  4.3125e-07
75  1.9350e-06
76  1.8482e-06
77  1.8955e-06
78  1.7087e-06
79  2.0348e-06
80  7.7015e-06
81  2.6714e-06
82  6.0318e-07
83  1.0903e-06
84  5.1655e-07
85  4.9612e-07
86  1.2579e-06
87  1.0509e-06
88  4.2181e-07
89  1.5980e-07
90  2.5879e-07
91  8.4942e-08
92  2.9318e-07
93  2.9808e-07
94  9.2944e-07
95  4.9927e-07
96  3.3173e-07
97  2.7026e-07
98  6.3978e-08
99  7.0058e-08
100  8.5509e-08
101  1.1894e-07
102  1.0867e-07
103  1.5812e-07
104  1.7082e-07
105  1.8248e-07
106  4.1380e-07
107  4.3098e-07
108  6.2565e-07
109  5.8591e-07
110  6.8082e-07
111  1.3174e-07
112  3.2145e-07
113  1.2342e-07
114  8.6260e-08
115  6.0109e-08
116  1.1641e-08
117  2.7029e-08
118  3.4961e-08
119  3.0112e-08
120  2.3274e-07
121  2.7523e-07
122  8.4392e-07
123  1.0988e-06
124  5.9250e-06
125  7.7032e-06
126  1.7444e-05
127  1.3679e-05
128  1.1352e-05
129  1.2171e-05
130  8.2946e-06
131  4.6133e-06
132  2.1437e-06
133  2.0525e-06
134  1.8416e-06
135  7.8505e-07
136  1.2723e-06
137  1.8188e-06
138  1.7177e-06
139  5.1846e-07
140  5.8737e-07
141  1.6456e-06
142  6.8626e-07
143  1.7247e-07
144  9.6985e-08
145  6.0557e-08
146  1.2892e-07
147  1.7687e-07
148  2.6674e-07
149  1.7883e-07
150  2.7809e-07
151  2.3416e-07
152  3.8965e-07
153  2.3898e-07
154  5.3636e-07
155  3.8523e-07
156  5.1324e-07
157  4.4496e-07
158  1.0239e-06
159  2.9897e-07
160  8.5504e-07
161  5.0522e-07
162  7.3878e-07
163  4.8151e-07
164  1.4259e-06
165  8.2803e-07
166  1.9233e-06
167  9.4067e-07
168  1.1587e-06
169  1.6805e-06
170  1.0075e-06
171  8.5034e-07
172  8.0971e-07
173  7.0225e-07
174  1.1889e-06
175  6.7702e-07
176  7.1470e-07
177  8.5461e-07
178  7.2460e-07
179  5.5940e-07
180  4.9302e-07
181  5.4269e-07
182  4.8615e-07
183  2.7471e-07
184  3.1749e-07
185  2.3286e-07
186  5.4005e-07
187  4.6114e-07
188  1.5126e-06
189  2.4951e-06
190  1.1329e-05
191  1.3769e-05
192  3.3799e-05
193  5.6377e-05
194  9.6040e-05
195  1.0175e-04
196  6.9167e-05
197  3.2264e-05
198  1.0078e-05
199  2.7971e-06
200  1.9017e-06
201  1.1278e-06
202  1.5319e-06
203  1.7790e-06
204  2.6668e-06
205  2.5746e-06
206  6.1599e-05
207  6.2663e-05
208  4.3936e-05
209  8.9533e-05
210  5.4627e-12
211  1.7178e-17
212  1.8417e-17
213  3.5432e-44
214  2.8609e-18
215  4.7356e-24
216  2.1339e-23
217  5.5731e-96
218  4.9168e-20
219  6.6470e-21
220  8.1824e-21
221  2.0094e-320
222  8.7283e-17
223  1.6583e-15
224  4.6211e-17
225  2.1354e-40
226  1.3356e-11
227  1.1559e-12
228  1.4861e-10
229  7.9651e-30
230  6.2945e-10
231  1.7289e-09
232  6.5047e-05
233  2.8466e-27
234  2.0496e-09
235  3.7262e-05
236  2.0585e-07
237  -1.2657e-318
238  3.7287e-05
239  1.2812e-16
240  4.0752e-11
241  0.0000e+00
242  5.1883e-129
243  3.9165e-17
244  4.9604e-07
245  0.0000e+00
246  7.2350e-09
247  8.2662e-14
248  5.7101e-128
249  0.0000e+00
250  0.0000e+00
251  3.5845e-314
252  0.0000e+00
253  0.0000e+00
254  0.0000e+00
255  0.0000e+00
256  0.0000e+00
257  9.0188e-26
258  1.5434e-05
259  9.1290e-26
260  1.5795e-05
261  1.2183e-05
262  1.4945e-05
263  1.5829e-05
264  1.8152e-05
265  1.4100e-05
266  1.8874e-05
267  9.5384e-06
268  8.6660e-06
269  1.5400e-05
270  1.1594e-05
271  9.9996e-06
272  1.1363e-05
273  9.8546e-06
274  1.0895e-05
275  6.2330e-06
276  5.7578e-06
277  1.6981e-06
278  1.6579e-06
279  5.5928e-07
280  2.2005e-07
281  8.6768e-08
282  1.3607e-07
283  9.5315e-08
284  1.4300e-07
285  1.3859e-07
286  1.4322e-07
287  1.8641e-07
288  1.6211e-07
289  1.0015e-07
290  1.1808e-07
291  6.2705e-08
292  4.4114e-07
293  2.0762e-07
294  3.0508e-07
295  9.9517e-08
296  2.0832e-07
297  9.9683e-08
298  1.5696e-08
299  1.2264e-08
300  4.0659e-09
301  2.0115e-07
302  2.6896e-07
303  1.5511e-07
304  1.4453e-07
305  7.8827e-08
306  1.8655e-07
307  8.6730e-08
308  5.0377e-08
309  1.5949e-08
310  4.6933e-08
311  2.8506e-08
312  2.2245e-08
313  2.2754e-08
314  3.5567e-08
315  9.1994e-09
316  4.6394e-08
317  2.2971e-08
318  3.6640e-08
319  1.6170e-08
320  1.8546e-08
321  3.3647e-09
322  1.8435e-09
323  1.5997e-09
324  1.6575e-09
325  2.1131e-10
326  6.8985e-10
327  3.9613e-10
328  1.2746e-11
329  2.3737e-10
330  9.1918e-11
331  7.7281e-12
332  1.4759e-11
333  3.3461e-12
334  3.2382e-12
335  4.7341e-13
336  2.9266e-13
337  1.3951e-11

