1  1.4008e-10
2  2.5365e-16
3  1.9336e-22
4  4.1177e-02
5  0.0000e+00
6  2.1118e-20
7  7.8030e-22
8  5.8758e-21
9  6.9728e-20
10  3.3312e-20
11  3.8352e-22
12  7.4950e-08
13  8.0813e-14
14  3.5989e-18
15  6.3852e-21
16  3.5377e-10
17  2.3469e-17
18  2.4423e-20
19  1.9868e-21
20  3.3526e-10
21  1.9061e-16
22  4.0342e-20
23  5.1332e-14
24  4.2750e-10
25  1.8292e-12
26  1.1468e-12
27  8.8700e-11
28  1.4918e-09
29  8.3655e-11
30  1.6674e-09
31  3.3101e-10
32  6.4310e-10
33  1.1504e-10
34  3.1448e-09
35  1.4645e-09
36  9.3882e-09
37  9.4777e-10
38  2.8586e-09
39  3.3699e-10
40  8.7663e-10
41  1.5457e-10
42  4.0115e-10
43  3.9909e-10
44  5.0242e-10
45  8.4645e-10
46  3.6537e-08
47  1.5431e-09
48  3.9378e-09
49  2.7605e-09
50  1.0982e-07
51  5.7212e-09
52  3.5723e-10
53  5.8113e-09
54  1.9134e-07
55  6.2687e-10
56  1.1030e-08
57  1.1260e-08
58  1.1034e-09
59  2.3328e-11
60  8.3617e-08
61  7.5279e-09
62  1.4679e-07
63  4.3240e-08
64  7.9159e-09
65  2.3543e-08
66  1.0892e-06
67  2.4490e-07
68  1.4700e-08
69  4.3754e-08
70  2.4856e-08
71  4.7266e-08
72  2.6707e-07
73  1.2727e-07
74  2.0497e-06
75  6.4890e-08
76  6.2490e-08
77  3.5378e-08
78  3.6895e-07
79  2.3577e-07
80  5.0346e-06
81  3.5209e-07
82  1.0402e-05
83  6.8931e-06
84  5.0355e-06
85  1.7129e-06
86  5.0826e-04
87  1.3112e-05
88  4.5983e-05
89  1.3931e-04
90  1.6946e-03
91  1.7626e-05
92  1.8317e-03
93  6.9165e-04
94  2.2628e-04
95  3.6804e-05
96  1.3869e-03
97  2.7698e-05
98  1.0468e-03
99  2.0366e-05
100  8.6494e-05
101  1.1468e-04
102  2.0336e-04
103  2.7902e-05
104  1.9320e-04
105  4.7951e-05
106  2.5268e-04
107  2.1638e-05
108  3.4797e-05
109  5.9968e-05
110  2.7054e-06
111  6.8117e-06
112  6.1000e-05
113  3.3615e-06
114  4.9238e-06
115  8.9041e-06
116  4.7645e-06
117  9.3242e-07
118  4.6093e-07
119  2.0395e-07
120  1.0742e-07
121  1.7801e-07
122  7.7211e-08
123  8.5490e-09
124  3.5716e-08
125  3.5840e-08
126  1.7398e-07
127  2.4748e-08
128  9.5438e-09
129  2.7743e-09
130  7.1840e-09
131  6.1285e-10
132  5.5650e-11
133  4.4349e-13
134  1.2921e-14
135  5.2173e-18
136  3.9467e-20
137  6.4347e-21
138  9.3629e-22
139  6.4368e-25
140  3.2993e-24
141  2.1641e-42
142  0.0000e+00
143  0.0000e+00
144  0.0000e+00
145  0.0000e+00
146  0.0000e+00
147  0.0000e+00
148  0.0000e+00
149  0.0000e+00
150  0.0000e+00
151  0.0000e+00
152  0.0000e+00
153  0.0000e+00
154  0.0000e+00
155  0.0000e+00
156  0.0000e+00
157  0.0000e+00
158  0.0000e+00
159  0.0000e+00
160  0.0000e+00
161  0.0000e+00
162  0.0000e+00
163  0.0000e+00
164  0.0000e+00
165  0.0000e+00
166  0.0000e+00
167  0.0000e+00
168  0.0000e+00
169  0.0000e+00
170  0.0000e+00
171  0.0000e+00
172  0.0000e+00
173  0.0000e+00
174  0.0000e+00
175  0.0000e+00
176  0.0000e+00
177  0.0000e+00
178  0.0000e+00
179  0.0000e+00
180  0.0000e+00
181  0.0000e+00
182  0.0000e+00
183  0.0000e+00
184  0.0000e+00
185  0.0000e+00
186  0.0000e+00
187  0.0000e+00
188  0.0000e+00
189  0.0000e+00
190  0.0000e+00
191  0.0000e+00
192  0.0000e+00
193  0.0000e+00
194  0.0000e+00
195  0.0000e+00
196  0.0000e+00
197  0.0000e+00
198  0.0000e+00
199  0.0000e+00
200  0.0000e+00
201  0.0000e+00
202  0.0000e+00
203  0.0000e+00
204  0.0000e+00
205  0.0000e+00
206  0.0000e+00
207  0.0000e+00
208  0.0000e+00
209  0.0000e+00
210  0.0000e+00
211  0.0000e+00
212  0.0000e+00
213  0.0000e+00
214  0.0000e+00
215  0.0000e+00
216  0.0000e+00
217  0.0000e+00
218  0.0000e+00
219  0.0000e+00
220  0.0000e+00
221  0.0000e+00
222  0.0000e+00
223  0.0000e+00
224  0.0000e+00
225  0.0000e+00
226  0.0000e+00
227  0.0000e+00
228  0.0000e+00
229  0.0000e+00
230  0.0000e+00
231  0.0000e+00
232  0.0000e+00
233  0.0000e+00
234  0.0000e+00
235  0.0000e+00
236  0.0000e+00
237  0.0000e+00
238  0.0000e+00
239  0.0000e+00
240  0.0000e+00
241  0.0000e+00
242  0.0000e+00
243  0.0000e+00
244  0.0000e+00
245  0.0000e+00
246  0.0000e+00
247  0.0000e+00
248  0.0000e+00
249  0.0000e+00
250  0.0000e+00
251  0.0000e+00
252  0.0000e+00
253  0.0000e+00
254  0.0000e+00
255  0.0000e+00
256  0.0000e+00
257  0.0000e+00
258  0.0000e+00
259  0.0000e+00
260  0.0000e+00
261  0.0000e+00
262  0.0000e+00
263  0.0000e+00
264  0.0000e+00
265  0.0000e+00
266  0.0000e+00
267  0.0000e+00
268  0.0000e+00
269  0.0000e+00
270  0.0000e+00
271  0.0000e+00
272  0.0000e+00
273  0.0000e+00
274  0.0000e+00
275  0.0000e+00
276  0.0000e+00
277  0.0000e+00
278  0.0000e+00
279  0.0000e+00
280  0.0000e+00
281  0.0000e+00
282  0.0000e+00
283  0.0000e+00
284  0.0000e+00
285  0.0000e+00
286  0.0000e+00
287  0.0000e+00
288  0.0000e+00
289  0.0000e+00
290  0.0000e+00
291  0.0000e+00
292  0.0000e+00
293  0.0000e+00
294  0.0000e+00
295  0.0000e+00
296  0.0000e+00
297  0.0000e+00
298  0.0000e+00
299  0.0000e+00
300  0.0000e+00
301  0.0000e+00
302  0.0000e+00
303  0.0000e+00
304  0.0000e+00
305  0.0000e+00
306  0.0000e+00
307  0.0000e+00
308  0.0000e+00
309  0.0000e+00
310  0.0000e+00
311  0.0000e+00
312  0.0000e+00
313  0.0000e+00
314  0.0000e+00
315  0.0000e+00
316  0.0000e+00
317  0.0000e+00
318  0.0000e+00
319  0.0000e+00
320  0.0000e+00
321  0.0000e+00
322  0.0000e+00
323  0.0000e+00
324  0.0000e+00
325  0.0000e+00
326  0.0000e+00
327  0.0000e+00
328  0.0000e+00
329  0.0000e+00
330  0.0000e+00
331  0.0000e+00
332  0.0000e+00
333  0.0000e+00
334  0.0000e+00
335  0.0000e+00
336  0.0000e+00
337  0.0000e+00

