    1      2  1.1536e-05  2.3072e-05
    2      3  8.8660e-08  2.6598e-07
    3      7  6.8018e-09  4.7613e-08
    4      8  1.3812e-07  1.1050e-06
    4      9  1.1132e-08  1.0019e-07
    5     10  2.4723e-07  2.4723e-06
    5     11  2.2533e-07  2.4786e-06
    6     12  7.6426e-08  9.1711e-07
    6     13  5.1439e-08  6.6870e-07
    7     14  1.7141e-06  2.3997e-05
    7     15  3.0846e-06  4.6270e-05
    8     16  1.2559e-05  2.0095e-04
    8     17  3.0343e-07  5.1583e-06
    8     18  1.4612e-06  2.6302e-05
    9     19  2.6814e-08  5.0947e-07
   10     20  2.5539e-06  5.1078e-05
   10     21  7.2463e-07  1.5217e-05
   10     22  2.6274e-06  5.7803e-05
   11     23  7.4611e-07  1.7161e-05
   12     24  6.4729e-07  1.5535e-05
   12     25  2.0665e-07  5.1664e-06
   12     26  3.8325e-07  9.9645e-06
   13     27  1.0476e-08  2.8287e-07
   14     28  3.2096e-07  8.9868e-06
   14     29  1.8698e-08  5.4225e-07
   14     30  4.1617e-09  1.2485e-07
   15     31  1.2252e-08  3.7982e-07
   16     32  1.6332e-07  5.2261e-06
   16     33  1.3795e-08  4.5524e-07
   16     34  2.9076e-07  9.8859e-06
   16     36  3.2110e-07  1.1560e-05
   17     35  9.8843e-08  3.4595e-06
   17     37  1.7909e-08  6.6263e-07
   18     36  1.1388e-13  4.0998e-12
   18     38  8.9349e-08  3.3952e-06
   18     40  1.9072e-10  7.6287e-09
   19     39  1.8592e-09  7.2509e-08
   19     40  7.5875e-20  3.0350e-18
   19     41  6.9631e-11  2.8549e-09
   20     40  2.1825e-20  8.7299e-19
   20     42  4.4603e-10  1.8733e-08
   20     43  8.1591e-11  3.5084e-09
   20     44  9.3579e-10  4.1175e-08
   20     46  5.5046e-10  2.5321e-08
   21     45  1.3163e-10  5.9233e-09
   22     46  5.0974e-18  2.3448e-16
   22     47  6.8242e-10  3.2074e-08
   22     48  4.2586e-09  2.0441e-07
   22     49  2.7469e-10  1.3460e-08
   22     50  2.3126e-10  1.1563e-08
   23     51  9.0699e-11  4.6257e-09
   24     52  1.2363e-10  6.4287e-09
   24     53  5.8765e-11  3.1145e-09
   24     54  5.5609e-11  3.0029e-09
   25     55  1.7591e-11  9.6750e-10
   26     56  6.9715e-11  3.9040e-09
   26     57  2.9341e-11  1.6724e-09
   26     58  1.2828e-10  7.4401e-09
   27     59  3.1674e-12  1.8687e-10
   28     60  3.3371e-10  2.0022e-08
   28     61  1.2858e-12  7.8437e-11
   28     62  1.4044e-11  8.7072e-10
   28     64  1.6034e-10  1.0262e-08
   29     63  1.6973e-11  1.0693e-09
   29     65  1.2145e-12  7.8944e-11
   30     64  1.3122e-20  8.3984e-19
   30     66  2.2156e-11  1.4623e-09
   30     67  2.7391e-12  1.8352e-10
   30     68  4.9691e-11  3.3790e-09
   30     70  4.1959e-11  2.9371e-09
   31     69  1.0388e-11  7.1676e-10
   31     71  1.3042e-11  9.2597e-10
   32     70  2.7662e-14  1.9363e-12
   32     72  7.0620e-11  5.0846e-09
   32     73  1.7345e-11  1.2662e-09
   32     74  9.5536e-11  7.0697e-09
   32     76  7.0192e-11  5.3346e-09
   33     75  2.0891e-11  1.5668e-09
   34     76  7.4816e-14  5.6860e-12
   34     77  8.8971e-12  6.8508e-10
   34     78  1.0076e-10  7.8595e-09
   34     80  1.3283e-10  1.0627e-08
   34     82  7.2622e-11  5.9550e-09
   35     79  2.8337e-11  2.2386e-09
   35     81  1.6001e-11  1.2961e-09
   36     82  2.0411e-13  1.6737e-11
   36     83  9.5194e-12  7.9011e-10
   36     84  1.4055e-11  1.1806e-09
   36     86  2.9752e-11  2.5587e-09
   37     85  2.8855e-11  2.4527e-09
   37     87  1.4483e-11  1.2600e-09
   38     86  3.5342e-19  3.0394e-17
   38     87  1.0603e-13  9.2245e-12
   38     88  1.2563e-11  1.1055e-09
   39     89  4.7625e-12  4.2386e-10
   40     90  4.9264e-12  4.4338e-10
   40     91  1.8221e-12  1.6581e-10
   40     92  6.5275e-12  6.0053e-10
   40     94  3.6839e-12  3.4629e-10
   41     93  4.0036e-12  3.7233e-10
   42     95  3.8820e-12  3.6879e-10
   42     96  3.0193e-11  2.8985e-09
   42     97  7.1271e-12  6.9133e-10
   42     98  1.3586e-11  1.3314e-09
   42    100  9.5464e-12  9.5464e-10
   44     99  3.2823e-12  3.2495e-10
   44    100  3.2719e-13  3.2719e-11
   44    101  1.5130e-12  1.5281e-10
   44    102  4.7927e-12  4.8886e-10
   44    104  5.6573e-12  5.8836e-10
   45    103  1.7440e-12  1.7963e-10
   46    104  4.6524e-18  4.8385e-16
   46    105  2.3617e-12  2.4798e-10
   46    106  4.1957e-12  4.4474e-10
   46    108  7.0022e-12  7.5624e-10
   46    110  7.4277e-12  8.1705e-10
   47    107  1.6115e-12  1.7243e-10
   47    109  1.7348e-12  1.8909e-10
   48    110  3.6873e-15  4.0561e-13
   48    111  1.2195e-12  1.3537e-10
   48    112  4.3317e-12  4.8516e-10
   48    113  1.8798e-12  2.1242e-10
   48    114  7.1760e-12  8.1806e-10
   48    116  3.5766e-12  4.1488e-10
   49    113  8.2731e-20  9.3486e-18
   49    115  3.2552e-12  3.7435e-10
   50    115  2.5972e-18  2.9868e-16
   50    116  2.8529e-14  3.3094e-12
   50    117  1.5861e-12  1.8558e-10
   50    118  6.6125e-12  7.8027e-10
   50    119  1.6373e-12  1.9484e-10
   50    120  5.6238e-12  6.7485e-10
   50    122  8.9728e-12  1.0947e-09
   50    124  7.9839e-12  9.9001e-10
   51    121  1.4616e-12  1.7685e-10
   51    123  3.9952e-13  4.9141e-11
   52    122  1.0109e-15  1.2332e-13
   52    124  8.4879e-17  1.0525e-14
   52    125  3.1779e-12  3.9723e-10
   52    126  1.4380e-11  1.8119e-09
   52    128  2.9102e-11  3.7250e-09
   52    130  3.9048e-10  5.0762e-08
   53    127  1.6095e-12  2.0441e-10
   53    129  7.7206e-18  9.9596e-16
   54    128  5.3421e-17  6.8379e-15
   54    129  4.0713e-11  5.2519e-09
   54    130  4.3598e-14  5.6677e-12
   54    131  7.0992e-10  9.3000e-08
   54    132  1.9293e-09  2.5467e-07
   54    134  8.1023e-10  1.0857e-07
   54    136  4.2175e-11  5.7358e-09
   55    133  1.7777e-09  2.3643e-07
   56    134  5.8539e-15  7.8442e-13
   56    135  1.5826e-10  2.1365e-08
   56    136  5.0763e-14  6.9038e-12
   56    137  1.9398e-12  2.6576e-10
   56    138  1.4660e-11  2.0231e-09
   57    139  5.9948e-12  8.3328e-10
   58    140  6.5855e-12  9.2197e-10
   58    142  3.4224e-13  4.8598e-11
   59    141  3.3462e-13  4.7181e-11
   60    142  4.2114e-19  5.9801e-17
   60    143  5.7282e-13  8.1914e-11
   60    144  1.8900e-12  2.7216e-10
   60    145  1.4891e-13  2.1591e-11
   60    146  6.7045e-13  9.7885e-11
   60    148  4.3153e-13  6.3866e-11
   60    150  7.7273e-13  1.1591e-10
   62    147  4.0867e-13  6.0074e-11
   62    148  9.1152e-15  1.3490e-12
   62    149  5.2020e-14  7.7510e-12
   62    150  1.8179e-15  2.7268e-13
   62    152  2.1924e-13  3.3325e-11
   62    154  9.5135e-14  1.4651e-11
   63    151  4.6721e-14  7.0549e-12
   63    153  7.9078e-14  1.2099e-11
   64    154  3.2347e-17  4.9814e-15
   64    155  2.3496e-14  3.6419e-12
   64    156  8.0665e-14  1.2584e-11
   64    157  2.1376e-14  3.3560e-12
   64    158  3.7729e-14  5.9612e-12
   64    160  4.1093e-14  6.5749e-12
   65    159  7.3028e-15  1.1611e-12
   66    160  5.9934e-19  9.5895e-17
   66    161  6.4495e-15  1.0384e-12
   66    162  1.1546e-14  1.8704e-12
   66    163  6.2801e-15  1.0237e-12
   66    164  7.9116e-15  1.2975e-12
   67    165  1.2506e-14  2.0634e-12
   68    166  9.5504e-15  1.5854e-12
   68    167  8.3731e-15  1.3983e-12
   68    168  5.7031e-15  9.5811e-13
   68    170  5.8411e-15  9.9299e-13
   69    169  2.4271e-14  4.1017e-12
   70    170  1.2648e-18  2.1502e-16
   70    171  1.1737e-14  2.0071e-12
   70    172  4.5902e-15  7.8951e-13
   70    173  2.6616e-15  4.6045e-13
   70    174  1.5103e-14  2.6280e-12
   70    176  4.8064e-15  8.4593e-13
   71    175  3.4415e-15  6.0225e-13
   71    176  8.9699e-20  1.5787e-17
   72    177  7.3121e-15  1.2942e-12
   72    178  4.1954e-15  7.4679e-13
   72    179  3.2751e-15  5.8624e-13
   72    180  4.1140e-15  7.4051e-13
   73    181  2.0669e-14  3.7411e-12
   74    182  7.2355e-15  1.3169e-12
   74    183  5.0465e-15  9.2351e-13
   74    184  2.4086e-15  4.4319e-13
   74    186  1.5127e-15  2.8135e-13
   75    185  1.3791e-15  2.5514e-13
   75    187  4.2266e-15  7.9037e-13
   76    187  3.4344e-17  6.4224e-15
   76    188  1.8834e-15  3.5407e-13
   76    189  1.0372e-14  1.9603e-12
   76    190  4.8628e-15  9.2393e-13
   76    192  4.2486e-14  8.1572e-12
   77    191  2.6248e-14  5.0134e-12
   77    193  3.6470e-15  7.0387e-13
   78    192  2.3884e-19  4.5857e-17
   78    194  1.1058e-14  2.1452e-12
   78    195  2.0557e-14  4.0086e-12
   78    196  1.1419e-14  2.2382e-12
   78    198  3.2547e-14  6.4443e-12
   79    197  3.9689e-14  7.8187e-12
   80    198  2.0718e-18  4.1021e-16
   80    199  2.6149e-15  5.2036e-13
   80    200  8.0278e-15  1.6056e-12
   80    201  1.0014e-14  2.0127e-12
   80    202  1.3426e-14  2.7121e-12
   80    204  5.2991e-14  1.0810e-11
   81    203  4.0107e-14  8.1416e-12
   81    205  4.8498e-14  9.9421e-12
   82    206  1.3146e-13  2.7080e-11
   82    207  2.2555e-07  4.6688e-05
   82    208  4.5301e-11  9.4225e-09
   82    212  3.6864e-16  7.8152e-14
   83    209  1.6046e-05  3.3537e-03
   83    211  8.2378e-15  1.7382e-12
   83    214  4.2850e-16  9.1699e-14
   86    219  3.1339e-15  6.8632e-13
   86    222  1.7713e-16  3.9323e-14
   88    224  1.5774e-16  3.5335e-14
   88    228  1.2738e-19  2.9042e-17
   90    230  3.3712e-19  7.7537e-17
   90    232  5.5757e-14  1.2936e-11
   91    231  2.5813e-18  5.9629e-16
   92    234  1.0977e-18  2.5687e-16
   92    235  5.5635e-14  1.3074e-11
   92    236  4.3548e-16  1.0277e-13
   92    238  1.9970e-14  4.7529e-12
   94    240  1.4435e-19  3.4643e-17
   94    244  7.4619e-16  1.8207e-13
   96    247  1.1734e-20  2.8984e-18
   97    246  4.6871e-18  1.1530e-15
  100    258  9.0926e-14  2.3459e-11
  100    260  3.2591e-13  8.4738e-11
  100    262  1.6355e-12  4.2849e-10
  102    261  1.3277e-12  3.4652e-10
  102    263  1.8221e-12  4.7920e-10
  102    264  1.0622e-12  2.8042e-10
  102    266  4.3303e-13  1.1519e-10
  103    265  1.3766e-12  3.6480e-10
  104    267  3.8832e-14  1.0368e-11
  104    268  1.5179e-14  4.0679e-12
  104    270  8.1078e-14  2.1891e-11
  104    272  3.1133e-14  8.4682e-12
  104    274  2.8730e-14  7.8720e-12
  105    269  5.8232e-14  1.5664e-11
  105    271  5.0534e-14  1.3695e-11
  106    273  3.9946e-14  1.0905e-11
  106    275  1.1893e-13  3.2705e-11
  106    276  3.1524e-13  8.7006e-11
  106    278  1.1034e-13  3.0676e-11
  106    280  9.2040e-13  2.5771e-10
  107    277  1.2450e-13  3.4488e-11
  108    279  6.4497e-13  1.7995e-10
  108    281  5.6162e-13  1.5782e-10
  108    282  6.3696e-12  1.7962e-09
  108    283  4.0853e-12  1.1561e-09
  108    284  8.1770e-13  2.3223e-10
  108    286  3.4719e-14  9.9296e-12
  110    285  5.3558e-11  1.5264e-08
  110    286  7.6355e-17  2.1838e-14
  110    287  5.7366e-12  1.6464e-09
  110    288  2.8549e-12  8.2220e-10
  110    290  3.3094e-10  9.5973e-08
  111    289  4.5120e-12  1.3040e-09
  111    290  1.9116e-18  5.5437e-16
  111    291  3.7893e-10  1.1027e-07
  111    292  1.1329e-09  3.3080e-07
  111    293  8.7056e-10  2.5507e-07
  111    294  4.1748e-09  1.2274e-06
  111    295  1.5120e-09  4.4603e-07
  111    296  2.0165e-08  5.9688e-06
  111    297  1.0685e-08  3.1733e-06
  111    298  1.6955e-08  5.0526e-06
  111    299  1.6881e-10  5.0475e-08
  111    300  4.5875e-11  1.3763e-08
  111    301  5.0358e-09  1.5158e-06
  111    302  2.9370e-09  8.8696e-07
  111    303  3.1547e-10  9.5589e-08
  111    304  4.6729e-10  1.4206e-07
  111    305  9.8689e-11  3.0100e-08
  111    306  1.3605e-10  4.1631e-08
  111    307  6.6823e-12  2.0515e-09
  111    308  6.3541e-12  1.9571e-09
  111    309  6.6755e-13  2.0627e-10
  111    310  3.2920e-12  1.0205e-09
  111    311  3.7001e-13  1.1507e-10
  111    312  8.4161e-13  2.6258e-10
  111    313  8.9147e-14  2.7903e-11
  111    314  6.9699e-13  2.1885e-10
  111    315  6.9332e-10  2.1839e-07
  111    316  5.2617e-10  1.6627e-07
  111    317  1.4006e-10  4.4398e-08
  111    318  2.7939e-06  8.8847e-04
  111    319  4.3189e-06  1.3777e-03
  111    320  9.3827e-06  3.0025e-03
  111    321  6.9289e-06  2.2242e-03
  111    322  1.0768e-05  3.4672e-03
  111    323  7.9031e-06  2.5527e-03
  111    324  1.2918e-05  4.1853e-03
  111    325  1.1520e-05  3.7441e-03
  111    326  1.5752e-05  5.1351e-03
  111    327  1.3673e-05  4.4712e-03
  111    328  1.9967e-05  6.5493e-03
  111    329  2.2992e-05  7.5644e-03
  111    330  1.2163e-05  4.0138e-03
  111    331  2.1512e-05  7.1204e-03
  111    332  1.4077e-05  4.6735e-03
  111    333  2.2126e-05  7.3680e-03
  111    334  7.6662e-06  2.5605e-03
  111    335  3.7511e-05  1.2566e-02
  111    336  6.3882e-05  2.1464e-02
  111    337  3.4197e-04  1.1525e-01
    1      1  1.1466e-03  1.1466e-03
    2      4  1.9455e-01  7.7818e-01


