    1      2  1.3930e-16  2.7859e-16
    3      6  8.5601e-19  5.1360e-18
    4      8  5.7559e-15  4.6047e-14
    4      9  7.1650e-19  6.4485e-18
    5     10  3.6594e-19  3.6594e-18
    6     12  2.3832e-08  2.8599e-07
    6     13  5.2313e-15  6.8007e-14
    7     14  3.4921e-16  4.8890e-15
    7     15  4.2044e-10  6.3066e-09
    8     16  1.0468e-09  1.6749e-08
    8     17  8.8125e-16  1.4981e-14
    8     18  8.3956e-11  1.5112e-09
    9     19  1.1824e-10  2.2465e-09
   10     20  2.9331e-10  5.8661e-09
   10     21  5.9541e-12  1.2504e-10
   10     22  1.3557e-11  2.9825e-10
   11     23  1.5796e-12  3.6332e-11
   12     24  1.3600e-10  3.2639e-09
   12     25  1.1215e-10  2.8039e-09
   12     26  6.0030e-10  1.5608e-08
   13     26  3.8103e-16  9.9068e-15
   13     27  4.9185e-10  1.3280e-08
   14     28  2.7065e-09  7.5781e-08
   14     29  1.2922e-09  3.7474e-08
   14     30  7.8629e-09  2.3589e-07
   15     31  1.0259e-09  3.1803e-08
   16     32  6.3304e-09  2.0257e-07
   16     33  4.8367e-09  1.5961e-07
   16     34  1.9007e-08  6.4624e-07
   16     36  2.4044e-08  8.6559e-07
   17     35  1.3761e-08  4.8164e-07
   17     37  1.1898e-07  4.4024e-06
   18     36  1.7598e-16  6.3354e-15
   18     38  2.2149e-07  8.4165e-06
   18     40  2.5192e-08  1.0077e-06
   19     39  3.5536e-08  1.3859e-06
   19     41  4.0439e-08  1.6580e-06
   20     42  9.5574e-08  4.0141e-06
   20     43  4.7664e-07  2.0496e-05
   20     44  8.7727e-07  3.8600e-05
   20     46  9.1232e-07  4.1967e-05
   21     45  1.0599e-07  4.7696e-06
   22     47  1.2788e-06  6.0106e-05
   22     48  1.8883e-06  9.0640e-05
   22     49  4.1784e-07  2.0474e-05
   22     50  8.1049e-07  4.0524e-05
   23     51  7.3037e-07  3.7249e-05
   24     52  3.0187e-07  1.5697e-05
   24     53  3.2636e-06  1.7297e-04
   24     54  7.3839e-06  3.9873e-04
   25     55  2.9193e-07  1.6056e-05
   26     56  1.2328e-06  6.9034e-05
   26     57  1.0809e-07  6.1611e-06
   26     58  7.2982e-08  4.2330e-06
   27     59  6.1004e-08  3.5992e-06
   28     60  3.0560e-08  1.8336e-06
   28     61  1.4206e-07  8.6657e-06
   28     62  4.1848e-07  2.5946e-05
   28     64  1.6806e-08  1.0756e-06
   29     63  5.3623e-07  3.3782e-05
   29     65  1.8616e-07  1.2101e-05
   30     64  1.7196e-20  1.1006e-18
   30     66  1.5929e-06  1.0513e-04
   30     67  1.3256e-06  8.8813e-05
   30     68  5.8235e-07  3.9600e-05
   30     70  8.5383e-07  5.9768e-05
   31     69  3.4188e-07  2.3590e-05
   31     71  1.2630e-07  8.9676e-06
   32     70  5.1973e-16  3.6381e-14
   32     72  5.0178e-07  3.6128e-05
   32     73  1.0812e-05  7.8925e-04
   32     74  4.6337e-06  3.4289e-04
   32     76  6.5593e-06  4.9850e-04
   33     75  1.8819e-06  1.4114e-04
   34     76  2.9653e-14  2.2537e-12
   34     77  2.2330e-05  1.7194e-03
   34     78  3.2446e-05  2.5308e-03
   34     80  5.4081e-05  4.3264e-03
   34     82  6.3077e-06  5.1723e-04
   35     79  1.6289e-05  1.2868e-03
   35     81  3.2339e-06  2.6195e-04
   36     82  3.9049e-14  3.2020e-12
   36     83  5.6020e-06  4.6496e-04
   36     84  1.6193e-06  1.3602e-04
   36     86  4.2418e-05  3.6480e-03
   37     85  1.4517e-05  1.2340e-03
   37     87  5.0778e-06  4.4177e-04
   38     86  4.0794e-20  3.5083e-18
   38     87  3.7181e-08  3.2347e-06
   38     88  7.1667e-06  6.3067e-04
   39     89  1.5719e-05  1.3989e-03
   40     90  6.0359e-05  5.4323e-03
   40     91  7.0527e-06  6.4179e-04
   40     92  1.7337e-05  1.5950e-03
   40     94  4.2635e-06  4.0076e-04
   41     93  1.4595e-05  1.3573e-03
   42     95  1.5620e-07  1.4839e-05
   42     96  1.3173e-07  1.2646e-05
   42     97  9.6232e-07  9.3345e-05
   42     98  7.3739e-06  7.2265e-04
   42    100  5.3159e-05  5.3159e-03
   44     99  1.9435e-05  1.9240e-03
   44    100  4.5695e-13  4.5695e-11
   44    101  1.0722e-04  1.0829e-02
   44    102  3.5641e-05  3.6354e-03
   44    104  3.7510e-05  3.9010e-03
   45    103  1.0178e-05  1.0483e-03
   46    104  8.7757e-19  9.1268e-17
   46    105  2.2953e-04  2.4101e-02
   46    106  4.0163e-04  4.2572e-02
   46    108  2.3194e-04  2.5050e-02
   46    110  4.6423e-04  5.1065e-02
   47    107  2.0082e-04  2.1488e-02
   47    109  3.6042e-04  3.9286e-02
   48    110  9.4909e-13  1.0440e-10
   48    111  6.3335e-05  7.0301e-03
   48    112  1.0788e-04  1.2082e-02
   48    113  4.7457e-05  5.3626e-03
   48    114  5.7470e-05  6.5516e-03
   48    116  4.3536e-06  5.0501e-04
   49    113  2.0886e-12  2.3601e-10
   49    115  2.0462e-05  2.3532e-03
   50    115  1.6326e-11  1.8775e-09
   50    116  3.7698e-13  4.3730e-11
   50    117  2.0205e-05  2.3640e-03
   50    118  1.6071e-05  1.8964e-03
   50    119  9.9851e-06  1.1882e-03
   50    120  4.2842e-05  5.1411e-03
   50    122  6.3606e-05  7.7599e-03
   50    124  1.1982e-04  1.4858e-02
   51    121  2.8997e-05  3.5087e-03
   51    123  4.2313e-05  5.2045e-03
   52    122  1.1822e-13  1.4423e-11
   52    124  4.2460e-15  5.2650e-13
   52    125  2.5660e-04  3.2075e-02
   52    126  6.3053e-04  7.9447e-02
   52    128  1.9553e-04  2.5028e-02
   52    130  1.9110e-06  2.4842e-04
   53    127  2.9445e-04  3.7395e-02
   53    129  1.5910e-13  2.0523e-11
   54    128  4.4328e-16  5.6740e-14
   54    129  6.0955e-05  7.8632e-03
   54    130  8.1001e-15  1.0530e-12
   54    131  5.9264e-08  7.7636e-06
   54    132  8.3585e-09  1.1033e-06
   54    134  1.3150e-09  1.7621e-07
   54    136  5.2579e-12  7.1508e-10
   55    133  3.5911e-09  4.7761e-07
   56    135  8.7697e-11  1.1839e-08
   56    137  7.9140e-13  1.0842e-10
   56    138  2.0782e-12  2.8679e-10
   57    139  1.2463e-12  1.7323e-10
   58    140  2.5375e-12  3.5525e-10
   58    142  2.2656e-13  3.2171e-11
   59    141  2.8836e-13  4.0659e-11
   60    143  1.2670e-13  1.8119e-11
   60    144  2.0776e-14  2.9918e-12
   60    145  4.6889e-15  6.7988e-13
   60    146  1.5716e-14  2.2945e-12
   60    148  2.3357e-14  3.4569e-12
   60    150  8.8746e-15  1.3312e-12
   62    147  1.6726e-14  2.4588e-12
   62    149  9.4524e-15  1.4084e-12
   62    152  7.7728e-15  1.1815e-12
   62    154  3.4545e-15  5.3199e-13
   63    151  4.0025e-15  6.0438e-13
   63    153  3.7525e-15  5.7414e-13
   64    155  2.4356e-15  3.7752e-13
   64    156  4.9976e-16  7.7963e-14
   64    157  6.3229e-16  9.9269e-14
   64    158  5.0199e-16  7.9314e-14
   64    160  1.2325e-16  1.9720e-14
   65    159  5.7773e-17  9.1860e-15
   66    161  1.0663e-16  1.7167e-14
   66    162  5.5129e-17  8.9308e-15
   66    163  3.1375e-17  5.1142e-15
   66    164  4.9614e-17  8.1367e-15
   67    165  2.6986e-17  4.4527e-15
   68    166  4.7233e-17  7.8407e-15
   68    167  1.3768e-17  2.2992e-15
   68    168  7.7660e-18  1.3047e-15
   68    170  1.4156e-18  2.4065e-16
   69    169  7.9364e-18  1.3412e-15
   70    171  4.5636e-19  7.8037e-17
   70    172  2.5149e-19  4.3257e-17
   70    173  1.0156e-19  1.7570e-17
   70    174  8.1293e-20  1.4145e-17
   70    176  1.5475e-20  2.7236e-18
   71    175  2.0993e-20  3.6739e-18
    1      1  5.2496e-11  5.2496e-11
    2      4  1.1994e-01  4.7976e-01


