    1      2  1.3611e-16  2.7221e-16
    4      9  4.0987e-20  3.6888e-19
    5     10  1.4047e-20  1.4047e-19
    6     12  6.2711e-08  7.5253e-07
    6     13  4.5420e-14  5.9045e-13
    7     14  1.8109e-18  2.5352e-17
    8     16  2.6818e-10  4.2909e-09
    8     17  1.4061e-17  2.3903e-16
    8     18  1.0288e-20  1.8518e-19
   10     20  2.4190e-10  4.8379e-09
   10     21  1.0580e-16  2.2217e-15
   10     22  3.4927e-20  7.6840e-19
   11     23  3.8254e-14  8.7985e-13
   12     24  3.0005e-10  7.2011e-09
   12     25  8.1675e-13  2.0419e-11
   12     26  8.2128e-13  2.1353e-11
   13     26  1.9544e-15  5.0813e-14
   13     27  6.3208e-11  1.7066e-09
   14     28  1.0878e-09  3.0458e-08
   14     29  4.8040e-11  1.3931e-09
   14     30  1.2578e-09  3.7734e-08
   15     31  2.2371e-10  6.9349e-09
   16     32  5.0289e-10  1.6092e-08
   16     33  7.8530e-11  2.5915e-09
   16     34  2.7616e-09  9.3893e-08
   16     36  7.7580e-09  2.7929e-07
   17     35  1.1343e-09  3.9701e-08
   17     37  4.9963e-10  1.8486e-08
   18     36  5.6227e-12  2.0242e-10
   18     38  1.6009e-09  6.0834e-08
   18     40  8.2354e-10  3.2942e-08
   19     39  2.4181e-10  9.4307e-09
   19     40  9.2358e-15  3.6943e-13
   19     41  1.3193e-10  5.4091e-09
   20     40  3.7476e-15  1.4991e-13
   20     42  2.0118e-10  8.4494e-09
   20     43  4.0147e-10  1.7263e-08
   20     44  4.2038e-10  1.8497e-08
   20     46  2.7730e-08  1.2756e-06
   21     45  5.3605e-10  2.4122e-08
   22     46  1.1111e-15  5.1112e-14
   22     47  1.6335e-09  7.6774e-08
   22     48  1.7591e-09  8.4436e-08
   22     49  1.7085e-09  8.3714e-08
   22     50  8.1058e-08  4.0529e-06
   23     51  2.5704e-09  1.3109e-07
   24     50  1.5378e-20  7.6889e-19
   24     52  2.3598e-10  1.2271e-08
   24     53  4.3974e-09  2.3306e-07
   24     54  1.3604e-07  7.3463e-06
   25     55  3.0043e-10  1.6524e-08
   26     56  2.5522e-09  1.4292e-07
   26     57  7.5981e-09  4.3309e-07
   26     58  2.1381e-09  1.2401e-07
   27     59  1.8041e-11  1.0644e-09
   28     60  1.0241e-07  6.1445e-06
   28     61  3.9229e-09  2.3930e-07
   28     62  6.4278e-08  3.9852e-06
   28     64  5.6400e-09  3.6096e-07
   29     63  1.8308e-08  1.1534e-06
   29     65  1.2061e-08  7.8398e-07
   30     66  6.8522e-07  4.5225e-05
   30     67  1.2176e-07  8.1576e-06
   30     68  4.2474e-09  2.8882e-07
   30     70  1.4220e-08  9.9543e-07
   31     69  4.6715e-08  3.2233e-06
   31     71  1.7255e-08  1.2251e-06
   32     70  2.4933e-16  1.7453e-14
   32     72  4.1909e-07  3.0175e-05
   32     73  7.5058e-08  5.4792e-06
   32     74  1.0671e-06  7.8964e-05
   32     76  1.6456e-08  1.2507e-06
   33     75  7.4495e-08  5.5871e-06
   34     76  3.6711e-15  2.7900e-13
   34     77  2.5131e-08  1.9351e-06
   34     78  6.2656e-07  4.8872e-05
   34     80  2.7320e-06  2.1856e-04
   34     82  7.0445e-06  5.7765e-04
   35     79  1.1767e-07  9.2957e-06
   35     81  2.2393e-07  1.8138e-05
   36     82  8.9551e-15  7.3432e-13
   36     83  9.3181e-06  7.7341e-04
   36     84  2.0890e-05  1.7547e-03
   36     86  6.6621e-04  5.7294e-02
   37     85  3.2827e-06  2.7903e-04
   37     87  1.8596e-05  1.6179e-03
   38     86  3.0196e-18  2.5969e-16
   38     87  1.3615e-07  1.1845e-05
   38     88  2.8832e-05  2.5372e-03
   39     89  1.6657e-04  1.4825e-02
   40     90  2.8248e-03  2.5423e-01
   40     91  1.9461e-05  1.7710e-03
   40     92  1.0193e-03  9.3778e-02
   40     94  7.8251e-04  7.3556e-02
   41     93  7.4135e-04  6.8946e-02
   42     94  1.4764e-20  1.3878e-18
   42     95  2.1307e-05  2.0241e-03
   42     96  1.5702e-03  1.5074e-01
   42     97  1.9699e-05  1.9108e-03
   42     98  4.0357e-04  3.9550e-02
   42    100  1.3700e-05  1.3700e-03
   44     99  1.7108e-05  1.6937e-03
   44    100  1.6024e-12  1.6024e-10
   44    101  1.3739e-04  1.3877e-02
   44    102  2.0678e-04  2.1091e-02
   44    104  2.3464e-04  2.4403e-02
   45    103  1.3249e-05  1.3647e-03
   46    104  5.7951e-18  6.0269e-16
   46    105  3.2208e-05  3.3819e-03
   46    106  1.0921e-04  1.1576e-02
   46    107  6.3422e-20  6.7862e-18
   46    108  3.7512e-05  4.0513e-03
   46    110  2.3795e-06  2.6175e-04
   47    107  8.5473e-06  9.1456e-04
   47    109  3.3428e-05  3.6437e-03
   48    110  3.7366e-13  4.1102e-11
   48    111  5.4518e-06  6.0515e-04
   48    112  3.1685e-05  3.5488e-03
   48    113  1.6214e-06  1.8322e-04
   48    114  2.9341e-06  3.3449e-04
   48    116  2.7019e-06  3.1342e-04
   49    113  7.1358e-14  8.0635e-12
   49    115  3.9651e-06  4.5599e-04
   50    115  3.1636e-12  3.6381e-10
   50    116  2.8855e-13  3.3472e-11
   50    117  4.2200e-07  4.9374e-05
   50    118  1.2788e-07  1.5089e-05
   50    119  1.5129e-07  1.8003e-05
   50    120  6.7615e-08  8.1138e-06
   50    122  3.3634e-08  4.1033e-06
   50    124  3.9359e-08  4.8805e-06
   51    121  6.0597e-08  7.3322e-06
   51    123  6.4096e-09  7.8838e-07
   52    122  8.3356e-16  1.0169e-13
   52    124  1.7440e-18  2.1626e-16
   52    125  2.0388e-08  2.5485e-06
   52    126  6.9927e-08  8.8108e-06
   52    128  2.0798e-09  2.6622e-07
   52    130  2.9789e-09  3.8726e-07
   53    127  8.0532e-09  1.0228e-06
   53    129  2.9482e-17  3.8032e-15
   54    128  5.2908e-20  6.7723e-18
   54    129  4.6541e-10  6.0038e-08
   54    130  2.4275e-19  3.1557e-17
   54    131  2.8365e-10  3.7158e-08
   54    132  2.8322e-11  3.7385e-09
   54    134  8.1696e-15  1.0947e-12
   55    133  2.5464e-13  3.3866e-11
   56    135  5.0660e-18  6.8391e-16
    1      1  8.1749e-11  8.1749e-11
    2      4  3.5031e-02  1.4012e-01


