    1      2  1.4771e-03  2.9543e-03
    1      3  5.5031e-20  1.6509e-19
    2      3  2.8115e-05  8.4345e-05
    3      7  4.8491e-11  3.3944e-10
    4      8  3.7814e-07  3.0251e-06
    4      9  3.7578e-11  3.3820e-10
    5     10  9.0103e-10  9.0103e-09
    5     11  2.3669e-09  2.6035e-08
    6     12  2.0706e-09  2.4847e-08
    6     13  4.9042e-09  6.3754e-08
    7     14  1.3530e-06  1.8942e-05
    7     15  1.1309e-06  1.6963e-05
    8     16  2.8315e-06  4.5304e-05
    8     17  2.4409e-08  4.1496e-07
    8     18  9.1798e-07  1.6524e-05
    9     19  8.0477e-08  1.5291e-06
   10     20  1.9032e-06  3.8064e-05
   10     21  6.0649e-08  1.2736e-06
   10     22  2.5927e-06  5.7038e-05
   11     23  1.1231e-06  2.5830e-05
   12     24  5.2240e-06  1.2538e-04
   12     25  1.5263e-06  3.8158e-05
   12     26  2.4524e-06  6.3762e-05
   13     27  2.3096e-08  6.2358e-07
   14     28  7.9868e-07  2.2363e-05
   14     29  7.7320e-08  2.2423e-06
   14     30  1.4612e-08  4.3835e-07
   15     31  2.4607e-08  7.6281e-07
   16     32  3.5998e-07  1.1519e-05
   16     33  3.2959e-08  1.0876e-06
   16     34  3.2531e-07  1.1061e-05
   16     36  1.2543e-06  4.5156e-05
   17     35  2.4017e-08  8.4060e-07
   17     37  7.3228e-08  2.7094e-06
   18     36  1.2440e-13  4.4784e-12
   18     38  4.0326e-07  1.5324e-05
   18     40  2.1452e-09  8.5807e-08
   19     39  1.1681e-08  4.5556e-07
   19     40  2.6672e-18  1.0669e-16
   19     41  1.7811e-10  7.3026e-09
   20     40  7.6626e-19  3.0650e-17
   20     42  1.6646e-09  6.9914e-08
   20     43  2.4868e-10  1.0693e-08
   20     44  3.2226e-09  1.4179e-07
   20     46  1.9471e-09  8.9566e-08
   21     45  6.5066e-10  2.9280e-08
   22     46  9.1573e-17  4.2124e-15
   22     47  4.7870e-10  2.2499e-08
   22     48  3.7386e-08  1.7945e-06
   22     49  9.8105e-10  4.8072e-08
   22     50  1.2890e-09  6.4451e-08
   23     51  2.2408e-10  1.1428e-08
   24     52  3.7357e-10  1.9426e-08
   24     53  1.9947e-10  1.0572e-08
   24     54  3.0071e-10  1.6238e-08
   25     55  7.4083e-11  4.0745e-09
   26     56  1.2723e-10  7.1250e-09
   26     57  1.4321e-10  8.1631e-09
   26     58  1.0096e-09  5.8554e-08
   27     59  1.0233e-11  6.0372e-10
   28     60  3.5637e-09  2.1382e-07
   28     61  9.8905e-12  6.0332e-10
   28     62  7.1811e-11  4.4523e-09
   28     64  2.2354e-09  1.4307e-07
   29     63  2.0990e-10  1.3224e-08
   29     65  1.1191e-11  7.2741e-10
   30     64  3.8909e-19  2.4902e-17
   30     66  1.1053e-10  7.2950e-09
   30     67  1.4292e-11  9.5755e-10
   30     68  1.3798e-10  9.3824e-09
   30     70  2.0829e-10  1.4580e-08
   31     69  1.3545e-11  9.3461e-10
   31     71  2.4132e-11  1.7134e-09
   32     70  1.2199e-13  8.5390e-12
   32     72  1.2815e-10  9.2270e-09
   32     73  3.5575e-11  2.5970e-09
   32     74  3.2761e-10  2.4243e-08
   32     76  5.8352e-10  4.4347e-08
   33     75  1.0313e-10  7.7346e-09
   34     76  9.0764e-13  6.8980e-11
   34     77  1.6747e-11  1.2895e-09
   34     78  4.3318e-10  3.3788e-08
   34     80  1.5176e-09  1.2141e-07
   34     82  1.5474e-09  1.2689e-07
   35     79  1.4093e-10  1.1134e-08
   35     81  1.6059e-10  1.3008e-08
   36     82  5.2780e-12  4.3280e-10
   36     83  4.2801e-11  3.5525e-09
   36     84  2.0862e-10  1.7524e-08
   36     86  9.7600e-10  8.3936e-08
   37     85  2.3533e-10  2.0003e-08
   37     87  3.2423e-10  2.8208e-08
   38     86  1.7748e-17  1.5264e-15
   38     87  2.3737e-12  2.0651e-10
   38     88  3.3143e-10  2.9166e-08
   39     89  3.3196e-10  2.9544e-08
   40     90  2.6879e-10  2.4191e-08
   40     91  8.0856e-11  7.3579e-09
   40     92  1.7609e-10  1.6200e-08
   40     94  2.6333e-10  2.4753e-08
   41     93  2.2102e-10  2.0555e-08
   42     95  9.1508e-11  8.6933e-09
   42     96  6.8411e-10  6.5675e-08
   42     97  1.0349e-10  1.0039e-08
   42     98  2.2394e-10  2.1946e-08
   42    100  1.9264e-10  1.9264e-08
   44     99  6.4441e-11  6.3796e-09
   44    100  2.0257e-11  2.0257e-09
   44    101  2.9013e-11  2.9303e-09
   44    102  7.6222e-11  7.7746e-09
   44    104  6.5581e-11  6.8204e-09
   45    103  3.0856e-11  3.1782e-09
   46    104  4.5299e-16  4.7111e-14
   46    105  3.5324e-11  3.7090e-09
   46    106  6.7360e-11  7.1402e-09
   46    108  9.1979e-11  9.9337e-09
   46    110  1.3851e-10  1.5236e-08
   47    107  2.6835e-11  2.8714e-09
   47    109  2.3822e-11  2.5966e-09
   48    110  1.4487e-13  1.5936e-11
   48    111  2.2593e-11  2.5078e-09
   48    112  5.0844e-11  5.6945e-09
   48    113  3.7802e-11  4.2716e-09
   48    114  1.2716e-10  1.4496e-08
   48    116  1.0307e-10  1.1957e-08
   49    113  1.6637e-18  1.8800e-16
   49    115  7.9623e-11  9.1566e-09
   50    115  6.3528e-17  7.3057e-15
   50    116  2.0475e-12  2.3751e-10
   50    117  1.4258e-11  1.6682e-09
   50    118  9.4364e-11  1.1135e-08
   50    119  3.7004e-11  4.4034e-09
   50    120  1.9718e-10  2.3661e-08
   50    122  3.5690e-10  4.3542e-08
   50    124  3.4241e-10  4.2459e-08
   51    121  5.4466e-11  6.5903e-09
   51    123  1.2066e-11  1.4841e-09
   52    122  8.7893e-14  1.0723e-11
   52    124  1.1694e-14  1.4500e-12
   52    125  1.0676e-10  1.3345e-08
   52    126  7.0973e-10  8.9426e-08
   52    128  4.9414e-10  6.3251e-08
   52    130  7.4669e-10  9.7070e-08
   53    127  3.4681e-11  4.4044e-09
   53    129  7.4125e-17  9.5622e-15
   54    128  4.7992e-15  6.1430e-13
   54    129  1.8498e-10  2.3862e-08
   54    130  6.5332e-13  8.4931e-11
   54    131  1.9815e-09  2.5957e-07
   54    132  8.1878e-09  1.0808e-06
   54    134  2.3694e-08  3.1750e-06
   54    136  6.7067e-09  9.1212e-07
   55    133  8.5288e-09  1.1343e-06
   56    134  1.9930e-13  2.6706e-11
   56    135  1.0465e-08  1.4128e-06
   56    136  1.2619e-11  1.7162e-09
   56    137  2.1491e-10  2.9443e-08
   56    138  4.6564e-10  6.4258e-08
   57    139  4.3623e-10  6.0636e-08
   58    140  1.0800e-09  1.5121e-07
   58    142  4.2249e-11  5.9993e-09
   59    141  7.9192e-11  1.1166e-08
   60    142  3.4654e-16  4.9208e-14
   60    143  6.3052e-11  9.0164e-09
   60    144  1.6966e-10  2.4432e-08
   60    145  1.6166e-11  2.3440e-09
   60    146  3.8920e-11  5.6823e-09
   60    148  7.2504e-11  1.0731e-08
   60    150  8.8735e-11  1.3310e-08
   62    147  4.9627e-11  7.2952e-09
   62    148  2.5006e-12  3.7010e-10
   62    149  4.5145e-12  6.7265e-10
   62    150  4.5519e-13  6.8278e-11
   62    152  2.0679e-11  3.1433e-09
   62    154  1.9471e-11  2.9985e-09
   63    151  5.2887e-12  7.9860e-10
   63    153  1.0799e-11  1.6522e-09
   64    152  1.1978e-20  1.8207e-18
   64    154  9.5351e-15  1.4684e-12
   64    155  2.6522e-12  4.1109e-10
   64    156  8.6329e-12  1.3467e-09
   64    157  2.1616e-12  3.3938e-10
   64    158  3.8370e-12  6.0625e-10
   64    160  1.0558e-11  1.6893e-09
   65    159  8.4560e-13  1.3445e-10
   66    160  2.2107e-16  3.5372e-14
   66    161  6.3875e-13  1.0284e-10
   66    162  1.9094e-12  3.0933e-10
   66    163  7.6123e-13  1.2408e-10
   66    164  1.7336e-12  2.8430e-10
   67    165  1.6676e-12  2.7516e-10
   68    166  2.8645e-12  4.7551e-10
   68    167  1.8709e-12  3.1245e-10
   68    168  1.8521e-12  3.1115e-10
   68    170  2.6763e-12  4.5497e-10
   69    169  5.4220e-12  9.1632e-10
   70    170  7.4453e-16  1.2657e-13
   70    171  1.8018e-12  3.0811e-10
   70    172  8.3825e-13  1.4418e-10
   70    173  5.8465e-13  1.0115e-10
   70    174  4.6840e-12  8.1501e-10
   70    176  2.7134e-12  4.7756e-10
   71    175  1.2342e-12  2.1598e-10
   71    176  1.7185e-16  3.0246e-14
   72    176  1.6086e-18  2.8311e-16
   72    177  1.4056e-12  2.4879e-10
   72    178  1.2708e-12  2.2621e-10
   72    179  1.1942e-12  2.1377e-10
   72    180  2.0501e-12  3.6902e-10
   73    181  1.2193e-11  2.2069e-09
   74    182  6.1038e-12  1.1109e-09
   74    183  9.2100e-13  1.6854e-10
   74    184  4.4830e-13  8.2487e-11
   74    186  4.4784e-13  8.3299e-11
   75    185  2.8718e-13  5.3128e-11
   75    187  9.7513e-13  1.8235e-10
   76    186  7.1110e-19  1.3226e-16
   76    187  7.9235e-15  1.4817e-12
   76    188  4.2965e-13  8.0774e-11
   76    189  1.9817e-12  3.7454e-10
   76    190  1.6123e-12  3.0633e-10
   76    192  1.7529e-11  3.3656e-09
   77    191  3.4061e-12  6.5057e-10
   77    193  1.5144e-12  2.9228e-10
   78    192  1.0774e-16  2.0686e-14
   78    194  4.9853e-12  9.6715e-10
   78    195  3.2939e-12  6.4232e-10
   78    196  3.5520e-12  6.9618e-10
   78    198  1.5185e-11  3.0066e-09
   79    197  6.1606e-12  1.2136e-09
   80    198  1.5580e-15  3.0848e-13
   80    199  1.1071e-12  2.2032e-10
   80    200  2.9261e-12  5.8522e-10
   80    201  2.0597e-12  4.1399e-10
   80    202  3.8421e-12  7.7611e-10
   80    204  1.4208e-11  2.8983e-09
   81    203  4.7099e-12  9.5612e-10
   81    205  1.3162e-11  2.6981e-09
   82    204  2.6409e-18  5.3875e-16
   82    206  4.5780e-11  9.4306e-09
   82    207  1.6288e-10  3.3717e-08
   82    208  5.8286e-11  1.2123e-08
   83    209  1.7519e-10  3.6614e-08
   83    212  7.2929e-14  1.5461e-11
   83    214  2.1450e-14  4.5903e-12
   84    215  1.1525e-12  2.4778e-10
   86    220  2.5435e-14  5.5957e-12
   88    226  9.5260e-19  2.1529e-16
   88    228  2.2587e-17  5.1499e-15
   89    227  3.2150e-19  7.2980e-17
   90    230  4.4896e-17  1.0326e-14
   90    232  9.8872e-12  2.2938e-09
   91    231  4.8199e-16  1.1134e-13
   92    234  1.4619e-16  3.4209e-14
   92    235  1.0388e-11  2.4412e-09
   92    236  5.0501e-14  1.1918e-11
   92    238  2.6596e-12  6.3297e-10
   94    240  9.9936e-18  2.3985e-15
   94    244  1.2165e-13  2.9681e-11
   96    247  5.0058e-18  1.2364e-15
   97    246  5.8846e-16  1.4476e-13
  100    258  2.1499e-11  5.5466e-09
  100    260  1.0514e-10  2.7336e-08
  100    262  5.2479e-10  1.3750e-07
  102    260  6.6091e-20  1.7184e-17
  102    261  3.5514e-10  9.2692e-08
  102    263  6.0527e-10  1.5919e-07
  102    264  3.4647e-10  9.1469e-08
  102    266  1.0109e-10  2.6890e-08
  103    265  2.9934e-10  7.9326e-08
  104    267  1.1156e-11  2.9787e-09
  104    268  4.0689e-12  1.0905e-09
  104    270  1.5211e-11  4.1070e-09
  104    272  5.8294e-12  1.5856e-09
  104    274  5.3640e-12  1.4697e-09
  105    269  1.2310e-11  3.3115e-09
  105    271  9.2462e-12  2.5057e-09
  106    273  7.3633e-12  2.0102e-09
  106    275  2.1451e-11  5.8989e-09
  106    276  5.4221e-11  1.4965e-08
  106    278  1.6789e-11  4.6673e-09
  106    280  1.0516e-10  2.9444e-08
  107    277  2.0816e-11  5.7660e-09
  108    279  8.1151e-11  2.2641e-08
  108    281  6.8531e-11  1.9257e-08
  108    282  3.6955e-10  1.0421e-07
  108    283  2.2024e-10  6.2327e-08
  108    284  7.7246e-12  2.1938e-09
  108    286  2.4439e-13  6.9896e-11
  110    285  2.1321e-10  6.0764e-08
  110    286  2.1672e-15  6.1981e-13
  110    287  4.7659e-13  1.3678e-10
  110    288  1.2061e-13  3.4735e-11
  110    290  2.4062e-12  6.9779e-10
  111    289  1.2834e-13  3.7090e-11
  111    290  3.3053e-19  9.5854e-17
  111    291  5.2553e-12  1.5293e-09
  111    292  3.9352e-11  1.1491e-08
  111    293  3.8749e-11  1.1353e-08
  111    294  9.7251e-10  2.8592e-07
  111    295  5.5643e-10  1.6415e-07
  111    296  2.9108e-08  8.6161e-06
  111    297  3.4952e-08  1.0381e-05
  111    298  2.6845e-07  7.9998e-05
  111    299  9.8008e-10  2.9304e-07
  111    300  2.0264e-10  6.0791e-08
  111    301  2.2072e-08  6.6438e-06
  111    302  1.3064e-08  3.9453e-06
  111    303  1.5491e-09  4.6937e-07
  111    304  2.1945e-09  6.6712e-07
  111    305  4.7548e-10  1.4502e-07
  111    306  6.2337e-10  1.9075e-07
  111    307  3.5539e-11  1.0911e-08
  111    308  3.0425e-11  9.3710e-09
  111    309  3.4641e-12  1.0704e-09
  111    310  1.6520e-11  5.1212e-09
  111    311  1.9501e-12  6.0648e-10
  111    312  4.0606e-12  1.2669e-09
  111    313  4.4384e-13  1.3892e-10
  111    314  3.2706e-12  1.0270e-09
  111    315  2.5138e-09  7.9184e-07
  111    316  1.3049e-09  4.1233e-07
  111    317  2.8944e-10  9.1752e-08
  111    318  4.5188e-07  1.4370e-04
  111    319  1.5402e-07  4.9132e-05
  111    320  2.3961e-07  7.6675e-05
  111    321  3.7004e-07  1.1878e-04
  111    322  3.7921e-07  1.2211e-04
  111    323  2.9898e-07  9.6569e-05
  111    324  3.6464e-07  1.1814e-04
  111    325  3.5767e-07  1.1624e-04
  111    326  4.7702e-07  1.5551e-04
  111    327  3.2887e-07  1.0754e-04
  111    328  3.5823e-07  1.1750e-04
  111    329  3.0948e-07  1.0182e-04
  111    330  2.4207e-07  7.9884e-05
  111    331  2.9349e-07  9.7144e-05
  111    332  3.0468e-07  1.0115e-04
  111    333  2.8493e-07  9.4880e-05
  111    334  9.0539e-08  3.0240e-05
  111    335  4.4316e-07  1.4846e-04
  111    336  2.0034e-06  6.7314e-04
  111    337  5.2280e-04  1.7618e-01
    1      1  2.9940e-02  2.9940e-02
    2      4  1.9690e-01  7.8760e-01


