    1      2  4.3416e-09  8.6832e-09
    2      3  3.7543e-10  1.1263e-09
    3      6  1.2428e-11  7.4568e-11
    3      7  4.5473e-10  3.1831e-09
    4      8  7.2420e-09  5.7936e-08
    4      9  2.5133e-09  2.2619e-08
    5     10  4.0424e-08  4.0424e-07
    5     11  1.7523e-09  1.9276e-08
    6     12  5.3656e-09  6.4388e-08
    6     13  4.8443e-07  6.2975e-06
    7     14  2.1564e-07  3.0189e-06
    7     15  1.5614e-05  2.3420e-04
    8     16  3.3416e-07  5.3466e-06
    8     17  6.3629e-09  1.0817e-07
    8     18  4.0723e-08  7.3301e-07
    9     19  1.5550e-06  2.9544e-05
   10     20  2.1419e-06  4.2838e-05
   10     21  4.9536e-07  1.0402e-05
   10     22  3.8660e-09  8.5053e-08
   11     23  1.1821e-06  2.7189e-05
   12     24  3.6769e-07  8.8246e-06
   12     25  4.4331e-07  1.1083e-05
   12     26  2.6430e-08  6.8717e-07
   13     26  1.7596e-19  4.5749e-18
   13     27  1.3691e-07  3.6965e-06
   14     28  3.6029e-07  1.0088e-05
   14     29  5.6273e-08  1.6319e-06
   14     30  7.1756e-08  2.1527e-06
   15     31  6.9713e-08  2.1611e-06
   16     32  7.4963e-08  2.3988e-06
   16     33  5.5954e-07  1.8465e-05
   16     34  4.2831e-07  1.4563e-05
   16     36  1.4392e-08  5.1810e-07
   17     35  1.9210e-08  6.7233e-07
   17     37  1.7868e-08  6.6112e-07
   18     36  9.5195e-20  3.4270e-18
   18     38  5.3479e-08  2.0322e-06
   18     40  2.4415e-08  9.7661e-07
   19     39  3.8027e-08  1.4830e-06
   19     41  1.1780e-07  4.8297e-06
   20     42  3.5652e-07  1.4974e-05
   20     43  6.6991e-08  2.8806e-06
   20     44  8.2606e-08  3.6347e-06
   20     46  4.4880e-08  2.0645e-06
   21     45  9.3782e-08  4.2202e-06
   22     46  1.7808e-20  8.1919e-19
   22     47  6.4927e-08  3.0516e-06
   22     48  1.3969e-07  6.7053e-06
   22     49  1.0006e-07  4.9030e-06
   22     50  8.5743e-08  4.2871e-06
   23     51  2.2620e-08  1.1536e-06
   24     52  1.1280e-07  5.8657e-06
   24     53  9.4269e-08  4.9963e-06
   24     54  4.7560e-08  2.5682e-06
   25     55  3.6107e-08  1.9859e-06
   26     56  1.0667e-07  5.9736e-06
   26     57  2.0553e-07  1.1715e-05
   26     58  6.5860e-09  3.8199e-07
   27     59  8.6924e-09  5.1285e-07
   28     60  1.5919e-08  9.5511e-07
   28     61  2.6654e-08  1.6259e-06
   28     62  3.4418e-08  2.1339e-06
   28     64  1.3380e-07  8.5633e-06
   29     63  2.2879e-07  1.4414e-05
   29     65  1.1363e-07  7.3862e-06
   30     66  2.7862e-07  1.8389e-05
   30     67  1.3607e-07  9.1167e-06
   30     68  9.4168e-08  6.4035e-06
   30     70  1.8202e-07  1.2742e-05
   31     69  5.8275e-08  4.0210e-06
   31     71  3.5144e-08  2.4952e-06
   32     70  1.0614e-15  7.4300e-14
   32     72  1.0203e-07  7.3463e-06
   32     73  8.1861e-08  5.9759e-06
   32     74  5.6215e-07  4.1599e-05
   32     76  2.4622e-06  1.8712e-04
   33     75  2.5229e-06  1.8922e-04
   34     76  2.4190e-13  1.8384e-11
   34     77  2.1694e-06  1.6704e-04
   34     78  2.0092e-06  1.5671e-04
   34     80  8.8890e-06  7.1112e-04
   34     82  6.1381e-07  5.0332e-05
   35     79  2.6746e-06  2.1129e-04
   35     81  3.0499e-06  2.4704e-04
   36     82  3.5253e-13  2.8908e-11
   36     83  1.2619e-06  1.0474e-04
   36     84  6.2269e-07  5.2306e-05
   36     86  1.4891e-06  1.2806e-04
   37     85  5.8945e-07  5.0103e-05
   37     87  1.2034e-06  1.0470e-04
   38     86  2.2033e-20  1.8949e-18
   38     87  8.8117e-09  7.6662e-07
   38     88  4.6799e-07  4.1183e-05
   39     89  1.6392e-07  1.4589e-05
   40     90  2.7289e-07  2.4560e-05
   40     91  9.4558e-08  8.6048e-06
   40     92  4.1004e-07  3.7724e-05
   40     94  1.0861e-06  1.0210e-04
   41     93  3.6587e-07  3.4025e-05
   42     95  5.5995e-07  5.3196e-05
   42     96  3.9287e-07  3.7716e-05
   42     97  2.5198e-07  2.4442e-05
   42     98  7.9915e-08  7.8317e-06
   42    100  1.1246e-07  1.1246e-05
   44     99  8.8018e-08  8.7138e-06
   44    100  3.1395e-14  3.1395e-12
   44    101  1.6702e-07  1.6869e-05
   44    102  1.5222e-07  1.5527e-05
   44    104  2.4794e-07  2.5785e-05
   45    103  2.1193e-07  2.1829e-05
   46    104  1.0800e-18  1.1232e-16
   46    105  2.5883e-07  2.7177e-05
   46    106  5.5336e-07  5.8657e-05
   46    108  7.7555e-07  8.3760e-05
   46    110  6.8362e-07  7.5199e-05
   47    107  5.4330e-07  5.8133e-05
   47    109  6.3386e-07  6.9091e-05
   48    110  2.2669e-14  2.4936e-12
   48    111  1.3625e-07  1.5124e-05
   48    112  2.7776e-07  3.1109e-05
   48    113  9.8233e-08  1.1100e-05
   48    114  6.2357e-08  7.1087e-06
   48    116  1.1957e-08  1.3871e-06
   49    113  4.3233e-15  4.8853e-13
   49    115  3.7321e-08  4.2920e-06
   50    115  2.9777e-14  3.4244e-12
   50    116  5.7906e-15  6.7171e-13
   50    117  3.0059e-08  3.5169e-06
   50    118  4.8428e-08  5.7145e-06
   50    119  4.9217e-08  5.8568e-06
   50    120  3.5360e-07  4.2432e-05
   50    122  1.2777e-06  1.5588e-04
   50    124  7.9415e-06  9.8475e-04
   51    121  4.4927e-07  5.4361e-05
   51    123  1.7239e-06  2.1203e-04
   52    122  8.8364e-15  1.0780e-12
   52    124  3.0459e-16  3.7769e-14
   52    125  1.0191e-05  1.2739e-03
   52    126  2.1626e-05  2.7249e-03
   52    128  1.3671e-05  1.7499e-03
   52    130  9.4756e-06  1.2318e-03
   53    127  1.6302e-05  2.0704e-03
   53    129  4.5690e-14  5.8940e-12
   54    128  9.7346e-16  1.2460e-13
   54    129  1.6127e-05  2.0804e-03
   54    130  4.8135e-14  6.2575e-12
   54    131  5.5359e-06  7.2520e-04
   54    132  2.6264e-06  3.4669e-04
   54    134  2.5567e-06  3.4260e-04
   54    136  1.7095e-06  2.3250e-04
   55    133  2.7793e-06  3.6965e-04
   56    134  5.4756e-18  7.3373e-16
   56    135  1.1381e-06  1.5364e-04
   56    136  1.8359e-15  2.4969e-13
   56    137  2.4137e-06  3.3068e-04
   56    138  2.2875e-06  3.1568e-04
   57    139  7.0004e-07  9.7305e-05
   58    140  8.3113e-07  1.1636e-04
   58    142  1.0072e-06  1.4302e-04
   59    141  2.5548e-06  3.6023e-04
   60    142  7.0410e-18  9.9982e-16
   60    143  2.1032e-07  3.0075e-05
   60    144  1.3345e-07  1.9217e-05
   60    145  1.0314e-07  1.4955e-05
   60    146  2.3148e-07  3.3796e-05
   60    148  4.8575e-07  7.1891e-05
   60    150  4.7910e-07  7.1866e-05
   62    147  3.1343e-07  4.6074e-05
   62    148  1.0288e-13  1.5226e-11
   62    149  3.3792e-07  5.0350e-05
   62    150  5.1992e-13  7.7988e-11
   62    152  6.4856e-07  9.8581e-05
   62    154  9.3580e-07  1.4411e-04
   63    151  4.3731e-07  6.6034e-05
   63    153  4.3400e-07  6.6401e-05
   64    154  9.3687e-15  1.4428e-12
   64    155  5.8435e-07  9.0574e-05
   64    156  1.0628e-06  1.6580e-04
   64    157  8.0723e-07  1.2674e-04
   64    158  1.8002e-06  2.8443e-04
   64    160  1.5459e-06  2.4734e-04
   65    159  7.1447e-07  1.1360e-04
   66    160  3.0922e-15  4.9475e-13
   66    161  7.9687e-07  1.2830e-04
   66    162  1.5125e-06  2.4502e-04
   66    163  9.1297e-07  1.4881e-04
   66    164  2.5538e-06  4.1883e-04
   67    165  1.3696e-06  2.2598e-04
   68    166  2.9970e-06  4.9751e-04
   68    167  1.3333e-06  2.2267e-04
   68    168  1.9323e-06  3.2463e-04
   68    170  1.4545e-06  2.4727e-04
   69    169  2.1725e-06  3.6715e-04
   70    170  2.0050e-15  3.4085e-13
   70    171  1.1900e-06  2.0349e-04
   70    172  1.0594e-06  1.8221e-04
   70    173  9.9301e-07  1.7179e-04
   70    174  1.4408e-06  2.5069e-04
   70    176  8.9959e-07  1.5833e-04
   71    175  9.1493e-07  1.6011e-04
   71    176  1.7857e-16  3.1429e-14
   72    176  1.6719e-18  2.9426e-16
   72    177  1.1312e-06  2.0022e-04
   72    178  1.0451e-06  1.8603e-04
   72    179  8.5148e-07  1.5241e-04
   72    180  7.0174e-07  1.2631e-04
   73    181  6.9990e-07  1.2668e-04
   74    182  6.9800e-07  1.2704e-04
   74    183  4.1744e-07  7.6392e-05
   74    184  6.9366e-07  1.2763e-04
   74    186  1.8370e-06  3.4168e-04
   75    185  5.7250e-07  1.0591e-04
   75    187  1.6009e-06  2.9936e-04
   76    186  1.9482e-18  3.6236e-16
   76    187  1.3010e-08  2.4329e-06
   76    188  5.3569e-06  1.0071e-03
   76    189  9.3000e-06  1.7577e-03
   76    190  3.0667e-05  5.8268e-03
   76    192  7.2488e-05  1.3918e-02
   77    191  3.6169e-05  6.9082e-03
   77    193  1.1095e-04  2.1414e-02
   78    192  3.0422e-15  5.8410e-13
   78    194  1.4130e-04  2.7413e-02
   78    195  1.2446e-04  2.4269e-02
   78    196  6.3835e-05  1.2512e-02
   78    198  6.4680e-06  1.2807e-03
   79    197  2.4460e-05  4.8186e-03
   80    198  1.9285e-15  3.8184e-13
   80    199  2.8068e-06  5.5856e-04
   80    200  2.5379e-06  5.0758e-04
   80    201  1.7325e-06  3.4823e-04
   80    202  2.4907e-06  5.0311e-04
   80    204  3.8485e-06  7.8510e-04
   81    203  2.8947e-06  5.8762e-04
   81    205  3.6714e-06  7.5264e-04
   81    207  3.5719e-19  7.3938e-17
   82    204  3.3903e-19  6.9161e-17
   82    206  6.8074e-05  1.4023e-02
   82    207  6.5273e-05  1.3512e-02
   82    208  5.3086e-05  1.1042e-02
   82    210  4.2788e-12  8.9855e-10
   82    211  1.2657e-17  2.6706e-15
   82    212  1.4612e-17  3.0977e-15
   82    214  1.9956e-18  4.2706e-16
   83    209  8.5204e-05  1.7808e-02
   83    210  8.9755e-17  1.8849e-14
   83    211  1.6081e-19  3.3931e-17
   83    212  4.3662e-19  9.2564e-17
   83    214  2.4667e-19  5.2788e-17
   84    210  2.4782e-15  5.2042e-13
   84    218  3.8536e-20  8.4008e-18
   86    222  6.8408e-17  1.5187e-14
   87    223  2.2817e-20  5.0883e-18
   88    223  1.2373e-15  2.7593e-13
   88    224  3.7759e-17  8.4579e-15
   88    226  1.0468e-11  2.3657e-09
   88    228  1.2142e-10  2.7683e-08
   89    227  8.6046e-13  1.9532e-10
   89    228  2.6576e-18  6.0593e-16
   90    227  1.9887e-15  4.5143e-13
   90    228  7.2511e-15  1.6533e-12
   90    230  4.9333e-10  1.1347e-07
   90    231  1.1510e-16  2.6587e-14
   90    232  5.3148e-05  1.2330e-02
   90    234  1.6681e-16  3.9033e-14
   91    231  1.2900e-09  2.9799e-07
   91    234  4.9954e-18  1.1689e-15
   92    234  1.6064e-09  3.7590e-07
   92    235  2.7803e-05  6.5338e-03
   92    236  1.5531e-07  3.6653e-05
   92    238  2.9224e-05  6.9554e-03
   92    240  7.7950e-18  1.8708e-15
   93    240  5.5033e-19  1.3208e-16
   94    239  9.4499e-17  2.2585e-14
   94    240  3.0745e-11  7.3789e-09
   94    244  3.7424e-07  9.1315e-05
   95    243  2.8889e-17  7.0199e-15
   96    244  1.0157e-16  2.4784e-14
   96    247  6.0972e-14  1.5060e-11
   97    246  5.3498e-09  1.3160e-06
  100    258  9.7099e-06  2.5052e-03
  100    260  9.1106e-06  2.3688e-03
  100    262  8.2818e-06  2.1698e-03
  102    261  6.8405e-06  1.7854e-03
  102    263  8.5108e-06  2.2383e-03
  102    264  9.3889e-06  2.4787e-03
  102    266  9.1861e-06  2.4435e-03
  103    265  6.9073e-06  1.8304e-03
  104    267  4.6955e-06  1.2537e-03
  104    268  4.2016e-06  1.1260e-03
  104    270  5.3205e-06  1.4365e-03
  104    272  4.5570e-06  1.2395e-03
  104    274  3.8266e-06  1.0485e-03
  105    269  7.1882e-06  1.9336e-03
  105    271  4.4013e-06  1.1928e-03
  106    273  3.6728e-06  1.0027e-03
  106    275  2.0203e-06  5.5558e-04
  106    276  1.8075e-06  4.9886e-04
  106    278  4.7039e-07  1.3077e-04
  106    280  6.1776e-08  1.7297e-05
  107    277  5.2242e-07  1.4471e-04
  108    279  1.4833e-07  4.1385e-05
  108    281  2.7439e-08  7.7103e-06
  108    282  4.3564e-08  1.2285e-05
  108    283  2.9441e-08  8.3318e-06
  108    284  4.3634e-08  1.2392e-05
  108    286  4.3191e-08  1.2353e-05
  110    285  4.2101e-08  1.1999e-05
  110    286  2.1792e-20  6.2325e-18
  110    287  5.4586e-08  1.5666e-05
  110    288  4.6826e-08  1.3486e-05
  110    290  3.3150e-08  9.6136e-06
  111    289  2.8209e-08  8.1525e-06
  111    290  1.1078e-20  3.2127e-18
  111    291  1.7626e-08  5.1292e-06
  111    292  1.2990e-07  3.7932e-05
  111    293  6.2641e-08  1.8354e-05
  111    294  8.8483e-08  2.6014e-05
  111    295  2.7917e-08  8.2354e-06
  111    296  5.3874e-08  1.5947e-05
  111    297  2.4035e-08  7.1383e-06
  111    298  3.7155e-09  1.1072e-06
  111    299  2.9037e-09  8.6819e-07
  111    300  9.6422e-10  2.8927e-07
  111    301  4.1925e-08  1.2619e-05
  111    302  5.6073e-08  1.6934e-05
  111    303  3.8147e-08  1.1559e-05
  111    304  3.4586e-08  1.0514e-05
  111    305  1.3732e-08  4.1881e-06
  111    306  3.9097e-08  1.1964e-05
  111    307  1.4631e-08  4.4918e-06
  111    308  9.7340e-09  2.9981e-06
  111    309  2.7447e-09  8.4812e-07
  111    310  7.6171e-09  2.3613e-06
  111    311  5.0678e-09  1.5761e-06
  111    312  3.2181e-09  1.0041e-06
  111    313  3.0181e-09  9.4466e-07
  111    314  5.6308e-09  1.7681e-06
  111    315  8.9593e-10  2.8222e-07
  111    316  7.0563e-09  2.2298e-06
  111    317  3.6869e-09  1.1688e-06
  111    318  2.9219e-09  9.2916e-07
  111    319  2.2899e-09  7.3049e-07
  111    320  1.7177e-09  5.4968e-07
  111    321  3.0152e-10  9.6786e-08
  111    322  1.7883e-10  5.7583e-08
  111    323  1.1466e-10  3.7035e-08
  111    324  1.4397e-10  4.6647e-08
  111    325  1.9428e-11  6.3142e-09
  111    326  4.7921e-11  1.5622e-08
  111    327  1.8462e-11  6.0370e-09
  111    328  7.0894e-13  2.3253e-10
  111    329  1.2580e-11  4.1390e-09
  111    330  3.7223e-12  1.2283e-09
  111    331  3.7024e-13  1.2255e-10
  111    332  4.5740e-13  1.5186e-10
  111    333  1.3025e-13  4.3374e-11
  111    334  1.6358e-13  5.4637e-11
  111    335  2.1240e-14  7.1152e-12
  111    336  1.2653e-14  4.2513e-12
  111    337  5.3836e-13  1.8143e-10
    1      1  1.3727e-09  1.3727e-09
    2      4  1.8377e-01  7.3508e-01


