1  2.0209e-09
2  3.3866e-09
3  2.2947e-10
4  2.1779e-01
5  0.0000e+00
6  9.2345e-12
7  3.1956e-10
8  1.5881e-10
9  3.6097e-11
10  9.5508e-11
11  3.4081e-10
12  1.9511e-09
13  5.5577e-08
14  4.7710e-07
15  2.8308e-06
16  1.2234e-07
17  2.4183e-09
18  1.8424e-08
19  5.0446e-07
20  7.0892e-07
21  4.2227e-07
22  4.7668e-09
23  6.4261e-07
24  2.0660e-07
25  2.2914e-07
26  2.1439e-08
27  3.2683e-07
28  9.2626e-07
29  1.5495e-07
30  7.8766e-08
31  9.2824e-08
32  1.6257e-07
33  1.4311e-06
34  1.1008e-06
35  2.1806e-08
36  2.9588e-08
37  7.2034e-08
38  1.4599e-07
39  1.1931e-07
40  1.9745e-07
41  1.0414e-07
42  7.2990e-07
43  2.9616e-07
44  8.4224e-08
45  1.4158e-07
46  9.9979e-08
47  1.1997e-07
48  2.6841e-07
49  2.3129e-07
50  2.1755e-07
51  3.6161e-08
52  1.8314e-07
53  1.4465e-07
54  8.1305e-08
55  9.2285e-08
56  2.3442e-07
57  2.9646e-07
58  1.4270e-08
59  1.5460e-08
60  3.6317e-08
61  6.7032e-08
62  1.0959e-07
63  5.5208e-07
64  3.8751e-07
65  2.6865e-07
66  7.0818e-07
67  2.4626e-07
68  3.6139e-07
69  3.5045e-07
70  8.0016e-07
71  1.2489e-07
72  3.3839e-07
73  1.8769e-07
74  4.2814e-07
75  1.1875e-07
76  1.8597e-07
77  5.1699e-07
78  1.0815e-06
79  1.5009e-06
80  5.8051e-06
81  3.0478e-06
82  1.3544e-06
83  1.5763e-06
84  5.8987e-07
85  4.4673e-07
86  1.0831e-06
87  9.9981e-07
88  6.8238e-07
89  2.4165e-07
90  4.2144e-07
91  1.7954e-07
92  1.4888e-06
93  6.9215e-07
94  1.6364e-06
95  7.2992e-07
96  5.9007e-07
97  3.0154e-07
98  2.9371e-07
99  3.7063e-07
100  4.1166e-07
101  4.7093e-07
102  2.4722e-07
103  2.7790e-07
104  3.3855e-07
105  3.0175e-07
106  4.5304e-07
107  3.0847e-07
108  4.5527e-07
109  7.5723e-07
110  1.0711e-06
111  1.7392e-07
112  4.5218e-07
113  2.4239e-07
114  2.1299e-07
115  1.3410e-07
116  4.3543e-08
117  6.1806e-08
118  9.2669e-08
119  9.9679e-08
120  3.8984e-07
121  3.4200e-07
122  6.9062e-07
123  8.2279e-07
124  3.3005e-06
125  4.3277e-06
126  8.5737e-06
127  1.0450e-05
128  1.2506e-05
129  8.0434e-06
130  3.5546e-06
131  2.1356e-06
132  1.8332e-06
133  2.0514e-06
134  3.0896e-06
135  2.9689e-06
136  3.9812e-06
137  1.9472e-06
138  1.1513e-06
139  1.5635e-06
140  3.7893e-06
141  2.1215e-06
142  4.7286e-07
143  2.3008e-07
144  4.1401e-07
145  4.4858e-07
146  7.4033e-07
147  8.8697e-07
148  2.0183e-06
149  1.2994e-06
150  1.2614e-06
151  1.2730e-06
152  1.6163e-06
153  1.1225e-06
154  1.6813e-06
155  8.8146e-07
156  2.5219e-06
157  1.7271e-06
158  3.4017e-06
159  1.6352e-06
160  2.2676e-06
161  1.2838e-06
162  2.8535e-06
163  1.7062e-06
164  4.2830e-06
165  2.4043e-06
166  4.6993e-06
167  2.0375e-06
168  5.0406e-06
169  3.8269e-06
170  3.4334e-06
171  2.8541e-06
172  3.0407e-06
173  3.6760e-06
174  4.0788e-06
175  2.8312e-06
176  2.6101e-06
177  2.6599e-06
178  1.7436e-06
179  1.2756e-06
180  1.4772e-06
181  1.5417e-06
182  3.3202e-06
183  2.4178e-06
184  9.7728e-06
185  5.4570e-06
186  2.7783e-05
187  2.0715e-05
188  3.4806e-05
189  3.3920e-05
190  4.9972e-05
191  3.6884e-05
192  6.5901e-05
193  5.7817e-05
194  7.8116e-05
195  4.6044e-05
196  2.1226e-05
197  6.8191e-06
198  1.9664e-06
199  6.1516e-07
200  3.3147e-07
201  2.3593e-07
202  2.5807e-07
203  2.9394e-07
204  3.9428e-07
205  2.7434e-07
206  4.1544e-06
207  3.0989e-06
208  3.6450e-06
209  3.5929e-06
210  1.1633e-13
211  3.1529e-19
212  4.9488e-19
213  3.9681e-44
214  6.0925e-20
215  7.2892e-16
216  5.7339e-25
217  6.3504e-97
218  1.0471e-21
219  1.2200e-22
220  2.1987e-22
221  -2.0405e-321
222  1.8587e-18
223  3.0437e-17
224  1.2417e-18
225  2.3915e-40
226  2.8441e-13
227  2.1214e-14
228  3.9932e-12
229  8.9202e-30
230  1.3404e-11
231  3.1732e-11
232  1.7479e-06
233  3.1879e-27
234  4.3648e-11
235  6.8390e-07
236  4.2022e-09
237  1.5605e-319
238  7.9405e-07
239  2.7872e-18
240  8.3187e-13
241  0.0000e+00
242  6.8553e-123
243  8.5206e-19
244  1.0126e-08
245  0.0000e+00
246  1.6203e-10
247  1.7984e-15
248  6.7366e-122
249  0.0000e+00
250  0.0000e+00
251  -1.5999e-314
252  0.0000e+00
253  0.0000e+00
254  0.0000e+00
255  0.0000e+00
256  0.0000e+00
257  4.7879e-26
258  1.6669e-07
259  7.2570e-26
260  9.9174e-08
261  9.1774e-08
262  1.0240e-07
263  7.7399e-08
264  7.3757e-08
265  6.1515e-08
266  6.5762e-08
267  4.6538e-08
268  3.2123e-08
269  5.9027e-08
270  2.8114e-08
271  1.6824e-08
272  1.2162e-08
273  7.2842e-09
274  5.2783e-09
275  1.7527e-09
276  1.2836e-09
277  1.9800e-10
278  1.3616e-10
279  2.0086e-11
280  3.2323e-12
281  4.1873e-13
282  7.7700e-14
283  2.1123e-15
284  1.2068e-15
285  1.0633e-15
286  2.7150e-15
287  5.2182e-15
288  2.6166e-15
289  1.2826e-15
290  3.4705e-15
291  2.0352e-16
292  1.3455e-14
293  3.3882e-15
294  1.1543e-14
295  6.4918e-15
296  3.7461e-15
297  1.0803e-15
298  2.1568e-15
299  2.8459e-22
300  9.9179e-17
301  8.8824e-15
302  1.5855e-15
303  2.1907e-15
304  3.3397e-15
305  6.3552e-15
306  4.6761e-15
307  1.1955e-15
308  5.5640e-16
309  1.5965e-15
310  8.3956e-16
311  4.8436e-16
312  2.5003e-16
313  2.2817e-16
314  2.1809e-16
315  2.2642e-16
316  1.5411e-16
317  2.6168e-16
318  9.3474e-17
319  2.1798e-16
320  9.5959e-17
321  3.1051e-17
322  4.7519e-17
323  2.4240e-17
324  2.0802e-17
325  9.0548e-18
326  9.8433e-18
327  4.8255e-18
328  2.3842e-20
329  1.3216e-18
330  1.2816e-20
331  1.0597e-19
332  2.2825e-20
333  8.4924e-20
334  3.8992e-24
335  3.4306e-21
336  2.8456e-24
337  4.1309e-20

