1  1.5299e-09
2  9.9735e-10
3  2.2306e-11
4  2.0778e-01
5  0.0000e+00
6  2.7686e-12
7  3.5140e-11
8  3.3536e-12
9  6.3910e-14
10  7.3923e-12
11  3.5131e-11
12  2.6705e-09
13  5.5468e-10
14  7.1274e-07
15  1.3548e-07
16  1.1131e-08
17  4.3241e-10
18  5.4816e-08
19  9.5944e-08
20  1.4207e-07
21  1.9695e-07
22  6.1322e-09
23  6.7217e-08
24  5.5485e-08
25  5.5603e-08
26  2.5382e-07
27  3.1556e-07
28  9.5948e-07
29  1.2382e-07
30  5.4045e-08
31  9.5425e-08
32  1.2158e-07
33  1.2439e-06
34  9.5825e-07
35  1.1727e-08
36  1.8559e-08
37  9.2662e-08
38  2.0526e-07
39  3.3246e-07
40  6.6889e-07
41  8.5228e-08
42  1.0049e-06
43  5.2691e-07
44  1.1463e-07
45  2.4054e-07
46  1.5820e-07
47  1.9703e-07
48  2.5956e-07
49  4.9826e-07
50  5.8273e-07
51  1.0619e-07
52  2.0347e-07
53  9.0434e-08
54  5.0027e-08
55  8.7296e-08
56  3.2391e-07
57  6.1622e-07
58  1.3569e-08
59  2.2091e-08
60  5.6816e-08
61  9.6823e-08
62  6.9342e-08
63  4.7658e-07
64  1.2682e-07
65  1.3817e-07
66  4.6925e-07
67  3.1446e-07
68  1.8326e-07
69  2.0411e-07
70  1.0208e-06
71  2.1452e-07
72  6.0087e-07
73  4.5945e-07
74  1.0248e-06
75  3.8581e-07
76  9.9314e-08
77  4.0405e-07
78  1.7453e-06
79  2.8606e-06
80  1.2190e-05
81  6.3186e-06
82  4.5321e-06
83  4.0374e-06
84  1.5275e-06
85  1.1068e-06
86  2.6405e-06
87  3.0644e-06
88  2.8047e-06
89  8.5602e-07
90  1.3743e-06
91  4.8979e-07
92  2.1820e-06
93  1.3109e-06
94  3.9931e-06
95  2.9840e-06
96  1.8858e-06
97  2.2139e-06
98  6.8227e-07
99  9.7752e-07
100  1.2721e-06
101  1.5537e-06
102  9.1444e-07
103  9.9667e-07
104  6.4588e-07
105  6.3900e-07
106  9.8012e-07
107  8.2767e-07
108  9.6972e-07
109  2.2119e-06
110  4.0554e-06
111  6.7634e-07
112  2.3789e-06
113  1.0787e-06
114  1.0678e-06
115  1.0113e-06
116  1.0911e-07
117  1.7879e-07
118  1.1347e-07
119  7.4750e-08
120  3.4676e-07
121  2.2007e-07
122  4.7548e-07
123  4.1146e-07
124  3.2578e-06
125  7.1138e-06
126  3.9079e-05
127  5.2300e-05
128  1.0299e-04
129  1.6211e-04
130  1.2286e-04
131  3.9238e-05
132  8.5903e-05
133  8.5635e-05
134  5.0740e-05
135  3.5042e-05
136  5.6300e-05
137  3.2863e-05
138  1.8912e-05
139  2.5743e-05
140  6.5000e-05
141  4.0607e-05
142  1.2241e-05
143  3.6276e-06
144  2.3290e-06
145  1.6414e-06
146  2.9071e-06
147  2.9031e-06
148  3.2723e-06
149  2.1542e-06
150  3.0659e-06
151  2.3098e-06
152  4.0407e-06
153  2.4544e-06
154  4.5694e-06
155  2.9377e-06
156  3.2585e-06
157  3.1959e-06
158  6.4151e-06
159  1.2239e-06
160  4.2090e-06
161  2.7728e-06
162  2.6379e-06
163  1.8280e-06
164  4.9543e-06
165  2.9849e-06
166  6.7462e-06
167  3.5673e-06
168  4.0341e-06
169  7.5945e-06
170  3.5351e-06
171  3.1247e-06
172  3.1029e-06
173  3.0819e-06
174  5.1816e-06
175  2.9865e-06
176  3.6733e-06
177  4.4512e-06
178  2.6968e-06
179  1.6368e-06
180  1.1492e-06
181  7.5434e-07
182  3.6216e-07
183  1.6012e-07
184  2.8373e-07
185  1.1807e-07
186  4.4392e-07
187  3.4473e-07
188  8.7969e-07
189  5.6015e-07
190  1.3535e-06
191  1.0295e-06
192  1.0869e-06
193  6.8633e-07
194  9.9697e-07
195  6.9934e-07
196  6.4311e-07
197  3.8115e-07
198  1.9423e-07
199  4.0616e-08
200  9.4553e-09
201  2.7073e-10
202  3.7095e-11
203  1.7639e-11
204  2.0889e-11
205  1.3318e-11
206  5.2538e-11
207  3.8577e-11
208  5.5001e-11
209  3.5025e-11
210  3.0834e-23
211  1.5760e-24
212  5.3820e-24
213  1.2574e-45
214  2.0206e-15
215  2.6758e-31
216  5.9076e-30
217  0.0000e+00
218  1.3243e-19
219  5.9499e-28
220  2.2653e-27
221  2.6600e-320
222  1.0618e-24
223  2.4098e-23
224  2.0847e-24
225  2.7263e-40
226  1.6247e-19
227  1.6797e-20
228  6.7040e-18
229  1.0170e-29
230  7.6573e-18
231  2.5124e-17
232  2.9344e-12
233  3.7868e-27
234  2.4934e-17
235  5.4148e-13
236  6.6925e-16
237  -1.7489e-319
238  4.5361e-13
239  3.3038e-30
240  6.5231e-19
241  0.0000e+00
242  1.5811e-143
243  1.1968e-22
244  1.2554e-15
245  0.0000e+00
246  1.7030e-17
247  7.9906e-23
248  5.6238e-143
249  0.0000e+00
250  0.0000e+00
251  4.1829e-314
252  0.0000e+00
253  0.0000e+00
254  0.0000e+00
255  0.0000e+00
256  0.0000e+00
257  9.6225e-26
258  6.2295e-15
259  8.0285e-26
260  2.7370e-15
261  1.8733e-15
262  1.6992e-15
263  1.0848e-15
264  8.0311e-16
265  5.2807e-16
266  4.5103e-16
267  2.3892e-16
268  1.3794e-16
269  2.2499e-16
270  9.8803e-17
271  5.7648e-17
272  3.3963e-17
273  1.5293e-17
274  9.9595e-18
275  3.8315e-18
276  3.5019e-18
277  7.4266e-19
278  7.7422e-19
279  1.9506e-19
280  4.8674e-20
281  1.0111e-20
282  3.1637e-21
283  1.2420e-22
284  1.3989e-23
285  0.0000e+00
286  0.0000e+00
287  0.0000e+00
288  0.0000e+00
289  0.0000e+00
290  0.0000e+00
291  0.0000e+00
292  0.0000e+00
293  0.0000e+00
294  0.0000e+00
295  0.0000e+00
296  0.0000e+00
297  0.0000e+00
298  0.0000e+00
299  0.0000e+00
300  0.0000e+00
301  0.0000e+00
302  0.0000e+00
303  0.0000e+00
304  0.0000e+00
305  0.0000e+00
306  0.0000e+00
307  0.0000e+00
308  0.0000e+00
309  0.0000e+00
310  0.0000e+00
311  0.0000e+00
312  0.0000e+00
313  0.0000e+00
314  0.0000e+00
315  0.0000e+00
316  0.0000e+00
317  0.0000e+00
318  0.0000e+00
319  0.0000e+00
320  0.0000e+00
321  0.0000e+00
322  0.0000e+00
323  0.0000e+00
324  0.0000e+00
325  0.0000e+00
326  0.0000e+00
327  0.0000e+00
328  0.0000e+00
329  0.0000e+00
330  0.0000e+00
331  0.0000e+00
332  0.0000e+00
333  0.0000e+00
334  0.0000e+00
335  0.0000e+00
336  0.0000e+00
337  0.0000e+00

