1  2.0371e-09
2  8.6129e-10
3  1.6661e-11
4  2.0525e-01
5  0.0000e+00
6  2.3772e-12
7  2.7712e-11
8  8.7860e-13
9  5.5029e-16
10  6.0910e-12
11  2.8555e-11
12  3.5296e-09
13  4.4866e-11
14  3.0291e-07
15  2.9429e-08
16  2.5840e-09
17  1.5056e-10
18  5.3762e-08
19  3.3067e-08
20  5.3205e-08
21  6.4226e-08
22  7.3774e-09
23  1.8434e-08
24  3.7228e-08
25  6.1761e-08
26  9.8229e-07
27  9.5568e-08
28  2.7647e-07
29  5.2003e-08
30  2.7211e-08
31  3.3237e-08
32  6.6678e-08
33  9.3963e-07
34  7.3102e-07
35  1.1736e-08
36  2.0640e-08
37  1.2858e-07
38  2.4038e-07
39  2.7445e-07
40  5.4846e-07
41  6.5184e-08
42  8.6147e-07
43  4.5049e-07
44  2.5768e-07
45  8.1040e-07
46  6.6568e-07
47  5.1475e-07
48  3.2267e-07
49  4.7349e-07
50  5.4987e-07
51  1.4770e-07
52  1.8588e-07
53  1.0534e-07
54  4.1285e-08
55  3.7317e-08
56  2.8482e-07
57  5.1069e-07
58  8.9434e-09
59  1.6425e-08
60  5.5801e-08
61  8.0640e-08
62  5.1587e-08
63  5.0714e-07
64  8.3931e-08
65  1.0856e-07
66  3.1385e-07
67  3.9710e-07
68  1.4850e-07
69  1.7949e-07
70  1.1183e-06
71  2.7173e-07
72  7.7252e-07
73  7.8319e-07
74  1.9267e-06
75  8.8337e-07
76  1.6824e-07
77  8.6614e-07
78  4.7647e-06
79  6.9866e-06
80  1.9322e-05
81  5.5895e-06
82  6.9408e-06
83  4.6281e-06
84  1.6493e-06
85  1.5722e-06
86  3.6340e-06
87  4.4360e-06
88  3.9800e-06
89  1.4009e-06
90  1.7920e-06
91  8.8204e-07
92  2.7354e-06
93  1.3361e-06
94  3.7080e-06
95  2.8444e-06
96  1.5737e-06
97  2.4290e-06
98  7.1119e-07
99  1.0839e-06
100  1.5201e-06
101  1.6074e-06
102  1.3315e-06
103  1.7505e-06
104  9.2375e-07
105  8.1527e-07
106  1.6549e-06
107  1.3475e-06
108  1.5309e-06
109  3.0469e-06
110  5.4214e-06
111  8.6164e-07
112  3.5431e-06
113  1.9169e-06
114  1.7328e-06
115  1.9142e-06
116  1.3672e-07
117  2.7538e-07
118  1.4611e-07
119  9.0169e-08
120  5.0054e-07
121  3.0575e-07
122  6.4709e-07
123  5.4333e-07
124  3.8960e-06
125  8.9079e-06
126  5.7251e-05
127  9.7405e-05
128  1.9605e-04
129  3.5528e-04
130  1.7907e-04
131  3.8869e-05
132  7.6763e-05
133  8.3060e-05
134  3.8731e-05
135  1.9201e-05
136  2.8845e-05
137  1.4085e-05
138  8.6430e-06
139  7.8408e-06
140  1.8887e-05
141  1.2498e-05
142  4.2698e-06
143  1.4763e-06
144  1.0114e-06
145  5.4651e-07
146  1.1360e-06
147  1.3623e-06
148  7.2112e-07
149  3.5355e-07
150  6.7154e-07
151  3.8510e-07
152  1.0680e-06
153  5.9851e-07
154  1.1217e-06
155  1.4893e-06
156  4.7080e-07
157  8.2606e-07
158  1.3790e-06
159  6.5239e-08
160  5.3331e-07
161  6.5774e-07
162  3.6876e-07
163  2.9951e-07
164  6.0116e-07
165  3.7957e-07
166  1.1626e-06
167  8.7498e-07
168  6.0063e-07
169  1.8463e-06
170  5.4807e-07
171  5.3528e-07
172  4.1439e-07
173  2.9987e-07
174  7.8394e-07
175  3.5478e-07
176  6.3856e-07
177  1.0420e-06
178  4.6029e-07
179  2.5316e-07
180  2.6589e-07
181  2.3223e-07
182  1.2484e-07
183  5.4764e-08
184  1.9441e-08
185  4.6201e-09
186  9.1189e-09
187  6.6494e-09
188  2.1282e-08
189  1.0569e-08
190  2.8416e-08
191  3.3234e-08
192  3.4277e-08
193  2.1384e-08
194  3.5576e-08
195  1.8514e-08
196  1.6638e-08
197  1.2324e-08
198  1.0252e-08
199  3.8190e-09
200  2.6290e-09
201  1.7430e-10
202  2.5524e-11
203  1.4076e-12
204  9.5976e-14
205  1.8658e-14
206  4.0746e-14
207  2.7837e-14
208  3.9661e-14
209  2.4796e-14
210  4.2492e-19
211  1.1501e-17
212  3.1569e-18
213  1.6395e-45
214  1.0107e-18
215  9.3473e-35
216  2.0888e-33
217  0.0000e+00
218  6.6243e-23
219  5.9357e-24
220  9.7481e-44
221  0.0000e+00
222  7.0618e-28
223  7.1680e-18
224  5.7596e-19
225  3.5547e-40
226  1.0806e-22
227  7.2888e-24
228  2.6541e-21
229  1.3135e-29
230  5.0938e-21
231  1.0850e-20
232  1.1617e-15
233  4.0575e-27
234  1.6765e-20
235  2.3384e-16
236  1.5887e-19
237  -1.7512e-318
238  1.0223e-16
239  5.5560e-36
240  1.2030e-22
241  0.0000e+00
242  4.3908e-151
243  3.1920e-36
244  2.6206e-19
245  0.0000e+00
246  3.1938e-21
247  0.0000e+00
248  1.2693e-150
249  0.0000e+00
250  0.0000e+00
251  0.0000e+00
252  0.0000e+00
253  0.0000e+00
254  0.0000e+00
255  0.0000e+00
256  0.0000e+00
257  8.8481e-26
258  8.9451e-19
259  8.5711e-26
260  3.0476e-19
261  1.6499e-19
262  1.2889e-19
263  7.3388e-20
264  4.7053e-20
265  2.6788e-20
266  2.0329e-20
267  9.1420e-21
268  4.7115e-21
269  6.5940e-21
270  1.5437e-21
271  7.9840e-22
272  4.3927e-22
273  1.8792e-22
274  1.1267e-22
275  3.7081e-23
276  2.7149e-23
277  4.7019e-24
278  4.5979e-24
279  1.1013e-24
280  0.0000e+00
281  0.0000e+00
282  0.0000e+00
283  0.0000e+00
284  0.0000e+00
285  0.0000e+00
286  0.0000e+00
287  0.0000e+00
288  0.0000e+00
289  0.0000e+00
290  0.0000e+00
291  0.0000e+00
292  0.0000e+00
293  0.0000e+00
294  0.0000e+00
295  0.0000e+00
296  0.0000e+00
297  0.0000e+00
298  0.0000e+00
299  0.0000e+00
300  0.0000e+00
301  0.0000e+00
302  0.0000e+00
303  0.0000e+00
304  0.0000e+00
305  0.0000e+00
306  0.0000e+00
307  0.0000e+00
308  0.0000e+00
309  0.0000e+00
310  0.0000e+00
311  0.0000e+00
312  0.0000e+00
313  0.0000e+00
314  0.0000e+00
315  0.0000e+00
316  0.0000e+00
317  0.0000e+00
318  0.0000e+00
319  0.0000e+00
320  0.0000e+00
321  0.0000e+00
322  0.0000e+00
323  0.0000e+00
324  0.0000e+00
325  0.0000e+00
326  0.0000e+00
327  0.0000e+00
328  0.0000e+00
329  0.0000e+00
330  0.0000e+00
331  0.0000e+00
332  0.0000e+00
333  0.0000e+00
334  0.0000e+00
335  0.0000e+00
336  0.0000e+00
337  0.0000e+00

