1  8.6890e-08
2  2.2290e-01
3  1.2361e-09
4  4.7284e-09
5  5.2221e-08
6  1.2772e-07
7  6.2779e-06
8  2.1805e-07
9  6.0434e-07
10  1.3568e-06
11  6.9099e-07
12  6.7738e-07
13  1.2385e-07
14  4.0518e-07
15  3.6157e-08
16  1.1291e-06
17  3.0590e-08
18  5.1310e-08
19  8.3182e-08
20  3.2029e-07
21  5.0270e-08
22  1.0718e-07
23  1.3220e-08
24  5.9755e-08
25  3.1433e-09
26  8.8786e-08
27  1.0760e-09
28  3.4262e-08
29  1.6293e-07
30  5.4318e-07
31  6.5382e-08
32  3.8253e-07
33  7.5217e-08
34  3.0501e-06
35  1.2098e-06
36  1.3829e-06
37  5.5390e-07
38  1.8944e-07
39  1.1538e-07
40  1.1395e-06
41  2.1770e-07
42  1.1024e-06
43  6.8739e-33
44  3.2226e-07
45  1.0717e-07
46  6.3552e-07
47  3.2393e-07
48  6.2615e-07
49  1.8054e-07
50  7.4879e-07
51  1.5915e-07
52  6.2869e-06
53  1.9851e-06
54  5.5859e-06
55  2.6029e-07
56  9.4056e-07
57  1.0060e-07
58  2.0526e-07
59  9.4491e-08
60  2.2916e-07
61  7.4422e-86
62  2.4394e-07
63  6.4503e-08
64  4.9433e-07
65  2.1930e-09
66  1.9249e-07
67  4.6591e-08
68  5.1282e-07
69  5.8272e-07
70  1.0553e-06
71  1.1358e-07
72  2.0289e-06
73  4.3003e-07
74  7.3582e-07
75  5.7062e-08
76  1.8253e-06
77  1.7886e-06
78  5.1096e-05
79  1.7555e-05
80  3.0490e-05
81  1.2113e-07
82  1.2858e-05
83  9.3184e-06
84  3.8687e-16
85  1.6445e-26
86  1.0681e-17
87  5.1129e-21
88  1.8626e-11
89  1.9281e-13
90  7.4379e-06
91  2.8906e-10
92  1.0819e-05
93  9.3880e-20
94  6.3840e-08
95  1.0350e-17
96  2.1859e-14
97  7.9818e-10
98  1.8340e-314
99  2.0751e-322
100  1.0317e-05
101  -7.6147e-313
102  1.3323e-05
103  3.9186e-06
104  8.7455e-05
105  3.3512e-05
106  1.0678e-04
107  1.0068e-05
108  7.3929e-06
109  1.5851e-319
110  2.5247e-09
111  6.8470e-07
112  0.0000e+00
113  0.0000e+00
114  0.0000e+00
115  0.0000e+00
116  0.0000e+00
117  0.0000e+00
118  0.0000e+00

