1  3.8028e-02
2  2.2830e-01
3  3.5183e-11
4  3.0560e-07
5  2.4254e-09
6  5.5214e-09
7  1.2324e-06
8  1.7586e-06
9  4.0490e-08
10  2.1124e-06
11  5.0169e-07
12  4.7037e-06
13  1.1523e-08
14  4.4363e-07
15  1.2371e-08
16  1.0265e-06
17  4.9801e-08
18  2.2642e-07
19  6.7141e-09
20  3.9567e-09
21  3.6602e-10
22  2.3164e-08
23  1.2432e-10
24  4.8626e-10
25  4.1574e-11
26  7.2808e-10
27  5.7785e-12
28  3.4315e-09
29  1.2821e-10
30  2.6741e-10
31  2.0848e-11
32  5.9380e-10
33  5.6243e-11
34  1.9992e-09
35  1.6635e-10
36  7.2447e-10
37  3.1952e-10
38  1.9110e-10
39  1.9787e-10
40  4.7370e-10
41  1.3377e-10
42  7.8150e-10
43  7.3173e-36
44  1.5387e-10
45  1.8636e-11
46  2.0080e-10
47  3.0501e-11
48  2.0734e-10
49  4.8319e-11
50  6.4323e-10
51  4.0720e-11
52  1.2235e-09
53  2.1452e-11
54  2.4193e-08
55  4.6577e-09
56  6.7599e-09
57  2.6738e-10
58  7.1310e-10
59  5.1191e-11
60  2.8922e-10
61  1.4648e-89
62  6.3175e-11
63  1.0467e-11
64  1.8141e-11
65  5.4332e-13
66  3.2941e-12
67  1.0752e-12
68  6.1695e-12
69  3.5888e-12
70  7.0550e-12
71  8.2255e-13
72  3.9404e-12
73  8.6882e-12
74  6.5662e-12
75  6.6686e-13
76  1.3076e-11
77  2.8134e-12
78  1.7505e-11
79  3.7604e-12
80  1.5356e-11
81  1.1237e-11
82  1.8508e-10
83  1.1977e-10
84  3.8140e-22
85  3.2702e-25
86  2.3349e-14
87  7.2809e-27
88  2.0707e-17
89  2.7455e-19
90  8.7240e-12
91  4.1162e-16
92  1.1087e-11
93  1.7319e-25
94  1.1635e-13
95  2.4145e-21
96  5.0962e-18
97  4.8733e-16
98  3.7394e-279
99  1.7292e-322
100  1.1291e-09
101  1.9506e-179
102  9.4184e-10
103  2.5944e-10
104  7.9197e-12
105  7.1835e-12
106  1.4588e-10
107  5.1138e-12
108  3.3480e-08
109  -1.0509e-319
110  8.8662e-08
111  1.3820e-04
112  0.0000e+00
113  0.0000e+00
114  0.0000e+00
115  0.0000e+00
116  0.0000e+00
117  0.0000e+00
118  0.0000e+00

