    1      2  9.9439e-15  1.9888e-14
    2      3  1.4797e-18  4.4391e-18
    3      6  2.1689e-16  1.3013e-15
    3      7  1.9107e-18  1.3375e-17
    4      8  3.1355e-14  2.5084e-13
    4      9  1.3590e-18  1.2231e-17
    5     10  5.8821e-17  5.8821e-16
    5     11  2.7082e-19  2.9790e-18
    6     12  2.0521e-08  2.4625e-07
    6     13  7.5668e-14  9.8368e-13
    7     14  2.0992e-11  2.9389e-10
    7     15  1.2964e-09  1.9446e-08
    8     16  6.8039e-10  1.0886e-08
    8     17  4.4304e-13  7.5316e-12
    8     18  7.6427e-10  1.3757e-08
    9     19  1.0415e-09  1.9789e-08
   10     20  1.4659e-10  2.9318e-09
   10     21  1.0315e-09  2.1662e-08
   10     22  7.1243e-10  1.5673e-08
   11     23  2.4714e-09  5.6843e-08
   12     24  1.7645e-09  4.2347e-08
   12     25  3.8409e-09  9.6023e-08
   12     26  1.8399e-08  4.7837e-07
   13     26  5.0165e-14  1.3043e-12
   13     27  1.6332e-09  4.4095e-08
   14     28  5.9052e-09  1.6535e-07
   14     29  2.3042e-08  6.6822e-07
   14     30  3.0334e-08  9.1002e-07
   15     31  4.0581e-09  1.2580e-07
   16     32  4.3584e-08  1.3947e-06
   16     33  2.5788e-07  8.5100e-06
   16     34  1.9751e-07  6.7153e-06
   16     36  6.0914e-08  2.1929e-06
   17     35  3.2875e-08  1.1506e-06
   17     37  3.1290e-07  1.1577e-05
   18     36  6.0680e-17  2.1845e-15
   18     38  5.5947e-07  2.1260e-05
   18     40  3.6861e-07  1.4744e-05
   19     39  2.5708e-07  1.0026e-05
   19     41  1.0793e-07  4.4251e-06
   20     42  6.2535e-07  2.6265e-05
   20     43  8.8684e-08  3.8134e-06
   20     44  2.1677e-07  9.5380e-06
   20     46  1.5617e-06  7.1836e-05
   21     45  7.8484e-07  3.5318e-05
   22     46  4.0519e-20  1.8639e-18
   22     47  9.8907e-07  4.6486e-05
   22     48  4.1690e-07  2.0011e-05
   22     49  1.6614e-06  8.1411e-05
   22     50  2.5488e-06  1.2744e-04
   23     51  9.6736e-07  4.9335e-05
   24     52  3.9115e-08  2.0340e-06
   24     53  1.2910e-06  6.8424e-05
   24     54  5.3368e-06  2.8819e-04
   25     55  3.0588e-07  1.6824e-05
   26     56  1.9143e-06  1.0720e-04
   26     57  2.5906e-07  1.4766e-05
   26     58  1.6606e-09  9.6313e-08
   27     59  1.3975e-09  8.2453e-08
   28     60  1.2464e-08  7.4781e-07
   28     61  3.3387e-08  2.0366e-06
   28     62  4.8160e-07  2.9859e-05
   28     64  6.2829e-08  4.0210e-06
   29     63  1.4023e-06  8.8344e-05
   29     65  6.6332e-08  4.3116e-06
   30     64  5.4020e-20  3.4572e-18
   30     66  5.3285e-07  3.5168e-05
   30     67  3.2261e-07  2.1615e-05
   30     68  5.6847e-07  3.8656e-05
   30     70  2.1302e-06  1.4911e-04
   31     69  1.1938e-06  8.2370e-05
   31     71  2.7761e-07  1.9711e-05
   32     70  4.4987e-15  3.1491e-13
   32     72  8.4508e-07  6.0846e-05
   32     73  8.9942e-06  6.5658e-04
   32     74  7.9840e-06  5.9081e-04
   32     76  3.0537e-06  2.3208e-04
   33     75  1.4674e-06  1.1006e-04
   34     76  4.6808e-14  3.5574e-12
   34     77  1.3197e-05  1.0162e-03
   34     78  1.9059e-05  1.4866e-03
   34     80  1.8738e-05  1.4991e-03
   34     82  2.1452e-05  1.7591e-03
   35     79  5.1712e-06  4.0852e-04
   35     81  1.5668e-05  1.2691e-03
   36     82  4.3637e-13  3.5782e-11
   36     83  3.7932e-06  3.1484e-04
   36     84  8.0815e-06  6.7884e-04
   36     86  1.3374e-05  1.1502e-03
   37     85  7.6372e-06  6.4916e-04
   37     87  3.4361e-06  2.9894e-04
   38     86  5.7338e-20  4.9311e-18
   38     87  2.5160e-08  2.1889e-06
   38     88  6.6391e-06  5.8424e-04
   39     89  1.6482e-06  1.4669e-04
   40     90  8.9771e-07  8.0794e-05
   40     91  1.1335e-06  1.0315e-04
   40     92  1.7639e-05  1.6228e-03
   40     94  9.2073e-06  8.6548e-04
   41     93  6.4293e-06  5.9793e-04
   42     95  7.3204e-06  6.9544e-04
   42     96  6.9770e-06  6.6979e-04
   42     97  3.4541e-06  3.3505e-04
   42     98  2.4681e-06  2.4187e-04
   42    100  1.7739e-05  1.7739e-03
   44     99  6.4837e-06  6.4188e-04
   44    100  4.2340e-13  4.2340e-11
   44    101  3.0680e-05  3.0987e-03
   44    102  6.4868e-06  6.6166e-04
   44    104  9.1159e-06  9.4806e-04
   45    103  2.8704e-06  2.9565e-04
   46    104  1.1050e-18  1.1492e-16
   46    105  3.8270e-06  4.0183e-04
   46    106  1.4388e-05  1.5251e-03
   46    108  1.5769e-05  1.7030e-03
   46    110  2.1056e-05  2.3161e-03
   47    107  2.6286e-05  2.8126e-03
   47    109  1.5856e-05  1.7283e-03
   48    110  1.3639e-13  1.5003e-11
   48    111  3.5131e-06  3.8996e-04
   48    112  9.0445e-06  1.0130e-03
   48    113  7.1736e-06  8.1061e-04
   48    114  1.7906e-05  2.0413e-03
   48    116  4.2375e-06  4.9155e-04
   49    113  3.1571e-13  3.5676e-11
   49    115  9.9606e-06  1.1455e-03
   50    115  7.9471e-12  9.1392e-10
   50    116  5.2793e-13  6.1240e-11
   50    117  6.8590e-06  8.0250e-04
   50    118  7.1535e-06  8.4412e-04
   50    119  5.3479e-06  6.3641e-04
   50    120  2.4676e-05  2.9611e-03
   50    122  8.0558e-05  9.8280e-03
   50    124  5.5781e-05  6.9169e-03
   51    121  2.4793e-05  3.0000e-03
   51    123  4.0943e-05  5.0360e-03
   52    122  2.4019e-13  2.9304e-11
   52    124  6.5043e-15  8.0653e-13
   52    125  1.1759e-04  1.4699e-02
   52    126  3.6148e-04  4.5547e-02
   52    128  2.1491e-04  2.7508e-02
   52    130  2.1542e-06  2.8004e-04
   53    127  2.5762e-04  3.2717e-02
   53    129  1.8528e-13  2.3901e-11
   54    128  1.4491e-15  1.8548e-13
   54    129  6.9000e-05  8.9009e-03
   54    130  2.7412e-14  3.5636e-12
   54    131  1.4620e-08  1.9152e-06
   54    132  4.0694e-08  5.3716e-06
   54    134  5.6538e-09  7.5761e-07
   54    136  5.6348e-09  7.6633e-07
   55    133  6.2852e-08  8.3594e-06
   56    135  2.7674e-09  3.7360e-07
   56    136  8.1889e-19  1.1137e-16
   56    137  9.4726e-09  1.2977e-06
   56    138  2.9008e-09  4.0031e-07
   57    139  8.6987e-11  1.2091e-08
   58    140  4.0467e-11  5.6654e-09
   58    142  7.4367e-12  1.0560e-09
   59    141  9.4353e-12  1.3304e-09
   60    143  1.5056e-11  2.1530e-09
   60    144  5.0710e-11  7.3023e-09
   60    145  2.8576e-11  4.1435e-09
   60    146  1.7355e-11  2.5339e-09
   60    148  9.7644e-12  1.4451e-09
   60    150  8.2215e-12  1.2332e-09
   62    147  1.1588e-11  1.7034e-09
   62    148  5.0220e-19  7.4326e-17
   62    149  7.1496e-12  1.0653e-09
   62    150  4.6936e-18  7.0404e-16
   62    152  8.2506e-12  1.2541e-09
   62    154  5.4305e-12  8.3630e-10
   63    151  4.1699e-12  6.2966e-10
   63    153  4.2680e-12  6.5300e-10
   64    154  2.0032e-20  3.0849e-18
   64    155  4.6031e-12  7.1347e-10
   64    156  1.3621e-12  2.1248e-10
   64    157  1.6653e-12  2.6146e-10
   64    158  2.0226e-12  3.1957e-10
   64    160  6.5934e-13  1.0549e-10
   65    159  2.8638e-13  4.5534e-11
   66    161  5.2686e-13  8.4824e-11
   66    162  2.7593e-13  4.4701e-11
   66    163  1.5887e-13  2.5896e-11
   66    164  2.6392e-13  4.3283e-11
   67    165  1.4535e-13  2.3982e-11
   68    166  2.8566e-13  4.7419e-11
   68    167  1.0831e-13  1.8088e-11
   68    168  6.9859e-14  1.1736e-11
   68    170  2.0318e-14  3.4540e-12
   69    169  9.0898e-14  1.5362e-11
   70    171  9.5954e-15  1.6408e-12
   70    172  6.3464e-15  1.0916e-12
   70    173  3.6736e-15  6.3552e-13
   70    174  4.3477e-15  7.5649e-13
   70    176  1.7265e-15  3.0386e-13
   71    175  1.7705e-15  3.0983e-13
   72    177  8.8553e-16  1.5674e-13
   72    178  1.7529e-16  3.1202e-14
   72    179  5.2860e-17  9.4619e-15
   72    180  2.7678e-17  4.9820e-15
   73    181  1.7383e-17  3.1464e-15
   74    182  1.3995e-17  2.5471e-15
   74    183  1.0014e-17  1.8326e-15
   74    184  2.0371e-17  3.7483e-15
   74    186  2.2893e-17  4.2581e-15
   75    185  8.1127e-18  1.5009e-15
   75    187  1.4676e-17  2.7444e-15
   76    187  1.1927e-19  2.2304e-17
   76    188  3.0900e-17  5.8092e-15
   76    189  1.1184e-17  2.1139e-15
   76    190  1.9760e-17  3.7545e-15
   76    192  7.2571e-18  1.3934e-15
   77    191  1.1988e-17  2.2896e-15
   77    193  2.8631e-18  5.5258e-16
   78    194  1.8954e-18  3.6772e-16
   78    195  4.8364e-19  9.4310e-17
   78    196  1.7096e-19  3.3508e-17
   78    198  1.3583e-20  2.6894e-18
   79    197  4.7376e-20  9.3331e-18
    1      1  1.9508e-09  1.9508e-09
    2      4  1.9921e-01  7.9685e-01


