    1      2  3.2489e-16  6.4977e-16
    3      6  1.7708e-19  1.0625e-18
    3      7  1.1814e-20  8.2699e-20
    4      8  2.1540e-18  1.7232e-17
    4      9  8.5347e-19  7.6812e-18
    5     10  3.6069e-19  3.6069e-18
    6     12  8.0645e-08  9.6774e-07
    6     13  2.4304e-14  3.1595e-13
    7     14  7.8238e-18  1.0953e-16
    7     15  3.3413e-12  5.0119e-11
    8     16  3.0743e-09  4.9190e-08
    8     17  7.6753e-16  1.3048e-14
    8     18  5.3649e-14  9.6568e-13
    9     19  9.9392e-14  1.8884e-12
   10     20  1.4763e-09  2.9526e-08
   10     21  3.2526e-13  6.8306e-12
   10     22  3.5947e-14  7.9084e-13
   11     23  6.7454e-14  1.5514e-12
   12     24  3.3895e-10  8.1349e-09
   12     25  1.0466e-10  2.6166e-09
   12     26  8.1141e-10  2.1097e-08
   13     26  6.9359e-16  1.8033e-14
   13     27  8.9824e-10  2.4253e-08
   14     28  3.8959e-09  1.0909e-07
   14     29  2.0607e-09  5.9760e-08
   14     30  5.0832e-09  1.5250e-07
   15     31  2.9263e-09  9.0716e-08
   16     32  5.4090e-09  1.7309e-07
   16     33  8.3787e-09  2.7650e-07
   16     34  7.6668e-08  2.6067e-06
   16     36  7.6897e-08  2.7683e-06
   17     35  4.1475e-08  1.4516e-06
   17     37  3.2036e-08  1.1853e-06
   18     36  1.2159e-15  4.3774e-14
   18     38  5.4451e-08  2.0691e-06
   18     40  1.2568e-09  5.0273e-08
   19     39  2.9749e-09  1.1602e-07
   19     41  6.1925e-09  2.5389e-07
   20     42  2.2444e-08  9.4266e-07
   20     43  3.5649e-07  1.5329e-05
   20     44  6.4608e-07  2.8427e-05
   20     46  2.0567e-07  9.4608e-06
   21     45  1.2101e-08  5.4452e-07
   22     47  5.0857e-07  2.3903e-05
   22     48  1.3405e-06  6.4346e-05
   22     49  2.0578e-08  1.0083e-06
   22     50  1.8120e-07  9.0602e-06
   23     51  4.2920e-07  2.1889e-05
   24     52  7.3919e-07  3.8438e-05
   24     53  2.9125e-06  1.5436e-04
   24     54  3.9682e-06  2.1428e-04
   25     55  9.9887e-08  5.4938e-06
   26     56  3.1366e-07  1.7565e-05
   26     57  1.5885e-08  9.0544e-07
   26     58  3.0048e-08  1.7428e-06
   27     59  1.9630e-08  1.1582e-06
   28     60  1.0638e-08  6.3826e-07
   28     61  8.8894e-08  5.4226e-06
   28     62  2.6553e-07  1.6463e-05
   28     64  4.7120e-08  3.0157e-06
   29     63  2.1941e-07  1.3823e-05
   29     65  3.2572e-07  2.1172e-05
   30     64  1.4255e-20  9.1232e-19
   30     66  1.4615e-06  9.6461e-05
   30     67  9.5106e-07  6.3721e-05
   30     68  6.2710e-07  4.2643e-05
   30     70  5.4945e-07  3.8462e-05
   31     69  2.7810e-07  1.9189e-05
   31     71  6.3088e-08  4.4793e-06
   32     70  7.4491e-16  5.2144e-14
   32     72  5.0378e-07  3.6272e-05
   32     73  1.1332e-05  8.2724e-04
   32     74  4.3225e-06  3.1987e-04
   32     76  3.8002e-06  2.8882e-04
   33     75  1.3086e-06  9.8147e-05
   34     76  3.7950e-14  2.8842e-12
   34     77  1.3147e-05  1.0123e-03
   34     78  2.0657e-05  1.6113e-03
   34     80  4.1555e-05  3.3244e-03
   34     82  2.6358e-06  2.1614e-04
   35     79  1.0064e-05  7.9508e-04
   35     81  1.6107e-06  1.3047e-04
   36     82  3.4869e-14  2.8593e-12
   36     83  3.9752e-06  3.2994e-04
   36     84  1.7580e-06  1.4767e-04
   36     86  3.2489e-05  2.7940e-03
   37     85  1.1115e-05  9.4474e-04
   37     87  5.6466e-06  4.9125e-04
   38     86  5.2425e-20  4.5086e-18
   38     87  4.1345e-08  3.5970e-06
   38     88  3.7191e-06  3.2728e-04
   39     89  1.9004e-05  1.6914e-03
   40     90  8.2997e-05  7.4698e-03
   40     91  8.3689e-06  7.6157e-04
   40     92  2.5354e-05  2.3325e-03
   40     94  5.0625e-06  4.7587e-04
   41     93  2.0624e-05  1.9180e-03
   42     95  9.4308e-08  8.9593e-06
   42     96  1.8575e-07  1.7832e-05
   42     97  2.1393e-06  2.0751e-04
   42     98  1.7615e-05  1.7262e-03
   42    100  1.0824e-04  1.0824e-02
   44     99  3.4555e-05  3.4209e-03
   44    100  1.3736e-12  1.3736e-10
   44    101  2.7722e-04  2.8000e-02
   44    102  1.8279e-04  1.8644e-02
   44    104  3.7196e-04  3.8684e-02
   45    103  8.1862e-05  8.4318e-03
   46    104  1.0325e-17  1.0738e-15
   46    105  3.0127e-04  3.1633e-02
   46    106  1.9182e-04  2.0333e-02
   46    108  5.6386e-05  6.0897e-03
   46    110  1.8249e-04  2.0074e-02
   47    107  5.5228e-05  5.9094e-03
   47    109  1.5796e-04  1.7218e-02
   48    110  6.4826e-13  7.1309e-11
   48    111  2.0627e-05  2.2896e-03
   48    112  4.5284e-05  5.0718e-03
   48    113  2.7948e-05  3.1582e-03
   48    114  3.9676e-05  4.5230e-03
   48    116  2.7573e-06  3.1985e-04
   49    113  1.2300e-12  1.3899e-10
   49    115  9.0769e-06  1.0438e-03
   50    115  7.2421e-12  8.3284e-10
   50    116  2.7107e-13  3.1444e-11
   50    117  6.9466e-06  8.1275e-04
   50    118  1.6421e-06  1.9377e-04
   50    119  7.5320e-07  8.9631e-05
   50    120  6.5253e-06  7.8303e-04
   50    122  8.9403e-06  1.0907e-03
   50    124  2.6952e-06  3.3420e-04
   51    121  4.0302e-06  4.8765e-04
   51    123  2.7350e-06  3.3640e-04
   52    122  2.8110e-14  3.4295e-12
   52    124  5.1851e-16  6.4295e-14
   52    125  8.6659e-06  1.0832e-03
   52    126  2.2346e-05  2.8156e-03
   52    128  1.8953e-05  2.4260e-03
   52    130  1.9535e-07  2.5395e-05
   53    127  1.9096e-05  2.4253e-03
   53    129  3.3707e-14  4.3483e-12
   54    128  4.5053e-17  5.7668e-15
   54    129  5.7099e-06  7.3658e-04
   54    130  1.2723e-15  1.6540e-13
   54    131  4.3247e-09  5.6653e-07
   54    132  1.8738e-10  2.4734e-08
   54    134  2.2691e-13  3.0405e-11
   54    136  5.9808e-15  8.1339e-13
   55    133  4.2300e-12  5.6259e-10
   56    135  1.7420e-13  2.3517e-11
   56    137  1.9196e-15  2.6298e-13
   56    138  5.1853e-15  7.1558e-13
   57    139  9.2622e-16  1.2874e-13
   58    140  1.7138e-15  2.3993e-13
   58    142  1.6479e-16  2.3401e-14
   59    141  3.0444e-16  4.2926e-14
   60    143  7.9867e-17  1.1421e-14
   60    144  9.3586e-18  1.3476e-15
   60    145  6.8051e-19  9.8675e-17
   60    146  1.2146e-17  1.7732e-15
   60    148  8.1596e-17  1.2076e-14
   60    150  9.2375e-18  1.3856e-15
   62    147  4.5314e-17  6.6611e-15
   62    149  2.1735e-17  3.2385e-15
   62    152  1.1559e-17  1.7570e-15
   62    154  6.8106e-18  1.0488e-15
   63    151  2.9615e-18  4.4718e-16
   63    153  7.6559e-18  1.1714e-15
   64    155  5.8698e-18  9.0982e-16
   64    156  4.1443e-19  6.4651e-17
   64    157  6.9772e-19  1.0954e-16
   64    158  4.2236e-19  6.6733e-17
   64    160  5.2916e-20  8.4666e-18
   65    159  3.0648e-20  4.8731e-18
   66    161  5.5492e-20  8.9342e-18
   66    162  2.3832e-20  3.8608e-18
   66    163  1.4462e-20  2.3573e-18
   66    164  2.0410e-20  3.3472e-18
   67    165  1.0796e-20  1.7814e-18
   68    166  1.7056e-20  2.8313e-18
    1      1  1.1813e-10  1.1813e-10
    2      4  1.8236e-01  7.2944e-01


