1  1.6242e-06
2  4.1734e-08
3  2.2736e-09
4  2.5573e+01
5  0.0000e+00
6  4.0915e-12
7  1.5855e-09
8  1.1780e-07
9  5.7584e-08
10  5.0265e-07
11  6.8480e-10
12  2.8628e-09
13  5.5951e-09
14  1.1799e-07
15  4.9204e-06
16  1.1974e-05
17  4.8371e-07
18  7.1841e-07
19  1.2273e-06
20  2.3417e-06
21  2.4769e-06
22  4.1974e-08
23  7.5375e-07
24  3.8955e-07
25  2.0112e-07
26  1.9357e-07
27  1.0847e-07
28  1.3141e-07
29  6.3381e-08
30  1.3130e-07
31  2.4594e-08
32  1.2149e-07
33  2.0089e-07
34  2.6516e-07
35  3.7211e-08
36  4.7318e-08
37  4.0101e-09
38  1.4509e-08
39  1.2654e-08
40  2.8794e-09
41  3.8575e-09
42  1.4858e-08
43  3.3597e-09
44  1.0642e-08
45  8.6914e-09
46  1.2295e-09
47  5.5293e-10
48  5.3077e-10
49  4.3517e-10
50  3.8244e-10
51  6.2781e-10
52  2.4572e-10
53  4.9495e-09
54  7.1239e-10
55  6.9383e-11
56  1.9018e-09
57  7.0483e-10
58  6.6250e-10
59  1.0385e-10
60  1.3922e-10
61  3.7360e-11
62  1.0568e-10
63  9.1221e-09
64  3.9641e-09
65  1.8800e-09
66  3.0159e-09
67  2.4094e-08
68  9.5163e-09
69  2.7276e-09
70  1.2935e-08
71  5.3031e-09
72  3.8349e-09
73  4.0613e-09
74  3.4550e-08
75  1.3790e-08
76  5.2900e-09
77  9.9116e-09
78  6.1808e-09
79  1.1487e-08
80  1.1740e-07
81  3.9937e-08
82  8.0833e-08
83  8.7034e-08
84  5.2705e-09
85  1.8779e-08
86  6.7104e-09
87  3.5892e-08
88  2.1503e-09
89  5.9347e-09
90  7.1089e-09
91  1.7114e-08
92  1.6898e-08
93  1.3864e-08
94  4.1219e-08
95  2.8975e-08
96  1.0497e-08
97  2.0464e-08
98  6.4422e-09
99  3.2655e-09
100  6.7365e-09
101  2.8980e-09
102  4.8992e-09
103  5.7491e-09
104  5.5650e-09
105  8.8329e-10
106  3.0769e-09
107  2.3011e-09
108  7.1157e-09
109  5.9035e-09
110  1.9554e-08
111  4.1090e-09
112  1.0745e-08
113  6.8664e-09
114  1.8389e-08
115  1.2145e-08
116  6.9060e-09
117  1.8209e-09
118  5.8477e-10
119  1.9440e-10
120  9.6078e-10
121  6.2692e-09
122  4.2781e-09
123  2.8781e-09
124  2.4767e-09
125  3.7944e-08
126  2.2128e-08
127  1.1081e-07
128  1.2223e-07
129  2.1979e-07
130  5.6388e-08
131  2.5191e-08
132  2.1838e-08
133  1.3129e-08
134  1.0424e-08
135  5.4480e-09
136  1.4098e-08
137  4.2485e-09
138  2.0567e-08
139  1.5717e-09
140  5.9337e-09
141  1.2187e-08
142  8.0594e-09
143  4.6072e-09
144  3.7965e-09
145  4.9549e-10
146  1.7674e-09
147  2.0015e-09
148  1.7396e-09
149  2.9666e-10
150  2.6968e-10
151  1.5732e-11
152  4.3401e-11
153  1.8017e-11
154  1.3029e-11
155  2.3595e-10
156  8.8013e-11
157  3.3697e-11
158  1.2324e-10
159  4.0457e-12
160  6.1820e-12
161  3.9754e-12
162  1.8792e-12
163  2.4702e-12
164  1.2574e-12
165  1.8538e-12
166  8.0793e-13
167  2.4048e-12
168  1.3413e-12
169  1.6827e-11
170  8.0259e-13
171  6.2623e-12
172  1.1121e-12
173  7.4282e-13
174  5.3146e-12
175  7.8650e-13
176  1.0271e-12
177  9.1430e-12
178  2.7577e-12
179  2.0300e-12
180  5.2337e-12
181  9.4243e-12
182  1.5597e-11
183  2.9433e-11
184  1.7523e-11
185  8.6577e-12
186  8.3805e-12
187  1.7946e-11
188  2.2776e-11
189  4.9325e-11
190  2.5371e-11
191  2.6645e-10
192  3.6878e-11
193  7.6885e-12
194  5.0172e-11
195  1.3679e-10
196  8.2707e-11
197  3.4479e-10
198  1.5602e-10
199  3.9319e-11
200  8.5618e-08
201  5.1357e-08
202  1.2165e-07
203  1.4607e-07
204  1.1822e-07
205  7.3107e-08
206  6.6290e-07
207  7.2484e-07
208  8.3438e-07
209  -3.8450e-01
210  4.8834e-15
211  3.8708e-20
212  1.3789e-20
213  6.3410e-46
214  2.5575e-21
215  6.7361e-27
216  1.5976e-26
217  1.1798e-91
218  4.3954e-23
219  1.4993e-23
220  6.1262e-24
221  5.1299e-320
222  7.8026e-20
223  3.7367e-18
224  3.4599e-20
225  2.0909e-40
226  1.1939e-14
227  2.6045e-15
228  1.1126e-13
229  7.7994e-30
230  5.6269e-13
231  3.8957e-12
232  4.8701e-08
233  2.7893e-27
234  1.8323e-12
235  8.3963e-08
236  1.2934e-10
237  1.4101e-318
238  3.3333e-08
239  1.0623e-18
240  2.5600e-14
241  0.0000e+00
242  3.5254e-102
243  3.2475e-19
244  3.1161e-10
245  0.0000e+00
246  5.4139e-12
247  6.8541e-16
248  0.0000e+00
249  0.0000e+00
250  0.0000e+00
251  0.0000e+00
252  0.0000e+00
253  0.0000e+00
254  0.0000e+00
255  0.0000e+00
256  0.0000e+00
257  5.4432e-26
258  1.7053e-08
259  7.4818e-26
260  2.6484e-07
261  3.3880e-07
262  2.0335e-07
263  5.3419e-08
264  5.8819e-08
265  6.3334e-08
266  6.2620e-08
267  4.3993e-08
268  8.0580e-08
269  2.4812e-07
270  2.1165e-07
271  1.8146e-07
272  3.0502e-07
273  2.9825e-07
274  9.8156e-07
275  4.0017e-06
276  1.2225e-05
277  4.8622e-06
278  1.8980e-05
279  2.6052e-05
280  1.5721e-05
281  5.5236e-06
282  1.6675e-05
283  2.3642e-06
284  4.8919e-07
285  3.1456e-08
286  7.1117e-09
287  2.7502e-09
288  1.2610e-09
289  5.8521e-10
290  1.6099e-09
291  9.4748e-11
292  5.9605e-09
293  1.9304e-09
294  1.1744e-08
295  1.0352e-08
296  7.2114e-09
297  2.3184e-09
298  4.8715e-09
299  7.4168e-16
300  2.4635e-10
301  9.9912e-08
302  3.7080e-08
303  4.1524e-08
304  7.5865e-08
305  1.4353e-07
306  3.0078e-07
307  2.0505e-07
308  2.6251e-07
309  5.7170e-07
310  3.3192e-07
311  4.4717e-07
312  3.1339e-07
313  3.7461e-07
314  2.1814e-07
315  2.7743e-07
316  3.8710e-07
317  5.1270e-07
318  5.3022e-07
319  6.1387e-07
320  8.9589e-07
321  5.0730e-07
322  7.1071e-07
323  9.6640e-07
324  7.1887e-07
325  7.6153e-07
326  1.8971e-06
327  3.3708e-06
328  9.5764e-07
329  1.7677e-05
330  3.0628e-06
331  3.4718e-06
332  8.2968e-06
333  4.9104e-06
334  1.7591e-06
335  2.1291e-06
336  5.1142e-07
337  5.1131e-04

