1  2.1053e-10
2  4.6993e-02
3  4.4259e-20
4  1.1055e-19
5  6.6152e-20
6  8.3236e-08
7  5.8200e-18
8  4.6022e-10
9  1.8640e-21
10  4.5764e-10
11  6.8791e-14
12  5.9721e-10
13  1.1817e-10
14  4.0618e-09
15  4.7807e-10
16  1.4103e-08
17  3.3342e-09
18  5.4254e-09
19  6.8171e-10
20  4.4631e-08
21  1.2324e-09
22  1.5362e-07
23  1.3459e-08
24  2.4608e-07
25  1.2178e-09
26  6.2204e-08
27  6.7537e-11
28  3.3143e-07
29  1.3129e-07
30  2.0867e-06
31  1.2382e-07
32  3.5228e-06
33  1.2147e-07
34  2.1871e-05
35  8.7111e-07
36  3.7373e-04
37  1.3738e-05
38  9.0968e-05
39  1.2255e-04
40  3.3257e-03
41  5.9607e-04
42  2.7139e-03
43  9.9443e-26
44  4.7919e-04
45  5.6394e-05
46  4.8304e-04
47  1.2165e-04
48  1.0010e-04
49  1.2287e-05
50  3.7802e-06
51  4.1243e-07
52  3.0395e-07
53  4.0018e-08
54  1.1058e-08
55  6.1727e-13
56  5.1175e-18
57  2.0325e-24
58  1.9783e-23
59  0.0000e+00
60  0.0000e+00
61  0.0000e+00
62  0.0000e+00
63  0.0000e+00
64  0.0000e+00
65  0.0000e+00
66  0.0000e+00
67  0.0000e+00
68  0.0000e+00
69  0.0000e+00
70  0.0000e+00
71  0.0000e+00
72  0.0000e+00
73  0.0000e+00
74  0.0000e+00
75  0.0000e+00
76  0.0000e+00
77  0.0000e+00
78  0.0000e+00
79  0.0000e+00
80  0.0000e+00
81  0.0000e+00
82  0.0000e+00
83  0.0000e+00
84  0.0000e+00
85  0.0000e+00
86  0.0000e+00
87  0.0000e+00
88  0.0000e+00
89  0.0000e+00
90  0.0000e+00
91  0.0000e+00
92  0.0000e+00
93  0.0000e+00
94  0.0000e+00
95  0.0000e+00
96  0.0000e+00
97  0.0000e+00
98  0.0000e+00
99  0.0000e+00
100  0.0000e+00
101  0.0000e+00
102  0.0000e+00
103  0.0000e+00
104  0.0000e+00
105  0.0000e+00
106  0.0000e+00
107  0.0000e+00
108  0.0000e+00
109  0.0000e+00
110  0.0000e+00
111  0.0000e+00
112  0.0000e+00
113  0.0000e+00
114  0.0000e+00
115  0.0000e+00
116  0.0000e+00
117  0.0000e+00
118  0.0000e+00

