    1      2  1.3399e-16  2.6797e-16
    3      6  3.4995e-19  2.0997e-18
    4      8  6.2100e-15  4.9680e-14
    4      9  6.6018e-19  5.9416e-18
    5     10  2.8253e-19  2.8253e-18
    6     12  2.1882e-08  2.6258e-07
    6     13  4.9311e-15  6.4104e-14
    7     14  7.1320e-16  9.9848e-15
    7     15  4.8591e-10  7.2886e-09
    8     16  9.9639e-10  1.5942e-08
    8     17  6.2729e-16  1.0664e-14
    8     18  9.6326e-11  1.7339e-09
    9     19  1.3569e-10  2.5781e-09
   10     20  2.5733e-10  5.1466e-09
   10     21  7.4268e-12  1.5596e-10
   10     22  1.6390e-11  3.6058e-10
   11     23  3.5105e-12  8.0742e-11
   12     24  1.2785e-10  3.0684e-09
   12     25  1.1445e-10  2.8614e-09
   12     26  6.3105e-10  1.6407e-08
   13     26  3.9883e-16  1.0370e-14
   13     27  5.0814e-10  1.3720e-08
   14     28  2.7188e-09  7.6127e-08
   14     29  1.2890e-09  3.7382e-08
   14     30  8.5383e-09  2.5615e-07
   15     31  8.5705e-10  2.6569e-08
   16     32  5.1744e-09  1.6558e-07
   16     33  3.4790e-09  1.1481e-07
   16     34  1.8019e-08  6.1265e-07
   16     36  2.4112e-08  8.6802e-07
   17     35  1.3456e-08  4.7097e-07
   17     37  9.2438e-08  3.4202e-06
   18     36  1.1555e-16  4.1598e-15
   18     38  1.7203e-07  6.5371e-06
   18     40  1.3165e-08  5.2659e-07
   19     39  1.6243e-08  6.3346e-07
   19     41  2.4112e-08  9.8861e-07
   20     42  6.3524e-08  2.6680e-06
   20     43  4.1662e-07  1.7915e-05
   20     44  7.8073e-07  3.4352e-05
   20     46  1.0542e-06  4.8493e-05
   21     45  1.5524e-07  6.9857e-06
   22     47  1.2762e-06  5.9981e-05
   22     48  1.4421e-06  6.9221e-05
   22     49  6.5271e-07  3.1983e-05
   22     50  1.1570e-06  5.7849e-05
   23     51  7.9867e-07  4.0732e-05
   24     52  2.7824e-07  1.4468e-05
   24     53  3.6653e-06  1.9426e-04
   24     54  7.5802e-06  4.0933e-04
   25     55  2.6108e-07  1.4360e-05
   26     56  1.0898e-06  6.1030e-05
   26     57  8.3636e-08  4.7673e-06
   26     58  5.7453e-08  3.3322e-06
   27     59  4.5317e-08  2.6737e-06
   28     60  2.0154e-08  1.2092e-06
   28     61  8.2093e-08  5.0077e-06
   28     62  3.6390e-07  2.2562e-05
   28     64  8.8045e-09  5.6349e-07
   29     63  4.2458e-07  2.6749e-05
   29     65  5.0896e-08  3.3082e-06
   30     64  1.3839e-20  8.8569e-19
   30     66  3.7673e-07  2.4864e-05
   30     67  2.9149e-07  1.9530e-05
   30     68  1.5178e-06  1.0321e-04
   30     70  1.4161e-06  9.9126e-05
   31     69  1.0384e-06  7.1649e-05
   31     71  1.5884e-07  1.1278e-05
   32     70  1.4074e-15  9.8517e-14
   32     72  6.6598e-07  4.7950e-05
   32     73  1.4542e-05  1.0616e-03
   32     74  6.3506e-06  4.6994e-04
   32     76  5.1687e-06  3.9282e-04
   33     75  1.9286e-06  1.4465e-04
   34     76  2.8177e-14  2.1415e-12
   34     77  1.8027e-05  1.3881e-03
   34     78  2.6204e-05  2.0439e-03
   34     80  4.9500e-05  3.9600e-03
   34     82  1.0958e-05  8.9857e-04
   35     79  8.3571e-06  6.6021e-04
   35     81  7.3078e-06  5.9193e-04
   36     82  7.7624e-14  6.3652e-12
   36     83  6.0608e-06  5.0305e-04
   36     84  1.2375e-06  1.0395e-04
   36     86  4.0767e-05  3.5059e-03
   37     85  1.3988e-05  1.1890e-03
   37     87  4.0273e-06  3.5037e-04
   38     86  3.4149e-20  2.9368e-18
   38     87  2.9489e-08  2.5655e-06
   38     88  4.2986e-06  3.7828e-04
   39     89  1.4499e-05  1.2904e-03
   40     90  6.0347e-05  5.4312e-03
   40     91  6.6658e-06  6.0659e-04
   40     92  2.1889e-05  2.0138e-03
   40     94  6.3291e-06  5.9493e-04
   41     93  1.7575e-05  1.6345e-03
   42     95  1.0396e-06  9.8764e-05
   42     96  4.6112e-07  4.4268e-05
   42     97  1.1218e-06  1.0882e-04
   42     98  1.0466e-05  1.0257e-03
   42    100  1.0818e-04  1.0818e-02
   44     99  4.2625e-05  4.2198e-03
   44    100  8.7573e-13  8.7573e-11
   44    101  2.1972e-04  2.2192e-02
   44    102  5.9557e-05  6.0748e-03
   44    104  3.6474e-04  3.7933e-02
   45    103  6.4056e-05  6.5978e-03
   46    104  4.3094e-18  4.4818e-16
   46    105  2.7346e-04  2.8713e-02
   46    106  2.5285e-04  2.6802e-02
   46    108  9.2172e-05  9.9546e-03
   46    110  5.1565e-04  5.6721e-02
   47    107  1.2637e-04  1.3522e-02
   47    109  3.3673e-04  3.6703e-02
   48    110  7.3234e-13  8.0558e-11
   48    111  8.3795e-05  9.3013e-03
   48    112  1.7472e-04  1.9569e-02
   48    113  9.1087e-05  1.0293e-02
   48    114  1.2193e-04  1.3900e-02
   48    116  6.5279e-06  7.5724e-04
   49    113  4.0088e-12  4.5299e-10
   49    115  3.8791e-05  4.4609e-03
   50    115  3.0949e-11  3.5592e-09
   50    116  6.0745e-13  7.0464e-11
   50    117  2.1375e-05  2.5009e-03
   50    118  7.8041e-06  9.2088e-04
   50    119  5.7029e-06  6.7864e-04
   50    120  1.0355e-04  1.2426e-02
   50    122  7.8018e-05  9.5182e-03
   50    124  4.6554e-05  5.7726e-03
   51    121  5.2767e-05  6.3849e-03
   51    123  2.8823e-05  3.5452e-03
   52    122  1.8980e-13  2.3155e-11
   52    124  2.7822e-15  3.4500e-13
   52    125  1.3368e-04  1.6710e-02
   52    126  3.7718e-04  4.7524e-02
   52    128  2.6021e-04  3.3306e-02
   52    130  3.6250e-06  4.7125e-04
   53    127  2.8305e-04  3.5948e-02
   53    129  2.0073e-13  2.5894e-11
   54    128  3.5002e-16  4.4803e-14
   54    129  8.1572e-05  1.0523e-02
   54    130  9.3730e-15  1.2185e-12
   54    131  9.8866e-08  1.2951e-05
   54    132  1.5296e-08  2.0191e-06
   54    134  3.6981e-09  4.9555e-07
   54    136  1.8115e-11  2.4636e-09
   55    133  8.5715e-09  1.1400e-06
   56    135  3.4590e-10  4.6697e-08
   56    136  3.0427e-20  4.1380e-18
   56    137  3.6748e-12  5.0344e-10
   56    138  1.0333e-11  1.4259e-09
   57    139  1.4983e-11  2.0827e-09
   58    140  2.9203e-11  4.0884e-09
   58    142  1.8792e-12  2.6685e-10
   59    141  2.1820e-12  3.0767e-10
   60    143  1.3971e-12  1.9979e-10
   60    144  4.0988e-13  5.9023e-11
   60    145  6.3419e-14  9.1958e-12
   60    146  1.7276e-13  2.5222e-11
   60    148  8.6046e-13  1.2735e-10
   60    150  1.6057e-13  2.4086e-11
   62    147  4.6633e-13  6.8550e-11
   62    149  2.8548e-13  4.2537e-11
   62    150  8.2454e-20  1.2368e-17
   62    152  1.5236e-13  2.3158e-11
   62    154  1.0424e-13  1.6053e-11
   63    151  6.2987e-14  9.5110e-12
   63    153  8.7156e-14  1.3335e-11
   64    155  7.6686e-14  1.1886e-11
   64    156  1.3058e-14  2.0370e-12
   64    157  1.6825e-14  2.6416e-12
   64    158  1.1586e-14  1.8306e-12
   64    160  2.4159e-15  3.8655e-13
   65    159  1.2026e-15  1.9121e-13
   66    161  2.1385e-15  3.4429e-13
   66    162  9.9704e-16  1.6152e-13
   66    163  5.4977e-16  8.9612e-14
   66    164  7.8193e-16  1.2824e-13
   67    165  3.9986e-16  6.5977e-14
   68    166  6.2313e-16  1.0344e-13
   68    167  1.6783e-16  2.8028e-14
   68    168  9.2744e-17  1.5581e-14
   68    170  2.0769e-17  3.5308e-15
   69    169  1.0114e-16  1.7092e-14
   70    171  7.5006e-18  1.2826e-15
   70    172  4.7099e-18  8.1010e-16
   70    173  2.3570e-18  4.0777e-16
   70    174  2.3407e-18  4.0727e-16
   70    176  7.9473e-19  1.3987e-16
   71    175  8.4732e-19  1.4828e-16
   72    177  3.1750e-19  5.6198e-17
   72    178  5.0395e-20  8.9703e-18
   72    179  1.1803e-20  2.1128e-18
    1      1  5.4115e-11  5.4115e-11
    2      4  1.1580e-01  4.6320e-01


