1  2.0129e-08
2  2.3334e-01
3  5.1900e-10
4  4.4039e-10
5  7.7112e-09
6  6.6174e-08
7  2.3557e-06
8  9.4481e-08
9  2.3582e-07
10  7.1731e-07
11  3.2077e-07
12  7.2372e-07
13  3.5996e-08
14  1.9472e-07
15  5.1929e-08
16  4.9807e-07
17  6.1313e-08
18  1.1025e-07
19  2.0305e-07
20  7.0643e-07
21  1.3489e-07
22  6.6884e-07
23  2.3728e-07
24  8.3880e-07
25  8.8635e-08
26  2.0261e-07
27  7.1156e-09
28  2.0078e-07
29  9.0887e-07
30  8.5276e-07
31  7.1016e-08
32  2.4497e-06
33  2.0273e-06
34  7.5422e-06
35  2.4315e-06
36  1.4105e-06
37  5.4787e-07
38  7.2165e-07
39  2.9646e-07
40  1.7342e-06
41  1.0089e-06
42  1.2163e-06
43  9.2753e-33
44  5.8848e-07
45  2.0263e-07
46  1.0024e-06
47  4.6753e-07
48  4.2895e-07
49  8.0490e-08
50  4.9484e-06
51  1.4435e-06
52  1.9520e-05
53  5.9646e-06
54  2.5109e-05
55  3.7870e-06
56  7.3827e-06
57  8.8845e-07
58  6.0801e-06
59  1.5332e-06
60  1.0664e-05
61  1.0833e-84
62  8.4011e-06
63  3.0907e-06
64  1.0685e-05
65  1.6945e-06
66  8.7392e-06
67  1.4652e-06
68  1.0553e-05
69  2.0664e-06
70  8.2686e-06
71  1.1947e-06
72  9.4513e-06
73  3.0344e-06
74  3.3122e-05
75  9.1748e-06
76  8.1301e-05
77  3.8453e-05
78  3.3750e-05
79  3.2848e-06
80  3.4115e-06
81  1.7968e-06
82  9.3035e-06
83  1.7576e-06
84  1.7601e-18
85  1.3239e-27
86  4.8596e-20
87  1.5102e-23
88  7.4602e-15
89  5.6880e-16
90  6.1027e-08
91  8.5275e-13
92  3.9190e-08
93  1.9063e-22
94  1.2964e-10
95  4.4271e-21
96  9.3742e-18
97  1.7431e-12
98  5.5815e-314
99  1.5316e-322
100  9.6982e-10
101  5.2212e-313
102  2.9640e-10
103  2.2410e-11
104  4.6988e-12
105  2.1705e-12
106  7.3577e-14
107  5.2494e-15
108  4.8463e-14
109  -3.5877e-319
110  2.9461e-15
111  1.1883e-15
112  0.0000e+00
113  0.0000e+00
114  0.0000e+00
115  0.0000e+00
116  0.0000e+00
117  0.0000e+00
118  0.0000e+00

