1  6.0597e-09
2  2.2851e-01
3  1.2255e-10
4  3.5676e-12
5  1.5405e-10
6  3.0400e-09
7  8.7344e-07
8  3.3289e-08
9  5.1316e-08
10  3.5414e-07
11  6.5557e-08
12  1.6688e-07
13  7.8419e-08
14  6.5290e-07
15  1.5094e-07
16  7.8095e-07
17  1.2127e-07
18  8.3304e-07
19  6.3664e-07
20  2.3642e-06
21  2.1159e-07
22  1.6421e-06
23  1.5568e-07
24  8.4840e-07
25  4.6964e-08
26  1.2455e-07
27  4.6574e-09
28  1.1245e-07
29  5.3426e-07
30  5.9710e-07
31  6.0229e-08
32  1.7708e-06
33  1.7521e-06
34  1.8232e-05
35  5.6564e-06
36  6.4918e-06
37  2.4922e-06
38  2.4842e-06
39  5.3335e-07
40  7.1642e-06
41  4.4315e-06
42  5.2096e-06
43  3.9323e-32
44  2.1240e-06
45  7.7848e-07
46  4.2124e-06
47  2.2890e-06
48  1.7753e-06
49  3.1824e-07
50  1.0925e-05
51  2.2602e-06
52  1.7987e-04
53  5.2168e-05
54  1.5018e-04
55  7.0552e-06
56  3.4257e-05
57  2.3358e-06
58  1.6457e-05
59  6.2263e-06
60  4.4235e-05
61  -4.5628e-317
62  2.3925e-05
63  8.9533e-06
64  2.0696e-05
65  3.1818e-06
66  9.5407e-06
67  1.4648e-06
68  7.2628e-06
69  1.2903e-06
70  2.7782e-06
71  3.0208e-07
72  1.1767e-06
73  2.8115e-07
74  1.1711e-06
75  2.0771e-07
76  4.6044e-07
77  1.1159e-07
78  4.4059e-08
79  2.8787e-09
80  1.6076e-10
81  2.4005e-12
82  4.3654e-12
83  5.6297e-13
84  1.1138e-18
85  9.5875e-51
86  2.5591e-20
87  2.8217e-21
88  3.3690e-24
89  3.6005e-25
90  1.3938e-16
91  5.3975e-22
92  1.5295e-17
93  3.4184e-43
94  6.7627e-21
95  1.1700e-34
96  7.6890e-30
97  8.7770e-23
98  0.0000e+00
99  -1.6749e-321
100  1.4647e-21
101  3.1537e-313
102  1.4433e-22
103  2.7814e-24
104  0.0000e+00
105  0.0000e+00
106  0.0000e+00
107  0.0000e+00
108  0.0000e+00
109  0.0000e+00
110  0.0000e+00
111  0.0000e+00
112  0.0000e+00
113  0.0000e+00
114  0.0000e+00
115  0.0000e+00
116  0.0000e+00
117  0.0000e+00
118  0.0000e+00

