    1      2  2.9596e-09  5.9191e-09
    2      3  1.6709e-10  5.0126e-10
    3      6  8.4079e-12  5.0447e-11
    3      7  1.9637e-10  1.3746e-09
    4      8  2.3468e-11  1.8775e-10
    4      9  5.5497e-12  4.9947e-11
    5     10  3.5003e-11  3.5003e-10
    5     11  2.9410e-10  3.2351e-09
    6     12  1.6781e-09  2.0137e-08
    6     13  1.1000e-08  1.4300e-07
    7     14  6.9076e-07  9.6707e-06
    7     15  5.8674e-07  8.8012e-06
    8     16  3.9209e-08  6.2734e-07
    8     17  1.3255e-09  2.2533e-08
    8     18  1.5027e-08  2.7049e-07
    9     19  1.2797e-07  2.4314e-06
   10     20  1.8881e-07  3.7762e-06
   10     21  4.4123e-07  9.2657e-06
   10     22  3.0410e-09  6.6901e-08
   11     23  2.0003e-07  4.6007e-06
   12     24  1.8071e-07  4.3371e-06
   12     25  1.3021e-07  3.2552e-06
   12     26  1.0216e-08  2.6561e-07
   13     26  9.2634e-19  2.4085e-17
   13     27  5.5115e-08  1.4881e-06
   14     28  2.7139e-07  7.5988e-06
   14     29  9.0423e-08  2.6223e-06
   14     30  1.0441e-07  3.1323e-06
   15     31  1.2445e-07  3.8580e-06
   16     32  1.3772e-07  4.4070e-06
   16     33  3.7599e-07  1.2408e-05
   16     34  3.8273e-07  1.3013e-05
   16     36  5.8316e-08  2.0994e-06
   17     35  7.3270e-09  2.5645e-07
   17     37  1.4256e-07  5.2749e-06
   18     36  1.4615e-20  5.2615e-19
   18     38  2.1690e-07  8.2422e-06
   18     40  2.5089e-07  1.0036e-05
   19     39  2.6648e-07  1.0393e-05
   19     41  1.3401e-07  5.4943e-06
   20     42  2.4682e-06  1.0366e-04
   20     43  6.2955e-08  2.7071e-06
   20     44  1.7421e-07  7.6652e-06
   20     46  1.7447e-07  8.0258e-06
   21     45  2.9325e-07  1.3196e-05
   22     46  6.7173e-20  3.0900e-18
   22     47  5.2199e-07  2.4533e-05
   22     48  7.3722e-07  3.5387e-05
   22     49  1.4542e-07  7.1258e-06
   22     50  3.2529e-07  1.6264e-05
   23     51  2.1616e-07  1.1024e-05
   24     52  8.5585e-07  4.4504e-05
   24     53  1.6498e-07  8.7437e-06
   24     54  4.6143e-08  2.4917e-06
   25     55  6.6897e-08  3.6793e-06
   26     56  3.6747e-08  2.0578e-06
   26     57  1.4465e-07  8.2448e-06
   26     58  2.9127e-09  1.6894e-07
   27     59  8.8798e-09  5.2391e-07
   28     60  1.2647e-08  7.5881e-07
   28     61  3.6102e-08  2.2022e-06
   28     62  7.2971e-08  4.5242e-06
   28     64  9.0283e-08  5.7781e-06
   29     63  5.5448e-07  3.4932e-05
   29     65  1.5153e-07  9.8492e-06
   30     66  3.3337e-07  2.2003e-05
   30     67  1.2539e-07  8.4014e-06
   30     68  5.6282e-08  3.8272e-06
   30     70  1.1292e-07  7.9045e-06
   31     69  2.5163e-08  1.7362e-06
   31     71  3.7512e-08  2.6634e-06
   32     70  2.3893e-16  1.6725e-14
   32     72  1.1007e-07  7.9252e-06
   32     73  1.0405e-07  7.5957e-06
   32     74  5.0132e-07  3.7098e-05
   32     76  1.1082e-06  8.4220e-05
   33     75  1.6592e-06  1.2444e-04
   34     76  4.0239e-14  3.0582e-12
   34     77  1.4542e-06  1.1198e-04
   34     78  2.2807e-06  1.7789e-04
   34     80  7.1927e-06  5.7541e-04
   34     82  1.9290e-06  1.5818e-04
   35     79  2.8700e-06  2.2673e-04
   35     81  1.3010e-06  1.0538e-04
   36     82  2.3258e-13  1.9072e-11
   36     83  2.3719e-06  1.9687e-04
   36     84  1.2162e-06  1.0216e-04
   36     86  1.3092e-06  1.1259e-04
   37     85  5.4315e-07  4.6167e-05
   37     87  1.1258e-06  9.7949e-05
   38     86  9.0795e-20  7.8083e-18
   38     87  8.2437e-09  7.1720e-07
   38     88  1.7690e-06  1.5567e-04
   39     89  3.5979e-07  3.2021e-05
   40     90  5.3327e-07  4.7995e-05
   40     91  7.1213e-07  6.4804e-05
   40     92  1.8760e-06  1.7259e-04
   40     94  1.6457e-06  1.5469e-04
   41     93  2.5665e-06  2.3868e-04
   42     95  1.5531e-06  1.4755e-04
   42     96  7.0844e-07  6.8010e-05
   42     97  5.8315e-07  5.6566e-05
   42     98  3.4770e-07  3.4075e-05
   42    100  3.7203e-07  3.7203e-05
   44     99  1.8597e-07  1.8411e-05
   44    100  8.5151e-16  8.5151e-14
   44    101  3.8002e-07  3.8382e-05
   44    102  4.8997e-07  4.9976e-05
   44    104  4.8991e-07  5.0951e-05
   45    103  5.1269e-07  5.2807e-05
   46    104  3.9823e-17  4.1415e-15
   46    105  6.9200e-07  7.2660e-05
   46    106  5.8987e-07  6.2527e-05
   46    108  5.4114e-07  5.8443e-05
   46    110  9.8077e-07  1.0789e-04
   47    107  6.7960e-07  7.2717e-05
   47    109  6.4479e-07  7.0283e-05
   48    110  6.5301e-15  7.1831e-13
   48    111  1.5396e-07  1.7089e-05
   48    112  4.1626e-07  4.6621e-05
   48    113  1.9433e-07  2.1959e-05
   48    114  1.8721e-07  2.1342e-05
   48    116  7.5203e-08  8.7235e-06
   49    113  8.5526e-15  9.6644e-13
   49    115  1.6011e-07  1.8413e-05
   50    115  1.2775e-13  1.4691e-11
   50    116  2.8491e-17  3.3050e-15
   50    117  1.7266e-07  2.0201e-05
   50    118  1.6696e-07  1.9701e-05
   50    119  1.7760e-07  2.1134e-05
   50    120  6.2727e-07  7.5272e-05
   50    122  1.2558e-06  1.5320e-04
   50    124  7.2427e-06  8.9810e-04
   51    121  7.2208e-07  8.7371e-05
   51    123  1.8431e-06  2.2670e-04
   52    122  4.7360e-15  5.7779e-13
   52    124  1.2927e-16  1.6029e-14
   52    125  7.7176e-06  9.6470e-04
   52    126  2.8560e-05  3.5986e-03
   52    128  4.5798e-05  5.8621e-03
   52    130  9.6852e-06  1.2591e-03
   53    127  3.1064e-05  3.9451e-03
   53    129  9.9333e-14  1.2814e-11
   54    128  1.0402e-18  1.3315e-16
   54    129  3.0498e-05  3.9342e-03
   54    130  3.8009e-15  4.9412e-13
   54    131  6.2565e-06  8.1961e-04
   54    132  1.6378e-05  2.1619e-03
   54    134  4.0740e-06  5.4591e-04
   54    136  1.2476e-05  1.6967e-03
   55    133  4.7409e-06  6.3053e-04
   56    134  1.5561e-19  2.0851e-17
   56    135  3.4199e-06  4.6169e-04
   56    136  4.7197e-17  6.4188e-15
   56    137  9.8959e-06  1.3557e-03
   56    138  1.4561e-05  2.0094e-03
   57    139  2.4306e-06  3.3785e-04
   58    140  6.4072e-06  8.9701e-04
   58    142  4.8697e-06  6.9150e-04
   59    141  3.0147e-06  4.2508e-04
   60    142  3.2950e-20  4.6789e-18
   60    143  3.8777e-06  5.5451e-04
   60    144  9.5189e-06  1.3707e-03
   60    145  5.3896e-06  7.8149e-04
   60    146  1.1103e-05  1.6210e-03
   60    148  8.6077e-06  1.2739e-03
   60    150  5.0333e-06  7.5499e-04
   62    147  9.5194e-06  1.3994e-03
   62    148  3.3270e-16  4.9239e-14
   62    149  3.5416e-06  5.2770e-04
   62    150  7.2254e-13  1.0838e-10
   62    152  9.4035e-06  1.4293e-03
   62    154  9.9601e-06  1.5339e-03
   63    151  7.5875e-06  1.1457e-03
   63    153  5.3406e-06  8.1711e-04
   64    154  1.4099e-14  2.1712e-12
   64    155  5.5889e-06  8.6629e-04
   64    156  1.0624e-05  1.6573e-03
   64    157  4.5019e-06  7.0680e-04
   64    158  9.1704e-06  1.4489e-03
   64    160  7.2334e-06  1.1574e-03
   65    159  6.0006e-06  9.5410e-04
   66    160  8.5281e-15  1.3645e-12
   66    161  3.0411e-06  4.8962e-04
   66    162  8.3858e-06  1.3585e-03
   66    163  4.0587e-06  6.6156e-04
   66    164  1.2025e-05  1.9721e-03
   67    165  4.0027e-06  6.6044e-04
   68    166  8.7702e-06  1.4559e-03
   68    167  3.6696e-06  6.1283e-04
   68    168  8.1533e-06  1.3698e-03
   68    170  3.8144e-06  6.4844e-04
   69    169  3.4827e-06  5.8857e-04
   70    170  7.5158e-16  1.2777e-13
   70    171  2.4558e-06  4.1994e-04
   70    172  2.7913e-06  4.8011e-04
   70    173  2.5208e-06  4.3610e-04
   70    174  3.8427e-06  6.6864e-04
   70    176  2.2437e-06  3.9490e-04
   71    175  1.8250e-06  3.1938e-04
   71    176  1.9164e-16  3.3729e-14
   72    176  1.7942e-18  3.1579e-16
   72    177  1.7706e-06  3.1340e-04
   72    178  3.1640e-06  5.6319e-04
   72    179  2.6410e-06  4.7274e-04
   72    180  3.5366e-06  6.3659e-04
   72    182  6.1053e-20  1.1112e-17
   73    181  2.7866e-06  5.0437e-04
   74    182  4.9962e-06  9.0930e-04
   74    183  1.4243e-06  2.6064e-04
   74    184  4.5921e-06  8.4496e-04
   74    186  4.6875e-06  8.7187e-04
   75    185  1.6058e-06  2.9708e-04
   75    187  1.2447e-06  2.3277e-04
   76    186  1.6203e-18  3.0138e-16
   76    187  1.0116e-08  1.8917e-06
   76    188  2.3753e-06  4.4655e-04
   76    189  2.1885e-06  4.1364e-04
   76    190  2.4708e-06  4.6946e-04
   76    192  9.5353e-07  1.8308e-04
   77    191  1.1542e-06  2.2046e-04
   77    193  7.8960e-07  1.5239e-04
   78    192  1.7766e-16  3.4110e-14
   78    194  5.1295e-07  9.9512e-05
   78    195  3.2683e-07  6.3731e-05
   78    196  1.1365e-07  2.2275e-05
   78    198  8.9229e-09  1.7667e-06
   79    197  4.5487e-08  8.9610e-06
   80    198  1.9022e-17  3.7663e-15
   80    199  2.1939e-09  4.3658e-07
   80    200  1.0071e-09  2.0143e-07
   80    201  7.5428e-10  1.5161e-07
   80    202  9.2394e-10  1.8664e-07
   80    204  1.9459e-09  3.9697e-07
   81    203  1.5044e-09  3.0538e-07
   81    205  3.9961e-10  8.1921e-08
   81    210  5.1062e-20  1.0723e-17
   82    204  1.0025e-20  2.0451e-18
   82    206  1.6696e-09  3.4394e-07
   82    207  1.8836e-09  3.8990e-07
   82    208  1.8742e-09  3.8983e-07
   82    211  2.8326e-15  5.9767e-13
   83    209  8.4286e-10  1.7616e-07
   84    214  2.5612e-16  5.4811e-14
   84    216  7.2768e-16  1.5718e-13
   84    218  1.9335e-16  4.2150e-14
   90    230  4.3727e-19  1.0057e-16
   90    232  3.0604e-13  7.1000e-11
   91    231  1.8087e-18  4.1781e-16
   92    234  1.4239e-18  3.3318e-16
   92    235  3.8982e-14  9.1608e-12
   92    236  5.1885e-17  1.2245e-14
   92    238  2.5903e-14  6.1649e-12
   94    240  2.0679e-20  4.9630e-18
   94    244  9.7216e-17  2.3721e-14
   95    244  2.0620e-20  5.0313e-18
   97    246  1.2370e-18  3.0430e-16
  100    258  2.2866e-17  5.8995e-15
  100    260  8.1441e-18  2.1175e-15
  100    262  1.5195e-18  3.9811e-16
  102    261  2.5783e-18  6.7294e-16
  102    263  5.9373e-19  1.5615e-16
  102    264  4.0443e-19  1.0677e-16
  102    266  2.9239e-20  7.7776e-18
  103    265  1.0259e-19  2.7186e-17
    1      1  3.1056e-09  3.1056e-09
    2      4  2.3041e-01  9.2166e-01


