    1      2  8.6945e-04  1.7389e-03
    1      3  2.8194e-20  8.4583e-20
    2      3  1.4404e-05  4.3213e-05
    3      7  7.3252e-11  5.1276e-10
    4      8  1.5205e-07  1.2164e-06
    4      9  8.7655e-11  7.8889e-10
    5     10  1.4924e-09  1.4924e-08
    5     11  3.2825e-09  3.6107e-08
    6     12  2.5241e-09  3.0290e-08
    6     13  5.1537e-09  6.6998e-08
    7     14  4.7498e-07  6.6497e-06
    7     15  4.2862e-07  6.4293e-06
    8     16  1.1356e-06  1.8169e-05
    8     17  1.1026e-08  1.8744e-07
    8     18  3.4187e-07  6.1536e-06
    9     19  2.3250e-08  4.4175e-07
   10     20  8.3442e-08  1.6688e-06
   10     21  5.6634e-08  1.1893e-06
   10     22  1.7789e-06  3.9136e-05
   11     23  4.1468e-07  9.5375e-06
   12     24  6.5786e-07  1.5789e-05
   12     25  4.8049e-07  1.2012e-05
   12     26  5.6307e-07  1.4640e-05
   13     27  5.7297e-09  1.5470e-07
   14     28  1.4508e-07  4.0621e-06
   14     29  8.5971e-09  2.4932e-07
   14     30  1.9345e-09  5.8036e-08
   15     31  3.7876e-09  1.1742e-07
   16     32  4.5485e-08  1.4555e-06
   16     33  4.4621e-09  1.4725e-07
   16     34  8.3107e-09  2.8256e-07
   16     36  7.0429e-08  2.5354e-06
   17     35  1.2769e-08  4.4691e-07
   17     37  3.3535e-09  1.2408e-07
   18     36  4.0927e-14  1.4734e-12
   18     38  2.3992e-08  9.1168e-07
   18     40  1.0045e-10  4.0182e-09
   19     39  7.1208e-10  2.7771e-08
   19     40  3.8713e-20  1.5485e-18
   19     41  1.4530e-11  5.9573e-10
   20     40  1.0407e-20  4.1630e-19
   20     42  1.0534e-10  4.4243e-09
   20     43  1.9704e-11  8.4727e-10
   20     44  1.5237e-10  6.7041e-09
   20     46  1.3448e-10  6.1859e-09
   21     45  7.1503e-11  3.2176e-09
   22     46  1.6158e-17  7.4328e-16
   22     47  3.8358e-11  1.8028e-09
   22     48  2.2688e-09  1.0890e-07
   22     49  4.5115e-11  2.2107e-09
   22     50  5.6571e-11  2.8286e-09
   23     51  8.5619e-12  4.3666e-10
   24     52  3.9853e-12  2.0724e-10
   24     53  6.1449e-12  3.2568e-10
   24     54  1.2945e-11  6.9902e-10
   25     55  1.1433e-12  6.2880e-11
   26     56  1.7177e-12  9.6190e-11
   26     57  5.4328e-12  3.0967e-10
   26     58  4.3540e-11  2.5253e-09
   27     59  4.6351e-13  2.7347e-11
   28     60  1.8564e-10  1.1138e-08
   28     61  7.3418e-13  4.4785e-11
   28     62  2.5489e-12  1.5803e-10
   28     64  1.1673e-10  7.4705e-09
   29     63  6.7668e-12  4.2631e-10
   29     65  6.0202e-13  3.9131e-11
   30     64  1.0860e-20  6.9502e-19
   30     66  6.3158e-12  4.1684e-10
   30     67  8.9196e-13  5.9761e-11
   30     68  5.6094e-12  3.8144e-10
   30     70  8.2034e-12  5.7424e-10
   31     69  5.3129e-13  3.6659e-11
   31     71  1.0727e-12  7.6160e-11
   32     70  3.7178e-15  2.6025e-13
   32     72  5.8812e-12  4.2345e-10
   32     73  1.0863e-12  7.9300e-11
   32     74  2.0267e-12  1.4998e-10
   32     76  1.9800e-11  1.5048e-09
   33     75  2.0807e-12  1.5605e-10
   34     76  1.9004e-14  1.4443e-12
   34     77  8.1839e-13  6.3016e-11
   34     78  1.7062e-11  1.3309e-09
   34     80  2.3722e-11  1.8977e-09
   34     82  7.7863e-11  6.3847e-09
   35     79  3.9388e-12  3.1117e-10
   35     81  2.5007e-12  2.0256e-10
   36     82  1.1849e-13  9.7163e-12
   36     83  1.9354e-12  1.6064e-10
   36     84  3.3997e-12  2.8558e-10
   36     86  4.6337e-11  3.9850e-09
   37     85  1.8946e-11  1.6104e-09
   37     87  5.5490e-12  4.8277e-10
   38     86  5.8128e-18  4.9990e-16
   38     87  3.9229e-14  3.4129e-12
   38     88  1.8004e-11  1.5844e-09
   39     89  5.9885e-12  5.3298e-10
   40     90  1.1111e-11  9.9999e-10
   40     91  5.4211e-12  4.9332e-10
   40     92  2.2824e-11  2.0998e-09
   40     94  8.1931e-12  7.7015e-10
   41     93  6.7920e-12  6.3166e-10
   42     95  1.2028e-11  1.1426e-09
   42     96  5.5010e-11  5.2810e-09
   42     97  8.6933e-12  8.4325e-10
   42     98  1.1977e-11  1.1737e-09
   42    100  1.2464e-11  1.2464e-09
   44     99  5.3205e-12  5.2673e-10
   44    100  5.2867e-15  5.2867e-13
   44    101  1.6587e-12  1.6753e-10
   44    102  4.7139e-12  4.8082e-10
   44    104  2.4299e-12  2.5271e-10
   45    103  2.1779e-12  2.2433e-10
   46    104  9.9821e-17  1.0381e-14
   46    105  1.4409e-12  1.5129e-10
   46    106  3.4003e-12  3.6043e-10
   46    108  5.3618e-12  5.7907e-10
   46    110  7.9365e-12  8.7301e-10
   47    107  1.4589e-12  1.5610e-10
   47    109  1.3709e-12  1.4943e-10
   48    110  6.6681e-15  7.3349e-13
   48    111  1.2720e-12  1.4119e-10
   48    112  4.3495e-12  4.8714e-10
   48    113  1.5649e-12  1.7683e-10
   48    114  7.3740e-12  8.4064e-10
   48    116  3.5853e-12  4.1590e-10
   49    113  6.8859e-20  7.7811e-18
   49    115  2.9253e-12  3.3641e-10
   50    115  2.3348e-18  2.6850e-16
   50    116  2.7895e-15  3.2358e-13
   50    117  9.2949e-13  1.0875e-10
   50    118  5.5388e-12  6.5358e-10
   50    119  2.0314e-12  2.4173e-10
   50    120  1.2675e-11  1.5210e-09
   50    122  2.1606e-11  2.6359e-09
   50    124  2.0386e-11  2.5279e-09
   51    121  2.8587e-12  3.4590e-10
   51    123  7.4336e-13  9.1434e-11
   52    122  4.1677e-15  5.0846e-13
   52    124  5.1959e-16  6.4429e-14
   52    125  7.7003e-12  9.6254e-10
   52    126  5.1066e-11  6.4343e-09
   52    128  4.3414e-11  5.5570e-09
   52    130  1.8126e-10  2.3564e-08
   53    127  3.4998e-12  4.4447e-10
   54    128  4.0789e-19  5.2210e-17
   54    129  2.5528e-11  3.2932e-09
   54    130  7.5763e-15  9.8492e-13
   54    131  4.3753e-10  5.7317e-08
   54    132  1.0616e-09  1.4013e-07
   54    134  2.2901e-09  3.0687e-07
   54    136  2.5885e-10  3.5203e-08
   55    133  1.6736e-09  2.2259e-07
   56    134  6.6387e-16  8.8958e-14
   56    135  5.3908e-10  7.2776e-08
   56    136  1.0837e-14  1.4738e-12
   56    137  1.0680e-11  1.4632e-09
   56    138  1.1628e-10  1.6047e-08
   57    139  2.7451e-11  3.8157e-09
   58    140  3.1804e-11  4.4526e-09
   58    142  1.7561e-11  2.4937e-09
   59    141  6.1904e-12  8.7284e-10
   60    142  3.3941e-19  4.8197e-17
   60    143  6.2129e-12  8.8845e-10
   60    144  8.4638e-12  1.2188e-09
   60    145  8.5153e-13  1.2347e-10
   60    146  4.0201e-12  5.8694e-10
   60    148  2.5556e-12  3.7823e-10
   60    150  5.1929e-12  7.7893e-10
   62    147  1.7682e-12  2.5993e-10
   62    148  3.1049e-17  4.5952e-15
   62    149  3.1448e-13  4.6857e-11
   62    150  5.7993e-15  8.6989e-13
   62    152  9.6252e-13  1.4630e-10
   62    154  8.2183e-13  1.2656e-10
   63    151  2.5613e-13  3.8675e-11
   63    153  4.0601e-13  6.2120e-11
   64    154  2.1061e-16  3.2434e-14
   64    155  1.3505e-13  2.0933e-11
   64    156  5.4136e-13  8.4453e-11
   64    157  1.1198e-13  1.7581e-11
   64    158  3.2518e-13  5.1378e-11
   64    160  5.2566e-13  8.4106e-11
   65    159  6.1988e-14  9.8561e-12
   66    160  8.9505e-18  1.4321e-15
   66    161  5.2266e-14  8.4149e-12
   66    162  1.1156e-13  1.8073e-11
   66    163  3.7724e-14  6.1490e-12
   66    164  8.3408e-14  1.3679e-11
   67    165  8.0273e-14  1.3245e-11
   68    166  2.4665e-13  4.0944e-11
   68    167  8.3139e-14  1.3884e-11
   68    168  1.1438e-13  1.9216e-11
   68    170  5.8214e-14  9.8964e-12
   69    169  1.2595e-13  2.1286e-11
   70    170  1.0751e-17  1.8277e-15
   70    171  5.7826e-14  9.8883e-12
   70    172  3.9908e-14  6.8641e-12
   70    173  2.0216e-14  3.4974e-12
   70    174  1.2302e-13  2.1406e-11
   70    176  1.0369e-13  1.8250e-11
   71    175  3.8998e-14  6.8246e-12
   71    176  2.9136e-18  5.1280e-16
   72    176  2.6959e-20  4.7448e-18
   72    177  5.5787e-14  9.8744e-12
   72    178  5.3698e-14  9.5582e-12
   72    179  3.1877e-14  5.7059e-12
   72    180  1.0648e-13  1.9167e-11
   73    181  1.1217e-13  2.0303e-11
   74    182  1.0043e-13  1.8279e-11
   74    183  8.0859e-14  1.4797e-11
   74    184  3.5266e-14  6.4890e-12
   74    186  3.9059e-14  7.2650e-12
   75    185  2.0787e-14  3.8456e-12
   75    187  5.8967e-14  1.1027e-11
   76    186  1.4959e-20  2.7823e-18
   76    187  5.5866e-16  1.0447e-13
   76    188  4.7383e-14  8.9080e-12
   76    189  1.4533e-13  2.7467e-11
   76    190  9.7051e-14  1.8440e-11
   76    192  9.2007e-13  1.7665e-10
   77    191  2.7857e-13  5.3208e-11
   77    193  6.5988e-14  1.2736e-11
   78    192  1.6216e-17  3.1134e-15
   78    194  2.0512e-13  3.9792e-11
   78    195  1.8140e-13  3.5373e-11
   78    196  2.4270e-13  4.7570e-11
   78    198  8.7403e-13  1.7306e-10
   79    197  3.5835e-13  7.0595e-11
   80    198  2.4412e-16  4.8335e-14
   80    199  1.8194e-13  3.6206e-11
   80    200  4.0055e-13  8.0110e-11
   80    201  6.3565e-14  1.2777e-11
   80    202  2.2881e-13  4.6220e-11
   80    204  5.3028e-13  1.0818e-10
   81    203  3.8690e-13  7.8541e-11
   81    205  1.0710e-12  2.1956e-10
   82    204  2.1094e-18  4.3032e-16
   82    207  5.4502e-11  1.1282e-08
   82    210  3.4730e-15  7.2932e-13
   82    212  1.3006e-13  2.7573e-11
   83    210  3.0567e-15  6.4190e-13
   83    214  1.3872e-14  2.9687e-12
   84    215  5.2067e-14  1.1194e-11
   84    216  1.7269e-16  3.7300e-14
   85    218  1.0139e-19  2.2103e-17
   88    226  6.7531e-20  1.5262e-17
   89    227  3.1303e-20  7.1058e-18
   90    230  3.1827e-18  7.3203e-16
   90    232  9.2583e-13  2.1479e-10
   91    231  4.6035e-17  1.0634e-14
   92    234  1.0363e-17  2.4249e-15
   92    235  1.0184e-12  2.3932e-10
   92    236  4.4453e-15  1.0491e-12
   92    238  1.8618e-13  4.4311e-11
   94    240  1.4631e-18  3.5114e-16
   94    244  1.0842e-14  2.6453e-12
   96    247  3.5127e-19  8.6764e-17
   97    246  4.2836e-17  1.0538e-14
  100    258  1.9549e-12  5.0437e-10
  100    260  1.1331e-11  2.9461e-09
  100    262  1.1355e-11  2.9750e-09
  102    260  2.3579e-19  6.1306e-17
  102    261  1.2128e-11  3.1653e-09
  102    263  2.3502e-11  6.1811e-09
  102    264  1.0589e-11  2.7956e-09
  102    266  6.2237e-12  1.6555e-09
  103    265  4.9248e-12  1.3051e-09
  104    267  1.6343e-11  4.3636e-09
  104    268  1.0841e-11  2.9054e-09
  104    270  5.3860e-12  1.4542e-09
  104    272  1.1760e-12  3.1986e-10
  104    274  1.4382e-12  3.9405e-10
  105    269  3.0798e-12  8.2846e-10
  105    271  1.8164e-12  4.9224e-10
  106    273  8.2339e-13  2.2479e-10
  106    274  4.8549e-20  1.3303e-17
  106    275  3.6403e-12  1.0011e-09
  106    276  1.3325e-11  3.6776e-09
  106    278  5.8596e-12  1.6290e-09
  106    280  7.8406e-12  2.1954e-09
  107    277  2.5498e-12  7.0630e-10
  108    279  1.8894e-11  5.2715e-09
  108    281  1.3857e-12  3.8939e-10
  108    282  6.7669e-11  1.9083e-08
  108    283  4.0168e-10  1.1368e-07
  108    284  1.1039e-08  3.1351e-06
  108    286  3.4358e-09  9.8264e-07
  110    285  9.5188e-10  2.7129e-07
  110    286  1.7698e-14  5.0615e-12
  110    287  1.6850e-08  4.8360e-06
  110    288  1.3625e-08  3.9239e-06
  110    290  2.2026e-08  6.3874e-06
  111    289  1.1219e-08  3.2423e-06
  111    290  2.2406e-13  6.4976e-11
  111    291  8.2698e-09  2.4065e-06
  111    292  1.0803e-07  3.1545e-05
  111    293  3.7935e-08  1.1115e-05
  111    294  1.7923e-07  5.2692e-05
  111    295  3.2075e-07  9.4620e-05
  111    296  8.2364e-07  2.4380e-04
  111    297  1.6366e-06  4.8608e-04
  111    298  2.6392e-06  7.8647e-04
  111    299  2.7165e-09  8.1223e-07
  111    300  1.3634e-08  4.0903e-06
  111    301  1.0455e-08  3.1471e-06
  111    302  9.6906e-09  2.9266e-06
  111    303  8.7625e-10  2.6550e-07
  111    304  4.9532e-10  1.5058e-07
  111    305  3.8597e-11  1.1772e-08
  111    306  6.0200e-11  1.8421e-08
  111    307  8.9848e-12  2.7583e-09
  111    308  3.1337e-12  9.6516e-10
  111    309  2.7041e-13  8.3558e-11
  111    310  1.2296e-12  3.8118e-10
  111    311  2.7137e-13  8.4395e-11
  111    312  6.0245e-13  1.8796e-10
  111    313  7.0609e-14  2.2101e-11
  111    314  5.1485e-13  1.6166e-10
  111    315  2.1204e-14  6.6793e-12
  111    316  7.0464e-13  2.2266e-10
  111    317  1.3725e-14  4.3510e-12
  111    318  3.2753e-13  1.0415e-10
  111    319  3.4889e-15  1.1130e-12
  111    320  6.4224e-14  2.0552e-11
  111    321  4.1671e-16  1.3376e-13
  111    322  4.8191e-15  1.5517e-12
  111    323  7.6684e-16  2.4769e-13
  111    324  8.7480e-16  2.8344e-13
  111    325  3.2415e-16  1.0535e-13
  111    326  1.4723e-16  4.7996e-14
  111    327  9.0279e-16  2.9521e-13
  111    328  2.8518e-16  9.3541e-14
  111    329  2.3476e-15  7.7236e-13
  111    330  3.0797e-16  1.0163e-13
  111    331  2.1722e-15  7.1899e-13
  111    332  2.0732e-16  6.8829e-14
  111    333  2.7606e-15  9.1927e-13
  111    334  1.8144e-16  6.0601e-14
  111    335  2.6013e-15  8.7142e-13
  111    336  9.6012e-17  3.2260e-14
  111    337  5.2478e-05  1.7685e-02
    1      1  2.1488e-02  2.1488e-02
    2      4  2.2617e+04  9.0467e+04


