1  4.5270e-09
2  1.0763e-08
3  1.1946e-09
4  2.2264e-01
5  0.0000e+00
6  2.8265e-11
7  1.8454e-09
8  9.5516e-09
9  4.2687e-09
10  1.3453e-07
11  2.8861e-09
12  5.7042e-09
13  1.0885e-07
14  5.3627e-08
15  7.9713e-06
16  2.1714e-07
17  8.0088e-09
18  4.7563e-08
19  6.5077e-07
20  9.4111e-07
21  5.0111e-07
22  5.0340e-09
23  6.9949e-07
24  2.5212e-07
25  3.6886e-07
26  5.6928e-08
27  9.5860e-08
28  1.8093e-07
29  5.2029e-08
30  4.2018e-08
31  2.9913e-08
32  7.0143e-08
33  3.9908e-07
34  3.1221e-07
35  1.4828e-08
36  1.6030e-08
37  6.5168e-09
38  2.8838e-08
39  2.5244e-08
40  9.1100e-09
41  4.4815e-08
42  1.2832e-07
43  2.7404e-08
44  3.8839e-08
45  3.5362e-08
46  1.2610e-08
47  1.9666e-08
48  3.4106e-08
49  2.1523e-08
50  1.9879e-08
51  1.1808e-08
52  4.9220e-08
53  3.0867e-08
54  1.6013e-08
55  8.7721e-09
56  2.4975e-08
57  7.2259e-08
58  2.3992e-09
59  3.5521e-09
60  7.0218e-09
61  1.1120e-08
62  1.0043e-08
63  5.6712e-08
64  2.6918e-08
65  2.4694e-08
66  5.0285e-08
67  3.2616e-08
68  1.7847e-08
69  1.1332e-08
70  4.1781e-08
71  1.1415e-08
72  4.7555e-08
73  2.5655e-08
74  7.5914e-08
75  1.9150e-07
76  2.1060e-07
77  1.8989e-07
78  1.3325e-07
79  1.2978e-07
80  4.9645e-07
81  2.8747e-07
82  2.6879e-07
83  2.9606e-07
84  1.2037e-07
85  9.6368e-08
86  1.9588e-07
87  1.6741e-07
88  1.5045e-07
89  1.0138e-07
90  1.5886e-07
91  4.0382e-08
92  8.2170e-08
93  7.1495e-08
94  2.2065e-07
95  1.5187e-07
96  1.3526e-07
97  1.3847e-07
98  2.4637e-08
99  2.6970e-08
100  3.2817e-08
101  3.8153e-08
102  2.6770e-08
103  3.7031e-08
104  4.4822e-08
105  4.4218e-08
106  9.1963e-08
107  8.6841e-08
108  2.5397e-07
109  1.8662e-06
110  3.8340e-06
111  6.4605e-07
112  2.6441e-06
113  1.5684e-06
114  1.7307e-06
115  1.4273e-06
116  1.6583e-07
117  2.4973e-07
118  1.4056e-07
119  8.6165e-08
120  3.2549e-07
121  1.8347e-07
122  3.2295e-07
123  2.8283e-07
124  1.2313e-06
125  1.3553e-06
126  2.7096e-06
127  3.0980e-06
128  4.1199e-06
129  4.1170e-06
130  2.7603e-06
131  1.6567e-06
132  1.3006e-06
133  8.2040e-07
134  8.9490e-07
135  6.6663e-07
136  1.2159e-06
137  1.1695e-06
138  9.7602e-07
139  4.5560e-07
140  6.4871e-07
141  1.2983e-06
142  5.9567e-07
143  5.7726e-07
144  1.0257e-06
145  5.0161e-07
146  5.3462e-07
147  4.5716e-07
148  2.6164e-07
149  1.3795e-07
150  2.3996e-07
151  1.9174e-07
152  3.6570e-07
153  2.1317e-07
154  4.3411e-07
155  3.4629e-07
156  3.5333e-07
157  3.5218e-07
158  6.8643e-07
159  1.2908e-07
160  5.0353e-07
161  3.5110e-07
162  3.5030e-07
163  2.4543e-07
164  7.1854e-07
165  4.5138e-07
166  9.6603e-07
167  5.5973e-07
168  5.1471e-07
169  8.6390e-07
170  3.8340e-07
171  3.9229e-07
172  4.8266e-07
173  4.1617e-07
174  9.7946e-07
175  6.7760e-07
176  1.0706e-06
177  1.3840e-06
178  9.9682e-07
179  6.1677e-07
180  8.1275e-07
181  8.5948e-07
182  6.8341e-07
183  3.7728e-07
184  2.6689e-07
185  1.4034e-07
186  1.8189e-07
187  9.6077e-08
188  2.1046e-07
189  2.7880e-07
190  1.1803e-06
191  2.2302e-06
192  4.6786e-06
193  6.1109e-06
194  1.2767e-05
195  1.7002e-05
196  1.9030e-05
197  1.7060e-05
198  1.0392e-05
199  4.4939e-06
200  2.4495e-06
201  5.3644e-07
202  6.1108e-07
203  4.7055e-07
204  6.7949e-07
205  7.9687e-07
206  2.1720e-05
207  2.3882e-05
208  1.4954e-05
209  3.7702e-05
210  2.8129e-12
211  7.9394e-18
212  8.3683e-18
213  3.5108e-44
214  1.4732e-18
215  2.1887e-24
216  9.6959e-24
217  5.9861e-95
218  2.5318e-20
219  3.0721e-21
220  3.7179e-21
221  1.0237e-320
222  4.4944e-17
223  7.6644e-16
224  2.0997e-17
225  2.1159e-40
226  6.8772e-12
227  5.3422e-13
228  6.7524e-11
229  7.8923e-30
230  3.2412e-10
231  7.9906e-10
232  2.9556e-05
233  2.8205e-27
234  1.0554e-09
235  1.7222e-05
236  9.1350e-08
237  -6.1240e-319
238  1.9200e-05
239  6.5435e-17
240  1.8084e-11
241  0.0000e+00
242  3.2495e-123
243  2.0004e-17
244  2.2012e-07
245  0.0000e+00
246  3.5047e-09
247  4.2220e-14
248  2.6235e-122
249  0.0000e+00
250  0.0000e+00
251  5.4810e-314
252  0.0000e+00
253  0.0000e+00
254  0.0000e+00
255  0.0000e+00
256  0.0000e+00
257  5.0828e-26
258  4.8932e-06
259  4.9735e-26
260  5.6722e-06
261  4.5364e-06
262  5.4948e-06
263  5.3658e-06
264  6.7732e-06
265  5.3867e-06
266  6.9781e-06
267  3.9579e-06
268  3.2906e-06
269  6.8846e-06
270  7.7551e-06
271  7.5429e-06
272  1.2208e-05
273  1.4342e-05
274  1.3647e-05
275  1.1178e-05
276  1.3708e-05
277  3.6356e-06
278  4.6449e-06
279  1.6118e-06
280  4.9983e-07
281  1.3135e-07
282  1.7624e-07
283  1.4532e-07
284  2.6026e-07
285  3.0977e-07
286  3.7225e-07
287  3.4739e-07
288  3.6579e-07
289  2.0504e-07
290  2.4274e-07
291  1.1049e-07
292  8.8346e-07
293  4.2467e-07
294  8.3878e-07
295  4.5821e-07
296  3.8400e-07
297  2.1079e-07
298  3.1129e-07
299  4.7184e-08
300  2.7921e-08
301  7.5941e-07
302  7.0855e-07
303  4.7187e-07
304  4.6789e-07
305  1.2336e-07
306  2.7284e-07
307  1.6750e-07
308  6.3239e-08
309  5.9752e-08
310  8.9482e-08
311  3.0492e-08
312  2.6040e-08
313  2.3793e-08
314  1.7761e-08
315  1.4377e-08
316  1.8563e-08
317  7.8847e-09
318  1.3981e-08
319  6.8440e-09
320  7.4854e-09
321  4.3962e-09
322  3.1084e-09
323  7.7167e-09
324  5.2151e-09
325  7.1320e-10
326  3.8429e-09
327  4.1148e-09
328  5.1788e-10
329  1.8914e-09
330  9.9441e-10
331  4.6482e-10
332  7.7745e-10
333  1.6476e-10
334  1.2828e-10
335  1.3012e-11
336  2.1000e-10
337  1.1502e-10

