1  3.0906e-02
2  1.5367e-03
3  2.9327e-05
4  2.2789e-01
5  0.0000e+00
6  7.8991e-23
7  4.2142e-11
8  2.7768e-07
9  3.3185e-11
10  7.8721e-10
11  2.0642e-09
12  1.8089e-09
13  4.2886e-09
14  7.4029e-07
15  6.4147e-07
16  1.5456e-06
17  1.3249e-08
18  4.9231e-07
19  4.3508e-08
20  1.0109e-06
21  3.2025e-08
22  1.3283e-06
23  5.7234e-07
24  2.7024e-06
25  7.8613e-07
26  1.2692e-06
27  1.1918e-08
28  4.1128e-07
29  3.9947e-08
30  7.5513e-09
31  1.2691e-08
32  1.8533e-07
33  1.6982e-08
34  1.6697e-07
35  1.2158e-08
36  6.4642e-07
37  3.7756e-08
38  2.0908e-07
39  6.0684e-09
40  1.1184e-09
41  9.2357e-11
42  8.6288e-10
43  1.2886e-10
44  1.6698e-09
45  3.3779e-10
46  1.0121e-09
47  2.4684e-10
48  1.9472e-08
49  5.0833e-10
50  6.7024e-10
51  1.1615e-10
52  1.9337e-10
53  1.0338e-10
54  1.5618e-10
55  3.8428e-11
56  6.5744e-11
57  7.4326e-11
58  5.2499e-10
59  5.3147e-12
60  1.8564e-09
61  5.1501e-12
62  3.7321e-11
63  1.0927e-10
64  1.1666e-09
65  5.8343e-12
66  5.7464e-11
67  7.4320e-12
68  7.1639e-11
69  7.0126e-12
70  1.0834e-10
71  1.2526e-11
72  6.6210e-11
73  1.8379e-11
74  1.6918e-10
75  5.3333e-11
76  3.0330e-10
77  8.6808e-12
78  2.2379e-10
79  7.2826e-11
80  7.8685e-10
81  8.3286e-11
82  8.0922e-10
83  2.2250e-11
84  1.0884e-10
85  1.2211e-10
86  5.0910e-10
87  1.6995e-10
88  1.7228e-10
89  1.7329e-10
90  1.4026e-10
91  4.2216e-11
92  9.1853e-11
93  1.1566e-10
94  1.3815e-10
95  4.7911e-11
96  3.5824e-10
97  5.4090e-11
98  1.1710e-10
99  3.3690e-11
100  1.1146e-10
101  1.5189e-11
102  3.9886e-11
103  1.6154e-11
104  3.4286e-11
105  1.8471e-11
106  3.5235e-11
107  1.4045e-11
108  4.8127e-11
109  1.2463e-11
110  7.2593e-11
111  1.1830e-11
112  2.6584e-11
113  1.9793e-11
114  6.6545e-11
115  4.1685e-11
116  5.5177e-11
117  7.4655e-12
118  4.9294e-11
119  1.9367e-11
120  1.0329e-10
121  2.8543e-11
122  1.8751e-10
123  6.3353e-12
124  1.7995e-10
125  5.6069e-11
126  3.7373e-10
127  1.8228e-11
128  2.5915e-10
129  9.6876e-11
130  3.8721e-10
131  1.0236e-09
132  4.2255e-09
133  4.3587e-09
134  1.2192e-08
135  5.3982e-09
136  3.4843e-09
137  1.1135e-10
138  2.3967e-10
139  2.2460e-10
140  5.5830e-10
141  4.1050e-11
142  2.1896e-11
143  3.2664e-11
144  8.7777e-11
145  8.3698e-12
146  2.0125e-11
147  2.5714e-11
148  3.8916e-11
149  2.3437e-12
150  4.6203e-11
151  2.7409e-12
152  1.0703e-11
153  5.5995e-12
154  1.0127e-11
155  1.3745e-12
156  4.4637e-12
157  1.1174e-12
158  1.9832e-12
159  4.3683e-13
160  5.4914e-12
161  3.3072e-13
162  9.9048e-13
163  3.9429e-13
164  9.0017e-13
165  8.6392e-13
166  1.4892e-12
167  9.7215e-13
168  9.6330e-13
169  2.8192e-12
170  1.3993e-12
171  9.3383e-13
172  4.3399e-13
173  3.0293e-13
174  2.4355e-12
175  6.4196e-13
176  1.4161e-12
177  7.2758e-13
178  6.5851e-13
179  6.1954e-13
180  1.0816e-12
181  6.6457e-12
182  3.8806e-12
183  5.0374e-13
184  2.1491e-13
185  1.2450e-13
186  1.9658e-13
187  4.0893e-13
188  1.7726e-13
189  8.3891e-13
190  7.0632e-13
191  1.4997e-12
192  8.2678e-12
193  7.1731e-13
194  2.3917e-12
195  1.5605e-12
196  1.6975e-12
197  2.9723e-12
198  7.7967e-12
199  5.6432e-13
200  1.4838e-12
201  1.0080e-12
202  1.8745e-12
203  2.2207e-12
204  6.4221e-12
205  5.8373e-12
206  2.1695e-11
207  -1.3148e-10
208  2.7968e-11
209  8.4944e-11
210  1.1695e-23
211  5.6120e-13
212  2.2773e-34
213  4.6348e-44
214  3.9115e-26
215  8.3415e-31
216  3.1430e-46
217  2.2187e-25
218  1.1766e-14
219  5.9281e-28
220  1.1564e-14
221  5.3010e-38
222  3.2405e-24
223  1.4790e-22
224  3.0305e-24
225  3.7658e-43
226  4.9585e-19
227  1.0309e-19
228  9.7456e-18
229  1.3253e-32
230  2.3369e-17
231  1.5419e-16
232  4.2657e-12
233  6.9922e-30
234  7.6097e-17
235  3.3232e-12
236  1.7226e-14
237  -1.9629e-318
238  1.3844e-12
239  2.5824e-21
240  3.4055e-18
241  0.0000e+00
242  1.1549e-60
243  7.8943e-22
244  4.1453e-14
245  0.0000e+00
246  3.0650e-16
247  1.6662e-18
248  3.7246e-60
249  0.0000e+00
250  0.0000e+00
251  7.2974e-277
252  0.0000e+00
253  0.0000e+00
254  0.0000e+00
255  0.0000e+00
256  0.0000e+00
257  1.5042e-26
258  9.4579e-12
259  5.1502e-26
260  4.7613e-11
261  1.4059e-10
262  2.0084e-10
263  2.8742e-10
264  1.0703e-10
265  1.9722e-10
266  7.1176e-11
267  1.1488e-11
268  3.6605e-12
269  1.5221e-11
270  1.6039e-11
271  7.5035e-12
272  4.2114e-12
273  5.8683e-12
274  1.6864e-12
275  8.2523e-12
276  2.5334e-11
277  8.3456e-12
278  1.1801e-11
279  5.2512e-11
280  8.0124e-11
281  3.2753e-11
282  1.6388e-10
283  1.3241e-09
284  1.1755e-08
285  2.6132e-08
286  2.9359e-08
287  1.0021e-08
288  3.3860e-09
289  2.6112e-09
290  1.6243e-09
291  1.7095e-09
292  1.8953e-09
293  8.0049e-09
294  2.6043e-08
295  1.7504e-08
296  2.1444e-08
297  8.1292e-09
298  1.5319e-08
299  2.8727e-09
300  3.0647e-09
301  2.7317e-08
302  4.5261e-08
303  4.7372e-08
304  6.4689e-08
305  5.6995e-08
306  6.3150e-08
307  5.7590e-08
308  6.0594e-08
309  3.6741e-08
310  4.4022e-08
311  2.9303e-08
312  3.4098e-08
313  2.0117e-08
314  2.8115e-08
315  2.2948e-08
316  2.7825e-08
317  2.4534e-08
318  4.0444e-08
319  3.6699e-08
320  3.9636e-08
321  2.5565e-08
322  3.1763e-08
323  2.6490e-08
324  3.0784e-08
325  3.9880e-08
326  3.4547e-08
327  2.8372e-08
328  2.1504e-08
329  3.0761e-08
330  2.3462e-08
331  2.8713e-08
332  1.9924e-08
333  3.1792e-08
334  2.0445e-08
335  2.5467e-08
336  1.4848e-08
337  1.5916e-04

