1  6.8417e-09
2  2.1640e-01
3  5.1302e-10
4  1.4117e-09
5  1.1775e-08
6  1.7858e-07
7  5.4181e-06
8  1.6404e-07
9  5.7998e-07
10  1.1362e-06
11  7.8579e-07
12  6.1974e-07
13  2.0509e-07
14  7.1903e-07
15  7.2254e-08
16  1.7750e-06
17  4.6121e-08
18  1.0546e-07
19  2.0416e-07
20  6.8946e-07
21  1.0340e-07
22  3.9241e-07
23  3.0251e-08
24  3.3830e-07
25  5.4978e-08
26  3.0205e-07
27  7.5308e-09
28  2.0603e-07
29  1.9450e-07
30  3.9330e-07
31  1.0426e-07
32  1.8512e-06
33  1.0178e-06
34  6.8989e-06
35  3.4421e-06
36  4.0204e-06
37  2.0842e-06
38  1.3867e-06
39  5.5083e-07
40  4.4428e-06
41  9.7118e-07
42  2.4789e-06
43  2.6437e-32
44  1.6018e-06
45  3.2784e-07
46  2.1028e-05
47  1.1613e-05
48  2.4619e-05
49  2.5345e-06
50  1.0563e-05
51  2.2317e-06
52  4.4655e-05
53  1.6364e-05
54  3.4411e-05
55  3.3371e-06
56  1.2831e-05
57  2.6815e-06
58  8.5986e-06
59  1.0054e-05
60  2.1679e-05
61  7.5262e-84
62  9.9655e-06
63  7.2911e-06
64  2.2279e-05
65  3.7591e-06
66  2.0118e-05
67  3.7574e-06
68  2.2354e-05
69  5.6671e-06
70  3.6397e-05
71  7.6225e-06
72  2.3952e-05
73  2.0853e-06
74  6.3635e-06
75  3.2162e-06
76  9.3469e-05
77  9.2159e-05
78  1.3832e-04
79  1.4637e-05
80  5.1520e-06
81  2.4218e-06
82  2.0417e-05
83  6.1791e-06
84  4.7022e-17
85  9.8109e-26
86  1.2982e-18
87  4.3639e-22
88  3.4870e-12
89  1.6456e-14
90  1.4394e-06
91  2.4671e-11
92  1.0882e-06
93  6.8138e-21
94  4.6338e-09
95  2.9388e-19
96  6.2136e-16
97  7.7058e-11
98  -2.3698e-314
99  5.3359e-322
100  9.3959e-08
101  6.8114e-313
102  7.0763e-08
103  9.9706e-09
104  2.0820e-08
105  1.0713e-08
106  4.0199e-09
107  1.0230e-10
108  2.9753e-11
109  -5.9555e-320
110  8.1163e-12
111  1.1032e-11
112  0.0000e+00
113  0.0000e+00
114  0.0000e+00
115  0.0000e+00
116  0.0000e+00
117  0.0000e+00
118  0.0000e+00

