    1      2  5.1676e-04  1.0335e-03
    1      3  1.5183e-20  4.5548e-20
    2      3  7.7567e-06  2.3270e-05
    3      7  9.7185e-11  6.8029e-10
    4      8  1.0035e-07  8.0278e-07
    4      9  1.5639e-10  1.4075e-09
    5     10  2.0993e-09  2.0993e-08
    5     11  4.1184e-09  4.5302e-08
    6     12  2.9057e-09  3.4868e-08
    6     13  5.4536e-09  7.0897e-08
    7     14  4.2207e-07  5.9089e-06
    7     15  3.8689e-07  5.8033e-06
    8     16  1.1093e-06  1.7749e-05
    8     17  1.1986e-08  2.0376e-07
    8     18  3.2272e-07  5.8090e-06
    9     19  1.8283e-08  3.4738e-07
   10     20  8.6667e-08  1.7333e-06
   10     21  6.7462e-08  1.4167e-06
   10     22  1.4268e-06  3.1389e-05
   11     23  3.2190e-07  7.4038e-06
   12     24  4.2215e-07  1.0132e-05
   12     25  2.9603e-07  7.4008e-06
   12     26  3.1741e-07  8.2527e-06
   13     27  3.4665e-09  9.3595e-08
   14     28  8.3484e-08  2.3376e-06
   14     29  4.8126e-09  1.3956e-07
   14     30  1.0784e-09  3.2351e-08
   15     31  2.1735e-09  6.7378e-08
   16     32  2.5130e-08  8.0414e-07
   16     33  2.4585e-09  8.1130e-08
   16     34  4.3776e-09  1.4884e-07
   16     36  4.4310e-08  1.5951e-06
   17     35  9.9672e-09  3.4885e-07
   17     37  2.1295e-09  7.8793e-08
   18     36  2.7434e-14  9.8764e-13
   18     38  1.5140e-08  5.7530e-07
   18     40  5.8120e-11  2.3248e-09
   19     39  4.3577e-10  1.6995e-08
   19     40  2.0404e-20  8.1617e-19
   19     41  9.3881e-12  3.8491e-10
   20     42  6.6584e-11  2.7965e-09
   20     43  1.2621e-11  5.4268e-10
   20     44  1.0127e-10  4.4560e-09
   20     46  8.2139e-11  3.7784e-09
   21     45  4.5220e-11  2.0349e-09
   22     46  9.1949e-18  4.2297e-16
   22     47  2.6261e-11  1.2343e-09
   22     48  1.3506e-09  6.4831e-08
   22     49  2.9349e-11  1.4381e-09
   22     50  3.3726e-11  1.6863e-09
   23     51  5.4940e-12  2.8019e-10
   24     52  2.6055e-12  1.3549e-10
   24     53  3.9784e-12  2.1085e-10
   24     54  7.8876e-12  4.2593e-10
   25     55  7.0598e-13  3.8829e-11
   26     56  1.2583e-12  7.0465e-11
   26     57  3.5598e-12  2.0291e-10
   26     58  2.6719e-11  1.5497e-09
   27     59  2.9907e-13  1.7645e-11
   28     60  1.1035e-10  6.6210e-09
   28     61  4.5095e-13  2.7508e-11
   28     62  1.5586e-12  9.6633e-11
   28     64  6.7252e-11  4.3041e-09
   29     63  4.0771e-12  2.5686e-10
   29     65  3.5598e-13  2.3139e-11
   30     66  3.9239e-12  2.5898e-10
   30     67  5.5550e-13  3.7218e-11
   30     68  3.3914e-12  2.3061e-10
   30     70  5.0358e-12  3.5251e-10
   31     69  3.5023e-13  2.4166e-11
   31     71  6.9659e-13  4.9458e-11
   32     70  2.2589e-15  1.5812e-13
   32     72  4.0754e-12  2.9343e-10
   32     73  7.4210e-13  5.4173e-11
   32     74  1.4275e-12  1.0564e-10
   32     76  1.2786e-11  9.7172e-10
   33     75  1.5574e-12  1.1680e-10
   34     76  1.2955e-14  9.8462e-13
   34     77  5.8160e-13  4.4783e-11
   34     78  1.1781e-11  9.1891e-10
   34     80  1.5185e-11  1.2148e-09
   34     82  4.7432e-11  3.8894e-09
   35     79  2.6198e-12  2.0696e-10
   35     81  1.6995e-12  1.3766e-10
   36     82  7.7235e-14  6.3333e-12
   36     83  1.2844e-12  1.0661e-10
   36     84  2.2511e-12  1.8909e-10
   36     86  2.7610e-11  2.3745e-09
   37     85  1.2804e-11  1.0883e-09
   37     87  3.8253e-12  3.3280e-10
   38     86  3.5062e-18  3.0153e-16
   38     87  2.8008e-14  2.4367e-12
   38     88  1.0740e-11  9.4515e-10
   39     89  3.7075e-12  3.2997e-10
   40     90  6.7182e-12  6.0464e-10
   40     91  3.3139e-12  3.0156e-10
   40     92  1.3662e-11  1.2569e-09
   40     94  4.9533e-12  4.6561e-10
   41     93  4.0242e-12  3.7425e-10
   42     95  7.2219e-12  6.8608e-10
   42     96  3.0510e-11  2.9290e-09
   42     97  4.9647e-12  4.8157e-10
   42     98  6.7045e-12  6.5704e-10
   42    100  6.8711e-12  6.8711e-10
   44     99  2.9542e-12  2.9246e-10
   44    100  2.7172e-15  2.7172e-13
   44    101  9.2080e-13  9.3000e-11
   44    102  2.6456e-12  2.6985e-10
   44    104  1.3360e-12  1.3895e-10
   45    103  1.2102e-12  1.2465e-10
   46    104  5.0426e-17  5.2443e-15
   46    105  8.4819e-13  8.9060e-11
   46    106  1.9623e-12  2.0801e-10
   46    108  3.0802e-12  3.3266e-10
   46    110  4.4711e-12  4.9182e-10
   47    107  8.3555e-13  8.9404e-11
   47    109  7.9164e-13  8.6289e-11
   48    110  3.5038e-15  3.8542e-13
   48    111  7.1456e-13  7.9316e-11
   48    112  2.5177e-12  2.8199e-10
   48    113  8.9151e-13  1.0074e-10
   48    114  4.1974e-12  4.7850e-10
   48    116  1.9434e-12  2.2543e-10
   49    113  3.9236e-20  4.4337e-18
   49    115  1.6274e-12  1.8715e-10
   50    115  1.2984e-18  1.4932e-16
   50    116  1.3903e-15  1.6128e-13
   50    117  5.5748e-13  6.5225e-11
   50    118  3.2805e-12  3.8710e-10
   50    119  1.1676e-12  1.3895e-10
   50    120  7.0245e-12  8.4294e-10
   50    122  1.1458e-11  1.3979e-09
   50    124  1.0581e-11  1.3120e-09
   51    121  1.5775e-12  1.9088e-10
   51    123  3.9861e-13  4.9028e-11
   52    122  2.1520e-15  2.6254e-13
   52    124  2.5700e-16  3.1868e-14
   52    125  3.9908e-12  4.9885e-10
   52    126  2.6678e-11  3.3614e-09
   52    128  2.4396e-11  3.1227e-09
   52    130  1.2009e-10  1.5612e-08
   53    127  1.9266e-12  2.4468e-10
   53    129  5.9615e-19  7.6903e-17
   54    128  1.9693e-19  2.5207e-17
   54    129  1.5490e-11  1.9982e-09
   54    130  4.1239e-15  5.3611e-13
   54    131  2.8220e-10  3.6968e-08
   54    132  6.9733e-10  9.2048e-08
   54    134  1.2158e-09  1.6291e-07
   54    136  1.2553e-10  1.7072e-08
   55    133  1.0414e-09  1.3851e-07
   56    134  3.4812e-16  4.6648e-14
   56    135  2.7084e-10  3.6563e-08
   56    136  4.8509e-15  6.5972e-13
   56    137  5.2712e-12  7.2215e-10
   56    138  5.8937e-11  8.1333e-09
   57    139  1.3269e-11  1.8444e-09
   58    140  1.4862e-11  2.0807e-09
   58    142  8.7421e-12  1.2414e-09
   59    141  3.0182e-12  4.2557e-10
   60    142  1.4358e-19  2.0389e-17
   60    143  2.9580e-12  4.2300e-10
   60    144  3.8779e-12  5.5842e-10
   60    145  4.0225e-13  5.8326e-11
   60    146  1.9493e-12  2.8460e-10
   60    148  1.1606e-12  1.7177e-10
   60    150  2.3756e-12  3.5635e-10
   62    147  8.2647e-13  1.2149e-10
   62    148  1.3174e-17  1.9498e-15
   62    149  1.5051e-13  2.2425e-11
   62    150  2.6150e-15  3.9225e-13
   62    152  4.4683e-13  6.7919e-11
   62    154  3.6314e-13  5.5923e-11
   63    151  1.1799e-13  1.7817e-11
   63    153  1.8547e-13  2.8377e-11
   64    154  8.9364e-17  1.3762e-14
   64    155  6.2668e-14  9.7135e-12
   64    156  2.4755e-13  3.8618e-11
   64    157  5.1755e-14  8.1256e-12
   64    158  1.5004e-13  2.3707e-11
   64    160  2.2277e-13  3.5642e-11
   65    159  2.8261e-14  4.4935e-12
   66    160  3.6986e-18  5.9178e-16
   66    161  2.3878e-14  3.8443e-12
   66    162  4.8998e-14  7.9377e-12
   66    163  1.6599e-14  2.7057e-12
   66    164  3.5273e-14  5.7848e-12
   67    165  3.6302e-14  5.9899e-12
   68    166  1.0607e-13  1.7608e-11
   68    167  3.6160e-14  6.0388e-12
   68    168  4.7539e-14  7.9866e-12
   68    170  2.3708e-14  4.0304e-12
   69    169  5.3567e-14  9.0528e-12
   70    170  4.2402e-18  7.2083e-16
   70    171  2.5412e-14  4.3455e-12
   70    172  1.7149e-14  2.9497e-12
   70    173  8.5600e-15  1.4809e-12
   70    174  5.1428e-14  8.9485e-12
   70    176  4.2094e-14  7.4085e-12
   71    175  1.6287e-14  2.8502e-12
   71    176  1.0708e-18  1.8845e-16
   72    176  1.0024e-20  1.7642e-18
   72    177  2.4623e-14  4.3582e-12
   72    178  2.3160e-14  4.1226e-12
   72    179  1.3536e-14  2.4229e-12
   72    180  4.5008e-14  8.1014e-12
   73    181  4.6583e-14  8.4315e-12
   74    182  4.1213e-14  7.5008e-12
   74    183  3.5201e-14  6.4418e-12
   74    184  1.5261e-14  2.8080e-12
   74    186  1.6772e-14  3.1197e-12
   75    185  8.9452e-15  1.6549e-12
   75    187  2.5235e-14  4.7189e-12
   76    187  2.0507e-16  3.8348e-14
   76    188  2.0765e-14  3.9039e-12
   76    189  6.2463e-14  1.1806e-11
   76    190  4.0602e-14  7.7143e-12
   76    192  3.8042e-13  7.3042e-11
   77    191  1.2411e-13  2.3705e-11
   77    193  2.6920e-14  5.1955e-12
   78    192  6.6439e-18  1.2756e-15
   78    194  8.4018e-14  1.6299e-11
   78    195  8.1801e-14  1.5951e-11
   78    196  1.0318e-13  2.0224e-11
   78    198  3.6239e-13  7.1753e-11
   79    197  1.6341e-13  3.2192e-11
   80    198  9.9053e-17  1.9613e-14
   80    199  7.9400e-14  1.5801e-11
   80    200  1.6310e-13  3.2621e-11
   80    201  2.5919e-14  5.2097e-12
   80    202  9.0126e-14  1.8205e-11
   80    204  2.1722e-13  4.4312e-11
   81    203  1.6093e-13  3.2668e-11
   81    205  4.6040e-13  9.4382e-11
   82    204  7.6962e-19  1.5700e-16
   82    206  9.3230e-13  1.9205e-10
   82    207  2.8119e-12  5.8207e-10
   82    208  4.4085e-10  9.1696e-08
   82    212  2.1604e-15  4.5799e-13
   83    209  2.8147e-09  5.8826e-07
   88    226  3.0588e-20  6.9130e-18
   89    227  1.2888e-20  2.9256e-18
   90    230  1.4416e-18  3.3157e-16
   90    232  4.0394e-13  9.3715e-11
   91    231  1.9322e-17  4.4634e-15
   92    234  4.6943e-18  1.0985e-15
   92    235  4.1645e-13  9.7865e-11
   92    236  1.7315e-15  4.0863e-13
   92    238  8.5399e-14  2.0325e-11
   94    240  3.4276e-19  8.2262e-17
   94    244  4.1722e-15  1.0180e-12
   96    247  2.1353e-20  5.2741e-18
   97    246  1.9445e-17  4.7836e-15
  100    258  8.3891e-13  2.1644e-10
  100    260  4.8364e-12  1.2575e-09
  100    262  4.9269e-12  1.2908e-09
  102    260  8.4970e-20  2.2092e-17
  102    261  5.4032e-12  1.4102e-09
  102    263  9.5309e-12  2.5066e-09
  102    264  4.2768e-12  1.1291e-09
  102    266  2.6519e-12  7.0540e-10
  103    265  2.1690e-12  5.7480e-10
  104    267  6.4121e-12  1.7120e-09
  104    268  3.8407e-12  1.0293e-09
  104    270  2.2715e-12  6.1331e-10
  104    272  4.6223e-13  1.2573e-10
  104    274  6.0760e-13  1.6648e-10
  105    269  1.1483e-12  3.0890e-10
  105    271  6.6594e-13  1.8047e-10
  106    273  3.4631e-13  9.4541e-11
  106    274  1.5965e-20  4.3745e-18
  106    275  1.5453e-12  4.2496e-10
  106    276  5.6958e-12  1.5720e-09
  106    278  2.5235e-12  7.0155e-10
  106    280  3.4034e-12  9.5296e-10
  107    277  1.0916e-12  3.0236e-10
  108    279  8.2041e-12  2.2889e-09
  108    281  6.0670e-13  1.7048e-10
  108    282  3.4073e-11  9.6084e-09
  108    283  2.2966e-10  6.4994e-08
  108    284  6.4269e-09  1.8252e-06
  108    286  2.1586e-09  6.1737e-07
  110    285  4.9198e-10  1.4021e-07
  110    286  7.7525e-15  2.2172e-12
  110    287  1.1248e-08  3.2282e-06
  110    288  9.1679e-09  2.6404e-06
  110    290  1.5343e-08  4.4495e-06
  111    289  7.6164e-09  2.2011e-06
  111    290  1.2979e-13  3.7639e-11
  111    291  4.9586e-09  1.4429e-06
  111    292  8.5708e-08  2.5027e-05
  111    293  3.3589e-08  9.8416e-06
  111    294  2.7367e-07  8.0459e-05
  111    295  5.8080e-07  1.7134e-04
  111    296  1.3075e-06  3.8702e-04
  111    297  1.9135e-06  5.6830e-04
  111    298  3.0796e-06  9.1774e-04
  111    299  2.4205e-09  7.2372e-07
  111    300  1.1420e-08  3.4259e-06
  111    301  8.4627e-09  2.5473e-06
  111    302  8.5435e-09  2.5802e-06
  111    303  6.6367e-10  2.0109e-07
  111    304  4.8386e-10  1.4709e-07
  111    305  3.7268e-11  1.1367e-08
  111    306  6.1974e-11  1.8964e-08
  111    307  7.9326e-12  2.4353e-09
  111    308  2.7521e-12  8.4764e-10
  111    309  2.5089e-13  7.7526e-11
  111    310  1.2522e-12  3.8819e-10
  111    311  2.3790e-13  7.3986e-11
  111    312  5.9755e-13  1.8643e-10
  111    313  7.3908e-14  2.3133e-11
  111    314  4.9754e-13  1.5623e-10
  111    315  2.0767e-14  6.5417e-12
  111    316  6.5356e-13  2.0652e-10
  111    317  1.2692e-14  4.0234e-12
  111    318  3.0316e-13  9.6406e-11
  111    319  3.2293e-15  1.0301e-12
  111    320  5.9472e-14  1.9031e-11
  111    321  3.8587e-16  1.2387e-13
  111    322  4.4623e-15  1.4369e-12
  111    323  7.1007e-16  2.2935e-13
  111    324  8.1003e-16  2.6245e-13
  111    325  3.0015e-16  9.7549e-14
  111    326  1.3632e-16  4.4441e-14
  111    327  8.3592e-16  2.7335e-13
  111    328  2.6406e-16  8.6612e-14
  111    329  2.1736e-15  7.1512e-13
  111    330  2.8514e-16  9.4098e-14
  111    331  2.0113e-15  6.6576e-13
  111    332  1.9197e-16  6.3734e-14
  111    333  2.5581e-15  8.5186e-13
  111    334  1.6814e-16  5.6160e-14
  111    335  2.4142e-15  8.0876e-13
  111    336  8.9112e-17  2.9942e-14
  111    337  4.2782e-05  1.4417e-02
    1      1  1.4863e-02  1.4863e-02
    2      4  2.4313e-01  9.7251e-01


