1  1.0856e-09
2  5.0736e-15
3  1.3542e-18
4  1.8621e-01
5  0.0000e+00
6  2.2107e-16
7  1.1244e-18
8  4.6830e-14
9  1.2697e-18
10  3.6625e-17
11  1.0983e-19
12  2.0721e-08
13  4.5942e-14
14  6.6005e-12
15  2.0782e-09
16  6.5623e-10
17  2.6951e-13
18  1.0695e-09
19  1.4762e-09
20  1.3390e-10
21  5.5987e-10
22  5.0831e-10
23  1.4831e-09
24  1.2723e-09
25  2.5611e-09
26  1.1479e-08
27  1.4109e-09
28  5.3616e-09
29  1.8828e-08
30  2.7976e-08
31  3.4105e-09
32  4.1033e-08
33  2.4258e-07
34  1.8381e-07
35  3.8541e-08
36  6.9910e-08
37  2.9078e-07
38  5.4652e-07
39  3.1310e-07
40  4.1486e-07
41  1.3719e-07
42  7.2645e-07
43  1.0884e-07
44  2.7952e-07
45  9.1479e-07
46  1.8765e-06
47  1.2216e-06
48  5.0489e-07
49  1.9179e-06
50  2.9716e-06
51  1.1901e-06
52  4.1872e-08
53  1.5281e-06
54  6.2511e-06
55  3.4100e-07
56  2.2240e-06
57  2.8794e-07
58  2.6610e-09
59  2.2801e-09
60  1.5183e-08
61  4.2955e-08
62  5.9803e-07
63  1.5298e-06
64  7.2293e-08
65  7.3411e-08
66  5.7486e-07
67  3.6577e-07
68  7.4024e-07
69  1.4035e-06
70  2.4997e-06
71  3.1651e-07
72  9.3541e-07
73  1.0928e-05
74  8.9406e-06
75  1.7067e-06
76  3.6490e-06
77  1.5442e-05
78  2.2314e-05
79  6.1024e-06
80  2.1652e-05
81  1.8582e-05
82  2.5917e-05
83  4.7614e-06
84  8.5242e-06
85  9.9210e-06
86  1.9734e-05
87  2.9381e-06
88  6.1437e-06
89  2.2987e-06
90  1.6797e-06
91  2.0410e-06
92  2.6049e-05
93  7.6843e-06
94  8.1767e-06
95  5.3180e-06
96  8.5027e-06
97  4.4876e-06
98  2.1757e-06
99  7.7477e-06
100  2.2593e-05
101  3.9764e-05
102  8.3607e-06
103  3.5592e-06
104  1.0747e-05
105  4.6782e-06
106  1.9026e-05
107  3.3899e-05
108  1.9616e-05
109  2.1520e-05
110  2.9725e-05
111  4.8586e-06
112  1.2060e-05
113  1.0419e-05
114  3.0256e-05
115  1.5883e-05
116  3.8939e-06
117  6.8115e-06
118  6.7455e-06
119  5.1317e-06
120  3.0151e-05
121  3.0649e-05
122  9.7261e-05
123  4.8652e-05
124  6.7247e-05
125  1.4649e-04
126  4.5716e-04
127  3.2584e-04
128  2.7353e-04
129  8.8384e-05
130  2.6001e-06
131  1.7008e-08
132  5.4050e-08
133  7.7430e-08
134  1.0275e-08
135  3.3868e-09
136  5.9592e-09
137  1.0177e-08
138  3.1070e-09
139  1.0813e-10
140  8.2859e-11
141  9.8630e-12
142  7.1990e-12
143  1.3907e-11
144  4.5082e-11
145  2.4517e-11
146  1.9529e-11
147  1.4405e-11
148  1.2246e-11
149  8.0420e-12
150  8.8214e-12
151  4.3281e-12
152  8.5371e-12
153  4.3874e-12
154  5.4420e-12
155  4.6566e-12
156  1.3998e-12
157  1.7053e-12
158  2.1121e-12
159  3.1771e-13
160  6.8735e-13
161  5.4649e-13
162  2.8910e-13
163  1.6311e-13
164  2.6546e-13
165  1.4460e-13
166  2.7673e-13
167  9.9643e-14
168  6.7057e-14
169  8.5496e-14
170  1.9802e-14
171  9.1079e-15
172  6.3504e-15
173  3.7036e-15
174  4.4049e-15
175  1.8621e-15
176  1.8368e-15
177  9.1896e-16
178  1.8909e-16
179  5.6499e-17
180  2.8369e-17
181  1.6706e-17
182  1.0983e-17
183  7.6732e-18
184  1.5911e-17
185  6.3538e-18
186  1.7706e-17
187  1.1357e-17
188  2.3828e-17
189  8.6844e-18
190  1.6115e-17
191  1.0076e-17
192  6.5810e-18
193  2.6866e-18
194  1.8425e-18
195  4.9098e-19
196  1.8232e-19
197  5.1822e-20
198  1.5268e-20
199  2.9096e-21
200  8.2047e-22
201  3.1862e-23
202  2.6156e-24
203  0.0000e+00
204  0.0000e+00
205  0.0000e+00
206  0.0000e+00
207  0.0000e+00
208  0.0000e+00
209  0.0000e+00
210  0.0000e+00
211  0.0000e+00
212  0.0000e+00
213  0.0000e+00
214  0.0000e+00
215  0.0000e+00
216  0.0000e+00
217  0.0000e+00
218  0.0000e+00
219  0.0000e+00
220  0.0000e+00
221  0.0000e+00
222  0.0000e+00
223  0.0000e+00
224  0.0000e+00
225  0.0000e+00
226  0.0000e+00
227  0.0000e+00
228  0.0000e+00
229  0.0000e+00
230  0.0000e+00
231  0.0000e+00
232  0.0000e+00
233  0.0000e+00
234  0.0000e+00
235  0.0000e+00
236  0.0000e+00
237  0.0000e+00
238  0.0000e+00
239  0.0000e+00
240  0.0000e+00
241  0.0000e+00
242  0.0000e+00
243  0.0000e+00
244  0.0000e+00
245  0.0000e+00
246  0.0000e+00
247  0.0000e+00
248  0.0000e+00
249  0.0000e+00
250  0.0000e+00
251  0.0000e+00
252  0.0000e+00
253  0.0000e+00
254  0.0000e+00
255  0.0000e+00
256  0.0000e+00
257  0.0000e+00
258  0.0000e+00
259  0.0000e+00
260  0.0000e+00
261  0.0000e+00
262  0.0000e+00
263  0.0000e+00
264  0.0000e+00
265  0.0000e+00
266  0.0000e+00
267  0.0000e+00
268  0.0000e+00
269  0.0000e+00
270  0.0000e+00
271  0.0000e+00
272  0.0000e+00
273  0.0000e+00
274  0.0000e+00
275  0.0000e+00
276  0.0000e+00
277  0.0000e+00
278  0.0000e+00
279  0.0000e+00
280  0.0000e+00
281  0.0000e+00
282  0.0000e+00
283  0.0000e+00
284  0.0000e+00
285  0.0000e+00
286  0.0000e+00
287  0.0000e+00
288  0.0000e+00
289  0.0000e+00
290  0.0000e+00
291  0.0000e+00
292  0.0000e+00
293  0.0000e+00
294  0.0000e+00
295  0.0000e+00
296  0.0000e+00
297  0.0000e+00
298  0.0000e+00
299  0.0000e+00
300  0.0000e+00
301  0.0000e+00
302  0.0000e+00
303  0.0000e+00
304  0.0000e+00
305  0.0000e+00
306  0.0000e+00
307  0.0000e+00
308  0.0000e+00
309  0.0000e+00
310  0.0000e+00
311  0.0000e+00
312  0.0000e+00
313  0.0000e+00
314  0.0000e+00
315  0.0000e+00
316  0.0000e+00
317  0.0000e+00
318  0.0000e+00
319  0.0000e+00
320  0.0000e+00
321  0.0000e+00
322  0.0000e+00
323  0.0000e+00
324  0.0000e+00
325  0.0000e+00
326  0.0000e+00
327  0.0000e+00
328  0.0000e+00
329  0.0000e+00
330  0.0000e+00
331  0.0000e+00
332  0.0000e+00
333  0.0000e+00
334  0.0000e+00
335  0.0000e+00
336  0.0000e+00
337  0.0000e+00

