1  3.1918e-08
2  2.1548e-01
3  7.9931e-10
4  4.3910e-09
5  4.1675e-08
6  2.0524e-07
7  7.4963e-06
8  2.1820e-07
9  7.9061e-07
10  1.5834e-06
11  8.1957e-07
12  7.0686e-07
13  1.5049e-07
14  5.1404e-07
15  5.3237e-08
16  1.3424e-06
17  3.3508e-08
18  6.8147e-08
19  1.2158e-07
20  4.7206e-07
21  7.3649e-08
22  2.0415e-07
23  1.8231e-08
24  1.0243e-07
25  7.9659e-09
26  1.3155e-07
27  2.2676e-09
28  7.3061e-08
29  2.5335e-07
30  8.1260e-07
31  1.0570e-07
32  6.1881e-07
33  1.0027e-07
34  4.9649e-06
35  2.1659e-06
36  2.1644e-06
37  8.6168e-07
38  3.1826e-07
39  1.7045e-07
40  1.9245e-06
41  3.7034e-07
42  1.8050e-06
43  1.3352e-32
44  6.3649e-07
45  1.7069e-07
46  1.0228e-06
47  5.1368e-07
48  8.7086e-07
49  2.0621e-07
50  1.2755e-06
51  2.4970e-07
52  1.0268e-05
53  2.9869e-06
54  7.5646e-06
55  4.4692e-07
56  1.5199e-06
57  2.1841e-07
58  4.5944e-07
59  2.0403e-07
60  5.1812e-07
61  7.6734e-85
62  6.7276e-07
63  1.9537e-07
64  1.1998e-06
65  1.3775e-08
66  6.1637e-07
67  1.5485e-07
68  1.5491e-06
69  1.1423e-06
70  2.2873e-06
71  3.2507e-07
72  2.5997e-06
73  3.9927e-07
74  6.8941e-07
75  1.7116e-07
76  1.0204e-05
77  9.9786e-06
78  1.1925e-04
79  3.3610e-05
80  1.8962e-05
81  1.8718e-07
82  3.3221e-05
83  2.1205e-05
84  8.5095e-16
85  3.3511e-26
86  2.3494e-17
87  1.0220e-20
88  4.5052e-11
89  3.8541e-13
90  1.8147e-05
91  5.7780e-10
92  2.2549e-05
93  2.1533e-19
94  1.4644e-07
95  1.7227e-17
96  3.6394e-14
97  1.7840e-09
98  -6.0689e-314
99  1.2203e-321
100  1.9213e-05
101  -4.8072e-313
102  2.6920e-05
103  7.8823e-06
104  9.5449e-05
105  4.6358e-05
106  6.4312e-05
107  4.4289e-06
108  1.9349e-06
109  4.0602e-320
110  1.3483e-09
111  1.5224e-07
112  0.0000e+00
113  0.0000e+00
114  0.0000e+00
115  0.0000e+00
116  0.0000e+00
117  0.0000e+00
118  0.0000e+00

