1  2.0970e-09
2  1.9539e-01
3  2.3448e-11
4  2.4836e-12
5  2.7364e-11
6  3.1324e-09
7  6.2074e-07
8  7.1755e-08
9  8.1886e-08
10  2.5640e-07
11  3.3945e-08
12  6.4536e-07
13  2.5595e-07
14  9.2829e-07
15  8.2368e-08
16  2.3969e-06
17  1.2942e-07
18  9.6903e-07
19  4.4170e-07
20  2.2449e-06
21  5.5604e-07
22  2.0098e-06
23  1.5157e-07
24  4.2507e-07
25  7.5436e-08
26  1.0814e-06
27  2.0627e-08
28  3.2049e-07
29  6.9509e-07
30  2.0456e-06
31  4.1300e-07
32  3.0170e-06
33  7.0156e-07
34  2.7890e-05
35  1.1795e-05
36  1.1639e-05
37  6.1401e-06
38  4.5347e-06
39  1.3019e-06
40  9.5543e-06
41  1.5318e-06
42  1.1634e-05
43  1.0979e-31
44  5.2385e-06
45  1.4302e-06
46  8.6440e-06
47  3.9170e-06
48  8.3260e-06
49  1.9650e-06
50  4.4593e-06
51  6.4675e-07
52  4.4010e-04
53  7.6075e-05
54  6.4013e-04
55  1.2308e-04
56  7.9175e-05
57  1.7731e-05
58  5.4792e-05
59  3.0626e-05
60  1.2291e-05
61  -2.6693e-316
62  8.9737e-06
63  2.8344e-06
64  1.2346e-05
65  4.7559e-07
66  6.7652e-06
67  1.6226e-06
68  1.0619e-05
69  4.9106e-06
70  1.1610e-05
71  1.9381e-06
72  9.1390e-06
73  1.0336e-06
74  8.5201e-07
75  1.2495e-07
76  1.2134e-06
77  6.3856e-07
78  1.0796e-06
79  2.0230e-07
80  5.3147e-08
81  4.0486e-12
82  8.9788e-12
83  2.0465e-12
84  1.2939e-28
85  8.7056e-21
86  7.1104e-17
87  2.4417e-29
88  3.8254e-19
89  9.2073e-22
90  1.6465e-13
91  1.3804e-18
92  4.7658e-14
93  2.7814e-28
94  5.2926e-17
95  1.1891e-29
96  2.0768e-24
97  6.0872e-19
98  -9.3595e-314
99  5.5335e-322
100  4.1191e-16
101  -2.1961e-313
102  1.4397e-16
103  1.6340e-17
104  1.2362e-17
105  6.0249e-18
106  3.9689e-19
107  1.3961e-20
108  5.5002e-21
109  0.0000e+00
110  0.0000e+00
111  0.0000e+00
112  0.0000e+00
113  0.0000e+00
114  0.0000e+00
115  0.0000e+00
116  0.0000e+00
117  0.0000e+00
118  0.0000e+00

