1  6.6167e-09
2  2.1200e-01
3  3.6527e-10
4  6.8982e-10
5  2.5884e-09
6  1.3416e-07
7  5.2685e-06
8  1.7950e-07
9  7.1877e-07
10  1.4345e-06
11  7.8033e-07
12  5.8303e-07
13  2.6940e-07
14  9.4984e-07
15  8.4225e-08
16  2.3266e-06
17  6.5079e-08
18  1.5355e-07
19  2.0197e-07
20  8.8385e-07
21  1.3071e-07
22  4.9048e-07
23  2.4100e-08
24  2.7452e-07
25  5.4413e-08
26  3.8786e-07
27  9.8380e-09
28  3.6404e-07
29  5.8496e-07
30  1.6177e-06
31  3.1142e-07
32  1.0934e-06
33  1.2341e-07
34  9.0856e-06
35  4.4885e-06
36  3.3960e-06
37  1.3677e-06
38  5.8160e-07
39  2.5001e-07
40  3.5325e-06
41  6.6113e-07
42  2.2558e-06
43  2.3854e-32
44  1.2447e-06
45  2.4161e-07
46  1.8552e-06
47  8.8716e-07
48  9.8810e-07
49  1.2968e-07
50  3.7840e-06
51  9.2303e-07
52  2.1450e-05
53  7.7703e-06
54  1.2954e-05
55  1.3162e-06
56  3.7276e-06
57  8.5564e-07
58  2.1121e-06
59  1.0266e-06
60  3.0457e-06
61  9.3342e-84
62  3.3053e-06
63  1.3499e-06
64  5.4634e-06
65  6.9743e-07
66  5.3168e-06
67  1.2806e-06
68  6.7766e-06
69  1.9456e-06
70  7.1240e-06
71  1.1931e-06
72  3.2434e-06
73  6.5875e-07
74  1.4631e-05
75  9.2891e-06
76  1.4388e-04
77  1.0148e-04
78  2.3425e-04
79  1.7674e-05
80  4.7227e-06
81  1.5151e-06
82  5.7508e-05
83  2.4122e-05
84  7.3916e-16
85  2.3767e-26
86  2.0407e-17
87  6.8178e-21
88  4.3181e-11
89  2.5711e-13
90  1.7535e-05
91  3.8546e-10
92  1.7077e-05
93  1.8637e-19
94  1.2674e-07
95  1.2046e-17
96  2.5454e-14
97  1.8425e-09
98  -2.9537e-314
99  1.7539e-321
100  7.1534e-06
101  5.5870e-314
102  8.2196e-06
103  2.0476e-06
104  6.4488e-06
105  4.0455e-06
106  1.0452e-06
107  2.5462e-08
108  3.4255e-09
109  9.1061e-320
110  6.3729e-12
111  7.1119e-11
112  0.0000e+00
113  0.0000e+00
114  0.0000e+00
115  0.0000e+00
116  0.0000e+00
117  0.0000e+00
118  0.0000e+00

