1  1.4951e-10
2  1.6857e-01
3  3.9512e-19
4  5.3948e-17
5  5.9978e-19
6  5.2371e-08
7  2.5385e-11
8  2.2220e-09
9  1.4880e-12
10  7.5909e-10
11  2.7572e-13
12  1.2336e-09
13  8.9843e-10
14  1.9017e-08
15  1.7637e-09
16  1.1574e-07
17  1.0973e-07
18  1.4541e-07
19  1.5503e-08
20  1.5801e-06
21  4.6917e-08
22  2.7708e-06
23  5.0271e-07
24  9.3339e-06
25  1.6339e-07
26  6.8239e-07
27  2.7048e-08
28  3.1009e-07
29  3.0744e-07
30  3.1472e-06
31  9.3494e-07
32  2.3058e-05
33  1.6283e-06
34  9.1454e-05
35  1.1907e-05
36  4.2672e-05
37  1.6713e-05
38  3.9676e-06
39  1.6551e-05
40  1.0800e-04
41  2.0236e-05
42  1.2785e-04
43  7.1958e-30
44  8.1761e-04
45  7.5382e-05
46  8.9067e-04
47  3.2471e-04
48  2.1138e-04
49  1.4698e-05
50  6.1030e-05
51  1.7772e-05
52  1.3861e-04
53  5.1498e-05
54  1.4205e-05
55  4.1460e-10
56  1.0624e-11
57  2.6447e-13
58  5.3076e-13
59  4.2585e-14
60  4.2326e-14
61  -2.0909e-315
62  1.3610e-14
63  1.6619e-15
64  1.2303e-15
65  6.6828e-18
66  2.4247e-17
67  2.1492e-18
68  4.6951e-18
69  4.3814e-19
70  4.9798e-20
71  1.5596e-21
72  7.3013e-22
73  4.9224e-24
74  7.1818e-25
75  0.0000e+00
76  0.0000e+00
77  0.0000e+00
78  0.0000e+00
79  0.0000e+00
80  0.0000e+00
81  0.0000e+00
82  0.0000e+00
83  0.0000e+00
84  0.0000e+00
85  0.0000e+00
86  0.0000e+00
87  0.0000e+00
88  0.0000e+00
89  0.0000e+00
90  0.0000e+00
91  0.0000e+00
92  0.0000e+00
93  0.0000e+00
94  0.0000e+00
95  0.0000e+00
96  0.0000e+00
97  0.0000e+00
98  0.0000e+00
99  0.0000e+00
100  0.0000e+00
101  0.0000e+00
102  0.0000e+00
103  0.0000e+00
104  0.0000e+00
105  0.0000e+00
106  0.0000e+00
107  0.0000e+00
108  0.0000e+00
109  0.0000e+00
110  0.0000e+00
111  0.0000e+00
112  0.0000e+00
113  0.0000e+00
114  0.0000e+00
115  0.0000e+00
116  0.0000e+00
117  0.0000e+00
118  0.0000e+00

