1  1.1568e-09
2  1.4872e-01
3  6.3339e-19
4  5.9092e-19
5  1.1105e-18
6  3.0715e-07
7  5.0542e-17
8  3.5499e-09
9  7.7841e-21
10  4.3290e-09
11  5.0211e-13
12  5.1319e-09
13  5.0232e-10
14  1.9472e-08
15  5.0915e-09
16  3.6994e-08
17  2.1813e-08
18  3.3371e-08
19  6.3181e-09
20  1.4930e-07
21  8.1591e-09
22  5.4007e-07
23  4.9350e-07
24  1.2540e-06
25  3.3833e-09
26  3.2107e-06
27  1.7449e-07
28  2.4465e-06
29  2.3952e-06
30  7.9650e-06
31  3.0112e-06
32  9.1087e-06
33  2.0874e-06
34  5.4717e-05
35  8.1201e-06
36  3.4372e-05
37  1.3557e-05
38  2.1180e-04
39  4.4697e-05
40  1.3688e-03
41  3.8566e-05
42  2.4926e-04
43  3.1516e-28
44  1.3190e-03
45  2.0681e-04
46  3.9366e-04
47  1.0455e-04
48  4.8725e-05
49  5.0019e-06
50  5.0047e-06
51  5.9134e-07
52  7.0326e-07
53  2.0851e-07
54  9.4515e-08
55  6.2803e-14
56  8.3698e-18
57  1.7036e-20
58  7.1936e-21
59  4.6893e-23
60  2.1797e-23
61  0.0000e+00
62  0.0000e+00
63  0.0000e+00
64  0.0000e+00
65  0.0000e+00
66  0.0000e+00
67  0.0000e+00
68  0.0000e+00
69  0.0000e+00
70  0.0000e+00
71  0.0000e+00
72  0.0000e+00
73  0.0000e+00
74  0.0000e+00
75  0.0000e+00
76  0.0000e+00
77  0.0000e+00
78  0.0000e+00
79  0.0000e+00
80  0.0000e+00
81  0.0000e+00
82  0.0000e+00
83  0.0000e+00
84  0.0000e+00
85  0.0000e+00
86  0.0000e+00
87  0.0000e+00
88  0.0000e+00
89  0.0000e+00
90  0.0000e+00
91  0.0000e+00
92  0.0000e+00
93  0.0000e+00
94  0.0000e+00
95  0.0000e+00
96  0.0000e+00
97  0.0000e+00
98  0.0000e+00
99  0.0000e+00
100  0.0000e+00
101  0.0000e+00
102  0.0000e+00
103  0.0000e+00
104  0.0000e+00
105  0.0000e+00
106  0.0000e+00
107  0.0000e+00
108  0.0000e+00
109  0.0000e+00
110  0.0000e+00
111  0.0000e+00
112  0.0000e+00
113  0.0000e+00
114  0.0000e+00
115  0.0000e+00
116  0.0000e+00
117  0.0000e+00
118  0.0000e+00

