1  3.0533e-08
2  2.0502e-01
3  5.6004e-10
4  3.3018e-09
5  3.0854e-08
6  2.1433e-07
7  7.8681e-06
8  2.1840e-07
9  7.6526e-07
10  1.4788e-06
11  5.1093e-07
12  1.1353e-06
13  4.4528e-08
14  2.3255e-07
15  6.0499e-08
16  5.5021e-07
17  8.2026e-08
18  1.4661e-07
19  3.1193e-07
20  9.5911e-07
21  2.2067e-07
22  1.1988e-06
23  4.2031e-07
24  1.5483e-06
25  1.5546e-07
26  3.7070e-07
27  1.2532e-08
28  3.6848e-07
29  1.7425e-06
30  1.6346e-06
31  1.2691e-07
32  5.6333e-06
33  5.0183e-06
34  1.4016e-05
35  4.1520e-06
36  2.4326e-06
37  1.1863e-06
38  1.7046e-06
39  7.1181e-07
40  4.0268e-06
41  2.4400e-06
42  3.1360e-06
43  2.2520e-32
44  1.4340e-06
45  4.9917e-07
46  2.5041e-06
47  1.1847e-06
48  1.0887e-06
49  2.0965e-07
50  1.1830e-05
51  3.6061e-06
52  3.6651e-05
53  1.0486e-05
54  4.6431e-05
55  6.9434e-06
56  1.4120e-05
57  1.7784e-06
58  1.1599e-05
59  2.9298e-06
60  2.0838e-05
61  1.7926e-83
62  1.7823e-05
63  6.6333e-06
64  2.3248e-05
65  3.7292e-06
66  2.0264e-05
67  3.7206e-06
68  2.5660e-05
69  5.6340e-06
70  2.0749e-05
71  2.9998e-06
72  2.3444e-05
73  7.6444e-06
74  8.2976e-05
75  2.3781e-05
76  2.2709e-04
77  1.1599e-04
78  1.0880e-04
79  1.1131e-05
80  1.2948e-05
81  6.8699e-06
82  5.1879e-05
83  1.0474e-05
84  1.8472e-17
85  1.4230e-26
86  5.1000e-19
87  1.6227e-22
88  7.8284e-14
89  6.1189e-15
90  6.2076e-07
91  9.1735e-12
92  4.1619e-07
93  2.2722e-21
94  1.5452e-09
95  6.3180e-20
96  1.3371e-16
97  2.0671e-11
98  7.7728e-314
99  8.0039e-322
100  2.4274e-08
101  -2.8241e-313
102  8.7913e-09
103  8.2705e-10
104  2.6717e-10
105  1.4031e-10
106  7.3489e-12
107  5.1980e-13
108  5.6830e-12
109  -4.5479e-320
110  4.1978e-13
111  1.9102e-13
112  0.0000e+00
113  0.0000e+00
114  0.0000e+00
115  0.0000e+00
116  0.0000e+00
117  0.0000e+00
118  0.0000e+00

