1  2.5457e-09
2  1.4660e-01
3  1.5046e-19
4  6.2976e-19
5  2.7404e-19
6  1.6256e-07
7  1.5862e-16
8  4.5863e-09
9  5.8100e-18
10  4.7045e-09
11  5.2964e-13
12  3.7932e-09
13  2.7620e-10
14  7.7711e-09
15  3.7663e-09
16  4.8745e-08
17  1.2125e-08
18  1.7404e-08
19  3.3723e-09
20  2.2429e-07
21  3.6138e-09
22  8.0560e-07
23  1.8150e-07
24  4.1037e-06
25  2.4789e-08
26  2.3740e-06
27  1.9311e-06
28  2.6180e-06
29  2.2567e-06
30  3.2295e-06
31  9.8883e-08
32  1.4609e-05
33  1.4983e-06
34  6.4869e-05
35  1.0172e-05
36  5.0633e-05
37  1.9741e-05
38  1.4482e-04
39  3.6579e-05
40  3.9733e-04
41  4.3187e-05
42  6.1703e-04
43  1.4936e-29
44  1.5195e-03
45  1.8709e-04
46  7.2611e-04
47  1.2503e-04
48  1.0230e-04
49  1.0303e-05
50  2.5389e-05
51  3.5370e-06
52  5.8072e-06
53  1.9853e-06
54  5.7013e-07
55  7.9893e-14
56  1.2111e-16
57  3.5014e-18
58  7.5130e-19
59  1.2009e-19
60  3.0992e-20
61  1.9507e-31
62  1.9404e-22
63  3.8947e-23
64  9.7411e-24
65  0.0000e+00
66  0.0000e+00
67  0.0000e+00
68  0.0000e+00
69  0.0000e+00
70  0.0000e+00
71  0.0000e+00
72  0.0000e+00
73  0.0000e+00
74  0.0000e+00
75  0.0000e+00
76  0.0000e+00
77  0.0000e+00
78  0.0000e+00
79  0.0000e+00
80  0.0000e+00
81  0.0000e+00
82  0.0000e+00
83  0.0000e+00
84  0.0000e+00
85  0.0000e+00
86  0.0000e+00
87  0.0000e+00
88  0.0000e+00
89  0.0000e+00
90  0.0000e+00
91  0.0000e+00
92  0.0000e+00
93  0.0000e+00
94  0.0000e+00
95  0.0000e+00
96  0.0000e+00
97  0.0000e+00
98  0.0000e+00
99  0.0000e+00
100  0.0000e+00
101  0.0000e+00
102  0.0000e+00
103  0.0000e+00
104  0.0000e+00
105  0.0000e+00
106  0.0000e+00
107  0.0000e+00
108  0.0000e+00
109  0.0000e+00
110  0.0000e+00
111  0.0000e+00
112  0.0000e+00
113  0.0000e+00
114  0.0000e+00
115  0.0000e+00
116  0.0000e+00
117  0.0000e+00
118  0.0000e+00

