    1      2  6.2004e-15  1.2401e-14
    2      3  1.1331e-20  3.3993e-20
    3      6  5.0915e-19  3.0549e-18
    3      7  4.7303e-20  3.3112e-19
    4      9  4.0457e-19  3.6411e-18
    5     10  8.6143e-19  8.6143e-18
    5     11  4.3800e-20  4.8180e-19
    6     12  3.2735e-07  3.9282e-06
    6     13  1.4031e-12  1.8240e-11
    7     14  1.1503e-16  1.6104e-15
    7     15  3.0202e-20  4.5304e-19
    8     16  2.5673e-09  4.1077e-08
    8     17  2.5199e-16  4.2839e-15
    8     18  1.4145e-18  2.5462e-17
   10     20  3.0806e-09  6.1613e-08
   10     21  4.7611e-15  9.9984e-14
   10     22  1.6485e-18  3.6267e-17
   11     23  3.6094e-13  8.3017e-12
   12     24  3.9184e-09  9.4042e-08
   12     25  1.2340e-10  3.0849e-09
   12     26  2.0805e-11  5.4093e-10
   13     26  4.9270e-14  1.2810e-12
   13     27  5.6605e-10  1.5283e-08
   14     28  8.8188e-09  2.4693e-07
   14     29  1.6869e-09  4.8920e-08
   14     30  9.6235e-09  2.8871e-07
   15     31  4.0147e-09  1.2446e-07
   16     32  5.0914e-09  1.6293e-07
   16     33  1.0577e-09  3.4903e-08
   16     34  9.1250e-09  3.1025e-07
   16     36  2.4905e-08  8.9658e-07
   17     35  8.9424e-09  3.1298e-07
   17     37  1.2190e-08  4.5103e-07
   18     36  7.8683e-12  2.8326e-10
   18     38  3.1359e-08  1.1916e-06
   18     40  1.6263e-09  6.5053e-08
   19     39  5.1627e-09  2.0135e-07
   19     40  1.0278e-14  4.1113e-13
   19     41  7.0444e-10  2.8882e-08
   20     40  3.2375e-15  1.2950e-13
   20     42  4.0799e-08  1.7135e-06
   20     43  6.9174e-10  2.9745e-08
   20     44  2.9867e-09  1.3142e-07
   20     46  1.0647e-07  4.8977e-06
   21     45  9.2165e-09  4.1474e-07
   22     46  1.1700e-16  5.3818e-15
   22     47  7.2973e-08  3.4297e-06
   22     48  1.5974e-07  7.6674e-06
   22     49  5.2531e-09  2.5740e-07
   22     50  4.0500e-07  2.0250e-05
   23     51  4.4554e-07  2.2723e-05
   24     52  3.5211e-07  1.8310e-05
   24     53  6.7992e-08  3.6036e-06
   24     54  1.3724e-07  7.4107e-06
   25     55  6.5890e-09  3.6240e-07
   26     56  1.8817e-06  1.0537e-04
   26     57  2.7497e-07  1.5673e-05
   26     58  1.7877e-08  1.0369e-06
   27     59  1.0083e-07  5.9490e-06
   28     60  1.9487e-08  1.1692e-06
   28     61  2.4402e-08  1.4885e-06
   28     62  1.4209e-06  8.8093e-05
   28     64  3.5725e-07  2.2864e-05
   29     63  8.2727e-07  5.2118e-05
   29     65  1.0904e-06  7.0876e-05
   30     64  3.8515e-19  2.4650e-17
   30     66  1.6245e-06  1.0722e-04
   30     67  4.9642e-07  3.3260e-05
   30     68  6.0146e-06  4.0899e-04
   30     70  8.3583e-07  5.8508e-05
   31     69  1.0834e-06  7.4751e-05
   31     71  3.7899e-07  2.6908e-05
   32     70  4.2825e-13  2.9977e-11
   32     72  3.0710e-07  2.2111e-05
   32     73  3.4268e-07  2.5015e-05
   32     74  1.3417e-06  9.9287e-05
   32     76  8.5209e-06  6.4759e-04
   33     75  4.0656e-06  3.0492e-04
   34     76  4.1905e-12  3.1847e-10
   34     77  1.8045e-06  1.3894e-04
   34     78  2.4677e-06  1.9248e-04
   34     80  2.7257e-05  2.1805e-03
   34     82  3.0192e-05  2.4758e-03
   35     79  2.1036e-06  1.6618e-04
   35     81  3.6230e-06  2.9346e-04
   36     82  3.4909e-11  2.8625e-09
   36     83  1.3880e-06  1.1520e-04
   36     84  1.2740e-05  1.0702e-03
   36     86  1.1417e-05  9.8190e-04
   37     85  3.1946e-06  2.7154e-04
   37     87  1.5012e-05  1.3060e-03
   38     86  1.7050e-17  1.4663e-15
   38     87  1.0991e-07  9.5623e-06
   38     88  1.9960e-04  1.7565e-02
   39     89  1.0008e-04  8.9069e-03
   40     90  1.0788e-05  9.7089e-04
   40     91  1.6412e-05  1.4935e-03
   40     92  1.3261e-03  1.2200e-01
   40     94  2.4697e-04  2.3215e-02
   41     93  6.7685e-05  6.2947e-03
   42     95  3.7370e-04  3.5502e-02
   42     96  1.3967e-05  1.3408e-03
   42     97  1.2871e-05  1.2485e-03
   42     98  9.7248e-06  9.5303e-04
   42    100  2.0153e-04  2.0153e-02
   44     99  8.1790e-06  8.0972e-04
   44    100  2.3792e-12  2.3792e-10
   44    101  5.5932e-05  5.6491e-03
   44    102  8.4243e-04  8.5928e-02
   44    104  2.5066e-04  2.6069e-02
   45    103  3.7967e-04  3.9106e-02
   46    104  9.7859e-13  1.0177e-10
   46    105  7.8398e-05  8.2318e-03
   46    106  1.7463e-04  1.8511e-02
   46    107  8.8678e-20  9.4885e-18
   46    108  3.1507e-05  3.4028e-03
   46    110  4.0261e-06  4.4287e-04
   47    107  6.7892e-05  7.2644e-03
   47    109  6.2780e-05  6.8430e-03
   48    110  2.3085e-11  2.5394e-09
   48    111  3.0138e-06  3.3453e-04
   48    112  2.9511e-05  3.3053e-03
   48    113  4.4062e-06  4.9791e-04
   48    114  4.3767e-06  4.9895e-04
   48    116  1.1020e-06  1.2783e-04
   49    113  1.9392e-13  2.1913e-11
   49    115  1.0613e-05  1.2205e-03
   50    115  8.4674e-12  9.7375e-10
   50    116  5.9143e-14  6.8606e-12
   50    117  1.2250e-06  1.4332e-04
   50    118  8.0129e-07  9.4552e-05
   50    119  3.4066e-07  4.0538e-05
   50    120  8.8494e-07  1.0619e-04
   50    122  1.6123e-07  1.9670e-05
   50    124  1.0353e-07  1.2838e-05
   51    121  4.8363e-07  5.8519e-05
   51    123  1.6374e-07  2.0140e-05
   52    122  1.6039e-13  1.9567e-11
   52    124  8.1111e-16  1.0058e-13
   52    125  1.8740e-07  2.3424e-05
   52    126  1.8485e-07  2.3291e-05
   52    128  2.8637e-07  3.6656e-05
   52    130  8.6063e-09  1.1188e-06
   53    127  1.3604e-07  1.7278e-05
   53    129  1.9200e-15  2.4768e-13
   54    128  7.5326e-20  9.6417e-18
   54    129  5.4866e-08  7.0778e-06
   54    130  1.4960e-16  1.9447e-14
   54    131  4.5156e-10  5.9154e-08
   54    132  1.3466e-11  1.7775e-09
   54    134  3.8374e-15  5.1421e-13
   54    136  4.9949e-18  6.7931e-16
   55    133  8.2208e-14  1.0934e-11
   56    135  6.2476e-18  8.4342e-16
   56    137  1.3157e-18  1.8025e-16
   56    138  2.0173e-19  2.7838e-17
    1      1  3.6223e-09  3.6223e-09
    2      4  1.3501e-01  5.4003e-01


