1  2.3938e-09
2  1.4658e-01
3  9.9957e-25
4  5.4450e-22
5  7.6545e-20
6  4.5743e-06
7  3.5076e-16
8  1.2498e-08
9  3.2738e-20
10  1.0434e-08
11  9.9697e-13
12  1.1294e-08
13  1.7661e-09
14  6.3110e-08
15  6.8569e-09
16  1.8007e-07
17  3.9308e-08
18  5.0330e-07
19  4.5131e-08
20  1.0528e-06
21  2.8763e-07
22  1.9248e-06
23  5.9657e-07
24  1.5305e-06
25  7.6629e-07
26  2.9715e-06
27  8.7455e-07
28  8.4356e-04
29  4.1584e-05
30  5.6134e-04
31  1.0045e-05
32  1.3651e-04
33  2.7784e-06
34  4.0412e-05
35  4.0757e-06
36  9.9071e-06
37  8.5363e-06
38  2.2977e-03
39  4.5488e-04
40  6.9679e-04
41  2.9430e-08
42  8.9397e-08
43  1.7039e-34
44  6.3141e-12
45  6.9204e-17
46  3.7467e-16
47  2.8087e-20
48  1.2423e-20
49  2.4021e-25
50  1.8414e-25
51  3.5425e-30
52  0.0000e+00
53  0.0000e+00
54  0.0000e+00
55  0.0000e+00
56  0.0000e+00
57  0.0000e+00
58  0.0000e+00
59  0.0000e+00
60  0.0000e+00
61  0.0000e+00
62  0.0000e+00
63  0.0000e+00
64  0.0000e+00
65  0.0000e+00
66  0.0000e+00
67  0.0000e+00
68  0.0000e+00
69  0.0000e+00
70  0.0000e+00
71  0.0000e+00
72  0.0000e+00
73  0.0000e+00
74  0.0000e+00
75  0.0000e+00
76  0.0000e+00
77  0.0000e+00
78  0.0000e+00
79  0.0000e+00
80  0.0000e+00
81  0.0000e+00
82  0.0000e+00
83  0.0000e+00
84  0.0000e+00
85  0.0000e+00
86  0.0000e+00
87  0.0000e+00
88  0.0000e+00
89  0.0000e+00
90  0.0000e+00
91  0.0000e+00
92  0.0000e+00
93  0.0000e+00
94  0.0000e+00
95  0.0000e+00
96  0.0000e+00
97  0.0000e+00
98  0.0000e+00
99  0.0000e+00
100  0.0000e+00
101  0.0000e+00
102  0.0000e+00
103  0.0000e+00
104  0.0000e+00
105  0.0000e+00
106  0.0000e+00
107  0.0000e+00
108  0.0000e+00
109  0.0000e+00
110  0.0000e+00
111  0.0000e+00
112  0.0000e+00
113  0.0000e+00
114  0.0000e+00
115  0.0000e+00
116  0.0000e+00
117  0.0000e+00
118  0.0000e+00

