    1      2  9.7591e-04  1.9518e-03
    1      3  3.2844e-20  9.8532e-20
    2      3  1.6780e-05  5.0340e-05
    3      7  6.8187e-11  4.7731e-10
    4      8  1.9307e-07  1.5445e-06
    4      9  7.2090e-11  6.4881e-10
    5     10  1.3521e-09  1.3521e-08
    5     11  3.1251e-09  3.4376e-08
    6     12  2.4896e-09  2.9875e-08
    6     13  5.2937e-09  6.8818e-08
    7     14  5.7120e-07  7.9968e-06
    7     15  5.0712e-07  7.6069e-06
    8     16  1.3187e-06  2.1100e-05
    8     17  1.2352e-08  2.0999e-07
    8     18  4.0101e-07  7.2182e-06
    9     19  2.9221e-08  5.5520e-07
   10     20  9.3901e-08  1.8780e-06
   10     21  6.0316e-08  1.2666e-06
   10     22  2.2144e-06  4.8718e-05
   11     23  5.2108e-07  1.1985e-05
   12     24  8.9120e-07  2.1389e-05
   12     25  6.5955e-07  1.6489e-05
   12     26  7.9808e-07  2.0750e-05
   13     27  7.9250e-09  2.1397e-07
   14     28  2.0408e-07  5.7143e-06
   14     29  1.2221e-08  3.5441e-07
   14     30  2.7542e-09  8.2627e-08
   15     31  5.3362e-09  1.6542e-07
   16     32  6.5132e-08  2.0842e-06
   16     33  6.4020e-09  2.1127e-07
   16     34  1.2189e-08  4.1442e-07
   16     36  9.8277e-08  3.5380e-06
   17     35  1.6397e-08  5.7388e-07
   17     37  4.6688e-09  1.7275e-07
   18     36  5.5532e-14  1.9992e-12
   18     38  3.3472e-08  1.2720e-06
   18     40  1.4478e-10  5.7911e-09
   19     39  1.0055e-09  3.9215e-08
   19     40  5.7907e-20  2.3163e-18
   19     41  2.0132e-11  8.2541e-10
   20     40  1.6672e-20  6.6686e-19
   20     42  1.4707e-10  6.1768e-09
   20     43  2.7381e-11  1.1774e-09
   20     44  2.0875e-10  9.1852e-09
   20     46  1.9003e-10  8.7412e-09
   21     45  9.9741e-11  4.4883e-09
   22     46  2.3396e-17  1.0762e-15
   22     47  5.2062e-11  2.4469e-09
   22     48  3.2345e-09  1.5526e-07
   22     49  6.2246e-11  3.0500e-09
   22     50  8.0598e-11  4.0299e-09
   23     51  1.1886e-11  6.0618e-10
   24     52  5.4980e-12  2.8589e-10
   24     53  8.5023e-12  4.5062e-10
   24     54  1.8311e-11  9.8881e-10
   25     55  1.6086e-12  8.8471e-11
   26     56  2.2725e-12  1.2726e-10
   26     57  7.4872e-12  4.2677e-10
   26     58  6.1426e-11  3.5627e-09
   27     59  6.4308e-13  3.7942e-11
   28     60  2.6469e-10  1.5881e-08
   28     61  1.0354e-12  6.3156e-11
   28     62  3.6014e-12  2.2329e-10
   28     64  1.6828e-10  1.0770e-08
   29     63  9.6039e-12  6.0505e-10
   29     65  8.6048e-13  5.5931e-11
   30     64  1.5823e-20  1.0127e-18
   30     66  8.8633e-12  5.8498e-10
   30     67  1.2505e-12  8.3782e-11
   30     68  7.9601e-12  5.4129e-10
   30     70  1.1584e-11  8.1088e-10
   31     69  7.3193e-13  5.0503e-11
   31     71  1.4867e-12  1.0556e-10
   32     70  5.2723e-15  3.6906e-13
   32     72  7.9428e-12  5.7188e-10
   32     73  1.4747e-12  1.0765e-10
   32     74  2.7243e-12  2.0160e-10
   32     76  2.7395e-11  2.0820e-09
   33     75  2.7313e-12  2.0485e-10
   34     76  2.5771e-14  1.9586e-12
   34     77  1.0951e-12  8.4320e-11
   34     78  2.2995e-11  1.7936e-09
   34     80  3.2876e-11  2.6301e-09
   34     82  1.0984e-10  9.0072e-09
   35     79  5.3792e-12  4.2495e-10
   35     81  3.3979e-12  2.7523e-10
   36     82  1.6335e-13  1.3395e-11
   36     83  2.6564e-12  2.2048e-10
   36     84  4.6608e-12  3.9151e-10
   36     86  6.5808e-11  5.6595e-09
   37     85  2.5739e-11  2.1878e-09
   37     87  7.4520e-12  6.4832e-10
   38     86  8.2081e-18  7.0590e-16
   38     87  5.4558e-14  4.7466e-12
   38     88  2.5473e-11  2.2416e-09
   39     89  8.3699e-12  7.4492e-10
   40     90  1.5652e-11  1.4087e-09
   40     91  7.6075e-12  6.9228e-10
   40     92  3.2267e-11  2.9685e-09
   40     94  1.1555e-11  1.0862e-09
   41     93  9.6375e-12  8.9629e-10
   42     95  1.6999e-11  1.6149e-09
   42     96  8.0111e-11  7.6907e-09
   42     97  1.2536e-11  1.2160e-09
   42     98  1.7404e-11  1.7056e-09
   42    100  1.8230e-11  1.8230e-09
   44     99  7.7562e-12  7.6787e-10
   44    100  7.9213e-15  7.9213e-13
   44    101  2.4207e-12  2.4449e-10
   44    102  6.8578e-12  6.9949e-10
   44    104  3.5639e-12  3.7064e-10
   45    103  3.1792e-12  3.2745e-10
   46    104  1.5067e-16  1.5670e-14
   46    105  2.0610e-12  2.1640e-10
   46    106  4.8977e-12  5.1916e-10
   46    108  7.7394e-12  8.3586e-10
   46    110  1.1532e-11  1.2686e-09
   47    107  2.1070e-12  2.2545e-10
   47    109  1.9746e-12  2.1523e-10
   48    110  9.9280e-15  1.0921e-12
   48    111  1.8503e-12  2.0539e-10
   48    112  6.2625e-12  7.0140e-10
   48    113  2.2654e-12  2.5600e-10
   48    114  1.0678e-11  1.2173e-09
   48    116  5.2822e-12  6.1274e-10
   49    113  9.9704e-20  1.1267e-17
   49    115  4.2704e-12  4.9109e-10
   50    115  3.4071e-18  3.9182e-16
   50    116  4.2307e-15  4.9076e-13
   50    117  1.3208e-12  1.5453e-10
   50    118  7.8971e-12  9.3186e-10
   50    119  2.9266e-12  3.4827e-10
   50    120  1.8495e-11  2.2194e-09
   50    122  3.2012e-11  3.9055e-09
   50    124  3.0442e-11  3.7748e-09
   51    121  4.1770e-12  5.0542e-10
   51    123  1.0974e-12  1.3498e-10
   52    122  6.2333e-15  7.6046e-13
   52    124  7.8868e-16  9.7797e-14
   52    125  1.1510e-11  1.4387e-09
   52    126  7.6259e-11  9.6087e-09
   52    128  6.3162e-11  8.0848e-09
   52    130  2.4847e-10  3.2301e-08
   53    127  5.1317e-12  6.5173e-10
   53    129  5.0054e-18  6.4569e-16
   54    128  6.2596e-19  8.0124e-17
   54    129  3.6191e-11  4.6687e-09
   54    130  1.1153e-14  1.4498e-12
   54    131  6.0553e-10  7.9325e-08
   54    132  1.4557e-09  1.9215e-07
   54    134  3.3888e-09  4.5410e-07
   54    136  3.9605e-10  5.3863e-08
   55    133  2.3336e-09  3.1037e-07
   56    134  9.8290e-16  1.3171e-13
   56    135  8.1288e-10  1.0974e-07
   56    136  1.7019e-14  2.3146e-12
   56    137  1.6232e-11  2.2238e-09
   56    138  1.7465e-10  2.4102e-08
   57    139  4.1942e-11  5.8299e-09
   58    140  4.9181e-11  6.8854e-09
   58    142  2.6522e-11  3.7661e-09
   59    141  9.4330e-12  1.3301e-09
   60    142  5.4350e-19  7.7177e-17
   60    143  9.5304e-12  1.3628e-09
   60    144  1.3163e-11  1.8955e-09
   60    145  1.3105e-12  1.9003e-10
   60    146  6.1280e-12  8.9468e-10
   60    148  3.9886e-12  5.9031e-10
   60    150  8.0843e-12  1.2127e-09
   62    147  2.7317e-12  4.0156e-10
   62    148  4.9591e-17  7.3394e-15
   62    149  4.8173e-13  7.1778e-11
   62    150  9.0708e-15  1.3606e-12
   62    152  1.4909e-12  2.2662e-10
   62    154  1.2953e-12  1.9948e-10
   63    151  3.9781e-13  6.0070e-11
   63    153  6.3240e-13  9.6757e-11
   64    154  3.3652e-16  5.1825e-14
   64    155  2.0920e-13  3.2426e-11
   64    156  8.4264e-13  1.3145e-10
   64    157  1.7360e-13  2.7254e-11
   64    158  5.0439e-13  7.9694e-11
   64    160  8.4035e-13  1.3446e-10
   65    159  9.6531e-14  1.5348e-11
   66    160  1.4417e-17  2.3067e-15
   66    161  8.1398e-14  1.3105e-11
   66    162  1.7609e-13  2.8527e-11
   66    163  5.9491e-14  9.6970e-12
   66    164  1.3341e-13  2.1879e-11
   67    165  1.2542e-13  2.0695e-11
   68    166  3.9212e-13  6.5092e-11
   68    167  1.3163e-13  2.1983e-11
   68    168  1.8401e-13  3.0913e-11
   68    170  9.4407e-14  1.6049e-11
   69    169  2.0117e-13  3.3998e-11
   70    170  1.7632e-17  2.9974e-15
   70    171  9.1272e-14  1.5608e-11
   70    172  6.3444e-14  1.0912e-11
   70    173  3.2306e-14  5.5889e-12
   70    174  1.9772e-13  3.4403e-11
   70    176  1.6839e-13  2.9637e-11
   71    175  6.2676e-14  1.0968e-11
   71    176  4.8939e-18  8.6132e-16
   72    176  4.5811e-20  8.0628e-18
   72    177  8.7951e-14  1.5567e-11
   72    178  8.5292e-14  1.5182e-11
   72    179  5.0921e-14  9.1148e-12
   72    180  1.7046e-13  3.0683e-11
   73    181  1.8072e-13  3.2711e-11
   74    182  1.6254e-13  2.9582e-11
   74    183  1.2808e-13  2.3438e-11
   74    184  5.5952e-14  1.0295e-11
   74    186  6.2176e-14  1.1565e-11
   75    185  3.3045e-14  6.1134e-12
   75    187  9.3937e-14  1.7566e-11
   76    186  2.4855e-20  4.6229e-18
   76    187  7.6333e-16  1.4274e-13
   76    188  7.4871e-14  1.4076e-11
   76    189  2.3129e-13  4.3713e-11
   76    190  1.5593e-13  2.9627e-11
   76    192  1.4853e-12  2.8517e-10
   77    191  4.3804e-13  8.3665e-11
   77    193  1.0701e-13  2.0654e-11
   78    192  2.6252e-17  5.0405e-15
   78    194  3.3221e-13  6.4449e-11
   78    195  2.8410e-13  5.5399e-11
   78    196  3.8786e-13  7.6020e-11
   78    198  1.4094e-12  2.7905e-10
   79    197  5.5864e-13  1.1005e-10
   80    198  3.9636e-16  7.8479e-14
   80    199  2.8796e-13  5.7305e-11
   80    200  6.4943e-13  1.2989e-10
   80    201  1.0306e-13  2.0716e-11
   80    202  3.7619e-13  7.5991e-11
   80    204  8.6055e-13  1.7555e-10
   81    203  6.2424e-13  1.2672e-10
   81    205  1.7073e-12  3.4999e-10
   82    204  3.5636e-18  7.2698e-16
   82    206  4.1938e-12  8.6392e-10
   82    207  1.1059e-10  2.2893e-08
   82    208  5.5412e-12  1.1526e-09
   82    210  5.4847e-15  1.1518e-12
   82    214  4.3624e-15  9.3354e-13
   84    215  1.4597e-13  3.1385e-11
   85    218  8.7204e-19  1.9010e-16
   88    226  1.0690e-19  2.4159e-17
   89    227  4.7736e-20  1.0836e-17
   90    230  5.0380e-18  1.1587e-15
   90    232  1.4721e-12  3.4153e-10
   91    231  7.1567e-17  1.6532e-14
   92    234  1.6405e-17  3.8388e-15
   92    235  1.5425e-12  3.6248e-10
   92    236  6.8945e-15  1.6271e-12
   92    238  2.9844e-13  7.1030e-11
   94    240  1.3647e-18  3.2752e-16
   94    244  1.6611e-14  4.0531e-12
   96    247  2.8743e-19  7.0996e-17
   97    246  6.7076e-17  1.6501e-14
  100    258  3.1265e-12  8.0664e-10
  100    260  1.8103e-11  4.7069e-09
  100    262  1.7981e-11  4.7109e-09
  102    260  4.0140e-19  1.0436e-16
  102    261  1.9013e-11  4.9624e-09
  102    263  3.8226e-11  1.0053e-08
  102    264  1.7302e-11  4.5677e-09
  102    266  9.9627e-12  2.6501e-09
  103    265  7.7877e-12  2.0637e-09
  104    267  2.6918e-11  7.1871e-09
  104    268  1.8542e-11  4.9694e-09
  104    270  8.6686e-12  2.3405e-09
  104    272  1.9476e-12  5.2975e-10
  104    274  2.3134e-12  6.3386e-10
  105    269  5.2000e-12  1.3988e-09
  105    271  3.0755e-12  8.3347e-10
  106    273  1.3267e-12  3.6219e-10
  106    274  8.5487e-20  2.3423e-17
  106    275  5.8458e-12  1.6076e-09
  106    276  2.1347e-11  5.8918e-09
  106    278  9.3637e-12  2.6031e-09
  106    280  1.2497e-11  3.4992e-09
  107    277  4.0829e-12  1.1310e-09
  108    279  3.0115e-11  8.4021e-09
  108    281  2.2039e-12  6.1929e-10
  108    282  1.0278e-10  2.8983e-08
  108    283  5.8137e-10  1.6453e-07
  108    284  1.5865e-08  4.5058e-06
  108    286  4.8125e-09  1.3764e-06
  110    285  1.4299e-09  4.0753e-07
  110    286  2.8182e-14  8.0601e-12
  110    287  2.3202e-08  6.6591e-06
  110    288  1.8734e-08  5.3955e-06
  110    290  2.9905e-08  8.6723e-06
  111    289  1.5387e-08  4.4467e-06
  111    290  3.2494e-13  9.4231e-11
  111    291  1.1869e-08  3.4539e-06
  111    292  1.4237e-07  4.1571e-05
  111    293  4.9126e-08  1.4394e-05
  111    294  1.8093e-07  5.3194e-05
  111    295  2.9681e-07  8.7559e-05
  111    296  7.8139e-07  2.3129e-04
  111    297  1.7514e-06  5.2018e-04
  111    298  2.8402e-06  8.4638e-04
  111    299  3.2980e-09  9.8610e-07
  111    300  1.7388e-08  5.2164e-06
  111    301  1.3638e-08  4.1049e-06
  111    302  1.2622e-08  3.8119e-06
  111    303  1.2264e-09  3.7159e-07
  111    304  6.3254e-10  1.9229e-07
  111    305  4.9478e-11  1.5091e-08
  111    306  7.4562e-11  2.2816e-08
  111    307  1.1802e-11  3.6232e-09
  111    308  4.1605e-12  1.2814e-09
  111    309  3.5394e-13  1.0937e-10
  111    310  1.5311e-12  4.7464e-10
  111    311  3.5703e-13  1.1103e-10
  111    312  7.5575e-13  2.3579e-10
  111    313  8.6402e-14  2.7044e-11
  111    314  6.4643e-13  2.0298e-10
  111    315  2.6507e-14  8.3498e-12
  111    316  8.9427e-13  2.8259e-10
  111    317  1.7436e-14  5.5271e-12
  111    318  4.1503e-13  1.3198e-10
  111    319  4.4209e-15  1.4103e-12
  111    320  8.1314e-14  2.6020e-11
  111    321  5.2758e-16  1.6935e-13
  111    322  6.1010e-15  1.9645e-12
  111    323  9.7082e-16  3.1357e-13
  111    324  1.1075e-15  3.5883e-13
  111    325  4.1037e-16  1.3337e-13
  111    326  1.8639e-16  6.0762e-14
  111    327  1.1429e-15  3.7373e-13
  111    328  3.6104e-16  1.1842e-13
  111    329  2.9720e-15  9.7777e-13
  111    330  3.8988e-16  1.2866e-13
  111    331  2.7498e-15  9.1019e-13
  111    332  2.6245e-16  8.7132e-14
  111    333  3.4944e-15  1.1636e-12
  111    334  2.2967e-16  7.6709e-14
  111    335  3.2919e-15  1.1028e-12
  111    336  1.2150e-16  4.0825e-14
  111    337  8.2005e-05  2.7636e-02
    1      1  2.2814e-02  2.2814e-02
    2      4  2.3639e-01  9.4557e-01


