    1      2  9.9639e-16  1.9928e-15
    2      3  1.0585e-20  3.1755e-20
    3      6  1.1576e-18  6.9456e-18
    3      7  8.0692e-20  5.6484e-19
    4      8  5.9667e-18  4.7734e-17
    4      9  1.3891e-18  1.2502e-17
    5     10  2.5711e-18  2.5711e-17
    6     12  6.3044e-08  7.5653e-07
    6     13  3.7400e-14  4.8620e-13
    7     14  7.9457e-15  1.1124e-13
    7     15  6.2656e-12  9.3984e-11
    8     16  4.2387e-09  6.7819e-08
    8     17  2.5013e-15  4.2522e-14
    8     18  1.6586e-13  2.9856e-12
    9     19  2.7636e-13  5.2508e-12
   10     20  1.1502e-09  2.3004e-08
   10     21  1.1873e-11  2.4933e-10
   10     22  7.3868e-12  1.6251e-10
   11     23  5.3525e-12  1.2311e-10
   12     24  3.3265e-10  7.9836e-09
   12     25  2.2122e-10  5.5306e-09
   12     26  1.6707e-09  4.3437e-08
   13     26  2.1511e-15  5.5928e-14
   13     27  1.5592e-09  4.2098e-08
   14     28  9.0431e-09  2.5321e-07
   14     29  4.0802e-09  1.1833e-07
   14     30  1.5573e-08  4.6718e-07
   15     31  1.9260e-09  5.9707e-08
   16     32  5.5030e-09  1.7610e-07
   16     33  7.4569e-09  2.4608e-07
   16     34  7.7733e-08  2.6429e-06
   16     36  1.2051e-07  4.3383e-06
   17     35  1.4283e-08  4.9989e-07
   17     37  7.5617e-08  2.7978e-06
   18     36  8.9154e-17  3.2095e-15
   18     38  8.2748e-08  3.1444e-06
   18     40  3.9357e-09  1.5743e-07
   19     39  1.5714e-09  6.1284e-08
   19     41  9.2465e-09  3.7911e-07
   20     42  2.6179e-08  1.0995e-06
   20     43  1.7942e-07  7.7150e-06
   20     44  7.7126e-07  3.3935e-05
   20     46  6.5230e-07  3.0006e-05
   21     45  2.2778e-07  1.0250e-05
   22     46  4.0294e-19  1.8535e-17
   22     47  1.0923e-07  5.1338e-06
   22     48  7.1441e-07  3.4292e-05
   22     49  3.8020e-07  1.8630e-05
   22     50  1.1528e-06  5.7639e-05
   23     51  5.1190e-07  2.6107e-05
   24     52  3.5475e-08  1.8447e-06
   24     53  4.8856e-07  2.5894e-05
   24     54  3.3025e-06  1.7833e-04
   25     55  6.8669e-07  3.7768e-05
   26     56  1.8907e-06  1.0588e-04
   26     57  2.4064e-07  1.3716e-05
   26     58  1.0824e-07  6.2780e-06
   27     59  2.3054e-07  1.3602e-05
   28     60  2.2111e-07  1.3267e-05
   28     61  4.8068e-07  2.9321e-05
   28     62  9.4663e-07  5.8691e-05
   28     64  2.5361e-08  1.6231e-06
   29     63  1.5586e-06  9.8195e-05
   29     65  1.0139e-07  6.5902e-06
   30     64  1.2028e-19  7.6981e-18
   30     66  5.1782e-07  3.4176e-05
   30     67  2.5605e-07  1.7155e-05
   30     68  3.6919e-07  2.5105e-05
   30     70  4.5080e-07  3.1556e-05
   31     69  3.3981e-07  2.3447e-05
   31     71  9.0541e-08  6.4284e-06
   32     70  2.5768e-14  1.8038e-12
   32     72  1.5445e-07  1.1120e-05
   32     73  5.6519e-07  4.1259e-05
   32     74  1.4871e-06  1.1005e-04
   32     76  6.4582e-06  4.9082e-04
   33     75  5.5757e-06  4.1818e-04
   34     76  1.0733e-12  8.1568e-11
   34     77  1.8395e-05  1.4164e-03
   34     78  8.9831e-06  7.0069e-04
   34     80  1.0344e-05  8.2752e-04
   34     82  1.1627e-05  9.5339e-04
   35     79  3.2526e-06  2.5696e-04
   35     81  4.5197e-07  3.6610e-05
   36     82  7.0909e-13  5.8145e-11
   36     83  1.6462e-05  1.3664e-03
   36     84  6.2210e-06  5.2256e-04
   36     86  2.0779e-05  1.7870e-03
   37     85  8.1510e-06  6.9284e-04
   37     87  2.2423e-06  1.9508e-04
   38     86  1.0208e-17  8.7785e-16
   38     87  1.6418e-08  1.4284e-06
   38     88  7.9954e-06  7.0359e-04
   39     89  7.4759e-06  6.6536e-04
   40     90  1.9176e-05  1.7259e-03
   40     91  1.2212e-05  1.1113e-03
   40     92  2.3811e-05  2.1906e-03
   40     94  1.7701e-05  1.6639e-03
   41     93  8.5153e-06  7.9192e-04
   42     95  7.5064e-06  7.1311e-04
   42     96  1.6775e-05  1.6104e-03
   42     97  5.7316e-06  5.5597e-04
   42     98  2.5136e-07  2.4633e-05
   42    100  6.6234e-05  6.6234e-03
   44     99  1.4667e-06  1.4521e-04
   44    100  7.1694e-14  7.1694e-12
   44    101  9.7242e-05  9.8214e-03
   44    102  4.9634e-05  5.0627e-03
   44    104  1.4964e-04  1.5563e-02
   45    103  3.3998e-05  3.5018e-03
   46    104  1.9343e-14  2.0116e-12
   46    105  1.0503e-04  1.1028e-02
   46    106  9.5795e-05  1.0154e-02
   46    108  4.4446e-05  4.8001e-03
   46    110  1.0139e-04  1.1153e-02
   47    107  1.3060e-04  1.3974e-02
   47    109  3.5843e-05  3.9069e-03
   48    110  2.7059e-12  2.9765e-10
   48    111  2.7637e-05  3.0677e-03
   48    112  6.1671e-05  6.9071e-03
   48    113  2.1936e-05  2.4788e-03
   48    114  1.3613e-05  1.5519e-03
   48    116  3.6635e-06  4.2496e-04
   49    113  9.6541e-13  1.0909e-10
   49    115  5.3001e-06  6.0951e-04
   50    115  4.2287e-12  4.8631e-10
   50    116  7.1718e-15  8.3193e-13
   50    117  8.6880e-06  1.0165e-03
   50    118  6.9693e-06  8.2237e-04
   50    119  5.4620e-06  6.4998e-04
   50    120  1.3751e-05  1.6501e-03
   50    122  1.4154e-05  1.7268e-03
   50    124  2.4880e-05  3.0851e-03
   51    121  1.7061e-05  2.0644e-03
   51    123  1.2767e-05  1.5703e-03
   52    122  9.2758e-13  1.1316e-10
   52    124  1.0463e-14  1.2974e-12
   52    125  1.9296e-05  2.4120e-03
   52    126  4.2042e-05  5.2972e-03
   52    128  1.6407e-05  2.1001e-03
   52    130  6.1281e-08  7.9666e-06
   53    127  1.9822e-05  2.5174e-03
   53    129  2.3877e-14  3.0801e-12
   54    128  5.4629e-18  6.9925e-16
   54    129  3.4249e-06  4.4182e-04
   54    130  3.3133e-15  4.3073e-13
   54    131  1.3323e-09  1.7453e-07
   54    132  6.0637e-11  8.0040e-09
   54    134  9.5595e-13  1.2810e-10
   54    136  4.3181e-15  5.8726e-13
   55    133  6.2257e-12  8.2801e-10
   56    135  6.0701e-14  8.1946e-12
   56    137  7.1623e-17  9.8123e-15
   56    138  6.2614e-17  8.6407e-15
   57    139  4.7635e-16  6.6213e-14
   58    140  3.0484e-15  4.2677e-13
   58    142  3.0678e-16  4.3562e-14
   59    141  7.3803e-17  1.0406e-14
   60    143  3.8436e-17  5.4963e-15
   60    144  1.7896e-17  2.5770e-15
   60    145  7.4294e-19  1.0773e-16
   60    146  2.2654e-18  3.3074e-16
   60    148  2.5419e-17  3.7620e-15
   60    150  4.0676e-18  6.1014e-16
   62    147  1.0404e-17  1.5293e-15
   62    149  5.6198e-18  8.3736e-16
   62    152  4.1064e-18  6.2418e-16
   62    154  1.2850e-18  1.9789e-16
   63    151  2.0013e-18  3.0219e-16
   63    153  2.0155e-18  3.0837e-16
   64    155  9.6136e-19  1.4901e-16
   64    156  8.9294e-20  1.3930e-17
   64    157  9.0904e-20  1.4272e-17
   64    158  4.8265e-20  7.6259e-18
   64    160  2.2824e-20  3.6518e-18
   65    159  2.7816e-20  4.4227e-18
   66    161  1.3077e-20  2.1055e-18
    1      1  2.0117e-09  2.0117e-09
    2      4  2.1033e-01  8.4131e-01


