    4      8  3.0811e-19  2.4649e-18
    5     10  4.1592e-18  4.1592e-17
    6     12  2.1709e-06  2.6051e-05
    6     13  3.7120e-13  4.8256e-12
    7     14  9.3608e-20  1.3105e-18
    8     16  4.6772e-09  7.4835e-08
    8     17  2.0657e-19  3.5116e-18
   10     20  5.0559e-09  1.0112e-07
   10     21  3.7597e-16  7.8953e-15
   10     22  7.0505e-20  1.5511e-18
   11     23  2.7039e-13  6.2190e-12
   12     24  5.8768e-09  1.4104e-07
   12     25  2.0106e-14  5.0266e-13
   12     26  5.9980e-12  1.5595e-10
   13     26  3.3301e-14  8.6584e-13
   13     27  7.8641e-10  2.1233e-08
   14     28  2.8251e-08  7.9103e-07
   14     29  1.2516e-10  3.6297e-09
   14     30  1.1204e-08  3.3611e-07
   15     31  4.3592e-09  1.3514e-07
   16     32  3.9906e-08  1.2770e-06
   16     33  2.7358e-09  9.0280e-08
   16     34  6.7811e-08  2.3056e-06
   16     36  2.6811e-11  9.6519e-10
   17     35  1.5369e-08  5.3790e-07
   17     37  6.0890e-09  2.2529e-07
   18     36  2.4699e-08  8.8917e-07
   18     38  2.9092e-07  1.1055e-05
   18     40  2.6514e-10  1.0606e-08
   19     39  1.7063e-08  6.6546e-07
   19     40  6.6291e-10  2.6517e-08
   19     41  7.7288e-09  3.1688e-07
   20     40  1.4819e-07  5.9277e-06
   20     42  5.7456e-07  2.4131e-05
   20     43  4.0577e-08  1.7448e-06
   20     44  3.3344e-08  1.4672e-06
   20     46  6.2546e-16  2.8771e-14
   21     45  1.2837e-07  5.7765e-06
   22     46  5.1527e-07  2.3703e-05
   22     47  1.4492e-07  6.8110e-06
   22     48  2.2787e-07  1.0938e-05
   22     49  4.2165e-07  2.0661e-05
   22     50  1.5095e-10  7.5474e-09
   23     51  1.6469e-07  8.3990e-06
   24     50  3.8223e-07  1.9111e-05
   24     52  3.0126e-07  1.5666e-05
   24     53  6.0722e-07  3.2183e-05
   24     54  1.0794e-09  5.8287e-08
   25     55  5.4292e-07  2.9861e-05
   26     54  2.9851e-06  1.6120e-04
   26     56  2.0785e-06  1.1640e-04
   26     57  1.0344e-05  5.8961e-04
   26     58  2.7656e-08  1.6041e-06
   27     59  4.4060e-04  2.5996e-02
   28     58  4.8198e-03  2.7955e-01
   28     60  6.9064e-03  4.1438e-01
   28     61  1.6873e-04  1.0293e-02
   28     62  3.4589e-04  2.1445e-02
   28     64  1.8967e-09  1.2139e-07
   29     63  5.5549e-05  3.4996e-03
   29     65  7.3132e-06  4.7536e-04
   30     64  2.3537e-03  1.5064e-01
   30     66  1.0686e-05  7.0526e-04
   30     67  2.9688e-06  1.9891e-04
   30     68  1.0242e-04  6.9644e-03
   30     70  7.9709e-16  5.5796e-14
   31     69  6.0417e-07  4.1687e-05
   31     71  9.2582e-08  6.5733e-06
   32     70  4.1725e-06  2.9208e-04
   32     72  1.7908e-06  1.2894e-04
   32     73  4.9240e-08  3.5945e-06
   32     74  4.1418e-13  3.0649e-11
   33     75  5.2058e-09  3.9043e-07
   34     74  6.1734e-07  4.5683e-05
   34     76  3.6078e-08  2.7419e-06
   34     77  6.4902e-09  4.9975e-07
   34     78  1.0213e-12  7.9660e-11
   34     80  6.3901e-17  5.1121e-15
   35     79  1.7256e-09  1.3632e-07
   35     81  3.8789e-10  3.1419e-08
   36     78  1.1737e-07  9.1546e-06
   36     80  2.6709e-09  2.1368e-07
   36     82  1.0665e-08  8.7456e-07
   36     83  8.9371e-10  7.4178e-08
   36     84  2.4171e-14  2.0303e-12
   37     85  2.2342e-10  1.8991e-08
   37     87  1.3191e-19  1.1476e-17
   38     84  6.1787e-09  5.1901e-07
   38     86  1.2028e-09  1.0344e-07
   38     87  4.4213e-10  3.8465e-08
   38     88  3.1765e-09  2.7953e-07
   39     89  7.4533e-10  6.6335e-08
   40     90  9.5101e-09  8.5590e-07
   40     91  2.7023e-09  2.4591e-07
   40     92  1.5783e-12  1.4521e-10
   41     92  4.5173e-16  4.1559e-14
   41     93  1.1258e-10  1.0470e-08
   42     92  2.8240e-08  2.5981e-06
   42     94  2.3709e-11  2.2287e-09
   42     95  1.4949e-12  1.4202e-10
   42     96  3.4739e-16  3.3349e-14
   42     97  6.7610e-15  6.5581e-13
   44     96  1.5337e-12  1.4723e-10
   44     98  1.1181e-15  1.0957e-13
   44     99  4.8510e-17  4.8024e-15
   44    100  5.1347e-17  5.1347e-15
   44    101  4.7453e-19  4.7928e-17
   46    102  2.2290e-19  2.2736e-17
    1      1  5.5537e-12  5.5537e-12
    2      4  2.1049e-02  8.4195e-02


