1  1.3943e-10
2  1.1231e-01
3  3.0687e-15
4  1.0364e-12
5  2.2658e-16
6  6.1428e-09
7  4.2434e-08
8  3.6149e-08
9  4.7197e-08
10  2.8717e-08
11  1.0752e-08
12  3.0081e-07
13  4.9794e-09
14  1.5143e-07
15  1.8186e-08
16  2.0710e-06
17  3.0425e-07
18  1.4331e-06
19  8.9411e-07
20  4.9928e-06
21  1.5654e-06
22  3.2473e-06
23  2.3816e-07
24  9.3230e-06
25  2.9569e-07
26  2.3746e-06
27  5.2829e-09
28  8.9553e-07
29  7.1371e-07
30  3.9293e-06
31  1.0462e-06
32  1.5885e-05
33  1.1539e-06
34  7.7507e-05
35  1.4327e-05
36  5.5194e-05
37  2.3394e-05
38  3.5497e-05
39  6.9172e-06
40  2.3736e-05
41  1.0955e-05
42  1.2132e-04
43  3.8447e-30
44  1.8631e-04
45  1.3572e-05
46  1.1746e-03
47  7.6036e-04
48  8.3975e-04
49  8.9511e-05
50  2.7797e-04
51  5.8318e-05
52  6.9904e-04
53  2.6517e-04
54  1.1987e-04
55  1.3795e-06
56  3.1315e-07
57  1.7100e-09
58  9.3550e-09
59  7.8670e-09
60  3.2336e-09
61  1.1853e-315
62  1.1524e-09
63  4.6065e-10
64  4.6775e-10
65  1.1077e-11
66  4.9971e-11
67  6.4721e-12
68  2.0993e-11
69  3.9743e-12
70  1.0112e-12
71  6.7790e-14
72  7.6541e-14
73  3.4257e-15
74  3.5794e-15
75  4.4479e-16
76  1.1724e-15
77  4.9155e-16
78  9.4710e-17
79  4.1421e-18
80  3.2480e-19
81  3.4902e-23
82  0.0000e+00
83  0.0000e+00
84  0.0000e+00
85  0.0000e+00
86  0.0000e+00
87  0.0000e+00
88  0.0000e+00
89  0.0000e+00
90  0.0000e+00
91  0.0000e+00
92  0.0000e+00
93  0.0000e+00
94  0.0000e+00
95  0.0000e+00
96  0.0000e+00
97  0.0000e+00
98  0.0000e+00
99  0.0000e+00
100  0.0000e+00
101  0.0000e+00
102  0.0000e+00
103  0.0000e+00
104  0.0000e+00
105  0.0000e+00
106  0.0000e+00
107  0.0000e+00
108  0.0000e+00
109  0.0000e+00
110  0.0000e+00
111  0.0000e+00
112  0.0000e+00
113  0.0000e+00
114  0.0000e+00
115  0.0000e+00
116  0.0000e+00
117  0.0000e+00
118  0.0000e+00

