1  2.2774e-09
2  1.4776e-01
3  2.8891e-11
4  1.2916e-11
5  3.5767e-11
6  4.8376e-09
7  1.2793e-06
8  7.6231e-08
9  2.7121e-07
10  6.0295e-07
11  1.1159e-07
12  2.9672e-07
13  1.1371e-07
14  9.7151e-07
15  1.8103e-07
16  1.8486e-06
17  3.6426e-07
18  2.4957e-06
19  1.9610e-06
20  6.4133e-06
21  6.8487e-07
22  5.5120e-06
23  5.8622e-07
24  2.9974e-06
25  1.6322e-07
26  4.7014e-07
27  1.8102e-08
28  4.1054e-07
29  2.0320e-06
30  2.2655e-06
31  1.7969e-07
32  5.5772e-06
33  5.6859e-06
34  6.2268e-05
35  1.8475e-05
36  1.9635e-05
37  9.6618e-06
38  8.3397e-06
39  2.5209e-06
40  2.5857e-05
41  1.2133e-05
42  1.5053e-05
43  1.3193e-31
44  6.1314e-06
45  1.9196e-06
46  1.2569e-05
47  7.0905e-06
48  6.4578e-06
49  1.2765e-06
50  3.7955e-05
51  6.4327e-06
52  1.0195e-03
53  3.0212e-04
54  1.0084e-03
55  3.4618e-05
56  9.1499e-05
57  5.6856e-06
58  9.1041e-05
59  4.9432e-05
60  9.8587e-05
61  6.1869e-316
62  5.6634e-05
63  2.4135e-05
64  5.3722e-05
65  8.9136e-06
66  2.1499e-05
67  3.3069e-06
68  1.5557e-05
69  3.0274e-06
70  5.8817e-06
71  5.8492e-07
72  1.7310e-06
73  3.9974e-07
74  1.3699e-06
75  2.3284e-07
76  4.9385e-07
77  1.2122e-07
78  4.3224e-08
79  3.2930e-09
80  2.3853e-10
81  8.2857e-13
82  1.3014e-12
83  1.4473e-13
84  4.3903e-21
85  2.1586e-38
86  1.2989e-19
87  2.8180e-44
88  1.0271e-19
89  3.2109e-20
90  3.4486e-17
91  1.2160e-22
92  3.2425e-18
93  1.6950e-22
94  6.0052e-22
95  7.7633e-26
96  3.3957e-156
97  7.6712e-24
98  0.0000e+00
99  -7.8062e-322
100  7.1887e-23
101  -8.6457e-314
102  5.4230e-24
103  0.0000e+00
104  0.0000e+00
105  0.0000e+00
106  0.0000e+00
107  0.0000e+00
108  0.0000e+00
109  0.0000e+00
110  0.0000e+00
111  0.0000e+00
112  0.0000e+00
113  0.0000e+00
114  0.0000e+00
115  0.0000e+00
116  0.0000e+00
117  0.0000e+00
118  0.0000e+00

