1  1.0945e-07
2  1.8887e-01
3  2.6872e-09
4  7.8009e-08
5  4.1761e-07
6  1.2152e-07
7  1.9826e-05
8  6.1236e-07
9  1.5510e-06
10  3.1760e-06
11  7.1073e-07
12  1.3768e-06
13  8.8134e-08
14  3.4706e-07
15  8.7747e-08
16  3.6974e-07
17  3.7518e-08
18  5.9841e-08
19  9.6057e-08
20  2.2271e-07
21  5.4421e-08
22  1.6913e-07
23  8.5648e-08
24  2.2120e-07
25  4.0494e-08
26  1.7317e-07
27  2.5882e-09
28  6.3145e-08
29  5.9317e-07
30  7.0344e-07
31  4.6877e-08
32  2.2530e-06
33  2.4675e-06
34  7.7119e-06
35  1.8300e-06
36  1.2288e-06
37  4.2507e-07
38  4.1446e-07
39  2.4328e-07
40  1.7708e-06
41  9.5841e-07
42  1.3873e-06
43  1.0940e-32
44  5.1643e-07
45  2.1225e-07
46  1.0618e-06
47  6.3706e-07
48  5.6736e-07
49  1.3957e-07
50  3.9944e-06
51  1.1910e-06
52  1.5911e-05
53  4.5351e-06
54  1.6170e-05
55  1.5159e-06
56  3.3220e-06
57  3.1153e-07
58  2.8294e-06
59  1.0734e-06
60  3.0247e-06
61  4.1697e-83
62  2.3839e-06
63  7.5627e-07
64  3.1695e-06
65  5.0802e-07
66  2.0099e-06
67  6.2536e-07
68  3.5742e-06
69  1.6457e-06
70  4.6118e-06
71  5.7783e-07
72  2.4430e-06
73  1.0039e-06
74  6.3184e-06
75  1.8561e-06
76  3.6162e-05
77  3.6158e-05
78  7.1903e-05
79  1.3112e-05
80  8.6864e-06
81  3.3504e-06
82  2.8612e-04
83  1.2153e-04
84  4.2942e-15
85  2.1583e-25
86  1.1856e-16
87  4.2488e-20
88  1.8175e-11
89  1.6023e-12
90  8.4220e-05
91  2.4021e-09
92  1.0268e-04
93  9.4060e-19
94  6.3966e-07
95  4.9701e-17
96  1.0505e-13
97  8.7942e-09
98  4.2694e-315
99  -1.6255e-321
100  7.3650e-05
101  -7.4480e-313
102  9.0245e-05
103  1.9103e-05
104  3.7149e-05
105  2.2009e-05
106  3.8384e-06
107  1.5962e-07
108  6.0246e-06
109  3.1958e-319
110  2.0569e-06
111  2.0694e-06
112  0.0000e+00
113  0.0000e+00
114  0.0000e+00
115  0.0000e+00
116  0.0000e+00
117  0.0000e+00
118  0.0000e+00

