    1      2  4.2374e-08  8.4748e-08
    2      3  8.6278e-10  2.5883e-09
    3      6  6.5516e-12  3.9310e-11
    3      7  2.0688e-09  1.4481e-08
    4      8  2.8540e-07  2.2832e-06
    4      9  1.4395e-07  1.2956e-06
    5     10  8.5454e-07  8.5454e-06
    5     11  7.1344e-10  7.8478e-09
    6     12  6.1991e-09  7.4390e-08
    6     13  7.8889e-09  1.0256e-07
    7     14  1.4632e-07  2.0485e-06
    7     15  1.9444e-06  2.9166e-05
    8     16  1.5786e-05  2.5258e-04
    8     17  6.4005e-07  1.0881e-05
    8     18  9.3984e-07  1.6917e-05
    9     19  1.8237e-06  3.4650e-05
   10     20  3.1368e-06  6.2737e-05
   10     21  2.8710e-06  6.0290e-05
   10     22  1.6766e-08  3.6885e-07
   11     23  4.5596e-07  1.0487e-05
   12     24  4.6652e-07  1.1196e-05
   12     25  1.4190e-07  3.5476e-06
   12     26  1.8503e-07  4.8107e-06
   13     27  9.9791e-08  2.6944e-06
   14     28  9.5291e-08  2.6681e-06
   14     29  8.7524e-08  2.5382e-06
   14     30  1.0163e-07  3.0490e-06
   15     31  5.4744e-08  1.6971e-06
   16     32  1.3036e-07  4.1715e-06
   16     33  1.1706e-07  3.8630e-06
   16     34  1.0668e-07  3.6273e-06
   16     36  4.7860e-08  1.7229e-06
   17     35  8.5238e-09  2.9833e-07
   17     37  1.5888e-08  5.8784e-07
   18     36  6.8691e-17  2.4729e-15
   18     38  3.4102e-08  1.2959e-06
   18     40  9.7065e-09  3.8826e-07
   19     39  1.5349e-08  5.9860e-07
   19     41  2.9398e-08  1.2053e-06
   20     42  4.3265e-08  1.8171e-06
   20     43  9.7317e-09  4.1846e-07
   20     44  4.5487e-08  2.0014e-06
   20     46  4.2962e-09  1.9762e-07
   21     45  3.0337e-08  1.3652e-06
   22     46  5.2070e-17  2.3952e-15
   22     47  3.9262e-09  1.8453e-07
   22     48  4.1095e-09  1.9726e-07
   22     49  5.9749e-10  2.9277e-08
   22     50  1.1402e-09  5.7010e-08
   23     51  4.2907e-09  2.1883e-07
   24     52  1.6299e-09  8.4754e-08
   24     53  2.8607e-08  1.5162e-06
   24     54  5.3685e-09  2.8990e-07
   25     55  2.9287e-10  1.6108e-08
   26     56  1.1232e-08  6.2902e-07
   26     57  5.1005e-09  2.9073e-07
   26     58  2.8421e-09  1.6484e-07
   27     59  1.7302e-10  1.0208e-08
   28     60  1.2447e-10  7.4681e-09
   28     61  6.1087e-12  3.7263e-10
   28     62  5.3224e-10  3.2999e-08
   28     64  1.7184e-08  1.0998e-06
   29     63  4.6016e-08  2.8990e-06
   29     65  4.3313e-09  2.8153e-07
   30     64  2.5808e-18  1.6517e-16
   30     66  4.3907e-09  2.8978e-07
   30     67  4.5470e-08  3.0465e-06
   30     68  1.1215e-08  7.6260e-07
   30     70  9.0324e-09  6.3227e-07
   31     69  1.9153e-09  1.3216e-07
   31     71  1.0205e-08  7.2455e-07
   32     70  1.0609e-13  7.4264e-12
   32     72  1.6134e-08  1.1616e-06
   32     73  4.7654e-09  3.4788e-07
   32     74  1.3652e-07  1.0102e-05
   32     76  5.3757e-08  4.0855e-06
   33     75  1.7207e-07  1.2906e-05
   34     76  2.5794e-11  1.9604e-09
   34     77  7.2329e-08  5.5693e-06
   34     78  1.0385e-07  8.1001e-06
   34     80  7.1737e-07  5.7390e-05
   34     82  1.6857e-07  1.3823e-05
   35     79  5.8880e-08  4.6515e-06
   35     81  1.2296e-07  9.9599e-06
   36     82  1.2598e-10  1.0331e-08
   36     83  1.3158e-07  1.0921e-05
   36     84  1.5940e-08  1.3390e-06
   36     86  2.1362e-08  1.8371e-06
   37     85  4.0674e-08  3.4572e-06
   37     87  7.1063e-08  6.1825e-06
   38     86  4.5986e-17  3.9548e-15
   38     87  5.2033e-10  4.5269e-08
   38     88  4.3844e-09  3.8583e-07
   39     89  1.2960e-08  1.1534e-06
   40     90  1.4940e-08  1.3446e-06
   40     91  3.3325e-08  3.0326e-06
   40     92  2.3356e-08  2.1487e-06
   40     94  4.0690e-08  3.8249e-06
   41     93  4.9244e-08  4.5797e-06
   42     95  4.7076e-08  4.4722e-06
   42     96  1.3875e-08  1.3320e-06
   42     97  1.9638e-08  1.9049e-06
   42     98  5.3095e-09  5.2033e-07
   42    100  1.1002e-08  1.1002e-06
   44     99  2.7158e-09  2.6886e-07
   44    100  8.3365e-14  8.3365e-12
   44    101  1.8823e-09  1.9011e-07
   44    102  2.8140e-09  2.8702e-07
   44    104  2.8901e-09  3.0057e-07
   45    103  3.3978e-09  3.4997e-07
   46    104  1.7312e-15  1.8004e-13
   46    105  9.5918e-10  1.0071e-07
   46    106  1.1410e-09  1.2095e-07
   46    108  6.9159e-09  7.4692e-07
   46    110  2.0607e-08  2.2668e-06
   47    107  3.0435e-09  3.2566e-07
   47    109  7.8280e-09  8.5326e-07
   48    110  4.9828e-13  5.4811e-11
   48    111  3.4875e-09  3.8712e-07
   48    112  5.7982e-09  6.4940e-07
   48    113  4.7066e-09  5.3184e-07
   48    114  2.8974e-08  3.3030e-06
   48    116  1.5751e-08  1.8271e-06
   49    113  2.0714e-16  2.3407e-14
   49    115  3.1471e-08  3.6192e-06
   50    115  2.5109e-14  2.8876e-12
   50    116  5.0576e-14  5.8668e-12
   50    117  6.6175e-09  7.7425e-07
   50    118  1.8767e-09  2.2145e-07
   50    119  3.5184e-10  4.1869e-08
   50    120  8.2508e-10  9.9009e-08
   50    122  9.6737e-09  1.1802e-06
   50    124  4.0965e-08  5.0797e-06
   51    121  1.4992e-08  1.8141e-06
   51    123  6.5407e-09  8.0451e-07
   52    122  6.2666e-13  7.6452e-11
   52    124  6.2902e-15  7.7998e-13
   52    125  1.1817e-07  1.4772e-05
   52    126  5.6403e-08  7.1068e-06
   52    128  3.5471e-07  4.5403e-05
   52    130  3.4180e-07  4.4434e-05
   53    127  1.5365e-07  1.9513e-05
   53    129  7.9098e-15  1.0204e-12
   54    128  5.2645e-17  6.7386e-15
   54    129  1.5486e-06  1.9978e-04
   54    130  1.6725e-12  2.1742e-10
   54    131  2.5450e-07  3.3340e-05
   54    132  3.1033e-07  4.0963e-05
   54    134  7.9918e-08  1.0709e-05
   54    136  1.1107e-07  1.5106e-05
   55    133  1.7591e-07  2.3396e-05
   56    134  7.4128e-17  9.9332e-15
   56    135  3.2918e-08  4.4440e-06
   56    136  3.5182e-15  4.7847e-13
   56    137  1.5826e-08  2.1682e-06
   56    138  1.9378e-07  2.6741e-05
   57    139  5.7120e-09  7.9397e-07
   58    140  4.2161e-08  5.9026e-06
   58    142  4.8850e-08  6.9367e-06
   59    141  3.7543e-08  5.2936e-06
   60    142  4.6038e-18  6.5374e-16
   60    143  1.1708e-08  1.6742e-06
   60    144  1.7864e-08  2.5724e-06
   60    145  6.7574e-09  9.7983e-07
   60    146  8.2185e-09  1.1999e-06
   60    148  9.7018e-09  1.4359e-06
   60    150  1.9422e-09  2.9133e-07
   62    147  7.7269e-09  1.1359e-06
   62    148  1.9510e-15  2.8875e-13
   62    149  2.4763e-09  3.6897e-07
   62    150  1.3599e-12  2.0399e-10
   62    152  1.0309e-10  1.5670e-08
   62    154  2.1372e-11  3.2913e-09
   63    151  8.5924e-11  1.2975e-08
   63    153  2.9575e-11  4.5250e-09
   64    154  3.2969e-16  5.0772e-14
   64    155  1.9573e-10  3.0339e-08
   64    156  1.7337e-10  2.7046e-08
   64    157  3.9332e-11  6.1751e-09
   64    158  6.9458e-11  1.0974e-08
   64    160  8.0988e-12  1.2958e-09
   65    159  2.1496e-12  3.4178e-10
   66    160  7.7832e-18  1.2453e-15
   66    161  1.3343e-11  2.1482e-09
   66    162  5.2630e-12  8.5261e-10
   66    163  7.3643e-12  1.2004e-09
   66    164  4.8042e-12  7.8789e-10
   67    165  1.9386e-11  3.1986e-09
   68    166  5.3793e-12  8.9296e-10
   68    167  8.7779e-12  1.4659e-09
   68    168  2.8088e-12  4.7188e-10
   68    170  3.6366e-12  6.1823e-10
   69    169  4.8081e-11  8.1257e-09
   70    170  4.7490e-17  8.0733e-15
   70    171  1.4953e-11  2.5569e-09
   70    172  2.5742e-12  4.4276e-10
   70    173  1.6670e-12  2.8839e-10
   70    174  1.5065e-11  2.6212e-09
   70    176  8.8749e-12  1.5620e-09
   71    175  3.4784e-12  6.0872e-10
   71    176  1.2637e-18  2.2240e-16
   72    176  1.1831e-20  2.0822e-18
   72    177  3.1538e-11  5.5822e-09
   72    178  1.1338e-11  2.0181e-09
   72    179  5.7699e-12  1.0328e-09
   72    180  2.2230e-11  4.0015e-09
   73    181  1.0623e-11  1.9227e-09
   74    182  1.8529e-11  3.3723e-09
   74    183  2.1765e-11  3.9830e-09
   74    184  1.6442e-11  3.0253e-09
   74    186  2.2552e-11  4.1947e-09
   75    185  9.0321e-12  1.6709e-09
   75    187  1.3277e-11  2.4828e-09
   76    186  3.6729e-20  6.8316e-18
   76    187  1.0790e-13  2.0178e-11
   76    188  2.4707e-11  4.6450e-09
   76    189  2.1693e-11  4.0999e-09
   76    190  2.0977e-11  3.9856e-09
   76    192  9.6790e-11  1.8584e-08
   77    191  4.8651e-10  9.2924e-08
   77    193  7.7645e-12  1.4986e-09
   78    192  4.1076e-16  7.8867e-14
   78    194  3.3648e-11  6.5277e-09
   78    195  1.5622e-10  3.0463e-08
   78    196  6.0084e-11  1.1776e-08
   78    198  3.5760e-10  7.0804e-08
   79    197  8.9791e-10  1.7689e-07
   80    198  3.2450e-15  6.4251e-13
   80    199  4.5559e-10  9.0662e-08
   80    200  1.8138e-09  3.6275e-07
   80    201  7.5772e-09  1.5230e-06
   80    202  6.1777e-08  1.2479e-05
   80    204  7.9837e-08  1.6287e-05
   80    206  1.6050e-18  3.3062e-16
   81    203  9.0019e-08  1.8274e-05
   81    205  1.5953e-07  3.2703e-05
   82    204  2.3416e-15  4.7769e-13
   82    206  9.0934e-07  1.8732e-04
   82    207  2.2450e-06  4.6472e-04
   82    208  2.2505e-06  4.6809e-04
   82    210  4.7948e-16  1.0069e-13
   82    211  6.2555e-20  1.3199e-17
   82    212  1.3938e-20  2.9549e-18
   83    209  1.7970e-06  3.7557e-04
   83    210  2.9617e-19  6.2197e-17
   84    210  8.1776e-18  1.7173e-15
   86    222  2.2573e-19  5.0113e-17
   88    223  2.8480e-17  6.3510e-15
   88    224  1.1428e-19  2.5598e-17
   88    226  3.4541e-14  7.8062e-12
   88    228  6.5869e-17  1.5018e-14
   89    227  1.9805e-14  4.4958e-12
   90    227  4.5773e-17  1.0390e-14
   90    228  2.1946e-17  5.0036e-15
   90    230  1.6279e-12  3.7441e-10
   90    231  2.6492e-18  6.1196e-16
   90    232  1.6085e-07  3.7318e-05
   90    234  1.4227e-18  3.3290e-16
   91    231  2.9692e-11  6.8589e-09
   91    234  1.6484e-20  3.8572e-18
   92    234  5.3008e-12  1.2404e-09
   92    235  6.3994e-07  1.5039e-04
   92    236  6.1906e-10  1.4610e-07
   92    238  9.6434e-08  2.2951e-05
   92    240  3.0039e-20  7.2093e-18
   94    239  6.7650e-18  1.6168e-15
   94    240  1.2255e-13  2.9413e-11
   94    244  1.4918e-09  3.6399e-07
   95    243  2.0681e-18  5.0254e-16
   96    244  4.0488e-19  9.8790e-17
   96    247  4.3649e-15  1.0781e-12
   97    246  1.9765e-11  4.8621e-09
  100    258  2.5664e-07  6.6213e-05
  100    260  3.9471e-06  1.0263e-03
  100    262  1.4438e-06  3.7827e-04
  102    260  5.1172e-16  1.3305e-13
  102    261  6.1049e-06  1.5934e-03
  102    263  1.0182e-06  2.6780e-04
  102    264  1.4607e-06  3.8562e-04
  102    266  1.3867e-06  3.6885e-04
  103    265  1.2400e-06  3.2860e-04
  104    267  4.6996e-07  1.2548e-04
  104    268  6.9569e-07  1.8644e-04
  104    270  5.3171e-06  1.4356e-03
  104    272  2.5968e-06  7.0632e-04
  104    274  8.4177e-06  2.3064e-03
  105    269  3.6774e-06  9.8923e-04
  105    271  7.3421e-07  1.9897e-04
  106    273  3.1655e-06  8.6417e-04
  106    274  1.0014e-16  2.7438e-14
  106    275  8.9863e-06  2.4712e-03
  106    276  1.3655e-05  3.7687e-03
  106    278  4.0214e-06  1.1179e-03
  106    280  7.9030e-07  2.2128e-04
  107    277  1.8736e-06  5.1898e-04
  108    279  3.0831e-06  8.6019e-04
  108    280  4.9038e-20  1.3731e-17
  108    281  2.4249e-07  6.8140e-05
  108    282  1.2119e-05  3.4175e-03
  108    283  2.4552e-06  6.9482e-04
  108    284  1.6919e-05  4.8050e-03
  108    286  6.7031e-06  1.9171e-03
  110    285  2.7524e-07  7.8444e-05
  110    286  7.6479e-15  2.1873e-12
  110    287  1.6751e-05  4.8074e-03
  110    288  5.0137e-06  1.4439e-03
  110    290  3.2936e-05  9.5513e-03
  111    289  5.0024e-06  1.4457e-03
  111    290  1.6603e-13  4.8149e-11
  111    291  2.8915e-08  8.4144e-06
  111    292  8.5894e-05  2.5081e-02
  111    293  1.5557e-05  4.5581e-03
  111    294  1.2735e-05  3.7441e-03
  111    295  1.5017e-06  4.4299e-04
  111    296  3.9737e-07  1.1762e-04
  111    297  2.9281e-07  8.6965e-05
  111    298  8.7483e-09  2.6070e-06
  111    299  8.6891e-11  2.5980e-08
  111    300  1.0011e-09  3.0033e-07
  111    301  4.8909e-06  1.4722e-03
  111    302  6.4738e-06  1.9551e-03
  111    303  4.1943e-06  1.2709e-03
  111    304  8.5623e-06  2.6030e-03
  111    305  9.0193e-06  2.7509e-03
  111    306  1.1963e-05  3.6606e-03
  111    307  7.8890e-06  2.4219e-03
  111    308  6.9052e-06  2.1268e-03
  111    309  6.9281e-06  2.1408e-03
  111    310  7.8569e-06  2.4357e-03
  111    311  6.3527e-06  1.9757e-03
  111    312  5.1495e-06  1.6066e-03
  111    313  3.7977e-06  1.1887e-03
  111    314  4.4889e-06  1.4095e-03
  111    315  3.4766e-06  1.0951e-03
  111    316  5.5477e-06  1.7531e-03
  111    317  4.3247e-06  1.3709e-03
  111    318  9.7431e-06  3.0983e-03
  111    319  7.9248e-06  2.5280e-03
  111    320  9.5973e-06  3.0711e-03
  111    321  7.3589e-06  2.3622e-03
  111    322  9.2314e-06  2.9725e-03
  111    323  1.2567e-05  4.0591e-03
  111    324  3.2320e-05  1.0472e-02
  111    325  5.9120e-06  1.9214e-03
  111    326  2.9586e-05  9.6450e-03
  111    327  5.9626e-05  1.9498e-02
  111    328  1.7989e-05  5.9003e-03
  111    329  3.2361e-05  1.0647e-02
  111    330  3.3002e-06  1.0891e-03
  111    331  1.8074e-05  5.9826e-03
  111    332  1.5111e-05  5.0168e-03
  111    333  4.7795e-06  1.5916e-03
  111    334  1.1999e-06  4.0076e-04
  111    335  9.7942e-07  3.2811e-04
  111    336  3.8699e-07  1.3003e-04
  111    337  5.4100e-05  1.8232e-02
    1      1  4.2075e-06  4.2075e-06
    2      4  1.9307e-01  7.7228e-01


