1  1.1634e-09
2  1.0628e-14
3  7.0243e-18
4  1.5827e-01
5  0.0000e+00
6  1.1127e-15
7  4.5214e-18
8  3.9501e-13
9  1.1519e-18
10  1.3807e-16
11  4.6381e-19
12  7.4176e-09
13  2.3289e-13
14  7.2109e-09
15  1.4061e-08
16  4.7544e-10
17  2.1106e-11
18  1.4747e-08
19  1.5316e-08
20  4.6347e-10
21  2.6371e-08
22  6.4760e-09
23  1.2120e-08
24  8.2310e-09
25  2.2055e-08
26  3.0780e-07
27  3.4958e-09
28  7.3197e-09
29  6.0683e-08
30  2.7409e-08
31  1.0608e-08
32  5.0036e-08
33  7.4813e-07
34  5.8316e-07
35  1.3369e-08
36  3.6340e-08
37  2.3765e-07
38  3.5643e-07
39  5.1300e-07
40  7.8393e-07
41  1.0657e-07
42  1.3228e-06
43  3.0620e-07
44  3.5113e-07
45  1.4935e-06
46  2.5425e-06
47  1.2552e-06
48  2.0104e-07
49  8.7496e-07
50  1.2644e-06
51  2.1844e-07
52  1.0803e-07
53  2.3813e-06
54  9.5304e-06
55  6.1463e-07
56  2.7743e-06
57  5.3633e-07
58  2.2344e-09
59  1.1318e-09
60  7.1998e-09
61  3.8049e-08
62  3.5623e-07
63  2.1456e-06
64  2.2099e-07
65  1.6945e-07
66  9.6987e-07
67  5.2177e-07
68  7.2472e-07
69  1.7283e-06
70  3.1983e-06
71  4.1004e-07
72  1.2156e-06
73  9.2034e-06
74  1.2227e-05
75  1.8589e-06
76  3.5149e-06
77  1.7304e-05
78  2.4836e-05
79  5.7275e-06
80  2.0246e-05
81  1.0954e-05
82  1.0287e-05
83  3.5088e-06
84  1.1642e-05
85  5.1753e-06
86  1.3822e-06
87  4.2749e-06
88  1.2250e-05
89  4.9617e-06
90  6.8523e-06
91  3.8734e-06
92  2.3667e-05
93  3.0877e-06
94  5.6945e-06
95  6.6050e-06
96  1.4663e-05
97  8.9457e-06
98  5.5238e-06
99  3.6812e-06
100  8.8071e-06
101  1.9230e-05
102  5.2899e-06
103  2.7661e-06
104  7.7960e-06
105  3.3219e-06
106  5.4552e-06
107  8.1556e-06
108  7.0166e-06
109  5.3604e-06
110  6.3931e-06
111  1.5489e-06
112  4.4531e-06
113  2.3523e-06
114  2.5797e-06
115  2.1338e-06
116  2.1549e-06
117  4.2122e-06
118  6.3414e-06
119  4.8694e-06
120  2.2498e-05
121  2.2934e-05
122  7.3557e-05
123  4.5006e-05
124  8.9747e-05
125  2.1040e-04
126  7.2795e-04
127  5.7689e-04
128  5.9511e-04
129  1.9461e-04
130  5.8584e-05
131  2.4721e-06
132  1.5478e-06
133  1.5974e-06
134  5.2957e-07
135  2.0277e-07
136  2.7094e-07
137  2.7474e-07
138  1.4882e-07
139  4.5804e-08
140  3.2100e-08
141  3.1568e-09
142  1.1885e-09
143  3.5631e-09
144  1.6153e-08
145  1.3060e-08
146  8.2579e-09
147  5.2357e-09
148  2.4741e-09
149  1.4277e-09
150  2.1050e-09
151  1.6288e-09
152  5.2908e-09
153  3.3541e-09
154  5.2057e-09
155  4.4998e-09
156  1.0640e-09
157  1.4051e-09
158  1.5630e-09
159  1.5682e-10
160  5.6764e-10
161  5.1481e-10
162  2.8023e-10
163  1.8563e-10
164  3.4753e-10
165  2.0392e-10
166  4.6951e-10
167  2.2173e-10
168  1.3296e-10
169  2.2948e-10
170  5.7605e-11
171  3.5416e-11
172  2.4252e-11
173  1.4974e-11
174  2.1429e-11
175  8.2007e-12
176  8.9546e-12
177  5.8813e-12
178  1.3483e-12
179  6.7187e-13
180  8.9941e-13
181  1.2649e-12
182  1.4575e-12
183  1.0568e-12
184  1.8271e-12
185  6.8957e-13
186  1.8129e-12
187  1.1577e-12
188  2.4575e-12
189  8.7883e-13
190  1.3933e-12
191  8.3574e-13
192  3.9421e-13
193  1.4901e-13
194  1.0077e-13
195  2.4101e-14
196  7.7098e-15
197  2.0493e-15
198  5.3677e-16
199  9.8679e-17
200  3.1130e-17
201  1.2426e-18
202  1.0654e-19
203  2.7481e-21
204  6.8725e-23
205  2.5397e-24
206  0.0000e+00
207  0.0000e+00
208  0.0000e+00
209  0.0000e+00
210  0.0000e+00
211  0.0000e+00
212  0.0000e+00
213  0.0000e+00
214  0.0000e+00
215  0.0000e+00
216  0.0000e+00
217  0.0000e+00
218  0.0000e+00
219  0.0000e+00
220  0.0000e+00
221  0.0000e+00
222  0.0000e+00
223  0.0000e+00
224  0.0000e+00
225  0.0000e+00
226  0.0000e+00
227  0.0000e+00
228  0.0000e+00
229  0.0000e+00
230  0.0000e+00
231  0.0000e+00
232  0.0000e+00
233  0.0000e+00
234  0.0000e+00
235  0.0000e+00
236  0.0000e+00
237  0.0000e+00
238  0.0000e+00
239  0.0000e+00
240  0.0000e+00
241  0.0000e+00
242  0.0000e+00
243  0.0000e+00
244  0.0000e+00
245  0.0000e+00
246  0.0000e+00
247  0.0000e+00
248  0.0000e+00
249  0.0000e+00
250  0.0000e+00
251  0.0000e+00
252  0.0000e+00
253  0.0000e+00
254  0.0000e+00
255  0.0000e+00
256  0.0000e+00
257  0.0000e+00
258  0.0000e+00
259  0.0000e+00
260  0.0000e+00
261  0.0000e+00
262  0.0000e+00
263  0.0000e+00
264  0.0000e+00
265  0.0000e+00
266  0.0000e+00
267  0.0000e+00
268  0.0000e+00
269  0.0000e+00
270  0.0000e+00
271  0.0000e+00
272  0.0000e+00
273  0.0000e+00
274  0.0000e+00
275  0.0000e+00
276  0.0000e+00
277  0.0000e+00
278  0.0000e+00
279  0.0000e+00
280  0.0000e+00
281  0.0000e+00
282  0.0000e+00
283  0.0000e+00
284  0.0000e+00
285  0.0000e+00
286  0.0000e+00
287  0.0000e+00
288  0.0000e+00
289  0.0000e+00
290  0.0000e+00
291  0.0000e+00
292  0.0000e+00
293  0.0000e+00
294  0.0000e+00
295  0.0000e+00
296  0.0000e+00
297  0.0000e+00
298  0.0000e+00
299  0.0000e+00
300  0.0000e+00
301  0.0000e+00
302  0.0000e+00
303  0.0000e+00
304  0.0000e+00
305  0.0000e+00
306  0.0000e+00
307  0.0000e+00
308  0.0000e+00
309  0.0000e+00
310  0.0000e+00
311  0.0000e+00
312  0.0000e+00
313  0.0000e+00
314  0.0000e+00
315  0.0000e+00
316  0.0000e+00
317  0.0000e+00
318  0.0000e+00
319  0.0000e+00
320  0.0000e+00
321  0.0000e+00
322  0.0000e+00
323  0.0000e+00
324  0.0000e+00
325  0.0000e+00
326  0.0000e+00
327  0.0000e+00
328  0.0000e+00
329  0.0000e+00
330  0.0000e+00
331  0.0000e+00
332  0.0000e+00
333  0.0000e+00
334  0.0000e+00
335  0.0000e+00
336  0.0000e+00
337  0.0000e+00

