1  3.7802e-10
2  1.4679e-09
3  5.3399e-11
4  1.8353e-01
5  0.0000e+00
6  3.9602e-12
7  1.0001e-10
8  9.7252e-11
9  9.1804e-12
10  1.1072e-11
11  8.4295e-11
12  2.7717e-09
13  3.1899e-08
14  6.7129e-07
15  3.7475e-06
16  2.4325e-07
17  1.6373e-09
18  3.0268e-08
19  8.5825e-07
20  1.1706e-06
21  3.0606e-07
22  7.8420e-09
23  5.4514e-07
24  1.7692e-07
25  1.5643e-07
26  6.6982e-08
27  5.5524e-07
28  1.6784e-06
29  1.4490e-07
30  7.4711e-08
31  1.4242e-07
32  1.6315e-07
33  2.1127e-06
34  1.6281e-06
35  3.1406e-08
36  2.6356e-08
37  1.4537e-07
38  3.4760e-07
39  6.7601e-07
40  1.2196e-06
41  1.0934e-07
42  1.7228e-06
43  8.9118e-07
44  1.3319e-07
45  2.5569e-07
46  2.2881e-07
47  3.4366e-07
48  6.5754e-07
49  9.1734e-07
50  1.0384e-06
51  1.4092e-07
52  3.6486e-07
53  2.2164e-07
54  1.4283e-07
55  2.7165e-07
56  7.0872e-07
57  8.8955e-07
58  5.8170e-08
59  6.4986e-08
60  2.0317e-07
61  2.9911e-07
62  2.2278e-07
63  8.2438e-07
64  5.2128e-07
65  3.6539e-07
66  1.0793e-06
67  3.3482e-07
68  6.6740e-07
69  9.0610e-07
70  1.9620e-06
71  2.7903e-07
72  7.3784e-07
73  5.8825e-07
74  1.4857e-06
75  2.9653e-07
76  2.5623e-07
77  8.7938e-07
78  2.9486e-06
79  4.9846e-06
80  1.2265e-05
81  7.4727e-06
82  3.4704e-06
83  3.5993e-06
84  1.4291e-06
85  1.0771e-06
86  2.8815e-06
87  2.9481e-06
88  2.2647e-06
89  7.2068e-07
90  1.2919e-06
91  5.7115e-07
92  4.0859e-06
93  1.5515e-06
94  3.9164e-06
95  2.5945e-06
96  2.2423e-06
97  1.0613e-06
98  9.6918e-07
99  1.1844e-06
100  1.2880e-06
101  1.5132e-06
102  9.7242e-07
103  1.1645e-06
104  9.8397e-07
105  7.6388e-07
106  1.1184e-06
107  7.3289e-07
108  1.0896e-06
109  2.1039e-06
110  3.1205e-06
111  5.1015e-07
112  1.1869e-06
113  5.6900e-07
114  5.2422e-07
115  3.2376e-07
116  1.0779e-07
117  1.4044e-07
118  1.9445e-07
119  2.0607e-07
120  7.0616e-07
121  6.1169e-07
122  1.2336e-06
123  1.6697e-06
124  8.4488e-06
125  1.5367e-05
126  4.0266e-05
127  3.8827e-05
128  5.8411e-05
129  3.6022e-05
130  2.8940e-05
131  1.0930e-05
132  1.8806e-05
133  1.7627e-05
134  1.5484e-05
135  1.6827e-05
136  2.3858e-05
137  1.4150e-05
138  1.0332e-05
139  1.5599e-05
140  3.7687e-05
141  1.7928e-05
142  3.3156e-06
143  1.6927e-06
144  4.0906e-06
145  4.9905e-06
146  5.7192e-06
147  4.4127e-06
148  9.0796e-06
149  6.2555e-06
150  7.1580e-06
151  8.4507e-06
152  1.1404e-05
153  7.6466e-06
154  1.0450e-05
155  5.8057e-06
156  2.0407e-05
157  1.5359e-05
158  2.9564e-05
159  1.3853e-05
160  2.0364e-05
161  1.1969e-05
162  2.4784e-05
163  1.5103e-05
164  3.6133e-05
165  2.2078e-05
166  4.5397e-05
167  1.9823e-05
168  3.9940e-05
169  2.7886e-05
170  2.2138e-05
171  1.8293e-05
172  2.0630e-05
173  2.4531e-05
174  2.5814e-05
175  1.7403e-05
176  1.6613e-05
177  1.5728e-05
178  8.5465e-06
179  6.1807e-06
180  8.2631e-06
181  8.3548e-06
182  1.5714e-05
183  1.0240e-05
184  3.6899e-05
185  1.8316e-05
186  7.0539e-05
187  4.4564e-05
188  6.2268e-05
189  4.8733e-05
190  4.9420e-05
191  2.7829e-05
192  3.6927e-05
193  2.8306e-05
194  3.4551e-05
195  1.8171e-05
196  7.5077e-06
197  2.0964e-06
198  4.1978e-07
199  5.9148e-08
200  3.3726e-08
201  4.3218e-08
202  4.9659e-08
203  3.8627e-08
204  3.2267e-08
205  1.7537e-08
206  1.4738e-07
207  1.2234e-07
208  1.6353e-07
209  1.1718e-07
210  6.3549e-16
211  1.9032e-21
212  3.5382e-21
213  5.3663e-44
214  3.3282e-22
215  4.9041e-26
216  4.0995e-27
217  1.2701e-99
218  5.7199e-24
219  7.3718e-25
220  1.5719e-24
221  7.9979e-320
222  1.0154e-20
223  1.8373e-19
224  8.8778e-21
225  3.2151e-40
226  1.5537e-15
227  1.2806e-16
228  2.8550e-14
229  1.1993e-29
230  7.3225e-14
231  1.9154e-13
232  1.2496e-08
233  6.6462e-26
234  2.3844e-13
235  4.1283e-09
236  1.0325e-11
237  6.5647e-319
238  4.3377e-09
239  5.8547e-21
240  2.0429e-15
241  0.0000e+00
242  1.6442e-131
243  1.7898e-21
244  2.4866e-11
245  0.0000e+00
246  4.8212e-13
247  3.7775e-18
248  1.3974e-130
249  0.0000e+00
250  0.0000e+00
251  -3.3772e-314
252  0.0000e+00
253  0.0000e+00
254  0.0000e+00
255  0.0000e+00
256  0.0000e+00
257  7.8385e-26
258  2.9071e-10
259  9.6150e-26
260  1.5784e-10
261  1.2712e-10
262  1.2462e-10
263  8.4601e-11
264  7.0836e-11
265  5.2918e-11
266  5.2810e-11
267  3.2611e-11
268  2.0179e-11
269  3.4854e-11
270  1.6135e-11
271  8.6104e-12
272  4.8024e-12
273  2.3324e-12
274  1.5758e-12
275  5.3939e-13
276  4.2330e-13
277  7.2582e-14
278  5.5928e-14
279  8.9752e-15
280  1.4969e-15
281  1.9810e-16
282  3.5659e-17
283  8.2571e-19
284  2.7041e-19
285  1.7275e-19
286  3.4221e-19
287  7.1848e-19
288  4.0527e-19
289  2.0913e-19
290  4.6302e-19
291  2.6086e-20
292  9.5548e-19
293  1.4959e-19
294  3.4973e-19
295  1.4241e-19
296  7.0660e-20
297  1.8755e-20
298  3.6476e-20
299  1.2034e-32
300  1.6550e-21
301  1.1160e-19
302  1.4599e-20
303  3.7328e-20
304  3.0954e-20
305  5.5602e-20
306  3.7276e-20
307  5.2206e-21
308  2.2138e-21
309  8.7002e-21
310  3.5006e-21
311  1.6997e-21
312  1.3020e-21
313  1.0283e-21
314  4.2396e-22
315  2.5667e-22
316  1.3441e-22
317  1.5732e-22
318  6.2998e-23
319  7.1314e-23
320  1.5429e-23
321  4.5366e-24
322  7.2293e-24
323  2.9464e-24
324  1.4890e-24
325  2.1946e-25
326  0.0000e+00
327  0.0000e+00
328  0.0000e+00
329  0.0000e+00
330  0.0000e+00
331  0.0000e+00
332  0.0000e+00
333  0.0000e+00
334  0.0000e+00
335  0.0000e+00
336  0.0000e+00
337  0.0000e+00

