1  1.9784e-10
2  2.3589e-17
3  2.1483e-24
4  5.2487e-02
5  0.0000e+00
6  7.8608e-22
7  4.6555e-24
8  4.3948e-21
9  3.0885e-21
10  5.7762e-21
11  1.4694e-22
12  3.1159e-07
13  4.1857e-13
14  1.7924e-18
15  2.0383e-20
16  8.0691e-10
17  2.1535e-18
18  3.1126e-21
19  7.0449e-21
20  6.2952e-10
21  1.4247e-16
22  1.1375e-19
23  8.0993e-14
24  6.4453e-10
25  1.9937e-14
26  1.5304e-12
27  1.0975e-10
28  1.8038e-09
29  2.6245e-11
30  1.4571e-09
31  3.3509e-10
32  1.9763e-09
33  1.0517e-10
34  9.2807e-09
35  8.8190e-10
36  2.9215e-09
37  2.3417e-10
38  9.6948e-09
39  2.5803e-09
40  4.7291e-09
41  6.4908e-10
42  1.4311e-09
43  1.1503e-09
44  1.0127e-08
45  1.1600e-09
46  1.1328e-08
47  3.5121e-09
48  5.7394e-08
49  8.5618e-09
50  5.2786e-08
51  8.8672e-09
52  5.0027e-09
53  2.8711e-09
54  2.4550e-07
55  1.1077e-08
56  7.1591e-10
57  1.3053e-09
58  2.5708e-07
59  1.5278e-10
60  6.7952e-09
61  9.9594e-09
62  7.9420e-09
63  7.2169e-09
64  4.0176e-07
65  4.9704e-10
66  1.0536e-07
67  4.2665e-08
68  9.1212e-08
69  1.7808e-09
70  7.4265e-07
71  5.6810e-10
72  1.3285e-07
73  2.3123e-08
74  4.8851e-09
75  4.8139e-08
76  1.3359e-06
77  5.4955e-09
78  4.4726e-07
79  1.3703e-07
80  2.6993e-07
81  2.6965e-08
82  3.8410e-06
83  3.8842e-06
84  6.9205e-04
85  1.4408e-04
86  2.1353e-05
87  1.3687e-04
88  2.2433e-03
89  1.1083e-04
90  1.5144e-03
91  6.9997e-04
92  7.4966e-05
93  7.4898e-05
94  2.5528e-03
95  1.4070e-04
96  3.5152e-05
97  1.8277e-05
98  9.4006e-05
99  8.5713e-07
100  7.4578e-05
101  1.5815e-06
102  4.7684e-05
103  1.4129e-05
104  1.2572e-06
105  7.8962e-07
106  1.5986e-05
107  1.1715e-07
108  2.5286e-07
109  8.7669e-07
110  1.5264e-07
111  2.9688e-08
112  4.3291e-07
113  2.6377e-08
114  5.1362e-09
115  7.2819e-08
116  3.5536e-09
117  1.9413e-09
118  9.3498e-09
119  9.7678e-11
120  9.2432e-10
121  6.0109e-10
122  2.7267e-11
123  2.0889e-10
124  7.5277e-11
125  6.5128e-11
126  1.2958e-10
127  1.0051e-12
128  1.8441e-11
129  5.1758e-12
130  5.2973e-13
131  2.3174e-12
132  1.1606e-12
133  3.0437e-14
134  1.7303e-15
135  1.0517e-17
136  3.0888e-20
137  6.8598e-24
138  8.3373e-25
139  3.9473e-26
140  5.4923e-29
141  5.4249e-34
142  0.0000e+00
143  0.0000e+00
144  0.0000e+00
145  0.0000e+00
146  0.0000e+00
147  0.0000e+00
148  0.0000e+00
149  0.0000e+00
150  0.0000e+00
151  0.0000e+00
152  0.0000e+00
153  0.0000e+00
154  0.0000e+00
155  0.0000e+00
156  0.0000e+00
157  0.0000e+00
158  0.0000e+00
159  0.0000e+00
160  0.0000e+00
161  0.0000e+00
162  0.0000e+00
163  0.0000e+00
164  0.0000e+00
165  0.0000e+00
166  0.0000e+00
167  0.0000e+00
168  0.0000e+00
169  0.0000e+00
170  0.0000e+00
171  0.0000e+00
172  0.0000e+00
173  0.0000e+00
174  0.0000e+00
175  0.0000e+00
176  0.0000e+00
177  0.0000e+00
178  0.0000e+00
179  0.0000e+00
180  0.0000e+00
181  0.0000e+00
182  0.0000e+00
183  0.0000e+00
184  0.0000e+00
185  0.0000e+00
186  0.0000e+00
187  0.0000e+00
188  0.0000e+00
189  0.0000e+00
190  0.0000e+00
191  0.0000e+00
192  0.0000e+00
193  0.0000e+00
194  0.0000e+00
195  0.0000e+00
196  0.0000e+00
197  0.0000e+00
198  0.0000e+00
199  0.0000e+00
200  0.0000e+00
201  0.0000e+00
202  0.0000e+00
203  0.0000e+00
204  0.0000e+00
205  0.0000e+00
206  0.0000e+00
207  0.0000e+00
208  0.0000e+00
209  0.0000e+00
210  0.0000e+00
211  0.0000e+00
212  0.0000e+00
213  0.0000e+00
214  0.0000e+00
215  0.0000e+00
216  0.0000e+00
217  0.0000e+00
218  0.0000e+00
219  0.0000e+00
220  0.0000e+00
221  0.0000e+00
222  0.0000e+00
223  0.0000e+00
224  0.0000e+00
225  0.0000e+00
226  0.0000e+00
227  0.0000e+00
228  0.0000e+00
229  0.0000e+00
230  0.0000e+00
231  0.0000e+00
232  0.0000e+00
233  0.0000e+00
234  0.0000e+00
235  0.0000e+00
236  0.0000e+00
237  0.0000e+00
238  0.0000e+00
239  0.0000e+00
240  0.0000e+00
241  0.0000e+00
242  0.0000e+00
243  0.0000e+00
244  0.0000e+00
245  0.0000e+00
246  0.0000e+00
247  0.0000e+00
248  0.0000e+00
249  0.0000e+00
250  0.0000e+00
251  0.0000e+00
252  0.0000e+00
253  0.0000e+00
254  0.0000e+00
255  0.0000e+00
256  0.0000e+00
257  0.0000e+00
258  0.0000e+00
259  0.0000e+00
260  0.0000e+00
261  0.0000e+00
262  0.0000e+00
263  0.0000e+00
264  0.0000e+00
265  0.0000e+00
266  0.0000e+00
267  0.0000e+00
268  0.0000e+00
269  0.0000e+00
270  0.0000e+00
271  0.0000e+00
272  0.0000e+00
273  0.0000e+00
274  0.0000e+00
275  0.0000e+00
276  0.0000e+00
277  0.0000e+00
278  0.0000e+00
279  0.0000e+00
280  0.0000e+00
281  0.0000e+00
282  0.0000e+00
283  0.0000e+00
284  0.0000e+00
285  0.0000e+00
286  0.0000e+00
287  0.0000e+00
288  0.0000e+00
289  0.0000e+00
290  0.0000e+00
291  0.0000e+00
292  0.0000e+00
293  0.0000e+00
294  0.0000e+00
295  0.0000e+00
296  0.0000e+00
297  0.0000e+00
298  0.0000e+00
299  0.0000e+00
300  0.0000e+00
301  0.0000e+00
302  0.0000e+00
303  0.0000e+00
304  0.0000e+00
305  0.0000e+00
306  0.0000e+00
307  0.0000e+00
308  0.0000e+00
309  0.0000e+00
310  0.0000e+00
311  0.0000e+00
312  0.0000e+00
313  0.0000e+00
314  0.0000e+00
315  0.0000e+00
316  0.0000e+00
317  0.0000e+00
318  0.0000e+00
319  0.0000e+00
320  0.0000e+00
321  0.0000e+00
322  0.0000e+00
323  0.0000e+00
324  0.0000e+00
325  0.0000e+00
326  0.0000e+00
327  0.0000e+00
328  0.0000e+00
329  0.0000e+00
330  0.0000e+00
331  0.0000e+00
332  0.0000e+00
333  0.0000e+00
334  0.0000e+00
335  0.0000e+00
336  0.0000e+00
337  0.0000e+00

