1  7.5257e-11
2  1.9749e-16
3  2.4533e-21
4  1.3513e-01
5  0.0000e+00
6  3.6364e-19
7  1.0243e-20
8  1.6861e-15
9  8.1387e-19
10  3.7428e-19
11  7.0299e-22
12  2.9985e-08
13  7.9468e-15
14  4.0449e-16
15  2.2532e-10
16  1.3588e-09
17  6.8793e-16
18  2.3210e-11
19  3.3511e-11
20  3.7201e-10
21  2.5471e-12
22  5.6061e-12
23  2.6366e-12
24  1.5346e-10
25  1.2265e-10
26  7.7976e-10
27  6.6399e-10
28  3.5884e-09
29  1.7084e-09
30  1.0638e-08
31  1.0979e-09
32  5.6628e-09
33  4.4554e-09
34  2.5420e-08
35  1.8199e-08
36  3.2880e-08
37  9.6636e-08
38  1.7797e-07
39  9.4516e-09
40  8.6368e-09
41  1.9592e-08
42  4.9472e-08
43  3.9264e-07
44  7.3465e-07
45  1.3746e-07
46  9.3298e-07
47  1.1361e-06
48  1.3053e-06
49  5.9591e-07
50  1.0612e-06
51  7.4053e-07
52  2.7488e-07
53  3.6543e-06
54  7.5658e-06
55  2.4656e-07
56  9.8133e-07
57  7.2056e-08
58  5.1330e-08
59  4.0359e-08
60  1.7475e-08
61  6.9168e-08
62  3.1488e-07
63  3.6225e-07
64  7.8009e-09
65  4.7628e-08
66  3.3731e-07
67  2.6743e-07
68  1.5136e-06
69  1.0318e-06
70  1.3701e-06
71  1.5306e-07
72  6.6211e-07
73  1.4499e-05
74  6.3325e-06
75  1.9578e-06
76  5.2629e-06
77  1.8169e-05
78  2.6345e-05
79  8.4031e-06
80  4.9008e-05
81  7.4336e-06
82  1.1261e-05
83  6.1812e-06
84  1.2431e-06
85  1.4206e-05
86  4.1355e-05
87  4.1684e-06
88  4.3901e-06
89  1.5231e-05
90  6.3489e-05
91  7.2482e-06
92  2.2990e-05
93  1.8312e-05
94  6.6970e-06
95  1.1783e-06
96  5.1281e-07
97  1.0893e-06
98  1.0135e-05
99  4.2026e-05
100  1.1203e-04
101  2.3323e-04
102  6.3016e-05
103  6.7930e-05
104  3.9047e-04
105  2.7601e-04
106  2.4910e-04
107  1.2024e-04
108  8.7237e-05
109  3.2153e-04
110  4.7127e-04
111  7.1865e-05
112  1.4600e-04
113  7.8114e-05
114  1.0240e-04
115  3.1439e-05
116  4.8695e-06
117  1.5693e-05
118  5.4986e-06
119  3.9574e-06
120  7.0991e-05
121  3.6117e-05
122  5.2314e-05
123  1.9038e-05
124  3.0054e-05
125  8.7629e-05
126  2.4191e-04
127  1.8094e-04
128  1.6295e-04
129  4.9954e-05
130  2.1596e-06
131  5.6238e-08
132  7.6175e-09
133  4.0784e-09
134  1.4593e-09
135  1.3109e-10
136  6.5748e-12
137  1.2680e-12
138  3.5897e-12
139  5.4179e-12
140  1.0531e-11
141  7.5582e-13
142  6.4742e-13
143  4.8799e-13
144  1.4499e-13
145  2.2473e-14
146  5.8019e-14
147  1.5531e-13
148  2.8446e-13
149  9.3003e-14
150  5.1455e-14
151  1.8558e-14
152  4.6936e-14
153  2.6848e-14
154  3.0640e-14
155  2.4192e-14
156  3.4246e-15
157  4.7314e-15
158  3.2000e-15
159  3.0668e-16
160  5.9196e-16
161  5.5370e-16
162  2.5169e-16
163  1.4164e-16
164  1.9971e-16
165  1.0268e-16
166  1.6228e-16
167  4.3806e-17
168  2.4079e-17
169  2.5646e-17
170  5.0921e-18
171  1.7762e-18
172  1.0755e-18
173  5.2034e-19
174  5.0500e-19
175  1.8031e-19
176  1.7489e-19
177  7.2222e-20
178  1.1579e-20
179  2.7390e-21
180  1.1249e-21
181  5.5008e-22
182  1.0788e-22
183  3.5326e-23
184  1.3829e-23
185  4.1062e-24
186  7.3595e-24
187  3.6512e-24
188  5.3986e-24
189  1.4470e-24
190  1.5057e-24
191  4.5961e-25
192  0.0000e+00
193  0.0000e+00
194  0.0000e+00
195  0.0000e+00
196  0.0000e+00
197  0.0000e+00
198  0.0000e+00
199  0.0000e+00
200  0.0000e+00
201  0.0000e+00
202  0.0000e+00
203  0.0000e+00
204  0.0000e+00
205  0.0000e+00
206  0.0000e+00
207  0.0000e+00
208  0.0000e+00
209  0.0000e+00
210  0.0000e+00
211  0.0000e+00
212  0.0000e+00
213  0.0000e+00
214  0.0000e+00
215  0.0000e+00
216  0.0000e+00
217  0.0000e+00
218  0.0000e+00
219  0.0000e+00
220  0.0000e+00
221  0.0000e+00
222  0.0000e+00
223  0.0000e+00
224  0.0000e+00
225  0.0000e+00
226  0.0000e+00
227  0.0000e+00
228  0.0000e+00
229  0.0000e+00
230  0.0000e+00
231  0.0000e+00
232  0.0000e+00
233  0.0000e+00
234  0.0000e+00
235  0.0000e+00
236  0.0000e+00
237  0.0000e+00
238  0.0000e+00
239  0.0000e+00
240  0.0000e+00
241  0.0000e+00
242  0.0000e+00
243  0.0000e+00
244  0.0000e+00
245  0.0000e+00
246  0.0000e+00
247  0.0000e+00
248  0.0000e+00
249  0.0000e+00
250  0.0000e+00
251  0.0000e+00
252  0.0000e+00
253  0.0000e+00
254  0.0000e+00
255  0.0000e+00
256  0.0000e+00
257  0.0000e+00
258  0.0000e+00
259  0.0000e+00
260  0.0000e+00
261  0.0000e+00
262  0.0000e+00
263  0.0000e+00
264  0.0000e+00
265  0.0000e+00
266  0.0000e+00
267  0.0000e+00
268  0.0000e+00
269  0.0000e+00
270  0.0000e+00
271  0.0000e+00
272  0.0000e+00
273  0.0000e+00
274  0.0000e+00
275  0.0000e+00
276  0.0000e+00
277  0.0000e+00
278  0.0000e+00
279  0.0000e+00
280  0.0000e+00
281  0.0000e+00
282  0.0000e+00
283  0.0000e+00
284  0.0000e+00
285  0.0000e+00
286  0.0000e+00
287  0.0000e+00
288  0.0000e+00
289  0.0000e+00
290  0.0000e+00
291  0.0000e+00
292  0.0000e+00
293  0.0000e+00
294  0.0000e+00
295  0.0000e+00
296  0.0000e+00
297  0.0000e+00
298  0.0000e+00
299  0.0000e+00
300  0.0000e+00
301  0.0000e+00
302  0.0000e+00
303  0.0000e+00
304  0.0000e+00
305  0.0000e+00
306  0.0000e+00
307  0.0000e+00
308  0.0000e+00
309  0.0000e+00
310  0.0000e+00
311  0.0000e+00
312  0.0000e+00
313  0.0000e+00
314  0.0000e+00
315  0.0000e+00
316  0.0000e+00
317  0.0000e+00
318  0.0000e+00
319  0.0000e+00
320  0.0000e+00
321  0.0000e+00
322  0.0000e+00
323  0.0000e+00
324  0.0000e+00
325  0.0000e+00
326  0.0000e+00
327  0.0000e+00
328  0.0000e+00
329  0.0000e+00
330  0.0000e+00
331  0.0000e+00
332  0.0000e+00
333  0.0000e+00
334  0.0000e+00
335  0.0000e+00
336  0.0000e+00
337  0.0000e+00

