1  1.3568e-19
2  2.7873e-34
3  2.2274e-24
4  2.9925e-08
5  0.0000e+00
6  8.5738e-29
7  1.3452e-26
8  4.2282e-19
9  1.2191e-38
10  5.7083e-22
11  1.2837e-29
12  3.3703e-16
13  2.6263e-22
14  8.0542e-19
15  5.5842e-19
16  5.4714e-17
17  1.1408e-21
18  7.1538e-21
19  6.0795e-22
20  9.3282e-21
21  9.1051e-21
22  6.8711e-21
23  1.2758e-23
24  3.0581e-21
25  2.1192e-21
26  2.9113e-20
27  1.5533e-21
28  7.4926e-20
29  3.0618e-19
30  1.6822e-16
31  3.7949e-17
32  3.4107e-14
33  1.4548e-15
34  1.5816e-16
35  3.7106e-15
36  1.7427e-12
37  2.9667e-15
38  5.8635e-16
39  1.3657e-15
40  1.1446e-14
41  4.9526e-16
42  1.1657e-12
43  3.6319e-15
44  9.2440e-13
45  6.7513e-12
46  8.8922e-10
47  4.9823e-09
48  1.9259e-04
49  3.4633e-05
50  2.3083e-04
51  1.5456e-05
52  7.2316e-05
53  3.1517e-05
54  2.2370e-04
55  9.0953e-06
56  2.4802e-04
57  3.6158e-05
58  2.1864e-05
59  1.0238e-05
60  1.5494e-03
61  7.7048e-06
62  3.3799e-05
63  1.2470e-04
64  7.4443e-04
65  2.4095e-05
66  1.0183e-02
67  5.2570e-05
68  2.1973e-04
69  5.2210e-05
70  2.7680e-05
71  3.5469e-07
72  1.0366e-04
73  9.7249e-07
74  5.0751e-06
75  9.5368e-06
76  5.1148e-05
77  1.9287e-06
78  2.1455e-04
79  3.5128e-06
80  1.2133e-05
81  3.1451e-05
82  2.3186e-04
83  2.2524e-06
84  2.1402e-04
85  6.5552e-05
86  1.8734e-04
87  1.6122e-06
88  1.8192e-07
89  2.1232e-08
90  4.3527e-08
91  2.3753e-10
92  5.5119e-11
93  1.0375e-12
94  1.1319e-13
95  1.4942e-14
96  4.4596e-14
97  2.7892e-17
98  2.7980e-19
99  6.9052e-21
100  1.5340e-20
101  3.7660e-23
102  3.5097e-22
103  1.4620e-23
104  3.0971e-23
105  1.5467e-24
106  2.8456e-23
107  4.0291e-26
108  2.1586e-25
109  1.4585e-138
110  1.8499e-282
111  0.0000e+00
112  5.4300e-275
113  0.0000e+00
114  0.0000e+00
115  0.0000e+00
116  0.0000e+00
117  0.0000e+00
118  0.0000e+00
119  0.0000e+00
120  0.0000e+00
121  0.0000e+00
122  0.0000e+00
123  0.0000e+00
124  0.0000e+00
125  0.0000e+00
126  0.0000e+00
127  0.0000e+00
128  0.0000e+00
129  0.0000e+00
130  0.0000e+00
131  0.0000e+00
132  0.0000e+00
133  0.0000e+00
134  0.0000e+00
135  0.0000e+00
136  0.0000e+00
137  0.0000e+00
138  0.0000e+00
139  0.0000e+00
140  0.0000e+00
141  0.0000e+00
142  0.0000e+00
143  0.0000e+00
144  0.0000e+00
145  0.0000e+00
146  0.0000e+00
147  0.0000e+00
148  0.0000e+00
149  0.0000e+00
150  0.0000e+00
151  0.0000e+00
152  0.0000e+00
153  0.0000e+00
154  0.0000e+00
155  0.0000e+00
156  0.0000e+00
157  0.0000e+00
158  0.0000e+00
159  0.0000e+00
160  0.0000e+00
161  0.0000e+00
162  0.0000e+00
163  0.0000e+00
164  0.0000e+00
165  0.0000e+00
166  0.0000e+00
167  0.0000e+00
168  0.0000e+00
169  0.0000e+00
170  0.0000e+00
171  0.0000e+00
172  0.0000e+00
173  0.0000e+00
174  0.0000e+00
175  0.0000e+00
176  0.0000e+00
177  0.0000e+00
178  0.0000e+00
179  0.0000e+00
180  0.0000e+00
181  0.0000e+00
182  0.0000e+00
183  0.0000e+00
184  0.0000e+00
185  0.0000e+00
186  0.0000e+00
187  0.0000e+00
188  0.0000e+00
189  0.0000e+00
190  0.0000e+00
191  0.0000e+00
192  0.0000e+00
193  0.0000e+00
194  0.0000e+00
195  0.0000e+00
196  0.0000e+00
197  0.0000e+00
198  0.0000e+00
199  0.0000e+00
200  0.0000e+00
201  0.0000e+00
202  0.0000e+00
203  0.0000e+00
204  0.0000e+00
205  0.0000e+00
206  0.0000e+00
207  0.0000e+00
208  0.0000e+00
209  0.0000e+00
210  0.0000e+00
211  0.0000e+00
212  0.0000e+00
213  0.0000e+00
214  0.0000e+00
215  0.0000e+00
216  0.0000e+00
217  0.0000e+00
218  0.0000e+00
219  0.0000e+00
220  0.0000e+00
221  0.0000e+00
222  0.0000e+00
223  0.0000e+00
224  0.0000e+00
225  0.0000e+00
226  0.0000e+00
227  0.0000e+00
228  0.0000e+00
229  0.0000e+00
230  0.0000e+00
231  0.0000e+00
232  0.0000e+00
233  0.0000e+00
234  0.0000e+00
235  0.0000e+00
236  0.0000e+00
237  0.0000e+00
238  0.0000e+00
239  0.0000e+00
240  0.0000e+00
241  0.0000e+00
242  0.0000e+00
243  0.0000e+00
244  0.0000e+00
245  0.0000e+00
246  0.0000e+00
247  0.0000e+00
248  0.0000e+00
249  0.0000e+00
250  0.0000e+00
251  0.0000e+00
252  0.0000e+00
253  0.0000e+00
254  0.0000e+00
255  0.0000e+00
256  0.0000e+00
257  0.0000e+00
258  0.0000e+00
259  0.0000e+00
260  0.0000e+00
261  0.0000e+00
262  0.0000e+00
263  0.0000e+00
264  0.0000e+00
265  0.0000e+00
266  0.0000e+00
267  0.0000e+00
268  0.0000e+00
269  0.0000e+00
270  0.0000e+00
271  0.0000e+00
272  0.0000e+00
273  0.0000e+00
274  0.0000e+00
275  0.0000e+00
276  0.0000e+00
277  0.0000e+00
278  0.0000e+00
279  0.0000e+00
280  0.0000e+00
281  0.0000e+00
282  0.0000e+00
283  0.0000e+00
284  0.0000e+00
285  0.0000e+00
286  0.0000e+00
287  0.0000e+00
288  0.0000e+00
289  0.0000e+00
290  0.0000e+00
291  0.0000e+00
292  0.0000e+00
293  0.0000e+00
294  0.0000e+00
295  0.0000e+00
296  0.0000e+00
297  0.0000e+00
298  0.0000e+00
299  0.0000e+00
300  0.0000e+00
301  0.0000e+00
302  0.0000e+00
303  0.0000e+00
304  0.0000e+00
305  0.0000e+00
306  0.0000e+00
307  0.0000e+00
308  0.0000e+00
309  0.0000e+00
310  0.0000e+00
311  0.0000e+00
312  0.0000e+00
313  0.0000e+00
314  0.0000e+00
315  0.0000e+00
316  0.0000e+00
317  0.0000e+00
318  0.0000e+00
319  0.0000e+00
320  0.0000e+00
321  0.0000e+00
322  0.0000e+00
323  0.0000e+00
324  0.0000e+00
325  0.0000e+00
326  0.0000e+00
327  0.0000e+00
328  0.0000e+00
329  0.0000e+00
330  0.0000e+00
331  0.0000e+00
332  0.0000e+00
333  0.0000e+00
334  0.0000e+00
335  0.0000e+00
336  0.0000e+00
337  0.0000e+00

