1  1.8067e-06
2  2.0326e-01
3  1.7471e-09
4  1.1879e-07
5  3.9898e-07
6  1.0976e-08
7  5.9648e-06
8  9.1950e-06
9  9.8564e-07
10  3.7507e-06
11  6.5958e-07
12  6.5907e-07
13  1.0614e-07
14  3.1299e-07
15  2.2568e-08
16  5.8676e-07
17  3.4412e-08
18  1.6911e-08
19  1.6896e-08
20  3.3548e-08
21  9.3575e-09
22  2.2523e-09
23  7.4283e-10
24  6.7271e-09
25  8.3321e-11
26  3.8583e-09
27  9.3381e-11
28  4.1659e-09
29  1.3191e-08
30  5.6449e-08
31  8.6058e-09
32  5.0625e-08
33  1.4091e-08
34  2.2348e-07
35  5.5531e-08
36  1.0294e-07
37  5.5002e-08
38  2.6830e-09
39  7.3481e-09
40  8.7594e-08
41  1.4662e-08
42  7.5388e-08
43  4.4591e-34
44  1.7320e-08
45  6.4996e-09
46  3.3692e-08
47  1.0156e-08
48  4.9257e-08
49  1.3421e-08
50  1.0939e-08
51  1.0553e-08
52  2.9609e-07
53  1.3305e-07
54  3.7033e-07
55  1.6836e-08
56  4.2056e-08
57  2.4027e-09
58  1.9162e-08
59  1.6481e-08
60  1.6544e-08
61  3.4505e-89
62  3.3992e-09
63  5.0794e-11
64  9.1048e-10
65  7.5277e-12
66  1.7871e-11
67  3.4815e-12
68  9.5764e-12
69  3.0931e-11
70  2.5812e-11
71  1.3783e-12
72  3.2731e-11
73  1.6081e-11
74  1.4798e-10
75  6.2606e-11
76  3.9411e-10
77  9.3286e-10
78  1.5885e-09
79  1.4087e-09
80  9.1685e-07
81  5.4118e-07
82  3.2910e-06
83  1.2109e-06
84  1.0914e-18
85  2.4144e-26
86  3.0152e-20
87  1.0779e-22
88  5.4309e-14
89  4.0642e-15
90  2.1752e-08
91  6.0931e-12
92  1.4425e-07
93  2.0716e-22
94  1.4052e-10
95  6.1856e-19
96  1.3056e-15
97  2.0550e-12
98  -9.8027e-314
99  -1.9269e-322
100  7.4159e-07
101  -3.2937e-313
102  7.0039e-07
103  9.8161e-08
104  2.5061e-06
105  6.8647e-07
106  6.6334e-05
107  6.5304e-06
108  6.0388e-05
109  -3.2131e-319
110  3.3906e-08
111  4.3699e-04
112  0.0000e+00
113  0.0000e+00
114  0.0000e+00
115  0.0000e+00
116  0.0000e+00
117  0.0000e+00
118  0.0000e+00

