1  1.7671e-09
2  1.6364e-01
3  1.0306e-11
4  1.8705e-12
5  1.2000e-11
6  3.4036e-09
7  2.4541e-07
8  6.5255e-08
9  6.6092e-08
10  1.2375e-07
11  2.5170e-08
12  1.0273e-06
13  9.3556e-08
14  3.6458e-07
15  4.4934e-08
16  2.3938e-06
17  2.1195e-07
18  1.2073e-06
19  5.6144e-07
20  3.9167e-06
21  1.4148e-06
22  2.9937e-06
23  3.7629e-07
24  5.4242e-07
25  7.9668e-08
26  2.2481e-06
27  4.6371e-08
28  7.3070e-07
29  2.2064e-06
30  3.8222e-06
31  7.8859e-07
32  7.6965e-06
33  1.9176e-06
34  5.2540e-05
35  2.3456e-05
36  1.3940e-05
37  8.6662e-06
38  5.2231e-06
39  2.5456e-06
40  1.5307e-05
41  1.8158e-06
42  1.3949e-05
43  1.7348e-31
44  1.0911e-05
45  4.2025e-06
46  1.7862e-05
47  8.2082e-06
48  1.1526e-05
49  2.4660e-06
50  1.4134e-05
51  2.3707e-06
52  1.0102e-03
53  2.6318e-04
54  9.6169e-04
55  1.3422e-04
56  4.9897e-05
57  8.6466e-06
58  2.6132e-05
59  1.3841e-05
60  6.8566e-06
61  -4.0111e-316
62  4.6448e-06
63  1.1079e-06
64  5.4550e-06
65  3.1563e-08
66  1.5491e-06
67  2.6938e-07
68  2.5281e-06
69  1.6701e-06
70  1.6978e-06
71  1.6553e-07
72  1.1530e-06
73  1.0564e-07
74  1.0637e-07
75  4.4538e-09
76  2.8911e-08
77  1.8956e-08
78  2.6317e-08
79  2.9017e-09
80  1.7482e-09
81  1.4154e-12
82  8.5727e-15
83  1.6440e-15
84  2.6562e-32
85  1.6880e-24
86  2.8429e-31
87  1.2165e-32
88  3.2694e-19
89  2.1841e-25
90  3.2575e-17
91  3.2744e-22
92  9.4950e-18
93  3.0611e-32
94  5.9686e-21
95  2.3127e-34
96  2.3315e-24
97  7.5877e-23
98  0.0000e+00
99  2.9644e-323
100  1.2728e-20
101  -1.3324e-313
102  2.2123e-21
103  1.7550e-22
104  7.5317e-23
105  3.1055e-23
106  0.0000e+00
107  0.0000e+00
108  0.0000e+00
109  0.0000e+00
110  0.0000e+00
111  0.0000e+00
112  0.0000e+00
113  0.0000e+00
114  0.0000e+00
115  0.0000e+00
116  0.0000e+00
117  0.0000e+00
118  0.0000e+00

