1  1.1950e-10
2  1.1013e-01
3  5.5144e-20
4  3.1556e-19
5  1.0557e-19
6  1.0198e-07
7  1.2110e-16
8  2.8272e-09
9  1.2645e-17
10  2.8115e-09
11  3.4453e-13
12  2.2508e-09
13  1.5643e-10
14  4.6717e-09
15  2.2241e-09
16  2.9977e-08
17  7.7228e-09
18  1.0522e-08
19  2.0234e-09
20  1.4594e-07
21  1.8333e-09
22  5.7975e-07
23  1.6462e-07
24  3.3997e-06
25  6.0539e-09
26  3.3073e-06
27  1.2661e-06
28  3.0012e-06
29  1.7164e-06
30  1.3997e-06
31  1.6795e-06
32  9.9892e-06
33  7.6493e-07
34  6.1014e-05
35  1.0083e-05
36  5.0108e-05
37  1.4067e-05
38  2.0631e-04
39  1.7538e-05
40  4.6988e-04
41  1.5425e-05
42  5.1556e-04
43  1.7125e-29
44  2.5521e-03
45  2.2634e-04
46  9.1010e-04
47  1.7263e-04
48  2.1078e-04
49  1.6990e-05
50  3.8305e-05
51  3.1996e-06
52  5.5943e-06
53  1.5990e-06
54  9.9271e-07
55  5.0377e-13
56  2.8274e-16
57  8.1893e-18
58  1.4742e-18
59  1.0130e-19
60  7.8460e-20
61  3.7616e-29
62  1.0496e-21
63  5.5954e-22
64  5.8623e-23
65  -4.9952e-319
66  3.5842e-25
67  0.0000e+00
68  0.0000e+00
69  0.0000e+00
70  0.0000e+00
71  0.0000e+00
72  0.0000e+00
73  0.0000e+00
74  0.0000e+00
75  0.0000e+00
76  0.0000e+00
77  0.0000e+00
78  0.0000e+00
79  0.0000e+00
80  0.0000e+00
81  0.0000e+00
82  0.0000e+00
83  0.0000e+00
84  0.0000e+00
85  0.0000e+00
86  0.0000e+00
87  0.0000e+00
88  0.0000e+00
89  0.0000e+00
90  0.0000e+00
91  0.0000e+00
92  0.0000e+00
93  0.0000e+00
94  0.0000e+00
95  0.0000e+00
96  0.0000e+00
97  0.0000e+00
98  0.0000e+00
99  0.0000e+00
100  0.0000e+00
101  0.0000e+00
102  0.0000e+00
103  0.0000e+00
104  0.0000e+00
105  0.0000e+00
106  0.0000e+00
107  0.0000e+00
108  0.0000e+00
109  0.0000e+00
110  0.0000e+00
111  0.0000e+00
112  0.0000e+00
113  0.0000e+00
114  0.0000e+00
115  0.0000e+00
116  0.0000e+00
117  0.0000e+00
118  0.0000e+00

