1  1.1634e-09
2  1.5827e-01
3  1.1172e-15
4  3.9501e-13
5  1.3853e-16
6  7.4178e-09
7  2.1272e-08
8  1.5243e-08
9  1.5316e-08
10  3.3310e-08
11  1.2120e-08
12  3.3809e-07
13  3.4958e-09
14  9.5412e-08
15  1.0608e-08
16  1.4177e-06
17  2.5102e-07
18  1.1404e-06
19  6.1957e-07
20  4.5226e-06
21  1.4935e-06
22  3.5956e-06
23  2.1844e-07
24  1.2020e-05
25  6.1463e-07
26  3.3128e-06
27  1.1318e-09
28  6.2246e-07
29  2.3151e-06
30  5.4146e-06
31  2.1384e-06
32  2.6160e-05
33  1.8589e-06
34  7.2673e-05
35  1.6682e-05
36  1.6533e-05
37  9.4191e-06
38  1.2281e-05
39  4.9617e-06
40  4.0087e-05
41  3.0877e-06
42  4.4544e-05
43  5.5461e-31
44  3.5997e-05
45  2.7661e-06
46  2.2187e-05
47  1.3516e-05
48  1.3089e-05
49  2.1338e-06
50  2.0122e-04
51  6.7940e-05
52  1.5921e-03
53  5.7689e-04
54  1.9943e-04
55  1.5974e-06
56  6.2632e-07
57  4.5804e-08
58  3.3289e-08
59  3.1568e-09
60  4.5613e-08
61  5.6120e-316
62  1.7160e-08
63  4.9828e-09
64  9.0996e-09
65  1.5682e-10
66  1.3282e-09
67  2.0392e-10
68  8.8181e-10
69  2.2948e-10
70  1.0503e-10
71  8.2007e-12
72  8.8009e-12
73  1.2649e-12
74  6.1544e-12
75  1.8380e-12
76  5.1332e-12
77  9.8475e-13
78  1.3312e-13
79  2.0493e-15
80  1.3116e-16
81  2.7506e-21
82  0.0000e+00
83  0.0000e+00
84  0.0000e+00
85  0.0000e+00
86  0.0000e+00
87  0.0000e+00
88  0.0000e+00
89  0.0000e+00
90  0.0000e+00
91  0.0000e+00
92  0.0000e+00
93  0.0000e+00
94  0.0000e+00
95  0.0000e+00
96  0.0000e+00
97  0.0000e+00
98  0.0000e+00
99  0.0000e+00
100  0.0000e+00
101  0.0000e+00
102  0.0000e+00
103  0.0000e+00
104  0.0000e+00
105  0.0000e+00
106  0.0000e+00
107  0.0000e+00
108  0.0000e+00
109  0.0000e+00
110  0.0000e+00
111  0.0000e+00
112  0.0000e+00
113  0.0000e+00
114  0.0000e+00
115  0.0000e+00
116  0.0000e+00
117  0.0000e+00
118  0.0000e+00

