1  2.0515e-02
2  2.0540e-01
3  1.0117e-10
4  2.6355e-07
5  6.5510e-09
6  1.0479e-08
7  2.4645e-06
8  4.2606e-06
9  6.6289e-08
10  4.4033e-06
11  1.1027e-06
12  5.9790e-06
13  1.6206e-08
14  6.2551e-07
15  1.6851e-08
16  1.2012e-06
17  6.3814e-08
18  1.9964e-07
19  5.5536e-09
20  3.4887e-09
21  3.1212e-10
22  1.7901e-08
23  1.1447e-10
24  4.3899e-10
25  3.5981e-11
26  5.9773e-10
27  4.9526e-12
28  2.5281e-09
29  9.6308e-11
30  2.2427e-10
31  1.9897e-11
32  5.5284e-10
33  5.4987e-11
34  1.6175e-09
35  1.5347e-10
36  5.0872e-10
37  2.5428e-10
38  1.4714e-10
39  1.2680e-10
40  2.9864e-10
41  8.1252e-11
42  4.9422e-10
43  4.6165e-36
44  9.8242e-11
45  1.1765e-11
46  1.2825e-10
47  1.9552e-11
48  1.2944e-10
49  2.9972e-11
50  3.7652e-10
51  2.4348e-11
52  8.6839e-10
53  1.2489e-11
54  1.7187e-08
55  4.6189e-09
56  4.3133e-09
57  1.6402e-10
58  3.7499e-10
59  2.5111e-11
60  1.4535e-10
61  1.5329e-90
62  3.0741e-11
63  5.0585e-12
64  8.7064e-12
65  2.7338e-13
66  1.5682e-12
67  5.4004e-13
68  2.7147e-12
69  1.6192e-12
70  3.1040e-12
71  3.5619e-13
72  1.7322e-12
73  3.4388e-12
74  2.4998e-12
75  3.0040e-13
76  5.3937e-12
77  1.2803e-12
78  7.2021e-12
79  1.7831e-12
80  6.2696e-12
81  4.7692e-12
82  7.5746e-11
83  5.3365e-11
84  9.1314e-15
85  2.3385e-25
86  2.3334e-13
87  3.3243e-27
88  9.6788e-18
89  1.2535e-19
90  4.0709e-12
91  1.8793e-16
92  5.1313e-12
93  8.3837e-26
94  5.6330e-14
95  1.1524e-21
96  2.4323e-18
97  2.4230e-16
98  3.0857e-279
99  -5.9288e-322
100  4.7019e-10
101  2.3023e-178
102  4.0405e-10
103  1.1649e-10
104  3.5024e-12
105  3.1630e-12
106  7.2244e-11
107  2.3199e-12
108  2.6676e-08
109  4.2835e-320
110  6.7507e-08
111  4.6477e-04
112  0.0000e+00
113  0.0000e+00
114  0.0000e+00
115  0.0000e+00
116  0.0000e+00
117  0.0000e+00
118  0.0000e+00

