1  1.6248e-09
2  1.8200e-01
3  8.2347e-11
4  7.8984e-11
5  7.7617e-11
6  2.6799e-08
7  3.8972e-06
8  2.4871e-07
9  7.8817e-07
10  1.3770e-06
11  4.7711e-07
12  3.8726e-07
13  5.6485e-07
14  1.9353e-06
15  1.4195e-07
16  4.0450e-06
17  1.8292e-07
18  1.6878e-06
19  8.5499e-07
20  3.2471e-06
21  2.7596e-07
22  2.9832e-06
23  1.5645e-07
24  7.1035e-07
25  2.7766e-07
26  1.6793e-06
27  6.7141e-08
28  1.2808e-06
29  1.1697e-06
30  3.9938e-06
31  1.1881e-06
32  3.1380e-06
33  3.0463e-07
34  2.0689e-05
35  1.3322e-05
36  8.2920e-06
37  4.2809e-06
38  2.5599e-06
39  8.2479e-07
40  1.0567e-05
41  1.5767e-06
42  8.8186e-06
43  8.8526e-32
44  5.2085e-06
45  1.3503e-06
46  6.7230e-06
47  3.1164e-06
48  3.1611e-06
49  3.4784e-07
50  1.1552e-05
51  2.3752e-06
52  1.7249e-04
53  4.5377e-05
54  1.3092e-04
55  2.1582e-05
56  5.1109e-05
57  2.1363e-05
58  5.7481e-05
59  2.5166e-05
60  3.8367e-05
61  2.2828e-85
62  3.8457e-05
63  1.9457e-05
64  1.1326e-04
65  1.6964e-05
66  1.0959e-04
67  2.7176e-05
68  1.5113e-04
69  3.2953e-05
70  1.1460e-04
71  1.7746e-05
72  3.8114e-05
73  7.8912e-06
74  1.1104e-04
75  4.9067e-05
76  1.4282e-04
77  3.7380e-05
78  3.8282e-05
79  1.2809e-06
80  8.3095e-08
81  1.9914e-08
82  1.3250e-07
83  3.5627e-08
84  8.2540e-20
85  1.7727e-28
86  2.2789e-21
87  8.0838e-25
88  7.0740e-15
89  2.9737e-17
90  2.9439e-09
91  4.4581e-14
92  1.9363e-09
93  7.4987e-24
94  5.0995e-12
95  3.3446e-22
96  7.0711e-19
97  9.9429e-14
98  4.9827e-314
99  -1.2352e-321
100  1.1603e-10
101  -4.3262e-313
102  6.8841e-11
103  1.0912e-11
104  1.5600e-11
105  8.9892e-12
106  6.9920e-13
107  1.5054e-14
108  2.0218e-15
109  5.3631e-320
110  2.1088e-19
111  1.8940e-19
112  0.0000e+00
113  0.0000e+00
114  0.0000e+00
115  0.0000e+00
116  0.0000e+00
117  0.0000e+00
118  0.0000e+00

