    1      2  1.5558e-15  3.1115e-15
    3      6  1.7770e-19  1.0662e-18
    4      9  2.1975e-19  1.9778e-18
    5     10  2.7521e-19  2.7521e-18
    5     11  1.3219e-20  1.4541e-19
    6     12  2.2828e-07  2.7394e-06
    6     13  7.6163e-13  9.9012e-12
    7     14  4.1352e-17  5.7892e-16
    8     16  9.0709e-10  1.4513e-08
    8     17  7.5535e-17  1.2841e-15
    8     18  2.5701e-19  4.6261e-18
   10     20  9.1062e-10  1.8212e-08
   10     21  9.1988e-16  1.9317e-14
   10     22  1.3937e-19  3.0662e-18
   11     23  1.1422e-13  2.6271e-12
   12     24  1.2147e-09  2.9152e-08
   12     25  5.7963e-12  1.4491e-10
   12     26  2.7232e-12  7.0802e-11
   13     26  6.1730e-15  1.6050e-13
   13     27  2.4445e-10  6.6001e-09
   14     28  4.7732e-09  1.3365e-07
   14     29  2.7168e-10  7.8788e-09
   14     30  5.0304e-09  1.5091e-07
   15     31  1.0440e-09  3.2364e-08
   16     32  2.0375e-09  6.5199e-08
   16     33  3.7126e-10  1.2251e-08
   16     34  9.5274e-09  3.2393e-07
   16     36  2.5079e-08  9.0285e-07
   17     35  4.5509e-09  1.5928e-07
   17     37  4.0181e-09  1.4867e-07
   18     36  1.7624e-11  6.3448e-10
   18     38  1.0250e-08  3.8950e-07
   18     40  2.4514e-09  9.8054e-08
   19     39  1.2923e-09  5.0399e-08
   19     40  5.2509e-14  2.1004e-12
   19     41  4.7208e-10  1.9355e-08
   20     40  1.7499e-14  6.9997e-13
   20     42  1.8410e-09  7.7322e-08
   20     43  9.8855e-10  4.2508e-08
   20     44  1.6218e-09  7.1358e-08
   20     46  1.1020e-07  5.0693e-06
   21     45  3.2259e-09  1.4516e-07
   22     46  2.0352e-15  9.3617e-14
   22     47  4.2704e-09  2.0071e-07
   22     48  1.8347e-08  8.8067e-07
   22     49  1.1145e-08  5.4608e-07
   22     50  3.4686e-07  1.7343e-05
   23     51  3.4239e-08  1.7462e-06
   24     52  3.0260e-09  1.5735e-07
   24     53  1.9562e-08  1.0368e-06
   24     54  5.6216e-07  3.0357e-05
   25     55  2.9150e-09  1.6032e-07
   26     56  1.0767e-07  6.0297e-06
   26     57  4.7704e-08  2.7191e-06
   26     58  2.9082e-09  1.6867e-07
   27     59  1.9829e-10  1.1699e-08
   28     60  1.0891e-07  6.5345e-06
   28     61  2.4976e-08  1.5235e-06
   28     62  5.8064e-07  3.6000e-05
   28     64  2.7542e-08  1.7627e-06
   29     63  2.1044e-07  1.3258e-05
   29     65  9.8868e-08  6.4264e-06
   30     64  2.2635e-20  1.4486e-18
   30     66  3.2055e-06  2.1156e-04
   30     67  9.2133e-07  6.1729e-05
   30     68  1.3982e-07  9.5076e-06
   30     70  8.7109e-08  6.0976e-06
   31     69  7.4705e-08  5.1547e-06
   31     71  2.2100e-07  1.5691e-05
   32     70  7.8496e-16  5.4947e-14
   32     72  2.5270e-07  1.8195e-05
   32     73  3.4236e-07  2.4992e-05
   32     74  5.9019e-06  4.3674e-04
   32     76  5.1292e-07  3.8982e-05
   33     75  2.4767e-07  1.8576e-05
   34     76  2.1695e-14  1.6489e-12
   34     77  8.9800e-08  6.9146e-06
   34     78  4.4690e-07  3.4859e-05
   34     80  1.4035e-05  1.1228e-03
   34     82  2.4260e-05  1.9893e-03
   35     79  7.8542e-07  6.2048e-05
   35     81  1.2313e-06  9.9737e-05
   36     82  9.5899e-14  7.8637e-12
   36     83  3.5606e-06  2.9553e-04
   36     84  1.3227e-06  1.1111e-04
   36     86  2.8087e-04  2.4155e-02
   37     85  1.2280e-06  1.0438e-04
   37     87  9.5939e-06  8.3467e-04
   38     86  2.6658e-18  2.2926e-16
   38     87  7.0242e-08  6.1111e-06
   38     88  7.2151e-05  6.3493e-03
   39     89  1.0762e-04  9.5779e-03
   40     90  5.5738e-04  5.0164e-02
   40     91  1.0602e-05  9.6478e-04
   40     92  1.9766e-03  1.8185e-01
   40     94  4.0536e-05  3.8104e-03
   41     93  5.2839e-04  4.9141e-02
   42     94  1.8009e-20  1.6929e-18
   42     95  8.5706e-05  8.1421e-03
   42     96  5.6833e-04  5.4560e-02
   42     97  2.2936e-05  2.2248e-03
   42     98  1.3453e-03  1.3184e-01
   42    100  3.6874e-04  3.6874e-02
   44     99  3.6132e-05  3.5771e-03
   44    100  6.7547e-12  6.7547e-10
   44    101  7.5814e-05  7.6572e-03
   44    102  2.2447e-04  2.2896e-02
   44    104  8.5791e-05  8.9223e-03
   45    103  5.0545e-05  5.2062e-03
   46    104  4.8488e-17  5.0427e-15
   46    105  4.6505e-05  4.8830e-03
   46    106  3.0983e-04  3.2841e-02
   46    107  7.4104e-20  7.9291e-18
   46    108  3.4084e-05  3.6811e-03
   46    110  2.9043e-06  3.1947e-04
   47    107  3.2338e-05  3.4602e-03
   47    109  6.6930e-05  7.2953e-03
   48    110  1.6228e-12  1.7851e-10
   48    111  5.4183e-06  6.0143e-04
   48    112  5.7322e-05  6.4201e-03
   48    113  3.9034e-06  4.4108e-04
   48    114  4.2846e-06  4.8845e-04
   48    116  3.8633e-06  4.4814e-04
   49    113  1.7179e-13  1.9412e-11
   49    115  9.2169e-06  1.0599e-03
   50    115  7.3538e-12  8.4569e-10
   50    116  1.4047e-12  1.6294e-10
   50    117  1.0703e-06  1.2523e-04
   50    118  1.0257e-06  1.2103e-04
   50    119  2.6276e-07  3.1268e-05
   50    120  1.3498e-07  1.6198e-05
   50    122  1.3873e-07  1.6925e-05
   50    124  8.0006e-08  9.9208e-06
   51    121  2.8645e-07  3.4661e-05
   51    123  1.7750e-08  2.1833e-06
   52    122  7.8337e-15  9.5571e-13
   52    124  7.6291e-18  9.4601e-16
   52    125  3.1611e-08  3.9514e-06
   52    126  1.5939e-07  2.0084e-05
   52    128  1.8875e-08  2.4160e-06
   52    130  8.0022e-09  1.0403e-06
   53    127  2.8759e-08  3.6524e-06
   53    129  2.9514e-16  3.8073e-14
   54    128  4.1392e-19  5.2982e-17
   54    129  6.9904e-09  9.0177e-07
   54    130  7.3653e-18  9.5749e-16
   54    131  6.0385e-10  7.9104e-08
   54    132  4.7890e-11  6.3215e-09
   54    134  1.3454e-14  1.8029e-12
   54    136  1.4872e-19  2.0226e-17
   55    133  3.3433e-13  4.4466e-11
   56    135  1.0140e-17  1.3689e-15
   56    137  4.1489e-20  5.6839e-18
    1      1  7.3080e-10  7.3080e-10
    2      4  8.1026e-02  3.2411e-01


