    1      2  4.4436e-17  8.8872e-17
    3      6  1.5417e-20  9.2502e-20
    4      8  6.4557e-19  5.1646e-18
    4      9  4.1773e-19  3.7595e-18
    5     10  3.2011e-20  3.2011e-19
    6     12  6.6845e-08  8.0214e-07
    6     13  7.2529e-15  9.4288e-14
    7     14  9.7956e-19  1.3714e-17
    7     15  3.1267e-13  4.6901e-12
    8     16  3.2708e-09  5.2333e-08
    8     17  6.1961e-16  1.0533e-14
    8     18  3.4602e-15  6.2284e-14
    9     19  7.0789e-15  1.3450e-13
   10     20  2.1571e-09  4.3142e-08
   10     21  1.5743e-13  3.3059e-12
   10     22  3.4676e-15  7.6287e-14
   11     23  1.7794e-13  4.0926e-12
   12     24  6.2884e-10  1.5092e-08
   12     25  1.6748e-10  4.1869e-09
   12     26  7.3615e-10  1.9140e-08
   13     26  2.5485e-16  6.6260e-15
   13     27  5.8087e-10  1.5683e-08
   14     28  7.3106e-10  2.0470e-08
   14     29  4.9819e-10  1.4448e-08
   14     30  1.0827e-09  3.2482e-08
   15     31  2.0348e-09  6.3080e-08
   16     32  7.4705e-09  2.3906e-07
   16     33  3.3573e-09  1.1079e-07
   16     34  5.2447e-08  1.7832e-06
   16     36  9.4928e-09  3.4174e-07
   17     35  5.1422e-09  1.7998e-07
   17     37  3.7904e-09  1.4024e-07
   18     36  1.6857e-15  6.0685e-14
   18     38  5.6329e-09  2.1405e-07
   18     40  1.7542e-10  7.0167e-09
   19     39  1.7513e-09  6.8302e-08
   19     40  1.2954e-20  5.1817e-19
   19     41  5.4903e-10  2.2510e-08
   20     42  4.1840e-08  1.7573e-06
   20     43  1.7848e-07  7.6748e-06
   20     44  3.2396e-07  1.4254e-05
   20     46  3.7044e-08  1.7040e-06
   21     45  6.0949e-09  2.7427e-07
   22     47  2.6454e-07  1.2434e-05
   22     48  1.0346e-06  4.9659e-05
   22     49  8.9664e-09  4.3935e-07
   22     50  9.7419e-08  4.8709e-06
   23     51  2.8020e-07  1.4290e-05
   24     52  3.0195e-06  1.5701e-04
   24     53  2.0018e-06  1.0609e-04
   24     54  9.5909e-07  5.1791e-05
   25     55  3.1298e-08  1.7214e-06
   26     56  1.8338e-07  1.0269e-05
   26     57  3.4123e-08  1.9450e-06
   26     58  7.5294e-07  4.3671e-05
   27     59  4.4721e-07  2.6386e-05
   28     60  1.2545e-07  7.5267e-06
   28     61  4.0751e-07  2.4858e-05
   28     62  2.8758e-07  1.7830e-05
   28     64  4.7173e-07  3.0191e-05
   29     63  2.7731e-07  1.7470e-05
   29     65  7.6228e-07  4.9548e-05
   30     64  1.7646e-20  1.1293e-18
   30     66  1.5443e-06  1.0192e-04
   30     67  1.0506e-06  7.0387e-05
   30     68  6.7883e-07  4.6161e-05
   30     70  3.5112e-07  2.4578e-05
   31     69  1.9667e-07  1.3570e-05
   31     71  3.7699e-08  2.6766e-06
   32     70  4.7403e-16  3.3182e-14
   32     72  5.9627e-07  4.2932e-05
   32     73  9.9235e-06  7.2442e-04
   32     74  3.4453e-06  2.5495e-04
   32     76  3.3829e-06  2.5710e-04
   33     75  1.0354e-06  7.7655e-05
   34     76  2.7665e-14  2.1025e-12
   34     77  1.2449e-05  9.5857e-04
   34     78  1.9972e-05  1.5578e-03
   34     80  4.5224e-05  3.6179e-03
   34     82  7.4661e-07  6.1222e-05
   35     79  1.0672e-05  8.4305e-04
   35     81  2.7697e-06  2.2434e-04
   36     82  5.5414e-14  4.5440e-12
   36     83  2.7614e-06  2.2920e-04
   36     84  9.4106e-06  7.9049e-04
   36     86  3.3020e-05  2.8397e-03
   37     85  1.1936e-05  1.0145e-03
   37     87  7.0382e-06  6.1233e-04
   38     86  4.7815e-20  4.1121e-18
   38     87  5.1535e-08  4.4835e-06
   38     88  4.7783e-06  4.2049e-04
   39     89  3.7026e-05  3.2953e-03
   40     90  1.6671e-04  1.5004e-02
   40     91  1.6022e-05  1.4580e-03
   40     92  2.2827e-05  2.1000e-03
   40     94  4.5268e-06  4.2552e-04
   41     93  1.7107e-05  1.5910e-03
   42     95  6.1458e-07  5.8385e-05
   42     96  8.1273e-06  7.8022e-04
   42     97  1.2168e-05  1.1803e-03
   42     98  5.2573e-05  5.1521e-03
   42    100  1.8280e-04  1.8280e-02
   44     99  4.1635e-05  4.1218e-03
   44    100  1.4512e-12  1.4512e-10
   44    101  5.7381e-04  5.7955e-02
   44    102  1.0558e-03  1.0769e-01
   44    104  3.8689e-04  4.0237e-02
   45    103  2.0525e-04  2.1141e-02
   46    104  1.9786e-17  2.0577e-15
   46    105  4.9208e-04  5.1668e-02
   46    106  2.2960e-04  2.4338e-02
   46    108  2.9508e-04  3.1868e-02
   46    110  2.5641e-04  2.8205e-02
   47    107  5.6876e-05  6.0858e-03
   47    109  2.4538e-04  2.6746e-02
   48    110  8.3000e-13  9.1300e-11
   48    111  3.6852e-05  4.0906e-03
   48    112  8.4405e-05  9.4533e-03
   48    113  5.0338e-05  5.6882e-03
   48    114  1.3750e-04  1.5676e-02
   48    116  1.6103e-05  1.8680e-03
   49    113  2.2154e-12  2.5034e-10
   49    115  2.7685e-05  3.1838e-03
   50    115  2.2089e-11  2.5402e-09
   50    116  7.1096e-13  8.2472e-11
   50    117  2.7132e-05  3.1744e-03
   50    118  4.7692e-06  5.6277e-04
   50    119  1.4265e-06  1.6976e-04
   50    120  2.0596e-06  2.4715e-04
   50    122  7.8946e-06  9.6315e-04
   50    124  4.3437e-06  5.3862e-04
   51    121  2.5890e-06  3.1326e-04
   51    123  2.5637e-06  3.1534e-04
   52    122  1.6639e-14  2.0299e-12
   52    124  4.5873e-16  5.6883e-14
   52    125  1.3380e-05  1.6725e-03
   52    126  2.0745e-05  2.6139e-03
   52    128  3.1905e-05  4.0839e-03
   52    130  6.6932e-07  8.7012e-05
   53    127  2.5555e-05  3.2455e-03
   53    129  4.9097e-14  6.3335e-12
   54    128  4.9768e-17  6.3703e-15
   54    129  1.0877e-05  1.4031e-03
   54    130  2.0965e-15  2.7254e-13
   54    131  1.5952e-08  2.0898e-06
   54    132  6.6358e-10  8.7592e-08
   54    134  7.0092e-15  9.3924e-13
   54    136  1.5070e-15  2.0495e-13
   55    133  6.4230e-13  8.5426e-11
   56    135  1.1799e-14  1.5928e-12
   56    137  2.2408e-15  3.0699e-13
   56    138  5.9946e-15  8.2725e-13
   57    139  6.7961e-17  9.4465e-15
   58    140  1.8264e-16  2.5570e-14
   58    142  3.9458e-17  5.6030e-15
   59    141  1.8730e-16  2.6410e-14
   60    143  4.5431e-18  6.4967e-16
   60    144  4.7415e-18  6.8277e-16
   60    145  8.5629e-19  1.2416e-16
   60    146  8.4313e-18  1.2310e-15
   60    148  4.3065e-17  6.3737e-15
   60    150  4.5081e-18  6.7622e-16
   62    147  2.7663e-17  4.0665e-15
   62    149  1.0904e-17  1.6246e-15
   62    152  6.5522e-18  9.9593e-16
   62    154  3.2074e-18  4.9394e-16
   63    151  1.5447e-18  2.3324e-16
   63    153  4.3009e-18  6.5803e-16
   64    155  2.4998e-18  3.8748e-16
   64    156  1.6060e-19  2.5054e-17
   64    157  2.6059e-19  4.0913e-17
   64    158  1.4572e-19  2.3024e-17
   64    160  1.6375e-20  2.6200e-18
   65    159  1.0659e-20  1.6948e-18
   66    161  1.6886e-20  2.7186e-18
    1      1  2.2472e-11  2.2472e-11
    2      4  1.1896e-01  4.7582e-01


