    1      2  7.2858e-16  1.4572e-15
    2      3  6.9762e-19  2.0929e-18
    3      6  1.3451e-16  8.0705e-16
    3      7  3.3401e-19  2.3380e-18
    4      8  7.9530e-14  6.3624e-13
    4      9  9.4395e-19  8.4956e-18
    5     10  1.2444e-17  1.2444e-16
    5     11  1.8358e-20  2.0194e-19
    6     12  1.9815e-08  2.3779e-07
    6     13  1.0827e-14  1.4075e-13
    7     14  3.8472e-13  5.3861e-12
    7     15  3.9285e-09  5.8927e-08
    8     16  8.2270e-10  1.3163e-08
    8     17  5.5003e-14  9.3505e-13
    8     18  1.6845e-09  3.0321e-08
    9     19  2.3391e-09  4.4443e-08
   10     20  1.2615e-10  2.5229e-09
   10     21  1.6376e-10  3.4389e-09
   10     22  3.0015e-10  6.6032e-09
   11     23  2.6721e-10  6.1458e-09
   12     24  3.2369e-10  7.7685e-09
   12     25  6.1044e-10  1.5261e-08
   12     26  2.2432e-09  5.8323e-08
   13     26  3.1609e-15  8.2183e-14
   13     27  8.8623e-10  2.3928e-08
   14     28  3.9811e-09  1.1147e-07
   14     29  5.5958e-09  1.6228e-07
   14     30  1.8571e-08  5.5714e-07
   15     31  2.1069e-09  6.5315e-08
   16     32  2.7251e-08  8.7202e-07
   16     33  1.3381e-07  4.4158e-06
   16     34  9.7408e-08  3.3119e-06
   16     36  7.5081e-08  2.7029e-06
   17     35  4.3716e-08  1.5300e-06
   17     37  2.3219e-07  8.5912e-06
   18     36  1.1851e-16  4.2664e-15
   18     38  4.9322e-07  1.8742e-05
   18     40  3.4820e-07  1.3928e-05
   19     39  3.4540e-07  1.3471e-05
   19     41  2.2042e-07  9.0372e-06
   20     42  7.2483e-07  3.0443e-05
   20     43  2.0412e-07  8.7772e-06
   20     44  4.9494e-07  2.1777e-05
   20     46  2.3645e-06  1.0877e-04
   21     45  9.7321e-07  4.3795e-05
   22     46  2.9017e-20  1.3348e-18
   22     47  1.6986e-06  7.9835e-05
   22     48  6.8016e-07  3.2648e-05
   22     49  2.1810e-06  1.0687e-04
   22     50  3.4216e-06  1.7108e-04
   23     51  1.3708e-06  6.9912e-05
   24     52  6.5275e-08  3.3943e-06
   24     53  2.1870e-06  1.1591e-04
   24     54  7.7992e-06  4.2116e-04
   25     55  3.7797e-07  2.0788e-05
   26     56  2.4528e-06  1.3736e-04
   26     57  2.8226e-07  1.6089e-05
   26     58  1.7254e-08  1.0008e-06
   27     59  1.4879e-08  8.7786e-07
   28     60  3.3924e-08  2.0354e-06
   28     61  1.0216e-07  6.2320e-06
   28     62  7.6709e-07  4.7560e-05
   28     64  7.4358e-08  4.7589e-06
   29     63  1.4457e-06  9.1082e-05
   29     65  7.4522e-08  4.8439e-06
   30     64  4.2015e-20  2.6890e-18
   30     66  5.6726e-07  3.7439e-05
   30     67  3.9391e-07  2.6392e-05
   30     68  1.4949e-06  1.0166e-04
   30     70  3.1126e-06  2.1788e-04
   31     69  1.8357e-06  1.2666e-04
   31     71  3.6693e-07  2.6052e-05
   32     70  3.8202e-15  2.6741e-13
   32     72  9.7199e-07  6.9984e-05
   32     73  1.4671e-05  1.0709e-03
   32     74  9.5212e-06  7.0457e-04
   32     76  4.9159e-06  3.7361e-04
   33     75  2.0753e-06  1.5565e-04
   34     76  3.9589e-14  3.0088e-12
   34     77  1.9029e-05  1.4653e-03
   34     78  2.7441e-05  2.1404e-03
   34     80  2.6105e-05  2.0884e-03
   34     82  3.3996e-05  2.7877e-03
   35     79  7.3671e-06  5.8200e-04
   35     81  2.3252e-05  1.8834e-03
   36     82  3.6628e-13  3.0035e-11
   36     83  7.7311e-06  6.4168e-04
   36     84  5.6217e-06  4.7222e-04
   36     86  3.2418e-05  2.7879e-03
   37     85  1.2918e-05  1.0980e-03
   37     87  2.6336e-06  2.2912e-04
   38     86  5.3420e-20  4.5941e-18
   38     87  1.9284e-08  1.6777e-06
   38     88  7.2646e-06  6.3928e-04
   39     89  5.0143e-06  4.4627e-04
   40     90  8.3145e-06  7.4831e-04
   40     91  5.6752e-06  5.1644e-04
   40     92  3.9058e-05  3.5934e-03
   40     94  4.4957e-06  4.2260e-04
   41     93  4.8054e-06  4.4691e-04
   42     95  3.6185e-06  3.4376e-04
   42     96  1.1371e-05  1.0916e-03
   42     97  5.9688e-06  5.7897e-04
   42     98  1.6925e-06  1.6587e-04
   42    100  3.7983e-05  3.7983e-03
   44     99  1.2272e-05  1.2149e-03
   44    100  4.2723e-13  4.2723e-11
   44    101  7.0404e-05  7.1108e-03
   44    102  1.4366e-05  1.4654e-03
   44    104  4.2319e-05  4.4012e-03
   45    103  9.8932e-06  1.0190e-03
   46    104  1.6658e-18  1.7324e-16
   46    105  2.0980e-05  2.2029e-03
   46    106  4.2899e-05  4.5473e-03
   46    108  2.7080e-05  2.9246e-03
   46    110  8.1451e-05  8.9596e-03
   47    107  5.2875e-05  5.6576e-03
   47    109  4.6146e-05  5.0299e-03
   48    110  2.0607e-13  2.2668e-11
   48    111  1.6851e-05  1.8705e-03
   48    112  4.2853e-05  4.7996e-03
   48    113  2.6384e-05  2.9814e-03
   48    114  5.3769e-05  6.1297e-03
   48    116  2.6137e-06  3.0319e-04
   49    113  1.1612e-12  1.3121e-10
   49    115  2.4226e-05  2.7859e-03
   50    115  1.9329e-11  2.2228e-09
   50    116  6.9898e-13  8.1082e-11
   50    117  6.1086e-06  7.1470e-04
   50    118  4.4973e-06  5.3069e-04
   50    119  3.9346e-06  4.6822e-04
   50    120  5.8174e-05  6.9809e-03
   50    122  1.2875e-04  1.5707e-02
   50    124  9.8607e-05  1.2227e-02
   51    121  4.9093e-05  5.9403e-03
   51    123  6.0759e-05  7.4734e-03
   52    122  2.7704e-13  3.3799e-11
   52    124  6.5440e-15  8.1145e-13
   52    125  2.2927e-04  2.8659e-02
   52    126  6.9094e-04  8.7059e-02
   52    128  3.9674e-04  5.0782e-02
   52    130  4.5203e-06  5.8764e-04
   53    127  4.7431e-04  6.0237e-02
   53    129  2.5976e-13  3.3509e-11
   54    128  1.2499e-15  1.5998e-13
   54    129  1.2592e-04  1.6244e-02
   54    130  2.5597e-14  3.3276e-12
   54    131  5.1547e-08  6.7526e-06
   54    132  8.1271e-08  1.0728e-05
   54    134  3.0582e-08  4.0980e-06
   54    136  2.1506e-09  2.9248e-07
   55    133  1.0122e-07  1.3462e-05
   56    135  3.1034e-09  4.1896e-07
   56    136  4.7672e-19  6.4833e-17
   56    137  3.4719e-09  4.7564e-07
   56    138  1.0452e-09  1.4424e-07
   57    139  1.2092e-10  1.6807e-08
   58    140  2.1276e-10  2.9786e-08
   58    142  2.6033e-12  3.6967e-10
   59    141  5.7031e-12  8.0414e-10
   60    143  4.8616e-12  6.9521e-10
   60    144  1.3598e-11  1.9581e-09
   60    145  6.7790e-12  9.8296e-10
   60    146  1.3278e-11  1.9386e-09
   60    148  1.1131e-11  1.6474e-09
   60    150  6.8319e-12  1.0248e-09
   62    147  1.1624e-11  1.7087e-09
   62    148  2.3763e-19  3.5169e-17
   62    149  6.7065e-12  9.9927e-10
   62    150  2.6409e-18  3.9613e-16
   62    152  6.0574e-12  9.2073e-10
   62    154  3.6529e-12  5.6255e-10
   63    151  3.3193e-12  5.0122e-10
   63    153  3.0208e-12  4.6218e-10
   64    155  2.8998e-12  4.4946e-10
   64    156  9.0487e-13  1.4116e-10
   64    157  1.0580e-12  1.6611e-10
   64    158  1.1946e-12  1.8875e-10
   64    160  3.7545e-13  6.0072e-11
   65    159  1.8307e-13  2.9108e-11
   66    161  2.8906e-13  4.6539e-11
   66    162  1.5233e-13  2.4677e-11
   66    163  8.3677e-14  1.3639e-11
   66    164  1.3338e-13  2.1874e-11
   67    165  7.1366e-14  1.1775e-11
   68    166  1.2986e-13  2.1557e-11
   68    167  4.4093e-14  7.3635e-12
   68    168  2.9892e-14  5.0219e-12
   68    170  8.6902e-15  1.4773e-12
   69    169  3.6941e-14  6.2431e-12
   70    171  3.9019e-15  6.6723e-13
   70    172  2.8468e-15  4.8965e-13
   70    173  1.7032e-15  2.9465e-13
   70    174  2.0524e-15  3.5712e-13
   70    176  8.7251e-16  1.5356e-13
   71    175  8.9206e-16  1.5611e-13
   72    177  4.1853e-16  7.4080e-14
   72    178  8.4722e-17  1.5080e-14
   72    179  2.3454e-17  4.1983e-15
   72    180  1.0483e-17  1.8869e-15
   73    181  5.3062e-18  9.6041e-16
   74    182  2.3010e-18  4.1879e-16
   74    183  1.4416e-18  2.6382e-16
   74    184  2.7845e-18  5.1236e-16
   74    186  2.6468e-18  4.9230e-16
   75    185  1.0934e-18  2.0228e-16
   75    187  1.5668e-18  2.9300e-16
   76    187  1.2734e-20  2.3812e-18
   76    188  2.9770e-18  5.5968e-16
   76    189  1.0574e-18  1.9986e-16
   76    190  2.2248e-18  4.2272e-16
   76    192  1.3662e-18  2.6231e-16
   77    191  1.5873e-18  3.0318e-16
   77    193  6.4691e-19  1.2485e-16
   78    194  5.2252e-19  1.0137e-16
   78    195  1.6281e-19  3.1748e-17
   78    196  6.8487e-20  1.3423e-17
   79    197  2.0188e-20  3.9769e-18
    1      1  2.0383e-10  2.0383e-10
    2      4  1.5236e-01  6.0944e-01


