1  1.0469e-08
2  1.4861e-01
3  8.8842e-16
4  3.2086e-13
5  1.1788e-16
6  9.4184e-09
7  1.2658e-08
8  9.4930e-09
9  1.1952e-08
10  1.1147e-08
11  8.2225e-09
12  1.3399e-07
13  4.7449e-09
14  1.0474e-07
15  1.1749e-08
16  1.0144e-06
17  5.1570e-07
18  1.5755e-06
19  1.3009e-06
20  6.0322e-06
21  3.6404e-06
22  6.9145e-06
23  1.0718e-06
24  3.0293e-06
25  5.6800e-07
26  2.4462e-06
27  8.0038e-09
28  8.6656e-07
29  4.7676e-06
30  6.2403e-06
31  2.7426e-06
32  4.3726e-05
33  3.8488e-06
34  9.0908e-05
35  1.9921e-05
36  2.9968e-05
37  1.3536e-05
38  1.8630e-05
39  2.1394e-06
40  3.4425e-05
41  6.0936e-06
42  5.4035e-05
43  1.2431e-30
44  5.8262e-05
45  7.0661e-06
46  6.3001e-05
47  4.7728e-05
48  3.8194e-05
49  5.7124e-06
50  5.8499e-04
51  2.4963e-04
52  1.4707e-03
53  3.9343e-04
54  1.1792e-04
55  2.8366e-08
56  2.0567e-08
57  1.6132e-11
58  2.9257e-11
59  1.4394e-11
60  4.6393e-10
61  -1.6836e-315
62  1.1358e-10
63  4.3311e-11
64  3.8494e-11
65  1.5901e-12
66  4.3917e-12
67  7.1975e-13
68  9.9435e-13
69  2.0392e-13
70  4.3570e-14
71  1.8378e-15
72  1.3793e-15
73  5.6006e-17
74  3.6645e-16
75  1.0597e-16
76  1.9838e-16
77  3.4489e-17
78  2.0964e-18
79  2.9566e-20
80  3.2572e-21
81  3.5349e-25
82  0.0000e+00
83  0.0000e+00
84  0.0000e+00
85  0.0000e+00
86  0.0000e+00
87  0.0000e+00
88  0.0000e+00
89  0.0000e+00
90  0.0000e+00
91  0.0000e+00
92  0.0000e+00
93  0.0000e+00
94  0.0000e+00
95  0.0000e+00
96  0.0000e+00
97  0.0000e+00
98  0.0000e+00
99  0.0000e+00
100  0.0000e+00
101  0.0000e+00
102  0.0000e+00
103  0.0000e+00
104  0.0000e+00
105  0.0000e+00
106  0.0000e+00
107  0.0000e+00
108  0.0000e+00
109  0.0000e+00
110  0.0000e+00
111  0.0000e+00
112  0.0000e+00
113  0.0000e+00
114  0.0000e+00
115  0.0000e+00
116  0.0000e+00
117  0.0000e+00
118  0.0000e+00

