1  1.4646e-09
2  1.3493e-01
3  6.0303e-18
4  9.5998e-15
5  2.5113e-18
6  1.8311e-08
7  7.9788e-10
8  1.4604e-09
9  2.1869e-10
10  4.3399e-10
11  2.2110e-10
12  1.6650e-09
13  6.4840e-10
14  1.8408e-08
15  1.2642e-09
16  7.5322e-08
17  2.2593e-07
18  3.3434e-07
19  1.3941e-07
20  3.2501e-06
21  1.6047e-06
22  5.5124e-06
23  1.0731e-06
24  2.8516e-06
25  8.5864e-07
26  4.4338e-06
27  1.5532e-08
28  1.0463e-06
29  3.0027e-06
30  5.3369e-06
31  2.3414e-06
32  3.8674e-05
33  3.0012e-06
34  9.1088e-05
35  2.6699e-05
36  4.5557e-05
37  1.8662e-05
38  1.0158e-05
39  1.6756e-06
40  4.7156e-05
41  1.5132e-05
42  1.0267e-04
43  2.7751e-30
44  2.3990e-04
45  3.3780e-05
46  8.2090e-04
47  4.2022e-04
48  7.0464e-04
49  4.5824e-05
50  2.4621e-04
51  1.1471e-04
52  7.8979e-04
53  2.0477e-04
54  5.2327e-05
55  3.5420e-09
56  1.0352e-09
57  2.3079e-12
58  1.6722e-11
59  6.7592e-13
60  1.8477e-12
61  1.0976e-315
62  6.7774e-13
63  1.4122e-13
64  6.9549e-14
65  4.9471e-15
66  3.8268e-15
67  3.3962e-16
68  6.0363e-16
69  7.7687e-17
70  1.2868e-17
71  6.3008e-19
72  2.4405e-19
73  1.8733e-21
74  8.0042e-22
75  4.6939e-23
76  4.6232e-23
77  4.0214e-24
78  0.0000e+00
79  0.0000e+00
80  0.0000e+00
81  0.0000e+00
82  0.0000e+00
83  0.0000e+00
84  0.0000e+00
85  0.0000e+00
86  0.0000e+00
87  0.0000e+00
88  0.0000e+00
89  0.0000e+00
90  0.0000e+00
91  0.0000e+00
92  0.0000e+00
93  0.0000e+00
94  0.0000e+00
95  0.0000e+00
96  0.0000e+00
97  0.0000e+00
98  0.0000e+00
99  0.0000e+00
100  0.0000e+00
101  0.0000e+00
102  0.0000e+00
103  0.0000e+00
104  0.0000e+00
105  0.0000e+00
106  0.0000e+00
107  0.0000e+00
108  0.0000e+00
109  0.0000e+00
110  0.0000e+00
111  0.0000e+00
112  0.0000e+00
113  0.0000e+00
114  0.0000e+00
115  0.0000e+00
116  0.0000e+00
117  0.0000e+00
118  0.0000e+00

