1  1.8860e-09
2  7.1251e-02
3  1.0315e-19
4  1.0086e-19
5  1.7167e-19
6  1.7219e-07
7  3.1344e-17
8  7.9263e-10
9  1.9044e-21
10  8.1269e-10
11  1.0727e-13
12  1.0940e-09
13  2.1542e-10
14  8.2013e-09
15  9.2869e-10
16  2.7741e-08
17  7.0856e-09
18  1.0984e-08
19  1.4772e-09
20  8.9303e-08
21  2.6851e-09
22  3.1187e-07
23  3.4566e-08
24  4.5159e-07
25  4.0821e-09
26  1.8106e-07
27  3.1299e-10
28  6.4905e-07
29  2.8612e-07
30  3.8714e-06
31  3.5762e-07
32  6.1554e-06
33  3.4098e-07
34  3.5608e-05
35  1.8876e-06
36  2.7142e-04
37  1.3293e-05
38  9.6308e-05
39  1.0951e-04
40  2.7719e-03
41  4.8360e-04
42  2.4465e-03
43  3.4615e-29
44  5.1380e-04
45  7.2144e-05
46  3.9045e-04
47  1.4991e-04
48  8.3672e-05
49  1.8575e-05
50  3.7548e-06
51  1.0042e-06
52  2.1373e-07
53  3.0572e-08
54  1.5652e-08
55  4.2774e-13
56  7.7953e-18
57  3.2112e-24
58  4.5456e-23
59  2.1925e-25
60  0.0000e+00
61  0.0000e+00
62  0.0000e+00
63  0.0000e+00
64  0.0000e+00
65  0.0000e+00
66  0.0000e+00
67  0.0000e+00
68  0.0000e+00
69  0.0000e+00
70  0.0000e+00
71  0.0000e+00
72  0.0000e+00
73  0.0000e+00
74  0.0000e+00
75  0.0000e+00
76  0.0000e+00
77  0.0000e+00
78  0.0000e+00
79  0.0000e+00
80  0.0000e+00
81  0.0000e+00
82  0.0000e+00
83  0.0000e+00
84  0.0000e+00
85  0.0000e+00
86  0.0000e+00
87  0.0000e+00
88  0.0000e+00
89  0.0000e+00
90  0.0000e+00
91  0.0000e+00
92  0.0000e+00
93  0.0000e+00
94  0.0000e+00
95  0.0000e+00
96  0.0000e+00
97  0.0000e+00
98  0.0000e+00
99  0.0000e+00
100  0.0000e+00
101  0.0000e+00
102  0.0000e+00
103  0.0000e+00
104  0.0000e+00
105  0.0000e+00
106  0.0000e+00
107  0.0000e+00
108  0.0000e+00
109  0.0000e+00
110  0.0000e+00
111  0.0000e+00
112  0.0000e+00
113  0.0000e+00
114  0.0000e+00
115  0.0000e+00
116  0.0000e+00
117  0.0000e+00
118  0.0000e+00

