1  3.0638e-09
2  1.4205e-01
3  1.2370e-16
4  6.5151e-14
5  1.3806e-17
6  1.6221e-08
7  3.1545e-09
8  2.2445e-09
9  1.8839e-09
10  6.6172e-10
11  4.6453e-10
12  2.9311e-09
13  7.8866e-10
14  2.4531e-08
15  1.8978e-09
16  3.0643e-07
17  3.3122e-07
18  8.6389e-07
19  6.3234e-07
20  4.5422e-06
21  2.5117e-06
22  7.1610e-06
23  1.4461e-06
24  1.7050e-06
25  5.5418e-07
26  3.5153e-06
27  8.7966e-09
28  1.1303e-06
29  4.3447e-06
30  5.9445e-06
31  2.6582e-06
32  4.1774e-05
33  3.2448e-06
34  9.7344e-05
35  2.7225e-05
36  4.1272e-05
37  1.7073e-05
38  1.3304e-05
39  1.9310e-06
40  3.9094e-05
41  1.2654e-05
42  7.6238e-05
43  2.1155e-30
44  1.0921e-04
45  1.3682e-05
46  3.9147e-04
47  2.4624e-04
48  3.6953e-04
49  3.2287e-05
50  4.6206e-04
51  2.0648e-04
52  1.1177e-03
53  2.9667e-04
54  8.2079e-05
55  7.1233e-09
56  3.2507e-09
57  2.2193e-12
58  1.8194e-11
59  3.2334e-12
60  6.0179e-12
61  -1.2644e-315
62  1.7647e-12
63  4.1870e-13
64  3.1454e-13
65  2.2294e-14
66  2.3922e-14
67  2.4905e-15
68  4.3509e-15
69  6.8764e-16
70  1.3886e-16
71  6.9120e-18
72  3.7516e-18
73  3.7150e-20
74  2.6226e-20
75  4.3411e-21
76  1.2588e-20
77  3.9248e-21
78  7.1790e-22
79  2.2167e-23
80  2.3924e-24
81  0.0000e+00
82  0.0000e+00
83  0.0000e+00
84  0.0000e+00
85  0.0000e+00
86  0.0000e+00
87  0.0000e+00
88  0.0000e+00
89  0.0000e+00
90  0.0000e+00
91  0.0000e+00
92  0.0000e+00
93  0.0000e+00
94  0.0000e+00
95  0.0000e+00
96  0.0000e+00
97  0.0000e+00
98  0.0000e+00
99  0.0000e+00
100  0.0000e+00
101  0.0000e+00
102  0.0000e+00
103  0.0000e+00
104  0.0000e+00
105  0.0000e+00
106  0.0000e+00
107  0.0000e+00
108  0.0000e+00
109  0.0000e+00
110  0.0000e+00
111  0.0000e+00
112  0.0000e+00
113  0.0000e+00
114  0.0000e+00
115  0.0000e+00
116  0.0000e+00
117  0.0000e+00
118  0.0000e+00

