1  2.4837e-02
2  2.0266e-01
3  1.1996e-10
4  5.2657e-07
5  7.8580e-09
6  1.4355e-08
7  2.5089e-06
8  4.1068e-06
9  7.1552e-08
10  6.3296e-06
11  1.4213e-06
12  6.6606e-06
13  2.2476e-08
14  6.2588e-07
15  1.5257e-08
16  5.2733e-07
17  5.9742e-08
18  9.8708e-08
19  3.0203e-09
20  1.6814e-09
21  2.9260e-10
22  1.0151e-08
23  3.4985e-11
24  9.5193e-11
25  4.7460e-12
26  2.0949e-10
27  1.8923e-12
28  1.2981e-09
29  3.0924e-11
30  8.7724e-11
31  6.5756e-12
32  1.1596e-10
33  7.9946e-12
34  4.9043e-10
35  2.5728e-11
36  2.1641e-10
37  9.7231e-11
38  7.5199e-11
39  2.4674e-11
40  1.9829e-10
41  2.8512e-11
42  4.3279e-10
43  3.4305e-36
44  6.1571e-11
45  9.4887e-12
46  7.8205e-11
47  1.2173e-11
48  7.8632e-11
49  1.2760e-11
50  2.7887e-10
51  1.5760e-11
52  1.1835e-09
53  1.5399e-11
54  1.7348e-08
55  6.8039e-09
56  2.9954e-09
57  1.2549e-10
58  2.2687e-10
59  2.8263e-11
60  1.2669e-10
61  1.8679e-90
62  1.8074e-11
63  3.0964e-12
64  7.7383e-12
65  2.9001e-13
66  1.3598e-12
67  3.7566e-13
68  2.4273e-12
69  6.1112e-13
70  1.6874e-12
71  1.9140e-13
72  1.2040e-12
73  5.5461e-13
74  1.2564e-12
75  3.9052e-13
76  5.8762e-12
77  1.6563e-12
78  7.0580e-12
79  1.6590e-12
80  6.8986e-12
81  7.7741e-12
82  -6.7963e-11
83  5.8817e-11
84  1.4094e-27
85  4.4325e-25
86  5.5083e-21
87  3.3879e-27
88  3.8381e-19
89  1.2775e-19
90  4.3146e-12
91  1.9153e-16
92  5.2132e-12
93  6.9013e-26
94  4.6204e-14
95  1.2261e-21
96  2.5878e-18
97  2.4625e-16
98  4.4453e-271
99  -8.3003e-322
100  4.2840e-10
101  6.0490e-173
102  3.7191e-10
103  5.9772e-11
104  2.4262e-12
105  3.2518e-12
106  4.6572e-11
107  1.4639e-12
108  5.2912e-08
109  -7.8537e-320
110  7.9970e-08
111  4.8360e-04
112  0.0000e+00
113  0.0000e+00
114  0.0000e+00
115  0.0000e+00
116  0.0000e+00
117  0.0000e+00
118  0.0000e+00

