    1      2  1.0017e-08  2.0035e-08
    2      3  7.3595e-10  2.2079e-09
    3      6  2.4605e-11  1.4763e-10
    3      7  2.2865e-09  1.6005e-08
    4      8  2.8841e-08  2.3073e-07
    4      9  1.2900e-08  1.1610e-07
    5     10  2.7919e-07  2.7919e-06
    5     11  2.6704e-09  2.9374e-08
    6     12  1.0425e-08  1.2510e-07
    6     13  1.2219e-07  1.5885e-06
    7     14  8.2226e-08  1.1512e-06
    7     15  1.6131e-05  2.4196e-04
    8     16  4.1181e-07  6.5890e-06
    8     17  1.4424e-08  2.4520e-07
    8     18  8.4444e-08  1.5200e-06
    9     19  1.3030e-06  2.4757e-05
   10     20  1.8752e-06  3.7503e-05
   10     21  8.4313e-07  1.7706e-05
   10     22  3.2206e-09  7.0853e-08
   11     23  6.2107e-07  1.4285e-05
   12     24  6.5278e-07  1.5667e-05
   12     25  6.9800e-07  1.7450e-05
   12     26  7.5857e-08  1.9723e-06
   13     26  2.2042e-19  5.7308e-18
   13     27  7.3856e-08  1.9941e-06
   14     28  1.4554e-07  4.0751e-06
   14     29  6.1861e-08  1.7940e-06
   14     30  6.5700e-08  1.9710e-06
   15     31  6.6003e-08  2.0461e-06
   16     32  6.7042e-08  2.1453e-06
   16     33  1.0916e-07  3.6022e-06
   16     34  1.0604e-07  3.6052e-06
   16     36  1.9866e-08  7.1518e-07
   17     35  3.1208e-09  1.0923e-07
   17     37  2.8086e-08  1.0392e-06
   18     36  6.6545e-20  2.3956e-18
   18     38  3.8036e-08  1.4454e-06
   18     40  1.3654e-08  5.4615e-07
   19     39  1.1282e-08  4.4001e-07
   19     41  7.8448e-08  3.2164e-06
   20     42  1.1511e-07  4.8345e-06
   20     43  1.5437e-08  6.6380e-07
   20     44  7.2082e-08  3.1716e-06
   20     46  2.3319e-08  1.0727e-06
   21     45  5.6313e-08  2.5341e-06
   22     46  5.4557e-19  2.5096e-17
   22     47  6.3066e-08  2.9641e-06
   22     48  7.4855e-08  3.5930e-06
   22     49  9.8268e-09  4.8151e-07
   22     50  3.6635e-08  1.8318e-06
   23     51  7.6890e-08  3.9214e-06
   24     52  1.4309e-07  7.4408e-06
   24     53  5.2690e-08  2.7926e-06
   24     54  2.8962e-08  1.5639e-06
   25     55  3.2933e-08  1.8113e-06
   26     56  5.5936e-08  3.1324e-06
   26     57  8.5296e-08  4.8619e-06
   26     58  6.4156e-10  3.7210e-08
   27     59  2.1727e-09  1.2819e-07
   28     60  3.7865e-09  2.2719e-07
   28     61  5.0640e-09  3.0890e-07
   28     62  1.7857e-08  1.1071e-06
   28     64  3.1316e-08  2.0042e-06
   29     63  4.8727e-07  3.0698e-05
   29     65  1.1746e-07  7.6346e-06
   30     64  7.7181e-20  4.9396e-18
   30     66  3.0503e-07  2.0132e-05
   30     67  3.5390e-07  2.3711e-05
   30     68  9.2143e-08  6.2657e-06
   30     70  1.9750e-07  1.3825e-05
   31     69  3.3589e-08  2.3176e-06
   31     71  8.9380e-08  6.3460e-06
   32     70  9.3492e-15  6.5444e-13
   32     72  3.0923e-07  2.2264e-05
   32     73  1.9201e-07  1.4017e-05
   32     74  4.2167e-07  3.1203e-05
   32     76  2.9363e-07  2.2316e-05
   33     75  3.3994e-07  2.5496e-05
   34     76  2.3041e-13  1.7511e-11
   34     77  1.0610e-06  8.1694e-05
   34     78  1.7296e-06  1.3491e-04
   34     80  1.0258e-05  8.2060e-04
   34     82  3.0332e-06  2.4873e-04
   35     79  2.3675e-06  1.8703e-04
   35     81  2.6424e-06  2.1403e-04
   36     82  9.1583e-12  7.5098e-10
   36     83  1.7512e-06  1.4535e-04
   36     84  1.2454e-06  1.0461e-04
   36     86  2.2266e-06  1.9149e-04
   37     85  1.0115e-06  8.5976e-05
   37     87  8.5377e-07  7.4278e-05
   38     86  6.2750e-18  5.3965e-16
   38     87  6.2515e-09  5.4388e-07
   38     88  7.8036e-07  6.8671e-05
   39     89  5.1414e-07  4.5758e-05
   40     90  5.9809e-07  5.3828e-05
   40     91  5.0380e-07  4.5846e-05
   40     92  1.1688e-06  1.0753e-04
   40     94  2.0029e-06  1.8828e-04
   41     93  3.4395e-06  3.1987e-04
   42     95  1.3707e-06  1.3021e-04
   42     96  4.4024e-07  4.2263e-05
   42     97  6.4853e-07  6.2907e-05
   42     98  3.0471e-07  2.9862e-05
   42    100  2.8286e-07  2.8286e-05
   44     99  2.1586e-07  2.1370e-05
   44    100  1.6643e-14  1.6643e-12
   44    101  1.4246e-07  1.4389e-05
   44    102  3.1244e-07  3.1869e-05
   44    104  2.6866e-07  2.7941e-05
   45    103  3.8685e-07  3.9846e-05
   46    104  1.0329e-15  1.0742e-13
   46    105  4.6363e-07  4.8681e-05
   46    106  3.5749e-07  3.7894e-05
   46    108  4.5749e-07  4.9409e-05
   46    110  1.1429e-06  1.2571e-04
   47    107  6.5269e-07  6.9838e-05
   47    109  7.1947e-07  7.8423e-05
   48    110  2.2961e-13  2.5257e-11
   48    111  1.3939e-07  1.5473e-05
   48    112  6.4296e-07  7.2012e-05
   48    113  5.7847e-07  6.5368e-05
   48    114  5.4548e-07  6.2185e-05
   48    116  1.8606e-08  2.1583e-06
   49    113  2.5459e-14  2.8769e-12
   49    115  3.9997e-07  4.5997e-05
   50    115  3.1912e-13  3.6699e-11
   50    116  3.1748e-15  3.6827e-13
   50    117  7.6877e-08  8.9946e-06
   50    118  5.1164e-08  6.0373e-06
   50    119  4.1883e-08  4.9841e-06
   50    120  1.6807e-07  2.0168e-05
   50    122  2.8514e-07  3.4787e-05
   50    124  2.2968e-06  2.8481e-04
   51    121  3.3240e-07  4.0221e-05
   51    123  5.5192e-07  6.7886e-05
   52    122  4.4122e-14  5.3829e-12
   52    124  6.2314e-16  7.7269e-14
   52    125  2.1810e-06  2.7262e-04
   52    126  6.5538e-06  8.2578e-04
   52    128  1.5065e-05  1.9283e-03
   52    130  2.3270e-06  3.0251e-04
   53    127  7.9726e-06  1.0125e-03
   53    129  3.7747e-14  4.8694e-12
   54    128  2.5900e-17  3.3152e-15
   54    129  1.3259e-05  1.7104e-03
   54    130  1.1178e-13  1.4531e-11
   54    131  1.8196e-06  2.3837e-04
   54    132  1.9440e-06  2.5660e-04
   54    134  9.8522e-07  1.3202e-04
   54    136  2.3962e-06  3.2589e-04
   55    133  6.5610e-07  8.7262e-05
   56    134  2.9476e-18  3.9498e-16
   56    135  9.4942e-07  1.2817e-04
   56    136  5.9435e-16  8.0831e-14
   56    137  1.4583e-06  1.9979e-04
   56    138  1.5533e-06  2.1436e-04
   57    139  2.2535e-07  3.1324e-05
   58    140  6.9923e-07  9.7893e-05
   58    142  1.3662e-07  1.9400e-05
   59    141  1.2621e-07  1.7796e-05
   60    142  1.5356e-19  2.1805e-17
   60    143  1.0275e-07  1.4694e-05
   60    144  3.2028e-07  4.6120e-05
   60    145  1.4013e-07  2.0318e-05
   60    146  3.8745e-07  5.6567e-05
   60    148  4.4298e-07  6.5562e-05
   60    150  1.5217e-07  2.2825e-05
   62    147  5.2168e-07  7.6687e-05
   62    148  9.9585e-16  1.4739e-13
   62    149  1.4070e-07  2.0965e-05
   62    150  7.7048e-13  1.1557e-10
   62    152  4.1532e-07  6.3129e-05
   62    154  4.3998e-07  6.7757e-05
   63    151  1.7179e-07  2.5940e-05
   63    153  2.8677e-07  4.3876e-05
   64    154  3.3087e-14  5.0954e-12
   64    155  7.8799e-07  1.2214e-04
   64    156  3.4971e-07  5.4555e-05
   64    157  3.2213e-07  5.0574e-05
   64    158  4.2716e-07  6.7491e-05
   64    160  5.5968e-07  8.9549e-05
   65    159  5.1149e-07  8.1327e-05
   66    160  2.8403e-14  4.5444e-12
   66    161  3.7158e-07  5.9825e-05
   66    162  2.7309e-07  4.4241e-05
   66    163  2.1964e-07  3.5802e-05
   66    164  7.9754e-07  1.3080e-04
   67    165  4.9750e-07  8.2088e-05
   68    166  8.6784e-07  1.4406e-04
   68    167  8.0525e-07  1.3448e-04
   68    168  9.2457e-07  1.5533e-04
   68    170  8.1948e-07  1.3931e-04
   69    169  1.7091e-06  2.8884e-04
   70    170  1.7266e-14  2.9352e-12
   70    171  5.0809e-07  8.6883e-05
   70    172  3.8913e-07  6.6930e-05
   70    173  4.6604e-07  8.0624e-05
   70    174  1.2872e-06  2.2398e-04
   70    176  2.1956e-06  3.8642e-04
   71    175  6.7870e-07  1.1877e-04
   71    176  3.9691e-15  6.9856e-13
   72    176  3.7161e-17  6.5403e-15
   72    177  1.3530e-06  2.3947e-04
   72    178  9.5150e-07  1.6937e-04
   72    179  5.6264e-07  1.0071e-04
   72    180  7.2307e-07  1.3015e-04
   73    181  8.0863e-07  1.4636e-04
   74    182  7.3582e-07  1.3392e-04
   74    183  2.0265e-07  3.7085e-05
   74    184  2.4887e-07  4.5792e-05
   74    186  4.5776e-07  8.5143e-05
   75    185  1.0428e-07  1.9292e-05
   75    187  3.4101e-07  6.3768e-05
   76    186  8.5634e-18  1.5928e-15
   76    187  2.7714e-09  5.1825e-07
   76    188  1.4963e-06  2.8130e-04
   76    189  7.0626e-07  1.3348e-04
   76    190  6.1263e-06  1.1640e-03
   76    192  1.4047e-05  2.6970e-03
   77    191  1.0509e-05  2.0072e-03
   77    193  1.3208e-05  2.5491e-03
   78    192  6.0470e-14  1.1610e-11
   78    194  3.3288e-05  6.4578e-03
   78    195  2.8883e-05  5.6322e-03
   78    196  4.6472e-05  9.1085e-03
   78    198  7.5411e-05  1.4931e-02
   79    197  4.4894e-05  8.8442e-03
   80    198  1.4164e-12  2.8045e-10
   80    199  4.0738e-05  8.1069e-03
   80    200  3.1027e-05  6.2055e-03
   80    201  4.8556e-06  9.7598e-04
   80    202  8.4050e-07  1.6978e-04
   80    204  1.1059e-06  2.2560e-04
   80    206  1.9272e-16  3.9700e-14
   81    203  6.7628e-07  1.3729e-04
   81    205  2.0830e-07  4.2702e-05
   81    207  2.1670e-19  4.4858e-17
   82    204  1.6461e-16  3.3580e-14
   82    206  2.0456e-05  4.2139e-03
   82    207  2.2029e-05  4.5600e-03
   82    208  1.5416e-05  3.2065e-03
   82    210  7.1717e-14  1.5061e-11
   82    211  1.6489e-18  3.4791e-16
   82    212  2.2704e-18  4.8132e-16
   82    214  1.6469e-19  3.5243e-17
   83    209  3.1970e-05  6.6817e-03
   83    210  4.4300e-17  9.3030e-15
   83    211  9.7563e-20  2.0586e-17
   83    212  2.1525e-19  4.5633e-17
   83    214  1.2175e-19  2.6054e-17
   84    210  1.2231e-15  2.5686e-13
   84    218  1.9017e-20  4.1458e-18
   86    222  3.3764e-17  7.4955e-15
   87    223  1.3843e-20  3.0870e-18
   88    223  7.5068e-16  1.6740e-13
   88    224  1.8615e-17  4.1697e-15
   88    226  5.1664e-12  1.1676e-09
   88    228  1.0730e-14  2.4463e-12
   89    227  5.2203e-13  1.1850e-10
   89    228  1.3102e-18  2.9872e-16
   90    227  1.2065e-15  2.7388e-13
   90    228  3.5748e-15  8.1504e-13
   90    230  2.4349e-10  5.6003e-08
   90    231  6.9828e-17  1.6130e-14
   90    232  2.6202e-05  6.0788e-03
   90    234  2.1279e-16  4.9793e-14
   91    231  7.8264e-10  1.8079e-07
   91    234  2.4655e-18  5.7694e-16
   92    234  7.9287e-10  1.8553e-07
   92    235  1.6868e-05  3.9640e-03
   92    236  8.1740e-08  1.9291e-05
   92    238  1.4424e-05  3.4329e-03
   92    240  3.9661e-18  9.5187e-16
   93    240  2.8964e-19  6.9514e-17
   94    239  6.5904e-17  1.5751e-14
   94    240  1.6181e-11  3.8835e-09
   94    244  1.9696e-07  4.8059e-05
   95    243  2.0147e-17  4.8957e-15
   96    244  5.3458e-17  1.3044e-14
   96    247  4.2522e-14  1.0503e-11
   97    246  2.7217e-09  6.6954e-07
  100    258  6.6581e-06  1.7178e-03
  100    260  7.8177e-06  2.0326e-03
  100    262  8.0719e-06  2.1148e-03
  102    260  4.9218e-17  1.2797e-14
  102    261  6.2624e-06  1.6345e-03
  102    263  6.9184e-06  1.8195e-03
  102    264  1.4684e-05  3.8765e-03
  102    266  2.0601e-05  5.4799e-03
  103    265  1.2592e-05  3.3370e-03
  104    267  1.8482e-05  4.9346e-03
  104    268  1.3871e-05  3.7174e-03
  104    270  4.6819e-05  1.2641e-02
  104    272  2.6040e-05  7.0830e-03
  104    274  4.9059e-05  1.3442e-02
  105    269  4.3253e-05  1.1635e-02
  105    271  2.8269e-05  7.6609e-03
  106    273  3.0348e-05  8.2849e-03
  106    275  1.8743e-05  5.1542e-03
  106    276  2.4717e-05  6.8219e-03
  106    278  5.4391e-06  1.5121e-03
  106    280  1.9532e-07  5.4689e-05
  107    277  3.9407e-06  1.0916e-03
  108    279  1.3707e-06  3.8244e-04
  108    281  4.3241e-08  1.2151e-05
  108    282  2.3331e-08  6.5792e-06
  108    283  8.2856e-11  2.3448e-08
  108    284  2.3097e-10  6.5596e-08
  108    286  3.3369e-10  9.5436e-08
  110    285  1.2957e-11  3.6929e-09
  110    287  5.0779e-10  1.4574e-07
  110    288  1.2155e-10  3.5006e-08
  110    290  5.6461e-10  1.6374e-07
  111    289  1.1746e-10  3.3946e-08
  111    291  1.5957e-17  4.6436e-15
  111    292  2.3533e-09  6.8716e-07
  111    293  7.3493e-10  2.1533e-07
  111    294  1.7389e-09  5.1123e-07
  111    295  3.9853e-10  1.1757e-07
  111    296  1.0538e-10  3.1191e-08
  111    297  7.3622e-11  2.1866e-08
  111    298  1.7326e-12  5.1633e-10
  111    299  1.7337e-14  5.1836e-12
  111    300  2.0135e-13  6.0404e-11
  111    301  5.9854e-09  1.8016e-06
  111    302  3.6110e-09  1.0905e-06
  111    303  2.5676e-09  7.7799e-07
  111    304  5.2153e-09  1.5855e-06
  111    305  6.1195e-09  1.8665e-06
  111    306  2.0041e-08  6.1326e-06
  111    307  9.7663e-09  2.9983e-06
  111    308  1.2993e-08  4.0018e-06
  111    309  1.5653e-08  4.8368e-06
  111    310  1.4290e-08  4.4298e-06
  111    311  1.5166e-08  4.7165e-06
  111    312  2.0875e-08  6.5129e-06
  111    313  1.7239e-08  5.3957e-06
  111    314  1.6191e-08  5.0840e-06
  111    315  1.8204e-08  5.7342e-06
  111    316  3.3684e-08  1.0644e-05
  111    317  2.2144e-08  7.0196e-06
  111    318  2.9394e-08  9.3474e-06
  111    319  2.8050e-08  8.9479e-06
  111    320  5.5831e-08  1.7866e-05
  111    321  1.9932e-08  6.3981e-06
  111    322  3.5594e-08  1.1461e-05
  111    323  4.3846e-08  1.4162e-05
  111    324  4.2291e-08  1.3702e-05
  111    325  3.4488e-08  1.1209e-05
  111    326  5.1445e-08  1.6771e-05
  111    327  4.2501e-08  1.3898e-05
  111    328  6.4468e-08  2.1146e-05
  111    329  1.0732e-07  3.5309e-05
  111    330  1.2156e-08  4.0114e-06
  111    331  7.4122e-08  2.4534e-05
  111    332  6.5360e-08  2.1700e-05
  111    333  1.4837e-08  4.9407e-06
  111    334  3.2006e-09  1.0690e-06
  111    335  5.4316e-09  1.8196e-06
  111    336  1.0400e-09  3.4944e-07
  111    337  3.0029e-08  1.0120e-05
    1      1  3.5151e-08  3.5151e-08
    2      4  1.9346e-01  7.7383e-01


