1  1.4969e-08
2  1.8025e-08
3  1.7469e-09
4  2.0797e-01
5  0.0000e+00
6  4.2808e-11
7  2.7637e-09
8  6.2307e-08
9  3.1454e-08
10  4.2280e-07
11  1.6168e-09
12  1.1842e-08
13  4.2327e-08
14  5.8416e-08
15  1.4536e-05
16  6.9129e-07
17  2.9546e-08
18  1.4040e-07
19  1.0942e-06
20  1.6506e-06
21  1.0424e-06
22  1.1209e-08
23  8.8961e-07
24  3.2342e-07
25  2.6847e-07
26  9.9789e-08
27  1.2330e-07
28  1.9340e-07
29  6.4101e-08
30  5.5068e-08
31  2.5902e-08
32  7.9304e-08
33  2.5163e-07
34  2.0166e-07
35  1.1304e-08
36  1.3458e-08
37  3.6661e-09
38  1.7052e-08
39  1.5258e-08
40  3.9848e-09
41  1.7489e-08
42  5.3995e-08
43  1.0218e-08
44  1.9203e-08
45  1.7435e-08
46  3.3052e-09
47  5.5064e-09
48  9.2360e-09
49  5.0024e-09
50  4.1451e-09
51  4.4190e-09
52  1.3502e-08
53  1.4190e-08
54  5.4008e-09
55  1.3281e-09
56  1.1255e-08
57  2.4338e-08
58  6.8045e-10
59  9.2532e-10
60  1.9548e-09
61  2.3168e-09
62  1.9492e-09
63  2.2785e-08
64  6.0966e-09
65  8.4239e-09
66  1.6745e-08
67  3.0440e-08
68  7.6775e-09
69  3.7811e-09
70  1.6838e-08
71  4.7650e-09
72  1.8102e-08
73  1.2353e-08
74  3.3460e-08
75  5.9479e-08
76  5.0044e-08
77  7.3601e-08
78  5.5055e-08
79  3.5991e-08
80  1.6192e-07
81  7.6459e-08
82  8.1851e-08
83  8.7446e-08
84  2.5008e-08
85  2.0848e-08
86  3.1927e-08
87  3.8427e-08
88  3.8976e-08
89  3.1307e-08
90  4.2910e-08
91  2.1704e-08
92  1.7444e-08
93  1.5362e-08
94  4.7920e-08
95  2.9258e-08
96  1.6081e-08
97  2.6537e-08
98  5.3175e-09
99  7.9978e-09
100  1.0804e-08
101  1.0271e-08
102  8.2587e-09
103  8.5887e-09
104  4.8489e-09
105  3.7887e-09
106  1.1888e-08
107  9.9730e-09
108  5.9636e-08
109  6.8541e-07
110  1.6801e-06
111  2.7559e-07
112  1.4126e-06
113  9.8458e-07
114  1.1124e-06
115  1.3158e-06
116  8.6758e-08
117  2.1392e-07
118  8.9596e-08
119  6.1382e-08
120  2.7050e-07
121  1.7403e-07
122  2.1323e-07
123  1.7057e-07
124  3.6476e-07
125  3.6895e-07
126  7.0786e-07
127  9.3878e-07
128  1.3918e-06
129  1.6564e-06
130  7.8185e-07
131  4.2646e-07
132  3.5791e-07
133  2.4648e-07
134  2.6209e-07
135  1.8413e-07
136  3.3079e-07
137  3.2240e-07
138  3.1930e-07
139  1.1775e-07
140  1.7907e-07
141  2.7933e-07
142  1.4023e-07
143  1.1543e-07
144  1.6318e-07
145  6.3977e-08
146  1.2720e-07
147  1.6905e-07
148  7.7639e-08
149  2.3002e-08
150  4.2161e-08
151  1.4337e-08
152  6.2358e-08
153  4.2571e-08
154  4.9172e-08
155  1.5509e-07
156  1.8721e-08
157  5.3402e-08
158  1.0424e-07
159  9.1230e-10
160  1.7000e-08
161  3.5830e-08
162  2.1208e-08
163  2.4314e-08
164  3.5260e-08
165  2.6155e-08
166  7.4668e-08
167  1.1598e-07
168  7.6586e-08
169  4.1678e-07
170  8.2971e-08
171  1.5864e-07
172  8.4115e-08
173  5.5792e-08
174  1.8777e-07
175  5.2812e-08
176  1.1061e-07
177  5.0708e-07
178  2.6077e-07
179  1.4197e-07
180  2.3819e-07
181  2.9416e-07
182  4.0089e-07
183  3.2944e-07
184  2.9795e-07
185  1.3302e-07
186  1.7512e-07
187  1.9703e-07
188  2.4115e-07
189  1.0815e-07
190  8.6785e-08
191  1.6839e-07
192  2.8281e-07
193  1.5337e-07
194  6.6885e-07
195  9.9998e-07
196  2.5990e-06
197  4.9371e-06
198  6.2827e-06
199  3.2932e-06
200  8.5502e-06
201  2.5334e-06
202  1.9216e-06
203  5.2548e-07
204  2.0472e-07
205  1.6701e-07
206  5.1278e-06
207  6.7693e-06
208  2.9308e-06
209  1.2055e-05
210  1.0141e-12
211  3.3126e-18
212  2.6026e-18
213  5.5797e-44
214  5.3109e-19
215  9.1322e-25
216  3.0155e-24
217  3.1098e-94
218  9.1274e-21
219  1.2818e-21
220  1.1563e-21
221  -3.1847e-320
222  1.6203e-17
223  3.1979e-16
224  6.5304e-18
225  3.3628e-40
226  2.4793e-12
227  2.2289e-13
228  2.1001e-11
229  1.2543e-29
230  1.1685e-10
231  3.3340e-10
232  9.1921e-06
233  7.4960e-26
234  3.8049e-10
235  7.1856e-06
236  3.4571e-08
237  1.9014e-318
238  6.9219e-06
239  3.8163e-17
240  6.8439e-12
241  0.0000e+00
242  4.2721e-117
243  1.1666e-17
244  8.3307e-08
245  0.0000e+00
246  1.3197e-09
247  2.4623e-14
248  2.8308e-116
249  0.0000e+00
250  0.0000e+00
251  3.0616e-314
252  0.0000e+00
253  0.0000e+00
254  0.0000e+00
255  0.0000e+00
256  0.0000e+00
257  5.1277e-26
258  2.3289e-06
259  5.2213e-26
260  2.7257e-06
261  2.5286e-06
262  2.4295e-06
263  2.4735e-06
264  3.1978e-06
265  2.8091e-06
266  3.7101e-06
267  2.0075e-06
268  1.7177e-06
269  4.1597e-06
270  4.4011e-06
271  4.1679e-06
272  1.0161e-05
273  1.5769e-05
274  1.8693e-05
275  2.6712e-05
276  4.6346e-05
277  1.4833e-05
278  3.0331e-05
279  1.8646e-05
280  8.4727e-06
281  2.4824e-06
282  1.4823e-06
283  5.9803e-07
284  9.0952e-07
285  1.1513e-06
286  1.6350e-06
287  1.9847e-06
288  2.3979e-06
289  1.5019e-06
290  1.9721e-06
291  9.1561e-07
292  7.9983e-06
293  4.3572e-06
294  9.8270e-06
295  5.7865e-06
296  5.0957e-06
297  2.8873e-06
298  4.4298e-06
299  6.9194e-07
300  4.2518e-07
301  2.1503e-05
302  1.4189e-05
303  1.4238e-05
304  1.4586e-05
305  9.3786e-06
306  1.3487e-05
307  7.4663e-06
308  5.7071e-06
309  7.1215e-06
310  6.1334e-06
311  5.4269e-06
312  4.7225e-06
313  3.2828e-06
314  3.2222e-06
315  4.5768e-06
316  3.2909e-06
317  3.3843e-06
318  5.1712e-06
319  3.8274e-06
320  4.8653e-06
321  2.6124e-06
322  3.6033e-06
323  6.0989e-06
324  5.1764e-06
325  1.7421e-06
326  3.6158e-06
327  5.0594e-06
328  4.9961e-06
329  5.6590e-06
330  1.1462e-06
331  4.7002e-06
332  4.5609e-06
333  9.0669e-07
334  7.0922e-07
335  4.1310e-07
336  2.9618e-06
337  3.9197e-06

