1  8.5263e-10
2  1.6590e-09
3  7.3516e-11
4  1.8001e-01
5  0.0000e+00
6  4.6967e-12
7  1.4370e-10
8  5.5217e-11
9  7.0528e-12
10  1.3736e-11
11  1.2445e-10
12  2.4208e-09
13  2.0778e-08
14  5.5289e-07
15  2.4176e-06
16  1.2564e-07
17  1.3808e-09
18  1.8739e-08
19  5.2234e-07
20  7.1739e-07
21  3.3890e-07
22  5.0372e-09
23  5.3246e-07
24  1.6814e-07
25  1.5635e-07
26  3.0058e-08
27  4.5095e-07
28  1.3341e-06
29  1.3813e-07
30  6.5327e-08
31  1.2426e-07
32  1.5417e-07
33  1.8772e-06
34  1.4455e-06
35  2.2324e-08
36  2.4125e-08
37  1.1001e-07
38  2.6526e-07
39  4.6692e-07
40  7.7703e-07
41  4.6295e-08
42  1.4046e-06
43  7.1971e-07
44  9.5797e-08
45  1.9927e-07
46  1.9493e-07
47  2.8628e-07
48  6.0671e-07
49  6.4652e-07
50  6.7048e-07
51  1.0127e-07
52  3.1124e-07
53  2.3837e-07
54  1.4361e-07
55  2.2962e-07
56  7.1551e-07
57  9.1486e-07
58  4.7147e-08
59  5.4557e-08
60  1.2700e-07
61  1.7957e-07
62  1.2731e-07
63  3.9801e-07
64  2.1049e-07
65  1.4419e-07
66  3.4578e-07
67  1.2899e-07
68  1.8532e-07
69  2.4566e-07
70  6.7383e-07
71  1.0754e-07
72  3.3457e-07
73  3.2795e-07
74  1.1609e-06
75  2.6545e-06
76  4.0712e-06
77  4.6026e-06
78  6.0533e-06
79  8.8857e-06
80  1.3662e-05
81  6.1542e-06
82  5.4346e-06
83  4.4205e-06
84  3.1578e-06
85  3.2997e-06
86  6.5826e-06
87  7.1062e-06
88  7.3235e-06
89  1.0679e-06
90  2.8753e-06
91  2.3020e-06
92  3.2499e-06
93  2.2651e-06
94  6.0838e-06
95  1.7523e-06
96  3.8228e-06
97  4.1854e-06
98  1.2165e-06
99  1.6816e-06
100  2.3471e-06
101  2.9975e-06
102  2.2223e-06
103  2.0775e-06
104  1.7201e-06
105  1.9481e-06
106  5.2670e-06
107  5.5133e-06
108  1.1419e-05
109  4.7383e-05
110  8.2662e-05
111  1.3131e-05
112  4.9586e-05
113  2.9656e-05
114  3.3712e-05
115  3.1017e-05
116  5.0759e-06
117  4.9456e-06
118  2.2416e-06
119  1.3770e-06
120  5.7862e-06
121  1.9720e-06
122  2.1323e-06
123  2.6560e-06
124  1.5286e-05
125  2.3463e-05
126  7.1374e-05
127  8.6929e-05
128  1.4683e-04
129  2.3781e-04
130  1.3409e-04
131  4.0267e-05
132  4.1608e-05
133  3.8325e-05
134  4.6497e-05
135  3.2427e-05
136  3.3040e-05
137  4.6143e-05
138  4.8383e-05
139  4.3931e-05
140  8.4063e-05
141  6.1917e-05
142  1.7301e-05
143  1.2980e-05
144  1.7899e-05
145  9.3824e-07
146  9.1539e-07
147  1.6137e-06
148  4.5092e-06
149  4.3463e-06
150  2.7762e-05
151  2.3715e-05
152  2.1097e-05
153  1.0326e-05
154  1.1995e-05
155  7.2280e-06
156  1.4002e-05
157  1.0267e-05
158  1.5529e-05
159  4.9712e-06
160  1.3665e-05
161  7.5684e-06
162  1.3139e-05
163  8.7824e-06
164  2.1166e-05
165  1.0843e-05
166  1.7792e-05
167  7.7308e-06
168  8.3516e-06
169  1.0817e-05
170  6.4948e-06
171  5.9843e-06
172  5.9570e-06
173  5.7302e-06
174  9.0495e-06
175  6.7051e-06
176  7.3222e-06
177  7.5372e-06
178  5.0135e-06
179  3.2333e-06
180  2.9109e-06
181  2.1489e-06
182  1.2626e-06
183  5.6291e-07
184  5.0616e-07
185  3.0324e-07
186  6.1948e-07
187  3.6357e-07
188  7.9907e-07
189  1.0918e-06
190  2.2667e-06
191  2.5979e-06
192  3.1476e-06
193  3.4759e-06
194  4.0163e-06
195  3.3558e-06
196  1.7488e-06
197  7.0407e-07
198  1.7194e-07
199  3.3424e-08
200  6.5787e-09
201  4.5885e-10
202  1.5345e-10
203  5.5714e-11
204  4.5932e-11
205  5.1830e-11
206  3.1458e-10
207  3.3062e-10
208  3.9029e-10
209  2.8234e-10
210  3.9923e-15
211  4.6748e-14
212  1.9194e-35
213  0.0000e+00
214  3.3571e-15
215  1.0296e-48
216  8.8330e-15
217  0.0000e+00
218  2.2002e-19
219  1.6025e-14
220  1.1511e-27
221  -8.4930e-321
222  1.2521e-24
223  3.7109e-23
224  3.1381e-24
225  3.1515e-40
226  1.9160e-19
227  2.5865e-20
228  1.0092e-17
229  1.3392e-29
230  9.0298e-18
231  3.8688e-17
232  4.4172e-12
233  4.1368e-27
234  2.9404e-17
235  8.3382e-13
236  1.1084e-15
237  -1.6430e-318
238  5.3491e-13
239  3.3054e-25
240  6.0856e-16
241  0.0000e+00
242  2.1032e-147
243  1.0105e-25
244  3.5987e-15
245  0.0000e+00
246  5.8914e-17
247  2.1327e-22
248  1.5569e-146
249  0.0000e+00
250  0.0000e+00
251  -7.8414e-314
252  0.0000e+00
253  0.0000e+00
254  0.0000e+00
255  0.0000e+00
256  0.0000e+00
257  6.8548e-26
258  6.7031e-15
259  8.4773e-26
260  3.7925e-15
261  1.8905e-15
262  1.3890e-15
263  8.2065e-16
264  6.7201e-16
265  3.2999e-16
266  2.9525e-16
267  1.1096e-16
268  5.8120e-17
269  6.4606e-17
270  4.2908e-17
271  2.5040e-17
272  1.6128e-17
273  7.8406e-18
274  3.2221e-18
275  1.2534e-18
276  8.4146e-19
277  1.1549e-19
278  8.4278e-20
279  1.7888e-20
280  3.5670e-21
281  4.8591e-22
282  1.5097e-22
283  2.8555e-23
284  2.2476e-23
285  1.5899e-23
286  1.3818e-23
287  8.4489e-24
288  6.0794e-24
289  2.2431e-24
290  9.4135e-25
291  2.9887e-25
292  3.0164e-25
293  0.0000e+00
294  0.0000e+00
295  0.0000e+00
296  0.0000e+00
297  0.0000e+00
298  0.0000e+00
299  0.0000e+00
300  0.0000e+00
301  0.0000e+00
302  0.0000e+00
303  0.0000e+00
304  0.0000e+00
305  0.0000e+00
306  0.0000e+00
307  0.0000e+00
308  0.0000e+00
309  0.0000e+00
310  0.0000e+00
311  0.0000e+00
312  0.0000e+00
313  0.0000e+00
314  0.0000e+00
315  0.0000e+00
316  0.0000e+00
317  0.0000e+00
318  0.0000e+00
319  0.0000e+00
320  0.0000e+00
321  0.0000e+00
322  0.0000e+00
323  0.0000e+00
324  0.0000e+00
325  0.0000e+00
326  0.0000e+00
327  0.0000e+00
328  0.0000e+00
329  0.0000e+00
330  0.0000e+00
331  0.0000e+00
332  0.0000e+00
333  0.0000e+00
334  0.0000e+00
335  0.0000e+00
336  0.0000e+00
337  0.0000e+00

