1  1.2140e-02
2  2.1100e-01
3  2.5486e-10
4  2.2884e-07
5  1.5403e-08
6  2.1983e-08
7  3.0042e-06
8  5.8895e-06
9  6.3279e-08
10  4.7515e-06
11  1.1366e-06
12  4.0032e-06
13  1.1795e-08
14  4.5740e-07
15  1.2073e-08
16  7.9429e-07
17  4.8964e-08
18  1.1077e-07
19  2.8663e-09
20  1.9413e-09
21  1.6679e-10
22  9.0138e-09
23  6.8449e-11
24  2.5450e-10
25  1.9991e-11
26  3.1906e-10
27  2.7870e-12
28  1.2151e-09
29  4.6802e-11
30  1.2497e-10
31  1.2756e-11
32  3.2879e-10
33  3.3445e-11
34  8.2199e-10
35  8.6983e-11
36  2.2660e-10
37  1.2695e-10
38  6.7750e-11
39  4.9496e-11
40  1.1761e-10
41  3.0904e-11
42  2.0492e-10
43  1.9131e-36
44  4.1560e-11
45  4.9310e-12
46  5.4911e-11
47  8.3834e-12
48  5.4645e-11
49  1.2436e-11
50  1.4804e-10
51  9.6074e-12
52  4.4612e-10
53  4.9941e-12
54  8.0927e-09
55  2.7857e-09
56  1.7282e-09
57  6.2763e-11
58  1.2409e-10
59  7.7683e-12
60  4.7445e-11
61  5.2919e-92
62  9.7614e-12
63  1.5996e-12
64  2.7379e-12
65  8.9480e-14
66  4.8768e-13
67  1.7596e-13
68  7.7416e-13
69  4.7622e-13
70  8.9309e-13
71  1.0015e-13
72  4.9402e-13
73  8.8377e-13
74  6.0522e-13
75  8.8387e-14
76  1.4282e-12
77  3.7998e-13
78  1.9296e-12
79  5.4848e-13
80  1.5836e-12
81  1.1931e-12
82  -6.0698e-10
83  1.4189e-11
84  1.3592e-15
85  1.9512e-41
86  1.9387e-14
87  4.7067e-28
88  1.7854e-18
89  1.7749e-20
90  7.4146e-13
91  2.6609e-17
92  8.3209e-13
93  1.1569e-26
94  7.7903e-15
95  1.3059e-22
96  2.7563e-19
97  5.7828e-17
98  1.8595e-271
99  3.8043e-322
100  3.7398e-11
101  3.5907e-173
102  8.8748e-11
103  2.9876e-11
104  5.8486e-12
105  3.5673e-12
106  2.2501e-11
107  1.3796e-12
108  1.9192e-08
109  -3.6193e-319
110  1.9021e-08
111  4.2483e-04
112  0.0000e+00
113  0.0000e+00
114  0.0000e+00
115  0.0000e+00
116  0.0000e+00
117  0.0000e+00
118  0.0000e+00

