    1      2  5.5352e-04  1.1070e-03
    1      3  1.6476e-20  4.9427e-20
    2      3  8.4172e-06  2.5252e-05
    3      7  1.5504e-10  1.0853e-09
    4      8  2.5515e-07  2.0412e-06
    4      9  2.1803e-10  1.9623e-09
    5     10  3.2048e-09  3.2048e-08
    5     11  6.6094e-09  7.2704e-08
    6     12  4.7676e-09  5.7211e-08
    6     13  9.2931e-09  1.2081e-07
    7     14  1.4504e-06  2.0305e-05
    7     15  1.2726e-06  1.9090e-05
    8     16  3.7907e-06  6.0652e-05
    8     17  4.0624e-08  6.9060e-07
    8     18  1.1236e-06  2.0225e-05
    9     19  6.4824e-08  1.2317e-06
   10     20  1.9777e-06  3.9555e-05
   10     21  7.6040e-08  1.5968e-06
   10     22  2.4692e-06  5.4323e-05
   11     23  1.1102e-06  2.5534e-05
   12     24  2.6528e-06  6.3668e-05
   12     25  9.5303e-07  2.3826e-05
   12     26  1.2679e-06  3.2966e-05
   13     27  1.3732e-08  3.7077e-07
   14     28  4.7933e-07  1.3421e-05
   14     29  4.0769e-08  1.1823e-06
   14     30  7.6945e-09  2.3084e-07
   15     31  1.4053e-08  4.3564e-07
   16     32  2.0682e-07  6.6183e-06
   16     33  1.8323e-08  6.0467e-07
   16     34  1.7983e-07  6.1144e-06
   16     36  5.4251e-07  1.9530e-05
   17     35  2.3072e-08  8.0751e-07
   17     37  3.0373e-08  1.1238e-06
   18     36  8.9319e-14  3.2155e-12
   18     38  1.4159e-07  5.3803e-06
   18     40  6.0211e-10  2.4084e-08
   19     39  3.7666e-09  1.4690e-07
   19     40  6.2597e-19  2.5039e-17
   19     41  6.5502e-11  2.6856e-09
   20     40  1.8062e-19  7.2248e-18
   20     42  5.9214e-10  2.4870e-08
   20     43  9.1224e-11  3.9226e-09
   20     44  1.1703e-09  5.1491e-08
   20     46  6.3282e-10  2.9110e-08
   21     45  2.1857e-10  9.8357e-09
   22     46  2.4148e-17  1.1108e-15
   22     47  2.4012e-10  1.1286e-08
   22     48  1.1112e-08  5.3339e-07
   22     49  3.6239e-10  1.7757e-08
   22     50  4.1227e-10  2.0613e-08
   23     51  8.3930e-11  4.2804e-09
   24     52  1.4464e-10  7.5214e-09
   24     53  7.4274e-11  3.9365e-09
   24     54  9.8868e-11  5.3389e-09
   25     55  2.5541e-11  1.4048e-09
   26     56  5.3018e-11  2.9690e-09
   26     57  4.9144e-11  2.8012e-09
   26     58  3.1373e-10  1.8196e-08
   27     59  3.5232e-12  2.0787e-10
   28     60  1.0379e-09  6.2272e-08
   28     61  2.9755e-12  1.8150e-10
   28     62  2.4271e-11  1.5048e-09
   28     64  6.1010e-10  3.9047e-08
   29     63  6.1024e-11  3.8445e-09
   29     65  3.2163e-12  2.0906e-10
   30     64  9.6507e-20  6.1764e-18
   30     66  3.5854e-11  2.3663e-09
   30     67  4.6034e-12  3.0843e-10
   30     68  4.9525e-11  3.3677e-09
   30     70  6.8744e-11  4.8121e-09
   31     69  5.8914e-12  4.0651e-10
   31     71  9.1032e-12  6.4633e-10
   32     70  4.2938e-14  3.0056e-12
   32     72  5.6883e-11  4.0956e-09
   32     73  1.5662e-11  1.1433e-09
   32     74  1.3755e-10  1.0179e-08
   32     76  1.9492e-10  1.4814e-08
   33     75  4.0826e-11  3.0619e-09
   34     76  3.0510e-13  2.3188e-11
   34     77  6.7596e-12  5.2049e-10
   34     78  1.7700e-10  1.3806e-08
   34     80  5.0164e-10  4.0131e-08
   34     82  4.1821e-10  3.4294e-08
   35     79  5.6880e-11  4.4935e-09
   35     81  5.3499e-11  4.3334e-09
   36     82  1.4995e-12  1.2296e-10
   36     83  1.4465e-11  1.2006e-09
   36     84  5.8425e-11  4.9077e-09
   36     86  2.5202e-10  2.1674e-08
   37     85  8.0821e-11  6.8698e-09
   37     87  9.1295e-11  7.9427e-09
   38     86  4.4895e-18  3.8609e-16
   38     87  6.6842e-13  5.8153e-11
   38     88  9.5657e-11  8.4178e-09
   39     89  7.6869e-11  6.8414e-09
   40     90  6.4228e-11  5.7805e-09
   40     91  1.9174e-11  1.7449e-09
   40     92  4.4840e-11  4.1253e-09
   40     94  5.2886e-11  4.9713e-09
   41     93  4.8494e-11  4.5100e-09
   42     95  2.1072e-11  2.0019e-09
   42     96  1.5796e-10  1.5164e-08
   42     97  2.5957e-11  2.5178e-09
   42     98  5.4913e-11  5.3814e-09
   42    100  4.5232e-11  4.5232e-09
   44     99  1.5468e-11  1.5313e-09
   44    100  4.0153e-12  4.0153e-10
   44    101  6.7475e-12  6.8150e-10
   44    102  1.8240e-11  1.8605e-09
   44    104  1.6655e-11  1.7321e-09
   45    103  7.2858e-12  7.5044e-10
   46    104  7.8685e-17  8.1832e-15
   46    105  8.7092e-12  9.1447e-10
   46    106  1.6165e-11  1.7135e-09
   46    108  2.2561e-11  2.4366e-09
   46    110  3.2729e-11  3.6002e-09
   47    107  6.3426e-12  6.7866e-10
   47    109  5.8860e-12  6.4157e-10
   48    110  2.9922e-14  3.2915e-12
   48    111  5.3206e-12  5.9058e-10
   48    112  1.3225e-11  1.4812e-09
   48    113  8.9182e-12  1.0078e-09
   48    114  3.0757e-11  3.5063e-09
   48    116  2.2144e-11  2.5687e-09
   49    113  3.9250e-19  4.4352e-17
   49    115  1.8502e-11  2.1277e-09
   50    115  1.4763e-17  1.6977e-15
   50    116  3.9282e-13  4.5567e-11
   50    117  3.7708e-12  4.4118e-10
   50    118  2.4991e-11  2.9490e-09
   50    119  9.0680e-12  1.0791e-09
   50    120  4.4324e-11  5.3189e-09
   50    122  7.3806e-11  9.0043e-09
   50    124  7.0121e-11  8.6951e-09
   51    121  1.2147e-11  1.4698e-09
   51    123  2.5545e-12  3.1420e-10
   52    122  1.6923e-14  2.0645e-12
   52    124  2.0506e-15  2.5428e-13
   52    125  2.2630e-11  2.8287e-09
   52    126  1.4062e-10  1.7718e-08
   52    128  1.2097e-10  1.5484e-08
   52    130  3.0193e-10  3.9251e-08
   53    127  7.5510e-12  9.5898e-10
   53    129  2.5165e-18  3.2462e-16
   54    128  8.2197e-16  1.0521e-13
   54    129  5.1137e-11  6.5966e-09
   54    130  1.5130e-13  1.9669e-11
   54    131  7.9021e-10  1.0352e-07
   54    132  2.9054e-09  3.8351e-07
   54    134  6.1148e-09  8.1938e-07
   54    136  1.2410e-09  1.6878e-07
   55    133  3.3735e-09  4.4868e-07
   56    134  5.5897e-14  7.4902e-12
   56    135  2.4370e-09  3.2900e-07
   56    136  2.3335e-12  3.1736e-10
   56    137  4.1226e-11  5.6480e-09
   56    138  1.1606e-10  1.6017e-08
   57    139  9.6302e-11  1.3386e-08
   58    140  1.9838e-10  2.7773e-08
   58    142  7.1801e-12  1.0196e-09
   59    141  1.3338e-11  1.8806e-09
   60    142  4.5922e-17  6.5210e-15
   60    143  1.0787e-11  1.5426e-09
   60    144  3.0971e-11  4.4598e-09
   60    145  2.8482e-12  4.1299e-10
   60    146  7.5717e-12  1.1055e-09
   60    148  1.1522e-11  1.7053e-09
   60    150  1.5092e-11  2.2639e-09
   62    147  8.5910e-12  1.2629e-09
   62    148  3.7855e-13  5.6026e-11
   62    149  7.5089e-13  1.1188e-10
   62    150  6.6355e-14  9.9533e-12
   62    152  3.6418e-12  5.5355e-10
   62    154  3.0151e-12  4.6432e-10
   63    151  8.9268e-13  1.3479e-10
   63    153  1.8070e-12  2.7647e-10
   64    154  1.4040e-15  2.1621e-13
   64    155  4.5072e-13  6.9862e-11
   64    156  1.5263e-12  2.3810e-10
   64    157  3.9008e-13  6.1242e-11
   64    158  6.7442e-13  1.0656e-10
   64    160  1.5931e-12  2.5489e-10
   65    159  1.4847e-13  2.3606e-11
   66    160  3.2031e-17  5.1249e-15
   66    161  1.1263e-13  1.8134e-11
   66    162  3.1297e-13  5.0701e-11
   66    163  1.3221e-13  2.1550e-11
   66    164  2.7284e-13  4.4745e-11
   67    165  2.9257e-13  4.8274e-11
   68    166  4.4030e-13  7.3089e-11
   68    167  2.9882e-13  4.9902e-11
   68    168  2.7696e-13  4.6529e-11
   68    170  3.6665e-13  6.2330e-11
   69    169  8.3604e-13  1.4129e-10
   70    170  9.8084e-17  1.6674e-14
   70    171  2.9781e-13  5.0925e-11
   70    172  1.4080e-13  2.4218e-11
   70    173  9.5239e-14  1.6476e-11
   70    174  6.9418e-13  1.2079e-10
   70    176  3.6056e-13  6.3459e-11
   71    175  1.8053e-13  3.1593e-11
   71    176  1.8755e-17  3.3008e-15
   72    176  1.7559e-19  3.0904e-17
   72    177  2.3019e-13  4.0744e-11
   72    178  1.9625e-13  3.4932e-11
   72    179  1.7601e-13  3.1506e-11
   72    180  2.8182e-13  5.0728e-11
   73    181  1.6704e-12  3.0235e-10
   74    182  8.8132e-13  1.6040e-10
   74    183  1.5524e-13  2.8409e-11
   74    184  6.4326e-14  1.1836e-11
   74    186  5.3273e-14  9.9088e-12
   75    185  3.6324e-14  6.7200e-12
   75    187  1.1984e-13  2.2410e-11
   76    186  7.0744e-20  1.3158e-17
   76    187  9.7392e-16  1.8212e-13
   76    188  5.2494e-14  9.8689e-12
   76    189  2.5818e-13  4.8797e-11
   76    190  1.9655e-13  3.7344e-11
   76    192  2.1274e-12  4.0847e-10
   77    191  4.7882e-13  9.1456e-11
   77    193  1.8438e-13  3.5585e-11
   78    192  1.2645e-17  2.4279e-15
   78    194  6.0306e-13  1.1699e-10
   78    195  4.7295e-13  9.2225e-11
   78    196  4.6821e-13  9.1769e-11
   78    198  2.0073e-12  3.9744e-10
   79    197  9.3739e-13  1.8467e-10
   80    198  1.8482e-16  3.6594e-14
   80    199  1.4659e-13  2.9172e-11
   80    200  3.7526e-13  7.5053e-11
   80    201  2.9167e-13  5.8626e-11
   80    202  4.8112e-13  9.7186e-11
   80    204  1.6380e-12  3.3415e-10
   81    203  6.7239e-13  1.3650e-10
   81    205  1.4923e-12  3.0592e-10
   81    208  3.3716e-15  7.0128e-13
   82    204  2.5435e-19  5.1887e-17
   82    206  5.2704e-12  1.0857e-09
   82    207  3.3367e-07  6.9069e-05
   82    210  5.7749e-15  1.2127e-12
   82    214  4.3094e-15  9.2222e-13
   83    209  2.4805e-11  5.1843e-09
   84    212  6.0145e-15  1.2751e-12
   84    215  6.3125e-14  1.3572e-11
   85    218  2.8244e-19  6.1571e-17
   88    226  1.5434e-19  3.4882e-17
   88    228  2.9138e-18  6.6434e-16
   89    227  3.0364e-20  6.8925e-18
   90    230  7.2741e-18  1.6730e-15
   90    232  1.2754e-12  2.9590e-10
   91    231  4.5521e-17  1.0515e-14
   92    234  2.3686e-17  5.5426e-15
   92    235  9.8111e-13  2.3056e-10
   92    236  4.4802e-15  1.0573e-12
   92    238  4.3091e-13  1.0256e-10
   94    240  8.8664e-19  2.1279e-16
   94    244  1.0792e-14  2.6333e-12
   96    247  5.4553e-20  1.3475e-17
   97    246  9.7023e-17  2.3868e-14
  100    258  2.5790e-12  6.6537e-10
  100    260  1.3038e-11  3.3898e-09
  100    262  5.2952e-11  1.3873e-08
  102    260  8.0265e-20  2.0869e-17
  102    261  3.9169e-11  1.0223e-08
  102    263  7.4548e-11  1.9606e-08
  102    264  2.7985e-11  7.3882e-09
  102    266  1.9681e-11  5.2351e-09
  103    265  5.3388e-11  1.4148e-08
  104    267  3.1981e-12  8.5390e-10
  104    268  1.0100e-12  2.7068e-10
  104    270  4.4768e-12  1.2087e-09
  104    272  1.1808e-12  3.2117e-10
  104    274  4.7350e-13  1.2974e-10
  105    269  4.2161e-12  1.1341e-09
  105    271  2.0981e-12  5.6859e-10
  106    273  1.6481e-12  4.4994e-10
  106    275  2.3455e-12  6.4503e-10
  106    276  7.2708e-12  2.0067e-09
  106    278  3.4273e-12  9.5280e-10
  106    280  2.4115e-11  6.7521e-09
  107    277  2.4066e-12  6.6664e-10
  108    279  1.5629e-11  4.3605e-09
  108    281  9.8745e-12  2.7747e-09
  108    282  5.7411e-11  1.6190e-08
  108    283  7.2899e-10  2.0631e-07
  108    284  6.7615e-09  1.9203e-06
  108    286  1.7135e-08  4.9006e-06
  110    285  1.5028e-08  4.2829e-06
  110    286  1.8103e-16  5.1773e-14
  110    287  5.7404e-09  1.6475e-06
  110    288  2.2268e-09  6.4132e-07
  110    290  1.2740e-09  3.6945e-07
  111    289  1.6086e-09  4.6490e-07
  111    290  2.1078e-14  6.1126e-12
  111    291  1.1372e-09  3.3091e-07
  111    292  1.9062e-09  5.5660e-07
  111    293  6.3326e-09  1.8554e-06
  111    294  1.8922e-08  5.5630e-06
  111    295  1.2797e-08  3.7751e-06
  111    296  1.4606e-08  4.3235e-06
  111    297  6.9414e-09  2.0616e-06
  111    298  1.4366e-08  4.2812e-06
  111    299  2.8824e-09  8.6185e-07
  111    300  3.6246e-09  1.0874e-06
  111    301  2.3898e-08  7.1933e-06
  111    302  4.5764e-08  1.3821e-05
  111    303  5.0126e-08  1.5188e-05
  111    304  7.2273e-08  2.1971e-05
  111    305  6.4882e-08  1.9789e-05
  111    306  7.7124e-08  2.3600e-05
  111    307  6.7645e-08  2.0767e-05
  111    308  7.8428e-08  2.4156e-05
  111    309  4.6883e-08  1.4487e-05
  111    310  6.0289e-08  1.8690e-05
  111    311  3.9657e-08  1.2333e-05
  111    312  4.8238e-08  1.5050e-05
  111    313  2.9522e-08  9.2404e-06
  111    314  4.2925e-08  1.3478e-05
  111    315  3.4945e-08  1.1008e-05
  111    316  4.3977e-08  1.3897e-05
  111    317  3.9716e-08  1.2590e-05
  111    318  6.8131e-08  2.1666e-05
  111    319  6.0900e-08  1.9427e-05
  111    320  6.8941e-08  2.2061e-05
  111    321  4.5174e-08  1.4501e-05
  111    322  6.0407e-08  1.9451e-05
  111    323  5.0513e-08  1.6316e-05
  111    324  6.2940e-08  2.0392e-05
  111    325  8.2707e-08  2.6880e-05
  111    326  7.3610e-08  2.3997e-05
  111    327  6.1142e-08  1.9993e-05
  111    328  4.7537e-08  1.5592e-05
  111    329  7.1236e-08  2.3437e-05
  111    330  5.5904e-08  1.8448e-05
  111    331  6.9036e-08  2.2851e-05
  111    332  4.8178e-08  1.5995e-05
  111    333  7.7106e-08  2.5676e-05
  111    334  5.0177e-08  1.6759e-05
  111    335  6.2771e-08  2.1028e-05
  111    336  3.6845e-08  1.2380e-05
  111    337  4.0641e-04  1.3696e-01
    1      1  1.5694e-02  1.5694e-02
    2      4  2.5960e-01  1.0384e+00


