    4      8  3.1092e-19  2.4874e-18
    6     12  4.4054e-14  5.2865e-13
    7     15  6.4997e-17  9.7495e-16
    8     16  2.2764e-13  3.6422e-12
    9     19  2.8166e-18  5.3515e-17
   10     20  4.8499e-15  9.6998e-14
   10     22  5.6837e-18  1.2504e-16
   11     23  3.2940e-17  7.5762e-16
   12     24  3.8169e-16  9.1606e-15
   12     25  2.2450e-17  5.6126e-16
   12     26  1.3927e-16  3.6210e-15
   13     26  2.1503e-18  5.5907e-17
   13     27  9.5482e-17  2.5780e-15
   14     28  9.2108e-17  2.5790e-15
   14     29  3.7041e-16  1.0742e-14
   14     30  1.0146e-15  3.0438e-14
   15     31  4.8390e-17  1.5001e-15
   16     32  2.2967e-16  7.3493e-15
   16     33  7.7646e-17  2.5623e-15
   16     34  7.5076e-16  2.5526e-14
   16     36  4.1270e-15  1.4857e-13
   17     35  1.2251e-16  4.2877e-15
   17     37  1.3706e-16  5.0712e-15
   18     36  2.3632e-18  8.5076e-17
   18     38  4.7361e-16  1.7997e-14
   18     40  1.8384e-15  7.3536e-14
   19     39  6.3258e-17  2.4671e-15
   19     40  1.0509e-19  4.2037e-18
   19     41  1.1467e-17  4.7014e-16
   20     40  3.0327e-20  1.2131e-18
   20     42  1.9190e-15  8.0596e-14
   20     43  4.0196e-17  1.7284e-15
   20     44  7.5988e-16  3.3435e-14
   20     46  1.1381e-11  5.2354e-10
   21     45  2.1759e-15  9.7917e-14
   22     46  1.8873e-18  8.6814e-17
   22     47  8.9761e-12  4.2188e-10
   22     48  1.8246e-08  8.7583e-07
   22     49  6.4215e-08  3.1466e-06
   22     50  1.1429e-05  5.7147e-04
   23     51  2.5993e-07  1.3256e-05
   24     50  4.8199e-18  2.4099e-16
   24     52  1.4191e-07  7.3791e-06
   24     53  1.2079e-06  6.4021e-05
   24     54  1.9585e-04  1.0576e-02
   25     55  3.0883e-06  1.6986e-04
   26     54  2.1394e-16  1.1553e-14
   26     56  3.7518e-06  2.1010e-04
   26     57  1.7419e-05  9.9286e-04
   26     58  8.8324e-04  5.1228e-02
   27     59  2.5039e-05  1.4773e-03
   28     58  2.4763e-17  1.4363e-15
   28     60  7.5513e-04  4.5308e-02
   28     61  1.0059e-04  6.1362e-03
   28     62  1.4129e-04  8.7603e-03
   28     64  1.0143e-02  6.4916e-01
   29     63  4.4497e-05  2.8033e-03
   29     65  4.6052e-05  2.9934e-03
   30     64  1.8011e-10  1.1527e-08
   30     66  1.9831e-03  1.3088e-01
   30     67  1.5216e-04  1.0195e-02
   30     68  3.0400e-05  2.0672e-03
   30     70  9.4210e-05  6.5947e-03
   31     69  3.3963e-06  2.3434e-04
   31     71  4.4943e-07  3.1910e-05
   32     70  1.5121e-10  1.0585e-08
   32     72  5.3622e-06  3.8608e-04
   32     73  1.7934e-06  1.3092e-04
   32     74  6.9446e-06  5.1390e-04
   32     76  5.9411e-05  4.5152e-03
   33     75  5.5578e-07  4.1684e-05
   34     74  2.9673e-15  2.1958e-13
   34     76  1.8089e-10  1.3748e-08
   34     77  6.9765e-07  5.3719e-05
   34     78  3.5367e-06  2.7586e-04
   34     80  9.7838e-06  7.8270e-04
   34     82  9.8760e-05  8.0984e-03
   35     79  2.5750e-06  2.0342e-04
   35     81  1.1805e-06  9.5624e-05
   36     80  9.3236e-14  7.4589e-12
   36     82  2.7334e-09  2.2414e-07
   36     83  5.0514e-06  4.1927e-04
   36     84  2.2682e-06  1.9053e-04
   36     86  5.0038e-04  4.3033e-02
   37     85  1.5970e-05  1.3575e-03
   37     87  5.0495e-05  4.3931e-03
   38     84  2.6643e-18  2.2380e-16
   38     86  2.2485e-09  1.9337e-07
   38     87  3.6977e-07  3.2170e-05
   38     88  5.5674e-05  4.8993e-03
   39     89  6.3380e-07  5.6408e-05
   40     90  2.4443e-07  2.1999e-05
   40     91  1.0108e-09  9.1986e-08
   40     92  1.0035e-10  9.2321e-09
   40     94  1.1449e-11  1.0762e-09
   41     93  8.1219e-12  7.5534e-10
   42     94  3.2775e-16  3.0809e-14
   42     95  2.1823e-13  2.0732e-11
   42     96  7.9390e-14  7.6214e-12
   42     97  4.5039e-16  4.3688e-14
   42     98  7.0200e-17  6.8796e-15
   42    100  4.1165e-19  4.1165e-17
   44     99  1.2366e-19  1.2242e-17
    2      4  4.9522e-06  1.9809e-05


