1  2.9800e-10
2  1.3767e-09
3  4.8158e-11
4  1.7877e-01
5  0.0000e+00
6  3.7097e-12
7  9.0625e-11
8  1.0100e-10
9  8.8507e-12
10  1.0317e-11
11  7.6857e-11
12  2.7447e-09
13  3.2582e-08
14  6.6539e-07
15  3.9988e-06
16  2.6046e-07
17  1.6473e-09
18  3.1949e-08
19  9.1814e-07
20  1.2511e-06
21  2.9829e-07
22  8.5528e-09
23  5.3585e-07
24  1.7512e-07
25  1.5301e-07
26  7.3162e-08
27  5.6314e-07
28  1.7070e-06
29  1.4334e-07
30  7.5810e-08
31  1.4270e-07
32  1.6214e-07
33  2.1124e-06
34  1.6278e-06
35  3.3693e-08
36  2.6562e-08
37  1.5017e-07
38  3.5923e-07
39  7.1056e-07
40  1.2865e-06
41  1.1848e-07
42  1.7519e-06
43  9.0715e-07
44  1.3885e-07
45  2.6672e-07
46  2.4136e-07
47  3.6069e-07
48  6.8098e-07
49  9.6474e-07
50  1.0991e-06
51  1.5426e-07
52  3.8299e-07
53  2.2838e-07
54  1.4910e-07
55  2.8868e-07
56  7.5223e-07
57  9.4441e-07
58  6.2464e-08
59  6.9846e-08
60  2.2376e-07
61  3.2776e-07
62  2.3816e-07
63  8.6803e-07
64  5.4418e-07
65  3.8047e-07
66  1.1288e-06
67  3.4717e-07
68  6.9866e-07
69  9.6095e-07
70  2.0778e-06
71  2.9522e-07
72  7.8174e-07
73  6.2847e-07
74  1.5901e-06
75  3.1605e-07
76  2.7099e-07
77  9.4983e-07
78  3.1905e-06
79  5.3682e-06
80  1.2940e-05
81  7.9271e-06
82  3.6959e-06
83  3.8018e-06
84  1.5133e-06
85  1.1422e-06
86  3.0618e-06
87  3.1526e-06
88  2.4576e-06
89  7.8433e-07
90  1.4047e-06
91  6.2024e-07
92  4.4015e-06
93  1.6179e-06
94  4.0794e-06
95  2.7606e-06
96  2.3937e-06
97  1.1270e-06
98  1.0349e-06
99  1.2663e-06
100  1.3799e-06
101  1.6267e-06
102  1.0606e-06
103  1.2701e-06
104  1.0627e-06
105  8.1666e-07
106  1.1898e-06
107  7.7432e-07
108  1.1481e-06
109  2.2334e-06
110  3.3159e-06
111  5.4150e-07
112  1.2547e-06
113  6.0004e-07
114  5.5316e-07
115  3.4052e-07
116  1.1376e-07
117  1.4734e-07
118  2.0293e-07
119  2.1505e-07
120  7.3630e-07
121  6.4181e-07
122  1.2942e-06
123  1.7490e-06
124  8.9191e-06
125  1.6665e-05
126  4.4890e-05
127  4.2144e-05
128  6.2841e-05
129  3.9256e-05
130  3.2716e-05
131  1.2185e-05
132  2.1120e-05
133  1.9427e-05
134  1.6878e-05
135  1.8705e-05
136  2.6407e-05
137  1.5343e-05
138  1.1352e-05
139  1.7607e-05
140  4.2721e-05
141  2.0247e-05
142  3.7080e-06
143  1.8795e-06
144  4.6304e-06
145  5.6262e-06
146  6.2409e-06
147  4.6808e-06
148  9.6185e-06
149  6.7197e-06
150  7.7995e-06
151  9.2777e-06
152  1.2589e-05
153  8.4319e-06
154  1.1486e-05
155  6.3956e-06
156  2.2600e-05
157  1.7108e-05
158  3.2926e-05
159  1.5434e-05
160  2.2822e-05
161  1.3450e-05
162  2.7802e-05
163  1.6995e-05
164  4.0544e-05
165  2.4780e-05
166  5.0697e-05
167  2.2122e-05
168  4.4223e-05
169  3.0839e-05
170  2.4359e-05
171  2.0092e-05
172  2.2475e-05
173  2.6519e-05
174  2.7509e-05
175  1.8434e-05
176  1.7601e-05
177  1.6619e-05
178  9.0319e-06
179  6.5441e-06
180  8.7843e-06
181  8.9006e-06
182  1.6819e-05
183  1.0911e-05
184  3.9008e-05
185  1.9244e-05
186  7.3253e-05
187  4.5974e-05
188  6.4003e-05
189  4.9928e-05
190  5.0474e-05
191  2.8221e-05
192  3.6949e-05
193  2.8173e-05
194  3.4443e-05
195  1.8055e-05
196  7.4482e-06
197  2.0694e-06
198  4.0635e-07
199  5.4601e-08
200  3.1454e-08
201  4.1138e-08
202  4.7177e-08
203  3.6398e-08
204  3.0281e-08
205  1.6486e-08
206  1.3518e-07
207  1.1259e-07
208  1.5049e-07
209  1.0751e-07
210  5.3361e-16
211  1.6179e-21
212  3.0184e-21
213  3.7253e-44
214  2.7947e-22
215  5.3626e-26
216  3.4972e-27
217  2.8952e-99
218  4.8029e-24
219  6.2668e-25
220  1.3410e-24
221  5.5439e-320
222  8.5260e-21
223  1.5619e-19
224  7.5736e-21
225  2.2319e-40
226  1.3046e-15
227  1.0886e-16
228  2.4355e-14
229  8.3252e-30
230  6.1486e-14
231  1.6283e-13
232  1.0660e-08
233  2.9773e-27
234  2.0022e-13
235  3.5095e-09
236  8.3684e-12
237  -5.3715e-319
238  3.6423e-09
239  4.4991e-21
240  1.6557e-15
241  0.0000e+00
242  1.4762e-132
243  1.3754e-21
244  2.0154e-11
245  0.0000e+00
246  3.9246e-13
247  2.9029e-18
248  1.2584e-131
249  0.0000e+00
250  0.0000e+00
251  -4.2688e-315
252  0.0000e+00
253  0.0000e+00
254  0.0000e+00
255  0.0000e+00
256  0.0000e+00
257  8.5754e-26
258  2.3227e-10
259  7.0150e-26
260  1.2709e-10
261  1.0255e-10
262  1.0017e-10
263  6.7732e-11
264  5.6593e-11
265  4.2457e-11
266  4.2512e-11
267  2.6170e-11
268  1.6155e-11
269  2.7924e-11
270  1.3008e-11
271  6.9354e-12
272  3.8592e-12
273  1.8780e-12
274  1.2687e-12
275  4.3220e-13
276  3.3931e-13
277  5.8523e-14
278  4.5629e-14
279  7.4077e-15
280  1.2439e-15
281  1.6559e-16
282  2.9916e-17
283  7.0701e-19
284  2.3925e-19
285  1.5066e-19
286  2.8864e-19
287  6.0618e-19
288  3.4459e-19
289  1.7841e-19
290  3.9456e-19
291  2.2225e-20
292  7.9317e-19
293  1.2385e-19
294  2.8943e-19
295  1.1487e-19
296  5.5130e-20
297  1.4113e-20
298  2.6896e-20
299  8.8568e-33
300  1.1756e-21
301  7.9339e-20
302  1.1264e-20
303  2.3713e-20
304  1.9638e-20
305  4.0637e-20
306  2.7921e-20
307  3.8522e-21
308  1.6637e-21
309  6.5547e-21
310  2.5349e-21
311  1.1469e-21
312  9.7683e-22
313  7.5846e-22
314  2.8277e-22
315  1.6921e-22
316  9.2434e-23
317  1.1012e-22
318  4.1128e-23
319  4.4302e-23
320  9.5533e-24
321  3.0363e-24
322  4.7705e-24
323  1.7110e-24
324  9.1187e-25
325  0.0000e+00
326  0.0000e+00
327  0.0000e+00
328  0.0000e+00
329  0.0000e+00
330  0.0000e+00
331  0.0000e+00
332  0.0000e+00
333  0.0000e+00
334  0.0000e+00
335  0.0000e+00
336  0.0000e+00
337  0.0000e+00

