1  3.4789e-10
2  6.9916e-10
3  1.3468e-11
4  1.6949e-01
5  0.0000e+00
6  1.9072e-12
7  2.4728e-11
8  2.4356e-11
9  5.5275e-13
10  5.1465e-12
11  2.3100e-11
12  2.4541e-09
13  6.2109e-09
14  7.3930e-07
15  1.3509e-06
16  8.6329e-08
17  7.9256e-10
18  6.4156e-08
19  4.9349e-07
20  6.7403e-07
21  2.3284e-07
22  1.1360e-08
23  2.1436e-07
24  1.0620e-07
25  8.9345e-08
26  1.5158e-07
27  5.1013e-07
28  1.5800e-06
29  1.3475e-07
30  5.9852e-08
31  1.3487e-07
32  1.5398e-07
33  2.1667e-06
34  1.6738e-06
35  2.2446e-08
36  2.5252e-08
37  1.5482e-07
38  3.6401e-07
39  7.1154e-07
40  1.3592e-06
41  1.7253e-07
42  1.9420e-06
43  1.0204e-06
44  1.7805e-07
45  3.6391e-07
46  2.9615e-07
47  3.4521e-07
48  5.1456e-07
49  8.8934e-07
50  1.0686e-06
51  1.9459e-07
52  3.6125e-07
53  1.6385e-07
54  1.1649e-07
55  2.4909e-07
56  6.8140e-07
57  1.0323e-06
58  4.9495e-08
59  6.0971e-08
60  2.0639e-07
61  3.2625e-07
62  2.1246e-07
63  8.7098e-07
64  3.8787e-07
65  3.0361e-07
66  9.7970e-07
67  3.7271e-07
68  5.0067e-07
69  6.8140e-07
70  2.0300e-06
71  3.2557e-07
72  8.8309e-07
73  7.1248e-07
74  1.7966e-06
75  4.3939e-07
76  2.4354e-07
77  1.0608e-06
78  4.1787e-06
79  6.9206e-06
80  1.6128e-05
81  9.3990e-06
82  5.3878e-06
83  4.6929e-06
84  1.8860e-06
85  1.4124e-06
86  3.6766e-06
87  4.0598e-06
88  3.6754e-06
89  1.2678e-06
90  2.2722e-06
91  9.1785e-07
92  5.3973e-06
93  1.8438e-06
94  4.9479e-06
95  3.9958e-06
96  3.2739e-06
97  2.0024e-06
98  1.2223e-06
99  1.5794e-06
100  1.8308e-06
101  2.3195e-06
102  1.5280e-06
103  1.8164e-06
104  1.5365e-06
105  1.2358e-06
106  1.6701e-06
107  1.1510e-06
108  1.4995e-06
109  3.3047e-06
110  5.3340e-06
111  8.8140e-07
112  2.2577e-06
113  9.9585e-07
114  9.5681e-07
115  6.3878e-07
116  1.3968e-07
117  1.9119e-07
118  1.8541e-07
119  1.6681e-07
120  6.6288e-07
121  5.3967e-07
122  1.1491e-06
123  1.3445e-06
124  8.6437e-06
125  2.0199e-05
126  8.2607e-05
127  8.7204e-05
128  1.4133e-04
129  1.4135e-04
130  9.8609e-05
131  2.8502e-05
132  5.5452e-05
133  5.5373e-05
134  4.7949e-05
135  6.0913e-05
136  9.7140e-05
137  6.4173e-05
138  3.4676e-05
139  7.6107e-05
140  2.0731e-04
141  1.1233e-04
142  2.4244e-05
143  6.7455e-06
144  1.0615e-05
145  1.0830e-05
146  1.2606e-05
147  9.3115e-06
148  1.5618e-05
149  1.1953e-05
150  1.4574e-05
151  1.3535e-05
152  2.0467e-05
153  1.3508e-05
154  2.0275e-05
155  1.0607e-05
156  2.3881e-05
157  1.9502e-05
158  3.8242e-05
159  1.3010e-05
160  2.6428e-05
161  1.4447e-05
162  2.3211e-05
163  1.4457e-05
164  3.5758e-05
165  1.9789e-05
166  4.0092e-05
167  1.7701e-05
168  2.8227e-05
169  3.2391e-05
170  1.8078e-05
171  1.4558e-05
172  1.4328e-05
173  1.5626e-05
174  1.7160e-05
175  1.0099e-05
176  9.5438e-06
177  9.7065e-06
178  4.7601e-06
179  2.5671e-06
180  1.9243e-06
181  1.7687e-06
182  2.4679e-06
183  1.5467e-06
184  4.7008e-06
185  2.1358e-06
186  7.6104e-06
187  5.1605e-06
188  8.7349e-06
189  6.0955e-06
190  8.5132e-06
191  4.7434e-06
192  4.8280e-06
193  3.3213e-06
194  4.4314e-06
195  2.6939e-06
196  1.5180e-06
197  5.5632e-07
198  1.4436e-07
199  1.6052e-08
200  2.0997e-09
201  9.1973e-10
202  1.1634e-09
203  9.5182e-10
204  8.4494e-10
205  4.5279e-10
206  2.0761e-09
207  1.7195e-09
208  2.4311e-09
209  1.6300e-09
210  3.2137e-18
211  1.4821e-12
212  2.6036e-13
213  1.5564e-45
214  1.6832e-24
215  5.2156e-47
216  6.0731e-44
217  6.1265e-99
218  2.8928e-26
219  1.7921e-13
220  3.2347e-14
221  7.8077e-320
222  5.1348e-23
223  1.0320e-21
224  5.9204e-23
225  3.3746e-40
226  7.8571e-18
227  7.1928e-19
228  1.9039e-16
229  1.2587e-29
230  3.7030e-16
231  1.0759e-15
232  8.3334e-11
233  6.9759e-26
234  1.2058e-15
235  2.3188e-11
236  3.2075e-14
237  -1.4814e-318
238  2.1936e-11
239  1.1179e-23
240  6.3438e-18
241  0.0000e+00
242  3.0317e-142
243  3.4175e-24
244  7.7219e-14
245  0.0000e+00
246  1.4985e-15
247  7.2130e-21
248  2.1536e-141
249  0.0000e+00
250  0.0000e+00
251  -2.0879e-314
252  0.0000e+00
253  0.0000e+00
254  0.0000e+00
255  0.0000e+00
256  0.0000e+00
257  9.5724e-26
258  6.3762e-13
259  7.4701e-26
260  3.6198e-13
261  2.8681e-13
262  2.6315e-13
263  1.6661e-13
264  1.2972e-13
265  9.4044e-14
266  8.6927e-14
267  4.6816e-14
268  2.7034e-14
269  4.5826e-14
270  2.1853e-14
271  1.1778e-14
272  6.4303e-15
273  3.0615e-15
274  2.0431e-15
275  6.7916e-16
276  5.4303e-16
277  1.0089e-16
278  9.1533e-17
279  1.8306e-17
280  3.6440e-18
281  5.7978e-19
282  1.2596e-19
283  3.2468e-21
284  3.1563e-22
285  0.0000e+00
286  0.0000e+00
287  0.0000e+00
288  0.0000e+00
289  0.0000e+00
290  0.0000e+00
291  0.0000e+00
292  0.0000e+00
293  0.0000e+00
294  0.0000e+00
295  0.0000e+00
296  0.0000e+00
297  0.0000e+00
298  0.0000e+00
299  0.0000e+00
300  0.0000e+00
301  0.0000e+00
302  0.0000e+00
303  0.0000e+00
304  0.0000e+00
305  0.0000e+00
306  0.0000e+00
307  0.0000e+00
308  0.0000e+00
309  0.0000e+00
310  0.0000e+00
311  0.0000e+00
312  0.0000e+00
313  0.0000e+00
314  0.0000e+00
315  0.0000e+00
316  0.0000e+00
317  0.0000e+00
318  0.0000e+00
319  0.0000e+00
320  0.0000e+00
321  0.0000e+00
322  0.0000e+00
323  0.0000e+00
324  0.0000e+00
325  0.0000e+00
326  0.0000e+00
327  0.0000e+00
328  0.0000e+00
329  0.0000e+00
330  0.0000e+00
331  0.0000e+00
332  0.0000e+00
333  0.0000e+00
334  0.0000e+00
335  0.0000e+00
336  0.0000e+00
337  0.0000e+00

