1  4.9218e-07
2  1.9763e-01
3  2.3064e-09
4  3.5268e-08
5  2.1853e-07
6  6.6526e-08
7  1.5112e-05
8  6.7546e-07
9  1.2170e-06
10  3.0214e-06
11  9.5437e-07
12  9.8781e-07
13  1.2062e-07
14  2.9173e-07
15  2.2493e-08
16  5.9201e-07
17  1.8145e-08
18  2.3226e-08
19  3.4296e-08
20  1.0775e-07
21  1.9839e-08
22  2.5183e-08
23  4.3021e-09
24  2.6913e-08
25  4.8024e-10
26  3.4736e-08
27  3.0196e-10
28  8.8020e-09
29  5.6763e-08
30  2.0057e-07
31  2.2116e-08
32  1.2107e-07
33  3.1600e-08
34  1.1760e-06
35  3.5641e-07
36  6.3855e-07
37  3.1576e-07
38  4.5369e-08
39  8.7228e-08
40  6.3708e-07
41  1.1645e-07
42  4.9337e-07
43  2.9230e-33
44  1.2014e-07
45  5.7943e-08
46  3.0546e-07
47  1.5302e-07
48  4.1570e-07
49  1.6417e-07
50  1.6325e-07
51  9.4567e-08
52  3.6896e-06
53  1.5629e-06
54  4.2711e-06
55  1.7510e-07
56  7.3347e-07
57  5.9238e-08
58  1.9158e-07
59  1.0995e-07
60  1.4633e-07
61  6.3020e-88
62  7.0281e-08
63  4.5754e-09
64  9.5874e-08
65  5.3129e-10
66  1.9373e-09
67  5.2883e-10
68  3.6265e-09
69  1.6851e-08
70  2.0676e-08
71  1.4042e-09
72  9.2134e-08
73  7.4203e-08
74  9.9317e-07
75  3.2310e-07
76  9.2792e-07
77  8.7221e-07
78  1.2920e-06
79  4.2642e-07
80  4.1303e-05
81  8.6245e-06
82  4.1341e-06
83  2.7474e-06
84  1.5621e-16
85  6.8829e-27
86  4.3128e-18
87  2.1580e-21
88  5.3281e-12
89  8.1380e-14
90  2.0435e-06
91  1.2201e-10
92  4.4820e-06
93  3.6240e-20
94  2.4643e-08
95  6.1922e-18
96  1.3075e-14
97  4.5698e-10
98  -3.5995e-314
99  4.5948e-322
100  4.2886e-06
101  -6.1710e-313
102  4.4270e-06
103  1.2133e-06
104  5.1441e-05
105  1.2190e-05
106  3.5308e-04
107  4.2992e-05
108  1.2061e-04
109  -1.2301e-319
110  2.5979e-08
111  9.0933e-05
112  0.0000e+00
113  0.0000e+00
114  0.0000e+00
115  0.0000e+00
116  0.0000e+00
117  0.0000e+00
118  0.0000e+00

