1  6.8034e-11
2  1.2322e-01
3  2.1822e-19
4  8.4096e-16
5  2.6641e-19
6  2.9864e-08
7  1.1846e-10
8  1.1945e-09
9  1.5388e-11
10  3.8628e-10
11  3.1160e-13
12  7.6896e-10
13  5.3866e-10
14  1.2089e-08
15  1.0494e-09
16  6.4937e-08
17  8.7988e-08
18  1.3194e-07
19  1.7481e-08
20  1.7766e-06
21  4.6258e-08
22  3.3615e-06
23  5.4023e-07
24  1.0224e-05
25  1.8409e-07
26  7.7551e-07
27  3.0538e-08
28  3.6285e-07
29  3.7566e-07
30  3.3540e-06
31  8.5005e-07
32  2.4679e-05
33  1.7088e-06
34  1.0001e-04
35  1.2155e-05
36  4.6585e-05
37  1.8332e-05
38  3.9092e-06
39  1.6760e-05
40  1.1010e-04
41  2.1221e-05
42  1.5901e-04
43  8.8101e-30
44  1.0331e-03
45  9.9284e-05
46  1.3461e-03
47  5.2152e-04
48  3.7924e-04
49  2.7877e-05
50  1.5834e-04
51  4.6583e-05
52  3.7922e-04
53  1.4175e-04
54  4.4526e-05
55  2.0408e-09
56  8.5663e-11
57  2.1923e-12
58  4.4591e-12
59  4.5485e-13
60  4.0469e-13
61  -1.1735e-315
62  1.4964e-13
63  1.9998e-14
64  1.4095e-14
65  9.6915e-17
66  3.3664e-16
67  2.7713e-17
68  5.7637e-17
69  5.3001e-18
70  6.8852e-19
71  2.5856e-20
72  1.1212e-20
73  6.7850e-23
74  1.8722e-23
75  3.6655e-25
76  0.0000e+00
77  0.0000e+00
78  0.0000e+00
79  0.0000e+00
80  0.0000e+00
81  0.0000e+00
82  0.0000e+00
83  0.0000e+00
84  0.0000e+00
85  0.0000e+00
86  0.0000e+00
87  0.0000e+00
88  0.0000e+00
89  0.0000e+00
90  0.0000e+00
91  0.0000e+00
92  0.0000e+00
93  0.0000e+00
94  0.0000e+00
95  0.0000e+00
96  0.0000e+00
97  0.0000e+00
98  0.0000e+00
99  0.0000e+00
100  0.0000e+00
101  0.0000e+00
102  0.0000e+00
103  0.0000e+00
104  0.0000e+00
105  0.0000e+00
106  0.0000e+00
107  0.0000e+00
108  0.0000e+00
109  0.0000e+00
110  0.0000e+00
111  0.0000e+00
112  0.0000e+00
113  0.0000e+00
114  0.0000e+00
115  0.0000e+00
116  0.0000e+00
117  0.0000e+00
118  0.0000e+00

