    4      8  6.6404e-20  5.3123e-19
    6     12  4.2319e-14  5.0783e-13
    7     15  1.8459e-20  2.7688e-19
    8     16  9.2417e-14  1.4787e-12
   10     20  9.9207e-15  1.9841e-13
   11     23  3.0799e-17  7.0838e-16
   12     24  2.5189e-15  6.0454e-14
   12     25  7.7718e-19  1.9429e-17
   12     26  2.3630e-16  6.1438e-15
   13     26  7.7638e-18  2.0186e-16
   13     27  7.4049e-16  1.9993e-14
   14     28  6.0251e-16  1.6870e-14
   14     29  1.5319e-15  4.4426e-14
   14     30  6.1937e-15  1.8581e-13
   15     31  2.6523e-16  8.2222e-15
   16     32  4.9319e-15  1.5782e-13
   16     33  6.4494e-16  2.1283e-14
   16     34  9.5460e-15  3.2456e-13
   16     36  7.5879e-15  2.7317e-13
   17     35  1.6623e-15  5.8180e-14
   17     37  6.4514e-16  2.3870e-14
   18     36  1.1342e-16  4.0830e-15
   18     38  3.8506e-15  1.4632e-13
   18     40  4.1825e-15  1.6730e-13
   19     39  1.0057e-15  3.9221e-14
   19     40  1.9858e-18  7.9432e-17
   19     41  1.0193e-16  4.1790e-15
   20     40  6.2280e-19  2.4912e-17
   20     42  8.6205e-15  3.6206e-13
   20     43  1.5678e-16  6.7415e-15
   20     44  1.3966e-15  6.1449e-14
   20     46  6.0950e-15  2.8037e-13
   21     45  7.2949e-16  3.2827e-14
   22     46  5.5221e-19  2.5402e-17
   22     47  1.5850e-14  7.4497e-13
   22     48  2.3000e-10  1.1040e-08
   22     49  6.6127e-10  3.2402e-08
   22     50  7.3581e-08  3.6790e-06
   23     51  2.6761e-09  1.3648e-07
   24     52  6.2762e-09  3.2636e-07
   24     53  3.3022e-08  1.7502e-06
   24     54  2.1789e-06  1.1766e-04
   25     55  4.7486e-08  2.6117e-06
   26     56  6.1989e-07  3.4714e-05
   26     57  6.3173e-07  3.6008e-05
   26     58  6.0183e-06  3.4906e-04
   27     59  6.2693e-07  3.6989e-05
   28     60  9.9589e-05  5.9753e-03
   28     61  3.2463e-06  1.9803e-04
   28     62  1.2378e-06  7.6744e-05
   28     64  9.8608e-04  6.3109e-02
   29     63  1.4370e-05  9.0528e-04
   29     65  1.5427e-05  1.0027e-03
   30     64  4.8773e-12  3.1214e-10
   30     66  3.3408e-03  2.2049e-01
   30     67  6.9597e-05  4.6630e-03
   30     68  2.1725e-05  1.4773e-03
   30     70  1.8967e-04  1.3277e-02
   31     69  2.3993e-05  1.6555e-03
   31     71  7.7038e-07  5.4697e-05
   32     70  1.8035e-11  1.2624e-09
   32     72  1.8445e-04  1.3280e-02
   32     73  9.3068e-06  6.7939e-04
   32     74  3.8095e-06  2.8190e-04
   32     76  2.4326e-04  1.8488e-02
   33     75  2.2710e-05  1.7032e-03
   34     74  8.5334e-16  6.3148e-14
   34     76  9.0919e-12  6.9098e-10
   34     77  4.3326e-06  3.3361e-04
   34     78  2.5341e-04  1.9766e-02
   34     80  1.0949e-05  8.7592e-04
   34     82  1.5900e-03  1.3038e-01
   35     79  2.6687e-05  2.1082e-03
   35     81  6.8906e-05  5.5814e-03
   36     80  3.7352e-15  2.9881e-13
   36     82  5.4428e-10  4.4631e-08
   36     83  1.4610e-05  1.2127e-03
   36     84  3.8309e-04  3.2179e-02
   36     86  4.5467e-03  3.9102e-01
   37     85  6.0217e-04  5.1185e-02
   37     87  1.3820e-04  1.2024e-02
   38     84  2.1659e-20  1.8194e-18
   38     86  7.6408e-10  6.5711e-08
   38     87  1.0118e-06  8.8026e-05
   38     88  5.0187e-05  4.4165e-03
   39     89  2.3909e-06  2.1279e-04
   40     90  3.8016e-06  3.4215e-04
   40     91  1.5169e-08  1.3804e-06
   40     92  1.6009e-09  1.4729e-07
   40     94  5.1094e-10  4.8029e-08
   41     93  2.1139e-10  1.9660e-08
   42     94  5.3644e-16  5.0426e-14
   42     95  3.7472e-11  3.5598e-09
   42     96  6.1203e-11  5.8755e-09
   42     97  9.4756e-14  9.1914e-12
   42     98  5.1421e-15  5.0392e-13
   42    100  5.2812e-16  5.2812e-14
   44     99  4.5056e-17  4.4605e-15
   44    100  2.2157e-20  2.2157e-18
   44    101  2.0166e-18  2.0367e-16
   44    102  3.0112e-18  3.0715e-16
   44    104  5.5930e-19  5.8167e-17
   45    103  3.3192e-19  3.4188e-17
   46    105  1.0934e-20  1.1480e-18
   46    106  1.2526e-19  1.3277e-17
    1      1  8.1579e-19  8.1579e-19
    2      4  9.4896e-05  3.7959e-04


