    1      2  3.4506e-08  6.9013e-08
    2      3  2.0099e-09  6.0297e-09
    3      6  6.9209e-12  4.1526e-11
    3      7  1.8473e-09  1.2931e-08
    4      8  8.2911e-08  6.6329e-07
    4      9  4.2461e-08  3.8215e-07
    5     10  4.1692e-07  4.1692e-06
    5     11  8.1998e-10  9.0198e-09
    6     12  3.8129e-09  4.5755e-08
    6     13  9.1073e-09  1.1839e-07
    7     14  7.9836e-08  1.1177e-06
    7     15  7.0077e-06  1.0512e-04
    8     16  8.4115e-06  1.3458e-04
    8     17  3.3216e-07  5.6467e-06
    8     18  4.6182e-07  8.3127e-06
    9     19  1.0861e-06  2.0636e-05
   10     20  1.9442e-06  3.8883e-05
   10     21  1.9539e-06  4.1032e-05
   10     22  3.1138e-08  6.8504e-07
   11     23  7.3059e-07  1.6803e-05
   12     24  3.4505e-07  8.2812e-06
   12     25  1.7559e-07  4.3897e-06
   12     26  1.7062e-07  4.4361e-06
   13     27  1.1696e-07  3.1579e-06
   14     28  1.5043e-07  4.2120e-06
   14     29  6.9391e-08  2.0124e-06
   14     30  1.1652e-07  3.4956e-06
   15     31  2.3603e-08  7.3168e-07
   16     32  1.1732e-07  3.7542e-06
   16     33  2.1559e-07  7.1145e-06
   16     34  2.4135e-07  8.2058e-06
   16     36  3.6617e-08  1.3182e-06
   17     35  2.8899e-08  1.0115e-06
   17     37  3.7999e-09  1.4060e-07
   18     36  2.0462e-16  7.3663e-15
   18     38  1.5233e-08  5.7887e-07
   18     40  3.0620e-09  1.2248e-07
   19     39  1.3565e-08  5.2904e-07
   19     41  5.3642e-09  2.1993e-07
   20     42  2.0832e-08  8.7495e-07
   20     43  4.5535e-09  1.9580e-07
   20     44  1.2805e-08  5.6343e-07
   20     46  1.3306e-09  6.1209e-08
   21     45  1.0638e-08  4.7872e-07
   22     46  3.8514e-18  1.7716e-16
   22     47  7.6987e-10  3.6184e-08
   22     48  7.7763e-10  3.7326e-08
   22     49  6.3974e-10  3.1347e-08
   22     50  5.7563e-10  2.8781e-08
   23     51  9.0087e-10  4.5944e-08
   24     52  4.0006e-10  2.0803e-08
   24     53  6.7079e-09  3.5552e-07
   24     54  9.3034e-10  5.0238e-08
   25     55  1.0072e-10  5.5395e-09
   26     56  2.6974e-09  1.5105e-07
   26     57  1.1437e-09  6.5189e-08
   26     58  8.0703e-10  4.6808e-08
   27     59  1.0407e-10  6.1400e-09
   28     60  1.8216e-10  1.0929e-08
   28     61  6.3085e-11  3.8482e-09
   28     62  1.5258e-10  9.4598e-09
   28     64  4.3367e-09  2.7755e-07
   29     63  1.3102e-08  8.2542e-07
   29     65  2.7213e-09  1.7688e-07
   30     64  6.0524e-19  3.8735e-17
   30     66  4.2287e-09  2.7909e-07
   30     67  3.3759e-08  2.2618e-06
   30     68  1.1369e-08  7.7311e-07
   30     70  1.7295e-08  1.2107e-06
   31     69  3.2212e-09  2.2226e-07
   31     71  6.7918e-09  4.8222e-07
   32     70  1.0959e-13  7.6715e-12
   32     72  5.5897e-09  4.0246e-07
   32     73  6.3355e-09  4.6249e-07
   32     74  4.1508e-08  3.0716e-06
   32     76  5.4781e-09  4.1634e-07
   33     75  1.6185e-08  1.2138e-06
   34     76  2.0880e-12  1.5869e-10
   34     77  1.1747e-08  9.0456e-07
   34     78  8.3294e-09  6.4969e-07
   34     80  1.3660e-07  1.0928e-05
   34     82  9.0816e-08  7.4469e-06
   35     79  1.4728e-08  1.1635e-06
   35     81  4.7003e-08  3.8073e-06
   36     82  8.6706e-12  7.1099e-10
   36     83  9.6986e-08  8.0499e-06
   36     84  6.3008e-09  5.2927e-07
   36     86  9.7751e-09  8.4066e-07
   37     85  2.1833e-08  1.8558e-06
   37     87  3.8308e-08  3.3328e-06
   38     86  1.5617e-18  1.3430e-16
   38     87  2.8049e-10  2.4403e-08
   38     88  2.7584e-09  2.4274e-07
   39     89  8.5393e-09  7.5999e-07
   40     90  9.1951e-09  8.2756e-07
   40     91  2.0668e-08  1.8808e-06
   40     92  1.7960e-08  1.6523e-06
   40     94  4.9245e-08  4.6291e-06
   41     93  1.6142e-08  1.5012e-06
   42     95  3.2379e-08  3.0760e-06
   42     96  1.1244e-08  1.0794e-06
   42     97  2.4467e-08  2.3733e-06
   42     98  6.6669e-09  6.5336e-07
   42    100  7.8302e-09  7.8302e-07
   44     99  4.0150e-09  3.9749e-07
   44    100  2.5821e-12  2.5821e-10
   44    101  3.5306e-09  3.5659e-07
   44    102  5.9101e-09  6.0283e-07
   44    104  5.6383e-09  5.8639e-07
   45    103  7.3119e-09  7.5313e-07
   46    104  1.2009e-16  1.2489e-14
   46    105  9.2906e-10  9.7551e-08
   46    106  3.9406e-09  4.1770e-07
   46    108  8.6688e-09  9.3624e-07
   46    110  2.3820e-08  2.6202e-06
   47    107  3.1523e-09  3.3729e-07
   47    109  8.4543e-09  9.2152e-07
   48    110  4.1980e-13  4.6178e-11
   48    111  4.6075e-09  5.1144e-07
   48    112  1.3331e-08  1.4930e-06
   48    113  9.3781e-09  1.0597e-06
   48    114  2.0401e-08  2.3257e-06
   48    116  6.3298e-09  7.3426e-07
   49    113  4.1274e-16  4.6639e-14
   49    115  1.4962e-08  1.7206e-06
   50    115  1.1938e-14  1.3728e-12
   50    116  3.0948e-12  3.5900e-10
   50    117  1.9458e-09  2.2766e-07
   50    118  5.8542e-10  6.9080e-08
   50    119  2.5530e-10  3.0381e-08
   50    120  1.3413e-09  1.6096e-07
   50    122  4.7081e-09  5.7439e-07
   50    124  3.1273e-09  3.8778e-07
   51    121  7.8483e-09  9.4964e-07
   51    123  3.9105e-09  4.8099e-07
   52    122  1.8741e-13  2.2864e-11
   52    124  1.3527e-15  1.6774e-13
   52    125  4.8849e-08  6.1061e-06
   52    126  3.1222e-08  3.9340e-06
   52    128  1.7351e-07  2.2210e-05
   52    130  8.4272e-08  1.0955e-05
   53    127  1.4941e-07  1.8975e-05
   53    129  2.2696e-15  2.9278e-13
   54    128  3.0548e-14  3.9102e-12
   54    129  3.1833e-07  4.1065e-05
   54    130  2.3381e-12  3.0396e-10
   54    131  3.8334e-08  5.0217e-06
   54    132  3.2709e-08  4.3175e-06
   54    134  1.5982e-08  2.1416e-06
   54    136  2.2865e-08  3.1096e-06
   55    133  1.9404e-08  2.5808e-06
   56    134  2.1491e-16  2.8798e-14
   56    135  9.2329e-09  1.2464e-06
   56    136  2.9860e-14  4.0610e-12
   56    137  7.4009e-09  1.0139e-06
   56    138  3.3137e-08  4.5729e-06
   57    139  2.9123e-09  4.0481e-07
   58    140  1.0655e-08  1.4917e-06
   58    142  1.1817e-08  1.6780e-06
   59    141  1.9202e-08  2.7075e-06
   60    142  1.3932e-16  1.9784e-14
   60    143  6.7914e-09  9.7117e-07
   60    144  5.6929e-09  8.1978e-07
   60    145  7.4585e-10  1.0815e-07
   60    146  2.8062e-09  4.0970e-07
   60    148  2.6336e-09  3.8977e-07
   60    150  4.3503e-10  6.5254e-08
   62    147  3.4710e-09  5.1023e-07
   62    148  1.8431e-12  2.7279e-10
   62    149  4.4655e-10  6.6536e-08
   62    150  5.3611e-13  8.0417e-11
   62    152  7.8055e-11  1.1864e-08
   62    154  2.7546e-11  4.2421e-09
   63    151  2.5926e-11  3.9149e-09
   63    153  3.5087e-11  5.3683e-09
   64    154  8.5267e-16  1.3131e-13
   64    155  5.6736e-10  8.7941e-08
   64    156  2.1399e-10  3.3382e-08
   64    157  7.8556e-11  1.2333e-08
   64    158  2.7928e-10  4.4126e-08
   64    160  1.5073e-11  2.4117e-09
   65    159  9.6148e-12  1.5288e-09
   66    160  1.5771e-17  2.5233e-15
   66    161  9.5161e-12  1.5321e-09
   66    162  4.5325e-12  7.3426e-10
   66    163  5.8298e-12  9.5026e-10
   66    164  2.9381e-12  4.8185e-10
   67    165  4.4635e-12  7.3648e-10
   68    166  1.8006e-12  2.9890e-10
   68    167  5.3779e-12  8.9811e-10
   68    168  2.9754e-12  4.9986e-10
   68    170  1.7974e-12  3.0556e-10
   69    169  3.9182e-11  6.6218e-09
   70    170  4.5219e-17  7.6872e-15
   70    171  1.4279e-11  2.4417e-09
   70    172  2.4354e-12  4.1889e-10
   70    173  1.6116e-12  2.7882e-10
   70    174  1.1840e-11  2.0601e-09
   70    176  2.2242e-12  3.9145e-10
   71    175  1.7148e-12  3.0009e-10
   71    176  4.5184e-19  7.9525e-17
   72    177  1.9713e-11  3.4893e-09
   72    178  5.7056e-12  1.0156e-09
   72    179  4.2310e-12  7.5736e-10
   72    180  1.0765e-11  1.9378e-09
   73    181  1.9999e-11  3.6198e-09
   74    182  3.6250e-11  6.5975e-09
   74    183  8.5383e-11  1.5625e-08
   74    184  5.1843e-11  9.5391e-09
   74    186  2.6671e-11  4.9608e-09
   75    185  2.6655e-11  4.9312e-09
   75    187  6.1868e-11  1.1569e-08
   76    186  1.6956e-19  3.1538e-17
   76    187  5.0280e-13  9.4023e-11
   76    188  8.2163e-11  1.5447e-08
   76    189  2.0576e-10  3.8888e-08
   76    190  1.0374e-10  1.9710e-08
   76    192  2.0021e-10  3.8441e-08
   77    191  1.4083e-09  2.6899e-07
   77    193  3.9162e-11  7.5582e-09
   78    192  1.4894e-16  2.8597e-14
   78    194  2.6960e-10  5.2302e-08
   78    195  8.1505e-10  1.5894e-07
   78    196  4.8887e-10  9.5818e-08
   78    198  9.0947e-10  1.8008e-07
   79    197  2.2410e-09  4.4148e-07
   80    198  7.9432e-16  1.5728e-13
   80    199  2.1896e-10  4.3573e-08
   80    200  2.8150e-07  5.6300e-05
   80    201  1.7668e-07  3.5513e-05
   80    202  4.0570e-07  8.1951e-05
   80    204  3.9038e-07  7.9638e-05
   80    206  1.0799e-17  2.2246e-15
   81    203  5.0227e-07  1.0196e-04
   81    205  2.4369e-07  4.9956e-05
   82    204  2.1726e-16  4.4322e-14
   82    206  1.0752e-06  2.2148e-04
   82    207  1.6186e-06  3.3505e-04
   82    208  1.2618e-06  2.6246e-04
   82    210  1.6560e-15  3.4775e-13
   82    211  7.8372e-20  1.6536e-17
   83    209  1.3824e-06  2.8893e-04
   83    210  3.4736e-20  7.2947e-18
   84    210  9.5909e-19  2.0141e-16
   86    222  2.6475e-20  5.8774e-18
   88    223  7.6617e-18  1.7086e-15
   88    224  1.4363e-20  3.2174e-18
   88    226  4.0511e-15  9.1554e-13
   88    228  4.6188e-14  1.0531e-11
   89    227  5.3280e-15  1.2095e-12
   90    227  1.2314e-17  2.7953e-15
   90    228  2.7583e-18  6.2890e-16
   90    230  1.9093e-13  4.3913e-11
   90    231  7.1269e-19  1.6463e-16
   90    232  2.0218e-08  4.6905e-06
   90    234  6.4557e-20  1.5106e-17
   91    231  7.9879e-12  1.8452e-09
   92    234  6.2170e-13  1.4548e-10
   92    235  1.7216e-07  4.0457e-05
   92    236  6.3824e-11  1.5062e-08
   92    238  1.1310e-08  2.6918e-06
   94    239  2.6648e-18  6.3688e-16
   94    240  1.2634e-14  3.0322e-12
   94    244  1.5379e-10  3.7524e-08
   95    243  8.1462e-19  1.9795e-16
   96    244  4.1739e-20  1.0184e-17
   96    247  1.7193e-15  4.2468e-13
   97    246  2.0025e-12  4.9262e-10
  100    258  7.9364e-08  2.0476e-05
  100    260  5.7908e-07  1.5056e-04
  100    262  2.6623e-07  6.9753e-05
  102    260  4.9257e-18  1.2807e-15
  102    261  5.0617e-07  1.3211e-04
  102    263  9.8532e-08  2.5914e-05
  102    264  1.1312e-07  2.9864e-05
  102    266  1.2689e-07  3.3751e-05
  103    265  1.2411e-07  3.2888e-05
  104    267  9.0769e-08  2.4235e-05
  104    268  1.6403e-07  4.3959e-05
  104    270  4.3231e-07  1.1672e-04
  104    272  6.1051e-07  1.6606e-04
  104    274  1.8718e-06  5.1287e-04
  105    269  5.0382e-07  1.3553e-04
  105    271  3.7127e-07  1.0062e-04
  106    273  5.9408e-07  1.6218e-04
  106    275  6.9159e-06  1.9019e-03
  106    276  2.0024e-05  5.5267e-03
  106    278  2.9438e-05  8.1839e-03
  106    280  2.1620e-05  6.0536e-03
  107    277  7.8532e-06  2.1753e-03
  108    279  3.7431e-05  1.0443e-02
  108    281  7.5648e-06  2.1257e-03
  108    282  2.0620e-05  5.8148e-03
  108    283  2.8144e-06  7.9647e-04
  108    284  5.5820e-07  1.5853e-04
  108    286  6.5841e-09  1.8830e-06
  110    285  2.9477e-08  8.4009e-06
  110    287  2.0195e-09  5.7959e-07
  110    288  8.8232e-10  2.5411e-07
  110    290  1.2355e-09  3.5830e-07
  111    289  3.9911e-10  1.1534e-07
  111    291  7.4144e-11  2.1576e-08
  111    292  6.1991e-09  1.8101e-06
  111    293  2.3998e-09  7.0314e-07
  111    294  1.5095e-08  4.4380e-06
  111    295  1.3347e-08  3.9373e-06
  111    296  9.3428e-09  2.7655e-06
  111    297  3.0228e-09  8.9776e-07
  111    298  6.3584e-09  1.8948e-06
  111    299  9.6505e-16  2.8855e-13
  111    300  3.2032e-10  9.6096e-08
  111    301  1.3941e-07  4.1963e-05
  111    302  5.1188e-08  1.5459e-05
  111    303  5.7672e-08  1.7475e-05
  111    304  1.0616e-07  3.2272e-05
  111    305  1.9863e-07  6.0583e-05
  111    306  4.2406e-07  1.2976e-04
  111    307  2.8690e-07  8.8079e-05
  111    308  3.6862e-07  1.1353e-04
  111    309  7.8088e-07  2.4129e-04
  111    310  4.5624e-07  1.4143e-04
  111    311  6.0670e-07  1.8868e-04
  111    312  4.3066e-07  1.3437e-04
  111    313  4.9915e-07  1.5623e-04
  111    314  2.9740e-07  9.3383e-05
  111    315  3.8118e-07  1.2007e-04
  111    316  5.3826e-07  1.7009e-04
  111    317  7.0921e-07  2.2482e-04
  111    318  7.4428e-07  2.3668e-04
  111    319  8.8897e-07  2.8358e-04
  111    320  1.3077e-06  4.1846e-04
  111    321  7.2868e-07  2.3391e-04
  111    322  1.0446e-06  3.3635e-04
  111    323  1.3769e-06  4.4474e-04
  111    324  1.0315e-06  3.3421e-04
  111    325  1.0637e-06  3.4572e-04
  111    326  2.6923e-06  8.7768e-04
  111    327  4.6017e-06  1.5048e-03
  111    328  1.3452e-06  4.4124e-04
  111    329  2.4387e-05  8.0233e-03
  111    330  3.9714e-06  1.3106e-03
  111    331  4.4731e-06  1.4806e-03
  111    332  1.1412e-05  3.7889e-03
  111    333  6.1478e-06  2.0472e-03
  111    334  2.2289e-06  7.4444e-04
  111    335  2.5884e-06  8.6712e-04
  111    336  6.4163e-07  2.1559e-04
  111    337  3.7610e-04  1.2675e-01
    1      1  1.8109e-06  1.8109e-06
    2      4  2.0004e-01  8.0016e-01


