    1      2  1.3887e-15  2.7774e-15
    2      3  1.8442e-18  5.5327e-18
    3      6  3.5298e-16  2.1179e-15
    3      7  8.5573e-19  5.9901e-18
    4      8  1.7981e-13  1.4384e-12
    4      9  9.2312e-19  8.3081e-18
    5     10  3.1330e-17  3.1330e-16
    5     11  4.9351e-20  5.4286e-19
    6     12  1.4546e-08  1.7455e-07
    6     13  1.3347e-14  1.7351e-13
    7     14  6.7896e-12  9.5055e-11
    7     15  7.6406e-09  1.1461e-07
    8     16  4.7286e-10  7.5658e-09
    8     17  3.4225e-13  5.8183e-12
    8     18  4.2738e-09  7.6928e-08
    9     19  5.9106e-09  1.1230e-07
   10     20  1.2122e-10  2.4245e-09
   10     21  7.4595e-10  1.5665e-08
   10     22  8.5351e-10  1.8777e-08
   11     23  1.2907e-09  2.9686e-08
   12     24  1.3300e-09  3.1919e-08
   12     25  2.5459e-09  6.3647e-08
   12     26  1.3847e-08  3.6002e-07
   13     26  1.1984e-14  3.1159e-13
   13     27  1.2261e-09  3.3104e-08
   14     28  4.5123e-09  1.2635e-07
   14     29  2.3929e-08  6.9393e-07
   14     30  2.8205e-08  8.4616e-07
   15     31  3.2210e-09  9.9851e-08
   16     32  4.0060e-08  1.2819e-06
   16     33  3.1051e-07  1.0247e-05
   16     34  2.3440e-07  7.9695e-06
   16     36  8.5294e-08  3.0706e-06
   17     35  4.6176e-08  1.6162e-06
   17     37  2.3895e-07  8.8411e-06
   18     36  1.0012e-16  3.6044e-15
   18     38  4.7343e-07  1.7990e-05
   18     40  5.8521e-07  2.3408e-05
   19     39  5.0906e-07  1.9853e-05
   19     41  1.7684e-07  7.2504e-06
   20     42  1.0847e-06  4.5559e-05
   20     43  1.6607e-07  7.1410e-06
   20     44  4.1231e-07  1.8141e-05
   20     46  2.5739e-06  1.1840e-04
   21     45  1.3007e-06  5.8529e-05
   22     46  4.5040e-20  2.0718e-18
   22     47  1.6104e-06  7.5690e-05
   22     48  6.8162e-07  3.2718e-05
   22     49  2.4924e-06  1.2213e-04
   22     50  3.8730e-06  1.9365e-04
   23     51  1.5155e-06  7.7292e-05
   24     52  5.5803e-08  2.9018e-06
   24     53  1.9626e-06  1.0402e-04
   24     54  7.7314e-06  4.1750e-04
   25     55  4.1028e-07  2.2566e-05
   26     56  2.6692e-06  1.4948e-04
   26     57  3.3876e-07  1.9309e-05
   26     58  4.4222e-09  2.5649e-07
   27     59  3.6988e-09  2.1823e-07
   28     60  1.6061e-08  9.6367e-07
   28     61  5.4715e-08  3.3376e-06
   28     62  8.3065e-07  5.1500e-05
   28     64  8.2212e-08  5.2615e-06
   29     63  1.8635e-06  1.1740e-04
   29     65  9.1458e-08  5.9448e-06
   30     64  5.5435e-20  3.5478e-18
   30     66  7.5593e-07  4.9891e-05
   30     67  4.8334e-07  3.2384e-05
   30     68  1.1562e-06  7.8622e-05
   30     70  3.2318e-06  2.2623e-04
   31     69  1.8263e-06  1.2601e-04
   31     71  3.9685e-07  2.8176e-05
   32     70  4.5642e-15  3.1950e-13
   32     72  1.0916e-06  7.8592e-05
   32     73  1.4186e-05  1.0356e-03
   32     74  1.0487e-05  7.7604e-04
   32     76  4.4008e-06  3.3446e-04
   33     75  1.9641e-06  1.4731e-04
   34     76  4.2707e-14  3.2457e-12
   34     77  1.8340e-05  1.4122e-03
   34     78  2.6468e-05  2.0645e-03
   34     80  2.7463e-05  2.1970e-03
   34     82  3.0307e-05  2.4852e-03
   35     79  7.0922e-06  5.6028e-04
   35     81  2.1817e-05  1.7671e-03
   36     82  4.0493e-13  3.3205e-11
   36     83  7.2156e-06  5.9890e-04
   36     84  1.0548e-05  8.8606e-04
   36     86  2.5768e-05  2.2160e-03
   37     85  1.2607e-05  1.0716e-03
   37     87  2.6594e-06  2.3137e-04
   38     86  6.2150e-20  5.3449e-18
   38     87  1.9473e-08  1.6941e-06
   38     88  6.6467e-06  5.8491e-04
   39     89  3.2955e-06  2.9330e-04
   40     90  3.2166e-06  2.8950e-04
   40     91  3.4997e-06  3.1848e-04
   40     92  3.4803e-05  3.2019e-03
   40     94  6.1507e-06  5.7816e-04
   41     93  7.3411e-06  6.8273e-04
   42     95  3.4501e-06  3.2776e-04
   42     96  9.1879e-06  8.8204e-04
   42     97  4.9715e-06  4.8223e-04
   42     98  1.6925e-06  1.6586e-04
   42    100  2.5920e-05  2.5920e-03
   44     99  8.8395e-06  8.7511e-04
   44    100  3.7741e-13  3.7741e-11
   44    101  4.5727e-05  4.6184e-03
   44    102  9.3199e-06  9.5063e-04
   44    104  1.2762e-05  1.3272e-03
   45    103  4.1106e-06  4.2340e-04
   46    104  9.8128e-19  1.0205e-16
   46    105  6.0393e-06  6.3412e-04
   46    106  2.2255e-05  2.3591e-03
   46    108  2.0105e-05  2.1714e-03
   46    110  2.8232e-05  3.1055e-03
   47    107  3.6621e-05  3.9184e-03
   47    109  2.0434e-05  2.2273e-03
   48    110  1.1206e-13  1.2327e-11
   48    111  4.7956e-06  5.3231e-04
   48    112  1.1775e-05  1.3187e-03
   48    113  1.2538e-05  1.4168e-03
   48    114  4.6260e-05  5.2737e-03
   48    116  3.7782e-06  4.3828e-04
   49    113  5.5183e-13  6.2356e-11
   49    115  2.3749e-05  2.7311e-03
   50    115  1.8948e-11  2.1790e-09
   50    116  8.1317e-13  9.4328e-11
   50    117  8.1660e-06  9.5543e-04
   50    118  7.9232e-06  9.3494e-04
   50    119  5.9243e-06  7.0499e-04
   50    120  4.0179e-05  4.8215e-03
   50    122  1.4660e-04  1.7885e-02
   50    124  1.0821e-04  1.3418e-02
   51    121  4.4355e-05  5.3670e-03
   51    123  7.2654e-05  8.9365e-03
   52    122  2.8596e-13  3.4887e-11
   52    124  8.2846e-15  1.0273e-12
   52    125  2.4600e-04  3.0750e-02
   52    126  7.8875e-04  9.9382e-02
   52    128  4.9585e-04  6.3469e-02
   52    130  7.1382e-06  9.2797e-04
   53    127  5.6389e-04  7.1614e-02
   53    129  3.2473e-13  4.1890e-11
   54    128  1.9927e-15  2.5507e-13
   54    129  1.6580e-04  2.1388e-02
   54    130  4.2617e-14  5.5402e-12
   54    131  4.3826e-08  5.7412e-06
   54    132  1.7680e-07  2.3337e-05
   54    134  4.0302e-08  5.4005e-06
   54    136  1.7923e-08  2.4375e-06
   55    133  2.4771e-07  3.2946e-05
   56    135  1.1061e-08  1.4933e-06
   56    136  2.1183e-18  2.8809e-16
   56    137  3.1319e-08  4.2907e-06
   56    138  9.4699e-09  1.3069e-06
   57    139  4.1783e-10  5.8078e-08
   58    140  4.5977e-10  6.4368e-08
   58    142  2.5981e-11  3.6893e-09
   59    141  2.5843e-11  3.6438e-09
   60    143  6.3070e-11  9.0190e-09
   60    144  2.0283e-10  2.9208e-08
   60    145  1.1396e-10  1.6524e-08
   60    146  1.1738e-10  1.7138e-08
   60    148  8.2091e-11  1.2150e-08
   60    150  5.9385e-11  8.9078e-09
   62    147  9.1333e-11  1.3426e-08
   62    148  2.4987e-18  3.6981e-16
   62    149  5.4490e-11  8.1190e-09
   62    150  2.4244e-17  3.6366e-15
   62    152  5.6999e-11  8.6638e-09
   62    154  3.7257e-11  5.7375e-09
   63    151  2.9968e-11  4.5252e-09
   63    153  2.9304e-11  4.4835e-09
   64    154  8.8041e-20  1.3558e-17
   64    155  3.0237e-11  4.6867e-09
   64    156  1.0749e-11  1.6768e-09
   64    157  1.2652e-11  1.9864e-09
   64    158  1.6124e-11  2.5475e-09
   64    160  5.4143e-12  8.6629e-10
   65    159  2.6217e-12  4.1685e-10
   66    161  4.1230e-12  6.6381e-10
   66    162  2.2625e-12  3.6653e-10
   66    163  1.2508e-12  2.0387e-10
   66    164  2.0835e-12  3.4169e-10
   67    165  1.1400e-12  1.8810e-10
   68    166  2.1492e-12  3.5676e-10
   68    167  7.5366e-13  1.2586e-10
   68    168  5.1969e-13  8.7308e-11
   68    170  1.5107e-13  2.5681e-11
   69    169  6.3948e-13  1.0807e-10
   70    171  6.9039e-14  1.1806e-11
   70    172  4.9763e-14  8.5592e-12
   70    173  2.9763e-14  5.1491e-12
   70    174  3.5149e-14  6.1159e-12
   70    176  1.4421e-14  2.5381e-12
   71    175  1.5131e-14  2.6478e-12
   72    177  6.9160e-15  1.2241e-12
   72    178  1.4850e-15  2.6433e-13
   72    179  4.5543e-16  8.1523e-14
   72    180  2.3223e-16  4.1801e-14
   73    181  1.5068e-16  2.7273e-14
   74    182  1.5965e-16  2.9057e-14
   74    183  1.2442e-16  2.2769e-14
   74    184  2.8948e-16  5.3264e-14
   74    186  3.1657e-16  5.8881e-14
   75    185  1.1717e-16  2.1677e-14
   75    187  1.9796e-16  3.7019e-14
   76    187  1.6089e-18  3.0087e-16
   76    188  3.9717e-16  7.4668e-14
   76    189  1.4507e-16  2.7419e-14
   76    190  2.6808e-16  5.0934e-14
   76    192  1.0870e-16  2.0871e-14
   77    191  1.6442e-16  3.1405e-14
   77    193  4.3428e-17  8.3817e-15
   78    194  2.8329e-17  5.4958e-15
   78    195  7.3802e-18  1.4391e-15
   78    196  2.6573e-18  5.2082e-16
   78    198  2.0273e-19  4.0140e-17
   79    197  7.2560e-19  1.4294e-16
   80    199  3.6437e-20  7.2510e-18
    1      1  3.3619e-10  3.3619e-10
    2      4  1.4862e-01  5.9449e-01


