1  1.3008e-09
2  2.8465e-09
3  1.7639e-10
4  2.0410e-01
5  0.0000e+00
6  7.7602e-12
7  2.8609e-10
8  3.1779e-10
9  7.4835e-11
10  8.6726e-11
11  2.5498e-10
12  2.5713e-09
13  9.6567e-08
14  3.6957e-07
15  4.7537e-06
16  2.3753e-07
17  2.3582e-09
18  1.7302e-08
19  7.3811e-07
20  1.0125e-06
21  3.3032e-07
22  3.6808e-09
23  7.8782e-07
24  2.4010e-07
25  2.5296e-07
26  1.6404e-08
27  3.7847e-07
28  1.1162e-06
29  1.2454e-07
30  6.8889e-08
31  1.1577e-07
32  1.4008e-07
33  1.5433e-06
34  1.1874e-06
35  2.5401e-08
36  2.5715e-08
37  9.2462e-08
38  2.0041e-07
39  2.5908e-07
40  4.1870e-07
41  8.0401e-08
42  5.9067e-07
43  2.7080e-07
44  7.2809e-08
45  1.3010e-07
46  1.1037e-07
47  1.5785e-07
48  3.5660e-07
49  2.9286e-07
50  2.7020e-07
51  5.1791e-08
52  2.5088e-07
53  2.1025e-07
54  1.2761e-07
55  3.2342e-07
56  1.0969e-06
57  1.4545e-06
58  6.3450e-08
59  7.2547e-08
60  1.3550e-07
61  1.9885e-07
62  1.6247e-07
63  4.8353e-07
64  2.5240e-07
65  1.6603e-07
66  3.2677e-07
67  1.0247e-07
68  9.4514e-08
69  8.1587e-08
70  2.0241e-07
71  4.2335e-08
72  1.7831e-07
73  2.1980e-07
74  1.3857e-06
75  5.3384e-06
76  4.1700e-06
77  2.8697e-06
78  2.3966e-06
79  3.4340e-06
80  8.4113e-06
81  4.0831e-06
82  2.1087e-06
83  3.4834e-06
84  1.1940e-06
85  5.5612e-07
86  1.2263e-06
87  1.8195e-06
88  2.0575e-06
89  3.0706e-07
90  4.6489e-07
91  2.7171e-07
92  1.6708e-06
93  7.9958e-07
94  2.0138e-06
95  1.1635e-06
96  9.4212e-07
97  4.9404e-07
98  2.3033e-07
99  3.2771e-07
100  4.2267e-07
101  5.1285e-07
102  3.0802e-07
103  2.7299e-07
104  2.6438e-07
105  2.3844e-07
106  4.1736e-07
107  3.3875e-07
108  4.6783e-07
109  3.8423e-07
110  4.6600e-07
111  1.1049e-07
112  2.1622e-07
113  9.3142e-08
114  9.7151e-08
115  9.5631e-08
116  8.2892e-08
117  1.5087e-07
118  2.0034e-07
119  1.7843e-07
120  7.2138e-07
121  7.8490e-07
122  1.8758e-06
123  2.4019e-06
124  9.6449e-06
125  1.2215e-05
126  2.4747e-05
127  1.9822e-05
128  1.8172e-05
129  1.0704e-05
130  7.6598e-06
131  3.8911e-06
132  6.3067e-06
133  6.4943e-06
134  4.6672e-06
135  2.7775e-06
136  6.1620e-06
137  8.2643e-06
138  6.4007e-06
139  3.2782e-06
140  4.1045e-06
141  3.9289e-06
142  2.9669e-06
143  4.4250e-06
144  7.3692e-06
145  6.7548e-06
146  8.3515e-06
147  5.8943e-06
148  5.4928e-06
149  3.3345e-06
150  4.4665e-06
151  5.0866e-06
152  7.3520e-06
153  5.1524e-06
154  9.0389e-06
155  4.6582e-06
156  8.6321e-06
157  5.5042e-06
158  1.0330e-05
159  5.0612e-06
160  9.3131e-06
161  4.3774e-06
162  9.0921e-06
163  5.6225e-06
164  1.3768e-05
165  6.7759e-06
166  1.4127e-05
167  6.6147e-06
168  9.8288e-06
169  7.5067e-06
170  5.5697e-06
171  4.4584e-06
172  4.2989e-06
173  4.3379e-06
174  6.2063e-06
175  4.3949e-06
176  4.9210e-06
177  5.7412e-06
178  7.9813e-06
179  7.4234e-06
180  9.6856e-06
181  1.0163e-05
182  1.5088e-05
183  9.2247e-06
184  1.6484e-05
185  1.0307e-05
186  2.3243e-05
187  1.5493e-05
188  3.9115e-05
189  3.8060e-05
190  5.3311e-05
191  4.9394e-05
192  6.1351e-05
193  6.6781e-05
194  5.4849e-05
195  3.5818e-05
196  1.3809e-05
197  5.7643e-06
198  2.2671e-06
199  3.0432e-06
200  2.5287e-06
201  1.4249e-06
202  1.6088e-06
203  1.9316e-06
204  3.8975e-06
205  4.5040e-06
206  1.4643e-05
207  1.3724e-05
208  1.3566e-05
209  1.0935e-05
210  1.8226e-14
211  5.3655e-20
212  7.8046e-20
213  4.8907e-44
214  9.5453e-21
215  6.4803e-26
216  9.0427e-26
217  4.6491e-98
218  1.6405e-22
219  2.0783e-23
220  3.4674e-23
221  7.6911e-320
222  2.9121e-19
223  5.1796e-18
224  1.9583e-19
225  2.9302e-40
226  4.4560e-14
227  3.6102e-15
228  6.2976e-13
229  1.0930e-29
230  2.1001e-12
231  5.4000e-12
232  2.7565e-07
233  6.0572e-26
234  6.8385e-12
235  1.1639e-07
236  3.7846e-10
237  1.4188e-318
238  1.2441e-07
239  1.6822e-19
240  7.4901e-14
241  0.0000e+00
242  2.4141e-124
243  5.1425e-20
244  9.1172e-10
245  0.0000e+00
246  1.2842e-11
247  1.0854e-16
248  1.0461e-123
249  0.0000e+00
250  0.0000e+00
251  9.7473e-314
252  0.0000e+00
253  0.0000e+00
254  0.0000e+00
255  0.0000e+00
256  0.0000e+00
257  4.8132e-26
258  6.7215e-09
259  4.4277e-26
260  4.5680e-09
261  2.8796e-09
262  2.2292e-09
263  1.4576e-09
264  1.0359e-09
265  5.4559e-10
266  4.0733e-10
267  1.1725e-10
268  5.6439e-11
269  4.6502e-11
270  1.7982e-11
271  5.9247e-12
272  1.9622e-12
273  7.4528e-13
274  4.3887e-13
275  1.2994e-13
276  1.1754e-13
277  5.5651e-14
278  7.6929e-14
279  4.4571e-14
280  3.4745e-14
281  3.5570e-14
282  9.3326e-14
283  8.5248e-14
284  8.5919e-14
285  6.3412e-14
286  4.7957e-14
287  2.8792e-14
288  1.5910e-14
289  7.3060e-15
290  5.4752e-15
291  3.4794e-15
292  1.0835e-14
293  3.0886e-15
294  3.0337e-15
295  1.0643e-15
296  3.4904e-16
297  9.5522e-17
298  2.4735e-17
299  1.7360e-21
300  1.9689e-20
301  1.7118e-16
302  1.1013e-16
303  5.3034e-17
304  6.9687e-17
305  1.6977e-17
306  9.8592e-18
307  1.5015e-18
308  1.1002e-18
309  3.8002e-19
310  3.9102e-19
311  8.6820e-20
312  3.8788e-20
313  1.0622e-20
314  1.9648e-20
315  4.9505e-21
316  2.2466e-20
317  7.7552e-21
318  1.8590e-20
319  7.9046e-21
320  2.6093e-21
321  5.4697e-22
322  6.6778e-22
323  1.5723e-22
324  1.1795e-22
325  3.7544e-23
326  6.3876e-23
327  4.5701e-23
328  0.0000e+00
329  0.0000e+00
330  0.0000e+00
331  0.0000e+00
332  0.0000e+00
333  0.0000e+00
334  0.0000e+00
335  0.0000e+00
336  0.0000e+00
337  0.0000e+00

