1  4.5805e-10
2  1.6895e-15
3  2.6955e-19
4  1.7723e-01
5  0.0000e+00
6  5.8067e-17
7  2.6205e-19
8  1.7233e-14
9  1.1552e-18
10  1.0872e-17
11  3.0376e-20
12  2.9007e-08
13  2.9588e-14
14  1.6722e-13
15  1.0526e-09
16  1.3353e-09
17  3.0232e-14
18  3.2912e-10
19  4.5898e-10
20  2.2354e-10
21  5.1156e-11
22  8.7518e-11
23  1.1372e-10
24  1.7991e-10
25  2.9925e-10
26  1.5265e-09
27  1.1231e-09
28  4.9554e-09
29  3.8907e-09
30  1.7363e-08
31  2.2716e-09
32  2.6371e-08
33  7.2275e-08
34  5.3183e-08
35  3.4158e-08
36  5.7632e-08
37  2.6008e-07
38  5.2586e-07
39  1.7551e-07
40  1.8775e-07
41  1.5682e-07
42  4.2777e-07
43  2.1457e-07
44  4.7650e-07
45  5.9928e-07
46  1.7352e-06
47  1.3712e-06
48  4.9637e-07
49  1.6097e-06
50  2.5630e-06
51  1.1154e-06
52  6.4800e-08
53  2.0107e-06
54  7.0976e-06
55  4.2429e-07
56  2.1017e-06
57  3.1644e-07
58  9.7047e-08
59  1.0059e-07
60  2.1432e-07
61  5.4013e-07
62  4.6852e-07
63  7.6323e-07
64  6.3832e-08
65  5.2069e-08
66  3.1869e-07
67  1.9724e-07
68  1.0635e-07
69  8.8006e-08
70  2.1225e-07
71  3.6955e-08
72  9.1022e-08
73  5.0424e-07
74  1.5168e-06
75  8.7006e-06
76  1.1991e-05
77  2.3391e-05
78  2.4749e-05
79  7.8506e-06
80  1.8508e-05
81  4.4262e-06
82  1.2222e-05
83  3.6928e-05
84  1.0787e-05
85  9.2204e-06
86  2.0708e-05
87  2.3475e-06
88  1.1104e-05
89  7.6068e-06
90  1.1986e-05
91  6.7635e-06
92  4.3835e-05
93  5.2458e-06
94  6.8862e-06
95  5.8794e-06
96  1.6574e-05
97  1.0542e-05
98  2.2708e-06
99  1.5896e-05
100  4.9830e-05
101  9.1974e-05
102  2.0448e-05
103  1.5736e-05
104  6.0445e-05
105  3.2442e-05
106  4.2285e-05
107  4.3195e-05
108  2.0907e-05
109  1.4547e-05
110  3.6915e-05
111  1.3876e-05
112  4.0649e-05
113  1.4983e-05
114  1.2633e-05
115  6.8879e-06
116  5.0135e-06
117  9.7684e-06
118  8.0743e-06
119  5.0198e-06
120  2.4153e-05
121  2.4567e-05
122  5.4903e-05
123  4.4914e-05
124  1.6446e-04
125  2.2843e-04
126  5.9611e-04
127  2.6855e-04
128  1.5546e-04
129  4.6980e-05
130  2.5335e-06
131  2.7314e-08
132  1.9286e-08
133  2.0134e-08
134  5.4937e-09
135  3.5307e-10
136  4.5330e-11
137  1.3701e-12
138  1.2254e-12
139  2.7043e-11
140  5.7994e-11
141  2.2453e-12
142  6.6531e-12
143  6.1606e-12
144  7.6921e-13
145  6.0366e-14
146  1.4778e-13
147  5.8312e-13
148  1.4638e-12
149  5.8664e-13
150  6.4578e-13
151  3.4846e-13
152  5.8407e-13
153  2.7771e-13
154  2.6707e-13
155  1.6193e-13
156  4.2801e-14
157  4.7142e-14
158  3.4717e-14
159  3.9069e-15
160  9.1120e-15
161  6.9342e-15
162  3.5141e-15
163  2.0058e-15
164  3.1959e-15
165  1.6786e-15
166  2.7511e-15
167  8.9180e-16
168  4.5875e-16
169  4.9213e-16
170  9.1626e-17
171  3.5097e-17
172  1.9980e-17
173  8.2722e-18
174  6.6291e-18
175  1.7319e-18
176  1.2687e-18
177  4.9181e-19
178  9.0821e-20
179  5.2254e-20
180  6.6155e-20
181  6.8834e-20
182  3.9620e-20
183  1.7890e-20
184  1.1402e-20
185  5.8121e-21
186  5.0676e-21
187  2.4563e-21
188  2.1781e-21
189  1.0050e-21
190  9.3909e-22
191  2.8017e-22
192  1.0456e-22
193  2.5743e-23
194  1.5013e-23
195  5.2221e-24
196  1.7074e-24
197  3.7831e-25
198  0.0000e+00
199  0.0000e+00
200  0.0000e+00
201  0.0000e+00
202  0.0000e+00
203  0.0000e+00
204  0.0000e+00
205  0.0000e+00
206  0.0000e+00
207  0.0000e+00
208  0.0000e+00
209  0.0000e+00
210  0.0000e+00
211  0.0000e+00
212  0.0000e+00
213  0.0000e+00
214  0.0000e+00
215  0.0000e+00
216  0.0000e+00
217  0.0000e+00
218  0.0000e+00
219  0.0000e+00
220  0.0000e+00
221  0.0000e+00
222  0.0000e+00
223  0.0000e+00
224  0.0000e+00
225  0.0000e+00
226  0.0000e+00
227  0.0000e+00
228  0.0000e+00
229  0.0000e+00
230  0.0000e+00
231  0.0000e+00
232  0.0000e+00
233  0.0000e+00
234  0.0000e+00
235  0.0000e+00
236  0.0000e+00
237  0.0000e+00
238  0.0000e+00
239  0.0000e+00
240  0.0000e+00
241  0.0000e+00
242  0.0000e+00
243  0.0000e+00
244  0.0000e+00
245  0.0000e+00
246  0.0000e+00
247  0.0000e+00
248  0.0000e+00
249  0.0000e+00
250  0.0000e+00
251  0.0000e+00
252  0.0000e+00
253  0.0000e+00
254  0.0000e+00
255  0.0000e+00
256  0.0000e+00
257  0.0000e+00
258  0.0000e+00
259  0.0000e+00
260  0.0000e+00
261  0.0000e+00
262  0.0000e+00
263  0.0000e+00
264  0.0000e+00
265  0.0000e+00
266  0.0000e+00
267  0.0000e+00
268  0.0000e+00
269  0.0000e+00
270  0.0000e+00
271  0.0000e+00
272  0.0000e+00
273  0.0000e+00
274  0.0000e+00
275  0.0000e+00
276  0.0000e+00
277  0.0000e+00
278  0.0000e+00
279  0.0000e+00
280  0.0000e+00
281  0.0000e+00
282  0.0000e+00
283  0.0000e+00
284  0.0000e+00
285  0.0000e+00
286  0.0000e+00
287  0.0000e+00
288  0.0000e+00
289  0.0000e+00
290  0.0000e+00
291  0.0000e+00
292  0.0000e+00
293  0.0000e+00
294  0.0000e+00
295  0.0000e+00
296  0.0000e+00
297  0.0000e+00
298  0.0000e+00
299  0.0000e+00
300  0.0000e+00
301  0.0000e+00
302  0.0000e+00
303  0.0000e+00
304  0.0000e+00
305  0.0000e+00
306  0.0000e+00
307  0.0000e+00
308  0.0000e+00
309  0.0000e+00
310  0.0000e+00
311  0.0000e+00
312  0.0000e+00
313  0.0000e+00
314  0.0000e+00
315  0.0000e+00
316  0.0000e+00
317  0.0000e+00
318  0.0000e+00
319  0.0000e+00
320  0.0000e+00
321  0.0000e+00
322  0.0000e+00
323  0.0000e+00
324  0.0000e+00
325  0.0000e+00
326  0.0000e+00
327  0.0000e+00
328  0.0000e+00
329  0.0000e+00
330  0.0000e+00
331  0.0000e+00
332  0.0000e+00
333  0.0000e+00
334  0.0000e+00
335  0.0000e+00
336  0.0000e+00
337  0.0000e+00

