1  1.1946e-10
2  1.7212e-01
3  2.9114e-18
4  2.2073e-15
5  1.2287e-18
6  4.0128e-08
7  2.8020e-10
8  2.3879e-09
9  4.9547e-11
10  6.1451e-10
11  6.1551e-12
12  1.4621e-09
13  9.4863e-10
14  2.0566e-08
15  1.7584e-09
16  8.7710e-08
17  2.0665e-07
18  3.9775e-07
19  1.0256e-07
20  2.6086e-06
21  2.0333e-07
22  4.7685e-06
23  1.0511e-06
24  1.1224e-05
25  3.7961e-07
26  2.1134e-06
27  2.9453e-07
28  1.2592e-06
29  7.7042e-07
30  9.1793e-07
31  1.4507e-07
32  1.3995e-05
33  8.1759e-06
34  7.7197e-05
35  1.1121e-05
36  7.4754e-05
37  1.4058e-05
38  9.9139e-06
39  1.3105e-05
40  9.1695e-05
41  8.6010e-06
42  9.2260e-05
43  4.3793e-30
44  3.4604e-04
45  3.1467e-05
46  3.8487e-04
47  1.5115e-04
48  1.9279e-04
49  1.0957e-05
50  2.3584e-04
51  6.7155e-05
52  7.0665e-04
53  1.9030e-04
54  3.2714e-05
55  2.0651e-09
56  4.8630e-11
57  2.4012e-12
58  5.4136e-12
59  2.3500e-13
60  5.3228e-13
61  1.6865e-315
62  1.0466e-13
63  2.2906e-14
64  8.3891e-15
65  6.4064e-17
66  2.7081e-16
67  2.5838e-17
68  6.6034e-17
69  7.5153e-18
70  8.1645e-19
71  1.5694e-20
72  5.1064e-21
73  1.1433e-22
74  8.8959e-23
75  8.1606e-24
76  2.1733e-24
77  0.0000e+00
78  0.0000e+00
79  0.0000e+00
80  0.0000e+00
81  0.0000e+00
82  0.0000e+00
83  0.0000e+00
84  0.0000e+00
85  0.0000e+00
86  0.0000e+00
87  0.0000e+00
88  0.0000e+00
89  0.0000e+00
90  0.0000e+00
91  0.0000e+00
92  0.0000e+00
93  0.0000e+00
94  0.0000e+00
95  0.0000e+00
96  0.0000e+00
97  0.0000e+00
98  0.0000e+00
99  0.0000e+00
100  0.0000e+00
101  0.0000e+00
102  0.0000e+00
103  0.0000e+00
104  0.0000e+00
105  0.0000e+00
106  0.0000e+00
107  0.0000e+00
108  0.0000e+00
109  0.0000e+00
110  0.0000e+00
111  0.0000e+00
112  0.0000e+00
113  0.0000e+00
114  0.0000e+00
115  0.0000e+00
116  0.0000e+00
117  0.0000e+00
118  0.0000e+00

