1  4.6149e-16
2  3.2258e-03
3  1.1297e-35
4  7.3462e-20
5  4.0671e-21
6  2.7850e-09
7  1.9821e-19
8  1.3281e-11
9  3.4191e-20
10  6.3545e-12
11  2.9954e-15
12  4.9678e-12
13  1.0992e-12
14  1.7333e-11
15  1.4478e-12
16  5.5971e-11
17  1.6873e-11
18  1.5498e-10
19  1.2545e-11
20  2.8352e-10
21  6.3191e-11
22  5.0516e-10
23  1.6260e-10
24  1.1209e-08
25  3.7013e-08
26  5.1294e-05
27  7.6200e-06
28  9.6594e-03
29  3.2741e-04
30  1.7926e-03
31  2.4754e-05
32  2.7822e-04
33  6.2859e-06
34  9.1988e-05
35  7.1913e-06
36  5.8554e-05
37  5.9725e-05
38  2.2050e-03
39  4.2831e-05
40  9.1367e-06
41  9.6012e-10
42  1.4507e-10
43  3.5120e-30
44  7.2003e-15
45  7.1204e-19
46  1.8885e-19
47  2.2975e-22
48  5.3884e-24
49  2.5777e-27
50  1.4202e-28
51  0.0000e+00
52  0.0000e+00
53  0.0000e+00
54  0.0000e+00
55  0.0000e+00
56  0.0000e+00
57  0.0000e+00
58  0.0000e+00
59  0.0000e+00
60  0.0000e+00
61  0.0000e+00
62  0.0000e+00
63  0.0000e+00
64  0.0000e+00
65  0.0000e+00
66  0.0000e+00
67  0.0000e+00
68  0.0000e+00
69  0.0000e+00
70  0.0000e+00
71  0.0000e+00
72  0.0000e+00
73  0.0000e+00
74  0.0000e+00
75  0.0000e+00
76  0.0000e+00
77  0.0000e+00
78  0.0000e+00
79  0.0000e+00
80  0.0000e+00
81  0.0000e+00
82  0.0000e+00
83  0.0000e+00
84  0.0000e+00
85  0.0000e+00
86  0.0000e+00
87  0.0000e+00
88  0.0000e+00
89  0.0000e+00
90  0.0000e+00
91  0.0000e+00
92  0.0000e+00
93  0.0000e+00
94  0.0000e+00
95  0.0000e+00
96  0.0000e+00
97  0.0000e+00
98  0.0000e+00
99  0.0000e+00
100  0.0000e+00
101  0.0000e+00
102  0.0000e+00
103  0.0000e+00
104  0.0000e+00
105  0.0000e+00
106  0.0000e+00
107  0.0000e+00
108  0.0000e+00
109  0.0000e+00
110  0.0000e+00
111  0.0000e+00
112  0.0000e+00
113  0.0000e+00
114  0.0000e+00
115  0.0000e+00
116  0.0000e+00
117  0.0000e+00
118  0.0000e+00

