    1      2  5.9228e-17  1.1846e-16
    3      6  2.8428e-20  1.7057e-19
    4      8  2.2464e-18  1.7971e-17
    4      9  6.7332e-19  6.0599e-18
    5     10  6.0890e-20  6.0890e-19
    6     12  7.9274e-08  9.5129e-07
    6     13  9.0507e-15  1.1766e-13
    7     14  3.2832e-18  4.5965e-17
    7     15  2.0563e-12  3.0844e-11
    8     16  3.7503e-09  6.0005e-08
    8     17  9.1307e-16  1.5522e-14
    8     18  2.2993e-14  4.1387e-13
    9     19  4.7246e-14  8.9768e-13
   10     20  2.1135e-09  4.2269e-08
   10     21  3.2502e-13  6.8253e-12
   10     22  2.0970e-14  4.6135e-13
   11     23  1.2535e-13  2.8831e-12
   12     24  5.2625e-10  1.2630e-08
   12     25  1.5115e-10  3.7788e-09
   12     26  9.0302e-10  2.3478e-08
   13     26  2.1324e-16  5.5442e-15
   13     27  8.8683e-10  2.3944e-08
   14     28  2.3033e-09  6.4493e-08
   14     29  1.1405e-09  3.3073e-08
   14     30  1.3928e-09  4.1783e-08
   15     31  2.9129e-09  9.0301e-08
   16     32  7.9687e-09  2.5500e-07
   16     33  5.1215e-09  1.6901e-07
   16     34  8.4402e-08  2.8697e-06
   16     36  4.0575e-08  1.4607e-06
   17     35  2.1932e-08  7.6760e-07
   17     37  7.8861e-09  2.9179e-07
   18     36  1.1330e-15  4.0789e-14
   18     38  1.1769e-08  4.4723e-07
   18     40  5.9121e-10  2.3648e-08
   19     39  2.6608e-09  1.0377e-07
   19     41  2.5030e-09  1.0262e-07
   20     42  2.8959e-08  1.2163e-06
   20     43  3.4896e-07  1.5005e-05
   20     44  6.3331e-07  2.7866e-05
   20     46  1.0207e-07  4.6950e-06
   21     45  1.1601e-08  5.2202e-07
   22     47  4.2842e-07  2.0136e-05
   22     48  1.4647e-06  7.0307e-05
   22     49  1.5022e-08  7.3609e-07
   22     50  2.1817e-07  1.0909e-05
   23     51  5.5691e-07  2.8402e-05
   24     52  1.5608e-06  8.1159e-05
   24     53  3.2695e-06  1.7328e-04
   24     54  3.1307e-06  1.6906e-04
   25     55  8.3501e-08  4.5926e-06
   26     56  2.8540e-07  1.5982e-05
   26     57  7.2515e-08  4.1333e-06
   26     58  1.5126e-06  8.7731e-05
   27     59  9.9205e-07  5.8531e-05
   28     60  3.0324e-07  1.8195e-05
   28     61  7.6620e-07  4.6738e-05
   28     62  9.5665e-07  5.9312e-05
   28     64  1.3983e-07  8.9492e-06
   29     63  6.9431e-07  4.3741e-05
   29     65  5.5419e-07  3.6022e-05
   30     64  4.4633e-20  2.8565e-18
   30     66  2.0945e-06  1.3824e-04
   30     67  1.3586e-06  9.1026e-05
   30     68  8.3652e-07  5.6883e-05
   30     70  3.6844e-07  2.5790e-05
   31     69  2.4190e-07  1.6691e-05
   31     71  7.5788e-08  5.3810e-06
   32     70  6.2293e-16  4.3605e-14
   32     72  1.6372e-07  1.1788e-05
   32     73  1.5281e-06  1.1155e-04
   32     74  1.3151e-06  9.7315e-05
   32     76  8.2757e-06  6.2895e-04
   33     75  4.7650e-06  3.5738e-04
   34     76  1.3072e-13  9.9350e-12
   34     77  1.5235e-05  1.1731e-03
   34     78  1.9630e-05  1.5312e-03
   34     80  3.3776e-05  2.7021e-03
   34     82  6.3726e-06  5.2256e-04
   35     79  9.6537e-06  7.6264e-04
   35     81  4.5597e-06  3.6933e-04
   36     82  9.5688e-14  7.8464e-12
   36     83  1.5567e-05  1.2920e-03
   36     84  4.8857e-06  4.1040e-04
   36     86  3.9321e-05  3.3816e-03
   37     85  1.3657e-05  1.1609e-03
   37     87  7.2583e-06  6.3147e-04
   38     86  6.1073e-20  5.2523e-18
   38     87  5.3146e-08  4.6237e-06
   38     88  3.4682e-06  3.0520e-04
   39     89  3.0169e-05  2.6850e-03
   40     90  1.3577e-04  1.2220e-02
   40     91  1.3417e-05  1.2209e-03
   40     92  2.3953e-05  2.2037e-03
   40     94  5.1288e-06  4.8210e-04
   41     93  1.9017e-05  1.7686e-03
   42     95  8.0487e-08  7.6462e-06
   42     96  5.9823e-07  5.7430e-05
   42     97  3.9026e-06  3.7855e-04
   42     98  2.7181e-05  2.6638e-03
   42    100  1.2992e-04  1.2992e-02
   44     99  3.7542e-05  3.7167e-03
   44    100  1.4293e-12  1.4293e-10
   44    101  3.6086e-04  3.6447e-02
   44    102  3.7856e-04  3.8613e-02
   44    104  4.1023e-04  4.2664e-02
   45    103  1.2255e-04  1.2623e-02
   46    104  1.4104e-17  1.4668e-15
   46    105  3.8719e-04  4.0655e-02
   46    106  2.1944e-04  2.3260e-02
   46    108  9.9571e-05  1.0754e-02
   46    110  2.2724e-04  2.4997e-02
   47    107  5.4513e-05  5.8329e-03
   47    109  2.0140e-04  2.1953e-02
   48    110  7.7453e-13  8.5198e-11
   48    111  2.7255e-05  3.0253e-03
   48    112  6.7052e-05  7.5098e-03
   48    113  3.6870e-05  4.1663e-03
   48    114  4.4190e-05  5.0377e-03
   48    116  1.3237e-05  1.5355e-03
   49    113  1.6227e-12  1.8336e-10
   49    115  1.2614e-05  1.4506e-03
   50    115  1.0064e-11  1.1574e-09
   50    116  3.5940e-13  4.1690e-11
   50    117  3.3874e-05  3.9633e-03
   50    118  2.2320e-05  2.6337e-03
   50    119  8.8634e-06  1.0547e-03
   50    120  9.0553e-06  1.0866e-03
   50    122  1.3515e-05  1.6488e-03
   50    124  1.7530e-05  2.1737e-03
   51    121  6.4714e-06  7.8304e-04
   51    123  6.9558e-06  8.5557e-04
   52    122  4.3419e-14  5.2971e-12
   52    124  1.3093e-15  1.6236e-13
   52    125  2.8962e-05  3.6202e-03
   52    126  6.3808e-05  8.0399e-03
   52    128  2.3411e-05  2.9966e-03
   52    130  2.7531e-07  3.5791e-05
   53    127  3.2027e-05  4.0675e-03
   53    129  3.5695e-14  4.6047e-12
   54    128  7.0014e-17  8.9618e-15
   54    129  6.9281e-06  8.9373e-04
   54    130  1.4713e-15  1.9127e-13
   54    131  6.9624e-09  9.1207e-07
   54    132  3.0888e-10  4.0772e-08
   54    134  2.6575e-14  3.5610e-12
   54    136  1.6386e-15  2.2284e-13
   55    133  2.9466e-13  3.9190e-11
   56    135  4.7140e-14  6.3639e-12
   56    137  7.9402e-16  1.0878e-13
   56    138  2.1318e-15  2.9419e-13
   57    139  1.3244e-16  1.8409e-14
   58    140  2.8288e-16  3.9603e-14
   58    142  5.9339e-17  8.4261e-15
   59    141  1.3980e-16  1.9711e-14
   60    143  2.1284e-17  3.0436e-15
   60    144  2.4875e-17  3.5820e-15
   60    145  2.6768e-18  3.8813e-16
   60    146  8.3458e-18  1.2185e-15
   60    148  1.4211e-17  2.1033e-15
   60    150  3.6582e-18  5.4873e-16
   62    147  8.8987e-18  1.3081e-15
   62    149  6.0810e-18  9.0606e-16
   62    152  2.6078e-18  3.9639e-16
   62    154  9.3097e-19  1.4337e-16
   63    151  1.0158e-18  1.5339e-16
   63    153  1.3727e-18  2.1003e-16
   64    155  7.7121e-19  1.1954e-16
   64    156  8.1868e-20  1.2771e-17
   64    157  1.4313e-19  2.2471e-17
   64    158  8.2804e-20  1.3083e-17
    1      1  2.8796e-11  2.8796e-11
    2      4  1.5711e-01  6.2844e-01


