    1      2  4.0574e-09  8.1148e-09
    2      3  3.1692e-10  9.5077e-10
    3      6  1.1079e-11  6.6477e-11
    3      7  3.6569e-10  2.5598e-09
    4      8  1.0588e-09  8.4702e-09
    4      9  3.2515e-10  2.9263e-09
    5     10  3.9732e-09  3.9732e-08
    5     11  7.7116e-10  8.4828e-09
    6     12  2.4554e-09  2.9465e-08
    6     13  2.0922e-07  2.7198e-06
    7     14  2.1728e-07  3.0419e-06
    7     15  6.6904e-06  1.0036e-04
    8     16  1.9959e-07  3.1935e-06
    8     17  3.5540e-09  6.0419e-08
    8     18  2.3287e-08  4.1916e-07
    9     19  8.4102e-07  1.5979e-05
   10     20  1.1632e-06  2.3264e-05
   10     21  3.7530e-07  7.8813e-06
   10     22  3.4337e-09  7.5542e-08
   11     23  8.6430e-07  1.9879e-05
   12     24  2.7199e-07  6.5278e-06
   12     25  3.3127e-07  8.2816e-06
   12     26  2.2338e-08  5.8078e-07
   13     26  2.9285e-19  7.6142e-18
   13     27  2.5756e-07  6.9542e-06
   14     28  7.3572e-07  2.0600e-05
   14     29  1.0300e-07  2.9869e-06
   14     30  6.5711e-08  1.9713e-06
   15     31  8.9967e-08  2.7890e-06
   16     32  1.1983e-07  3.8347e-06
   16     33  1.0931e-06  3.6072e-05
   16     34  8.4007e-07  2.8562e-05
   16     36  2.3965e-08  8.6274e-07
   17     35  2.3945e-08  8.3807e-07
   17     37  4.2209e-08  1.5617e-06
   18     36  2.1100e-19  7.5960e-18
   18     38  9.9566e-08  3.7835e-06
   18     40  5.5489e-08  2.2195e-06
   19     39  5.5118e-08  2.1496e-06
   19     41  1.6608e-07  6.8092e-06
   20     42  5.5043e-07  2.3118e-05
   20     43  1.2643e-07  5.4363e-06
   20     44  1.2045e-07  5.2998e-06
   20     46  6.5329e-08  3.0051e-06
   21     45  1.3605e-07  6.1222e-06
   22     46  4.1771e-20  1.9215e-18
   22     47  9.1295e-08  4.2909e-06
   22     48  1.9509e-07  9.3645e-06
   22     49  1.4225e-07  6.9701e-06
   22     50  1.2275e-07  6.1374e-06
   23     51  2.9861e-08  1.5229e-06
   24     52  1.4481e-07  7.5301e-06
   24     53  1.3006e-07  6.8932e-06
   24     54  7.5618e-08  4.0834e-06
   25     55  1.1789e-07  6.4842e-06
   26     56  4.8750e-07  2.7300e-05
   26     57  8.5419e-07  4.8689e-05
   26     58  2.4078e-08  1.3965e-06
   27     59  3.2370e-08  1.9098e-06
   28     60  5.2267e-08  3.1360e-06
   28     61  8.0633e-08  4.9186e-06
   28     62  7.8081e-08  4.8410e-06
   28     64  1.5442e-07  9.8827e-06
   29     63  3.5643e-07  2.2455e-05
   29     65  1.2556e-07  8.1613e-06
   30     64  2.0990e-20  1.3433e-18
   30     66  2.5045e-07  1.6529e-05
   30     67  1.2076e-07  8.0907e-06
   30     68  5.1703e-08  3.5158e-06
   30     70  1.0982e-07  7.6875e-06
   31     69  3.2010e-08  2.2087e-06
   31     71  2.8960e-08  2.0562e-06
   32     70  9.4241e-16  6.5969e-14
   32     72  1.3535e-07  9.7450e-06
   32     73  1.6787e-07  1.2254e-05
   32     74  1.0710e-06  7.9252e-05
   32     76  3.0865e-06  2.3457e-04
   33     75  4.1715e-06  3.1286e-04
   34     76  6.7487e-13  5.1290e-11
   34     77  2.3787e-06  1.8316e-04
   34     78  1.7474e-06  1.3629e-04
   34     80  6.3611e-06  5.0889e-04
   34     82  2.0326e-06  1.6668e-04
   35     79  2.1216e-06  1.6760e-04
   35     81  2.8110e-06  2.2769e-04
   36     82  5.3458e-13  4.3836e-11
   36     83  2.8767e-06  2.3877e-04
   36     84  8.9839e-07  7.5464e-05
   36     86  7.7038e-07  6.6253e-05
   37     85  3.9691e-07  3.3737e-05
   37     87  9.4308e-07  8.2048e-05
   38     86  2.3541e-20  2.0245e-18
   38     87  6.9054e-09  6.0077e-07
   38     88  1.0480e-06  9.2227e-05
   39     89  4.0134e-07  3.5720e-05
   40     90  6.6451e-07  5.9806e-05
   40     91  2.1550e-07  1.9610e-05
   40     92  7.0909e-07  6.5237e-05
   40     94  1.3094e-06  1.2308e-04
   41     93  4.5064e-07  4.1909e-05
   42     95  8.2021e-07  7.7920e-05
   42     96  6.0329e-07  5.7916e-05
   42     97  4.4477e-07  4.3143e-05
   42     98  1.4826e-07  1.4530e-05
   42    100  2.4564e-07  2.4564e-05
   44     99  1.9752e-07  1.9555e-05
   44    100  1.1259e-13  1.1259e-11
   44    101  2.8342e-07  2.8625e-05
   44    102  1.6822e-07  1.7158e-05
   44    104  1.6978e-07  1.7657e-05
   45    103  1.7352e-07  1.7872e-05
   46    104  1.2497e-18  1.2996e-16
   46    105  1.6318e-07  1.7134e-05
   46    106  2.9450e-07  3.1217e-05
   46    108  2.9921e-07  3.2315e-05
   46    110  3.8359e-07  4.2195e-05
   47    107  2.4167e-07  2.5859e-05
   47    109  2.9319e-07  3.1958e-05
   48    110  1.7553e-14  1.9308e-12
   48    111  8.3588e-08  9.2782e-06
   48    112  2.0658e-07  2.3137e-05
   48    113  8.8098e-08  9.9551e-06
   48    114  8.3605e-08  9.5310e-06
   48    116  4.5245e-08  5.2485e-06
   49    113  3.8772e-15  4.3813e-13
   49    115  8.1086e-08  9.3249e-06
   50    115  6.4695e-14  7.4399e-12
   50    116  2.1544e-14  2.4991e-12
   50    117  9.9007e-08  1.1584e-05
   50    118  1.2425e-07  1.4661e-05
   50    119  1.0314e-07  1.2273e-05
   50    120  5.2070e-07  6.2484e-05
   50    122  1.2339e-06  1.5053e-04
   50    124  5.5865e-06  6.9272e-04
   51    121  4.8838e-07  5.9094e-05
   51    123  1.3348e-06  1.6418e-04
   52    122  1.6698e-14  2.0372e-12
   52    124  4.1304e-16  5.1217e-14
   52    125  5.9678e-06  7.4597e-04
   52    126  1.0519e-05  1.3254e-03
   52    128  7.0065e-06  8.9683e-04
   52    130  1.8720e-06  2.4336e-04
   53    127  8.4370e-06  1.0715e-03
   53    129  2.0285e-14  2.6168e-12
   54    128  7.1397e-16  9.1388e-14
   54    129  5.3513e-06  6.9032e-04
   54    130  2.4061e-14  3.1280e-12
   54    131  1.7940e-06  2.3502e-04
   54    132  2.7515e-06  3.6320e-04
   54    134  2.7070e-06  3.6274e-04
   54    136  2.0469e-06  2.7838e-04
   55    133  3.2798e-06  4.3621e-04
   56    134  7.8209e-18  1.0480e-15
   56    135  1.1249e-06  1.5186e-04
   56    136  2.9011e-15  3.9455e-13
   56    137  2.7692e-06  3.7938e-04
   56    138  2.7770e-06  3.8323e-04
   57    139  1.6205e-06  2.2526e-04
   58    140  2.3712e-06  3.3197e-04
   58    142  1.0839e-06  1.5391e-04
   59    141  2.0262e-06  2.8569e-04
   60    142  8.0968e-18  1.1497e-15
   60    143  1.1932e-06  1.7062e-04
   60    144  1.7744e-06  2.5552e-04
   60    145  1.5294e-06  2.2176e-04
   60    146  2.2555e-06  3.2930e-04
   60    148  1.8510e-06  2.7394e-04
   60    150  1.3710e-06  2.0565e-04
   62    147  2.0633e-06  3.0330e-04
   62    148  1.0842e-12  1.6047e-10
   62    149  1.1080e-06  1.6509e-04
   62    150  2.9278e-12  4.3917e-10
   62    152  1.6712e-06  2.5402e-04
   62    154  2.3483e-06  3.6164e-04
   63    151  1.1498e-06  1.7362e-04
   63    153  1.0667e-06  1.6320e-04
   64    154  3.8076e-14  5.8637e-12
   64    155  1.5362e-06  2.3810e-04
   64    156  2.1308e-06  3.3240e-04
   64    157  1.5894e-06  2.4954e-04
   64    158  2.7930e-06  4.4130e-04
   64    160  2.2247e-06  3.5596e-04
   65    159  7.9798e-07  1.2688e-04
   66    160  6.0671e-15  9.7074e-13
   66    161  1.2210e-06  1.9659e-04
   66    162  1.7674e-06  2.8631e-04
   66    163  1.1774e-06  1.9192e-04
   66    164  3.3707e-06  5.5279e-04
   67    165  1.8586e-06  3.0666e-04
   68    166  3.9155e-06  6.4998e-04
   68    167  1.9705e-06  3.2907e-04
   68    168  2.3403e-06  3.9317e-04
   68    170  1.7294e-06  2.9401e-04
   69    169  2.8782e-06  4.8642e-04
   70    170  4.0485e-15  6.8824e-13
   70    171  1.4090e-06  2.4093e-04
   70    172  1.2322e-06  2.1194e-04
   70    173  1.0648e-06  1.8421e-04
   70    174  1.7521e-06  3.0487e-04
   70    176  1.3106e-06  2.3067e-04
   71    175  1.0865e-06  1.9013e-04
   71    176  3.3420e-16  5.8820e-14
   72    176  3.1290e-18  5.5070e-16
   72    177  1.5471e-06  2.7383e-04
   72    178  1.7365e-06  3.0910e-04
   72    179  1.6657e-06  2.9817e-04
   72    180  2.3518e-06  4.2332e-04
   73    181  2.6292e-06  4.7589e-04
   74    182  3.6145e-06  6.5783e-04
   74    183  2.3120e-06  4.2310e-04
   74    184  3.8898e-06  7.1572e-04
   74    186  6.0702e-06  1.1291e-03
   75    185  2.6996e-06  4.9943e-04
   75    187  4.3906e-06  8.2104e-04
   76    186  7.9729e-18  1.4830e-15
   76    187  3.5683e-08  6.6727e-06
   76    188  1.1453e-05  2.1532e-03
   76    189  1.2074e-05  2.2819e-03
   76    190  2.6210e-05  4.9800e-03
   76    192  5.2371e-05  1.0055e-02
   77    191  3.4176e-05  6.5276e-03
   77    193  5.9736e-05  1.1529e-02
   78    192  2.7444e-15  5.2692e-13
   78    194  6.1783e-05  1.1986e-02
   78    195  4.9607e-05  9.6733e-03
   78    196  2.6510e-05  5.1959e-03
   78    198  5.1062e-06  1.0110e-03
   79    197  1.4738e-05  2.9034e-03
   80    198  1.3127e-15  2.5992e-13
   80    199  4.0898e-06  8.1386e-04
   80    200  5.0171e-06  1.0034e-03
   80    201  4.1286e-06  8.2986e-04
   80    202  5.9418e-06  1.2002e-03
   80    204  7.1408e-06  1.4567e-03
   80    206  7.2247e-15  1.4883e-12
   81    203  5.1915e-06  1.0539e-03
   81    205  7.5999e-06  1.5580e-03
   81    207  6.8839e-20  1.4250e-17
   82    204  7.6236e-19  1.5552e-16
   82    206  6.9987e-05  1.4417e-02
   82    207  6.1755e-05  1.2783e-02
   82    208  7.0333e-05  1.4629e-02
   82    210  9.0381e-13  1.8980e-10
   82    211  2.4393e-18  5.1468e-16
   82    212  3.0381e-18  6.4407e-16
   82    214  4.2153e-19  9.0207e-17
   83    209  6.2120e-05  1.2983e-02
   83    210  1.8959e-17  3.9814e-15
   83    211  3.0992e-20  6.5394e-18
   83    212  9.0783e-20  1.9246e-17
   83    214  5.2105e-20  1.1150e-17
   84    210  5.2347e-16  1.0993e-13
   86    222  1.4450e-17  3.2078e-15
   88    223  2.3846e-16  5.3178e-14
   88    224  7.8508e-18  1.7586e-15
   88    226  2.2110e-12  4.9970e-10
   88    228  2.5245e-11  5.7560e-09
   89    227  1.6583e-13  3.7644e-11
   89    228  5.5257e-19  1.2599e-16
   90    227  3.8326e-16  8.7001e-14
   90    228  1.5077e-15  3.4375e-13
   90    230  1.0421e-10  2.3967e-08
   90    231  2.2182e-17  5.1240e-15
   90    232  1.1051e-05  2.5638e-03
   90    234  3.5235e-17  8.2450e-15
   91    231  2.4862e-10  5.7430e-08
   91    234  1.0552e-18  2.4691e-16
   92    234  3.3932e-10  7.9401e-08
   92    235  5.3583e-06  1.2592e-03
   92    236  2.1546e-08  5.0849e-06
   92    238  6.1730e-06  1.4692e-03
   92    240  1.0813e-18  2.5950e-16
   93    240  7.6338e-20  1.8321e-17
   94    239  1.3926e-17  3.3284e-15
   94    240  4.2647e-12  1.0235e-09
   94    244  5.1912e-08  1.2666e-05
   95    243  4.2573e-18  1.0345e-15
   96    244  1.4089e-17  3.4378e-15
   96    247  8.9856e-15  2.2194e-12
   97    246  7.4455e-10  1.8316e-07
  100    258  8.8620e-07  2.2864e-04
  100    260  7.4735e-07  1.9431e-04
  100    262  5.7079e-07  1.4955e-04
  102    261  5.4967e-07  1.4347e-04
  102    263  5.0164e-07  1.3193e-04
  102    264  4.0571e-07  1.0711e-04
  102    266  2.4596e-07  6.5425e-05
  103    265  2.4677e-07  6.5395e-05
  104    267  1.0234e-07  2.7325e-05
  104    268  6.2930e-08  1.6865e-05
  104    270  3.4089e-08  9.2039e-06
  104    272  1.2785e-08  3.4775e-06
  104    274  2.1906e-09  6.0022e-07
  105    269  6.1812e-08  1.6627e-05
  105    271  2.2063e-08  5.9790e-06
  106    273  5.2070e-09  1.4215e-06
  106    275  5.8676e-10  1.6136e-07
  106    276  5.4209e-10  1.4962e-07
  106    278  1.1069e-09  3.0771e-07
  106    280  6.4915e-10  1.8176e-07
  107    277  4.1225e-10  1.1419e-07
  108    279  9.9390e-10  2.7730e-07
  108    281  3.8530e-10  1.0827e-07
  108    282  9.0973e-10  2.5654e-07
  108    283  8.8883e-10  2.5154e-07
  108    284  9.2455e-10  2.6257e-07
  108    286  7.0696e-10  2.0219e-07
  110    285  7.6155e-10  2.1704e-07
  110    286  3.2127e-20  9.1883e-18
  110    287  5.4081e-10  1.5521e-07
  110    288  3.5264e-10  1.0156e-07
  110    290  1.4758e-10  4.2798e-08
  111    289  1.7406e-10  5.0302e-08
  111    291  9.7639e-11  2.8413e-08
  111    292  4.0640e-10  1.1867e-07
  111    293  1.4597e-10  4.2770e-08
  111    294  1.5166e-10  4.4589e-08
  111    295  5.3880e-11  1.5894e-08
  111    296  1.8042e-11  5.3405e-09
  111    297  5.1364e-12  1.5255e-09
  111    298  1.4118e-12  4.2073e-10
  111    299  1.4238e-16  4.2572e-14
  111    300  1.6239e-15  4.8718e-13
  111    301  6.8465e-12  2.0608e-09
  111    302  1.1911e-11  3.5971e-09
  111    303  6.9056e-12  2.0924e-09
  111    304  5.9461e-12  1.8076e-09
  111    305  1.0900e-12  3.3244e-10
  111    306  2.3518e-12  7.1964e-10
  111    307  2.9965e-13  9.1994e-11
  111    308  1.6384e-13  5.0462e-11
  111    309  3.8363e-14  1.1854e-11
  111    310  1.3577e-13  4.2088e-11
  111    311  2.8901e-14  8.9883e-12
  111    312  1.7629e-14  5.5002e-12
  111    313  9.2266e-15  2.8879e-12
  111    314  5.5790e-15  1.7518e-12
  111    315  2.8484e-15  8.9725e-13
  111    316  7.0884e-15  2.2400e-12
  111    317  1.6712e-15  5.2976e-13
  111    318  8.7454e-15  2.7810e-12
  111    319  3.5774e-15  1.1412e-12
  111    320  2.6955e-15  8.6257e-13
  111    321  8.7473e-16  2.8079e-13
  111    322  4.7698e-16  1.5359e-13
  111    323  1.3341e-16  4.3092e-14
  111    324  2.1654e-16  7.0158e-14
  111    325  1.6286e-17  5.2930e-15
  111    326  4.6253e-17  1.5078e-14
  111    327  1.9553e-16  6.3940e-14
  111    329  9.3148e-19  3.0646e-16
  111    331  4.9021e-20  1.6226e-17
  111    332  2.4243e-20  8.0486e-18
  111    333  3.1071e-20  1.0347e-17
  111    337  3.0981e-19  1.0441e-16
    1      1  2.1855e-09  2.1855e-09
    2      4  2.0823e-01  8.3294e-01


