    1      2  1.0508e-08  2.1016e-08
    2      3  8.4056e-10  2.5217e-09
    3      6  2.3051e-11  1.3830e-10
    3      7  1.9325e-09  1.3527e-08
    4      8  1.2721e-08  1.0177e-07
    4      9  5.4772e-09  4.9295e-08
    5     10  1.4366e-07  1.4366e-06
    5     11  3.0259e-09  3.3285e-08
    6     12  6.6001e-09  7.9201e-08
    6     13  1.3644e-07  1.7737e-06
    7     14  6.1418e-08  8.5986e-07
    7     15  1.0458e-05  1.5686e-04
    8     16  2.8401e-07  4.5442e-06
    8     17  1.0151e-08  1.7257e-07
    8     18  5.9675e-08  1.0741e-06
    9     19  8.9719e-07  1.7047e-05
   10     20  1.3033e-06  2.6066e-05
   10     21  6.3926e-07  1.3425e-05
   10     22  6.1660e-09  1.3565e-07
   11     23  8.2853e-07  1.9056e-05
   12     24  2.9863e-07  7.1671e-06
   12     25  4.2588e-07  1.0647e-05
   12     26  6.3474e-08  1.6503e-06
   13     26  7.4566e-20  1.9387e-18
   13     27  1.0133e-07  2.7358e-06
   14     28  1.8666e-07  5.2265e-06
   14     29  5.4509e-08  1.5808e-06
   14     30  4.4818e-08  1.3445e-06
   15     31  3.0322e-08  9.3998e-07
   16     32  7.2928e-08  2.3337e-06
   16     33  3.9221e-07  1.2943e-05
   16     34  3.0746e-07  1.0454e-05
   16     36  1.5718e-08  5.6585e-07
   17     35  1.4448e-08  5.0569e-07
   17     37  6.2213e-09  2.3019e-07
   18     36  8.9686e-19  3.2287e-17
   18     38  2.7769e-08  1.0552e-06
   18     40  8.5018e-09  3.4007e-07
   19     39  2.3575e-08  9.1943e-07
   19     41  3.5462e-08  1.4539e-06
   20     42  1.3755e-07  5.7771e-06
   20     43  2.8632e-08  1.2312e-06
   20     44  3.7165e-08  1.6353e-06
   20     46  6.1629e-09  2.8350e-07
   21     45  3.6682e-08  1.6507e-06
   22     46  4.6076e-20  2.1195e-18
   22     47  9.8886e-09  4.6476e-07
   22     48  1.7264e-08  8.2865e-07
   22     49  1.3775e-08  6.7497e-07
   22     50  1.2588e-08  6.2942e-07
   23     51  7.4833e-09  3.8165e-07
   24     52  1.7373e-08  9.0340e-07
   24     53  1.9062e-08  1.0103e-06
   24     54  6.1831e-09  3.3389e-07
   25     55  2.0483e-09  1.1266e-07
   26     56  2.9791e-08  1.6683e-06
   26     57  8.6472e-08  4.9289e-06
   26     58  1.6790e-09  9.7382e-08
   27     59  1.3713e-09  8.0905e-08
   28     60  4.1509e-09  2.4905e-07
   28     61  5.0266e-09  3.0662e-07
   28     62  4.5171e-09  2.8006e-07
   28     64  1.9235e-08  1.2311e-06
   29     63  1.1187e-07  7.0477e-06
   29     65  3.2560e-08  2.1164e-06
   30     64  5.3731e-20  3.4388e-18
   30     66  6.8604e-08  4.5279e-06
   30     67  1.8402e-07  1.2329e-05
   30     68  2.4865e-08  1.6908e-06
   30     70  4.6552e-08  3.2586e-06
   31     69  1.0216e-08  7.0493e-07
   31     71  1.2094e-08  8.5869e-07
   32     70  1.0694e-15  7.4858e-14
   32     72  3.4499e-08  2.4839e-06
   32     73  3.3281e-08  2.4295e-06
   32     74  1.6987e-07  1.2570e-05
   32     76  3.4708e-07  2.6378e-05
   33     75  6.4698e-07  4.8523e-05
   34     76  4.5110e-13  3.4284e-11
   34     77  6.1745e-07  4.7544e-05
   34     78  5.4798e-07  4.2742e-05
   34     80  1.6110e-06  1.2888e-04
   34     82  4.3957e-07  3.6044e-05
   35     79  3.9155e-07  3.0933e-05
   35     81  4.3816e-07  3.5491e-05
   36     82  3.1101e-13  2.5503e-11
   36     83  5.0333e-07  4.1776e-05
   36     84  1.2041e-07  1.0114e-05
   36     86  6.1522e-08  5.2909e-06
   37     85  8.0856e-08  6.8728e-06
   37     87  7.0160e-08  6.1039e-06
   38     86  1.6894e-20  1.4529e-18
   38     87  5.1372e-10  4.4694e-08
   38     88  6.9156e-08  6.0857e-06
   39     89  5.4366e-08  4.8386e-06
   40     90  7.1209e-08  6.4088e-06
   40     91  5.7144e-08  5.2001e-06
   40     92  1.0050e-07  9.2459e-06
   40     94  2.3441e-07  2.2034e-05
   41     93  8.2171e-08  7.6419e-06
   42     95  9.4541e-08  8.9814e-06
   42     96  4.4588e-08  4.2805e-06
   42     97  1.1107e-07  1.0774e-05
   42     98  3.3321e-08  3.2655e-06
   42    100  5.8202e-08  5.8202e-06
   44     99  4.3325e-08  4.2892e-06
   44    100  8.4772e-14  8.4772e-12
   44    101  5.0608e-08  5.1114e-06
   44    102  4.8372e-08  4.9340e-06
   44    104  1.7116e-08  1.7800e-06
   45    103  5.3438e-08  5.5041e-06
   46    104  1.2084e-18  1.2568e-16
   46    105  1.1038e-08  1.1589e-06
   46    106  3.9537e-08  4.1910e-06
   46    108  4.6090e-08  4.9777e-06
   46    110  8.7141e-08  9.5855e-06
   47    107  3.3928e-08  3.6303e-06
   47    109  6.0731e-08  6.6197e-06
   48    110  1.3887e-14  1.5275e-12
   48    111  1.4262e-08  1.5831e-06
   48    112  6.9593e-08  7.7945e-06
   48    113  4.9458e-08  5.5887e-06
   48    114  4.4968e-08  5.1263e-06
   48    116  4.2571e-09  4.9382e-07
   49    113  2.1767e-15  2.4596e-13
   49    115  5.6348e-08  6.4800e-06
   50    115  4.4958e-14  5.1701e-12
   50    116  6.7783e-14  7.8629e-12
   50    117  1.6850e-08  1.9714e-06
   50    118  8.3378e-09  9.8386e-07
   50    119  6.9122e-09  8.2256e-07
   50    120  5.0748e-08  6.0897e-06
   50    122  6.6879e-08  8.1593e-06
   50    124  4.4655e-07  5.5373e-05
   51    121  4.5571e-08  5.5141e-06
   51    123  8.0204e-08  9.8651e-06
   52    122  8.4869e-15  1.0354e-12
   52    124  1.8935e-16  2.3479e-14
   52    125  8.2669e-07  1.0334e-04
   52    126  1.6802e-06  2.1171e-04
   52    128  1.6082e-06  2.0585e-04
   52    130  7.9744e-07  1.0367e-04
   53    127  1.9567e-06  2.4850e-04
   53    129  8.3070e-15  1.0716e-12
   54    128  5.5918e-16  7.1575e-14
   54    129  2.1957e-06  2.8325e-04
   54    130  3.2609e-14  4.2391e-12
   54    131  3.7704e-07  4.9393e-05
   54    132  4.3943e-07  5.8005e-05
   54    134  4.5058e-07  6.0378e-05
   54    136  3.7287e-07  5.0711e-05
   55    133  4.7302e-07  6.2912e-05
   56    134  4.6259e-18  6.1988e-16
   56    135  2.5036e-07  3.3799e-05
   56    136  2.2375e-15  3.0430e-13
   56    137  2.7201e-07  3.7266e-05
   56    138  2.7065e-07  3.7349e-05
   57    139  1.1876e-07  1.6508e-05
   58    140  2.4690e-07  3.4566e-05
   58    142  2.2567e-07  3.2044e-05
   59    141  3.1914e-07  4.4999e-05
   60    142  3.5709e-18  5.0706e-16
   60    143  2.1691e-07  3.1018e-05
   60    144  2.2202e-07  3.1971e-05
   60    145  6.6559e-08  9.6511e-06
   60    146  1.4812e-07  2.1625e-05
   60    148  9.5319e-08  1.4107e-05
   60    150  5.2186e-08  7.8279e-06
   62    147  2.1735e-07  3.1950e-05
   62    148  3.4626e-13  5.1247e-11
   62    149  2.3136e-08  3.4473e-06
   62    150  3.0304e-13  4.5457e-11
   62    152  7.5223e-08  1.1434e-05
   62    154  6.1904e-08  9.5333e-06
   63    151  1.4081e-08  2.1262e-06
   63    153  5.8294e-08  8.9190e-06
   64    154  7.4050e-15  1.1404e-12
   64    155  2.9570e-07  4.5834e-05
   64    156  2.6053e-08  4.0643e-06
   64    157  8.3703e-08  1.3141e-05
   64    158  1.6579e-07  2.6194e-05
   64    160  2.5682e-08  4.1092e-06
   65    159  1.9847e-09  3.1557e-07
   66    160  1.8207e-16  2.9132e-14
   66    161  4.8201e-08  7.7604e-06
   66    162  2.6677e-08  4.3217e-06
   66    163  2.8675e-08  4.6740e-06
   66    164  4.5931e-08  7.5327e-06
   67    165  2.8974e-08  4.7807e-06
   68    166  1.2686e-07  2.1059e-05
   68    167  1.1981e-07  2.0008e-05
   68    168  8.5207e-08  1.4315e-05
   68    170  1.6802e-07  2.8564e-05
   69    169  4.8282e-07  8.1596e-05
   70    170  1.6203e-15  2.7545e-13
   70    171  2.0220e-07  3.4576e-05
   70    172  1.6391e-07  2.8193e-05
   70    173  1.0360e-07  1.7922e-05
   70    174  3.4184e-07  5.9479e-05
   70    176  2.4829e-07  4.3699e-05
   71    175  1.1341e-07  1.9846e-05
   71    176  9.2924e-17  1.6355e-14
   72    176  8.7000e-19  1.5312e-16
   72    177  6.6090e-07  1.1698e-04
   72    178  2.2410e-07  3.9890e-05
   72    179  1.3440e-07  2.4058e-05
   72    180  2.2102e-07  3.9783e-05
   73    181  3.6467e-07  6.6006e-05
   74    182  3.8661e-07  7.0363e-05
   74    183  2.9263e-07  5.3552e-05
   74    184  3.4250e-07  6.3019e-05
   74    186  2.3579e-07  4.3856e-05
   75    185  2.3994e-07  4.4388e-05
   75    187  2.0153e-07  3.7686e-05
   76    186  1.6251e-18  3.0226e-16
   76    187  1.6378e-09  3.0628e-07
   76    188  2.3835e-07  4.4810e-05
   76    189  1.2618e-07  2.3847e-05
   76    190  4.3226e-07  8.2130e-05
   76    192  1.0264e-06  1.9708e-04
   77    191  4.5898e-07  8.7665e-05
   77    193  3.7869e-07  7.3087e-05
   78    192  1.1102e-16  2.1317e-14
   78    194  1.1701e-06  2.2701e-04
   78    195  1.5988e-06  3.1176e-04
   78    196  3.3237e-06  6.5145e-04
   78    198  5.4049e-06  1.0702e-03
   79    197  5.2031e-06  1.0250e-03
   80    198  1.5760e-15  3.1205e-13
   80    199  2.5811e-06  5.1365e-04
   80    200  3.5819e-06  7.1638e-04
   80    201  1.0440e-06  2.0984e-04
   80    202  7.1980e-07  1.4540e-04
   80    204  6.5668e-08  1.3396e-05
   81    203  1.4977e-07  3.0404e-05
   81    205  5.0223e-08  1.0296e-05
   81    207  7.8069e-20  1.6160e-17
   82    204  6.6777e-20  1.3623e-17
   82    206  7.1730e-06  1.4776e-03
   82    207  7.0939e-06  1.4684e-03
   82    208  4.1470e-06  8.6257e-04
   82    210  9.1868e-13  1.9292e-10
   82    211  2.7663e-18  5.8370e-16
   82    212  2.2242e-18  4.7153e-16
   82    214  4.2846e-19  9.1691e-17
   83    209  1.1622e-05  2.4291e-03
   83    210  1.9271e-17  4.0469e-15
   83    211  3.5148e-20  7.4162e-18
   83    212  6.6463e-20  1.4090e-17
   83    214  5.2962e-20  1.1334e-17
   84    210  5.3208e-16  1.1174e-13
   86    222  1.4688e-17  3.2606e-15
   88    223  2.7044e-16  6.0308e-14
   88    224  5.7477e-18  1.2875e-15
   88    226  2.2474e-12  5.0792e-10
   88    228  1.8482e-11  4.2140e-09
   89    227  1.8807e-13  4.2691e-11
   89    228  4.0454e-19  9.2235e-17
   90    227  4.3466e-16  9.8667e-14
   90    228  1.1038e-15  2.5166e-13
   90    230  1.0592e-10  2.4362e-08
   90    231  2.5156e-17  5.8111e-15
   90    232  8.0903e-06  1.8770e-03
   90    234  3.5815e-17  8.3806e-15
   91    231  2.8195e-10  6.5131e-08
   91    234  1.0725e-18  2.5097e-16
   92    234  3.4490e-10  8.0708e-08
   92    235  6.0769e-06  1.4281e-03
   92    236  3.0502e-08  7.1985e-06
   92    238  6.2746e-06  1.4933e-03
   92    240  1.5310e-18  3.6743e-16
   93    240  1.0809e-19  2.5941e-17
   94    239  3.2595e-17  7.7903e-15
   94    240  6.0384e-12  1.4492e-09
   94    244  7.3502e-08  1.7934e-05
   95    243  9.9644e-18  2.4214e-15
   96    244  1.9949e-17  4.8676e-15
   96    247  2.1031e-14  5.1946e-12
   97    246  1.2682e-09  3.1199e-07
  100    258  1.5237e-06  3.9312e-04
  100    260  2.0891e-06  5.4317e-04
  100    262  3.5117e-06  9.2008e-04
  102    261  2.3896e-06  6.2369e-04
  102    263  5.0607e-06  1.3310e-03
  102    264  7.5170e-06  1.9845e-03
  102    266  1.2108e-05  3.2207e-03
  103    265  9.0309e-06  2.3932e-03
  104    267  7.3292e-06  1.9569e-03
  104    268  8.6379e-06  2.3150e-03
  104    270  2.0150e-05  5.4404e-03
  104    272  2.2766e-05  6.1923e-03
  104    274  2.6721e-05  7.3215e-03
  105    269  2.2038e-05  5.9281e-03
  105    271  1.7359e-05  4.7043e-03
  106    273  2.8966e-05  7.9076e-03
  106    274  1.7916e-19  4.9090e-17
  106    275  1.4630e-05  4.0232e-03
  106    276  1.2590e-05  3.4749e-03
  106    278  2.3426e-06  6.5123e-04
  106    280  1.3416e-06  3.7565e-04
  107    277  2.4530e-06  6.7947e-04
  108    279  1.7964e-06  5.0120e-04
  108    281  1.0152e-06  2.8526e-04
  108    282  4.9025e-06  1.3825e-03
  108    283  5.9563e-06  1.6856e-03
  108    284  6.7352e-06  1.9128e-03
  108    286  7.9571e-06  2.2757e-03
  110    285  6.5718e-06  1.8730e-03
  110    286  8.6048e-16  2.4610e-13
  110    287  9.0781e-06  2.6054e-03
  110    288  8.6340e-06  2.4866e-03
  110    290  1.0466e-05  3.0351e-03
  111    289  6.5884e-06  1.9040e-03
  111    290  3.7004e-16  1.0731e-13
  111    291  8.0024e-06  2.3287e-03
  111    292  4.3652e-05  1.2746e-02
  111    293  1.8472e-05  5.4124e-03
  111    294  2.1862e-05  6.4273e-03
  111    295  8.5648e-06  2.5266e-03
  111    296  3.0789e-06  9.1136e-04
  111    297  9.2285e-07  2.7409e-04
  111    298  2.6441e-07  7.8795e-05
  111    299  3.0991e-11  9.2662e-09
  111    300  3.5563e-10  1.0669e-07
  111    301  4.5870e-06  1.3807e-03
  111    302  3.9555e-06  1.1946e-03
  111    303  1.9491e-06  5.9058e-04
  111    304  4.2013e-06  1.2772e-03
  111    305  4.9353e-06  1.5053e-03
  111    306  5.8200e-06  1.7809e-03
  111    307  9.9225e-07  3.0462e-04
  111    308  1.0607e-06  3.2669e-04
  111    309  6.9648e-07  2.1521e-04
  111    310  9.2473e-07  2.8667e-04
  111    311  6.7552e-07  2.1009e-04
  111    312  4.5391e-07  1.4162e-04
  111    313  3.4214e-07  1.0709e-04
  111    314  4.0495e-07  1.2715e-04
  111    315  2.2087e-07  6.9574e-05
  111    316  3.5965e-07  1.1365e-04
  111    317  2.3702e-07  7.5136e-05
  111    318  4.1248e-07  1.3117e-04
  111    319  4.2398e-07  1.3525e-04
  111    320  4.8017e-07  1.5365e-04
  111    321  1.6910e-07  5.4280e-05
  111    322  2.3016e-07  7.4112e-05
  111    323  2.5146e-07  8.1222e-05
  111    324  3.3701e-07  1.0919e-04
  111    325  2.3520e-08  7.6441e-06
  111    326  1.8433e-07  6.0092e-05
  111    327  2.9403e-07  9.6147e-05
  111    328  2.8202e-09  9.2503e-07
  111    329  9.8844e-08  3.2520e-05
  111    330  3.1579e-09  1.0421e-06
  111    331  3.1947e-09  1.0574e-06
  111    332  7.2714e-09  2.4141e-06
  111    333  9.3472e-10  3.1126e-07
  111    334  4.7968e-10  1.6021e-07
  111    335  1.5273e-10  5.1164e-08
  111    336  2.1679e-10  7.2841e-08
  111    337  8.9693e-09  3.0226e-06
    1      1  5.8235e-09  5.8235e-09
    2      4  2.1394e-01  8.5576e-01


