    1      2  1.4345e-08  2.8689e-08
    2      3  1.1015e-09  3.3044e-09
    3      6  2.8631e-11  1.7179e-10
    3      7  2.6682e-09  1.8678e-08
    4      8  2.8700e-08  2.2960e-07
    4      9  1.3983e-08  1.2584e-07
    5     10  2.7925e-07  2.7925e-06
    5     11  2.0443e-09  2.2487e-08
    6     12  8.5387e-09  1.0246e-07
    6     13  5.7228e-08  7.4397e-07
    7     14  5.6806e-08  7.9528e-07
    7     15  1.1406e-05  1.7110e-04
    8     16  3.7633e-07  6.0212e-06
    8     17  1.5476e-08  2.6309e-07
    8     18  8.7995e-08  1.5839e-06
    9     19  8.6103e-07  1.6360e-05
   10     20  1.2692e-06  2.5383e-05
   10     21  7.7542e-07  1.6284e-05
   10     22  3.1310e-09  6.8881e-08
   11     23  4.1893e-07  9.6355e-06
   12     24  4.5135e-07  1.0832e-05
   12     25  4.7894e-07  1.1974e-05
   12     26  1.0298e-07  2.6776e-06
   13     26  1.0296e-19  2.6770e-18
   13     27  8.8081e-08  2.3782e-06
   14     28  1.4187e-07  3.9724e-06
   14     29  7.2783e-08  2.1107e-06
   14     30  7.1860e-08  2.1558e-06
   15     31  6.6000e-08  2.0460e-06
   16     32  7.6187e-08  2.4380e-06
   16     33  1.0020e-07  3.3066e-06
   16     34  9.4125e-08  3.2002e-06
   16     36  2.0502e-08  7.3806e-07
   17     35  3.2154e-09  1.1254e-07
   17     37  2.2861e-08  8.4585e-07
   18     36  1.3197e-19  4.7510e-18
   18     38  3.2719e-08  1.2433e-06
   18     40  1.0423e-08  4.1694e-07
   19     39  1.1115e-08  4.3349e-07
   19     41  5.5246e-08  2.2651e-06
   20     42  7.7733e-08  3.2648e-06
   20     43  1.1886e-08  5.1110e-07
   20     44  5.0606e-08  2.2267e-06
   20     46  1.6354e-08  7.5227e-07
   21     45  3.6517e-08  1.6433e-06
   22     46  6.8065e-19  3.1310e-17
   22     47  3.6678e-08  1.7238e-06
   22     48  4.0462e-08  1.9422e-06
   22     49  4.9328e-09  2.4171e-07
   22     50  2.1712e-08  1.0856e-06
   23     51  5.2187e-08  2.6616e-06
   24     52  8.4950e-08  4.4174e-06
   24     53  3.6892e-08  1.9553e-06
   24     54  1.8939e-08  1.0227e-06
   25     55  2.0813e-08  1.1447e-06
   26     56  4.4149e-08  2.4723e-06
   26     57  6.9639e-08  3.9694e-06
   26     58  4.8639e-10  2.8211e-08
   27     59  1.3813e-09  8.1496e-08
   28     60  2.5675e-09  1.5405e-07
   28     61  2.5493e-09  1.5551e-07
   28     62  9.8384e-09  6.0998e-07
   28     64  1.6807e-08  1.0757e-06
   29     63  2.9029e-07  1.8288e-05
   29     65  6.6313e-08  4.3104e-06
   30     64  8.8992e-20  5.6955e-18
   30     66  1.4854e-07  9.8036e-06
   30     67  2.1714e-07  1.4549e-05
   30     68  3.3886e-08  2.3043e-06
   30     70  4.8620e-08  3.4034e-06
   31     69  1.0040e-08  6.9276e-07
   31     71  2.0540e-08  1.4583e-06
   32     70  5.3868e-15  3.7707e-13
   32     72  6.6886e-08  4.8158e-06
   32     73  7.0888e-08  5.1748e-06
   32     74  4.2608e-07  3.1530e-05
   32     76  7.1222e-07  5.4129e-05
   33     75  1.4272e-06  1.0704e-04
   34     76  1.8671e-12  1.4190e-10
   34     77  1.4507e-06  1.1170e-04
   34     78  1.1770e-06  9.1809e-05
   34     80  2.1593e-06  1.7275e-04
   34     82  4.1178e-07  3.3766e-05
   35     79  8.8382e-07  6.9822e-05
   35     81  3.2100e-07  2.6001e-05
   36     82  2.1662e-12  1.7763e-10
   36     83  4.3074e-07  3.5751e-05
   36     84  2.0275e-07  1.7031e-05
   36     86  1.4622e-07  1.2575e-05
   37     85  8.3157e-08  7.0683e-06
   37     87  1.6932e-07  1.4731e-05
   38     86  9.8769e-19  8.4941e-17
   38     87  1.2398e-09  1.0786e-07
   38     88  2.0895e-07  1.8388e-05
   39     89  1.4613e-07  1.3006e-05
   40     90  1.9343e-07  1.7408e-05
   40     91  1.9156e-07  1.7432e-05
   40     92  2.8481e-07  2.6202e-05
   40     94  3.3531e-07  3.1519e-05
   41     93  5.5841e-07  5.1932e-05
   42     95  2.8950e-07  2.7502e-05
   42     96  1.0176e-07  9.7690e-06
   42     97  1.7806e-07  1.7272e-05
   42     98  9.0328e-08  8.8522e-06
   42    100  1.0448e-07  1.0448e-05
   44     99  7.2620e-08  7.1894e-06
   44    100  1.0893e-14  1.0893e-12
   44    101  4.0469e-08  4.0874e-06
   44    102  1.0150e-07  1.0353e-05
   44    104  7.2023e-08  7.4904e-06
   45    103  1.2865e-07  1.3251e-05
   46    104  6.6009e-16  6.8649e-14
   46    105  1.2698e-07  1.3333e-05
   46    106  9.4685e-08  1.0037e-05
   46    108  1.3633e-07  1.4723e-05
   46    110  2.7642e-07  3.0406e-05
   47    107  1.8939e-07  2.0265e-05
   47    109  2.0491e-07  2.2335e-05
   48    110  1.2587e-13  1.3846e-11
   48    111  3.0778e-08  3.4164e-06
   48    112  1.0966e-07  1.2282e-05
   48    113  1.0898e-07  1.2314e-05
   48    114  1.1810e-07  1.3463e-05
   48    116  5.8003e-09  6.7283e-07
   49    113  4.7961e-15  5.4196e-13
   49    115  1.0119e-07  1.1637e-05
   50    115  8.0734e-14  9.2844e-12
   50    116  1.5452e-15  1.7924e-13
   50    117  3.4575e-08  4.0452e-06
   50    118  2.3956e-08  2.8268e-06
   50    119  1.8583e-08  2.2114e-06
   50    120  8.9688e-08  1.0763e-05
   50    122  1.7988e-07  2.1946e-05
   50    124  1.8328e-06  2.2727e-04
   51    121  2.3339e-07  2.8240e-05
   51    123  4.2594e-07  5.2390e-05
   52    122  6.0521e-14  7.3836e-12
   52    124  9.2145e-16  1.1426e-13
   52    125  1.3266e-06  1.6583e-04
   52    126  2.9034e-06  3.6583e-04
   52    128  3.5545e-06  4.5498e-04
   52    130  1.0600e-06  1.3780e-04
   53    127  2.6074e-06  3.3114e-04
   53    129  1.0151e-14  1.3095e-12
   54    128  1.6392e-17  2.0982e-15
   54    129  4.0493e-06  5.2236e-04
   54    130  6.5669e-14  8.5370e-12
   54    131  1.0685e-06  1.3998e-04
   54    132  1.8006e-06  2.3768e-04
   54    134  7.8124e-07  1.0469e-04
   54    136  1.0611e-06  1.4431e-04
   55    133  7.0939e-07  9.4349e-05
   56    134  6.1436e-18  8.2324e-16
   56    135  5.2314e-07  7.0624e-05
   56    136  6.3046e-16  8.5742e-14
   56    137  6.5053e-07  8.9122e-05
   56    138  7.0128e-07  9.6776e-05
   57    139  1.4455e-07  2.0092e-05
   58    140  7.1259e-07  9.9763e-05
   58    142  5.9648e-07  8.4700e-05
   59    141  4.8384e-07  6.8221e-05
   60    142  1.1395e-18  1.6181e-16
   60    143  2.0356e-07  2.9109e-05
   60    144  4.3155e-07  6.2143e-05
   60    145  1.2682e-07  1.8389e-05
   60    146  3.2860e-07  4.7975e-05
   60    148  2.9970e-07  4.4356e-05
   60    150  1.0172e-07  1.5258e-05
   62    147  4.6001e-07  6.7622e-05
   62    148  1.6856e-15  2.4947e-13
   62    149  8.4663e-08  1.2615e-05
   62    150  8.9491e-13  1.3424e-10
   62    152  2.9054e-07  4.4163e-05
   62    154  2.9649e-07  4.5660e-05
   63    151  1.1780e-07  1.7788e-05
   63    153  1.9270e-07  2.9483e-05
   64    154  4.2606e-14  6.5613e-12
   64    155  6.1639e-07  9.5540e-05
   64    156  2.0900e-07  3.2605e-05
   64    157  1.9616e-07  3.0797e-05
   64    158  2.4515e-07  3.8734e-05
   64    160  3.4650e-07  5.5440e-05
   65    159  2.3262e-07  3.6987e-05
   66    160  2.5566e-14  4.0906e-12
   66    161  2.4641e-07  3.9672e-05
   66    162  1.5206e-07  2.4634e-05
   66    163  1.2591e-07  2.0524e-05
   66    164  4.0220e-07  6.5961e-05
   67    165  3.0112e-07  4.9685e-05
   68    166  3.9831e-07  6.6119e-05
   68    167  4.3729e-07  7.3027e-05
   68    168  4.6568e-07  7.8234e-05
   68    170  4.5713e-07  7.7711e-05
   69    169  9.4750e-07  1.6013e-04
   70    170  1.8207e-14  3.0952e-12
   70    171  3.5349e-07  6.0447e-05
   70    172  2.9948e-07  5.1511e-05
   70    173  3.4274e-07  5.9295e-05
   70    174  8.0109e-07  1.3939e-04
   70    176  9.1316e-07  1.6072e-04
   71    175  3.1429e-07  5.5000e-05
   71    176  3.5166e-15  6.1892e-13
   72    176  3.2924e-17  5.7947e-15
   72    177  5.3043e-07  9.3886e-05
   72    178  2.6365e-07  4.6929e-05
   72    179  1.8671e-07  3.3421e-05
   72    180  4.4926e-07  8.0867e-05
   73    181  5.5411e-07  1.0029e-04
   74    182  8.7706e-07  1.5963e-04
   74    183  3.2633e-07  5.9719e-05
   74    184  6.2330e-07  1.1469e-04
   74    186  1.0728e-06  1.9955e-04
   75    185  3.3711e-07  6.2366e-05
   75    187  4.2025e-07  7.8587e-05
   76    186  5.2878e-17  9.8354e-15
   76    187  3.4155e-09  6.3869e-07
   76    188  1.2457e-06  2.3420e-04
   76    189  5.2950e-07  1.0008e-04
   76    190  4.2615e-06  8.0968e-04
   76    192  6.0514e-06  1.1619e-03
   77    191  7.7114e-06  1.4729e-03
   77    193  5.7295e-06  1.1058e-03
   78    192  8.4955e-14  1.6311e-11
   78    194  1.1584e-05  2.2473e-03
   78    195  9.2558e-06  1.8049e-03
   78    196  8.8792e-06  1.7403e-03
   78    198  3.7733e-06  7.4711e-04
   79    197  7.3161e-06  1.4413e-03
   80    198  4.4085e-13  8.7288e-11
   80    199  1.6402e-06  3.2641e-04
   80    200  6.2751e-07  1.2550e-04
   80    201  1.5904e-07  3.1967e-05
   80    202  1.1152e-07  2.2528e-05
   80    204  1.5024e-06  3.0649e-04
   81    203  3.3698e-07  6.8407e-05
   81    205  6.6920e-07  1.3719e-04
   81    207  3.9810e-19  8.2407e-17
   82    204  1.5752e-16  3.2134e-14
   82    206  4.3904e-05  9.0443e-03
   82    207  4.2602e-05  8.8186e-03
   82    208  3.4622e-05  7.2013e-03
   82    210  1.4695e-13  3.0859e-11
   82    211  3.0291e-18  6.3914e-16
   82    212  3.9463e-18  8.3662e-16
   82    214  3.3744e-19  7.2212e-17
   83    209  6.1483e-05  1.2850e-02
   83    210  9.0769e-17  1.9062e-14
   83    211  1.7923e-19  3.7818e-17
   83    212  3.7414e-19  7.9319e-17
   83    214  2.4946e-19  5.3384e-17
   84    210  2.5062e-15  5.2630e-13
   84    218  3.8966e-20  8.4946e-18
   86    222  6.9181e-17  1.5358e-14
   87    223  2.5431e-20  5.6711e-18
   88    223  1.3791e-15  3.0753e-13
   88    224  3.2356e-17  7.2477e-15
   88    226  1.0586e-11  2.3924e-09
   88    228  1.8650e-14  4.2521e-12
   89    227  9.5902e-13  2.1770e-10
   89    228  2.2773e-18  5.1922e-16
   90    227  2.2165e-15  5.0314e-13
   90    228  6.2135e-15  1.4167e-12
   90    230  4.9890e-10  1.1475e-07
   90    231  1.2828e-16  2.9633e-14
   90    232  4.5543e-05  1.0566e-02
   90    234  4.3600e-16  1.0202e-13
   91    231  1.4378e-09  3.3213e-07
   91    234  5.0518e-18  1.1821e-15
   92    234  1.6246e-09  3.8015e-07
   92    235  3.0988e-05  7.2821e-03
   92    236  1.5513e-07  3.6611e-05
   92    238  2.9554e-05  7.0339e-03
   92    240  7.5274e-18  1.8066e-15
   93    240  5.4972e-19  1.3193e-16
   94    239  1.1026e-16  2.6352e-14
   94    240  3.0711e-11  7.3706e-09
   94    244  3.7382e-07  9.1213e-05
   95    243  3.3707e-17  8.1907e-15
   96    244  1.0146e-16  2.4756e-14
   96    247  7.1141e-14  1.7572e-11
   97    246  5.4375e-09  1.3376e-06
  100    258  1.2387e-05  3.1958e-03
  100    260  1.8092e-05  4.7040e-03
  100    262  1.9564e-05  5.1258e-03
  102    260  2.0411e-16  5.3070e-14
  102    261  1.5517e-05  4.0500e-03
  102    263  1.5436e-05  4.0597e-03
  102    264  2.4584e-05  6.4902e-03
  102    266  1.9650e-05  5.2270e-03
  103    265  1.7219e-05  4.5629e-03
  104    267  1.1431e-05  3.0519e-03
  104    268  7.3151e-06  1.9605e-03
  104    270  1.6683e-05  4.5043e-03
  104    272  4.2925e-06  1.1676e-03
  104    274  2.1011e-06  5.7571e-04
  105    269  1.8441e-05  4.9605e-03
  105    271  6.2553e-06  1.6952e-03
  106    273  3.2547e-06  8.8852e-04
  106    274  1.9727e-18  5.4052e-16
  106    275  4.2181e-07  1.1600e-04
  106    276  7.1523e-07  1.9740e-04
  106    278  8.5151e-07  2.3672e-04
  106    280  3.5654e-07  9.9831e-05
  107    277  2.2154e-07  6.1367e-05
  108    279  7.3869e-07  2.0609e-04
  108    281  3.9491e-07  1.1097e-04
  108    282  3.8019e-06  1.0721e-03
  108    283  6.3787e-07  1.8052e-04
  108    284  1.9689e-06  5.5916e-04
  108    286  1.5829e-06  4.5272e-04
  110    285  6.9527e-08  1.9815e-05
  110    286  3.7054e-17  1.0597e-14
  110    287  1.9873e-06  5.7036e-04
  110    288  4.5736e-07  1.3172e-04
  110    290  1.5775e-06  4.5746e-04
  111    289  4.2643e-07  1.2324e-04
  111    290  2.6756e-16  7.7592e-14
  111    291  1.3472e-11  3.9205e-09
  111    292  2.5563e-06  7.4643e-04
  111    293  1.8942e-07  5.5500e-05
  111    294  1.6588e-07  4.8769e-05
  111    295  2.9710e-08  8.7646e-06
  111    296  9.6755e-09  2.8639e-06
  111    297  6.9466e-09  2.0631e-06
  111    298  1.7830e-10  5.3135e-08
  111    299  1.7840e-12  5.3340e-10
  111    300  2.0404e-11  6.1212e-09
  111    301  2.1459e-07  6.4592e-05
  111    302  1.6214e-07  4.8965e-05
  111    303  9.8406e-08  2.9817e-05
  111    304  1.8256e-07  5.5498e-05
  111    305  1.4933e-07  4.5546e-05
  111    306  1.4202e-07  4.3459e-05
  111    307  4.3574e-08  1.3377e-05
  111    308  4.1627e-08  1.2821e-05
  111    309  2.2243e-08  6.8731e-06
  111    310  3.8077e-08  1.1804e-05
  111    311  2.2296e-08  6.9341e-06
  111    312  1.2986e-08  4.0516e-06
  111    313  1.2071e-08  3.7784e-06
  111    314  1.3941e-08  4.3775e-06
  111    315  9.2253e-09  2.9060e-06
  111    316  1.0258e-08  3.2416e-06
  111    317  8.1651e-09  2.5883e-06
  111    318  1.3140e-08  4.1785e-06
  111    319  1.3231e-08  4.2206e-06
  111    320  9.6442e-09  3.0862e-06
  111    321  4.2871e-09  1.3762e-06
  111    322  8.8635e-09  2.8541e-06
  111    323  7.6294e-09  2.4643e-06
  111    324  7.5911e-09  2.4595e-06
  111    325  1.5160e-09  4.9271e-07
  111    326  4.9830e-09  1.6245e-06
  111    327  6.0725e-09  1.9857e-06
  111    328  3.5479e-10  1.1637e-07
  111    329  2.4413e-09  8.0319e-07
  111    330  1.0348e-10  3.4150e-08
  111    331  3.8341e-10  1.2691e-07
  111    332  2.3679e-10  7.8614e-08
  111    333  2.8989e-11  9.6533e-09
  111    334  1.5549e-11  5.1933e-09
  111    335  4.9136e-12  1.6460e-09
  111    336  6.6701e-12  2.2412e-09
  111    337  2.0015e-10  6.7449e-08
    1      1  7.3594e-08  7.3594e-08
    2      4  2.1324e-01  8.5296e-01


