    1      2  2.6363e-10  5.2727e-10
    2      3  1.8215e-12  5.4644e-12
    3      6  7.3141e-13  4.3885e-12
    3      7  3.3240e-12  2.3268e-11
    4      8  3.1370e-13  2.5096e-12
    4      9  2.8913e-18  2.6021e-17
    5     10  1.9105e-12  1.9105e-11
    5     11  3.0476e-12  3.3524e-11
    6     12  5.2075e-09  6.2490e-08
    6     13  4.8659e-12  6.3256e-11
    7     14  5.8284e-08  8.1598e-07
    7     15  1.0230e-08  1.5346e-07
    8     16  9.0689e-10  1.4510e-08
    8     17  7.3627e-11  1.2517e-09
    8     18  2.8570e-08  5.1426e-07
    9     19  1.1870e-08  2.2552e-07
   10     20  7.6672e-09  1.5334e-07
   10     21  2.4000e-08  5.0400e-07
   10     22  8.0260e-09  1.7657e-07
   11     23  2.0540e-08  4.7243e-07
   12     24  1.5460e-08  3.7104e-07
   12     25  3.9126e-08  9.7815e-07
   12     26  6.1227e-07  1.5919e-05
   13     26  4.6216e-15  1.2016e-13
   13     27  9.2042e-09  2.4851e-07
   14     28  2.2398e-08  6.2715e-07
   14     29  2.6567e-08  7.7045e-07
   14     30  1.9340e-08  5.8020e-07
   15     31  9.8331e-09  3.0483e-07
   16     32  4.2358e-08  1.3555e-06
   16     33  7.4018e-07  2.4426e-05
   16     34  5.7527e-07  1.9559e-05
   16     36  1.9286e-08  6.9430e-07
   17     35  9.7168e-09  3.4009e-07
   17     37  1.7669e-07  6.5374e-06
   18     36  1.2500e-18  4.4999e-17
   18     38  3.1295e-07  1.1892e-05
   18     40  5.2424e-07  2.0970e-05
   19     39  3.4874e-07  1.3601e-05
   19     41  5.5517e-08  2.2762e-06
   20     42  8.7623e-07  3.6802e-05
   20     43  4.2363e-07  1.8216e-05
   20     44  2.8474e-07  1.2529e-05
   20     46  1.7601e-06  8.0965e-05
   21     45  1.1438e-06  5.1469e-05
   22     46  5.6038e-19  2.5778e-17
   22     47  7.9915e-07  3.7560e-05
   22     48  1.7070e-07  8.1934e-06
   22     49  2.9438e-07  1.4425e-05
   22     50  4.8354e-07  2.4177e-05
   23     51  2.2940e-07  1.1699e-05
   24     52  7.6031e-08  3.9536e-06
   24     53  1.3097e-06  6.9416e-05
   24     54  4.9553e-06  2.6759e-04
   25     55  5.6281e-07  3.0955e-05
   26     56  2.2261e-06  1.2466e-04
   26     57  1.4781e-06  8.4254e-05
   26     58  1.5115e-08  8.7668e-07
   27     59  1.2440e-08  7.3394e-07
   28     60  1.5702e-08  9.4210e-07
   28     61  1.9042e-08  1.1615e-06
   28     62  6.2323e-08  3.8640e-06
   28     64  7.8178e-08  5.0034e-06
   29     63  1.0471e-06  6.5966e-05
   29     65  6.1496e-08  3.9972e-06
   30     64  2.1597e-19  1.3822e-17
   30     66  1.4301e-07  9.4389e-06
   30     67  8.9357e-08  5.9869e-06
   30     68  3.1570e-08  2.1468e-06
   30     70  1.9251e-07  1.3476e-05
   31     69  4.8818e-08  3.3684e-06
   31     71  7.7710e-08  5.5174e-06
   32     70  1.9098e-15  1.3369e-13
   32     72  4.1762e-07  3.0069e-05
   32     73  4.5055e-07  3.2890e-05
   32     74  2.0792e-06  1.5386e-04
   32     76  7.4281e-06  5.6454e-04
   33     75  7.3130e-06  5.4848e-04
   34     76  2.0747e-12  1.5768e-10
   34     77  9.9551e-06  7.6655e-04
   34     78  1.4016e-05  1.0932e-03
   34     80  2.1192e-05  1.6953e-03
   34     82  2.4381e-06  1.9993e-04
   35     79  2.1812e-05  1.7232e-03
   35     81  4.6339e-06  3.7535e-04
   36     82  1.2449e-12  1.0208e-10
   36     83  1.2098e-05  1.0041e-03
   36     84  7.8938e-06  6.6308e-04
   36     86  7.1675e-06  6.1640e-04
   37     85  5.0459e-06  4.2890e-04
   37     87  3.1637e-06  2.7524e-04
   38     86  4.0204e-19  3.4575e-17
   38     87  2.3166e-08  2.0154e-06
   38     88  1.2135e-05  1.0678e-03
   39     89  9.2771e-06  8.2566e-04
   40     90  6.3595e-06  5.7236e-04
   40     91  1.8132e-06  1.6500e-04
   40     92  1.3384e-05  1.2314e-03
   40     94  6.1723e-06  5.8020e-04
   41     93  2.0849e-06  1.9389e-04
   42     95  8.3668e-06  7.9484e-04
   42     96  6.5088e-06  6.2484e-04
   42     97  4.8840e-06  4.7375e-04
   42     98  1.3830e-06  1.3553e-04
   42    100  2.0079e-06  2.0079e-04
   44     99  1.3216e-06  1.3084e-04
   44    100  9.4377e-13  9.4377e-11
   44    101  3.2384e-06  3.2708e-04
   44    102  3.4410e-06  3.5098e-04
   44    104  2.7602e-06  2.8706e-04
   45    103  3.1633e-06  3.2582e-04
   46    104  1.9562e-17  2.0344e-15
   46    105  1.6694e-06  1.7529e-04
   46    106  1.6984e-06  1.8003e-04
   46    108  1.3392e-06  1.4463e-04
   46    110  2.5278e-06  2.7806e-04
   47    107  9.6843e-07  1.0362e-04
   47    109  1.7939e-06  1.9553e-04
   48    110  1.6409e-13  1.8050e-11
   48    111  4.9697e-07  5.5164e-05
   48    112  1.5069e-06  1.6878e-04
   48    113  7.7503e-07  8.7579e-05
   48    114  8.9981e-07  1.0258e-04
   48    116  2.3929e-07  2.7758e-05
   49    113  3.4110e-14  3.8544e-12
   49    115  7.5299e-07  8.6593e-05
   50    115  6.0078e-13  6.9089e-11
   50    116  3.8336e-13  4.4470e-11
   50    117  6.1214e-07  7.1621e-05
   50    118  7.7658e-07  9.1636e-05
   50    119  7.2991e-07  8.6859e-05
   50    120  4.5184e-06  5.4221e-04
   50    122  8.5376e-06  1.0416e-03
   50    124  7.4719e-05  9.2652e-03
   51    121  3.7093e-06  4.4882e-04
   51    123  1.0685e-05  1.3142e-03
   52    122  3.0503e-13  3.7214e-11
   52    124  1.1377e-14  1.4108e-12
   52    125  1.9729e-04  2.4661e-02
   52    126  6.5824e-04  8.2938e-02
   52    128  3.3571e-04  4.2970e-02
   52    130  3.8869e-05  5.0530e-03
   53    127  4.1523e-04  5.2735e-02
   53    129  2.7687e-13  3.5716e-11
   54    128  3.3732e-14  4.3177e-12
   54    129  1.3127e-04  1.6934e-02
   54    130  6.3566e-13  8.2636e-11
   54    131  4.8187e-06  6.3125e-04
   54    132  8.3684e-06  1.1046e-03
   54    134  3.9851e-06  5.3400e-04
   54    136  7.3141e-07  9.9471e-05
   55    133  1.2452e-05  1.6561e-03
   56    134  1.9441e-17  2.6051e-15
   56    135  8.7459e-07  1.1807e-04
   56    136  2.7711e-15  3.7686e-13
   56    137  5.1510e-07  7.0569e-05
   56    138  1.0160e-06  1.4021e-04
   57    139  7.5850e-07  1.0543e-04
   58    140  1.0573e-06  1.4802e-04
   58    142  7.5380e-08  1.0704e-05
   59    141  3.5391e-07  4.9901e-05
   60    142  1.0578e-18  1.5021e-16
   60    143  2.9416e-08  4.2065e-06
   60    144  7.3893e-08  1.0641e-05
   60    145  8.8440e-08  1.2824e-05
   60    146  1.4145e-07  2.0652e-05
   60    148  7.6961e-08  1.1390e-05
   60    150  3.0323e-08  4.5484e-06
   62    147  1.2883e-07  1.8937e-05
   62    148  7.2303e-14  1.0701e-11
   62    149  3.1806e-08  4.7391e-06
   62    150  1.7594e-13  2.6391e-11
   62    152  3.7046e-08  5.6310e-06
   62    154  3.2958e-08  5.0756e-06
   63    151  1.3879e-08  2.0958e-06
   63    153  2.0933e-08  3.2027e-06
   64    154  1.0576e-15  1.6287e-13
   64    155  4.1169e-08  6.3812e-06
   64    156  9.2553e-09  1.4438e-06
   64    157  2.0276e-08  3.1833e-06
   64    158  2.1493e-08  3.3958e-06
   64    160  5.1905e-09  8.3047e-07
   65    159  5.1657e-10  8.2134e-08
   66    160  1.6733e-17  2.6773e-15
   66    161  7.6056e-09  1.2245e-06
   66    162  3.8145e-09  6.1796e-07
   66    163  3.1585e-09  5.1484e-07
   66    164  4.8300e-09  7.9212e-07
   67    165  2.6760e-09  4.4154e-07
   68    166  6.7309e-09  1.1173e-06
   68    167  4.7284e-09  7.8964e-07
   68    168  2.3278e-09  3.9106e-07
   68    170  1.1914e-09  2.0253e-07
   69    169  5.6500e-09  9.5485e-07
   70    170  5.5575e-18  9.4477e-16
   70    171  9.4080e-10  1.6088e-07
   70    172  5.0433e-10  8.6745e-08
   70    173  2.8370e-10  4.9081e-08
   70    174  5.8850e-10  1.0240e-07
   70    176  2.7754e-10  4.8847e-08
   71    175  1.8202e-10  3.1853e-08
   71    176  5.2976e-20  9.3238e-18
   72    177  4.1306e-10  7.3112e-08
   72    178  1.0981e-10  1.9547e-08
   72    179  6.3969e-11  1.1450e-08
   72    180  9.3123e-11  1.6762e-08
   73    181  1.3056e-10  2.3632e-08
   74    182  1.0174e-10  1.8517e-08
   74    183  5.7982e-11  1.0611e-08
   74    184  4.7251e-11  8.6942e-09
   74    186  2.1218e-11  3.9466e-09
   75    185  2.5843e-11  4.7809e-09
   75    187  1.5880e-11  2.9695e-09
   76    187  1.2906e-13  2.4134e-11
   76    188  1.7266e-11  3.2460e-09
   76    189  8.6695e-12  1.6385e-09
   76    190  1.5547e-11  2.9540e-09
   76    192  4.7584e-12  9.1360e-10
   77    191  8.6217e-12  1.6468e-09
   77    193  1.1957e-12  2.3077e-10
   78    194  1.3083e-12  2.5381e-10
   78    195  7.1078e-13  1.3860e-10
   78    196  4.0594e-13  7.9564e-11
   78    198  3.1253e-14  6.1881e-12
   79    197  1.4672e-13  2.8904e-11
   80    199  4.6314e-15  9.2165e-13
   80    200  1.8126e-15  3.6252e-13
   80    201  1.8259e-16  3.6701e-14
   80    202  3.3611e-17  6.7893e-15
   80    204  4.8782e-19  9.9515e-17
   81    203  2.5725e-18  5.2221e-16
   81    205  3.1137e-19  6.3831e-17
   82    206  9.5885e-19  1.9752e-16
   82    207  8.6289e-19  1.7862e-16
   82    208  9.3025e-19  1.9349e-16
   83    209  6.6334e-19  1.3864e-16
    1      1  2.5286e-09  2.5286e-09
    2      4  1.8396e-01  7.3586e-01


