1  4.6450e-10
2  8.6094e-16
3  2.0325e-21
4  8.6708e-02
5  0.0000e+00
6  1.9682e-19
7  8.8925e-21
8  1.1224e-21
9  2.9303e-19
10  3.4006e-19
11  2.5583e-21
12  1.2981e-07
13  2.4660e-13
14  1.1762e-17
15  1.6224e-20
16  1.7632e-09
17  1.9440e-16
18  3.0347e-19
19  3.2175e-21
20  1.9956e-09
21  2.3979e-15
22  8.1199e-19
23  2.6515e-13
24  2.0921e-09
25  1.2208e-10
26  3.3388e-11
27  2.2427e-10
28  3.0980e-09
29  1.0143e-09
30  4.0223e-09
31  2.1563e-09
32  3.3746e-09
33  7.7140e-10
34  2.8686e-09
35  3.8693e-09
36  8.9805e-09
37  5.3243e-09
38  1.3843e-08
39  2.3652e-09
40  4.5980e-10
41  2.8566e-10
42  3.3536e-08
43  1.5072e-10
44  9.5176e-10
45  3.2565e-09
46  3.0966e-08
47  2.3972e-08
48  1.1207e-07
49  1.0303e-08
50  1.2307e-07
51  2.5284e-07
52  3.8909e-07
53  4.3609e-08
54  3.4769e-08
55  2.2132e-09
56  1.5246e-06
57  8.3526e-08
58  1.1123e-08
59  6.5055e-08
60  1.3275e-08
61  1.4905e-08
62  7.0363e-07
63  5.3082e-07
64  7.6643e-07
65  8.0399e-07
66  3.0580e-07
67  1.6731e-07
68  3.4197e-06
69  1.1750e-06
70  1.6423e-06
71  2.7913e-07
72  2.6646e-07
73  1.7703e-07
74  2.8742e-07
75  2.0650e-06
76  6.0941e-06
77  2.1551e-06
78  2.7321e-06
79  2.7640e-06
80  2.3836e-05
81  1.6989e-06
82  1.6253e-05
83  3.3657e-06
84  1.7440e-05
85  3.9707e-06
86  4.2141e-06
87  9.8882e-06
88  2.6443e-04
89  6.0080e-05
90  8.8869e-06
91  2.9908e-05
92  1.3443e-03
93  5.2437e-05
94  8.4483e-04
95  2.7104e-04
96  2.8486e-05
97  4.0579e-05
98  1.4177e-05
99  3.5527e-05
100  1.2961e-04
101  1.4490e-04
102  1.4114e-03
103  3.7209e-04
104  4.0048e-04
105  1.1758e-04
106  4.5962e-04
107  8.2956e-05
108  1.2562e-04
109  1.2270e-04
110  1.4263e-05
111  5.5139e-06
112  9.0343e-05
113  9.5563e-06
114  6.0712e-06
115  1.5080e-05
116  5.0843e-06
117  2.9660e-06
118  1.1267e-06
119  7.4968e-07
120  4.0679e-06
121  1.5554e-06
122  1.4657e-06
123  4.6451e-07
124  4.1036e-07
125  1.0539e-06
126  8.4324e-07
127  9.0345e-07
128  1.6554e-06
129  3.7644e-07
130  9.1451e-08
131  3.7555e-09
132  1.9943e-10
133  6.1256e-13
134  1.5786e-14
135  2.2770e-17
136  7.3400e-17
137  1.8988e-18
138  2.7963e-19
139  6.3771e-21
140  4.2712e-21
141  1.8604e-23
142  1.9636e-22
143  1.4955e-23
144  3.6524e-28
145  9.4921e-25
146  7.3410e-47
147  0.0000e+00
148  0.0000e+00
149  0.0000e+00
150  0.0000e+00
151  0.0000e+00
152  0.0000e+00
153  0.0000e+00
154  0.0000e+00
155  0.0000e+00
156  0.0000e+00
157  0.0000e+00
158  0.0000e+00
159  0.0000e+00
160  0.0000e+00
161  0.0000e+00
162  0.0000e+00
163  0.0000e+00
164  0.0000e+00
165  0.0000e+00
166  0.0000e+00
167  0.0000e+00
168  0.0000e+00
169  0.0000e+00
170  0.0000e+00
171  0.0000e+00
172  0.0000e+00
173  0.0000e+00
174  0.0000e+00
175  0.0000e+00
176  0.0000e+00
177  0.0000e+00
178  0.0000e+00
179  0.0000e+00
180  0.0000e+00
181  0.0000e+00
182  0.0000e+00
183  0.0000e+00
184  0.0000e+00
185  0.0000e+00
186  0.0000e+00
187  0.0000e+00
188  0.0000e+00
189  0.0000e+00
190  0.0000e+00
191  0.0000e+00
192  0.0000e+00
193  0.0000e+00
194  0.0000e+00
195  0.0000e+00
196  0.0000e+00
197  0.0000e+00
198  0.0000e+00
199  0.0000e+00
200  0.0000e+00
201  0.0000e+00
202  0.0000e+00
203  0.0000e+00
204  0.0000e+00
205  0.0000e+00
206  0.0000e+00
207  0.0000e+00
208  0.0000e+00
209  0.0000e+00
210  0.0000e+00
211  0.0000e+00
212  0.0000e+00
213  0.0000e+00
214  0.0000e+00
215  0.0000e+00
216  0.0000e+00
217  0.0000e+00
218  0.0000e+00
219  0.0000e+00
220  0.0000e+00
221  0.0000e+00
222  0.0000e+00
223  0.0000e+00
224  0.0000e+00
225  0.0000e+00
226  0.0000e+00
227  0.0000e+00
228  0.0000e+00
229  0.0000e+00
230  0.0000e+00
231  0.0000e+00
232  0.0000e+00
233  0.0000e+00
234  0.0000e+00
235  0.0000e+00
236  0.0000e+00
237  0.0000e+00
238  0.0000e+00
239  0.0000e+00
240  0.0000e+00
241  0.0000e+00
242  0.0000e+00
243  0.0000e+00
244  0.0000e+00
245  0.0000e+00
246  0.0000e+00
247  0.0000e+00
248  0.0000e+00
249  0.0000e+00
250  0.0000e+00
251  0.0000e+00
252  0.0000e+00
253  0.0000e+00
254  0.0000e+00
255  0.0000e+00
256  0.0000e+00
257  0.0000e+00
258  0.0000e+00
259  0.0000e+00
260  0.0000e+00
261  0.0000e+00
262  0.0000e+00
263  0.0000e+00
264  0.0000e+00
265  0.0000e+00
266  0.0000e+00
267  0.0000e+00
268  0.0000e+00
269  0.0000e+00
270  0.0000e+00
271  0.0000e+00
272  0.0000e+00
273  0.0000e+00
274  0.0000e+00
275  0.0000e+00
276  0.0000e+00
277  0.0000e+00
278  0.0000e+00
279  0.0000e+00
280  0.0000e+00
281  0.0000e+00
282  0.0000e+00
283  0.0000e+00
284  0.0000e+00
285  0.0000e+00
286  0.0000e+00
287  0.0000e+00
288  0.0000e+00
289  0.0000e+00
290  0.0000e+00
291  0.0000e+00
292  0.0000e+00
293  0.0000e+00
294  0.0000e+00
295  0.0000e+00
296  0.0000e+00
297  0.0000e+00
298  0.0000e+00
299  0.0000e+00
300  0.0000e+00
301  0.0000e+00
302  0.0000e+00
303  0.0000e+00
304  0.0000e+00
305  0.0000e+00
306  0.0000e+00
307  0.0000e+00
308  0.0000e+00
309  0.0000e+00
310  0.0000e+00
311  0.0000e+00
312  0.0000e+00
313  0.0000e+00
314  0.0000e+00
315  0.0000e+00
316  0.0000e+00
317  0.0000e+00
318  0.0000e+00
319  0.0000e+00
320  0.0000e+00
321  0.0000e+00
322  0.0000e+00
323  0.0000e+00
324  0.0000e+00
325  0.0000e+00
326  0.0000e+00
327  0.0000e+00
328  0.0000e+00
329  0.0000e+00
330  0.0000e+00
331  0.0000e+00
332  0.0000e+00
333  0.0000e+00
334  0.0000e+00
335  0.0000e+00
336  0.0000e+00
337  0.0000e+00

