1  1.8027e-09
2  4.2648e-09
3  3.5402e-10
4  1.9207e-01
5  0.0000e+00
6  1.1790e-11
7  4.0526e-10
8  3.5505e-09
9  1.1813e-09
10  1.9076e-08
11  1.3542e-09
12  3.6973e-09
13  3.7112e-07
14  2.0404e-07
15  1.2025e-05
16  2.8146e-07
17  5.2287e-09
18  3.3426e-08
19  1.3430e-06
20  1.8506e-06
21  4.6648e-07
22  3.8287e-09
23  1.0750e-06
24  3.3533e-07
25  4.0796e-07
26  2.4991e-08
27  1.9103e-07
28  5.2987e-07
29  7.5217e-08
30  7.1772e-08
31  8.1793e-08
32  9.3043e-08
33  7.4608e-07
34  5.7206e-07
35  2.2529e-08
36  1.8230e-08
37  2.4646e-08
38  6.9596e-08
39  4.6332e-08
40  3.2545e-08
41  1.4188e-07
42  4.3872e-07
43  8.6255e-08
44  1.0045e-07
45  1.1274e-07
46  5.3160e-08
47  7.7656e-08
48  1.6577e-07
49  1.2081e-07
50  1.0431e-07
51  2.6898e-08
52  1.2570e-07
53  1.1396e-07
54  6.3914e-08
55  8.0563e-08
56  3.5575e-07
57  7.2492e-07
58  1.9273e-08
59  2.7494e-08
60  4.5500e-08
61  7.0423e-08
62  6.8525e-08
63  3.6122e-07
64  1.4995e-07
65  1.3036e-07
66  2.6177e-07
67  1.4586e-07
68  4.9112e-08
69  2.4730e-08
70  8.7105e-08
71  2.5786e-08
72  1.2637e-07
73  1.5724e-07
74  1.0977e-06
75  4.5290e-06
76  3.2879e-06
77  2.6710e-06
78  1.8325e-06
79  1.9341e-06
80  5.3916e-06
81  2.3027e-06
82  1.9631e-06
83  2.5875e-06
84  7.6040e-07
85  3.2412e-07
86  6.0637e-07
87  8.0415e-07
88  1.0154e-06
89  4.7984e-07
90  8.0906e-07
91  2.5207e-07
92  6.6567e-07
93  4.9962e-07
94  1.5443e-06
95  9.9825e-07
96  7.1476e-07
97  5.9949e-07
98  2.1858e-07
99  2.7077e-07
100  3.1548e-07
101  3.5014e-07
102  2.1155e-07
103  2.2700e-07
104  2.1837e-07
105  2.1074e-07
106  3.8615e-07
107  3.1383e-07
108  3.7730e-07
109  3.9315e-07
110  5.3593e-07
111  1.1444e-07
112  3.0474e-07
113  1.3333e-07
114  1.2411e-07
115  1.2176e-07
116  5.7671e-08
117  1.2929e-07
118  1.5247e-07
119  1.2240e-07
120  6.8646e-07
121  6.4069e-07
122  1.6762e-06
123  1.7511e-06
124  7.2088e-06
125  7.1526e-06
126  1.0772e-05
127  7.2692e-06
128  6.1339e-06
129  4.6052e-06
130  1.3398e-06
131  1.4786e-06
132  2.5967e-06
133  3.2967e-06
134  2.7400e-06
135  1.0407e-06
136  1.6702e-06
137  2.1730e-06
138  2.2813e-06
139  1.3012e-06
140  1.9343e-06
141  1.7574e-06
142  9.6411e-07
143  9.7645e-07
144  1.2838e-06
145  9.6897e-07
146  1.5515e-06
147  1.5799e-06
148  1.4699e-06
149  8.7303e-07
150  1.1226e-06
151  9.1571e-07
152  1.3433e-06
153  8.1156e-07
154  1.8028e-06
155  1.2595e-06
156  1.5065e-06
157  1.1801e-06
158  2.1211e-06
159  5.3560e-07
160  1.6009e-06
161  9.2430e-07
162  1.1667e-06
163  7.8197e-07
164  2.3289e-06
165  1.3370e-06
166  3.0061e-06
167  1.5922e-06
168  1.8947e-06
169  2.5918e-06
170  1.5346e-06
171  1.2495e-06
172  1.0632e-06
173  8.6070e-07
174  1.4377e-06
175  8.4750e-07
176  1.0425e-06
177  1.2228e-06
178  1.3146e-06
179  1.2717e-06
180  1.8515e-06
181  2.0815e-06
182  2.7643e-06
183  1.7624e-06
184  2.8140e-06
185  1.9712e-06
186  4.3339e-06
187  3.1743e-06
188  8.0474e-06
189  8.4439e-06
190  2.0156e-05
191  2.8617e-05
192  4.7856e-05
193  5.6245e-05
194  6.3806e-05
195  5.4509e-05
196  3.1762e-05
197  1.9411e-05
198  7.1809e-06
199  3.5864e-06
200  3.4445e-06
201  3.0466e-06
202  5.4305e-06
203  5.8711e-06
204  8.7113e-06
205  9.0668e-06
206  1.2457e-04
207  1.0851e-04
208  1.1737e-04
209  1.2314e-04
210  3.5976e-12
211  1.0366e-17
212  1.1259e-17
213  4.8224e-44
214  1.8842e-18
215  2.8576e-24
216  1.3046e-23
217  1.6171e-96
218  3.2381e-20
219  4.0110e-21
220  5.0024e-21
221  -3.9624e-320
222  5.7483e-17
223  1.0007e-15
224  2.8252e-17
225  2.9064e-40
226  8.7958e-12
227  6.9748e-13
228  9.0853e-11
229  1.0841e-29
230  4.1454e-10
231  1.0433e-09
232  3.9767e-05
233  6.4786e-26
234  1.3499e-09
235  2.2485e-05
236  9.9389e-08
237  1.2130e-319
238  2.4557e-05
239  6.3989e-17
240  1.9674e-11
241  0.0000e+00
242  2.6702e-125
243  1.9562e-17
244  2.3948e-07
245  0.0000e+00
246  3.5543e-09
247  4.1287e-14
248  1.7977e-124
249  0.0000e+00
250  0.0000e+00
251  -7.2284e-314
252  0.0000e+00
253  0.0000e+00
254  0.0000e+00
255  0.0000e+00
256  0.0000e+00
257  6.3872e-26
258  6.0368e-06
259  4.8697e-26
260  6.1872e-06
261  4.9592e-06
262  5.6340e-06
263  5.5411e-06
264  5.1461e-06
265  3.5061e-06
266  3.6216e-06
267  1.6057e-06
268  1.1113e-06
269  1.3667e-06
270  9.1873e-07
271  6.9390e-07
272  4.7325e-07
273  2.4771e-07
274  1.3079e-07
275  4.1509e-08
276  2.6897e-08
277  1.0851e-08
278  3.3279e-08
279  3.6430e-08
280  2.6963e-08
281  1.6876e-08
282  3.8576e-08
283  3.7506e-08
284  3.9185e-08
285  3.2840e-08
286  3.2231e-08
287  2.7982e-08
288  2.0220e-08
289  1.0772e-08
290  1.0113e-08
291  6.8830e-09
292  2.9451e-08
293  1.0599e-08
294  1.1026e-08
295  3.9854e-09
296  1.3949e-09
297  4.2451e-10
298  1.2725e-10
299  1.8377e-14
300  2.0989e-13
301  7.1651e-10
302  1.4999e-09
303  9.1945e-10
304  7.5717e-10
305  1.6420e-10
306  4.1009e-10
307  4.7491e-11
308  2.5212e-11
309  7.7527e-12
310  2.7879e-11
311  6.6522e-12
312  6.2700e-12
313  3.2884e-12
314  1.9950e-12
315  1.4240e-12
316  2.0185e-12
317  8.5320e-13
318  2.8314e-12
319  1.1650e-12
320  1.5838e-12
321  6.2497e-13
322  2.6263e-13
323  9.6234e-14
324  2.3042e-13
325  9.7229e-15
326  4.2457e-14
327  2.0090e-13
328  2.5804e-17
329  5.9739e-15
330  1.6444e-17
331  1.6936e-16
332  1.5342e-16
333  3.3010e-17
334  8.8208e-19
335  5.6023e-18
336  8.1556e-18
337  4.7914e-16

