1  1.7025e-09
2  1.7351e-01
3  1.0257e-10
4  9.0995e-11
5  1.0063e-10
6  3.1047e-08
7  4.0637e-06
8  2.5276e-07
9  7.5400e-07
10  1.3130e-06
11  5.2241e-07
12  3.8035e-07
13  5.3159e-07
14  1.8108e-06
15  1.3465e-07
16  3.7120e-06
17  1.7067e-07
18  1.4652e-06
19  7.4379e-07
20  2.7372e-06
21  2.3817e-07
22  2.8885e-06
23  1.9594e-07
24  8.1254e-07
25  5.3383e-07
26  3.9386e-06
27  1.4062e-07
28  1.5336e-06
29  9.4770e-07
30  1.0973e-06
31  1.7207e-07
32  8.5480e-06
33  7.2538e-06
34  2.9371e-05
35  1.6190e-05
36  8.7661e-06
37  4.6995e-06
38  4.0003e-06
39  7.7945e-07
40  1.1794e-05
41  1.5558e-06
42  9.1876e-06
43  9.9658e-32
44  4.5280e-06
45  5.9232e-07
46  4.2928e-06
47  1.9386e-06
48  1.8189e-06
49  2.6666e-07
50  2.7641e-05
51  5.4183e-06
52  3.1824e-04
53  7.8522e-05
54  1.7385e-04
55  1.9015e-05
56  7.8399e-05
57  1.0257e-05
58  5.5443e-05
59  5.1020e-05
60  1.8984e-04
61  1.7369e-85
62  1.0900e-04
63  5.7301e-05
64  1.4893e-04
65  1.8974e-05
66  9.6923e-05
67  1.9203e-05
68  9.2488e-05
69  1.5959e-05
70  4.7855e-05
71  8.0741e-06
72  4.9434e-05
73  1.3024e-05
74  7.4567e-05
75  2.4428e-05
76  9.1148e-05
77  4.0998e-05
78  3.3665e-05
79  1.1441e-06
80  3.3260e-07
81  2.5202e-07
82  6.6055e-07
83  1.7803e-07
84  5.7373e-21
85  1.9269e-322
86  1.7939e-12
87  5.8613e-26
88  6.5866e-16
89  2.2102e-18
90  2.7771e-10
91  3.3136e-15
92  1.3929e-10
93  7.7138e-25
94  5.2459e-13
95  1.6461e-23
96  3.4866e-20
97  8.0233e-15
98  2.7726e-314
99  -1.0474e-321
100  2.3849e-12
101  -1.0887e-313
102  7.8938e-13
103  5.0463e-14
104  9.2543e-15
105  1.9397e-15
106  1.1519e-17
107  3.1352e-20
108  4.9936e-19
109  -1.4921e-320
110  1.3667e-19
111  2.3622e-20
112  0.0000e+00
113  0.0000e+00
114  0.0000e+00
115  0.0000e+00
116  0.0000e+00
117  0.0000e+00
118  0.0000e+00

