1  2.9667e-02
2  2.0298e-01
3  5.4230e-11
4  3.2276e-07
5  3.6227e-09
6  7.2840e-09
7  2.2814e-06
8  3.5560e-06
9  7.1066e-08
10  4.1582e-06
11  1.0203e-06
12  7.7294e-06
13  1.9713e-08
14  7.6114e-07
15  2.0916e-08
16  1.6316e-06
17  8.1049e-08
18  3.2178e-07
19  9.3333e-09
20  5.6161e-09
21  5.1460e-10
22  3.1272e-08
23  1.7836e-10
24  6.9545e-10
25  5.8579e-11
26  1.0058e-09
27  8.0606e-12
28  4.5532e-09
29  1.7181e-10
30  3.7049e-10
31  3.0007e-11
32  8.5774e-10
33  8.3202e-11
34  2.7622e-09
35  2.4061e-10
36  9.5022e-10
37  4.3865e-10
38  2.6095e-10
39  2.5419e-10
40  6.0022e-10
41  1.6756e-10
42  9.8283e-10
43  9.1999e-36
44  1.9405e-10
45  2.3389e-11
46  2.5300e-10
47  3.8460e-11
48  2.5841e-10
49  6.0239e-11
50  7.8319e-10
51  5.0076e-11
52  1.5769e-09
53  2.5933e-11
54  3.1849e-08
55  6.9654e-09
56  8.6464e-09
57  3.3721e-10
58  8.5029e-10
59  5.9393e-11
60  3.3767e-10
61  1.7668e-89
62  7.2914e-11
63  1.2041e-11
64  2.0757e-11
65  6.2943e-13
66  3.7448e-12
67  1.2647e-12
68  6.8836e-12
69  4.0378e-12
70  7.8517e-12
71  9.1215e-13
72  4.3862e-12
73  8.9225e-12
74  5.5425e-12
75  1.0482e-12
76  1.5224e-11
77  3.7698e-12
78  1.9298e-11
79  4.7802e-12
80  1.8850e-11
81  1.3854e-11
82  1.8706e-10
83  1.2251e-10
84  4.5049e-14
85  1.8354e-25
86  4.9951e-13
87  7.8240e-27
88  1.9504e-17
89  2.9503e-19
90  8.2363e-12
91  4.4232e-16
92  1.1494e-11
93  1.4997e-25
94  1.0051e-13
95  2.5023e-21
96  5.2815e-18
97  4.1513e-16
98  1.9486e-287
99  -6.2746e-322
100  3.6627e-10
101  2.9361e-184
102  9.1927e-10
103  2.5669e-10
104  4.3377e-10
105  5.7467e-11
106  4.8039e-10
107  6.8932e-11
108  3.0720e-08
109  4.0774e-319
110  7.1278e-08
111  4.6500e-04
112  0.0000e+00
113  0.0000e+00
114  0.0000e+00
115  0.0000e+00
116  0.0000e+00
117  0.0000e+00
118  0.0000e+00

