    1      2  2.0150e-05  4.0301e-05
    2      3  1.6684e-07  5.0051e-07
    3      7  7.6032e-09  5.3222e-08
    4      8  2.0173e-07  1.6138e-06
    4      9  1.1677e-08  1.0509e-07
    5     10  2.0500e-07  2.0500e-06
    5     11  2.5679e-07  2.8247e-06
    6     12  1.0564e-07  1.2676e-06
    6     13  9.3451e-08  1.2149e-06
    7     14  1.7596e-06  2.4634e-05
    7     15  1.4671e-06  2.2007e-05
    8     16  1.0473e-05  1.6756e-04
    8     17  2.3708e-07  4.0303e-06
    8     18  1.5059e-06  2.7106e-05
    9     19  3.0659e-08  5.8253e-07
   10     20  2.5087e-06  5.0175e-05
   10     21  5.1848e-07  1.0888e-05
   10     22  2.6861e-06  5.9094e-05
   11     23  8.1939e-07  1.8846e-05
   12     24  6.8669e-07  1.6480e-05
   12     25  2.2667e-07  5.6666e-06
   12     26  3.6557e-07  9.5047e-06
   13     27  8.3535e-09  2.2554e-07
   14     28  3.0145e-07  8.4405e-06
   14     29  1.8261e-08  5.2956e-07
   14     30  3.8091e-09  1.1427e-07
   15     31  1.0100e-08  3.1309e-07
   16     32  1.4789e-07  4.7326e-06
   16     33  1.2484e-08  4.1196e-07
   16     34  2.2128e-07  7.5234e-06
   16     36  2.8460e-07  1.0246e-05
   17     35  7.1690e-08  2.5092e-06
   17     37  1.5512e-08  5.7394e-07
   18     36  9.8625e-14  3.5505e-12
   18     38  8.0143e-08  3.0455e-06
   18     40  1.7982e-10  7.1928e-09
   19     39  1.6666e-09  6.4996e-08
   19     40  8.4493e-20  3.3797e-18
   19     41  5.4641e-11  2.2403e-09
   20     40  2.4281e-20  9.7125e-19
   20     42  3.8135e-10  1.6017e-08
   20     43  6.7557e-11  2.9049e-09
   20     44  8.0005e-10  3.5202e-08
   20     46  4.4393e-10  2.0421e-08
   21     45  1.1590e-10  5.2153e-09
   22     46  5.2452e-18  2.4128e-16
   22     47  5.1612e-10  2.4257e-08
   22     48  4.1252e-09  1.9801e-07
   22     49  2.4515e-10  1.2012e-08
   22     50  2.0857e-10  1.0428e-08
   23     51  7.5425e-11  3.8467e-09
   24     52  1.1072e-10  5.7575e-09
   24     53  5.2320e-11  2.7730e-09
   24     54  5.0713e-11  2.7385e-09
   25     55  1.5518e-11  8.5350e-10
   26     56  5.7870e-11  3.2407e-09
   26     57  2.7293e-11  1.5557e-09
   26     58  1.2508e-10  7.2547e-09
   27     59  2.6512e-12  1.5642e-10
   28     60  3.3534e-10  2.0121e-08
   28     61  1.2159e-12  7.4172e-11
   28     62  1.3173e-11  8.1674e-10
   28     64  1.6436e-10  1.0519e-08
   29     63  1.7677e-11  1.1137e-09
   29     65  1.1679e-12  7.5912e-11
   30     64  1.5248e-20  9.7586e-19
   30     66  1.9887e-11  1.3125e-09
   30     67  2.4615e-12  1.6492e-10
   30     68  4.2749e-11  2.9069e-09
   30     70  3.8705e-11  2.7094e-09
   31     69  8.4323e-12  5.8183e-10
   31     71  1.0519e-11  7.4683e-10
   32     70  2.6329e-14  1.8431e-12
   32     72  6.2766e-11  4.5192e-09
   32     73  1.5832e-11  1.1558e-09
   32     74  9.3126e-11  6.8913e-09
   32     76  7.1672e-11  5.4471e-09
   33     75  2.1434e-11  1.6075e-09
   34     76  8.5908e-14  6.5290e-12
   34     77  7.4015e-12  5.6991e-10
   34     78  9.9476e-11  7.7592e-09
   34     80  1.4130e-10  1.1304e-08
   34     82  7.9049e-11  6.4820e-09
   35     79  2.8483e-11  2.2502e-09
   35     81  1.6453e-11  1.3327e-09
   36     82  2.3969e-13  1.9655e-11
   36     83  8.5403e-12  7.0884e-10
   36     84  1.4767e-11  1.2405e-09
   36     86  3.5296e-11  3.0355e-09
   37     85  2.9862e-11  2.5383e-09
   37     87  1.6271e-11  1.4155e-09
   38     86  4.5906e-19  3.9480e-17
   38     87  1.1912e-13  1.0363e-11
   38     88  1.4856e-11  1.3073e-09
   39     89  6.1710e-12  5.4922e-10
   40     90  6.1291e-12  5.5162e-10
   40     91  2.1131e-12  1.9229e-10
   40     92  7.1418e-12  6.5705e-10
   40     94  4.3910e-12  4.1275e-10
   41     93  4.7196e-12  4.3892e-10
   42     95  3.8022e-12  3.6121e-10
   42     96  3.0274e-11  2.9064e-09
   42     97  6.8283e-12  6.6235e-10
   42     98  1.3234e-11  1.2970e-09
   42    100  9.5045e-12  9.5045e-10
   44     99  3.2753e-12  3.2426e-10
   44    100  3.8397e-13  3.8397e-11
   44    101  1.4733e-12  1.4880e-10
   44    102  4.5959e-12  4.6878e-10
   44    104  5.2129e-12  5.4214e-10
   45    103  1.6938e-12  1.7446e-10
   46    104  5.5721e-18  5.7949e-16
   46    105  2.2600e-12  2.3730e-10
   46    106  4.0180e-12  4.2591e-10
   46    108  6.5862e-12  7.1131e-10
   46    110  7.4329e-12  8.1762e-10
   47    107  1.5326e-12  1.6398e-10
   47    109  1.6574e-12  1.8065e-10
   48    110  4.0582e-15  4.4640e-13
   48    111  1.2121e-12  1.3454e-10
   48    112  4.1563e-12  4.6551e-10
   48    113  1.9227e-12  2.1726e-10
   48    114  7.2362e-12  8.2492e-10
   48    116  3.6945e-12  4.2856e-10
   49    113  8.4618e-20  9.5618e-18
   49    115  3.4370e-12  3.9526e-10
   50    115  2.7423e-18  3.1536e-16
   50    116  3.4619e-14  4.0158e-12
   50    117  1.4586e-12  1.7065e-10
   50    118  6.7487e-12  7.9634e-10
   50    119  1.7662e-12  2.1017e-10
   50    120  6.3730e-12  7.6476e-10
   50    122  9.8337e-12  1.1997e-09
   50    124  9.0156e-12  1.1179e-09
   51    121  1.6578e-12  2.0059e-10
   51    123  4.1240e-13  5.0725e-11
   52    122  1.2809e-15  1.5626e-13
   52    124  1.1227e-16  1.3921e-14
   52    125  3.4296e-12  4.2871e-10
   52    126  1.6494e-11  2.0782e-09
   52    128  2.9719e-11  3.8041e-09
   52    130  3.2700e-10  4.2510e-08
   53    127  1.5541e-12  1.9737e-10
   53    129  1.1442e-17  1.4761e-15
   54    128  6.2053e-17  7.9427e-15
   54    129  3.3024e-11  4.2601e-09
   54    130  4.2280e-14  5.4965e-12
   54    131  6.3694e-10  8.3439e-08
   54    132  1.7403e-09  2.2972e-07
   54    134  9.3697e-10  1.2555e-07
   54    136  5.8126e-11  7.9051e-09
   55    133  1.7219e-09  2.2902e-07
   56    134  7.2407e-15  9.7025e-13
   56    135  2.0743e-10  2.8003e-08
   56    136  7.8891e-14  1.0729e-11
   56    137  2.4568e-12  3.3658e-10
   56    138  1.6316e-11  2.2517e-09
   57    139  7.4955e-12  1.0419e-09
   58    140  8.8922e-12  1.2449e-09
   58    142  3.7735e-13  5.3584e-11
   59    141  4.5898e-13  6.4717e-11
   60    142  6.6541e-19  9.4488e-17
   60    143  6.3995e-13  9.1513e-11
   60    144  2.1804e-12  3.1398e-10
   60    145  1.7547e-13  2.5444e-11
   60    146  7.2951e-13  1.0651e-10
   60    148  5.2605e-13  7.7856e-11
   60    150  9.1386e-13  1.3708e-10
   62    147  4.9193e-13  7.2314e-11
   62    148  1.2278e-14  1.8171e-12
   62    149  5.5122e-14  8.2132e-12
   62    150  2.2920e-15  3.4380e-13
   62    152  2.5568e-13  3.8864e-11
   62    154  1.2339e-13  1.9003e-11
   63    151  5.4769e-14  8.2701e-12
   63    153  9.8048e-14  1.5001e-11
   64    154  4.4406e-17  6.8385e-15
   64    155  2.7933e-14  4.3297e-12
   64    156  9.7541e-14  1.5216e-11
   64    157  2.5763e-14  4.0448e-12
   64    158  4.4414e-14  7.0175e-12
   64    160  5.5620e-14  8.8992e-12
   65    159  8.9264e-15  1.4193e-12
   66    160  8.4547e-19  1.3528e-16
   66    161  7.6664e-15  1.2343e-12
   66    162  1.4885e-14  2.4114e-12
   66    163  7.7054e-15  1.2560e-12
   66    164  1.0566e-14  1.7328e-12
   67    165  1.6085e-14  2.6540e-12
   68    166  1.3677e-14  2.2704e-12
   68    167  1.1350e-14  1.8954e-12
   68    168  8.0578e-15  1.3537e-12
   68    170  8.4861e-15  1.4426e-12
   69    169  3.1897e-14  5.3905e-12
   70    170  1.9037e-18  3.2362e-16
   70    171  1.4800e-14  2.5308e-12
   70    172  6.1061e-15  1.0503e-12
   70    173  3.6347e-15  6.2881e-13
   70    174  2.1073e-14  3.6667e-12
   70    176  7.2035e-15  1.2678e-12
   71    175  4.9259e-15  8.6204e-13
   71    176  1.5746e-19  2.7712e-17
   72    177  9.5989e-15  1.6990e-12
   72    178  5.8970e-15  1.0497e-12
   72    179  4.6849e-15  8.3859e-13
   72    180  6.0565e-15  1.0902e-12
   73    181  3.2149e-14  5.8189e-12
   74    182  1.3710e-14  2.4952e-12
   74    183  7.4020e-15  1.3546e-12
   74    184  2.3661e-15  4.3537e-13
   74    186  1.4517e-15  2.7001e-13
   75    185  1.2197e-15  2.2564e-13
   75    187  4.1940e-15  7.8428e-13
   76    187  3.4079e-17  6.3728e-15
   76    188  1.7842e-15  3.3543e-13
   76    189  1.0634e-14  2.0098e-12
   76    190  5.4435e-15  1.0343e-12
   76    192  5.1503e-14  9.8885e-12
   77    191  2.5898e-14  4.9466e-12
   77    193  4.4367e-15  8.5628e-13
   78    192  2.8972e-19  5.5626e-17
   78    194  1.3671e-14  2.6522e-12
   78    195  2.2939e-14  4.4730e-12
   78    196  1.4115e-14  2.7666e-12
   78    198  4.8985e-14  9.6990e-12
   79    197  4.9105e-14  9.6737e-12
   80    198  3.2611e-18  6.4569e-16
   80    199  3.6322e-15  7.2280e-13
   80    200  9.3726e-15  1.8745e-12
   80    201  1.0425e-14  2.0955e-12
   80    202  1.3339e-14  2.6945e-12
   80    204  4.9107e-14  1.0018e-11
   81    203  3.5209e-14  7.1474e-12
   81    205  4.5069e-14  9.2391e-12
   82    206  1.4319e-13  2.9498e-11
   83    214  6.8236e-16  1.4603e-13
   88    228  1.3841e-19  3.1558e-17
   90    230  3.9466e-19  9.0771e-17
   90    232  6.0588e-14  1.4056e-11
   91    231  2.2237e-18  5.1368e-16
   92    234  1.2851e-18  3.0071e-16
   92    235  4.7927e-14  1.1263e-11
   92    236  3.8964e-16  9.1954e-14
   92    238  2.3379e-14  5.5642e-12
   94    240  5.8844e-20  1.4122e-17
   94    244  7.1585e-16  1.7467e-13
   96    247  1.8321e-20  4.5252e-18
   97    246  5.4115e-18  1.3312e-15
  100    258  9.0504e-14  2.3350e-11
  100    260  3.7450e-13  9.7370e-11
  100    262  1.3548e-12  3.5496e-10
  102    261  1.0236e-12  2.6717e-10
  102    263  2.1089e-12  5.5465e-10
  102    264  8.9934e-13  2.3742e-10
  102    266  7.3999e-13  1.9684e-10
  103    265  1.8670e-12  4.9475e-10
  104    267  1.2293e-13  3.2823e-11
  104    268  3.7346e-14  1.0009e-11
  104    270  1.7203e-13  4.6448e-11
  104    272  4.6159e-14  1.2555e-11
  104    274  1.8623e-14  5.1026e-12
  105    269  1.5776e-13  4.2438e-11
  105    271  8.1245e-14  2.2017e-11
  106    273  6.4804e-14  1.7692e-11
  106    275  9.7003e-14  2.6676e-11
  106    276  3.1493e-13  8.6920e-11
  106    278  1.5768e-13  4.3834e-11
  106    280  1.3155e-12  3.6833e-10
  107    277  1.0665e-13  2.9541e-11
  108    279  8.0889e-13  2.2568e-10
  108    281  5.4449e-13  1.5300e-10
  108    282  7.7032e-12  2.1723e-09
  108    283  2.8063e-10  7.9418e-08
  108    284  2.7475e-09  7.8028e-07
  108    286  7.0692e-09  2.0218e-06
  110    285  6.0702e-09  1.7300e-06
  110    286  1.0866e-17  3.1077e-15
  110    287  2.2538e-09  6.4684e-07
  110    288  1.0846e-09  3.1237e-07
  110    290  8.5090e-10  2.4676e-07
  111    289  6.9419e-10  2.0062e-07
  111    290  2.3848e-15  6.9160e-13
  111    291  5.1588e-10  1.5012e-07
  111    292  2.4500e-09  7.1541e-07
  111    293  4.4148e-09  1.2935e-06
  111    294  1.6368e-08  4.8121e-06
  111    295  1.8376e-08  5.4209e-06
  111    296  3.0152e-08  8.9251e-06
  111    297  2.8436e-08  8.4455e-06
  111    298  9.5753e-08  2.8534e-05
  111    299  2.5157e-08  7.5219e-06
  111    300  4.6682e-08  1.4005e-05
  111    301  8.1348e-08  2.4486e-05
  111    302  2.3323e-07  7.0435e-05
  111    303  2.5740e-07  7.7992e-05
  111    304  4.9086e-07  1.4922e-04
  111    305  5.0353e-07  1.5358e-04
  111    306  8.9228e-07  2.7304e-04
  111    307  6.2237e-07  1.9107e-04
  111    308  1.0942e-06  3.3701e-04
  111    309  6.3758e-07  1.9701e-04
  111    310  1.0089e-06  3.1274e-04
  111    311  6.0383e-07  1.8779e-04
  111    312  8.3670e-07  2.6105e-04
  111    313  5.1789e-07  1.6210e-04
  111    314  7.5424e-07  2.3683e-04
  111    315  5.4750e-07  1.7246e-04
  111    316  6.8452e-07  2.1631e-04
  111    317  5.9584e-07  1.8888e-04
  111    318  1.0990e-06  3.4949e-04
  111    319  8.4763e-07  2.7039e-04
  111    320  1.0914e-06  3.4924e-04
  111    321  6.9793e-07  2.2404e-04
  111    322  1.1674e-06  3.7592e-04
  111    323  8.7886e-07  2.8387e-04
  111    324  1.4917e-06  4.8331e-04
  111    325  1.7306e-06  5.6245e-04
  111    326  1.5425e-06  5.0286e-04
  111    327  1.3770e-06  4.5027e-04
  111    328  1.0631e-06  3.4871e-04
  111    329  2.2396e-06  7.3683e-04
  111    330  1.5249e-06  5.0320e-04
  111    331  2.1775e-06  7.2075e-04
  111    332  1.2522e-06  4.1575e-04
  111    333  2.3509e-06  7.8285e-04
  111    334  1.7978e-06  6.0048e-04
  111    335  2.4830e-06  8.3181e-04
  111    336  1.5246e-06  5.1227e-04
  111    337  5.0195e-04  1.6916e-01
    1      1  1.6865e-03  1.6865e-03
    2      4  2.0401e-01  8.1605e-01


