    1      2  2.5369e-09  5.0738e-09
    2      3  1.6599e-10  4.9798e-10
    3      6  7.1474e-12  4.2884e-11
    3      7  2.6819e-10  1.8773e-09
    4      8  5.9888e-10  4.7910e-09
    4      9  1.5539e-10  1.3985e-09
    5     10  4.1113e-10  4.1113e-09
    5     11  2.4279e-10  2.6707e-09
    6     12  2.5976e-09  3.1172e-08
    6     13  1.5347e-07  1.9951e-06
    7     14  2.5574e-07  3.5803e-06
    7     15  7.3372e-06  1.1006e-04
    8     16  2.9665e-07  4.7464e-06
    8     17  2.7609e-09  4.6936e-08
    8     18  1.8472e-08  3.3249e-07
    9     19  9.7215e-07  1.8471e-05
   10     20  1.3286e-06  2.6573e-05
   10     21  3.1219e-07  6.5561e-06
   10     22  3.1839e-09  7.0045e-08
   11     23  8.8162e-07  2.0277e-05
   12     24  2.6639e-07  6.3934e-06
   12     25  2.8784e-07  7.1959e-06
   12     26  1.4817e-08  3.8524e-07
   13     26  2.5325e-19  6.5846e-18
   13     27  3.3648e-07  9.0851e-06
   14     28  9.9723e-07  2.7922e-05
   14     29  1.0591e-07  3.0713e-06
   14     30  7.7528e-08  2.3258e-06
   15     31  1.1322e-07  3.5098e-06
   16     32  1.2270e-07  3.9266e-06
   16     33  1.2811e-06  4.2275e-05
   16     34  9.8488e-07  3.3486e-05
   16     36  2.7060e-08  9.7415e-07
   17     35  3.2726e-08  1.1454e-06
   17     37  8.6726e-08  3.2089e-06
   18     36  5.8148e-20  2.0933e-18
   18     38  1.7453e-07  6.6322e-06
   18     40  2.8597e-07  1.1439e-05
   19     39  1.7184e-07  6.7019e-06
   19     41  1.7129e-07  7.0231e-06
   20     42  5.5345e-07  2.3245e-05
   20     43  1.8563e-07  7.9821e-06
   20     44  1.1547e-07  5.0806e-06
   20     46  1.1394e-07  5.2413e-06
   21     45  1.6236e-07  7.3061e-06
   22     47  1.5556e-07  7.3114e-06
   22     48  3.4716e-07  1.6664e-05
   22     49  2.5448e-07  1.2469e-05
   22     50  2.2154e-07  1.1077e-05
   23     51  4.7914e-08  2.4436e-06
   24     52  2.6822e-07  1.3947e-05
   24     53  2.1726e-07  1.1515e-05
   24     54  1.1373e-07  6.1412e-06
   25     55  1.4657e-07  8.0615e-06
   26     56  4.1384e-07  2.3175e-05
   26     57  4.3230e-07  2.4641e-05
   26     58  2.4450e-08  1.4181e-06
   27     59  2.4026e-08  1.4175e-06
   28     60  5.1324e-08  3.0794e-06
   28     61  7.8076e-08  4.7627e-06
   28     62  1.0396e-07  6.4457e-06
   28     64  2.2024e-07  1.4095e-05
   29     63  3.1203e-07  1.9658e-05
   29     65  1.2932e-07  8.4060e-06
   30     66  2.9534e-07  1.9492e-05
   30     67  1.0105e-07  6.7705e-06
   30     68  2.2994e-07  1.5636e-05
   30     70  5.4303e-07  3.8012e-05
   31     69  2.8156e-07  1.9428e-05
   31     71  8.7075e-08  6.1823e-06
   32     70  9.9152e-16  6.9406e-14
   32     72  3.4541e-07  2.4869e-05
   32     73  2.9520e-07  2.1550e-05
   32     74  1.0524e-06  7.7878e-05
   32     76  4.1530e-06  3.1563e-04
   33     75  2.8430e-06  2.1323e-04
   34     76  6.0535e-14  4.6007e-12
   34     77  3.3574e-06  2.5852e-04
   34     78  2.5443e-06  1.9846e-04
   34     80  1.1689e-05  9.3509e-04
   34     82  2.7179e-06  2.2287e-04
   35     79  3.3347e-06  2.6344e-04
   35     81  6.5358e-06  5.2940e-04
   36     82  1.5234e-13  1.2492e-11
   36     83  2.7509e-06  2.2833e-04
   36     84  1.6841e-06  1.4147e-04
   36     86  4.2994e-06  3.6975e-04
   37     85  1.8235e-06  1.5499e-04
   37     87  5.4450e-06  4.7372e-04
   38     86  1.3093e-20  1.1260e-18
   38     87  3.9870e-08  3.4687e-06
   38     88  5.6513e-06  4.9731e-04
   39     89  6.7717e-07  6.0268e-05
   40     90  1.1086e-06  9.9776e-05
   40     91  6.5949e-07  6.0013e-05
   40     92  2.9101e-06  2.6773e-04
   40     94  7.9341e-06  7.4580e-04
   41     93  3.1109e-06  2.8931e-04
   42     95  1.1752e-06  1.1164e-04
   42     96  2.0059e-06  1.9256e-04
   42     97  1.6473e-06  1.5978e-04
   42     98  6.2400e-07  6.1152e-05
   42    100  1.4661e-06  1.4661e-04
   44     99  1.0599e-06  1.0493e-04
   44    100  7.1079e-14  7.1079e-12
   44    101  1.6652e-06  1.6818e-04
   44    102  8.9401e-07  9.1189e-05
   44    104  1.2006e-06  1.2487e-04
   45    103  8.7189e-07  8.9805e-05
   46    104  6.4077e-19  6.6640e-17
   46    105  1.4673e-06  1.5407e-04
   46    106  3.6668e-06  3.8868e-04
   46    108  7.8984e-06  8.5302e-04
   46    110  6.0106e-05  6.6117e-03
   47    107  3.2202e-06  3.4456e-04
   47    109  3.6760e-05  4.0068e-03
   48    110  2.8008e-13  3.0809e-11
   48    111  8.9768e-06  9.9643e-04
   48    112  3.4106e-05  3.8198e-03
   48    113  2.2365e-05  2.5273e-03
   48    114  2.1324e-05  2.4310e-03
   48    116  2.6807e-06  3.1097e-04
   49    113  9.8432e-13  1.1123e-10
   49    115  1.3300e-05  1.5295e-03
   50    115  1.0612e-11  1.2203e-09
   50    116  4.8035e-13  5.5720e-11
   50    117  2.3484e-06  2.7477e-04
   50    118  1.3310e-06  1.5706e-04
   50    119  9.9924e-07  1.1891e-04
   50    120  4.7713e-06  5.7255e-04
   50    122  2.1343e-06  2.6038e-04
   50    124  1.5864e-05  1.9671e-03
   51    121  1.5359e-06  1.8585e-04
   51    123  3.4246e-06  4.2123e-04
   52    122  7.5762e-15  9.2430e-13
   52    124  1.7004e-16  2.1085e-14
   52    125  2.3014e-05  2.8767e-03
   52    126  5.0855e-05  6.4078e-03
   52    128  7.3380e-05  9.3926e-03
   52    130  7.3396e-05  9.5414e-03
   53    127  4.9383e-05  6.2717e-03
   53    129  2.2807e-13  2.9421e-11
   54    128  4.3691e-16  5.5925e-14
   54    129  9.7742e-05  1.2609e-02
   54    130  4.8558e-14  6.3125e-12
   54    131  3.5183e-05  4.6090e-03
   54    132  1.7108e-05  2.2582e-03
   54    134  2.6904e-05  3.6051e-03
   54    136  4.2216e-05  5.7414e-03
   55    133  1.7226e-05  2.2911e-03
   56    134  4.4970e-18  6.0260e-16
   56    135  2.6629e-05  3.5949e-03
   56    136  8.0677e-15  1.0972e-12
   56    137  3.6298e-05  4.9728e-03
   56    138  1.9332e-05  2.6678e-03
   57    139  1.1918e-05  1.6566e-03
   58    140  2.5314e-05  3.5440e-03
   58    142  3.1568e-05  4.4826e-03
   59    141  8.3974e-05  1.1840e-02
   60    142  3.4480e-17  4.8962e-15
   60    143  7.8366e-06  1.1206e-03
   60    144  8.5000e-06  1.2240e-03
   60    145  1.2421e-06  1.8010e-04
   60    146  3.3661e-06  4.9145e-04
   60    148  9.8725e-06  1.4611e-03
   60    150  2.9248e-05  4.3872e-03
   62    147  5.2903e-06  7.7767e-04
   62    148  3.2092e-13  4.7496e-11
   62    149  7.1881e-06  1.0710e-03
   62    150  2.6494e-12  3.9740e-10
   62    152  1.5288e-05  2.3237e-03
   62    154  1.0869e-05  1.6738e-03
   63    151  2.5719e-05  3.8836e-03
   63    153  7.5667e-06  1.1577e-03
   64    152  1.1807e-20  1.7947e-18
   64    154  3.3451e-14  5.1514e-12
   64    155  7.2636e-06  1.1259e-03
   64    156  1.6624e-05  2.5933e-03
   64    157  1.0577e-05  1.6606e-03
   64    158  1.9298e-05  3.0492e-03
   64    160  1.7987e-05  2.8779e-03
   65    159  1.0852e-05  1.7255e-03
   66    160  9.6026e-15  1.5364e-12
   66    161  9.3035e-06  1.4979e-03
   66    162  1.9922e-05  3.2274e-03
   66    163  1.0645e-05  1.7352e-03
   66    164  2.2711e-05  3.7246e-03
   67    165  1.1373e-05  1.8766e-03
   68    166  2.2741e-05  3.7750e-03
   68    167  1.0379e-05  1.7333e-03
   68    168  2.0263e-05  3.4042e-03
   68    170  1.7398e-05  2.9576e-03
   69    169  1.8034e-05  3.0477e-03
   70    170  3.0132e-15  5.1224e-13
   70    171  1.5947e-05  2.7269e-03
   70    172  1.5042e-05  2.5872e-03
   70    173  1.6503e-05  2.8550e-03
   70    174  2.0612e-05  3.5866e-03
   70    176  1.4813e-05  2.6070e-03
   71    175  1.7241e-05  3.0172e-03
   71    176  6.1292e-16  1.0787e-13
   72    176  5.7385e-18  1.0100e-15
   72    177  1.4912e-05  2.6395e-03
   72    178  1.2016e-05  2.1388e-03
   72    179  8.4643e-06  1.5151e-03
   72    180  5.9969e-06  1.0794e-03
   73    181  4.0452e-06  7.3218e-04
   74    182  3.4546e-06  6.2874e-04
   74    183  1.8164e-06  3.3241e-04
   74    184  2.6405e-06  4.8586e-04
   74    186  4.0307e-06  7.4971e-04
   75    185  1.7101e-06  3.1638e-04
   75    187  2.5486e-06  4.7660e-04
   76    186  1.0236e-18  1.9038e-16
   76    187  2.0713e-08  3.8734e-06
   76    188  6.8779e-06  1.2930e-03
   76    189  1.4333e-05  2.7089e-03
   76    190  2.6068e-05  4.9528e-03
   76    192  4.7544e-05  9.1285e-03
   77    191  3.2418e-05  6.1918e-03
   77    193  6.0645e-05  1.1705e-02
   78    192  5.5124e-16  1.0584e-13
   78    194  5.7480e-05  1.1151e-02
   78    195  4.7071e-05  9.1788e-03
   78    196  2.0041e-05  3.9281e-03
   78    198  1.6508e-06  3.2685e-04
   79    197  7.1596e-06  1.4104e-03
   80    198  1.0093e-16  1.9984e-14
   80    199  4.9039e-07  9.7588e-05
   80    200  1.7243e-07  3.4487e-05
   80    201  8.4030e-08  1.6890e-05
   80    202  1.5149e-07  3.0602e-05
   80    204  2.4808e-07  5.0608e-05
   81    203  1.8892e-07  3.8351e-05
   81    205  1.7740e-07  3.6367e-05
   82    206  5.3597e-07  1.1041e-04
   82    207  4.9125e-07  1.0169e-04
   82    208  5.4516e-07  1.1339e-04
   82    210  8.0318e-16  1.6867e-13
   83    209  4.5658e-07  9.5424e-05
   83    210  1.6848e-20  3.5381e-18
   84    210  4.6518e-19  9.7689e-17
   86    222  1.2841e-20  2.8507e-18
   88    223  3.1033e-19  6.9204e-17
   88    224  1.8450e-20  4.1327e-18
   88    226  1.9649e-15  4.4406e-13
   88    228  5.9328e-14  1.3527e-11
   89    227  2.1581e-16  4.8989e-14
   90    227  4.9877e-19  1.1322e-16
   90    228  3.5431e-18  8.0782e-16
   90    230  9.2603e-14  2.1299e-11
   90    231  2.8867e-20  6.6683e-18
   90    232  2.5970e-08  6.0249e-06
   90    234  3.1312e-20  7.3270e-18
   91    231  3.2354e-13  7.4739e-11
   92    234  3.0154e-13  7.0561e-11
   92    235  6.9732e-09  1.6387e-06
   92    236  1.6779e-11  3.9598e-09
   92    238  5.4857e-09  1.3056e-06
   94    240  3.3203e-15  7.9688e-13
   94    244  4.0416e-11  9.8615e-09
   96    244  1.0969e-20  2.6765e-18
   96    247  3.5743e-18  8.8285e-16
   97    246  6.9929e-13  1.7203e-10
  100    258  1.0266e-10  2.6487e-08
  100    260  6.4266e-11  1.6709e-08
  100    262  4.2619e-11  1.1166e-08
  102    261  4.1104e-11  1.0728e-08
  102    263  3.0808e-11  8.1025e-09
  102    264  2.2879e-11  6.0401e-09
  102    266  9.7597e-12  2.5961e-09
  103    265  9.6925e-12  2.5685e-09
  104    267  5.0038e-12  1.3360e-09
  104    268  3.3645e-12  9.0170e-10
  104    270  2.6141e-12  7.0580e-10
  104    272  1.1478e-12  3.1221e-10
  104    274  3.2719e-13  8.9651e-11
  105    269  4.3049e-12  1.1580e-09
  105    271  1.5256e-12  4.1344e-10
  106    273  6.6252e-13  1.8087e-10
  106    275  1.3576e-13  3.7334e-11
  106    276  9.9916e-14  2.7577e-11
  106    278  1.0482e-14  2.9141e-12
  106    280  3.5935e-16  1.0062e-13
  107    277  1.6171e-14  4.4794e-12
  108    279  1.6834e-15  4.6966e-13
  108    281  9.7207e-17  2.7315e-14
  108    282  1.1917e-16  3.3607e-14
  108    283  7.0866e-17  2.0055e-14
  108    284  9.4389e-17  2.6806e-14
  108    286  8.2437e-17  2.3577e-14
  110    285  8.8562e-17  2.5240e-14
  110    287  4.7106e-17  1.3519e-14
  110    288  3.8684e-17  1.1141e-14
  110    290  2.0902e-17  6.0617e-15
  111    289  1.9522e-17  5.6419e-15
  111    291  9.2686e-18  2.6972e-15
  111    292  5.7357e-17  1.6748e-14
  111    293  1.8688e-17  5.4755e-15
  111    294  2.3151e-17  6.8064e-15
  111    295  8.7030e-18  2.5674e-15
  111    296  5.4916e-18  1.6255e-15
  111    297  2.5523e-18  7.5803e-16
  111    298  3.3347e-18  9.9374e-16
  111    299  4.8362e-19  1.4460e-16
  111    300  3.0591e-19  9.1773e-17
  111    301  1.8637e-18  5.6097e-16
  111    302  7.0872e-18  2.1403e-15
  111    303  9.2530e-19  2.8037e-16
  111    304  1.1481e-18  3.4902e-16
  111    305  3.2303e-19  9.8526e-17
  111    306  6.6560e-19  2.0367e-16
  111    307  9.5252e-20  2.9242e-17
  111    308  1.9523e-19  6.0131e-17
  111    309  3.7722e-20  1.1656e-17
  111    310  5.1701e-20  1.6027e-17
  111    312  2.0454e-20  6.3816e-18
    1      1  7.2995e-10  7.2995e-10
    2      4  1.7858e-01  7.1433e-01


