1  1.0065e-03
2  9.0636e-06
3  6.6065e-08
4  2.1945e-01
5  0.0000e+00
6  5.9378e-24
7  4.9192e-09
8  1.0280e-07
9  1.1984e-08
10  2.1581e-07
11  1.6109e-07
12  4.8388e-08
13  2.8159e-08
14  9.1036e-07
15  1.4708e-06
16  7.3050e-06
17  1.8761e-07
18  8.3635e-07
19  1.4689e-08
20  1.5596e-06
21  4.9765e-07
22  1.4627e-06
23  4.0348e-07
24  3.7401e-07
25  1.1621e-07
26  2.2157e-07
27  6.7207e-09
28  1.8236e-07
29  1.0396e-08
30  2.4483e-09
31  7.7393e-09
32  9.6120e-08
33  8.1285e-09
34  1.9414e-07
35  6.7574e-08
36  1.9690e-07
37  1.1182e-08
38  5.4578e-08
39  1.1418e-09
40  1.1391e-10
41  4.6432e-11
42  2.8058e-10
43  5.2398e-11
44  5.8893e-10
45  8.1801e-11
46  3.6206e-10
47  4.5804e-10
48  2.4859e-09
49  1.6891e-10
50  1.4198e-10
51  5.8308e-11
52  7.5413e-11
53  3.6183e-11
54  3.3969e-11
55  1.0944e-11
56  4.4664e-11
57  1.7597e-11
58  7.4589e-11
59  2.0305e-12
60  1.9042e-10
61  7.6286e-13
62  8.3237e-12
63  9.4568e-12
64  9.0521e-11
65  7.1442e-13
66  1.3592e-11
67  1.6815e-12
68  3.1139e-11
69  6.7177e-12
70  2.5280e-11
71  8.5015e-12
72  4.2964e-11
73  1.0352e-11
74  5.4968e-11
75  1.1685e-11
76  3.9843e-11
77  5.6807e-12
78  5.7888e-11
79  1.6108e-11
80  7.3263e-11
81  9.0337e-12
82  3.9637e-11
83  5.7914e-12
84  7.7586e-12
85  1.6038e-11
86  1.5235e-11
87  7.7492e-12
88  6.4215e-12
89  2.3155e-12
90  2.4538e-12
91  9.5630e-13
92  3.5325e-12
93  2.0791e-12
94  1.9039e-12
95  2.2897e-12
96  1.7384e-11
97  4.2093e-12
98  7.9495e-12
99  1.8940e-12
100  5.6892e-12
101  8.8909e-13
102  2.8385e-12
103  1.0266e-12
104  3.4349e-12
105  1.4036e-12
106  2.4891e-12
107  9.6160e-13
108  4.1786e-12
109  1.0243e-12
110  4.2590e-12
111  7.0279e-13
112  2.5422e-12
113  1.0624e-12
114  4.0888e-12
115  1.8038e-12
116  2.0373e-12
117  9.5468e-13
118  3.7308e-12
119  8.9465e-13
120  2.9829e-12
121  7.7828e-13
122  4.9303e-12
123  2.2896e-13
124  4.3079e-12
125  1.7797e-12
126  7.7741e-12
127  9.8388e-13
128  1.6639e-11
129  2.6802e-11
130  2.4267e-10
131  4.1920e-10
132  1.0919e-09
133  9.4657e-10
134  3.8463e-10
135  6.9353e-11
136  1.8063e-11
137  8.9059e-13
138  7.3658e-12
139  2.8064e-12
140  2.9611e-12
141  1.5110e-13
142  1.8050e-13
143  2.9560e-13
144  9.4864e-13
145  7.3781e-14
146  3.4866e-13
147  2.0071e-13
148  2.1497e-13
149  2.7565e-14
150  3.8280e-13
151  2.3205e-14
152  1.0868e-13
153  3.7972e-14
154  4.4339e-14
155  1.1477e-14
156  3.9049e-14
157  1.0336e-14
158  1.8400e-14
159  3.4981e-15
160  1.8817e-14
161  3.1283e-15
162  5.3818e-15
163  2.9444e-15
164  3.6002e-15
165  5.8587e-15
166  4.2048e-15
167  3.7871e-15
168  2.5032e-15
169  1.1194e-14
170  2.5409e-15
171  5.4831e-15
172  2.0785e-15
173  1.1906e-15
174  6.7127e-15
175  1.4990e-15
176  2.0578e-15
177  3.3481e-15
178  1.8431e-15
179  1.4296e-15
180  1.8003e-15
181  9.3447e-15
182  3.9347e-15
183  2.7608e-15
184  8.0784e-16
185  4.1173e-16
186  4.7140e-16
187  1.4410e-15
188  6.0984e-16
189  3.8407e-15
190  1.7577e-15
191  1.0538e-14
192  1.6516e-14
193  1.4210e-15
194  4.3422e-15
195  8.8342e-15
196  4.6736e-15
197  1.9245e-14
198  1.5300e-14
199  1.1432e-15
200  3.0935e-15
201  3.6771e-15
202  4.6849e-15
203  1.4248e-14
204  1.7079e-14
205  1.5645e-14
206  5.0109e-14
207  -1.0326e-07
208  1.4628e-13
209  3.7580e-09
210  -5.5024e-151
211  -5.2467e-21
212  2.2978e-60
213  0.0000e+00
214  0.0000e+00
215  2.1344e-15
216  0.0000e+00
217  0.0000e+00
218  1.6115e-16
219  2.3617e-22
220  1.2777e-16
221  0.0000e+00
222  3.1453e-25
223  8.1676e-25
224  1.3843e-23
225  -6.6415e-39
226  6.4214e-21
227  5.6935e-22
228  5.2104e-20
229  6.3280e-32
230  3.0265e-19
231  8.5161e-19
232  2.2806e-14
233  3.3996e-29
234  9.8739e-19
235  1.8354e-14
236  1.6961e-16
237  -8.9785e-319
238  9.1031e-15
239  1.1280e-23
240  5.6477e-20
241  0.0000e+00
242  1.7185e-68
243  3.4484e-24
244  2.7903e-16
245  0.0000e+00
246  2.1092e-18
247  7.2781e-21
248  6.6566e-68
249  0.0000e+00
250  0.0000e+00
251  7.1610e-314
252  0.0000e+00
253  0.0000e+00
254  0.0000e+00
255  0.0000e+00
256  0.0000e+00
257  2.1610e-27
258  3.1240e-14
259  6.7686e-26
260  1.1853e-13
261  3.2721e-13
262  4.4290e-13
263  7.0584e-13
264  3.1170e-13
265  6.5659e-13
266  2.6511e-13
267  4.4297e-14
268  1.3339e-14
269  5.6502e-14
270  6.2015e-14
271  2.9352e-14
272  1.6744e-14
273  2.3541e-14
274  6.7789e-15
275  3.5786e-14
276  1.1788e-13
277  4.0202e-14
278  6.0268e-14
279  3.2106e-13
280  5.3096e-13
281  2.2075e-13
282  4.0472e-12
283  1.6326e-10
284  1.6040e-09
285  3.5393e-09
286  4.1288e-09
287  1.3065e-09
288  6.4344e-10
289  4.0581e-10
290  5.2278e-10
291  2.9748e-10
292  1.8526e-09
293  3.3642e-09
294  2.6826e-08
295  3.8417e-08
296  6.7772e-08
297  6.4770e-08
298  2.0990e-07
299  5.3699e-08
300  8.9633e-08
301  1.4795e-07
302  3.8359e-07
303  4.3534e-07
304  9.3535e-07
305  8.5788e-07
306  1.5134e-06
307  9.8096e-07
308  1.7440e-06
309  9.7421e-07
310  1.6001e-06
311  9.3620e-07
312  1.3434e-06
313  8.3048e-07
314  1.2207e-06
315  8.6869e-07
316  1.0899e-06
317  9.4052e-07
318  1.8450e-06
319  1.3694e-06
320  1.8434e-06
321  1.1603e-06
322  2.0297e-06
323  1.4427e-06
324  2.6959e-06
325  2.7082e-06
326  2.4561e-06
327  2.2093e-06
328  1.7694e-06
329  4.1306e-06
330  2.4708e-06
331  3.7621e-06
332  1.8615e-06
333  3.8747e-06
334  3.1636e-06
335  4.3308e-06
336  2.6457e-06
337  2.9658e-04

