1  3.8993e-02
2  2.1495e-03
3  4.4055e-05
4  2.2237e-01
5  0.0000e+00
6  9.2355e-23
7  3.0025e-11
8  3.7659e-07
9  1.9307e-11
10  5.3983e-10
11  1.5466e-09
12  1.4502e-09
13  3.7140e-09
14  7.7938e-07
15  6.8091e-07
16  1.5187e-06
17  1.2351e-08
18  4.9387e-07
19  5.0005e-08
20  1.0663e-06
21  3.3084e-08
22  1.4218e-06
23  5.9470e-07
24  3.5648e-06
25  9.5193e-07
26  1.6340e-06
27  1.4771e-08
28  5.0671e-07
29  5.1247e-08
30  9.6988e-09
31  1.5924e-08
32  2.3182e-07
33  2.1451e-08
34  2.1409e-07
35  1.2821e-08
36  8.9143e-07
37  5.2527e-08
38  3.1245e-07
39  9.2691e-09
40  1.7827e-09
41  1.3568e-10
42  1.2811e-09
43  1.8955e-10
44  2.4645e-09
45  5.1026e-10
46  1.5553e-09
47  3.3430e-10
48  3.0737e-08
49  7.5084e-10
50  1.0362e-09
51  1.7158e-10
52  2.8142e-10
53  1.5225e-10
54  2.3913e-10
55  5.7907e-11
56  9.3616e-11
57  1.1230e-10
58  8.1734e-10
59  8.0639e-12
60  2.9478e-09
61  8.1162e-12
62  5.6928e-11
63  1.7335e-10
64  1.8882e-09
65  9.3259e-12
66  8.8659e-11
67  1.1480e-11
68  1.0824e-10
69  9.9957e-12
70  1.6678e-10
71  1.8656e-11
72  9.3096e-11
73  2.5882e-11
74  2.3898e-10
75  7.6628e-11
76  4.5966e-10
77  1.2566e-11
78  3.1755e-10
79  1.0337e-10
80  1.1815e-09
81  1.2472e-10
82  1.2969e-09
83  3.3734e-11
84  1.7357e-10
85  1.8342e-10
86  8.2781e-10
87  2.6776e-10
88  2.6635e-10
89  2.8688e-10
90  2.2992e-10
91  6.9454e-11
92  1.4852e-10
93  1.9572e-10
94  2.4105e-10
95  8.0570e-11
96  6.0542e-10
97  8.9419e-11
98  1.9474e-10
99  5.6261e-11
100  1.8828e-10
101  2.5639e-11
102  6.6928e-11
103  2.7192e-11
104  5.6593e-11
105  3.0693e-11
106  5.9089e-11
107  2.3651e-11
108  8.0480e-11
109  2.0777e-11
110  1.2268e-10
111  2.0017e-11
112  4.3776e-11
113  3.3520e-11
114  1.1211e-10
115  7.0894e-11
116  9.6288e-11
117  1.2330e-11
118  8.0708e-11
119  3.2380e-11
120  1.7694e-10
121  4.8916e-11
122  3.2994e-10
123  1.1087e-11
124  3.1805e-10
125  9.8096e-11
126  6.6805e-10
127  3.1804e-11
128  4.3719e-10
129  1.5979e-10
130  5.6805e-10
131  1.4879e-09
132  6.3850e-09
133  6.2357e-09
134  1.9996e-08
135  9.0763e-09
136  6.2876e-09
137  1.9878e-10
138  3.9616e-10
139  3.8305e-10
140  1.0049e-09
141  7.5776e-11
142  4.0422e-11
143  6.0204e-11
144  1.5922e-10
145  1.5329e-11
146  3.5916e-11
147  4.7399e-11
148  7.3721e-11
149  4.3925e-12
150  8.5895e-11
151  5.1100e-12
152  1.9716e-11
153  1.0458e-11
154  1.9358e-11
155  2.5595e-12
156  8.2052e-12
157  2.0399e-12
158  3.6473e-12
159  8.0271e-13
160  1.0546e-11
161  6.0845e-13
162  1.8590e-12
163  7.2795e-13
164  1.7073e-12
165  1.5897e-12
166  2.8422e-12
167  1.8362e-12
168  1.8508e-12
169  5.3886e-12
170  2.7632e-12
171  1.7495e-12
172  8.0490e-13
173  5.6631e-13
174  4.7030e-12
175  1.2427e-12
176  2.8214e-12
177  1.3642e-12
178  1.2509e-12
179  1.1941e-12
180  2.1383e-12
181  1.3296e-11
182  8.0062e-12
183  9.5633e-13
184  4.0899e-13
185  2.3802e-13
186  3.8404e-13
187  7.7929e-13
188  3.3673e-13
189  1.5806e-12
190  1.3672e-12
191  2.7997e-12
192  1.6445e-11
193  1.4272e-12
194  4.7838e-12
195  2.9724e-12
196  3.3080e-12
197  5.5811e-12
198  1.5506e-11
199  1.1182e-12
200  2.9625e-12
201  1.9336e-12
202  3.7241e-12
203  4.2098e-12
204  1.2825e-11
205  1.1674e-11
206  4.4383e-11
207  1.4852e-10
208  5.5617e-11
209  1.6461e-10
210  8.1340e-19
211  1.0648e-12
212  4.5726e-34
213  5.0900e-44
214  2.2750e-25
215  2.3150e-48
216  6.3107e-46
217  2.4366e-25
218  3.4882e-27
219  3.3668e-13
220  2.1634e-14
221  6.0297e-38
222  6.1918e-24
223  2.8752e-22
224  5.8722e-24
225  4.1787e-43
226  9.4743e-19
227  2.0040e-19
228  1.8884e-17
229  1.4554e-32
230  4.4652e-17
231  2.9976e-16
232  8.2656e-12
233  7.6790e-30
234  1.4540e-16
235  6.4605e-12
236  3.2564e-14
237  -1.3235e-318
238  2.6451e-12
239  4.7450e-21
240  6.4376e-18
241  0.0000e+00
242  2.0922e-61
243  1.4506e-21
244  7.8361e-14
245  0.0000e+00
246  5.8249e-16
247  3.0615e-18
248  6.9370e-61
249  0.0000e+00
250  0.0000e+00
251  4.4590e-285
252  0.0000e+00
253  0.0000e+00
254  0.0000e+00
255  0.0000e+00
256  0.0000e+00
257  9.2502e-27
258  1.8848e-11
259  7.7128e-26
260  9.4455e-11
261  2.7455e-10
262  3.9672e-10
263  5.7242e-10
264  2.1496e-10
265  3.9313e-10
266  1.4114e-10
267  2.2734e-11
268  7.2676e-12
269  3.0185e-11
270  3.1731e-11
271  1.4836e-11
272  8.3212e-12
273  1.1588e-11
274  3.3314e-12
275  1.6234e-11
276  4.9685e-11
277  1.6343e-11
278  2.3069e-11
279  1.0196e-10
280  1.5511e-10
281  6.3373e-11
282  3.0647e-10
283  2.1945e-09
284  1.9189e-08
285  4.2661e-08
286  4.7686e-08
287  1.6443e-08
288  5.3225e-09
289  4.2019e-09
290  2.4071e-09
291  2.6711e-09
292  2.6077e-09
293  1.1921e-08
294  4.0102e-08
295  2.7110e-08
296  3.4463e-08
297  1.2260e-08
298  2.2712e-08
299  4.2067e-09
300  4.3291e-09
301  4.0738e-08
302  6.6014e-08
303  6.8497e-08
304  9.1231e-08
305  7.9585e-08
306  8.6661e-08
307  7.9478e-08
308  8.0914e-08
309  4.9294e-08
310  5.8162e-08
311  3.9055e-08
312  4.5404e-08
313  2.6682e-08
314  3.7201e-08
315  3.0629e-08
316  3.6996e-08
317  3.2554e-08
318  5.3462e-08
319  4.9042e-08
320  5.2574e-08
321  3.3861e-08
322  4.1296e-08
323  3.4509e-08
324  3.9474e-08
325  5.1270e-08
326  4.4329e-08
327  3.6493e-08
328  2.7542e-08
329  3.9029e-08
330  2.9545e-08
331  3.6143e-08
332  2.5072e-08
333  4.0133e-08
334  2.5827e-08
335  3.2360e-08
336  1.8918e-08
337  1.9618e-04

