1  2.1924e-09
2  5.5624e-09
3  5.5812e-10
4  2.1041e-01
5  0.0000e+00
6  1.6287e-11
7  6.4850e-10
8  2.9330e-09
9  1.0796e-09
10  3.5395e-08
11  2.4227e-09
12  3.1811e-09
13  2.3418e-07
14  1.2821e-07
15  7.9958e-06
16  1.8265e-07
17  5.0802e-09
18  3.4270e-08
19  7.8641e-07
20  1.1020e-06
21  3.9494e-07
22  3.4524e-09
23  8.5352e-07
24  2.8289e-07
25  3.8596e-07
26  3.4958e-08
27  1.5768e-07
28  4.0438e-07
29  7.8737e-08
30  6.3154e-08
31  6.3295e-08
32  1.0002e-07
33  7.1542e-07
34  5.5027e-07
35  2.2167e-08
36  1.9675e-08
37  1.4272e-08
38  5.6420e-08
39  4.5776e-08
40  2.2980e-08
41  1.1778e-07
42  3.3161e-07
43  7.3710e-08
44  8.3099e-08
45  8.2696e-08
46  4.2836e-08
47  6.0132e-08
48  1.1722e-07
49  7.3831e-08
50  6.3731e-08
51  2.6615e-08
52  1.3988e-07
53  9.8570e-08
54  4.3927e-08
55  3.5964e-08
56  7.7179e-08
57  1.4459e-07
58  7.7910e-09
59  7.8847e-09
60  1.7990e-08
61  3.1950e-08
62  4.2393e-08
63  1.2859e-07
64  9.5100e-08
65  5.5981e-08
66  1.1486e-07
67  3.8295e-08
68  5.6143e-08
69  4.2355e-08
70  1.1183e-07
71  3.1403e-08
72  1.3511e-07
73  6.6645e-08
74  2.0228e-07
75  5.8884e-07
76  7.5383e-07
77  5.2044e-07
78  5.1096e-07
79  8.3904e-07
80  3.2603e-06
81  1.7494e-06
82  8.6418e-07
83  1.5094e-06
84  7.5399e-07
85  6.1454e-07
86  1.3014e-06
87  1.1500e-06
88  1.1341e-06
89  5.9601e-07
90  9.1152e-07
91  1.9490e-07
92  1.0176e-06
93  7.1418e-07
94  1.6541e-06
95  7.2041e-07
96  1.0778e-06
97  6.9695e-07
98  2.0308e-07
99  2.4836e-07
100  3.0107e-07
101  3.5391e-07
102  2.5471e-07
103  2.7117e-07
104  3.8578e-07
105  3.6996e-07
106  7.4663e-07
107  8.1024e-07
108  2.1690e-06
109  9.3644e-06
110  1.5398e-05
111  2.3294e-06
112  8.7496e-06
113  5.8044e-06
114  5.2043e-06
115  2.5834e-06
116  5.4414e-07
117  5.6593e-07
118  4.1145e-07
119  3.3131e-07
120  1.5159e-06
121  5.7142e-07
122  8.8003e-07
123  1.3923e-06
124  5.7620e-06
125  7.0824e-06
126  1.1522e-05
127  1.4559e-05
128  1.3268e-05
129  1.0153e-05
130  7.9150e-06
131  6.1277e-06
132  2.5691e-06
133  2.6082e-06
134  3.2614e-06
135  2.6619e-06
136  4.3927e-06
137  2.9637e-06
138  2.4875e-06
139  1.7760e-06
140  2.8807e-06
141  5.9206e-06
142  2.5390e-06
143  2.6895e-06
144  4.4026e-06
145  9.9407e-07
146  7.4554e-07
147  7.6317e-07
148  1.2661e-06
149  9.6276e-07
150  2.8479e-06
151  2.5314e-06
152  1.9592e-06
153  1.1876e-06
154  2.0006e-06
155  1.1026e-06
156  2.4031e-06
157  1.6606e-06
158  3.0184e-06
159  1.8052e-06
160  3.0896e-06
161  1.5579e-06
162  3.2519e-06
163  1.8796e-06
164  4.2447e-06
165  2.1674e-06
166  3.9433e-06
167  1.7657e-06
168  3.4203e-06
169  3.3155e-06
170  3.3104e-06
171  3.4811e-06
172  3.8664e-06
173  4.7767e-06
174  6.1573e-06
175  5.1428e-06
176  5.1005e-06
177  5.9594e-06
178  5.2730e-06
179  3.8344e-06
180  2.8326e-06
181  1.9001e-06
182  1.2286e-06
183  5.5376e-07
184  7.3792e-07
185  5.2502e-07
186  1.9056e-06
187  1.5023e-06
188  4.9064e-06
189  1.0940e-05
190  2.1822e-05
191  2.9907e-05
192  4.8886e-05
193  7.1975e-05
194  8.2890e-05
195  7.9672e-05
196  4.5595e-05
197  2.7313e-05
198  8.1671e-06
199  2.8472e-06
200  2.5673e-06
201  1.8453e-06
202  2.0616e-06
203  1.5558e-06
204  2.2706e-06
205  2.3940e-06
206  2.6798e-05
207  2.5576e-05
208  2.3140e-05
209  2.7734e-05
210  8.2259e-13
211  2.3614e-18
212  3.4365e-18
213  4.8278e-44
214  4.3081e-19
215  6.5099e-25
216  3.9817e-24
217  2.4333e-96
218  7.4040e-21
219  9.1374e-22
220  1.5268e-21
221  7.8433e-320
222  1.3143e-17
223  2.2796e-16
224  8.6227e-18
225  2.9097e-40
226  2.0112e-12
227  1.5889e-13
228  2.7729e-11
229  1.0853e-29
230  9.4785e-11
231  2.3766e-10
232  1.2137e-05
233  5.9896e-26
234  3.0864e-10
235  5.1223e-06
236  2.0990e-08
237  -1.0502e-318
238  5.6149e-06
239  1.2717e-17
240  4.1544e-12
241  0.0000e+00
242  4.7348e-124
243  3.8875e-18
244  5.0569e-08
245  0.0000e+00
246  8.0920e-10
247  8.2050e-15
248  3.9778e-123
249  0.0000e+00
250  0.0000e+00
251  2.0404e-314
252  0.0000e+00
253  0.0000e+00
254  0.0000e+00
255  0.0000e+00
256  0.0000e+00
257  5.5156e-26
258  6.2986e-07
259  8.8354e-26
260  5.7711e-07
261  4.0696e-07
262  4.4216e-07
263  3.5514e-07
264  3.5929e-07
265  2.2857e-07
266  2.7422e-07
267  1.5714e-07
268  1.2340e-07
269  2.1430e-07
270  1.8176e-07
271  1.3556e-07
272  1.4103e-07
273  1.1516e-07
274  8.2790e-08
275  3.9842e-08
276  3.2700e-08
277  6.8988e-09
278  6.3324e-09
279  1.5351e-09
280  5.2248e-10
281  2.2209e-10
282  3.2280e-10
283  2.0663e-10
284  3.0421e-10
285  3.1377e-10
286  3.5454e-10
287  3.1662e-10
288  3.1289e-10
289  1.5975e-10
290  1.5197e-10
291  6.5076e-11
292  4.6388e-10
293  2.2099e-10
294  3.9689e-10
295  1.9103e-10
296  1.3726e-10
297  6.5908e-11
298  8.2319e-11
299  1.1175e-11
300  6.1339e-12
301  6.5310e-11
302  1.3072e-10
303  1.4883e-11
304  3.7705e-11
305  1.2663e-11
306  1.1006e-11
307  5.4021e-12
308  4.5830e-12
309  9.3088e-13
310  3.0550e-12
311  9.1763e-13
312  6.6210e-13
313  2.2414e-13
314  4.7796e-13
315  9.1294e-14
316  2.2258e-13
317  5.4629e-14
318  9.1209e-14
319  3.1380e-14
320  4.6869e-14
321  2.5933e-14
322  2.4599e-14
323  2.3943e-14
324  2.4033e-14
325  3.4465e-15
326  1.6968e-14
327  4.5760e-15
328  1.9445e-16
329  2.1441e-15
330  5.8203e-16
331  1.1405e-16
332  3.2701e-16
333  4.2596e-17
334  1.8679e-16
335  1.2456e-17
336  5.3404e-17
337  3.4441e-17

