1  1.3445e-08
2  2.1547e-01
3  1.7985e-09
4  1.8130e-08
5  1.6524e-07
6  1.5743e-07
7  1.0202e-05
8  3.1100e-07
9  8.4123e-07
10  1.7563e-06
11  8.2372e-07
12  7.4476e-07
13  9.6406e-08
14  2.7911e-07
15  3.4113e-08
16  7.9151e-07
17  2.0445e-08
18  3.9636e-08
19  7.5962e-08
20  2.2519e-07
21  3.8446e-08
22  1.1159e-07
23  1.2771e-08
24  1.0699e-07
25  1.0220e-08
26  1.1153e-07
27  4.1451e-09
28  6.5321e-08
29  9.1958e-08
30  1.5675e-07
31  2.6041e-08
32  3.9823e-07
33  2.0673e-07
34  1.1909e-06
35  4.6242e-07
36  6.9242e-07
37  2.9546e-07
38  1.8160e-07
39  1.2220e-07
40  6.2627e-07
41  9.1765e-08
42  6.2345e-07
43  2.6944e-33
44  1.8140e-07
45  4.8310e-08
46  6.0712e-06
47  2.8615e-06
48  9.4829e-06
49  1.9058e-06
50  3.3291e-06
51  6.5521e-07
52  1.5202e-05
53  4.5775e-06
54  1.2259e-05
55  1.1691e-06
56  3.8406e-06
57  6.4476e-07
58  1.7344e-06
59  1.8321e-06
60  4.3835e-06
61  5.8206e-84
62  2.0118e-06
63  6.5072e-07
64  3.1602e-06
65  2.1496e-07
66  2.4803e-06
67  6.5426e-07
68  3.3327e-06
69  1.1205e-06
70  4.8723e-06
71  1.0213e-06
72  5.0834e-06
73  1.0860e-06
74  1.8197e-06
75  2.9104e-07
76  9.9828e-06
77  1.3750e-05
78  8.5264e-05
79  2.2379e-05
80  1.0666e-05
81  1.9410e-06
82  8.5439e-05
83  5.1068e-05
84  2.1282e-15
85  6.5102e-26
86  5.8754e-17
87  1.8347e-20
88  9.8767e-11
89  6.9187e-13
90  3.9298e-05
91  1.0373e-09
92  4.7571e-05
93  4.1640e-19
94  2.8317e-07
95  2.4825e-17
96  5.2461e-14
97  4.5312e-09
98  -5.4807e-314
99  -1.8774e-321
100  1.9953e-05
101  3.6808e-313
102  2.8687e-05
103  6.4381e-06
104  4.4761e-05
105  1.6384e-05
106  4.4301e-05
107  3.4844e-06
108  2.4291e-06
109  3.3664e-319
110  1.1123e-06
111  5.6159e-06
112  0.0000e+00
113  0.0000e+00
114  0.0000e+00
115  0.0000e+00
116  0.0000e+00
117  0.0000e+00
118  0.0000e+00

