    1      2  3.6343e-09  7.2685e-09
    2      3  2.8819e-10  8.6457e-10
    3      6  1.0359e-11  6.2155e-11
    3      7  3.9180e-10  2.7426e-09
    4      8  7.5830e-10  6.0664e-09
    4      9  2.3473e-10  2.1126e-09
    5     10  3.3514e-09  3.3514e-08
    5     11  5.8424e-10  6.4267e-09
    6     12  2.2770e-09  2.7324e-08
    6     13  1.7625e-07  2.2912e-06
    7     14  1.8881e-07  2.6433e-06
    7     15  5.7448e-06  8.6173e-05
    8     16  1.8014e-07  2.8822e-06
    8     17  2.9843e-09  5.0733e-08
    8     18  1.9705e-08  3.5470e-07
    9     19  6.9031e-07  1.3116e-05
   10     20  9.5384e-07  1.9077e-05
   10     21  3.1449e-07  6.6043e-06
   10     22  2.8784e-09  6.3325e-08
   11     23  8.4300e-07  1.9389e-05
   12     24  2.6443e-07  6.3464e-06
   12     25  3.1990e-07  7.9974e-06
   12     26  2.0829e-08  5.4156e-07
   13     26  2.9079e-19  7.5605e-18
   13     27  2.6341e-07  7.1120e-06
   14     28  7.5798e-07  2.1224e-05
   14     29  1.0346e-07  3.0004e-06
   14     30  6.7489e-08  2.0247e-06
   15     31  9.2041e-08  2.8533e-06
   16     32  1.2093e-07  3.8697e-06
   16     33  1.1369e-06  3.7517e-05
   16     34  8.7392e-07  2.9713e-05
   16     36  2.5436e-08  9.1571e-07
   17     35  2.6408e-08  9.2429e-07
   17     37  4.6355e-08  1.7151e-06
   18     36  3.8282e-20  1.3781e-18
   18     38  1.0729e-07  4.0771e-06
   18     40  6.4605e-08  2.5842e-06
   19     39  5.8361e-08  2.2761e-06
   19     41  1.9346e-07  7.9318e-06
   20     42  5.5901e-07  2.3478e-05
   20     43  1.3188e-07  5.6708e-06
   20     44  1.2517e-07  5.5073e-06
   20     46  8.2597e-08  3.7995e-06
   21     45  1.3954e-07  6.2791e-06
   22     47  1.1092e-07  5.2132e-06
   22     48  2.3466e-07  1.1264e-05
   22     49  1.3736e-07  6.7307e-06
   22     50  1.0388e-07  5.1939e-06
   23     51  3.7069e-08  1.8905e-06
   24     52  2.1193e-07  1.1020e-05
   24     53  1.6387e-07  8.6849e-06
   24     54  7.7682e-08  4.1948e-06
   25     55  8.8198e-08  4.8509e-06
   26     56  2.3751e-07  1.3301e-05
   26     57  2.3987e-07  1.3673e-05
   26     58  1.2549e-08  7.2782e-07
   27     59  1.1641e-08  6.8681e-07
   28     60  2.5524e-08  1.5314e-06
   28     61  4.4633e-08  2.7226e-06
   28     62  7.2269e-08  4.4807e-06
   28     64  1.4324e-07  9.1677e-06
   29     63  1.9520e-07  1.2298e-05
   29     65  7.9002e-08  5.1351e-06
   30     66  1.7816e-07  1.1758e-05
   30     67  6.0834e-08  4.0759e-06
   30     68  1.3293e-07  9.0389e-06
   30     70  2.4877e-07  1.7414e-05
   31     69  1.3774e-07  9.5040e-06
   31     71  4.8568e-08  3.4484e-06
   32     70  4.0569e-16  2.8398e-14
   32     72  2.1813e-07  1.5705e-05
   32     73  1.4172e-07  1.0345e-05
   32     74  5.2947e-07  3.9181e-05
   32     76  2.3741e-06  1.8043e-04
   33     75  1.7725e-06  1.3293e-04
   34     76  3.0819e-14  2.3422e-12
   34     77  1.5660e-06  1.2058e-04
   34     78  1.3416e-06  1.0465e-04
   34     80  7.0327e-06  5.6262e-04
   34     82  1.2276e-06  1.0066e-04
   35     79  1.9461e-06  1.5375e-04
   35     81  3.5063e-06  2.8401e-04
   36     82  6.7806e-14  5.5601e-12
   36     83  2.2179e-06  1.8409e-04
   36     84  1.1930e-06  1.0021e-04
   36     86  2.2682e-06  1.9507e-04
   37     85  1.0428e-06  8.8639e-05
   37     87  2.3872e-06  2.0769e-04
   38     87  1.7480e-08  1.5207e-06
   38     88  2.4184e-06  2.1282e-04
   39     89  7.2125e-07  6.4191e-05
   40     90  1.1366e-06  1.0229e-04
   40     91  2.8644e-07  2.6066e-05
   40     92  1.8176e-06  1.6722e-04
   40     94  4.1898e-06  3.9384e-04
   41     93  1.7576e-06  1.6346e-04
   42     95  6.1109e-07  5.8053e-05
   42     96  1.0472e-06  1.0053e-04
   42     97  7.9342e-07  7.6961e-05
   42     98  3.1236e-07  3.0611e-05
   42    100  7.5403e-07  7.5403e-05
   44     99  5.4526e-07  5.3981e-05
   44    100  3.0736e-14  3.0736e-12
   44    101  8.5579e-07  8.6435e-05
   44    102  5.1889e-07  5.2927e-05
   44    104  7.5416e-07  7.8432e-05
   45    103  5.1389e-07  5.2931e-05
   46    104  3.3018e-19  3.4339e-17
   46    105  8.1562e-07  8.5640e-05
   46    106  1.7942e-06  1.9018e-04
   46    108  4.1386e-06  4.4696e-04
   46    110  2.9046e-05  3.1951e-03
   47    107  1.5983e-06  1.7102e-04
   47    109  1.8092e-05  1.9720e-03
   48    110  1.1356e-13  1.2492e-11
   48    111  4.2862e-06  4.7577e-04
   48    112  1.6201e-05  1.8145e-03
   48    113  1.0884e-05  1.2299e-03
   48    114  9.5948e-06  1.0938e-03
   48    116  1.0679e-06  1.2388e-04
   49    113  4.7901e-13  5.4128e-11
   49    115  4.7174e-06  5.4250e-04
   50    115  3.7638e-12  4.3284e-10
   50    116  1.3803e-13  1.6011e-11
   50    117  1.0058e-06  1.1768e-04
   50    118  7.1897e-07  8.4839e-05
   50    119  5.8900e-07  7.0091e-05
   50    120  2.7300e-06  3.2760e-04
   50    122  1.4388e-06  1.7554e-04
   50    124  9.9854e-06  1.2382e-03
   51    121  9.0292e-07  1.0925e-04
   51    123  2.4089e-06  2.9630e-04
   52    122  3.5550e-15  4.3371e-13
   52    124  9.3423e-17  1.1584e-14
   52    125  1.2862e-05  1.6078e-03
   52    126  2.2431e-05  2.8263e-03
   52    128  3.1154e-05  3.9877e-03
   52    130  1.7048e-05  2.2163e-03
   53    127  2.6585e-05  3.3764e-03
   53    129  7.1826e-14  9.2656e-12
   54    128  2.0413e-16  2.6129e-14
   54    129  2.7342e-05  3.5271e-03
   54    130  1.1607e-14  1.5089e-12
   54    131  1.3170e-05  1.7253e-03
   54    132  6.4622e-06  8.5301e-04
   54    134  1.1405e-05  1.5283e-03
   54    136  1.8562e-05  2.5244e-03
   55    133  7.5414e-06  1.0030e-03
   56    134  1.7671e-18  2.3679e-16
   56    135  1.0627e-05  1.4347e-03
   56    136  2.7099e-15  3.6855e-13
   56    137  1.5877e-05  2.1751e-03
   56    138  9.0019e-06  1.2423e-03
   57    139  5.4268e-06  7.5433e-04
   58    140  9.7571e-06  1.3660e-03
   58    142  1.3610e-05  1.9326e-03
   59    141  3.4591e-05  4.8774e-03
   60    142  1.2435e-17  1.7657e-15
   60    143  5.9551e-06  8.5158e-04
   60    144  8.1450e-06  1.1729e-03
   60    145  9.6189e-07  1.3947e-04
   60    146  1.8444e-06  2.6928e-04
   60    148  5.0104e-06  7.4154e-04
   60    150  1.4546e-05  2.1819e-03
   62    147  2.6835e-06  3.9448e-04
   62    148  1.3761e-13  2.0367e-11
   62    149  3.8454e-06  5.7297e-04
   62    150  1.1422e-12  1.7132e-10
   62    152  7.4329e-06  1.1298e-03
   62    154  6.6418e-06  1.0228e-03
   63    151  1.2721e-05  1.9208e-03
   63    153  3.9740e-06  6.0802e-04
   64    154  1.4576e-14  2.2447e-12
   64    155  4.3278e-06  6.7080e-04
   64    156  1.0405e-05  1.6231e-03
   64    157  6.8112e-06  1.0694e-03
   64    158  1.1830e-05  1.8692e-03
   64    160  1.1749e-05  1.8799e-03
   65    159  7.3963e-06  1.1760e-03
   66    160  5.3308e-15  8.5294e-13
   66    161  6.1364e-06  9.8796e-04
   66    162  1.2398e-05  2.0085e-03
   66    163  6.4134e-06  1.0454e-03
   66    164  1.2729e-05  2.0875e-03
   67    165  6.5905e-06  1.0874e-03
   68    166  1.3065e-05  2.1689e-03
   68    167  6.0765e-06  1.0148e-03
   68    168  1.2333e-05  2.0720e-03
   68    170  1.0588e-05  1.8000e-03
   69    169  1.0623e-05  1.7952e-03
   70    170  1.5258e-15  2.5939e-13
   70    171  9.8635e-06  1.6867e-03
   70    172  9.4321e-06  1.6223e-03
   70    173  1.0831e-05  1.8738e-03
   70    174  1.3265e-05  2.3081e-03
   70    176  9.7496e-06  1.7159e-03
   71    175  1.1060e-05  1.9355e-03
   71    176  3.3355e-16  5.8705e-14
   72    176  3.1229e-18  5.4963e-16
   72    177  1.0475e-05  1.8540e-03
   72    178  9.1072e-06  1.6211e-03
   72    179  6.3130e-06  1.1300e-03
   72    180  4.1670e-06  7.5006e-04
   73    181  2.7083e-06  4.9021e-04
   74    182  2.2340e-06  4.0658e-04
   74    183  1.1670e-06  2.1356e-04
   74    184  1.8187e-06  3.3465e-04
   74    186  3.5547e-06  6.6118e-04
   75    185  1.2256e-06  2.2674e-04
   75    187  2.5473e-06  4.7634e-04
   76    186  6.4835e-19  1.2059e-16
   76    187  2.0702e-08  3.8713e-06
   76    188  7.3319e-06  1.3784e-03
   76    189  1.5556e-05  2.9401e-03
   76    190  2.6866e-05  5.1045e-03
   76    192  4.7969e-05  9.2101e-03
   77    191  3.2808e-05  6.2663e-03
   77    193  6.1182e-05  1.1808e-02
   78    192  4.6406e-16  8.9100e-14
   78    194  5.4470e-05  1.0567e-02
   78    195  4.6413e-05  9.0505e-03
   78    196  2.1567e-05  4.2271e-03
   78    198  2.6212e-06  5.1899e-04
   79    197  9.1935e-06  1.8111e-03
   80    198  1.1527e-16  2.2824e-14
   80    199  7.5645e-07  1.5053e-04
   80    200  2.2305e-07  4.4611e-05
   80    201  1.3092e-07  2.6316e-05
   80    202  3.3946e-07  6.8571e-05
   80    204  1.0190e-06  2.0788e-04
   80    206  6.2929e-17  1.2963e-14
   81    203  5.8146e-07  1.1804e-04
   81    205  8.7455e-07  1.7928e-04
   82    206  2.4703e-06  5.0889e-04
   82    207  2.3043e-06  4.7699e-04
   82    208  2.2955e-06  4.7745e-04
   82    210  1.1319e-14  2.3771e-12
   82    211  3.6593e-20  7.7210e-18
   82    212  6.8277e-20  1.4475e-17
   83    209  1.9642e-06  4.1051e-04
   83    210  2.3744e-19  4.9863e-17
   84    210  6.5559e-18  1.3767e-15
   86    222  1.8097e-19  4.0175e-17
   88    223  3.5773e-18  7.9774e-16
   88    224  1.7644e-19  3.9522e-17
   88    226  2.7691e-14  6.2582e-12
   88    228  5.6736e-13  1.2936e-10
   89    227  2.4877e-15  5.6471e-13
   89    228  1.2418e-20  2.8313e-18
   90    227  5.7495e-18  1.3051e-15
   90    228  3.3883e-17  7.7252e-15
   90    230  1.3051e-12  3.0017e-10
   90    231  3.3276e-19  7.6868e-17
   90    232  2.4835e-07  5.7617e-05
   90    234  4.4128e-19  1.0326e-16
   91    231  3.7296e-12  8.6154e-10
   91    234  1.3215e-20  3.0923e-18
   92    234  4.2497e-12  9.9442e-10
   92    235  8.0383e-08  1.8890e-05
   92    236  2.5161e-10  5.9380e-08
   92    238  7.7311e-08  1.8400e-05
   92    240  1.2625e-20  3.0300e-18
   94    239  1.0027e-19  2.3964e-17
   94    240  4.9796e-14  1.1951e-11
   94    244  6.0613e-10  1.4790e-07
   95    243  3.0652e-20  7.4484e-18
   96    244  1.6451e-19  4.0140e-17
   96    247  6.4694e-17  1.5979e-14
   97    246  1.0373e-11  2.5519e-09
  100    258  3.1581e-09  8.1478e-07
  100    260  1.9507e-09  5.0717e-07
  100    262  1.5698e-09  4.1128e-07
  102    261  1.3356e-09  3.4859e-07
  102    263  1.2347e-09  3.2472e-07
  102    264  9.8414e-10  2.5981e-07
  102    266  4.2759e-10  1.1374e-07
  103    265  4.3471e-10  1.1520e-07
  104    267  2.4423e-10  6.5209e-08
  104    268  1.8973e-10  5.0848e-08
  104    270  1.7052e-10  4.6041e-08
  104    272  9.2452e-11  2.5147e-08
  104    274  3.5822e-11  9.8153e-09
  105    269  2.7543e-10  7.4091e-08
  105    271  1.0534e-10  2.8548e-08
  106    273  6.2275e-11  1.7001e-08
  106    275  1.5239e-11  4.1907e-09
  106    276  1.1029e-11  3.0441e-09
  106    278  1.1779e-12  3.2746e-10
  106    280  4.7606e-14  1.3330e-11
  107    277  1.8137e-12  5.0240e-10
  108    279  1.9074e-13  5.3215e-11
  108    281  1.6857e-14  4.7368e-12
  108    282  2.5363e-14  7.1523e-12
  108    283  1.7336e-14  4.9061e-12
  108    284  2.5937e-14  7.3661e-12
  108    286  2.6448e-14  7.5640e-12
  110    285  2.6627e-14  7.5888e-12
  110    287  1.5740e-14  4.5173e-12
  110    288  1.1715e-14  3.3739e-12
  110    290  4.5373e-15  1.3158e-12
  111    289  4.5111e-15  1.3037e-12
  111    291  2.0484e-15  5.9608e-13
  111    292  1.8422e-14  5.3793e-12
  111    293  8.2519e-15  2.4178e-12
  111    294  1.1129e-14  3.2720e-12
  111    295  4.0916e-15  1.2070e-12
  111    296  2.3142e-15  6.8501e-13
  111    297  9.4051e-16  2.7933e-13
  111    298  1.0325e-15  3.0768e-13
  111    299  1.3699e-16  4.0959e-14
  111    300  8.2971e-17  2.4891e-14
  111    301  3.1589e-16  9.5083e-14
  111    302  2.0176e-15  6.0932e-13
  111    303  2.3462e-16  7.1089e-14
  111    304  3.1225e-16  9.4925e-14
  111    305  1.1578e-16  3.5312e-14
  111    306  1.2153e-16  3.7190e-14
  111    307  2.0144e-17  6.1843e-15
  111    308  4.0523e-17  1.2481e-14
  111    309  9.0808e-18  2.8060e-15
  111    310  1.3776e-17  4.2704e-15
  111    311  1.9753e-18  6.1431e-16
  111    312  4.2287e-18  1.3193e-15
  111    313  5.6313e-19  1.7626e-16
  111    314  1.5847e-18  4.9761e-16
  111    315  2.2920e-19  7.2199e-17
  111    316  3.9430e-19  1.2460e-16
  111    317  3.8482e-20  1.2199e-17
  111    318  2.2643e-19  7.2005e-17
  111    319  4.5323e-20  1.4458e-17
  111    320  1.0054e-19  3.2173e-17
  111    321  2.8688e-20  9.2090e-18
  111    322  4.2891e-20  1.3811e-17
  111    323  2.5028e-20  8.0840e-18
  111    324  2.9474e-20  9.5495e-18
  111    326  1.6602e-20  5.4123e-18
    1      1  1.5966e-09  1.5966e-09
    2      4  2.0554e-01  8.2216e-01


