    1      2  3.1785e-18  6.3571e-18
    5     10  1.6976e-20  1.6976e-19
    6     12  1.7312e-06  2.0775e-05
    6     13  2.4308e-11  3.1601e-10
    7     14  4.5511e-16  6.3715e-15
    7     15  2.0752e-20  3.1129e-19
    8     16  5.0799e-09  8.1278e-08
    8     17  1.0980e-17  1.8666e-16
    9     19  1.2512e-20  2.3773e-19
   10     20  3.8205e-09  7.6410e-08
   10     21  8.4144e-15  1.7670e-13
   10     22  7.0816e-19  1.5580e-17
   11     23  4.2861e-13  9.8581e-12
   12     24  4.0009e-09  9.6021e-08
   12     25  4.6138e-13  1.1535e-11
   12     26  8.0845e-12  2.1020e-10
   13     26  6.9519e-14  1.8075e-12
   13     27  6.5334e-10  1.7640e-08
   14     28  1.2603e-08  3.5287e-07
   14     29  1.3878e-10  4.0245e-09
   14     30  8.1189e-09  2.4357e-07
   15     31  2.1929e-09  6.7979e-08
   16     32  1.7580e-08  5.6256e-07
   16     33  1.6164e-09  5.3340e-08
   16     34  3.9994e-08  1.3598e-06
   16     36  8.1238e-10  2.9246e-08
   17     35  7.0653e-09  2.4728e-07
   17     37  1.8943e-09  7.0089e-08
   18     36  6.7900e-09  2.4444e-07
   18     38  1.1065e-07  4.2049e-06
   18     40  8.7549e-09  3.5020e-07
   19     39  1.6536e-08  6.4490e-07
   19     40  1.7651e-10  7.0604e-09
   19     41  2.4366e-09  9.9900e-08
   20     40  1.8499e-10  7.3995e-09
   20     42  3.4222e-08  1.4373e-06
   20     43  1.4356e-08  6.1731e-07
   20     44  2.6676e-08  1.1738e-06
   20     46  2.7514e-08  1.2657e-06
   21     45  1.8426e-08  8.2917e-07
   22     46  1.4509e-09  6.6742e-08
   22     47  1.4125e-08  6.6390e-07
   22     48  1.0754e-07  5.1619e-06
   22     49  1.3750e-08  6.7374e-07
   22     50  1.5354e-08  7.6768e-07
   23     51  3.5917e-08  1.8318e-06
   24     50  5.5228e-12  2.7614e-10
   24     52  5.0658e-07  2.6342e-05
   24     53  1.7870e-08  9.4709e-07
   24     54  7.6418e-08  4.1266e-06
   25     55  7.1892e-08  3.9541e-06
   26     54  4.0219e-15  2.1718e-13
   26     56  3.7767e-07  2.1150e-05
   26     57  6.5567e-09  3.7373e-07
   26     58  4.8554e-07  2.8162e-05
   27     59  9.8055e-08  5.7852e-06
   28     58  2.4616e-18  1.4277e-16
   28     60  1.7930e-08  1.0758e-06
   28     61  3.5818e-08  2.1849e-06
   28     62  1.2104e-06  7.5044e-05
   28     64  1.5645e-07  1.0013e-05
   29     63  5.6557e-09  3.5631e-07
   29     65  1.8143e-07  1.1793e-05
   30     64  2.9444e-15  1.8844e-13
   30     66  2.0255e-08  1.3368e-06
   30     67  4.0987e-08  2.7461e-06
   30     68  2.0337e-06  1.3829e-04
   30     70  5.1761e-08  3.6233e-06
   31     69  1.6772e-08  1.1573e-06
   31     71  2.0613e-07  1.4635e-05
   32     70  1.8425e-14  1.2898e-12
   32     72  5.8920e-09  4.2422e-07
   32     73  8.9182e-08  6.5103e-06
   32     74  1.1607e-06  8.5889e-05
   32     76  1.4966e-06  1.1375e-04
   33     75  4.4905e-09  3.3679e-07
   34     74  5.2423e-20  3.8793e-18
   34     76  7.5275e-16  5.7209e-14
   34     77  1.5286e-07  1.1770e-05
   34     78  1.9525e-08  1.5229e-06
   34     80  3.7509e-06  3.0007e-04
   34     82  1.6559e-07  1.3578e-05
   35     79  2.4069e-07  1.9014e-05
   35     81  4.4919e-08  3.6384e-06
   36     80  3.3255e-19  2.6604e-17
   36     82  3.4554e-13  2.8335e-11
   36     83  9.7774e-07  8.1153e-05
   36     84  1.6011e-04  1.3449e-02
   36     86  1.8422e-03  1.5843e-01
   37     85  1.9524e-04  1.6596e-02
   37     87  1.4765e-04  1.2845e-02
   38     86  3.0313e-08  2.6069e-06
   38     87  1.0811e-06  9.4056e-05
   38     88  1.5088e-03  1.3278e-01
   39     89  4.9416e-04  4.3981e-02
   40     90  1.8640e-04  1.6776e-02
   40     91  1.2897e-04  1.1736e-02
   40     92  1.5290e-03  1.4067e-01
   40     94  1.1075e-04  1.0411e-02
   41     93  3.0782e-05  2.8627e-03
   42     94  2.3828e-14  2.2398e-12
   42     95  7.2337e-05  6.8720e-03
   42     96  1.0193e-04  9.7857e-03
   42     97  3.4336e-06  3.3306e-04
   42     98  3.6171e-06  3.5448e-04
   42    100  1.3601e-08  1.3601e-06
   44     98  4.4617e-18  4.3724e-16
   44     99  4.2881e-07  4.2453e-05
   44    100  2.5031e-15  2.5031e-13
   44    101  8.1156e-07  8.1968e-05
   44    102  3.1061e-07  3.1682e-05
   44    104  2.1680e-06  2.2547e-04
   45    103  1.9240e-07  1.9817e-05
   46    104  3.9330e-20  4.0903e-18
   46    105  5.3473e-08  5.6147e-06
   46    106  6.0515e-08  6.4146e-06
   46    108  2.3702e-08  2.5598e-06
   46    110  1.7131e-08  1.8844e-06
   47    107  1.9461e-08  2.0824e-06
   47    109  4.5000e-10  4.9050e-08
   48    110  5.8633e-20  6.4496e-18
   48    111  1.5742e-09  1.7474e-07
   48    112  1.8462e-10  2.0678e-08
   48    113  1.9121e-09  2.1607e-07
   48    114  2.7929e-10  3.1839e-08
   48    116  1.2348e-10  1.4323e-08
   49    113  8.4154e-17  9.5095e-15
   49    115  1.2037e-11  1.3843e-09
   50    115  9.6041e-18  1.1045e-15
   50    117  8.2478e-12  9.6499e-10
   50    118  1.1358e-12  1.3402e-10
   50    119  1.1027e-11  1.3122e-09
   50    120  9.2186e-13  1.1062e-10
   50    122  1.8039e-12  2.2007e-10
   50    124  1.7205e-13  2.1334e-11
   51    121  2.6514e-13  3.2082e-11
   51    123  7.0187e-15  8.6330e-13
   52    125  9.0657e-14  1.1332e-11
   52    126  2.7219e-15  3.4296e-13
   52    128  4.2908e-15  5.4922e-13
   52    130  9.3606e-15  1.2169e-12
   53    127  5.8524e-14  7.4325e-12
   54    129  3.6177e-15  4.6668e-13
   54    131  2.5629e-16  3.3575e-14
   54    132  4.7312e-15  6.2452e-13
   54    134  2.9848e-17  3.9997e-15
   55    133  4.6580e-16  6.1952e-14
   56    135  4.7739e-19  6.4448e-17
    1      1  3.5070e-09  3.5070e-09
    2      4  1.0514e-01  4.2057e-01


