1  4.6926e-10
2  2.6267e-09
3  1.7900e-10
4  1.6716e-01
5  0.0000e+00
6  7.1909e-12
7  2.5771e-10
8  2.5057e-09
9  7.2014e-10
10  2.2732e-09
11  2.8452e-10
12  3.5680e-09
13  3.6129e-07
14  3.1016e-07
15  1.3370e-05
16  5.0191e-07
17  3.9886e-09
18  2.5446e-08
19  1.5470e-06
20  2.1092e-06
21  3.6195e-07
22  3.3940e-09
23  1.0719e-06
24  3.1999e-07
25  3.3766e-07
26  1.4905e-08
27  2.4013e-07
28  7.0075e-07
29  7.9212e-08
30  1.0080e-07
31  1.0233e-07
32  9.3881e-08
33  7.8995e-07
34  6.0323e-07
35  3.1648e-08
36  2.2847e-08
37  6.5141e-08
38  1.2429e-07
39  1.0648e-07
40  1.8329e-07
41  1.7906e-07
42  4.8434e-07
43  1.3017e-07
44  1.2046e-07
45  1.5864e-07
46  1.0717e-07
47  1.4876e-07
48  3.2306e-07
49  2.2303e-07
50  1.8733e-07
51  4.6803e-08
52  2.5409e-07
53  2.1047e-07
54  1.0831e-07
55  1.1267e-07
56  3.0005e-07
57  3.7071e-07
58  1.9255e-08
59  2.1555e-08
60  4.5861e-08
61  7.5774e-08
62  1.0395e-07
63  4.3660e-07
64  2.9944e-07
65  2.0868e-07
66  5.1812e-07
67  1.7766e-07
68  2.2307e-07
69  1.7788e-07
70  3.6115e-07
71  4.5915e-08
72  1.1245e-07
73  1.4932e-07
74  1.1095e-06
75  4.8480e-06
76  4.8310e-06
77  3.5491e-06
78  3.3574e-06
79  4.6422e-06
80  1.3183e-05
81  5.0629e-06
82  9.0059e-07
83  1.9402e-06
84  1.0242e-06
85  9.8024e-07
86  2.4849e-06
87  2.0097e-06
88  8.0282e-07
89  2.4517e-07
90  4.4252e-07
91  2.0977e-07
92  1.2486e-06
93  7.1943e-07
94  1.7769e-06
95  8.1581e-07
96  6.3731e-07
97  3.1444e-07
98  1.8929e-07
99  2.1363e-07
100  3.1293e-07
101  5.3911e-07
102  4.7786e-07
103  4.9972e-07
104  5.8842e-07
105  5.6919e-07
106  1.1313e-06
107  1.0081e-06
108  1.5118e-06
109  9.9479e-07
110  8.5410e-07
111  1.6331e-07
112  2.5981e-07
113  8.6291e-08
114  5.1126e-08
115  3.3039e-08
116  3.5154e-08
117  8.6907e-08
118  1.5448e-07
119  1.7313e-07
120  9.7812e-07
121  1.3061e-06
122  3.2235e-06
123  4.4276e-06
124  1.6376e-05
125  2.0268e-05
126  4.3367e-05
127  3.9837e-05
128  5.0193e-05
129  6.3044e-05
130  3.4676e-05
131  1.4466e-05
132  1.1154e-05
133  1.6584e-05
134  1.7004e-05
135  9.3040e-06
136  1.0557e-05
137  1.2856e-05
138  1.2151e-05
139  3.9762e-06
140  6.0802e-06
141  1.7660e-05
142  6.3873e-06
143  1.0770e-06
144  8.5324e-07
145  7.4587e-07
146  1.8497e-06
147  2.5263e-06
148  4.4479e-06
149  3.5054e-06
150  5.1929e-06
151  5.2756e-06
152  6.3844e-06
153  4.5092e-06
154  8.2705e-06
155  4.7006e-06
156  1.1474e-05
157  7.6596e-06
158  1.4266e-05
159  8.2579e-06
160  1.2844e-05
161  6.4827e-06
162  1.6848e-05
163  9.8717e-06
164  2.2786e-05
165  1.1189e-05
166  2.0697e-05
167  8.4611e-06
168  1.4962e-05
169  1.1312e-05
170  8.9930e-06
171  6.9483e-06
172  5.5796e-06
173  5.6602e-06
174  7.3309e-06
175  5.5802e-06
176  5.4424e-06
177  6.5882e-06
178  5.9792e-06
179  4.6041e-06
180  3.8540e-06
181  3.8769e-06
182  5.8863e-06
183  4.2480e-06
184  9.6673e-06
185  7.7042e-06
186  2.3430e-05
187  1.7565e-05
188  4.1959e-05
189  6.1518e-05
190  1.1298e-04
191  1.0812e-04
192  1.4815e-04
193  1.7612e-04
194  1.3787e-04
195  8.5994e-05
196  2.7219e-05
197  8.2036e-06
198  2.8617e-06
199  2.4528e-06
200  2.2091e-06
201  1.9442e-06
202  3.3682e-06
203  3.4789e-06
204  3.5441e-06
205  3.3107e-06
206  3.1038e-05
207  2.8299e-05
208  2.6492e-05
209  2.9236e-05
210  7.0750e-13
211  2.3490e-18
212  3.1252e-18
213  3.8512e-44
214  3.7054e-19
215  6.4757e-25
216  3.6210e-24
217  2.5330e-98
218  6.3681e-21
219  9.0893e-22
220  1.3885e-21
221  3.3404e-320
222  1.1305e-17
223  2.2676e-16
224  7.8417e-18
225  2.3211e-40
226  1.7298e-12
227  1.5806e-13
228  2.5218e-11
229  8.6574e-30
230  8.1523e-11
231  2.3641e-10
232  1.1038e-05
233  3.0940e-27
234  2.6546e-10
235  5.0953e-06
236  2.3106e-08
237  7.6926e-321
238  4.8293e-06
239  9.7971e-18
240  4.5738e-12
241  0.0000e+00
242  3.7848e-133
243  2.9950e-18
244  5.5673e-08
245  0.0000e+00
246  8.4455e-10
247  6.3212e-15
248  4.3302e-132
249  0.0000e+00
250  0.0000e+00
251  1.4588e-314
252  0.0000e+00
253  0.0000e+00
254  0.0000e+00
255  0.0000e+00
256  0.0000e+00
257  8.6853e-26
258  1.0712e-06
259  6.9057e-26
260  7.6827e-07
261  4.9862e-07
262  5.3237e-07
263  4.7610e-07
264  4.4038e-07
265  2.7275e-07
266  3.4679e-07
267  1.7460e-07
268  1.4480e-07
269  2.0862e-07
270  1.1368e-07
271  7.1784e-08
272  5.6158e-08
273  3.7374e-08
274  3.1122e-08
275  1.2084e-08
276  9.2009e-09
277  2.5212e-09
278  2.0507e-09
279  5.5248e-10
280  2.1556e-10
281  9.0356e-11
282  1.0059e-10
283  5.6233e-11
284  8.6967e-11
285  8.9592e-11
286  9.3216e-11
287  1.1119e-10
288  8.5137e-11
289  4.2077e-11
290  3.5478e-11
291  1.6658e-11
292  1.2284e-10
293  6.4380e-11
294  8.8148e-11
295  2.6928e-11
296  4.7188e-11
297  1.8252e-11
298  2.5210e-12
299  1.9706e-12
300  6.2046e-13
301  1.0127e-11
302  2.6976e-11
303  1.7451e-11
304  1.5036e-11
305  1.5006e-12
306  3.6201e-12
307  1.2733e-12
308  3.7101e-12
309  9.7023e-13
310  9.1359e-13
311  2.1319e-13
312  3.5618e-13
313  5.9189e-14
314  6.0654e-13
315  2.0105e-13
316  3.8243e-13
317  4.1437e-13
318  8.9320e-14
319  4.6458e-14
320  4.5090e-14
321  8.4463e-15
322  5.9194e-15
323  2.9763e-15
324  2.9797e-15
325  4.3879e-16
326  9.3961e-16
327  1.0024e-16
328  7.4987e-18
329  1.3146e-16
330  2.5797e-17
331  1.4288e-18
332  2.1306e-18
333  2.9658e-19
334  2.5673e-18
335  2.7302e-19
336  1.8753e-19
337  4.0571e-18

