1  2.2542e-09
2  1.5706e-01
3  1.7716e-10
4  7.2238e-10
5  1.9294e-10
6  1.4118e-07
7  8.7107e-06
8  4.6060e-07
9  1.1862e-06
10  1.8991e-06
11  8.2955e-07
12  4.9951e-07
13  3.6754e-07
14  1.2782e-06
15  1.1592e-07
16  2.2391e-06
17  1.3715e-07
18  8.0015e-07
19  3.9282e-07
20  9.4649e-07
21  1.5091e-07
22  1.3616e-06
23  6.2489e-08
24  6.0720e-07
25  1.7284e-07
26  1.0717e-06
27  3.3889e-08
28  6.7500e-07
29  8.4657e-07
30  2.2153e-06
31  4.3576e-07
32  6.6638e-06
33  4.8141e-06
34  2.8318e-05
35  1.3487e-05
36  7.6240e-06
37  4.4015e-06
38  1.7216e-06
39  5.1407e-07
40  4.9093e-06
41  8.6061e-07
42  3.9218e-06
43  2.5689e-32
44  2.2668e-06
45  5.6665e-07
46  6.5766e-06
47  3.3496e-06
48  1.4008e-06
49  6.8702e-08
50  2.1928e-05
51  4.6969e-06
52  4.6756e-04
53  9.2833e-05
54  4.4220e-04
55  4.4366e-05
56  7.6426e-05
57  8.6170e-06
58  2.8885e-05
59  4.1139e-05
60  2.6875e-05
61  3.5451e-83
62  3.5581e-05
63  1.6729e-05
64  7.5907e-05
65  1.1509e-05
66  7.5232e-05
67  1.4889e-05
68  7.2209e-05
69  1.5683e-05
70  3.8985e-05
71  6.5604e-06
72  2.5465e-05
73  3.9476e-06
74  2.5499e-05
75  1.3538e-05
76  2.1820e-04
77  1.8996e-04
78  2.1584e-04
79  7.9398e-06
80  1.7769e-06
81  1.2743e-06
82  1.7634e-05
83  5.3018e-06
84  3.0120e-17
85  7.3467e-26
86  8.3164e-19
87  3.2697e-22
88  2.7652e-12
89  1.2330e-14
90  1.1547e-06
91  1.8485e-11
92  7.5477e-07
93  4.1478e-21
94  2.8208e-09
95  9.4060e-20
96  1.9919e-16
97  4.6302e-11
98  -7.8665e-314
99  -1.6699e-321
100  5.2353e-08
101  7.2794e-313
102  2.3550e-08
103  2.7060e-09
104  2.8200e-09
105  1.3211e-09
106  2.0283e-10
107  8.9205e-12
108  3.2516e-12
109  3.3336e-319
110  4.0716e-13
111  3.2050e-13
112  0.0000e+00
113  0.0000e+00
114  0.0000e+00
115  0.0000e+00
116  0.0000e+00
117  0.0000e+00
118  0.0000e+00

