1  4.7872e-02
2  1.9200e-01
3  2.2076e-11
4  5.5917e-07
5  1.5773e-09
6  4.4163e-09
7  2.1145e-06
8  2.7865e-06
9  7.8997e-08
10  3.7888e-06
11  8.8181e-07
12  1.1107e-05
13  2.5631e-08
14  9.8227e-07
15  2.7892e-08
16  2.5201e-06
17  1.1975e-07
18  6.4093e-07
19  1.9498e-08
20  1.1195e-08
21  1.0483e-09
22  6.9942e-08
23  3.4701e-10
24  1.3655e-09
25  1.1889e-10
26  2.1392e-09
27  1.6685e-11
28  1.0574e-08
29  3.9181e-10
30  7.8305e-10
31  5.7785e-11
32  1.6415e-09
33  1.5080e-10
34  5.8313e-09
35  4.5445e-10
36  2.2553e-09
37  9.3835e-10
38  5.5727e-10
39  6.3094e-10
40  1.5292e-09
41  4.3861e-10
42  2.5513e-09
43  2.3901e-35
44  5.0126e-10
45  6.0971e-11
46  6.5559e-10
47  9.9283e-11
48  6.8806e-10
49  1.6062e-10
50  2.2003e-09
51  1.3730e-10
52  3.9424e-09
53  7.3841e-11
54  7.6269e-08
55  1.2328e-08
56  2.1994e-08
57  8.8157e-10
58  2.5188e-09
59  1.8615e-10
60  1.0486e-09
61  5.4941e-89
62  2.3243e-10
63  3.8701e-11
64  6.7362e-11
65  1.9783e-12
66  1.2251e-11
67  3.9005e-12
68  2.3635e-11
69  1.3639e-11
70  2.7171e-11
71  3.1805e-12
72  1.5103e-11
73  3.3415e-11
74  2.2425e-11
75  3.1236e-12
76  5.7461e-11
77  1.2300e-11
78  7.2541e-11
79  1.5043e-11
80  6.4976e-11
81  4.7161e-11
82  7.3624e-10
83  4.5200e-10
84  1.8164e-21
85  2.5566e-25
86  1.5685e-23
87  2.2726e-26
88  6.0660e-17
89  8.5696e-19
90  2.5502e-11
91  1.2848e-15
92  3.4512e-11
93  4.5130e-25
94  3.0339e-13
95  5.9359e-21
96  1.2528e-17
97  1.4646e-15
98  7.0209e-301
99  -4.1502e-322
100  1.7272e-09
101  2.8521e-193
102  3.8421e-09
103  8.0618e-10
104  1.1426e-10
105  5.7508e-11
106  5.3009e-10
107  5.4569e-11
108  1.8658e-09
109  1.2851e-319
110  4.3787e-10
111  5.3689e-04
112  0.0000e+00
113  0.0000e+00
114  0.0000e+00
115  0.0000e+00
116  0.0000e+00
117  0.0000e+00
118  0.0000e+00

