1  3.7679e-08
2  1.8536e-01
3  2.7025e-09
4  9.2586e-08
5  4.0749e-07
6  1.3293e-07
7  2.2614e-05
8  7.5145e-07
9  1.7886e-06
10  3.7841e-06
11  1.3659e-06
12  1.1011e-06
13  1.2239e-07
14  3.1682e-07
15  3.2241e-08
16  5.3362e-07
17  1.2045e-08
18  2.2726e-08
19  3.3446e-08
20  1.1504e-07
21  2.0628e-08
22  1.5701e-08
23  2.4818e-09
24  1.8227e-08
25  4.2945e-10
26  2.3132e-08
27  2.4196e-10
28  6.6778e-09
29  4.1672e-08
30  1.3510e-07
31  1.5812e-08
32  2.6206e-07
33  2.2209e-07
34  2.9077e-06
35  8.1646e-07
36  7.0050e-07
37  3.8493e-07
38  1.1989e-07
39  1.0656e-07
40  4.2105e-07
41  5.8788e-08
42  2.4750e-07
43  2.0343e-33
44  9.4915e-08
45  4.0735e-08
46  2.7812e-07
47  1.3938e-07
48  3.6840e-07
49  1.1725e-07
50  5.1833e-07
51  1.3466e-07
52  1.1214e-05
53  5.0062e-06
54  9.3793e-06
55  8.5485e-07
56  5.7473e-07
57  1.1132e-07
58  3.5362e-07
59  2.6582e-07
60  1.8639e-07
61  1.4188e-87
62  6.7425e-08
63  1.1188e-08
64  1.1930e-07
65  2.5839e-10
66  1.7904e-08
67  3.8745e-09
68  6.6884e-08
69  1.0525e-07
70  2.5258e-07
71  2.8759e-08
72  7.4849e-07
73  2.1696e-07
74  7.8172e-07
75  2.2843e-07
76  5.4385e-07
77  2.2432e-07
78  1.2412e-05
79  4.3511e-06
80  2.6133e-05
81  7.5403e-07
82  4.6308e-06
83  5.2027e-06
84  3.3788e-16
85  1.1124e-26
86  9.3280e-18
87  3.2168e-21
88  1.1479e-11
89  1.2131e-13
90  4.4001e-06
91  1.8187e-10
92  7.9197e-06
93  5.4255e-20
94  3.6894e-08
95  5.9347e-18
96  1.2534e-14
97  6.2352e-10
98  9.4771e-314
99  -9.1402e-322
100  4.5006e-06
101  7.5725e-313
102  9.4952e-06
103  2.2580e-06
104  4.2294e-05
105  9.4780e-06
106  1.7050e-04
107  2.1596e-05
108  5.2957e-05
109  3.7762e-319
110  7.7083e-06
111  4.7912e-04
112  0.0000e+00
113  0.0000e+00
114  0.0000e+00
115  0.0000e+00
116  0.0000e+00
117  0.0000e+00
118  0.0000e+00

