    1      2  4.2826e-09  8.5652e-09
    2      3  3.6894e-10  1.1068e-09
    3      6  1.2358e-11  7.4149e-11
    3      7  4.6324e-10  3.2427e-09
    4      8  9.9288e-09  7.9431e-08
    4      9  3.4853e-09  3.1368e-08
    5     10  5.3706e-08  5.3706e-07
    5     11  1.8827e-09  2.0710e-08
    6     12  6.5610e-09  7.8732e-08
    6     13  5.5369e-07  7.1979e-06
    7     14  2.1988e-07  3.0783e-06
    7     15  1.8121e-05  2.7181e-04
    8     16  3.7252e-07  5.9603e-06
    8     17  6.9231e-09  1.1769e-07
    8     18  4.4221e-08  7.9598e-07
    9     19  1.7784e-06  3.3790e-05
   10     20  2.4450e-06  4.8899e-05
   10     21  5.2954e-07  1.1120e-05
   10     22  4.0291e-09  8.8640e-08
   11     23  1.2893e-06  2.9653e-05
   12     24  3.9778e-07  9.5468e-06
   12     25  4.6949e-07  1.1737e-05
   12     26  2.6558e-08  6.9050e-07
   13     26  1.5818e-19  4.1127e-18
   13     27  1.1740e-07  3.1697e-06
   14     28  2.9959e-07  8.3886e-06
   14     29  4.8087e-08  1.3945e-06
   14     30  7.0786e-08  2.1236e-06
   15     31  6.4401e-08  1.9964e-06
   16     32  6.5511e-08  2.0964e-06
   16     33  4.8785e-07  1.6099e-05
   16     34  3.7331e-07  1.2693e-05
   16     36  1.3015e-08  4.6853e-07
   17     35  1.8152e-08  6.3531e-07
   17     37  1.6510e-08  6.1087e-07
   18     36  1.0139e-19  3.6500e-18
   18     38  4.8557e-08  1.8452e-06
   18     40  2.2027e-08  8.8110e-07
   19     39  3.4540e-08  1.3471e-06
   19     41  1.0822e-07  4.4370e-06
   20     42  3.2625e-07  1.3703e-05
   20     43  5.8585e-08  2.5191e-06
   20     44  7.5623e-08  3.3274e-06
   20     46  4.0997e-08  1.8859e-06
   21     45  8.6884e-08  3.9098e-06
   22     46  1.8810e-20  8.6528e-19
   22     47  5.9322e-08  2.7881e-06
   22     48  1.2730e-07  6.1103e-06
   22     49  9.3953e-08  4.6037e-06
   22     50  8.1796e-08  4.0898e-06
   23     51  2.0901e-08  1.0660e-06
   24     52  1.0057e-07  5.2295e-06
   24     53  8.4446e-08  4.4757e-06
   24     54  4.2784e-08  2.3103e-06
   25     55  3.0838e-08  1.6961e-06
   26     56  9.3781e-08  5.2517e-06
   26     57  1.9388e-07  1.1051e-05
   26     58  5.8550e-09  3.3959e-07
   27     59  8.0372e-09  4.7419e-07
   28     60  1.4637e-08  8.7824e-07
   28     61  2.4215e-08  1.4771e-06
   28     62  2.9620e-08  1.8365e-06
   28     64  1.1839e-07  7.5772e-06
   29     63  2.1391e-07  1.3477e-05
   29     65  1.0526e-07  6.8416e-06
   30     66  2.6160e-07  1.7265e-05
   30     67  1.3770e-07  9.2256e-06
   30     68  8.5693e-08  5.8271e-06
   30     70  1.7267e-07  1.2087e-05
   31     69  5.2436e-08  3.6181e-06
   31     71  3.4382e-08  2.4411e-06
   32     70  1.0868e-15  7.6076e-14
   32     72  1.0074e-07  7.2533e-06
   32     73  7.7548e-08  5.6610e-06
   32     74  5.3484e-07  3.9578e-05
   32     76  2.3771e-06  1.8066e-04
   33     75  2.4405e-06  1.8304e-04
   34     76  2.6459e-13  2.0109e-11
   34     77  2.2067e-06  1.6992e-04
   34     78  1.9823e-06  1.5462e-04
   34     80  9.0280e-06  7.2224e-04
   34     82  6.6409e-07  5.4455e-05
   35     79  2.5170e-06  1.9884e-04
   35     81  3.2286e-06  2.6152e-04
   36     82  4.2372e-13  3.4745e-11
   36     83  1.2859e-06  1.0673e-04
   36     84  6.2142e-07  5.2199e-05
   36     86  1.5196e-06  1.3069e-04
   37     85  5.9492e-07  5.0568e-05
   37     87  1.2475e-06  1.0853e-04
   38     86  2.5382e-20  2.1829e-18
   38     87  9.1342e-09  7.9468e-07
   38     88  4.9923e-07  4.3932e-05
   39     89  1.7677e-07  1.5733e-05
   40     90  2.9094e-07  2.6185e-05
   40     91  9.7453e-08  8.8682e-06
   40     92  3.9224e-07  3.6087e-05
   40     94  1.1031e-06  1.0369e-04
   41     93  3.6446e-07  3.3895e-05
   42     95  5.8437e-07  5.5515e-05
   42     96  4.0535e-07  3.8914e-05
   42     97  2.8069e-07  2.7227e-05
   42     98  8.0512e-08  7.8901e-06
   42    100  1.1158e-07  1.1158e-05
   44     99  8.8577e-08  8.7692e-06
   44    100  3.6019e-14  3.6019e-12
   44    101  1.6252e-07  1.6415e-05
   44    102  1.4761e-07  1.5056e-05
   44    104  2.4009e-07  2.4969e-05
   45    103  2.0903e-07  2.1530e-05
   46    104  1.2413e-18  1.2909e-16
   46    105  2.5348e-07  2.6615e-05
   46    106  5.5152e-07  5.8461e-05
   46    108  7.9658e-07  8.6031e-05
   46    110  7.5512e-07  8.3064e-05
   47    107  5.5408e-07  5.9287e-05
   47    109  6.8150e-07  7.4284e-05
   48    110  2.7566e-14  3.0322e-12
   48    111  1.4943e-07  1.6586e-05
   48    112  3.2377e-07  3.6263e-05
   48    113  1.1723e-07  1.3247e-05
   48    114  7.6287e-08  8.6967e-06
   48    116  1.1980e-08  1.3897e-06
   49    113  5.1594e-15  5.8301e-13
   49    115  4.7094e-08  5.4158e-06
   50    115  3.7574e-14  4.3211e-12
   50    116  8.2481e-15  9.5678e-13
   50    117  2.9503e-08  3.4518e-06
   50    118  4.5031e-08  5.3137e-06
   50    119  4.3812e-08  5.2136e-06
   50    120  3.2928e-07  3.9514e-05
   50    122  1.2184e-06  1.4864e-04
   50    124  7.9207e-06  9.8216e-04
   51    121  4.1452e-07  5.0157e-05
   51    123  1.6336e-06  2.0093e-04
   52    122  9.2162e-15  1.1244e-12
   52    124  3.2813e-16  4.0688e-14
   52    125  1.0114e-05  1.2643e-03
   52    126  2.1893e-05  2.7585e-03
   52    128  1.4104e-05  1.8053e-03
   52    130  9.2792e-06  1.2063e-03
   53    127  1.6923e-05  2.1492e-03
   53    129  4.0965e-14  5.2845e-12
   54    128  1.1777e-15  1.5075e-13
   54    129  1.5797e-05  2.0378e-03
   54    130  5.4346e-14  7.0649e-12
   54    131  5.4601e-06  7.1527e-04
   54    132  2.6554e-06  3.5051e-04
   54    134  2.4136e-06  3.2342e-04
   54    136  1.7145e-06  2.3317e-04
   55    133  2.6814e-06  3.5662e-04
   56    134  6.2591e-18  8.3872e-16
   56    135  1.0570e-06  1.4270e-04
   56    136  1.9487e-15  2.6502e-13
   56    137  2.4809e-06  3.3988e-04
   56    138  2.3116e-06  3.1901e-04
   57    139  6.8943e-07  9.5830e-05
   58    140  7.8872e-07  1.1042e-04
   58    142  9.1583e-07  1.3005e-04
   59    141  2.2906e-06  3.2297e-04
   60    142  7.3035e-18  1.0371e-15
   60    143  2.0603e-07  2.9463e-05
   60    144  1.3100e-07  1.8865e-05
   60    145  9.7355e-08  1.4117e-05
   60    146  2.1722e-07  3.1715e-05
   60    148  4.5433e-07  6.7241e-05
   60    150  4.5551e-07  6.8326e-05
   62    147  2.9577e-07  4.3479e-05
   62    148  1.1041e-13  1.6341e-11
   62    149  3.1285e-07  4.6615e-05
   62    150  5.4369e-13  8.1553e-11
   62    152  6.2071e-07  9.4348e-05
   62    154  8.7970e-07  1.3547e-04
   63    151  4.0606e-07  6.1315e-05
   63    153  4.0454e-07  6.1894e-05
   64    154  9.8957e-15  1.5239e-12
   64    155  5.6587e-07  8.7709e-05
   64    156  9.4677e-07  1.4770e-04
   64    157  7.4258e-07  1.1659e-04
   64    158  1.6818e-06  2.6573e-04
   64    160  1.4332e-06  2.2932e-04
   65    159  6.1376e-07  9.7588e-05
   66    160  3.0494e-15  4.8791e-13
   66    161  7.6149e-07  1.2260e-04
   66    162  1.3413e-06  2.1728e-04
   66    163  8.2536e-07  1.3453e-04
   66    164  2.3497e-06  3.8535e-04
   67    165  1.2840e-06  2.1185e-04
   68    166  2.8417e-06  4.7172e-04
   68    167  1.2932e-06  2.1597e-04
   68    168  1.7796e-06  2.9897e-04
   68    170  1.3913e-06  2.3653e-04
   69    169  2.1531e-06  3.6388e-04
   70    170  2.2585e-15  3.8394e-13
   70    171  1.1425e-06  1.9536e-04
   70    172  1.0347e-06  1.7797e-04
   70    173  9.4653e-07  1.6375e-04
   70    174  1.4271e-06  2.4832e-04
   70    176  8.7266e-07  1.5359e-04
   71    175  8.7501e-07  1.5313e-04
   71    176  1.9564e-16  3.4433e-14
   72    176  1.8317e-18  3.2238e-16
   72    177  1.0821e-06  1.9154e-04
   72    178  9.8270e-07  1.7492e-04
   72    179  7.9605e-07  1.4249e-04
   72    180  6.7043e-07  1.2068e-04
   73    181  6.8661e-07  1.2428e-04
   74    182  6.5302e-07  1.1885e-04
   74    183  3.7810e-07  6.9192e-05
   74    184  5.6006e-07  1.0305e-04
   74    186  1.3446e-06  2.5009e-04
   75    185  4.4877e-07  8.3022e-05
   75    187  1.1704e-06  2.1887e-04
   76    186  1.7744e-18  3.3004e-16
   76    187  9.5123e-09  1.7788e-06
   76    188  3.9917e-06  7.5044e-04
   76    189  6.9209e-06  1.3080e-03
   76    190  2.5253e-05  4.7981e-03
   76    192  6.4542e-05  1.2392e-02
   77    191  3.0285e-05  5.7845e-03
   77    193  1.0173e-04  1.9633e-02
   78    192  2.9012e-15  5.5703e-13
   78    194  1.4074e-04  2.7304e-02
   78    195  1.3084e-04  2.5514e-02
   78    196  7.3011e-05  1.4310e-02
   78    198  8.2511e-06  1.6337e-03
   79    197  2.9746e-05  5.8600e-03
   80    198  2.7819e-15  5.5081e-13
   80    199  3.0734e-06  6.1161e-04
   80    200  2.6150e-06  5.2300e-04
   80    201  1.7361e-06  3.4895e-04
   80    202  2.4812e-06  5.0120e-04
   80    204  3.9776e-06  8.1144e-04
   81    203  2.9089e-06  5.9051e-04
   81    205  3.7993e-06  7.7885e-04
   81    207  4.6429e-19  9.6108e-17
   81    208  1.0061e-20  2.0926e-18
   82    204  4.0614e-19  8.2852e-17
   82    206  7.6741e-05  1.5809e-02
   82    207  7.4824e-05  1.5488e-02
   82    208  5.7788e-05  1.2020e-02
   82    210  5.5341e-12  1.1622e-09
   82    211  1.6452e-17  3.4714e-15
   82    212  1.8598e-17  3.9427e-15
   82    214  2.5810e-18  5.5234e-16
   83    209  1.0132e-04  2.1175e-02
   83    210  1.1609e-16  2.4378e-14
   83    211  2.0903e-19  4.4106e-17
   83    212  5.5573e-19  1.1782e-16
   83    214  3.1904e-19  6.8274e-17
   84    210  3.2052e-15  6.7310e-13
   84    218  4.9841e-20  1.0865e-17
   86    222  8.8477e-17  1.9642e-14
   87    223  2.9659e-20  6.6140e-18
   88    223  1.6084e-15  3.5866e-13
   88    224  4.8059e-17  1.0765e-14
   88    226  1.3538e-11  3.0597e-09
   88    228  1.5454e-10  3.5235e-08
   89    227  1.1185e-12  2.5389e-10
   89    228  3.3826e-18  7.7122e-16
   90    227  2.5850e-15  5.8679e-13
   90    228  9.2292e-15  2.1043e-12
   90    230  6.3806e-10  1.4675e-07
   90    231  1.4961e-16  3.4560e-14
   90    232  6.7647e-05  1.5694e-02
   90    234  2.1575e-16  5.0485e-14
   91    231  1.6768e-09  3.8735e-07
   91    234  6.4609e-18  1.5118e-15
   92    234  2.0777e-09  4.8618e-07
   92    235  3.6140e-05  8.4929e-03
   92    236  2.0169e-07  4.7599e-05
   92    238  3.7798e-05  8.9958e-03
   92    240  1.0123e-17  2.4295e-15
   93    240  7.1469e-19  1.7153e-16
   94    239  1.1574e-16  2.7662e-14
   94    240  3.9928e-11  9.5826e-09
   94    244  4.8601e-07  1.1859e-04
   95    243  3.5383e-17  8.5979e-15
   96    244  1.3191e-16  3.2185e-14
   96    247  7.4678e-14  1.8446e-11
   97    246  7.0230e-09  1.7277e-06
  100    258  1.3186e-05  3.4019e-03
  100    260  1.2603e-05  3.2767e-03
  100    262  1.1500e-05  3.0129e-03
  102    261  9.5003e-06  2.4796e-03
  102    263  1.1873e-05  3.1226e-03
  102    264  1.3192e-05  3.4828e-03
  102    266  1.3045e-05  3.4698e-03
  103    265  9.8301e-06  2.6050e-03
  104    267  6.6018e-06  1.7627e-03
  104    268  5.8978e-06  1.5806e-03
  104    270  7.5279e-06  2.0325e-03
  104    272  6.6757e-06  1.8158e-03
  104    274  5.7987e-06  1.5889e-03
  105    269  1.0148e-05  2.7298e-03
  105    271  6.2969e-06  1.7064e-03
  106    273  5.4820e-06  1.4966e-03
  106    275  3.1321e-06  8.6132e-04
  106    276  2.8308e-06  7.8131e-04
  106    278  7.7046e-07  2.1419e-04
  106    280  1.0865e-07  3.0421e-05
  107    277  8.2593e-07  2.2878e-04
  108    279  2.5500e-07  7.1145e-05
  108    281  4.8128e-08  1.3524e-05
  108    282  7.5976e-08  2.1425e-05
  108    283  5.1026e-08  1.4440e-05
  108    284  7.5133e-08  2.1338e-05
  108    286  7.4080e-08  2.1187e-05
  110    285  7.2128e-08  2.0556e-05
  110    286  4.5877e-20  1.3121e-17
  110    287  9.4814e-08  2.7212e-05
  110    288  8.2062e-08  2.3634e-05
  110    290  5.8993e-08  1.7108e-05
  111    289  5.0056e-08  1.4466e-05
  111    290  2.4023e-20  6.9665e-18
  111    291  3.1361e-08  9.1261e-06
  111    292  2.2753e-07  6.6438e-05
  111    293  1.0892e-07  3.1913e-05
  111    294  1.5523e-07  4.5638e-05
  111    295  4.9355e-08  1.4560e-05
  111    296  9.7168e-08  2.8762e-05
  111    297  4.4188e-08  1.3124e-05
  111    298  6.8606e-09  2.0444e-06
  111    299  5.3612e-09  1.6030e-06
  111    300  1.7759e-09  5.3276e-07
  111    301  8.0251e-08  2.4156e-05
  111    302  1.0837e-07  3.2727e-05
  111    303  7.0236e-08  2.1281e-05
  111    304  6.4922e-08  1.9736e-05
  111    305  2.6666e-08  8.1332e-06
  111    306  7.5544e-08  2.3117e-05
  111    307  2.8439e-08  8.7307e-06
  111    308  1.7843e-08  5.4955e-06
  111    309  5.3944e-09  1.6669e-06
  111    310  1.5003e-08  4.6509e-06
  111    311  1.0271e-08  3.1944e-06
  111    312  6.6527e-09  2.0756e-06
  111    313  6.3048e-09  1.9734e-06
  111    314  1.1568e-08  3.6324e-06
  111    315  1.9532e-09  6.1527e-07
  111    316  1.4614e-08  4.6180e-06
  111    317  7.6973e-09  2.4401e-06
  111    318  6.8657e-09  2.1833e-06
  111    319  4.8908e-09  1.5602e-06
  111    320  3.9024e-09  1.2488e-06
  111    321  7.6054e-10  2.4413e-07
  111    322  4.4612e-10  1.4365e-07
  111    323  3.2574e-10  1.0521e-07
  111    324  3.7944e-10  1.2294e-07
  111    325  5.3154e-11  1.7275e-08
  111    326  1.4996e-10  4.8886e-08
  111    327  6.2801e-11  2.0536e-08
  111    328  2.4978e-12  8.1929e-10
  111    329  4.6044e-11  1.5148e-08
  111    330  1.5267e-11  5.0382e-09
  111    331  1.4268e-12  4.7228e-10
  111    332  2.0452e-12  6.7901e-10
  111    333  5.1639e-13  1.7196e-10
  111    334  5.7816e-13  1.9311e-10
  111    335  7.0256e-14  2.3536e-11
  111    336  4.3903e-14  1.4751e-11
  111    337  2.1608e-12  7.2819e-10
    1      1  1.2579e-09  1.2579e-09
    2      4  1.7732e-01  7.0926e-01


