    1      2  2.6267e-09  5.2534e-09
    2      3  1.7900e-10  5.3700e-10
    3      6  7.1909e-12  4.3146e-11
    3      7  2.5771e-10  1.8039e-09
    4      8  2.5057e-09  2.0046e-08
    4      9  7.2014e-10  6.4813e-09
    5     10  2.2732e-09  2.2732e-08
    5     11  2.8452e-10  3.1297e-09
    6     12  3.5680e-09  4.2816e-08
    6     13  3.6129e-07  4.6968e-06
    7     14  3.1016e-07  4.3422e-06
    7     15  1.3370e-05  2.0055e-04
    8     16  5.0191e-07  8.0306e-06
    8     17  3.9886e-09  6.7806e-08
    8     18  2.5446e-08  4.5803e-07
    9     19  1.5470e-06  2.9393e-05
   10     20  2.1092e-06  4.2184e-05
   10     21  3.6195e-07  7.6010e-06
   10     22  3.3940e-09  7.4667e-08
   11     23  1.0719e-06  2.4654e-05
   12     24  3.1999e-07  7.6796e-06
   12     25  3.3766e-07  8.4416e-06
   12     26  1.4905e-08  3.8752e-07
   13     26  1.6251e-19  4.2252e-18
   13     27  2.4013e-07  6.4836e-06
   14     28  7.0075e-07  1.9621e-05
   14     29  7.9212e-08  2.2971e-06
   14     30  1.0080e-07  3.0241e-06
   15     31  1.0233e-07  3.1722e-06
   16     32  9.3881e-08  3.0042e-06
   16     33  7.8995e-07  2.6068e-05
   16     34  6.0323e-07  2.0510e-05
   16     36  2.2847e-08  8.2249e-07
   17     35  3.1648e-08  1.1077e-06
   17     37  6.5141e-08  2.4102e-06
   18     36  5.4008e-20  1.9443e-18
   18     38  1.2429e-07  4.7229e-06
   18     40  1.8329e-07  7.3315e-06
   19     39  1.0648e-07  4.1528e-06
   19     41  1.7906e-07  7.3414e-06
   20     42  4.8434e-07  2.0342e-05
   20     43  1.3017e-07  5.5973e-06
   20     44  1.2046e-07  5.3004e-06
   20     46  1.0717e-07  4.9298e-06
   21     45  1.5864e-07  7.1389e-06
   22     47  1.4876e-07  6.9918e-06
   22     48  3.2306e-07  1.5507e-05
   22     49  2.2303e-07  1.0929e-05
   22     50  1.8733e-07  9.3666e-06
   23     51  4.6803e-08  2.3870e-06
   24     52  2.5409e-07  1.3213e-05
   24     53  2.1047e-07  1.1155e-05
   24     54  1.0831e-07  5.8489e-06
   25     55  1.1267e-07  6.1966e-06
   26     56  3.0005e-07  1.6803e-05
   26     57  3.7071e-07  2.1130e-05
   26     58  1.9255e-08  1.1168e-06
   27     59  2.1555e-08  1.2717e-06
   28     60  4.5861e-08  2.7517e-06
   28     61  7.5774e-08  4.6222e-06
   28     62  1.0395e-07  6.4448e-06
   28     64  2.9944e-07  1.9164e-05
   29     63  4.3660e-07  2.7506e-05
   29     65  2.0868e-07  1.3564e-05
   30     66  5.1812e-07  3.4196e-05
   30     67  1.7766e-07  1.1903e-05
   30     68  2.2307e-07  1.5169e-05
   30     70  3.6115e-07  2.5281e-05
   31     69  1.7788e-07  1.2273e-05
   31     71  4.5915e-08  3.2599e-06
   32     70  8.5961e-16  6.0173e-14
   32     72  1.1245e-07  8.0967e-06
   32     73  1.4932e-07  1.0900e-05
   32     74  1.1095e-06  8.2103e-05
   32     76  4.8310e-06  3.6716e-04
   33     75  4.8480e-06  3.6360e-04
   34     76  1.3168e-13  1.0008e-11
   34     77  3.5491e-06  2.7328e-04
   34     78  3.3574e-06  2.6188e-04
   34     80  1.3183e-05  1.0547e-03
   34     82  9.0059e-07  7.3848e-05
   35     79  4.6422e-06  3.6673e-04
   35     81  5.0629e-06  4.1010e-04
   36     82  1.5837e-13  1.2986e-11
   36     83  1.9402e-06  1.6104e-04
   36     84  1.0242e-06  8.6034e-05
   36     86  2.4849e-06  2.1370e-04
   37     85  9.8024e-07  8.3320e-05
   37     87  1.9951e-06  1.7357e-04
   38     87  1.4609e-08  1.2709e-06
   38     88  8.0282e-07  7.0648e-05
   39     89  2.4517e-07  2.1820e-05
   40     90  4.4252e-07  3.9827e-05
   40     91  2.0977e-07  1.9089e-05
   40     92  1.2486e-06  1.1487e-04
   40     94  1.7769e-06  1.6703e-04
   41     93  7.1943e-07  6.6907e-05
   42     95  8.1581e-07  7.7502e-05
   42     96  6.3731e-07  6.1181e-05
   42     97  3.1444e-07  3.0501e-05
   42     98  1.8929e-07  1.8550e-05
   42    100  3.1293e-07  3.1293e-05
   44     99  2.1363e-07  2.1150e-05
   44    100  1.9915e-14  1.9915e-12
   44    101  5.3911e-07  5.4451e-05
   44    102  4.7786e-07  4.8742e-05
   44    104  5.8842e-07  6.1196e-05
   45    103  4.9972e-07  5.1471e-05
   46    104  5.6200e-19  5.8448e-17
   46    105  5.6919e-07  5.9765e-05
   46    106  1.1313e-06  1.1991e-04
   46    108  1.5118e-06  1.6328e-04
   46    110  8.5410e-07  9.3951e-05
   47    107  1.0081e-06  1.0787e-04
   47    109  9.9479e-07  1.0843e-04
   48    110  9.8988e-15  1.0889e-12
   48    111  1.6331e-07  1.8127e-05
   48    112  2.5981e-07  2.9098e-05
   48    113  8.6291e-08  9.7508e-06
   48    114  5.1126e-08  5.8283e-06
   48    116  3.5154e-08  4.0778e-06
   49    113  3.7977e-15  4.2914e-13
   49    115  3.3039e-08  3.7995e-06
   50    115  2.6360e-14  3.0314e-12
   50    116  1.4803e-15  1.7172e-13
   50    117  8.6907e-08  1.0168e-05
   50    118  1.5448e-07  1.8229e-05
   50    119  1.7313e-07  2.0603e-05
   50    120  9.7812e-07  1.1737e-04
   50    122  3.2235e-06  3.9327e-04
   50    124  1.6376e-05  2.0306e-03
   51    121  1.3061e-06  1.5804e-04
   51    123  4.4276e-06  5.4459e-04
   52    122  7.6121e-15  9.2867e-13
   52    124  2.4124e-16  2.9913e-14
   52    125  2.0268e-05  2.5335e-03
   52    126  4.3367e-05  5.4643e-03
   52    128  5.0193e-05  6.4247e-03
   52    130  3.4676e-05  4.5079e-03
   53    127  3.9837e-05  5.0593e-03
   53    129  1.3903e-13  1.7935e-11
   54    128  5.2788e-16  6.7569e-14
   54    129  6.3044e-05  8.1327e-03
   54    130  4.5409e-14  5.9032e-12
   54    131  1.4466e-05  1.8950e-03
   54    132  1.1154e-05  1.4724e-03
   54    134  1.7004e-05  2.2785e-03
   54    136  1.0557e-05  1.4358e-03
   55    133  1.6584e-05  2.2056e-03
   56    134  6.1726e-18  8.2712e-16
   56    135  9.3040e-06  1.2560e-03
   56    136  3.8730e-15  5.2673e-13
   56    137  1.2856e-05  1.7612e-03
   56    138  1.2151e-05  1.6768e-03
   57    139  3.9762e-06  5.5269e-04
   58    140  6.0802e-06  8.5122e-04
   58    142  6.3873e-06  9.0700e-04
   59    141  1.7660e-05  2.4901e-03
   60    142  1.1203e-17  1.5909e-15
   60    143  1.0770e-06  1.5402e-04
   60    144  8.5324e-07  1.2287e-04
   60    145  7.4587e-07  1.0815e-04
   60    146  1.8497e-06  2.7005e-04
   60    148  4.4479e-06  6.5830e-04
   60    150  5.1929e-06  7.7893e-04
   62    147  2.5263e-06  3.7136e-04
   62    148  2.1702e-13  3.2119e-11
   62    149  3.5054e-06  5.2230e-04
   62    150  1.5735e-12  2.3603e-10
   62    152  6.3844e-06  9.7044e-04
   62    154  8.2705e-06  1.2737e-03
   63    151  5.2756e-06  7.9661e-04
   63    153  4.5092e-06  6.8991e-04
   64    154  2.6634e-14  4.1017e-12
   64    155  4.7006e-06  7.2860e-04
   64    156  1.1474e-05  1.7900e-03
   64    157  7.6596e-06  1.2026e-03
   64    158  1.4266e-05  2.2541e-03
   64    160  1.2844e-05  2.0550e-03
   65    159  8.2579e-06  1.3130e-03
   66    160  9.3553e-15  1.4968e-12
   66    161  6.4827e-06  1.0437e-03
   66    162  1.6848e-05  2.7293e-03
   66    163  9.8717e-06  1.6091e-03
   66    164  2.2786e-05  3.7369e-03
   67    165  1.1189e-05  1.8462e-03
   68    166  2.0697e-05  3.4357e-03
   68    167  8.4611e-06  1.4130e-03
   68    168  1.4962e-05  2.5136e-03
   68    170  8.9930e-06  1.5288e-03
   69    169  1.1312e-05  1.9118e-03
   70    170  2.7222e-15  4.6278e-13
   70    171  6.9483e-06  1.1882e-03
   70    172  5.5796e-06  9.5969e-04
   70    173  5.6602e-06  9.7921e-04
   70    174  7.3309e-06  1.2756e-03
   70    176  5.4424e-06  9.5786e-04
   71    175  5.5802e-06  9.7654e-04
   71    176  2.7140e-16  4.7767e-14
   72    176  2.5411e-18  4.4723e-16
   72    177  6.5882e-06  1.1661e-03
   72    178  5.9792e-06  1.0643e-03
   72    179  4.6041e-06  8.2414e-04
   72    180  3.8540e-06  6.9373e-04
   73    181  3.8769e-06  7.0172e-04
   74    182  5.8863e-06  1.0713e-03
   74    183  4.2480e-06  7.7738e-04
   74    184  9.6673e-06  1.7788e-03
   74    186  2.3430e-05  4.3581e-03
   75    185  7.7042e-06  1.4253e-03
   75    187  1.7423e-05  3.2581e-03
   76    186  5.7541e-18  1.0703e-15
   76    187  1.4160e-07  2.6479e-05
   76    188  4.1959e-05  7.8883e-03
   76    189  6.1518e-05  1.1627e-02
   76    190  1.1298e-04  2.1466e-02
   76    192  1.4815e-04  2.8446e-02
   77    191  1.0812e-04  2.0651e-02
   77    193  1.7612e-04  3.3991e-02
   78    192  2.4113e-15  4.6297e-13
   78    194  1.3787e-04  2.6748e-02
   78    195  8.5994e-05  1.6769e-02
   78    196  2.7219e-05  5.3349e-03
   78    198  2.8617e-06  5.6661e-04
   79    197  8.2036e-06  1.6161e-03
   80    198  1.2314e-16  2.4381e-14
   80    199  2.4528e-06  4.8811e-04
   80    200  2.2091e-06  4.4182e-04
   80    201  1.9442e-06  3.9078e-04
   80    202  3.3682e-06  6.8038e-04
   80    204  3.5441e-06  7.2299e-04
   81    203  3.4789e-06  7.0621e-04
   81    205  3.3107e-06  6.7870e-04
   81    207  6.5460e-20  1.3550e-17
   82    204  7.3888e-20  1.5073e-17
   82    206  3.1038e-05  6.3939e-03
   82    207  2.8299e-05  5.8579e-03
   82    208  2.6492e-05  5.5104e-03
   82    210  7.0708e-13  1.4849e-10
   82    211  2.3195e-18  4.8942e-16
   82    212  3.0346e-18  6.4333e-16
   82    214  3.2977e-19  7.0572e-17
   83    209  2.9236e-05  6.1102e-03
   83    210  1.4832e-17  3.1148e-15
   83    211  2.9471e-20  6.2184e-18
   83    212  9.0678e-20  1.9224e-17
   83    214  4.0763e-20  8.7233e-18
   84    210  4.0953e-16  8.6000e-14
   86    222  1.1305e-17  2.5096e-15
   88    223  2.2676e-16  5.0567e-14
   88    224  7.8417e-18  1.7565e-15
   88    226  1.7298e-12  3.9093e-10
   88    228  2.5216e-11  5.7493e-09
   89    227  1.5769e-13  3.5796e-11
   89    228  5.5193e-19  1.2584e-16
   90    227  3.6445e-16  8.2730e-14
   90    228  1.5059e-15  3.4335e-13
   90    230  8.1523e-11  1.8750e-08
   90    231  2.1093e-17  4.8725e-15
   90    232  1.1038e-05  2.5608e-03
   90    234  2.7565e-17  6.4503e-15
   91    231  2.3641e-10  5.4611e-08
   91    234  8.2550e-19  1.9317e-16
   92    234  2.6546e-10  6.2118e-08
   92    235  5.0953e-06  1.1974e-03
   92    236  2.3106e-08  5.4530e-06
   92    238  4.8293e-06  1.1494e-03
   92    240  1.1596e-18  2.7830e-16
   93    240  8.1869e-20  1.9649e-17
   94    239  9.7971e-18  2.3415e-15
   94    240  4.5738e-12  1.0977e-09
   94    244  5.5673e-08  1.3584e-05
   95    243  2.9950e-18  7.2778e-16
   96    244  1.5110e-17  3.6869e-15
   96    247  6.3212e-15  1.5613e-12
   97    246  8.4455e-10  2.0776e-07
  100    258  1.0712e-06  2.7636e-04
  100    260  7.6827e-07  1.9975e-04
  100    262  5.3237e-07  1.3948e-04
  102    261  4.9862e-07  1.3014e-04
  102    263  4.7610e-07  1.2521e-04
  102    264  4.4038e-07  1.1626e-04
  102    266  3.4679e-07  9.2246e-05
  103    265  2.7275e-07  7.2278e-05
  104    267  1.7460e-07  4.6618e-05
  104    268  1.4480e-07  3.8805e-05
  104    270  1.1368e-07  3.0693e-05
  104    272  5.6158e-08  1.5275e-05
  104    274  3.1122e-08  8.5274e-06
  105    269  2.0862e-07  5.6119e-05
  105    271  7.1784e-08  1.9454e-05
  106    273  3.7374e-08  1.0203e-05
  106    275  1.2084e-08  3.3232e-06
  106    276  9.2009e-09  2.5395e-06
  106    278  2.0507e-09  5.7008e-07
  106    280  2.1556e-10  6.0355e-08
  107    277  2.5212e-09  6.9836e-07
  108    279  5.5248e-10  1.5414e-07
  108    281  9.0356e-11  2.5390e-08
  108    282  1.0059e-10  2.8365e-08
  108    283  5.6233e-11  1.5914e-08
  108    284  8.6967e-11  2.4699e-08
  108    286  9.3216e-11  2.6660e-08
  110    285  8.9592e-11  2.5534e-08
  110    287  1.1119e-10  3.1912e-08
  110    288  8.5137e-11  2.4519e-08
  110    290  3.5478e-11  1.0289e-08
  111    289  4.2077e-11  1.2160e-08
  111    291  1.6658e-11  4.8474e-09
  111    292  1.2284e-10  3.5870e-08
  111    293  6.4380e-11  1.8863e-08
  111    294  8.8148e-11  2.5916e-08
  111    295  2.6928e-11  7.9437e-09
  111    296  4.7188e-11  1.3968e-08
  111    297  1.8252e-11  5.4209e-09
  111    298  2.5210e-12  7.5127e-10
  111    299  1.9706e-12  5.8922e-10
  111    300  6.2046e-13  1.8614e-10
  111    301  1.0127e-11  3.0483e-09
  111    302  2.6976e-11  8.1466e-09
  111    303  1.7451e-11  5.2876e-09
  111    304  1.5036e-11  4.5709e-09
  111    305  1.5006e-12  4.5767e-10
  111    306  3.6201e-12  1.1077e-09
  111    307  1.2733e-12  3.9090e-10
  111    308  3.7101e-12  1.1427e-09
  111    309  9.7023e-13  2.9980e-10
  111    310  9.1359e-13  2.8321e-10
  111    311  2.1319e-13  6.6302e-11
  111    312  3.5618e-13  1.1113e-10
  111    313  5.9189e-14  1.8526e-11
  111    314  6.0654e-13  1.9045e-10
  111    315  2.0105e-13  6.3329e-11
  111    316  3.8243e-13  1.2085e-10
  111    317  4.1437e-13  1.3136e-10
  111    318  8.9320e-14  2.8404e-11
  111    319  4.6458e-14  1.4820e-11
  111    320  4.5090e-14  1.4429e-11
  111    321  8.4463e-15  2.7113e-12
  111    322  5.9194e-15  1.9060e-12
  111    323  2.9763e-15  9.6133e-13
  111    324  2.9797e-15  9.6542e-13
  111    325  4.3879e-16  1.4261e-13
  111    326  9.3961e-16  3.0631e-13
  111    327  1.0024e-16  3.2777e-14
  111    328  7.4987e-18  2.4596e-15
  111    329  1.3146e-16  4.3252e-14
  111    330  2.5797e-17  8.5128e-15
  111    331  1.4288e-18  4.7295e-16
  111    332  2.1306e-18  7.0735e-16
  111    333  2.9658e-19  9.8760e-17
  111    334  2.5673e-18  8.5747e-16
  111    335  2.7302e-19  9.1460e-17
  111    336  1.8753e-19  6.3010e-17
  111    337  4.0571e-18  1.3672e-15
    1      1  4.6926e-10  4.6926e-10
    2      4  1.6716e-01  6.6863e-01


