1  1.2112e-07
2  2.1066e-08
3  5.5967e-10
4  2.0610e-01
5  0.0000e+00
6  1.0501e-11
7  2.5899e-09
8  5.0129e-08
9  2.4781e-08
10  3.4430e-07
11  1.2996e-09
12  7.7244e-09
13  2.4768e-08
14  5.0699e-08
15  1.3627e-05
16  1.3417e-06
17  5.3590e-08
18  1.6958e-07
19  1.0112e-06
20  1.6833e-06
21  1.2806e-06
22  1.5773e-08
23  8.0280e-07
24  3.3652e-07
25  3.0018e-07
26  1.5362e-07
27  1.2671e-07
28  1.6687e-07
29  6.8175e-08
30  8.3466e-08
31  2.0428e-08
32  9.0982e-08
33  2.1739e-07
34  2.0443e-07
35  1.7062e-08
36  2.0869e-08
37  2.8951e-09
38  1.4250e-08
39  1.1337e-08
40  5.5385e-09
41  6.5733e-09
42  3.2929e-08
43  8.9091e-09
44  1.4296e-08
45  1.3040e-08
46  4.9311e-10
47  3.6418e-10
48  1.8755e-10
49  1.5697e-10
50  5.7558e-11
51  2.1423e-10
52  6.6417e-10
53  3.8232e-09
54  1.2638e-10
55  9.9347e-12
56  1.0261e-09
57  6.6378e-10
58  1.2472e-10
59  5.5288e-12
60  1.6686e-11
61  6.6132e-12
62  4.1224e-11
63  1.0754e-08
64  9.8959e-10
65  5.2996e-10
66  6.4495e-10
67  1.2906e-08
68  1.0470e-09
69  3.4046e-10
70  4.2024e-09
71  2.2578e-09
72  2.4656e-09
73  6.9718e-09
74  4.0828e-08
75  7.4858e-08
76  1.0233e-08
77  4.1627e-08
78  3.0124e-08
79  3.6241e-08
80  4.2462e-07
81  7.0665e-08
82  1.2827e-07
83  1.8629e-07
84  1.8923e-08
85  4.6246e-08
86  4.1843e-08
87  7.7921e-08
88  1.0943e-08
89  2.4630e-08
90  1.8524e-08
91  3.3616e-08
92  1.9314e-08
93  1.4327e-08
94  4.1488e-08
95  1.9022e-08
96  3.3394e-09
97  1.8114e-08
98  2.4099e-09
99  2.2032e-09
100  5.6442e-09
101  1.7774e-09
102  3.0850e-09
103  6.4888e-09
104  1.4864e-09
105  2.3442e-10
106  1.5115e-09
107  1.4075e-09
108  3.0729e-09
109  4.9451e-09
110  7.1187e-09
111  8.7391e-10
112  5.2064e-09
113  7.0174e-09
114  1.3480e-08
115  2.7547e-08
116  3.0971e-09
117  1.9741e-09
118  2.3701e-10
119  2.2502e-10
120  3.4189e-09
121  1.1050e-08
122  2.3714e-09
123  3.8058e-09
124  3.9744e-09
125  6.2802e-08
126  2.4609e-08
127  2.0690e-07
128  1.7484e-07
129  6.9952e-07
130  2.2373e-07
131  1.3819e-07
132  1.2946e-07
133  5.9302e-08
134  4.4758e-08
135  1.8141e-08
136  3.9966e-08
137  1.9831e-08
138  5.2490e-08
139  4.7895e-09
140  1.5338e-08
141  2.3535e-08
142  1.9031e-08
143  1.6333e-08
144  1.1551e-08
145  7.9510e-10
146  4.5134e-09
147  8.1882e-09
148  2.3093e-09
149  1.8939e-10
150  2.2952e-10
151  1.2597e-11
152  5.5116e-11
153  5.0078e-11
154  1.7699e-11
155  7.3036e-10
156  6.3816e-11
157  6.0586e-11
158  2.4674e-10
159  2.4841e-12
160  4.1325e-12
161  4.8319e-12
162  2.0501e-12
163  5.4230e-12
164  2.5612e-12
165  2.4897e-12
166  4.5003e-12
167  7.9247e-12
168  4.4557e-12
169  1.2950e-10
170  9.9528e-12
171  3.4014e-11
172  1.4695e-11
173  1.0097e-11
174  6.8226e-11
175  1.3992e-11
176  3.4924e-11
177  3.8280e-10
178  1.3794e-10
179  9.6848e-11
180  2.7507e-10
181  5.5615e-10
182  1.0657e-09
183  1.2398e-09
184  2.3225e-09
185  1.9287e-09
186  1.9324e-09
187  2.6422e-09
188  4.4120e-09
189  3.0865e-09
190  9.4159e-09
191  1.4433e-08
192  1.8071e-08
193  4.6628e-09
194  1.0608e-08
195  9.9440e-09
196  1.3324e-08
197  2.6347e-08
198  3.4504e-08
199  1.3257e-08
200  8.6569e-08
201  5.3066e-08
202  2.8320e-07
203  2.2797e-07
204  1.4265e-07
205  7.5633e-08
206  5.6383e-07
207  1.0616e-06
208  5.4469e-07
209  1.0464e-06
210  3.2501e-14
211  3.3360e-19
212  9.1162e-20
213  5.1858e-44
214  1.7022e-20
215  1.2646e-25
216  1.0562e-25
217  9.2097e-93
218  2.9253e-22
219  1.2922e-22
220  4.0502e-23
221  1.7273e-320
222  5.1930e-19
223  3.2205e-17
224  2.2874e-19
225  3.1254e-40
226  7.9461e-14
227  2.2447e-14
228  7.3559e-13
229  1.1658e-29
230  3.7450e-12
231  3.3575e-11
232  3.2197e-07
233  6.9667e-26
234  1.2195e-11
235  7.2364e-07
236  1.7780e-09
237  1.2633e-318
238  2.2185e-07
239  8.9188e-18
240  3.5202e-13
241  0.0000e+00
242  3.2138e-107
243  2.7265e-18
244  4.2849e-09
245  0.0000e+00
246  6.2087e-11
247  5.7545e-15
248  2.4999e-106
249  0.0000e+00
250  0.0000e+00
251  -8.5289e-314
252  0.0000e+00
253  0.0000e+00
254  0.0000e+00
255  0.0000e+00
256  0.0000e+00
257  8.3932e-26
258  4.9147e-07
259  6.4313e-26
260  7.9350e-07
261  8.1467e-07
262  2.3614e-07
263  1.9184e-07
264  2.1303e-07
265  2.2691e-07
266  2.4733e-07
267  8.2548e-08
268  1.0161e-07
269  4.1025e-07
270  5.1178e-07
271  3.5752e-07
272  3.8976e-07
273  6.7358e-07
274  1.0497e-06
275  2.0321e-06
276  4.3756e-06
277  1.5010e-06
278  1.9438e-06
279  2.8014e-06
280  2.4398e-06
281  1.1804e-06
282  1.1516e-06
283  9.2443e-07
284  9.8534e-07
285  1.5080e-06
286  2.2661e-06
287  1.9213e-06
288  1.5782e-06
289  1.4108e-06
290  3.8172e-06
291  3.1528e-06
292  2.6416e-05
293  1.5458e-05
294  2.5281e-05
295  1.2890e-05
296  5.5648e-06
297  1.8774e-06
298  5.8947e-07
299  9.5081e-11
300  1.0670e-09
301  3.6778e-06
302  4.9734e-06
303  2.9926e-06
304  6.7669e-06
305  8.2634e-06
306  1.2278e-05
307  7.6983e-06
308  6.7361e-06
309  6.7884e-06
310  8.3932e-06
311  6.7635e-06
312  5.3794e-06
313  4.1052e-06
314  5.0394e-06
315  4.0201e-06
316  6.1633e-06
317  4.8966e-06
318  1.0669e-05
319  1.0525e-05
320  1.1148e-05
321  8.0507e-06
322  1.1678e-05
323  1.5790e-05
324  3.6213e-05
325  6.7092e-06
326  3.5371e-05
327  5.9678e-05
328  1.5423e-05
329  3.1890e-05
330  2.5648e-06
331  1.5341e-05
332  1.1283e-05
333  3.3473e-06
334  8.5313e-07
335  6.4724e-07
336  2.8791e-07
337  2.9638e-05

