1  2.3985e-11
2  4.4876e-17
3  2.1511e-22
4  1.3557e-01
5  0.0000e+00
6  2.9627e-20
7  1.6177e-21
8  3.1335e-17
9  6.0129e-19
10  6.2229e-20
11  8.3886e-23
12  5.2694e-08
13  5.8189e-15
14  7.6562e-18
15  9.9789e-12
16  2.7057e-09
17  7.5331e-16
18  3.0102e-13
19  4.8762e-13
20  1.2889e-09
21  3.5109e-13
22  1.1613e-13
23  6.1763e-14
24  2.9387e-10
25  9.4350e-11
26  6.8884e-10
27  7.1906e-10
28  2.4917e-09
29  1.1562e-09
30  1.7824e-09
31  1.8749e-09
32  4.5989e-09
33  4.2420e-09
34  5.6686e-08
35  2.1920e-08
36  4.0624e-08
37  1.5994e-08
38  2.6805e-08
39  1.8199e-09
40  9.6012e-10
41  4.3800e-09
42  2.1708e-08
43  3.9691e-07
44  7.1968e-07
45  1.3300e-08
46  1.8456e-07
47  5.7038e-07
48  1.7132e-06
49  2.5755e-08
50  2.7765e-07
51  6.6978e-07
52  1.0044e-06
53  3.6829e-06
54  4.4763e-06
55  1.2542e-07
56  4.1401e-07
57  7.1705e-08
58  1.2204e-06
59  8.4680e-07
60  2.7502e-07
61  6.3939e-07
62  8.9592e-07
63  6.9030e-07
64  5.9182e-08
65  3.4502e-07
66  1.6310e-06
67  1.0442e-06
68  5.5197e-07
69  1.7175e-07
70  2.7528e-07
71  5.3789e-08
72  1.1045e-07
73  9.8605e-07
74  1.2814e-06
75  5.8343e-06
76  9.7202e-06
77  1.6819e-05
78  2.0343e-05
79  8.3658e-06
80  2.4323e-05
81  4.7947e-06
82  1.0362e-05
83  2.7373e-05
84  5.6526e-06
85  1.4666e-05
86  4.2354e-05
87  7.3109e-06
88  4.2707e-06
89  2.6074e-05
90  1.1561e-04
91  1.0781e-05
92  2.7435e-05
93  2.2323e-05
94  6.6030e-06
95  8.7995e-08
96  2.6494e-07
97  3.1033e-06
98  2.4233e-05
99  4.4212e-05
100  1.4294e-04
101  3.7031e-04
102  2.6707e-04
103  1.2291e-04
104  5.3287e-04
105  4.6351e-04
106  2.8206e-04
107  8.2666e-05
108  1.0744e-04
109  2.6674e-04
110  3.1766e-04
111  3.8523e-05
112  9.3250e-05
113  5.1760e-05
114  5.3754e-05
115  1.5802e-05
116  1.6646e-05
117  4.9869e-05
118  3.7701e-05
119  1.6825e-05
120  2.0515e-05
121  1.2841e-05
122  2.7538e-05
123  1.4645e-05
124  3.7164e-05
125  6.6213e-05
126  1.5653e-04
127  7.6607e-05
128  5.5746e-05
129  1.6847e-05
130  6.9265e-07
131  1.8640e-08
132  8.9152e-10
133  2.4255e-12
134  2.3006e-13
135  3.5654e-13
136  1.3366e-14
137  5.3497e-15
138  1.4325e-14
139  1.9787e-15
140  3.8690e-15
141  1.1518e-15
142  6.0642e-16
143  2.3588e-16
144  1.1087e-16
145  2.3642e-17
146  8.5469e-17
147  1.1360e-16
148  1.8666e-16
149  7.1791e-17
150  4.3970e-17
151  1.4010e-17
152  2.9282e-17
153  1.4098e-17
154  1.0027e-17
155  6.9061e-18
156  1.0472e-18
157  1.6090e-18
158  8.8411e-19
159  6.4133e-20
160  1.1114e-19
161  1.1122e-19
162  4.4454e-20
163  2.5259e-20
164  3.3637e-20
165  1.6770e-20
166  2.6133e-20
167  7.0843e-21
168  3.8147e-21
169  3.9479e-21
170  7.0766e-22
171  2.1704e-22
172  1.1426e-22
173  3.9925e-23
174  2.5984e-23
175  6.0681e-24
176  4.3891e-24
177  1.2458e-24
178  0.0000e+00
179  0.0000e+00
180  0.0000e+00
181  0.0000e+00
182  0.0000e+00
183  0.0000e+00
184  0.0000e+00
185  0.0000e+00
186  0.0000e+00
187  0.0000e+00
188  0.0000e+00
189  0.0000e+00
190  0.0000e+00
191  0.0000e+00
192  0.0000e+00
193  0.0000e+00
194  0.0000e+00
195  0.0000e+00
196  0.0000e+00
197  0.0000e+00
198  0.0000e+00
199  0.0000e+00
200  0.0000e+00
201  0.0000e+00
202  0.0000e+00
203  0.0000e+00
204  0.0000e+00
205  0.0000e+00
206  0.0000e+00
207  0.0000e+00
208  0.0000e+00
209  0.0000e+00
210  0.0000e+00
211  0.0000e+00
212  0.0000e+00
213  0.0000e+00
214  0.0000e+00
215  0.0000e+00
216  0.0000e+00
217  0.0000e+00
218  0.0000e+00
219  0.0000e+00
220  0.0000e+00
221  0.0000e+00
222  0.0000e+00
223  0.0000e+00
224  0.0000e+00
225  0.0000e+00
226  0.0000e+00
227  0.0000e+00
228  0.0000e+00
229  0.0000e+00
230  0.0000e+00
231  0.0000e+00
232  0.0000e+00
233  0.0000e+00
234  0.0000e+00
235  0.0000e+00
236  0.0000e+00
237  0.0000e+00
238  0.0000e+00
239  0.0000e+00
240  0.0000e+00
241  0.0000e+00
242  0.0000e+00
243  0.0000e+00
244  0.0000e+00
245  0.0000e+00
246  0.0000e+00
247  0.0000e+00
248  0.0000e+00
249  0.0000e+00
250  0.0000e+00
251  0.0000e+00
252  0.0000e+00
253  0.0000e+00
254  0.0000e+00
255  0.0000e+00
256  0.0000e+00
257  0.0000e+00
258  0.0000e+00
259  0.0000e+00
260  0.0000e+00
261  0.0000e+00
262  0.0000e+00
263  0.0000e+00
264  0.0000e+00
265  0.0000e+00
266  0.0000e+00
267  0.0000e+00
268  0.0000e+00
269  0.0000e+00
270  0.0000e+00
271  0.0000e+00
272  0.0000e+00
273  0.0000e+00
274  0.0000e+00
275  0.0000e+00
276  0.0000e+00
277  0.0000e+00
278  0.0000e+00
279  0.0000e+00
280  0.0000e+00
281  0.0000e+00
282  0.0000e+00
283  0.0000e+00
284  0.0000e+00
285  0.0000e+00
286  0.0000e+00
287  0.0000e+00
288  0.0000e+00
289  0.0000e+00
290  0.0000e+00
291  0.0000e+00
292  0.0000e+00
293  0.0000e+00
294  0.0000e+00
295  0.0000e+00
296  0.0000e+00
297  0.0000e+00
298  0.0000e+00
299  0.0000e+00
300  0.0000e+00
301  0.0000e+00
302  0.0000e+00
303  0.0000e+00
304  0.0000e+00
305  0.0000e+00
306  0.0000e+00
307  0.0000e+00
308  0.0000e+00
309  0.0000e+00
310  0.0000e+00
311  0.0000e+00
312  0.0000e+00
313  0.0000e+00
314  0.0000e+00
315  0.0000e+00
316  0.0000e+00
317  0.0000e+00
318  0.0000e+00
319  0.0000e+00
320  0.0000e+00
321  0.0000e+00
322  0.0000e+00
323  0.0000e+00
324  0.0000e+00
325  0.0000e+00
326  0.0000e+00
327  0.0000e+00
328  0.0000e+00
329  0.0000e+00
330  0.0000e+00
331  0.0000e+00
332  0.0000e+00
333  0.0000e+00
334  0.0000e+00
335  0.0000e+00
336  0.0000e+00
337  0.0000e+00

