1  2.3772e-10
2  2.2133e-19
3  1.0319e-25
4  4.7746e-02
5  0.0000e+00
6  3.1822e-24
7  3.6977e-26
8  5.3466e-21
9  9.6474e-24
10  5.0169e-21
11  2.3527e-24
12  4.1504e-07
13  7.4100e-13
14  1.7621e-18
15  8.8810e-20
16  1.1416e-09
17  2.7217e-19
18  4.9553e-23
19  3.0006e-20
20  8.7337e-10
21  2.3407e-16
22  3.8807e-19
23  1.3000e-13
24  8.9064e-10
25  1.2020e-14
26  2.3317e-12
27  1.5558e-10
28  2.4162e-09
29  3.7078e-11
30  1.8551e-09
31  4.3515e-10
32  3.5470e-09
33  3.4141e-10
34  8.7884e-09
35  1.3480e-09
36  1.4896e-09
37  4.3359e-10
38  2.1177e-08
39  3.6837e-09
40  2.8598e-09
41  5.8309e-10
42  5.7619e-09
43  2.5809e-09
44  5.4086e-09
45  3.6163e-09
46  5.6847e-09
47  3.2592e-09
48  3.5347e-08
49  2.2225e-09
50  2.4563e-09
51  7.6952e-09
52  1.3849e-07
53  4.2710e-09
54  2.1657e-08
55  1.2357e-08
56  9.5771e-08
57  1.5272e-09
58  1.2962e-07
59  1.4940e-08
60  3.6254e-09
61  5.8316e-09
62  3.1003e-07
63  6.4030e-10
64  4.1301e-08
65  2.8006e-08
66  4.6981e-09
67  6.7786e-09
68  5.4626e-07
69  2.2498e-09
70  1.4319e-08
71  3.5318e-08
72  1.3172e-09
73  1.5937e-08
74  3.1432e-07
75  7.5823e-10
76  4.1620e-07
77  2.9570e-08
78  4.8289e-09
79  4.8720e-08
80  1.1082e-06
81  3.1506e-08
82  7.7703e-08
83  7.9861e-07
84  4.2938e-04
85  3.9473e-04
86  2.7947e-03
87  2.2614e-04
88  2.3620e-03
89  6.1111e-04
90  2.0447e-04
91  1.5279e-04
92  1.6826e-03
93  3.3687e-05
94  1.2459e-04
95  6.3978e-05
96  8.2698e-05
97  2.8261e-06
98  3.0492e-06
99  2.5631e-07
100  1.0391e-08
101  5.0339e-07
102  1.9898e-07
103  1.2468e-07
104  1.4456e-06
105  3.1014e-08
106  4.1767e-08
107  1.1440e-08
108  1.3987e-08
109  2.7443e-10
110  1.0465e-08
111  8.5326e-10
112  1.1227e-10
113  1.0796e-09
114  1.5500e-10
115  7.0465e-12
116  7.1031e-11
117  4.3480e-12
118  6.6528e-13
119  6.0330e-12
120  4.8313e-13
121  1.5168e-13
122  9.7590e-13
123  3.6080e-15
124  9.5882e-14
125  4.6825e-14
126  1.4983e-15
127  3.1089e-14
128  2.2165e-15
129  1.9810e-15
130  4.8272e-15
131  1.3158e-16
132  2.4575e-15
133  2.2511e-16
134  1.3744e-17
135  1.7648e-19
136  2.0286e-21
137  1.4108e-24
138  1.0066e-27
139  6.4886e-28
140  3.7308e-30
141  0.0000e+00
142  0.0000e+00
143  0.0000e+00
144  0.0000e+00
145  0.0000e+00
146  0.0000e+00
147  0.0000e+00
148  0.0000e+00
149  0.0000e+00
150  0.0000e+00
151  0.0000e+00
152  0.0000e+00
153  0.0000e+00
154  0.0000e+00
155  0.0000e+00
156  0.0000e+00
157  0.0000e+00
158  0.0000e+00
159  0.0000e+00
160  0.0000e+00
161  0.0000e+00
162  0.0000e+00
163  0.0000e+00
164  0.0000e+00
165  0.0000e+00
166  0.0000e+00
167  0.0000e+00
168  0.0000e+00
169  0.0000e+00
170  0.0000e+00
171  0.0000e+00
172  0.0000e+00
173  0.0000e+00
174  0.0000e+00
175  0.0000e+00
176  0.0000e+00
177  0.0000e+00
178  0.0000e+00
179  0.0000e+00
180  0.0000e+00
181  0.0000e+00
182  0.0000e+00
183  0.0000e+00
184  0.0000e+00
185  0.0000e+00
186  0.0000e+00
187  0.0000e+00
188  0.0000e+00
189  0.0000e+00
190  0.0000e+00
191  0.0000e+00
192  0.0000e+00
193  0.0000e+00
194  0.0000e+00
195  0.0000e+00
196  0.0000e+00
197  0.0000e+00
198  0.0000e+00
199  0.0000e+00
200  0.0000e+00
201  0.0000e+00
202  0.0000e+00
203  0.0000e+00
204  0.0000e+00
205  0.0000e+00
206  0.0000e+00
207  0.0000e+00
208  0.0000e+00
209  0.0000e+00
210  0.0000e+00
211  0.0000e+00
212  0.0000e+00
213  0.0000e+00
214  0.0000e+00
215  0.0000e+00
216  0.0000e+00
217  0.0000e+00
218  0.0000e+00
219  0.0000e+00
220  0.0000e+00
221  0.0000e+00
222  0.0000e+00
223  0.0000e+00
224  0.0000e+00
225  0.0000e+00
226  0.0000e+00
227  0.0000e+00
228  0.0000e+00
229  0.0000e+00
230  0.0000e+00
231  0.0000e+00
232  0.0000e+00
233  0.0000e+00
234  0.0000e+00
235  0.0000e+00
236  0.0000e+00
237  0.0000e+00
238  0.0000e+00
239  0.0000e+00
240  0.0000e+00
241  0.0000e+00
242  0.0000e+00
243  0.0000e+00
244  0.0000e+00
245  0.0000e+00
246  0.0000e+00
247  0.0000e+00
248  0.0000e+00
249  0.0000e+00
250  0.0000e+00
251  0.0000e+00
252  0.0000e+00
253  0.0000e+00
254  0.0000e+00
255  0.0000e+00
256  0.0000e+00
257  0.0000e+00
258  0.0000e+00
259  0.0000e+00
260  0.0000e+00
261  0.0000e+00
262  0.0000e+00
263  0.0000e+00
264  0.0000e+00
265  0.0000e+00
266  0.0000e+00
267  0.0000e+00
268  0.0000e+00
269  0.0000e+00
270  0.0000e+00
271  0.0000e+00
272  0.0000e+00
273  0.0000e+00
274  0.0000e+00
275  0.0000e+00
276  0.0000e+00
277  0.0000e+00
278  0.0000e+00
279  0.0000e+00
280  0.0000e+00
281  0.0000e+00
282  0.0000e+00
283  0.0000e+00
284  0.0000e+00
285  0.0000e+00
286  0.0000e+00
287  0.0000e+00
288  0.0000e+00
289  0.0000e+00
290  0.0000e+00
291  0.0000e+00
292  0.0000e+00
293  0.0000e+00
294  0.0000e+00
295  0.0000e+00
296  0.0000e+00
297  0.0000e+00
298  0.0000e+00
299  0.0000e+00
300  0.0000e+00
301  0.0000e+00
302  0.0000e+00
303  0.0000e+00
304  0.0000e+00
305  0.0000e+00
306  0.0000e+00
307  0.0000e+00
308  0.0000e+00
309  0.0000e+00
310  0.0000e+00
311  0.0000e+00
312  0.0000e+00
313  0.0000e+00
314  0.0000e+00
315  0.0000e+00
316  0.0000e+00
317  0.0000e+00
318  0.0000e+00
319  0.0000e+00
320  0.0000e+00
321  0.0000e+00
322  0.0000e+00
323  0.0000e+00
324  0.0000e+00
325  0.0000e+00
326  0.0000e+00
327  0.0000e+00
328  0.0000e+00
329  0.0000e+00
330  0.0000e+00
331  0.0000e+00
332  0.0000e+00
333  0.0000e+00
334  0.0000e+00
335  0.0000e+00
336  0.0000e+00
337  0.0000e+00

