1  3.4835e-10
2  1.3550e-15
3  5.6602e-19
4  1.5928e-01
5  0.0000e+00
6  1.3590e-16
7  3.6529e-19
8  5.8457e-14
9  1.0679e-18
10  1.5659e-17
11  3.8603e-20
12  2.1031e-08
13  1.8144e-14
14  4.7860e-13
15  2.8279e-09
16  8.2036e-10
17  8.2104e-14
18  1.2150e-09
19  1.6866e-09
20  1.2347e-10
21  1.2977e-10
22  2.5550e-10
23  3.1477e-10
24  2.5318e-10
25  6.5738e-10
26  2.9748e-09
27  1.2662e-09
28  4.4960e-09
29  8.1143e-09
30  2.0413e-08
31  2.3050e-09
32  2.9593e-08
33  1.4586e-07
34  1.0621e-07
35  4.1449e-08
36  7.1715e-08
37  2.3827e-07
38  4.9183e-07
39  2.9996e-07
40  3.3380e-07
41  2.1517e-07
42  6.8920e-07
43  1.8709e-07
44  4.4220e-07
45  8.5307e-07
46  2.0735e-06
47  1.4924e-06
48  5.6165e-07
49  2.0206e-06
50  3.1724e-06
51  1.2754e-06
52  7.1285e-08
53  2.0377e-06
54  7.4331e-06
55  4.8155e-07
56  2.3394e-06
57  3.8763e-07
58  6.6366e-08
59  7.3370e-08
60  2.1339e-07
61  5.6155e-07
62  4.4317e-07
63  7.9308e-07
64  8.8266e-08
65  6.5005e-08
66  3.4474e-07
67  2.0921e-07
68  9.4616e-08
69  8.2131e-08
70  2.1101e-07
71  3.8399e-08
72  1.0453e-07
73  5.6692e-07
74  1.7056e-06
75  9.6383e-06
76  1.3073e-05
77  2.6170e-05
78  2.7723e-05
79  8.8366e-06
80  2.1084e-05
81  5.1153e-06
82  1.2865e-05
83  4.0692e-05
84  1.3239e-05
85  8.9148e-06
86  1.7908e-05
87  2.5618e-06
88  1.4778e-05
89  8.7054e-06
90  9.0684e-06
91  6.4932e-06
92  4.7539e-05
93  6.2401e-06
94  6.1917e-06
95  4.6832e-06
96  1.6851e-05
97  1.1413e-05
98  1.9304e-06
99  1.2676e-05
100  4.1347e-05
101  7.6426e-05
102  1.7569e-05
103  1.3886e-05
104  5.1440e-05
105  2.7814e-05
106  3.5714e-05
107  3.8072e-05
108  1.9448e-05
109  1.2759e-05
110  2.9170e-05
111  1.0927e-05
112  3.4877e-05
113  1.3764e-05
114  1.2264e-05
115  7.3692e-06
116  5.8828e-06
117  1.1109e-05
118  8.9811e-06
119  5.5003e-06
120  2.4384e-05
121  2.5429e-05
122  6.3882e-05
123  5.5978e-05
124  2.1443e-04
125  3.0854e-04
126  8.3260e-04
127  3.8657e-04
128  2.3443e-04
129  7.3846e-05
130  6.3209e-06
131  5.4246e-08
132  5.1141e-08
133  5.9979e-08
134  1.7181e-08
135  1.2822e-09
136  2.4987e-10
137  6.0512e-12
138  4.5293e-12
139  1.1342e-10
140  2.4549e-10
141  9.9506e-12
142  3.1533e-11
143  2.9773e-11
144  4.2628e-12
145  3.6699e-13
146  6.9528e-13
147  2.7395e-12
148  7.1576e-12
149  3.0626e-12
150  3.8212e-12
151  2.2276e-12
152  3.6258e-12
153  1.7579e-12
154  1.7859e-12
155  1.0536e-12
156  3.5254e-13
157  3.7515e-13
158  2.9620e-13
159  3.4987e-14
160  8.5877e-14
161  6.2840e-14
162  3.3450e-14
163  1.9406e-14
164  3.2187e-14
165  1.6938e-14
166  2.7509e-14
167  9.1914e-15
168  4.7727e-15
169  5.3101e-15
170  1.0714e-15
171  4.4516e-16
172  2.6282e-16
173  1.1346e-16
174  9.6190e-17
175  2.6468e-17
176  2.0385e-17
177  8.9261e-18
178  2.2192e-18
179  1.5313e-18
180  2.1404e-18
181  2.3150e-18
182  1.4102e-18
183  6.3540e-19
184  4.0502e-19
185  2.0514e-19
186  1.9260e-19
187  9.7364e-20
188  8.8660e-20
189  4.1168e-20
190  3.7024e-20
191  1.1147e-20
192  4.6099e-21
193  1.3003e-21
194  7.6969e-22
195  2.6612e-22
196  9.8036e-23
197  3.3062e-23
198  6.9649e-24
199  1.0147e-24
200  0.0000e+00
201  0.0000e+00
202  0.0000e+00
203  0.0000e+00
204  0.0000e+00
205  0.0000e+00
206  0.0000e+00
207  0.0000e+00
208  0.0000e+00
209  0.0000e+00
210  0.0000e+00
211  0.0000e+00
212  0.0000e+00
213  0.0000e+00
214  0.0000e+00
215  0.0000e+00
216  0.0000e+00
217  0.0000e+00
218  0.0000e+00
219  0.0000e+00
220  0.0000e+00
221  0.0000e+00
222  0.0000e+00
223  0.0000e+00
224  0.0000e+00
225  0.0000e+00
226  0.0000e+00
227  0.0000e+00
228  0.0000e+00
229  0.0000e+00
230  0.0000e+00
231  0.0000e+00
232  0.0000e+00
233  0.0000e+00
234  0.0000e+00
235  0.0000e+00
236  0.0000e+00
237  0.0000e+00
238  0.0000e+00
239  0.0000e+00
240  0.0000e+00
241  0.0000e+00
242  0.0000e+00
243  0.0000e+00
244  0.0000e+00
245  0.0000e+00
246  0.0000e+00
247  0.0000e+00
248  0.0000e+00
249  0.0000e+00
250  0.0000e+00
251  0.0000e+00
252  0.0000e+00
253  0.0000e+00
254  0.0000e+00
255  0.0000e+00
256  0.0000e+00
257  0.0000e+00
258  0.0000e+00
259  0.0000e+00
260  0.0000e+00
261  0.0000e+00
262  0.0000e+00
263  0.0000e+00
264  0.0000e+00
265  0.0000e+00
266  0.0000e+00
267  0.0000e+00
268  0.0000e+00
269  0.0000e+00
270  0.0000e+00
271  0.0000e+00
272  0.0000e+00
273  0.0000e+00
274  0.0000e+00
275  0.0000e+00
276  0.0000e+00
277  0.0000e+00
278  0.0000e+00
279  0.0000e+00
280  0.0000e+00
281  0.0000e+00
282  0.0000e+00
283  0.0000e+00
284  0.0000e+00
285  0.0000e+00
286  0.0000e+00
287  0.0000e+00
288  0.0000e+00
289  0.0000e+00
290  0.0000e+00
291  0.0000e+00
292  0.0000e+00
293  0.0000e+00
294  0.0000e+00
295  0.0000e+00
296  0.0000e+00
297  0.0000e+00
298  0.0000e+00
299  0.0000e+00
300  0.0000e+00
301  0.0000e+00
302  0.0000e+00
303  0.0000e+00
304  0.0000e+00
305  0.0000e+00
306  0.0000e+00
307  0.0000e+00
308  0.0000e+00
309  0.0000e+00
310  0.0000e+00
311  0.0000e+00
312  0.0000e+00
313  0.0000e+00
314  0.0000e+00
315  0.0000e+00
316  0.0000e+00
317  0.0000e+00
318  0.0000e+00
319  0.0000e+00
320  0.0000e+00
321  0.0000e+00
322  0.0000e+00
323  0.0000e+00
324  0.0000e+00
325  0.0000e+00
326  0.0000e+00
327  0.0000e+00
328  0.0000e+00
329  0.0000e+00
330  0.0000e+00
331  0.0000e+00
332  0.0000e+00
333  0.0000e+00
334  0.0000e+00
335  0.0000e+00
336  0.0000e+00
337  0.0000e+00

