1  2.5824e-11
2  1.2760e-01
3  1.9322e-20
4  7.4370e-19
5  3.8098e-20
6  7.7755e-08
7  1.2316e-13
8  3.7187e-09
9  2.7927e-15
10  2.5545e-09
11  2.1637e-13
12  1.8133e-09
13  6.3579e-10
14  2.6697e-09
15  2.3612e-09
16  7.4749e-08
17  6.9391e-09
18  6.7254e-09
19  1.8500e-09
20  5.3186e-07
21  5.4410e-09
22  1.4271e-06
23  2.4561e-07
24  6.1706e-06
25  3.1246e-08
26  2.5301e-06
27  1.3173e-06
28  2.7101e-06
29  1.2849e-06
30  3.6800e-06
31  2.7740e-07
32  1.0853e-05
33  3.6416e-06
34  7.9726e-05
35  1.4889e-05
36  4.6755e-05
37  1.9111e-05
38  5.6431e-06
39  3.7618e-05
40  2.1448e-04
41  1.7932e-05
42  2.4820e-04
43  1.0999e-29
44  1.9614e-03
45  1.9672e-04
46  1.1397e-03
47  2.5694e-04
48  2.5884e-04
49  2.4103e-05
50  6.4377e-05
51  1.2268e-05
52  7.7984e-05
53  2.2444e-05
54  5.4171e-06
55  4.6254e-13
56  1.2012e-14
57  4.0247e-17
58  1.2379e-16
59  1.0751e-16
60  3.4074e-17
61  1.1484e-26
62  2.6105e-18
63  4.9220e-19
64  2.3389e-19
65  9.6649e-22
66  2.9032e-21
67  2.3901e-22
68  4.8068e-22
69  3.6516e-23
70  2.1672e-24
71  0.0000e+00
72  0.0000e+00
73  0.0000e+00
74  0.0000e+00
75  0.0000e+00
76  0.0000e+00
77  0.0000e+00
78  0.0000e+00
79  0.0000e+00
80  0.0000e+00
81  0.0000e+00
82  0.0000e+00
83  0.0000e+00
84  0.0000e+00
85  0.0000e+00
86  0.0000e+00
87  0.0000e+00
88  0.0000e+00
89  0.0000e+00
90  0.0000e+00
91  0.0000e+00
92  0.0000e+00
93  0.0000e+00
94  0.0000e+00
95  0.0000e+00
96  0.0000e+00
97  0.0000e+00
98  0.0000e+00
99  0.0000e+00
100  0.0000e+00
101  0.0000e+00
102  0.0000e+00
103  0.0000e+00
104  0.0000e+00
105  0.0000e+00
106  0.0000e+00
107  0.0000e+00
108  0.0000e+00
109  0.0000e+00
110  0.0000e+00
111  0.0000e+00
112  0.0000e+00
113  0.0000e+00
114  0.0000e+00
115  0.0000e+00
116  0.0000e+00
117  0.0000e+00
118  0.0000e+00

