1  1.8496e-09
2  1.8206e-01
3  9.6943e-11
4  5.9171e-11
5  9.6474e-11
6  2.1826e-08
7  3.1284e-06
8  1.9136e-07
9  5.8483e-07
10  1.0983e-06
11  4.6567e-07
12  3.6068e-07
13  5.1891e-07
14  1.7721e-06
15  1.3333e-07
16  3.7348e-06
17  1.5724e-07
18  1.4168e-06
19  7.1981e-07
20  2.8447e-06
21  2.2783e-07
22  2.5743e-06
23  1.7240e-07
24  7.0604e-07
25  4.6253e-07
26  3.4547e-06
27  1.2262e-07
28  1.3564e-06
29  8.6045e-07
30  1.0118e-06
31  1.5626e-07
32  7.6533e-06
33  6.4600e-06
34  2.7547e-05
35  1.5176e-05
36  8.3330e-06
37  4.5305e-06
38  3.8111e-06
39  7.5968e-07
40  1.1453e-05
41  1.5030e-06
42  9.1179e-06
43  1.0076e-31
44  4.5785e-06
45  6.0173e-07
46  4.3607e-06
47  1.9734e-06
48  1.8860e-06
49  2.7415e-07
50  2.6446e-05
51  4.9681e-06
52  3.3255e-04
53  8.3950e-05
54  1.7640e-04
55  1.8438e-05
56  7.3604e-05
57  9.4629e-06
58  5.2248e-05
59  4.8499e-05
60  1.7309e-04
61  6.9764e-86
62  9.7278e-05
63  5.0039e-05
64  1.2925e-04
65  1.6046e-05
66  8.0945e-05
67  1.5934e-05
68  7.6810e-05
69  1.3711e-05
70  3.7998e-05
71  6.3187e-06
72  3.8002e-05
73  9.8958e-06
74  5.5056e-05
75  1.7829e-05
76  6.3325e-05
77  2.7816e-05
78  2.2712e-05
79  8.0507e-07
80  1.7905e-07
81  1.3111e-07
82  3.3495e-07
83  8.9550e-08
84  1.3363e-12
85  -1.6798e-322
86  1.2876e-13
87  2.4275e-26
88  2.8854e-16
89  9.1540e-19
90  1.2200e-10
91  1.3724e-15
92  5.7139e-11
93  3.0801e-25
94  2.0947e-13
95  6.5500e-24
96  1.3874e-20
97  3.2284e-15
98  3.8734e-315
99  3.0632e-322
100  8.6753e-13
101  1.2737e-313
102  2.8653e-13
103  1.7893e-14
104  3.2351e-15
105  6.5998e-16
106  3.4344e-18
107  7.4749e-21
108  1.0255e-19
109  -2.5590e-319
110  2.7761e-20
111  4.2575e-21
112  0.0000e+00
113  0.0000e+00
114  0.0000e+00
115  0.0000e+00
116  0.0000e+00
117  0.0000e+00
118  0.0000e+00

