1  1.1943e-08
2  2.0346e-01
3  1.4487e-09
4  1.9682e-08
5  1.4350e-07
6  2.6811e-07
7  1.3372e-05
8  3.6720e-07
9  1.2075e-06
10  2.3538e-06
11  1.0309e-06
12  8.7200e-07
13  1.0372e-07
14  3.1320e-07
15  4.1062e-08
16  8.3656e-07
17  2.1140e-08
18  4.2861e-08
19  7.8051e-08
20  2.7703e-07
21  4.7127e-08
22  1.0923e-07
23  1.1170e-08
24  7.3738e-08
25  5.3851e-09
26  2.0257e-07
27  4.0439e-09
28  8.4174e-08
29  2.3902e-07
30  4.1028e-07
31  2.4179e-08
32  1.1840e-06
33  1.2680e-06
34  4.6499e-06
35  1.3074e-06
36  8.8270e-07
37  1.8845e-07
38  1.5156e-07
39  1.0390e-07
40  7.6368e-07
41  1.2264e-07
42  5.5273e-07
43  6.3314e-33
44  2.8384e-07
45  6.9393e-08
46  2.9712e-07
47  1.4960e-07
48  2.3552e-07
49  5.7411e-08
50  1.7359e-06
51  3.1936e-07
52  9.9118e-06
53  3.2693e-06
54  6.7276e-06
55  1.0540e-06
56  1.6232e-06
57  2.7074e-07
58  9.7344e-07
59  6.7203e-07
60  1.6607e-06
61  1.2887e-84
62  1.0488e-06
63  2.5739e-07
64  1.4813e-06
65  1.6335e-08
66  5.9308e-07
67  1.2509e-07
68  1.5613e-06
69  1.0608e-06
70  2.2358e-06
71  2.6925e-07
72  1.6733e-06
73  5.7157e-07
74  1.8913e-06
75  6.5860e-07
76  5.3744e-06
77  3.5261e-06
78  2.4712e-05
79  8.2479e-06
80  4.2846e-06
81  2.9005e-07
82  5.4720e-05
83  3.1037e-05
84  1.2699e-15
85  4.3097e-26
86  3.5058e-17
87  1.2586e-20
88  5.2093e-11
89  4.7464e-13
90  2.0455e-05
91  7.1159e-10
92  3.0390e-05
93  2.7755e-19
94  1.8874e-07
95  2.1735e-17
96  4.5917e-14
97  3.2633e-09
98  -6.4139e-314
99  9.4861e-322
100  2.7018e-05
101  -5.0750e-313
102  8.3667e-05
103  2.4579e-05
104  1.2914e-04
105  7.2074e-05
106  5.4673e-05
107  1.8469e-06
108  2.7473e-05
109  -2.3421e-319
110  2.5785e-05
111  6.4815e-05
112  0.0000e+00
113  0.0000e+00
114  0.0000e+00
115  0.0000e+00
116  0.0000e+00
117  0.0000e+00
118  0.0000e+00

