    1      2  5.3584e-10  1.0717e-09
    2      3  8.0923e-12  2.4277e-11
    3      6  1.4696e-12  8.8178e-12
    3      7  1.5332e-11  1.0732e-10
    4      8  1.0365e-12  8.2918e-12
    4      9  1.1062e-16  9.9561e-16
    5     10  3.8402e-12  3.8402e-11
    5     11  1.6087e-11  1.7696e-10
    6     12  3.3358e-09  4.0029e-08
    6     13  2.8076e-11  3.6499e-10
    7     14  1.9028e-07  2.6639e-06
    7     15  3.5496e-08  5.3244e-07
    8     16  2.0212e-09  3.2340e-08
    8     17  1.2192e-10  2.0726e-09
    8     18  5.3192e-08  9.5745e-07
    9     19  3.6153e-08  6.8691e-07
   10     20  4.6101e-08  9.2203e-07
   10     21  4.0075e-08  8.4158e-07
   10     22  9.4398e-09  2.0768e-07
   11     23  1.8583e-08  4.2740e-07
   12     24  3.4574e-08  8.2978e-07
   12     25  5.3478e-08  1.3370e-06
   12     26  8.6295e-07  2.2437e-05
   13     26  4.4630e-16  1.1604e-14
   13     27  6.5768e-08  1.7757e-06
   14     28  1.9440e-07  5.4433e-06
   14     29  3.9374e-08  1.1418e-06
   14     30  2.0741e-08  6.2223e-07
   15     31  2.9558e-08  9.1630e-07
   16     32  5.8174e-08  1.8616e-06
   16     33  9.5737e-07  3.1593e-05
   16     34  7.4386e-07  2.5291e-05
   16     36  1.8782e-08  6.7614e-07
   17     35  1.1008e-08  3.8527e-07
   17     37  1.4061e-07  5.2024e-06
   18     36  6.0755e-19  2.1872e-17
   18     38  2.7486e-07  1.0445e-05
   18     40  5.9641e-07  2.3856e-05
   19     39  3.7516e-07  1.4631e-05
   19     41  9.1504e-08  3.7517e-06
   20     42  1.0097e-06  4.2405e-05
   20     43  5.2719e-07  2.2669e-05
   20     44  3.4154e-07  1.5028e-05
   20     46  1.4371e-06  6.6105e-05
   21     45  1.2735e-06  5.7306e-05
   22     46  7.6700e-19  3.5282e-17
   22     47  6.8540e-07  3.2214e-05
   22     48  7.9355e-07  3.8091e-05
   22     49  3.6211e-07  1.7744e-05
   22     50  5.3291e-07  2.6646e-05
   23     51  3.5573e-07  1.8142e-05
   24     52  1.3170e-07  6.8482e-06
   24     53  2.2372e-07  1.1857e-05
   24     54  4.8839e-07  2.6373e-05
   25     55  2.7012e-07  1.4857e-05
   26     56  2.1875e-06  1.2250e-04
   26     57  4.8942e-06  2.7897e-04
   26     58  9.8455e-08  5.7104e-06
   27     59  1.1793e-07  6.9578e-06
   28     60  1.6912e-07  1.0147e-05
   28     61  1.9115e-07  1.1660e-05
   28     62  1.3657e-07  8.4675e-06
   28     64  9.0490e-08  5.7914e-06
   29     63  1.3107e-06  8.2571e-05
   29     65  8.0940e-08  5.2611e-06
   30     64  3.1904e-19  2.0419e-17
   30     66  2.3618e-07  1.5588e-05
   30     67  1.9143e-07  1.2826e-05
   30     68  5.4337e-08  3.6949e-06
   30     70  2.5316e-07  1.7722e-05
   31     69  5.6242e-08  3.8807e-06
   31     71  7.0374e-08  4.9966e-06
   32     70  2.7741e-15  1.9419e-13
   32     72  3.2074e-07  2.3093e-05
   32     73  3.6135e-07  2.6378e-05
   32     74  1.9368e-06  1.4332e-04
   32     76  6.3422e-06  4.8201e-04
   33     75  6.9250e-06  5.1937e-04
   34     76  2.3884e-12  1.8152e-10
   34     77  8.7653e-06  6.7493e-04
   34     78  1.4937e-05  1.1651e-03
   34     80  2.5530e-05  2.0424e-03
   34     82  1.7195e-06  1.4100e-04
   35     79  2.2752e-05  1.7974e-03
   35     81  5.4679e-06  4.4290e-04
   36     82  1.8359e-12  1.5054e-10
   36     83  4.6813e-06  3.8854e-04
   36     84  6.4723e-06  5.4368e-04
   36     86  4.9340e-06  4.2432e-04
   37     85  4.4370e-06  3.7715e-04
   37     87  4.2400e-06  3.6888e-04
   38     86  4.3965e-19  3.7810e-17
   38     87  3.1047e-08  2.7011e-06
   38     88  1.0551e-05  9.2852e-04
   39     89  7.6537e-06  6.8118e-04
   40     90  8.5472e-06  7.6925e-04
   40     91  3.6144e-06  3.2891e-04
   40     92  1.4557e-05  1.3393e-03
   40     94  3.9485e-06  3.7116e-04
   41     93  2.5840e-06  2.4032e-04
   42     95  2.7913e-06  2.6517e-04
   42     96  2.5804e-06  2.4772e-04
   42     97  3.3559e-06  3.2552e-04
   42     98  2.7801e-06  2.7245e-04
   42    100  3.3050e-06  3.3050e-04
   44     99  3.2345e-06  3.2021e-04
   44    100  2.9358e-12  2.9358e-10
   44    101  3.5238e-06  3.5590e-04
   44    102  2.4891e-06  2.5388e-04
   44    104  1.9161e-06  1.9927e-04
   45    103  2.5236e-06  2.5993e-04
   46    104  2.1509e-17  2.2369e-15
   46    105  1.3910e-06  1.4606e-04
   46    106  2.0567e-06  2.1801e-04
   46    108  1.7234e-06  1.8613e-04
   46    110  2.7504e-06  3.0254e-04
   47    107  1.3870e-06  1.4841e-04
   47    109  2.0276e-06  2.2101e-04
   48    110  2.2732e-13  2.5005e-11
   48    111  5.0177e-07  5.5697e-05
   48    112  1.3103e-06  1.4675e-04
   48    113  5.3799e-07  6.0792e-05
   48    114  4.7536e-07  5.4191e-05
   48    116  1.9364e-07  2.2462e-05
   49    113  2.3677e-14  2.6755e-12
   49    115  4.7989e-07  5.5187e-05
   50    115  3.8288e-13  4.4032e-11
   50    116  2.9179e-13  3.3847e-11
   50    117  5.3642e-07  6.2761e-05
   50    118  5.2568e-07  6.2030e-05
   50    119  4.2625e-07  5.0724e-05
   50    120  2.4717e-06  2.9660e-04
   50    122  4.4012e-06  5.3695e-04
   50    124  4.8837e-05  6.0558e-03
   51    121  1.9960e-06  2.4151e-04
   51    123  5.2018e-06  6.3982e-04
   52    122  1.9247e-13  2.3481e-11
   52    124  6.4305e-15  7.9738e-13
   52    125  1.6004e-04  2.0005e-02
   52    126  6.4786e-04  8.1631e-02
   52    128  4.2028e-04  5.3796e-02
   52    130  8.3357e-05  1.0836e-02
   53    127  4.7626e-04  6.0486e-02
   53    129  6.3585e-13  8.2025e-11
   54    128  5.2056e-14  6.6632e-12
   54    129  4.0628e-04  5.2410e-02
   54    130  2.5774e-12  3.3506e-10
   54    131  4.4136e-06  5.7818e-04
   54    132  1.6738e-05  2.2095e-03
   54    134  2.4333e-05  3.2606e-03
   54    136  1.1067e-05  1.5051e-03
   55    133  3.7897e-05  5.0404e-03
   56    134  9.6267e-17  1.2900e-14
   56    135  1.3368e-05  1.8047e-03
   56    136  5.4055e-14  7.3515e-12
   56    137  2.2923e-06  3.1405e-04
   56    138  4.0591e-06  5.6016e-04
   57    139  5.5211e-06  7.6744e-04
   58    140  1.2538e-05  1.7553e-03
   58    142  4.5340e-06  6.4383e-04
   59    141  1.2085e-05  1.7040e-03
   60    142  5.2271e-17  7.4225e-15
   60    143  1.7289e-06  2.4723e-04
   60    144  1.1663e-06  1.6794e-04
   60    145  7.6116e-07  1.1037e-04
   60    146  1.9828e-06  2.8949e-04
   60    148  2.0977e-06  3.1046e-04
   60    150  1.1017e-06  1.6525e-04
   62    147  2.3854e-06  3.5066e-04
   62    148  1.7461e-12  2.5842e-10
   62    149  9.5977e-07  1.4301e-04
   62    150  6.3319e-12  9.4979e-10
   62    152  1.3113e-06  1.9932e-04
   62    154  9.6914e-07  1.4925e-04
   63    151  4.6581e-07  7.0337e-05
   63    153  7.2918e-07  1.1156e-04
   64    154  4.5394e-14  6.9906e-12
   64    155  1.4946e-06  2.3166e-04
   64    156  2.9916e-07  4.6669e-05
   64    157  7.5135e-07  1.1796e-04
   64    158  9.3758e-07  1.4814e-04
   64    160  2.0935e-07  3.3496e-05
   65    159  1.9472e-08  3.0960e-06
   66    160  7.6323e-16  1.2212e-13
   66    161  3.2958e-07  5.3062e-05
   66    162  1.7362e-07  2.8127e-05
   66    163  1.5453e-07  2.5188e-05
   66    164  2.4750e-07  4.0591e-05
   67    165  1.4360e-07  2.3694e-05
   68    166  4.2500e-07  7.0550e-05
   68    167  3.1597e-07  5.2767e-05
   68    168  1.7063e-07  2.8666e-05
   68    170  1.2566e-07  2.1363e-05
   69    169  5.0584e-07  8.5486e-05
   70    170  7.0325e-16  1.1955e-13
   70    171  1.0925e-07  1.8682e-05
   70    172  6.5251e-08  1.1223e-05
   70    173  3.7230e-08  6.4408e-06
   70    174  7.6192e-08  1.3257e-05
   70    176  3.2856e-08  5.7827e-06
   71    175  2.1681e-08  3.7942e-06
   71    176  7.6677e-18  1.3495e-15
   72    176  7.1791e-20  1.2635e-17
   72    177  5.1814e-08  9.1711e-06
   72    178  1.5156e-08  2.6977e-06
   72    179  9.0817e-09  1.6256e-06
   72    180  1.3414e-08  2.4146e-06
   73    181  1.9210e-08  3.4769e-06
   74    182  1.6377e-08  2.9807e-06
   74    183  1.0514e-08  1.9242e-06
   74    184  9.9852e-09  1.8373e-06
   74    186  4.9613e-09  9.2281e-07
   75    185  5.9413e-09  1.0991e-06
   75    187  3.7381e-09  6.9903e-07
   76    186  1.2937e-20  2.4064e-18
   76    187  3.0381e-11  5.6812e-09
   76    188  4.3647e-09  8.2056e-07
   76    189  2.4194e-09  4.5726e-07
   76    190  5.5143e-09  1.0477e-06
   76    192  2.3022e-09  4.4203e-07
   77    191  3.4293e-09  6.5500e-07
   77    193  6.4743e-10  1.2495e-07
   78    192  4.0107e-19  7.7005e-17
   78    194  8.6406e-10  1.6763e-07
   78    195  5.6235e-10  1.0966e-07
   78    196  4.0992e-10  8.0344e-08
   78    198  5.8141e-11  1.1512e-08
   79    197  1.9748e-10  3.8903e-08
   80    198  1.7335e-20  3.4324e-18
   80    199  1.1113e-11  2.2114e-09
   80    200  5.4826e-12  1.0965e-09
   80    201  6.9973e-13  1.4064e-10
   80    202  1.6918e-13  3.4174e-11
   80    204  6.0999e-15  1.2444e-12
   81    203  1.8309e-14  3.7166e-12
   81    205  3.8087e-15  7.8079e-13
   82    206  8.4539e-15  1.7415e-12
   82    207  6.8710e-15  1.4223e-12
   82    208  7.4230e-15  1.5440e-12
   83    209  4.9009e-15  1.0243e-12
   90    232  2.8997e-19  6.7273e-17
   92    235  2.7671e-20  6.5027e-18
    1      1  1.5221e-09  1.5221e-09
    2      4  1.6738e-01  6.6951e-01


