    1      2  3.2196e-16  6.4392e-16
    6     12  4.8040e-07  5.7648e-06
    6     13  1.1258e-12  1.4635e-11
    7     14  1.3309e-17  1.8633e-16
    7     15  2.0435e-20  3.0652e-19
    8     16  1.2395e-09  1.9833e-08
    8     17  5.5322e-18  9.4048e-17
    8     18  1.6372e-20  2.9470e-19
   10     20  9.8285e-10  1.9657e-08
   10     21  4.3211e-16  9.0743e-15
   10     22  1.4128e-19  3.1083e-18
   11     23  1.1849e-13  2.7254e-12
   12     24  1.0159e-09  2.4380e-08
   12     25  2.9139e-14  7.2848e-13
   12     26  2.2461e-12  5.8400e-11
   13     26  1.9637e-14  5.1056e-13
   13     27  1.6988e-10  4.5868e-09
   14     28  2.8977e-09  8.1135e-08
   14     29  3.8794e-11  1.1250e-09
   14     30  2.1629e-09  6.4888e-08
   15     31  5.1579e-10  1.5989e-08
   16     32  3.3156e-09  1.0610e-07
   16     33  1.8540e-10  6.1182e-09
   16     34  1.2961e-08  4.4066e-07
   16     36  2.6975e-09  9.7109e-08
   17     35  1.1410e-09  3.9934e-08
   17     37  3.9680e-10  1.4682e-08
   18     36  3.9027e-10  1.4050e-08
   18     38  1.6665e-08  6.3328e-07
   18     40  6.7492e-09  2.6997e-07
   19     39  4.1578e-09  1.6215e-07
   19     40  4.4665e-12  1.7866e-10
   19     41  9.6885e-10  3.9723e-08
   20     40  2.7767e-12  1.1107e-10
   20     42  2.5966e-09  1.0906e-07
   20     43  1.8953e-09  8.1497e-08
   20     44  1.4777e-08  6.5021e-07
   20     46  9.6118e-09  4.4214e-07
   21     45  1.7698e-09  7.9640e-08
   22     46  9.7191e-12  4.4708e-10
   22     47  5.3912e-09  2.5338e-07
   22     48  9.2824e-08  4.4555e-06
   22     49  9.2199e-09  4.5177e-07
   22     50  4.1145e-08  2.0572e-06
   23     51  1.3986e-08  7.1328e-07
   24     50  5.4923e-15  2.7461e-13
   24     52  1.4897e-08  7.7466e-07
   24     53  5.9699e-09  3.1640e-07
   24     54  3.3288e-07  1.7976e-05
   25     55  2.1571e-08  1.1864e-06
   26     54  4.9743e-19  2.6861e-17
   26     56  2.4089e-09  1.3490e-07
   26     57  1.2684e-09  7.2296e-08
   26     58  3.6268e-07  2.1035e-05
   27     59  4.8156e-10  2.8412e-08
   28     60  4.4184e-09  2.6511e-07
   28     61  2.3591e-08  1.4391e-06
   28     62  2.5026e-08  1.5516e-06
   28     64  5.7811e-07  3.6999e-05
   29     63  7.3347e-09  4.6209e-07
   29     65  1.6020e-09  1.0413e-07
   30     64  5.6357e-18  3.6068e-16
   30     66  7.1342e-08  4.7086e-06
   30     67  6.5027e-08  4.3568e-06
   30     68  2.4201e-07  1.6457e-05
   30     70  8.9224e-07  6.2457e-05
   31     69  2.6782e-09  1.8479e-07
   31     71  2.3750e-09  1.6863e-07
   32     70  1.5672e-15  1.0970e-13
   32     72  7.5524e-08  5.4377e-06
   32     73  5.0447e-08  3.6826e-06
   32     74  1.0631e-08  7.8666e-07
   32     76  1.7959e-06  1.3649e-04
   33     75  4.6224e-08  3.4668e-06
   34     76  6.4582e-14  4.9082e-12
   34     77  6.9197e-09  5.3282e-07
   34     78  2.7834e-07  2.1711e-05
   34     80  6.4211e-07  5.1369e-05
   34     82  3.9737e-06  3.2585e-04
   35     79  1.8283e-07  1.4443e-05
   35     81  2.6637e-08  2.1576e-06
   36     82  2.4523e-13  2.0109e-11
   36     83  2.7018e-06  2.2425e-04
   36     84  5.7083e-04  4.7950e-02
   36     86  2.6629e-05  2.2901e-03
   37     85  1.8879e-04  1.6047e-02
   37     87  8.5770e-05  7.4619e-03
   38     86  1.2478e-11  1.0731e-09
   38     87  6.2794e-07  5.4631e-05
   38     88  2.7389e-03  2.4103e-01
   39     89  1.0006e-04  8.9049e-03
   40     90  8.4551e-04  7.6096e-02
   40     91  6.7830e-04  6.1726e-02
   40     92  1.6100e-04  1.4812e-02
   40     94  2.3663e-03  2.2243e-01
   41     93  6.2000e-05  5.7660e-03
   42     94  4.2989e-19  4.0409e-17
   42     95  1.4577e-04  1.3848e-02
   42     96  3.6084e-05  3.4641e-03
   42     97  1.3324e-05  1.2924e-03
   42     98  1.2755e-04  1.2499e-02
   42    100  4.6546e-05  4.6546e-03
   44     98  4.7711e-20  4.6757e-18
   44     99  2.8751e-07  2.8463e-05
   44    100  5.8646e-14  5.8646e-12
   44    101  7.8486e-07  7.9271e-05
   44    102  1.3211e-05  1.3475e-03
   44    104  2.2008e-06  2.2888e-04
   45    103  1.2252e-05  1.2620e-03
   46    104  6.2084e-14  6.4567e-12
   46    105  3.7625e-07  3.9506e-05
   46    106  1.2320e-05  1.3059e-03
   46    107  1.1640e-20  1.2455e-18
   46    108  1.0480e-07  1.1318e-05
   46    110  1.8565e-07  2.0421e-05
   47    107  1.8715e-07  2.0026e-05
   47    109  6.3670e-07  6.9400e-05
   48    110  4.0053e-13  4.4058e-11
   48    111  1.0987e-08  1.2196e-06
   48    112  2.5309e-07  2.8346e-05
   48    113  3.9324e-08  4.4436e-06
   48    114  1.7841e-09  2.0339e-07
   48    116  3.7979e-09  4.4055e-07
   49    113  1.7307e-15  1.9556e-13
   49    115  4.7122e-08  5.4190e-06
   50    115  3.7596e-14  4.3236e-12
   50    116  5.3708e-16  6.2301e-14
   50    117  5.8864e-10  6.8871e-08
   50    118  5.1503e-09  6.0773e-07
   50    119  1.2326e-10  1.4668e-08
   50    120  2.1017e-10  2.5220e-08
   50    122  1.1721e-11  1.4299e-09
   50    124  4.6185e-11  5.7270e-09
   51    121  5.9486e-10  7.1978e-08
   51    123  9.1299e-11  1.1230e-08
   52    122  2.0065e-16  2.4480e-14
   52    124  2.5912e-19  3.2131e-17
   52    125  1.5385e-11  1.9231e-09
   52    126  5.5594e-11  7.0048e-09
   52    128  4.2300e-12  5.4144e-10
   52    130  3.2335e-13  4.2036e-11
   53    127  9.0807e-13  1.1533e-10
   53    129  7.2870e-19  9.4002e-17
   54    129  6.1172e-12  7.8912e-10
   54    130  5.2393e-20  6.8111e-18
   54    131  1.2566e-12  1.6461e-10
   54    132  6.1494e-13  8.1172e-11
   54    134  1.3632e-15  1.8267e-13
   54    136  4.2291e-20  5.7515e-18
   55    133  2.2692e-14  3.0180e-12
   56    135  1.0512e-17  1.4191e-15
    1      1  4.3456e-09  4.3456e-09
    2      4  6.3561e-02  2.5424e-01


