1  1.5863e-09
2  2.7411e-09
3  1.5736e-10
4  2.1275e-01
5  0.0000e+00
6  7.4407e-12
7  2.4987e-10
8  1.2272e-10
9  2.3308e-11
10  2.6736e-11
11  2.2072e-10
12  2.2925e-09
13  4.3087e-08
14  5.8291e-07
15  2.7855e-06
16  1.4695e-07
17  2.0402e-09
18  1.8240e-08
19  5.5151e-07
20  7.6511e-07
21  3.9138e-07
22  4.7867e-09
23  6.3015e-07
24  1.9825e-07
25  2.0445e-07
26  2.1803e-08
27  3.9606e-07
28  1.1473e-06
29  1.5689e-07
30  7.5067e-08
31  1.1190e-07
32  1.6321e-07
33  1.6548e-06
34  1.2713e-06
35  2.0862e-08
36  2.6889e-08
37  8.9006e-08
38  2.0366e-07
39  2.9600e-07
40  4.9923e-07
41  3.4046e-08
42  1.0054e-06
43  5.0233e-07
44  6.6318e-08
45  1.4915e-07
46  1.2966e-07
47  1.8109e-07
48  4.0410e-07
49  4.2642e-07
50  4.3631e-07
51  5.5821e-08
52  2.2755e-07
53  1.6642e-07
54  9.7148e-08
55  1.3226e-07
56  3.4210e-07
57  4.3034e-07
58  2.2867e-08
59  2.4999e-08
60  6.0002e-08
61  9.9514e-08
62  1.2594e-07
63  5.9474e-07
64  4.0785e-07
65  2.8636e-07
66  7.8596e-07
67  2.6509e-07
68  4.3165e-07
69  4.7185e-07
70  1.0504e-06
71  1.5658e-07
72  4.2113e-07
73  2.7179e-07
74  6.5031e-07
75  1.4927e-07
76  1.7660e-07
77  5.0189e-07
78  1.2999e-06
79  2.0678e-06
80  7.0343e-06
81  3.8581e-06
82  1.6844e-06
83  1.9207e-06
84  7.4109e-07
85  5.5279e-07
86  1.3986e-06
87  1.3339e-06
88  9.2441e-07
89  3.1058e-07
90  5.4467e-07
91  2.3342e-07
92  1.9079e-06
93  8.8251e-07
94  2.1536e-06
95  1.0950e-06
96  9.0762e-07
97  4.5257e-07
98  4.0896e-07
99  5.1621e-07
100  5.7400e-07
101  6.6077e-07
102  3.4755e-07
103  3.8774e-07
104  4.3034e-07
105  3.7735e-07
106  5.6669e-07
107  3.8832e-07
108  5.8330e-07
109  1.0187e-06
110  1.4703e-06
111  2.4059e-07
112  6.0956e-07
113  3.1450e-07
114  2.8083e-07
115  1.7390e-07
116  5.4221e-08
117  7.5538e-08
118  1.1134e-07
119  1.1878e-07
120  4.3685e-07
121  3.7379e-07
122  7.5851e-07
123  9.7540e-07
124  4.3660e-06
125  6.2626e-06
126  1.2882e-05
127  1.5225e-05
128  1.9923e-05
129  1.2561e-05
130  6.3425e-06
131  2.8668e-06
132  3.0952e-06
133  3.9232e-06
134  5.6878e-06
135  5.8411e-06
136  7.6119e-06
137  3.4546e-06
138  2.1310e-06
139  3.0207e-06
140  7.3724e-06
141  4.1931e-06
142  9.5832e-07
143  4.5997e-07
144  8.3170e-07
145  9.0919e-07
146  1.4331e-06
147  1.6044e-06
148  3.5548e-06
149  2.2732e-06
150  2.2389e-06
151  2.3176e-06
152  2.9293e-06
153  2.0102e-06
154  2.9103e-06
155  1.5416e-06
156  4.7004e-06
157  3.2364e-06
158  6.2176e-06
159  2.9749e-06
160  4.1988e-06
161  2.4408e-06
162  5.4672e-06
163  3.2699e-06
164  7.9626e-06
165  4.5572e-06
166  9.1864e-06
167  4.0284e-06
168  9.7182e-06
169  7.1001e-06
170  6.2540e-06
171  5.1893e-06
172  5.8272e-06
173  7.2072e-06
174  8.2788e-06
175  5.8276e-06
176  5.4670e-06
177  5.4199e-06
178  3.2348e-06
179  2.3350e-06
180  2.8686e-06
181  2.9477e-06
182  6.0546e-06
183  4.3405e-06
184  1.7321e-05
185  9.3962e-06
186  4.4188e-05
187  3.1378e-05
188  4.8898e-05
189  4.3326e-05
190  5.3806e-05
191  3.5872e-05
192  5.8228e-05
193  4.8762e-05
194  6.2453e-05
195  3.5228e-05
196  1.5515e-05
197  4.7514e-06
198  1.2461e-06
199  3.3320e-07
200  1.6644e-07
201  1.4448e-07
202  1.7690e-07
203  1.8202e-07
204  1.9727e-07
205  1.1973e-07
206  1.3549e-06
207  1.0392e-06
208  1.3311e-06
209  1.0904e-06
210  2.0117e-14
211  5.4841e-20
212  9.3702e-20
213  3.0980e-44
214  1.0536e-20
215  5.0414e-26
216  1.0857e-25
217  7.4864e-98
218  1.8107e-22
219  2.1242e-23
220  4.1630e-23
221  7.9386e-320
222  3.2142e-19
223  5.2942e-18
224  2.3511e-19
225  1.8561e-40
226  4.9183e-14
227  3.6901e-15
228  7.5609e-13
229  6.9235e-30
230  2.3180e-12
231  5.5195e-12
232  3.3094e-07
233  2.4760e-27
234  7.5479e-12
235  1.1896e-07
236  5.9756e-10
237  -1.7525e-318
238  1.3731e-07
239  3.5043e-19
240  1.1828e-13
241  0.0000e+00
242  7.0739e-126
243  1.0713e-19
244  1.4398e-09
245  0.0000e+00
246  2.5087e-11
247  2.2610e-16
248  6.5889e-125
249  0.0000e+00
250  0.0000e+00
251  -8.5544e-314
252  0.0000e+00
253  0.0000e+00
254  0.0000e+00
255  0.0000e+00
256  0.0000e+00
257  3.7879e-26
258  2.2184e-08
259  2.6400e-26
260  1.2498e-08
261  1.0742e-08
262  1.1304e-08
263  8.2429e-09
264  7.5341e-09
265  5.9199e-09
266  6.0371e-09
267  4.0819e-09
268  2.7413e-09
269  4.9539e-09
270  2.2979e-09
271  1.3078e-09
272  8.5049e-10
273  4.6812e-10
274  3.3293e-10
275  1.1390e-10
276  8.5499e-11
277  1.3463e-11
278  9.3110e-12
279  1.3643e-12
280  2.1717e-13
281  2.7721e-14
282  4.9540e-15
283  1.1306e-16
284  4.3259e-17
285  3.4155e-17
286  8.0885e-17
287  1.5126e-16
288  7.6385e-17
289  3.7725e-17
290  1.1454e-16
291  6.8493e-18
292  3.8860e-16
293  7.6204e-17
294  2.2639e-16
295  1.2516e-16
296  7.4274e-17
297  2.2249e-17
298  4.5653e-17
299  6.1973e-24
300  2.2438e-18
301  1.3877e-16
302  1.2072e-17
303  5.0003e-17
304  5.0718e-17
305  7.6775e-17
306  5.8361e-17
307  1.3830e-17
308  5.2350e-18
309  1.9719e-17
310  1.0512e-17
311  6.5888e-18
312  3.0904e-18
313  2.7004e-18
314  2.5061e-18
315  2.2357e-18
316  1.2879e-18
317  2.1124e-18
318  8.4760e-19
319  2.0958e-18
320  8.4483e-19
321  1.1489e-19
322  2.9179e-19
323  1.4755e-19
324  8.8587e-20
325  4.7066e-20
326  3.0995e-20
327  2.5925e-20
328  9.1254e-23
329  4.6655e-21
330  2.9973e-23
331  5.5053e-22
332  4.9512e-23
333  1.7053e-22
334  1.4499e-27
335  4.2063e-24
336  5.3057e-28
337  3.2342e-23

