1  2.4102e-09
2  2.0084e-14
3  3.8405e-18
4  1.9460e-01
5  0.0000e+00
6  5.1596e-16
7  5.0900e-18
8  9.4018e-14
9  1.3726e-18
10  1.4465e-16
11  8.3846e-19
12  1.1931e-08
13  7.5399e-14
14  2.1089e-09
15  3.2286e-09
16  4.9422e-10
17  7.4194e-12
18  3.7065e-09
19  3.6277e-09
20  3.0009e-10
21  1.3390e-08
22  4.7749e-09
23  1.0638e-08
24  5.6584e-09
25  1.6308e-08
26  1.6109e-07
27  2.5180e-09
28  5.1943e-09
29  5.0397e-08
30  3.0241e-08
31  7.6444e-09
32  4.6895e-08
33  5.1685e-07
34  4.0208e-07
35  1.7342e-08
36  4.3375e-08
37  2.8513e-07
38  4.0974e-07
39  3.4952e-07
40  5.4064e-07
41  1.0238e-07
42  8.9749e-07
43  1.8119e-07
44  2.3806e-07
45  9.7589e-07
46  1.7157e-06
47  9.1392e-07
48  2.6321e-07
49  1.1424e-06
50  1.6618e-06
51  3.4845e-07
52  9.2796e-08
53  1.6577e-06
54  6.6637e-06
55  4.2670e-07
56  2.0846e-06
57  3.7140e-07
58  1.4957e-09
59  7.7873e-10
60  6.4133e-09
61  2.8065e-08
62  3.1892e-07
63  1.7431e-06
64  1.1086e-07
65  9.8652e-08
66  6.8982e-07
67  3.7219e-07
68  5.5502e-07
69  1.3399e-06
70  2.4545e-06
71  3.2091e-07
72  9.7818e-07
73  7.9193e-06
74  9.9049e-06
75  1.5034e-06
76  2.7433e-06
77  1.3021e-05
78  1.8727e-05
79  4.6924e-06
80  1.8791e-05
81  1.0960e-05
82  1.1354e-05
83  2.9427e-06
84  1.1434e-05
85  5.3127e-06
86  2.0743e-06
87  5.8275e-06
88  1.2500e-05
89  2.7052e-06
90  2.1871e-06
91  1.5990e-06
92  1.5515e-05
93  1.9315e-06
94  5.0148e-06
95  6.6660e-06
96  1.0940e-05
97  6.2421e-06
98  4.3626e-06
99  3.0769e-06
100  9.4446e-06
101  2.1584e-05
102  5.7065e-06
103  2.6539e-06
104  7.2500e-06
105  3.0253e-06
106  6.2203e-06
107  1.0363e-05
108  8.1798e-06
109  5.3443e-06
110  6.1438e-06
111  1.7232e-06
112  4.8750e-06
113  2.4031e-06
114  2.3335e-06
115  1.7381e-06
116  2.0530e-06
117  4.0033e-06
118  6.1842e-06
119  4.7800e-06
120  2.0557e-05
121  1.9969e-05
122  6.3407e-05
123  3.6703e-05
124  6.3287e-05
125  1.3649e-04
126  4.2939e-04
127  3.2361e-04
128  2.9990e-04
129  9.6794e-05
130  1.7605e-05
131  2.4723e-07
132  1.5351e-07
133  3.5025e-07
134  5.4067e-08
135  2.7512e-08
136  4.9205e-08
137  5.8162e-08
138  2.0834e-08
139  2.3484e-09
140  1.3908e-09
141  2.2865e-10
142  9.0944e-11
143  2.4456e-10
144  1.2112e-09
145  9.0028e-10
146  4.1719e-10
147  2.3429e-10
148  1.6070e-10
149  1.2129e-10
150  1.7548e-10
151  1.2395e-10
152  3.7073e-10
153  2.2930e-10
154  3.5169e-10
155  3.0563e-10
156  6.9929e-11
157  9.0959e-11
158  1.0021e-10
159  1.0358e-11
160  3.5682e-11
161  3.1949e-11
162  1.7118e-11
163  1.1159e-11
164  2.0284e-11
165  1.1711e-11
166  2.6089e-11
167  1.2031e-11
168  7.0539e-12
169  1.1515e-11
170  2.7295e-12
171  1.6005e-12
172  1.0515e-12
173  6.3480e-13
174  8.7359e-13
175  3.3118e-13
176  3.5337e-13
177  2.2363e-13
178  4.4191e-14
179  1.7304e-14
180  1.7503e-14
181  2.0956e-14
182  2.1247e-14
183  1.5178e-14
184  2.6962e-14
185  1.0231e-14
186  2.6670e-14
187  1.6932e-14
188  3.5217e-14
189  1.2431e-14
190  1.9353e-14
191  1.1363e-14
192  5.3003e-15
193  1.9775e-15
194  1.3050e-15
195  3.0584e-16
196  9.5192e-17
197  2.4603e-17
198  6.2935e-18
199  1.1430e-18
200  3.5523e-19
201  1.4093e-20
202  1.2081e-21
203  3.0698e-23
204  6.8063e-25
205  0.0000e+00
206  0.0000e+00
207  0.0000e+00
208  0.0000e+00
209  0.0000e+00
210  0.0000e+00
211  0.0000e+00
212  0.0000e+00
213  0.0000e+00
214  0.0000e+00
215  0.0000e+00
216  0.0000e+00
217  0.0000e+00
218  0.0000e+00
219  0.0000e+00
220  0.0000e+00
221  0.0000e+00
222  0.0000e+00
223  0.0000e+00
224  0.0000e+00
225  0.0000e+00
226  0.0000e+00
227  0.0000e+00
228  0.0000e+00
229  0.0000e+00
230  0.0000e+00
231  0.0000e+00
232  0.0000e+00
233  0.0000e+00
234  0.0000e+00
235  0.0000e+00
236  0.0000e+00
237  0.0000e+00
238  0.0000e+00
239  0.0000e+00
240  0.0000e+00
241  0.0000e+00
242  0.0000e+00
243  0.0000e+00
244  0.0000e+00
245  0.0000e+00
246  0.0000e+00
247  0.0000e+00
248  0.0000e+00
249  0.0000e+00
250  0.0000e+00
251  0.0000e+00
252  0.0000e+00
253  0.0000e+00
254  0.0000e+00
255  0.0000e+00
256  0.0000e+00
257  0.0000e+00
258  0.0000e+00
259  0.0000e+00
260  0.0000e+00
261  0.0000e+00
262  0.0000e+00
263  0.0000e+00
264  0.0000e+00
265  0.0000e+00
266  0.0000e+00
267  0.0000e+00
268  0.0000e+00
269  0.0000e+00
270  0.0000e+00
271  0.0000e+00
272  0.0000e+00
273  0.0000e+00
274  0.0000e+00
275  0.0000e+00
276  0.0000e+00
277  0.0000e+00
278  0.0000e+00
279  0.0000e+00
280  0.0000e+00
281  0.0000e+00
282  0.0000e+00
283  0.0000e+00
284  0.0000e+00
285  0.0000e+00
286  0.0000e+00
287  0.0000e+00
288  0.0000e+00
289  0.0000e+00
290  0.0000e+00
291  0.0000e+00
292  0.0000e+00
293  0.0000e+00
294  0.0000e+00
295  0.0000e+00
296  0.0000e+00
297  0.0000e+00
298  0.0000e+00
299  0.0000e+00
300  0.0000e+00
301  0.0000e+00
302  0.0000e+00
303  0.0000e+00
304  0.0000e+00
305  0.0000e+00
306  0.0000e+00
307  0.0000e+00
308  0.0000e+00
309  0.0000e+00
310  0.0000e+00
311  0.0000e+00
312  0.0000e+00
313  0.0000e+00
314  0.0000e+00
315  0.0000e+00
316  0.0000e+00
317  0.0000e+00
318  0.0000e+00
319  0.0000e+00
320  0.0000e+00
321  0.0000e+00
322  0.0000e+00
323  0.0000e+00
324  0.0000e+00
325  0.0000e+00
326  0.0000e+00
327  0.0000e+00
328  0.0000e+00
329  0.0000e+00
330  0.0000e+00
331  0.0000e+00
332  0.0000e+00
333  0.0000e+00
334  0.0000e+00
335  0.0000e+00
336  0.0000e+00
337  0.0000e+00

