1  1.1952e-09
2  1.8168e-09
3  7.2526e-11
4  2.1012e-01
5  0.0000e+00
6  4.9459e-12
7  1.3375e-10
8  4.7735e-11
9  5.6719e-12
10  1.4118e-11
11  1.1110e-10
12  2.5261e-09
13  1.7012e-08
14  7.9227e-07
15  1.6905e-06
16  1.1464e-07
17  1.3170e-09
18  2.6798e-08
19  4.4052e-07
20  6.0786e-07
21  3.5157e-07
22  5.7167e-09
23  4.6542e-07
24  1.5349e-07
25  1.4155e-07
26  4.9379e-08
27  4.6619e-07
28  1.3894e-06
29  1.4642e-07
30  6.5995e-08
31  1.2626e-07
32  1.5620e-07
33  1.8445e-06
34  1.4197e-06
35  1.8914e-08
36  2.3064e-08
37  1.0917e-07
38  2.6434e-07
39  4.8270e-07
40  8.5875e-07
41  7.0695e-08
42  1.4314e-06
43  7.3772e-07
44  9.5971e-08
45  1.9210e-07
46  1.6207e-07
47  2.2631e-07
48  4.4759e-07
49  5.8973e-07
50  6.5273e-07
51  8.0313e-08
52  2.3355e-07
53  1.4980e-07
54  9.3333e-08
55  1.6714e-07
56  4.3051e-07
57  5.4430e-07
58  3.3683e-08
59  3.7067e-08
60  1.0617e-07
61  1.6031e-07
62  1.3270e-07
63  5.2458e-07
64  3.4074e-07
65  2.3977e-07
66  7.0270e-07
67  2.2034e-07
68  4.2614e-07
69  5.5380e-07
70  1.2141e-06
71  1.7349e-07
72  4.5789e-07
73  3.5173e-07
74  8.8088e-07
75  1.7991e-07
76  1.6006e-07
77  5.1458e-07
78  1.7428e-06
79  3.0259e-06
80  8.1016e-06
81  4.8959e-06
82  2.3467e-06
83  2.3947e-06
84  9.4748e-07
85  7.1147e-07
86  1.8736e-06
87  1.8759e-06
88  1.3963e-06
89  4.5244e-07
90  8.0594e-07
91  3.3985e-07
92  2.4988e-06
93  1.0629e-06
94  2.7204e-06
95  1.7039e-06
96  1.4542e-06
97  6.9851e-07
98  6.1940e-07
99  7.5768e-07
100  8.2297e-07
101  9.6413e-07
102  5.9281e-07
103  7.1371e-07
104  6.4471e-07
105  5.2130e-07
106  7.7215e-07
107  5.1709e-07
108  7.7481e-07
109  1.4582e-06
110  2.1561e-06
111  3.5369e-07
112  8.3592e-07
113  4.0354e-07
114  3.7082e-07
115  2.3038e-07
116  7.5660e-08
117  1.0037e-07
118  1.4094e-07
119  1.4923e-07
120  5.0880e-07
121  4.3032e-07
122  8.6209e-07
123  1.1584e-06
124  5.7189e-06
125  9.6544e-06
126  2.3495e-05
127  2.5163e-05
128  3.9492e-05
129  2.4709e-05
130  1.6495e-05
131  6.4162e-06
132  1.0649e-05
133  1.1170e-05
134  1.0959e-05
135  1.1531e-05
136  1.6232e-05
137  9.5381e-06
138  6.5251e-06
139  9.8574e-06
140  2.4121e-05
141  1.1791e-05
142  2.2336e-06
143  1.0295e-06
144  2.2110e-06
145  2.6963e-06
146  3.5030e-06
147  3.0612e-06
148  6.5078e-06
149  4.3271e-06
150  4.7546e-06
151  5.4837e-06
152  7.3003e-06
153  4.8938e-06
154  6.7513e-06
155  3.7342e-06
156  1.2710e-05
157  9.4148e-06
158  1.7819e-05
159  8.2875e-06
160  1.2228e-05
161  7.1939e-06
162  1.4899e-05
163  9.0522e-06
164  2.1515e-05
165  1.3135e-05
166  2.7149e-05
167  1.1967e-05
168  2.4621e-05
169  1.7457e-05
170  1.4057e-05
171  1.1708e-05
172  1.3379e-05
173  1.6148e-05
174  1.7652e-05
175  1.2002e-05
176  1.1426e-05
177  1.0849e-05
178  5.7830e-06
179  4.0312e-06
180  5.1248e-06
181  5.0549e-06
182  8.9442e-06
183  5.7416e-06
184  2.0452e-05
185  1.0064e-05
186  3.8407e-05
187  2.4259e-05
188  3.3947e-05
189  2.6385e-05
190  2.6284e-05
191  1.4701e-05
192  1.9533e-05
193  1.4920e-05
194  1.7883e-05
195  9.4231e-06
196  3.8939e-06
197  1.0859e-06
198  2.0511e-07
199  2.4793e-08
200  1.1050e-08
201  1.2414e-08
202  1.4334e-08
203  1.1710e-08
204  1.0137e-08
205  5.5279e-09
206  4.8106e-08
207  3.9569e-08
208  5.3032e-08
209  3.8182e-08
210  2.4077e-16
211  7.1272e-22
212  1.3464e-21
213  2.9149e-44
214  1.2610e-22
215  5.1352e-26
216  1.5600e-27
217  1.3546e-98
218  2.1671e-24
219  2.7606e-25
220  5.9818e-25
221  -4.3122e-320
222  3.8470e-21
223  6.8803e-20
224  3.3783e-21
225  1.7464e-40
226  5.8865e-16
227  4.7956e-17
228  1.0864e-14
229  6.5142e-30
230  2.7743e-14
231  7.1731e-14
232  4.7553e-09
233  2.3296e-27
234  9.0338e-14
235  1.5460e-09
236  4.1126e-12
237  -7.7348e-319
238  1.6434e-09
239  2.6704e-21
240  8.1369e-16
241  0.0000e+00
242  3.1006e-129
243  8.1635e-22
244  9.9045e-12
245  0.0000e+00
246  1.8965e-13
247  1.7230e-18
248  2.5384e-128
249  0.0000e+00
250  0.0000e+00
251  -5.6054e-315
252  0.0000e+00
253  0.0000e+00
254  0.0000e+00
255  0.0000e+00
256  0.0000e+00
257  6.4413e-26
258  1.1737e-10
259  4.2240e-26
260  6.2514e-11
261  4.9951e-11
262  4.9210e-11
263  3.3789e-11
264  2.8654e-11
265  2.1300e-11
266  2.1030e-11
267  1.3121e-11
268  8.2157e-12
269  1.4224e-11
270  6.4806e-12
271  3.4825e-12
272  1.9838e-12
273  9.7333e-13
274  6.5990e-13
275  2.2754e-13
276  1.7739e-13
277  2.9739e-14
278  2.2059e-14
279  3.4163e-15
280  5.5857e-16
281  7.2722e-17
282  1.2945e-17
283  2.7202e-19
284  5.3675e-20
285  2.7800e-20
286  5.9023e-20
287  1.1897e-19
288  6.3754e-20
289  3.2077e-20
290  6.9679e-20
291  3.9071e-21
292  1.4710e-19
293  2.2196e-20
294  5.0188e-20
295  2.1182e-20
296  1.1260e-20
297  3.2238e-21
298  6.5268e-21
299  2.4529e-33
300  3.1729e-22
301  1.7750e-20
302  1.6821e-21
303  7.8845e-21
304  6.3329e-21
305  7.3226e-21
306  3.6139e-21
307  4.2015e-22
308  1.5250e-22
309  5.2305e-22
310  2.2236e-22
311  1.2564e-22
312  6.9396e-23
313  5.3707e-23
314  2.8046e-23
315  1.4568e-23
316  6.4682e-24
317  4.1923e-24
318  1.7818e-24
319  2.3733e-24
320  3.2291e-25
321  0.0000e+00
322  0.0000e+00
323  0.0000e+00
324  0.0000e+00
325  0.0000e+00
326  0.0000e+00
327  0.0000e+00
328  0.0000e+00
329  0.0000e+00
330  0.0000e+00
331  0.0000e+00
332  0.0000e+00
333  0.0000e+00
334  0.0000e+00
335  0.0000e+00
336  0.0000e+00
337  0.0000e+00

