1  2.5572e-09
2  1.5150e-01
3  1.0986e-18
4  6.7642e-19
5  1.7908e-18
6  5.4540e-07
7  2.5849e-16
8  2.2231e-09
9  2.4845e-21
10  2.3833e-09
11  2.5924e-13
12  3.3476e-09
13  6.3456e-10
14  2.6831e-08
15  3.1671e-09
16  7.8762e-08
17  2.5688e-08
18  3.7781e-08
19  5.8524e-09
20  2.6593e-07
21  1.1399e-08
22  1.0103e-06
23  2.1105e-07
24  1.0279e-06
25  9.5474e-09
26  1.1491e-06
27  3.5294e-09
28  1.8207e-06
29  1.1540e-06
30  9.6838e-06
31  7.5162e-07
32  1.2097e-05
33  1.2964e-06
34  5.9717e-05
35  4.8094e-06
36  1.0161e-04
37  1.0114e-05
38  1.2356e-04
39  9.9902e-05
40  1.4480e-03
41  2.2170e-04
42  1.2533e-03
43  9.9680e-26
44  3.9523e-04
45  8.3155e-05
46  2.0577e-04
47  5.7056e-05
48  2.4729e-05
49  3.3418e-06
50  1.3608e-06
51  1.5269e-07
52  8.7073e-08
53  1.8667e-08
54  5.8330e-09
55  3.0455e-14
56  6.2091e-18
57  1.6511e-23
58  3.1370e-22
59  3.2357e-24
60  0.0000e+00
61  0.0000e+00
62  0.0000e+00
63  0.0000e+00
64  0.0000e+00
65  0.0000e+00
66  0.0000e+00
67  0.0000e+00
68  0.0000e+00
69  0.0000e+00
70  0.0000e+00
71  0.0000e+00
72  0.0000e+00
73  0.0000e+00
74  0.0000e+00
75  0.0000e+00
76  0.0000e+00
77  0.0000e+00
78  0.0000e+00
79  0.0000e+00
80  0.0000e+00
81  0.0000e+00
82  0.0000e+00
83  0.0000e+00
84  0.0000e+00
85  0.0000e+00
86  0.0000e+00
87  0.0000e+00
88  0.0000e+00
89  0.0000e+00
90  0.0000e+00
91  0.0000e+00
92  0.0000e+00
93  0.0000e+00
94  0.0000e+00
95  0.0000e+00
96  0.0000e+00
97  0.0000e+00
98  0.0000e+00
99  0.0000e+00
100  0.0000e+00
101  0.0000e+00
102  0.0000e+00
103  0.0000e+00
104  0.0000e+00
105  0.0000e+00
106  0.0000e+00
107  0.0000e+00
108  0.0000e+00
109  0.0000e+00
110  0.0000e+00
111  0.0000e+00
112  0.0000e+00
113  0.0000e+00
114  0.0000e+00
115  0.0000e+00
116  0.0000e+00
117  0.0000e+00
118  0.0000e+00

