1  3.3641e-02
2  2.2493e-01
3  4.1253e-11
4  2.9379e-07
5  2.8120e-09
6  6.0756e-09
7  1.4104e-06
8  2.0776e-06
9  4.5243e-08
10  2.4548e-06
11  5.9104e-07
12  5.0927e-06
13  1.2677e-08
14  4.8860e-07
15  1.3550e-08
16  1.0983e-06
17  5.3773e-08
18  2.3205e-07
19  6.8237e-09
20  4.0550e-09
21  3.7355e-10
22  2.3274e-08
23  1.2800e-10
24  4.9958e-10
25  4.2476e-11
26  7.3786e-10
27  5.8870e-12
28  3.4253e-09
29  1.2838e-10
30  2.7144e-10
31  2.1522e-11
32  6.1293e-10
33  5.8542e-11
34  2.0271e-09
35  1.7196e-10
36  7.1991e-10
37  3.2324e-10
38  1.9316e-10
39  1.9483e-10
40  4.6469e-10
41  1.3056e-10
42  7.6473e-10
43  7.1589e-36
44  1.5070e-10
45  1.8224e-11
46  1.9655e-10
47  2.9877e-11
48  2.0207e-10
49  4.7072e-11
50  6.2127e-10
51  3.9484e-11
52  1.2075e-09
53  2.0682e-11
54  2.3971e-08
55  4.8586e-09
56  6.6189e-09
57  2.6040e-10
58  6.7959e-10
59  4.8311e-11
60  2.7347e-10
61  1.0510e-89
62  5.9447e-11
63  9.8375e-12
64  1.7032e-11
65  5.1369e-13
66  3.0893e-12
67  1.0163e-12
68  5.7258e-12
69  3.3412e-12
70  6.5456e-12
71  7.6181e-13
72  3.6579e-12
73  7.9487e-12
74  5.9677e-12
75  6.2086e-13
76  1.2025e-11
77  2.6218e-12
78  1.6089e-11
79  3.5248e-12
80  1.4090e-11
81  1.0362e-11
82  8.3208e-10
83  1.1105e-10
84  3.4461e-22
85  5.4347e-323
86  4.7628e-24
87  6.7562e-27
88  1.9334e-17
89  2.5477e-19
90  8.1444e-12
91  3.8195e-16
92  1.0308e-11
93  1.5285e-25
94  1.0328e-13
95  1.1250e-21
96  2.3745e-18
97  4.5841e-16
98  1.4178e-314
99  8.5967e-322
100  1.0370e-09
101  6.2434e-209
102  8.6838e-10
103  2.4037e-10
104  7.3270e-12
105  6.6421e-12
106  1.3696e-10
107  4.7466e-12
108  3.3539e-08
109  -4.2134e-320
110  8.8155e-08
111  1.9193e-04
112  0.0000e+00
113  0.0000e+00
114  0.0000e+00
115  0.0000e+00
116  0.0000e+00
117  0.0000e+00
118  0.0000e+00

