1  2.0634e-10
2  1.8188e-01
3  1.2106e-18
4  4.5094e-16
5  1.3877e-18
6  4.2658e-08
7  1.0841e-10
8  2.2992e-09
9  1.0869e-11
10  5.5778e-10
11  1.7724e-11
12  1.8988e-09
13  1.1108e-09
14  2.7717e-08
15  1.6579e-09
16  1.0082e-07
17  1.7084e-07
18  2.8172e-07
19  3.8361e-08
20  1.9118e-06
21  2.5824e-07
22  3.7918e-06
23  6.9690e-07
24  1.0346e-05
25  2.5491e-07
26  1.1620e-06
27  3.2962e-08
28  3.5511e-07
29  3.9026e-07
30  3.0535e-06
31  1.2244e-06
32  2.3536e-05
33  1.8886e-06
34  8.4900e-05
35  2.0127e-05
36  4.1373e-05
37  1.4572e-05
38  4.1165e-06
39  9.1471e-06
40  7.8920e-05
41  7.2503e-06
42  9.5876e-05
43  4.6842e-30
44  4.1236e-04
45  3.7150e-05
46  5.7288e-04
47  2.4616e-04
48  2.8374e-04
49  2.2726e-05
50  9.6584e-05
51  3.1947e-05
52  2.9206e-04
53  1.0342e-04
54  2.2543e-05
55  1.7823e-09
56  4.2447e-11
57  2.0351e-12
58  4.2361e-12
59  1.5254e-13
60  5.4829e-13
61  5.2550e-316
62  1.6542e-13
63  2.2418e-14
64  1.5145e-14
65  1.5179e-16
66  5.6724e-16
67  5.3519e-17
68  1.3430e-16
69  1.7121e-17
70  3.0800e-18
71  1.5612e-19
72  9.0104e-20
73  6.4742e-22
74  1.5874e-22
75  3.3272e-24
76  3.8876e-24
77  0.0000e+00
78  0.0000e+00
79  0.0000e+00
80  0.0000e+00
81  0.0000e+00
82  0.0000e+00
83  0.0000e+00
84  0.0000e+00
85  0.0000e+00
86  0.0000e+00
87  0.0000e+00
88  0.0000e+00
89  0.0000e+00
90  0.0000e+00
91  0.0000e+00
92  0.0000e+00
93  0.0000e+00
94  0.0000e+00
95  0.0000e+00
96  0.0000e+00
97  0.0000e+00
98  0.0000e+00
99  0.0000e+00
100  0.0000e+00
101  0.0000e+00
102  0.0000e+00
103  0.0000e+00
104  0.0000e+00
105  0.0000e+00
106  0.0000e+00
107  0.0000e+00
108  0.0000e+00
109  0.0000e+00
110  0.0000e+00
111  0.0000e+00
112  0.0000e+00
113  0.0000e+00
114  0.0000e+00
115  0.0000e+00
116  0.0000e+00
117  0.0000e+00
118  0.0000e+00

