    1      2  7.1982e-15  1.4396e-14
    2      3  1.4269e-18  4.2806e-18
    3      6  2.2337e-16  1.3402e-15
    3      7  1.4608e-18  1.0226e-17
    4      8  3.9257e-14  3.1405e-13
    4      9  1.3171e-18  1.1854e-17
    5     10  4.6403e-17  4.6403e-16
    5     11  1.7239e-19  1.8963e-18
    6     12  2.0566e-08  2.4679e-07
    6     13  5.9420e-14  7.7246e-13
    7     14  1.2511e-11  1.7516e-10
    7     15  1.6811e-09  2.5216e-08
    8     16  6.6357e-10  1.0617e-08
    8     17  3.5641e-13  6.0590e-12
    8     18  9.2290e-10  1.6612e-08
    9     19  1.2678e-09  2.4089e-08
   10     20  1.4121e-10  2.8242e-09
   10     21  7.8811e-10  1.6550e-08
   10     22  6.0712e-10  1.3357e-08
   11     23  1.9743e-09  4.5409e-08
   12     24  1.5450e-09  3.7080e-08
   12     25  3.2185e-09  8.0463e-08
   12     26  1.5052e-08  3.9135e-07
   13     26  3.8345e-14  9.9697e-13
   13     27  1.5244e-09  4.1160e-08
   14     28  5.6654e-09  1.5863e-07
   14     29  2.1417e-08  6.2111e-07
   14     30  2.9507e-08  8.8520e-07
   15     31  3.7579e-09  1.1649e-07
   16     32  4.2687e-08  1.3660e-06
   16     33  2.5470e-07  8.4053e-06
   16     34  1.9421e-07  6.6031e-06
   16     36  6.5673e-08  2.3642e-06
   17     35  3.5785e-08  1.2525e-06
   17     37  3.0192e-07  1.1171e-05
   18     36  6.8951e-17  2.4822e-15
   18     38  5.5177e-07  2.0967e-05
   18     40  3.9869e-07  1.5948e-05
   19     39  2.8822e-07  1.1240e-05
   19     41  1.2176e-07  4.9922e-06
   20     42  6.8421e-07  2.8737e-05
   20     43  9.8250e-08  4.2247e-06
   20     44  2.4657e-07  1.0849e-05
   20     46  1.7260e-06  7.9396e-05
   21     45  8.5762e-07  3.8593e-05
   22     46  3.9126e-20  1.7998e-18
   22     47  1.1053e-06  5.1950e-05
   22     48  4.6118e-07  2.2137e-05
   22     49  1.8005e-06  8.8226e-05
   22     50  2.7762e-06  1.3881e-04
   23     51  1.0847e-06  5.5317e-05
   24     52  4.0388e-08  2.1002e-06
   24     53  1.4104e-06  7.4750e-05
   24     54  5.8081e-06  3.1364e-04
   25     55  3.2529e-07  1.7891e-05
   26     56  2.0782e-06  1.1638e-04
   26     57  2.7558e-07  1.5708e-05
   26     58  2.0584e-09  1.1939e-07
   27     59  1.7433e-09  1.0285e-07
   28     60  1.3601e-08  8.1605e-07
   28     61  3.7568e-08  2.2916e-06
   28     62  5.4172e-07  3.3586e-05
   28     64  6.7531e-08  4.3220e-06
   29     63  1.4810e-06  9.3305e-05
   29     65  7.0420e-08  4.5773e-06
   30     64  5.3600e-20  3.4304e-18
   30     66  5.6055e-07  3.6997e-05
   30     67  3.4791e-07  2.3310e-05
   30     68  6.4793e-07  4.4059e-05
   30     70  2.3223e-06  1.6256e-04
   31     69  1.3012e-06  8.9780e-05
   31     71  2.9880e-07  2.1215e-05
   32     70  4.3039e-15  3.0127e-13
   32     72  8.9779e-07  6.4641e-05
   32     73  9.9789e-06  7.2846e-04
   32     74  8.5193e-06  6.3043e-04
   32     76  3.3523e-06  2.5477e-04
   33     75  1.5909e-06  1.1932e-04
   34     76  4.5131e-14  3.4300e-12
   34     77  1.4362e-05  1.1059e-03
   34     78  2.0746e-05  1.6182e-03
   34     80  2.0300e-05  1.6240e-03
   34     82  2.3690e-05  1.9426e-03
   35     79  5.6508e-06  4.4641e-04
   35     81  1.7158e-05  1.3898e-03
   36     82  4.2083e-13  3.4508e-11
   36     83  4.2679e-06  3.5423e-04
   36     84  8.4450e-06  7.0938e-04
   36     86  1.6482e-05  1.4174e-03
   37     85  8.8130e-06  7.4911e-04
   37     87  3.1918e-06  2.7769e-04
   38     86  5.7874e-20  4.9771e-18
   38     87  2.3371e-08  2.0333e-06
   38     88  6.3179e-06  5.5598e-04
   39     89  1.8973e-06  1.6886e-04
   40     90  1.1862e-06  1.0676e-04
   40     91  1.5062e-06  1.3707e-04
   40     92  2.1578e-05  1.9852e-03
   40     94  8.9773e-06  8.4386e-04
   41     93  7.2609e-06  6.7527e-04
   42     95  6.4613e-06  6.1382e-04
   42     96  7.7295e-06  7.4203e-04
   42     97  3.9649e-06  3.8460e-04
   42     98  2.3550e-06  2.3079e-04
   42    100  2.0003e-05  2.0003e-03
   44     99  7.1353e-06  7.0639e-04
   44    100  4.0626e-13  4.0626e-11
   44    101  3.4703e-05  3.5050e-03
   44    102  7.3077e-06  7.4539e-04
   44    104  9.7827e-06  1.0174e-03
   45    103  3.1636e-06  3.2585e-04
   46    104  1.0292e-18  1.0704e-16
   46    105  4.1734e-06  4.3820e-04
   46    106  1.6449e-05  1.7436e-03
   46    108  1.7569e-05  1.8974e-03
   46    110  2.4746e-05  2.7221e-03
   47    107  2.9789e-05  3.1874e-03
   47    109  1.8368e-05  2.0021e-03
   48    110  1.3684e-13  1.5052e-11
   48    111  4.0367e-06  4.4807e-04
   48    112  1.0205e-05  1.1430e-03
   48    113  8.5983e-06  9.7161e-04
   48    114  2.3620e-05  2.6927e-03
   48    116  4.1544e-06  4.8191e-04
   49    113  3.7842e-13  4.2761e-11
   49    115  1.2772e-05  1.4688e-03
   50    115  1.0190e-11  1.1719e-09
   50    116  5.9076e-13  6.8528e-11
   50    117  6.9340e-06  8.1128e-04
   50    118  7.0400e-06  8.3072e-04
   50    119  5.2949e-06  6.3009e-04
   50    120  2.6951e-05  3.2341e-03
   50    122  8.9164e-05  1.0878e-02
   50    124  6.1629e-05  7.6421e-03
   51    121  2.7542e-05  3.3325e-03
   51    123  4.5028e-05  5.5384e-03
   52    122  2.3592e-13  2.8783e-11
   52    124  6.5217e-15  8.0868e-13
   52    125  1.3198e-04  1.6497e-02
   52    126  4.0940e-04  5.1584e-02
   52    128  2.4485e-04  3.1340e-02
   52    130  2.3666e-06  3.0765e-04
   53    127  2.9220e-04  3.7110e-02
   53    129  1.9197e-13  2.4765e-11
   54    128  1.4023e-15  1.7949e-13
   54    129  7.9005e-05  1.0192e-02
   54    130  2.7184e-14  3.5340e-12
   54    131  1.5649e-08  2.0500e-06
   54    132  4.7890e-08  6.3215e-06
   54    134  7.6129e-09  1.0201e-06
   54    136  6.0579e-09  8.2387e-07
   55    133  7.1250e-08  9.4763e-06
   56    135  3.1551e-09  4.2594e-07
   56    136  8.1144e-19  1.1036e-16
   56    137  1.0304e-08  1.4117e-06
   56    138  3.1512e-09  4.3487e-07
   57    139  9.9728e-11  1.3862e-08
   58    140  5.8711e-11  8.2195e-09
   58    142  7.9537e-12  1.1294e-09
   59    141  1.0115e-11  1.4262e-09
   60    143  1.5836e-11  2.2645e-09
   60    144  5.1972e-11  7.4840e-09
   60    145  2.8769e-11  4.1715e-09
   60    146  1.9722e-11  2.8794e-09
   60    148  1.1567e-11  1.7120e-09
   60    150  8.9336e-12  1.3400e-09
   62    147  1.3814e-11  2.0307e-09
   62    148  5.1241e-19  7.5836e-17
   62    149  7.9713e-12  1.1877e-09
   62    150  4.6555e-18  6.9833e-16
   62    152  8.7722e-12  1.3334e-09
   62    154  5.6792e-12  8.7459e-10
   63    151  4.4433e-12  6.7094e-10
   63    153  4.5207e-12  6.9166e-10
   64    154  1.8369e-20  2.8289e-18
   64    155  4.8472e-12  7.5132e-10
   64    156  1.4547e-12  2.2694e-10
   64    157  1.7760e-12  2.7884e-10
   64    158  2.1932e-12  3.4652e-10
   64    160  7.1546e-13  1.1447e-10
   65    159  3.2241e-13  5.1262e-11
   66    161  5.6970e-13  9.1722e-11
   66    162  3.0059e-13  4.8696e-11
   66    163  1.7109e-13  2.7887e-11
   66    164  2.8162e-13  4.6185e-11
   67    165  1.5438e-13  2.5472e-11
   68    166  2.9981e-13  4.9769e-11
   68    167  1.1059e-13  1.8469e-11
   68    168  7.3195e-14  1.2297e-11
   68    170  2.1444e-14  3.6454e-12
   69    169  9.4074e-14  1.5899e-11
   70    171  9.9722e-15  1.7052e-12
   70    172  6.7851e-15  1.1670e-12
   70    173  3.9411e-15  6.8181e-13
   70    174  4.6661e-15  8.1190e-13
   70    176  1.9002e-15  3.3443e-13
   71    175  1.9396e-15  3.3942e-13
   72    177  9.5904e-16  1.6975e-13
   72    178  1.9362e-16  3.4464e-14
   72    179  5.7995e-17  1.0381e-14
   72    180  2.9671e-17  5.3407e-15
   73    181  1.8114e-17  3.2786e-15
   74    182  1.3629e-17  2.4805e-15
   74    183  9.7062e-18  1.7762e-15
   74    184  1.9978e-17  3.6760e-15
   74    186  2.2435e-17  4.1730e-15
   75    185  7.9743e-18  1.4752e-15
   75    187  1.4348e-17  2.6831e-15
   76    187  1.1661e-19  2.1806e-17
   76    188  3.0300e-17  5.6964e-15
   76    189  1.1003e-17  2.0795e-15
   76    190  1.9887e-17  3.7786e-15
   76    192  7.6570e-18  1.4702e-15
   77    191  1.2208e-17  2.3318e-15
   77    193  3.0651e-18  5.9157e-16
   78    194  2.0561e-18  3.9889e-16
   78    195  5.3443e-19  1.0421e-16
   78    196  1.9303e-19  3.7833e-17
   78    198  1.5712e-20  3.1110e-18
   79    197  5.4059e-20  1.0650e-17
    1      1  1.4727e-09  1.4727e-09
    2      4  1.9275e-01  7.7101e-01


