    1      2  5.1960e-15  1.0392e-14
    3      6  2.1357e-19  1.2814e-18
    3      7  1.0424e-20  7.2971e-20
    4      9  1.7467e-19  1.5720e-18
    5     10  3.0306e-19  3.0306e-18
    5     11  2.2923e-19  2.5215e-18
    6     12  8.7782e-07  1.0534e-05
    6     13  6.3944e-12  8.3127e-11
    7     14  3.6700e-16  5.1380e-15
    7     15  1.1695e-20  1.7543e-19
    8     16  2.2899e-09  3.6638e-08
    8     17  1.1405e-16  1.9388e-15
    8     18  1.0444e-18  1.8800e-17
   10     20  1.8987e-09  3.7974e-08
   10     21  2.8744e-15  6.0363e-14
   10     22  2.6127e-19  5.7480e-18
   11     23  1.8394e-13  4.2306e-12
   12     24  2.1297e-09  5.1113e-08
   12     25  1.0473e-12  2.6182e-11
   12     26  3.9253e-12  1.0206e-10
   13     26  1.8715e-14  4.8658e-13
   13     27  3.7172e-10  1.0036e-08
   14     28  9.4621e-09  2.6494e-07
   14     29  1.4654e-10  4.2497e-09
   14     30  8.6939e-09  2.6082e-07
   15     31  1.7056e-09  5.2873e-08
   16     32  6.2675e-09  2.0056e-07
   16     33  4.5344e-10  1.4964e-08
   16     34  3.9280e-08  1.3355e-06
   16     36  5.5455e-08  1.9964e-06
   17     35  1.0907e-08  3.8173e-07
   17     37  3.3154e-09  1.2267e-07
   18     36  1.6349e-10  5.8857e-09
   18     38  1.4383e-08  5.4655e-07
   18     40  1.4587e-08  5.8347e-07
   19     39  4.4922e-09  1.7520e-07
   19     40  2.5715e-12  1.0286e-10
   19     41  1.9621e-09  8.0448e-08
   20     40  8.2890e-13  3.3156e-11
   20     42  2.5964e-09  1.0905e-07
   20     43  4.5348e-09  1.9500e-07
   20     44  6.9658e-09  3.0650e-07
   20     46  2.3269e-07  1.0704e-05
   21     45  5.9597e-09  2.6818e-07
   22     46  2.2194e-13  1.0209e-11
   22     47  3.7690e-08  1.7714e-06
   22     48  1.4422e-08  6.9223e-07
   22     49  2.3428e-08  1.1480e-06
   22     50  7.8001e-07  3.9000e-05
   23     51  2.6701e-08  1.3618e-06
   24     50  5.6378e-18  2.8189e-16
   24     52  7.6263e-09  3.9657e-07
   24     53  8.8183e-08  4.6737e-06
   24     54  1.2236e-06  6.6077e-05
   25     55  2.4975e-09  1.3737e-07
   26     56  8.8269e-09  4.9431e-07
   26     57  1.2820e-07  7.3074e-06
   26     58  6.0281e-08  3.4963e-06
   27     59  3.0371e-10  1.7919e-08
   28     60  1.0447e-06  6.2684e-05
   28     61  1.7969e-08  1.0961e-06
   28     62  2.5270e-07  1.5667e-05
   28     64  6.6074e-08  4.2288e-06
   29     63  1.5814e-07  9.9625e-06
   29     65  9.3469e-08  6.0755e-06
   30     64  1.1607e-19  7.4284e-18
   30     66  3.6010e-06  2.3767e-04
   30     67  5.8145e-07  3.8957e-05
   30     68  2.9388e-08  1.9984e-06
   30     70  1.1845e-07  8.2912e-06
   31     69  5.1548e-07  3.5568e-05
   31     71  6.8588e-08  4.8698e-06
   32     70  2.1011e-15  1.4708e-13
   32     72  3.4193e-06  2.4619e-04
   32     73  2.8457e-07  2.0773e-05
   32     74  3.2086e-06  2.3743e-04
   32     76  6.7556e-08  5.1343e-06
   33     75  8.3826e-07  6.2869e-05
   34     76  3.4675e-14  2.6353e-12
   34     77  1.1771e-07  9.0639e-06
   34     78  5.0289e-06  3.9225e-04
   34     80  7.1239e-06  5.6991e-04
   34     82  2.1500e-05  1.7630e-03
   35     79  3.6179e-07  2.8581e-05
   35     81  1.5079e-06  1.2214e-04
   36     82  4.6872e-14  3.8435e-12
   36     83  3.9435e-06  3.2731e-04
   36     84  2.0525e-05  1.7241e-03
   36     86  2.2150e-04  1.9049e-02
   37     85  1.8412e-06  1.5650e-04
   37     87  1.8586e-05  1.6170e-03
   38     86  6.0626e-17  5.2138e-15
   38     87  1.3608e-07  1.1839e-05
   38     88  1.1937e-05  1.0504e-03
   39     89  1.0582e-04  9.4177e-03
   40     90  1.5577e-03  1.4019e-01
   40     91  1.1289e-05  1.0273e-03
   40     92  2.0705e-04  1.9049e-02
   40     94  8.8961e-04  8.3623e-02
   41     93  4.9392e-04  4.5934e-02
   42     94  6.3327e-20  5.9527e-18
   42     95  9.9510e-06  9.4535e-04
   42     96  6.3590e-04  6.1046e-02
   42     97  6.9019e-06  6.6948e-04
   42     98  6.1352e-05  6.0125e-03
   42    100  3.6053e-06  3.6053e-04
   44     99  2.1742e-05  2.1525e-03
   44    100  1.4852e-12  1.4852e-10
   44    101  9.8248e-05  9.9230e-03
   44    102  1.4082e-04  1.4364e-02
   44    104  8.8024e-05  9.1545e-03
   45    103  4.0889e-06  4.2115e-04
   46    104  1.0888e-18  1.1323e-16
   46    105  1.4574e-05  1.5303e-03
   46    106  1.7637e-05  1.8695e-03
   46    107  2.4737e-20  2.6469e-18
   46    108  1.5651e-05  1.6903e-03
   46    110  6.3013e-07  6.9314e-05
   47    107  1.8332e-06  1.9615e-04
   47    109  5.9077e-06  6.4394e-04
   48    110  4.4574e-14  4.9032e-12
   48    111  1.4365e-06  1.5946e-04
   48    112  2.9265e-06  3.2777e-04
   48    113  1.9751e-07  2.2318e-05
   48    114  4.4800e-07  5.1072e-05
   48    116  3.6112e-07  4.1890e-05
   49    113  8.6925e-15  9.8225e-13
   49    115  2.7689e-07  3.1842e-05
   50    115  2.2092e-13  2.5405e-11
   50    116  1.4495e-14  1.6814e-12
   50    117  6.8764e-08  8.0453e-06
   50    118  1.7129e-08  2.0212e-06
   50    119  4.0098e-08  4.7717e-06
   50    120  1.6714e-08  2.0057e-06
   50    122  1.1760e-08  1.4347e-06
   50    124  9.6106e-09  1.1917e-06
   51    121  7.4421e-09  9.0049e-07
   51    123  2.0707e-09  2.5470e-07
   52    122  7.9391e-17  9.6856e-15
   52    124  5.2419e-19  6.5000e-17
   52    125  1.5266e-09  1.9083e-07
   52    126  9.7614e-10  1.2299e-07
   52    128  1.5042e-10  1.9254e-08
   52    130  2.0431e-10  2.6561e-08
   53    127  2.8405e-10  3.6075e-08
   53    129  1.3369e-18  1.7246e-16
   54    129  1.7886e-11  2.3073e-09
   54    131  1.9647e-11  2.5738e-09
   54    132  1.7999e-12  2.3758e-10
   54    134  1.0196e-15  1.3662e-13
   54    136  1.8164e-20  2.4703e-18
   55    133  1.8183e-14  2.4183e-12
   56    135  8.5605e-18  1.1557e-15
    1      1  2.4323e-09  2.4323e-09
    2      4  1.4027e-01  5.6108e-01


