    1      2  1.6033e-09  3.2067e-09
    2      3  5.7299e-11  1.7190e-10
    3      6  4.3778e-12  2.6267e-11
    3      7  1.0830e-10  7.5808e-10
    4      8  3.5585e-11  2.8468e-10
    4      9  3.5213e-12  3.1692e-11
    5     10  1.2422e-11  1.2422e-10
    5     11  9.1419e-11  1.0056e-09
    6     12  2.5233e-09  3.0279e-08
    6     13  1.2478e-08  1.6222e-07
    7     14  8.3979e-07  1.1757e-05
    7     15  1.3946e-06  2.0920e-05
    8     16  9.7358e-08  1.5577e-06
    8     17  1.1643e-09  1.9793e-08
    8     18  3.1848e-08  5.7326e-07
    9     19  3.9813e-07  7.5644e-06
   10     20  5.5041e-07  1.1008e-05
   10     21  3.4127e-07  7.1667e-06
   10     22  6.0595e-09  1.3331e-07
   11     23  4.0537e-07  9.3236e-06
   12     24  1.3967e-07  3.3520e-06
   12     25  1.2665e-07  3.1661e-06
   12     26  6.3007e-08  1.6382e-06
   13     26  1.0314e-18  2.6818e-17
   13     27  4.7091e-07  1.2715e-05
   14     28  1.4132e-06  3.9570e-05
   14     29  1.4542e-07  4.2173e-06
   14     30  6.4601e-08  1.9380e-06
   15     31  1.2662e-07  3.9253e-06
   16     32  1.5511e-07  4.9634e-06
   16     33  1.8529e-06  6.1147e-05
   16     34  1.4264e-06  4.8498e-05
   16     36  2.2564e-08  8.1230e-07
   17     35  1.8180e-08  6.3630e-07
   17     37  1.1237e-07  4.1577e-06
   18     36  5.5340e-20  1.9922e-18
   18     38  2.7373e-07  1.0402e-05
   18     40  9.1793e-07  3.6717e-05
   19     39  5.1317e-07  2.0014e-05
   19     41  7.9815e-08  3.2724e-06
   20     42  1.4454e-06  6.0707e-05
   20     43  7.4746e-07  3.2141e-05
   20     44  1.0006e-07  4.4025e-06
   20     46  1.6890e-07  7.7693e-06
   21     45  1.9945e-07  8.9753e-06
   22     47  2.2743e-07  1.0689e-05
   22     48  4.3384e-07  2.0824e-05
   22     49  5.9170e-07  2.8993e-05
   22     50  6.6386e-07  3.3193e-05
   23     51  8.6634e-08  4.4183e-06
   24     52  2.3342e-07  1.2138e-05
   24     53  1.4441e-07  7.6539e-06
   24     54  9.2148e-08  4.9760e-06
   25     55  1.7323e-07  9.5277e-06
   26     56  4.4139e-07  2.4718e-05
   26     57  5.6287e-07  3.2084e-05
   26     58  3.5964e-08  2.0859e-06
   27     59  3.9496e-08  2.3303e-06
   28     60  1.1974e-07  7.1847e-06
   28     61  1.7922e-07  1.0932e-05
   28     62  1.3792e-07  8.5510e-06
   28     64  3.3315e-07  2.1321e-05
   29     63  5.2364e-07  3.2989e-05
   29     65  2.3348e-07  1.5176e-05
   30     66  6.9545e-07  4.5900e-05
   30     67  2.1301e-07  1.4271e-05
   30     68  4.2209e-07  2.8702e-05
   30     70  1.2436e-06  8.7049e-05
   31     69  5.6454e-07  3.8954e-05
   31     71  1.7731e-07  1.2589e-05
   32     70  5.5959e-16  3.9171e-14
   32     72  4.6833e-07  3.3720e-05
   32     73  3.6236e-07  2.6452e-05
   32     74  9.0939e-07  6.7295e-05
   32     76  1.6115e-07  1.2248e-05
   33     75  1.8526e-07  1.3894e-05
   34     76  1.1819e-15  8.9822e-14
   34     77  5.4724e-07  4.2137e-05
   34     78  1.9079e-06  1.4881e-04
   34     80  8.4684e-06  6.7747e-04
   34     82  2.5954e-06  2.1282e-04
   35     79  3.3097e-06  2.6146e-04
   35     81  5.2308e-06  4.2369e-04
   36     82  3.4863e-14  2.8587e-12
   36     83  2.5065e-06  2.0804e-04
   36     84  1.0013e-06  8.4111e-05
   36     86  2.0072e-06  1.7262e-04
   37     85  7.5947e-07  6.4555e-05
   37     87  2.0260e-06  1.7626e-04
   38     87  1.4835e-08  1.2907e-06
   38     88  1.5720e-06  1.3834e-04
   39     89  5.1029e-07  4.5416e-05
   40     90  9.1185e-07  8.2066e-05
   40     91  3.8329e-07  3.4879e-05
   40     92  2.7423e-06  2.5229e-04
   40     94  2.8521e-06  2.6809e-04
   41     93  1.1092e-06  1.0315e-04
   42     95  1.8633e-06  1.7702e-04
   42     96  1.5996e-06  1.5356e-04
   42     97  7.6448e-07  7.4155e-05
   42     98  6.8233e-07  6.6868e-05
   42    100  9.0500e-07  9.0500e-05
   44     99  8.3281e-07  8.2449e-05
   44    100  1.5500e-14  1.5500e-12
   44    101  1.0722e-06  1.0829e-04
   44    102  6.8780e-07  7.0155e-05
   44    104  7.3588e-07  7.6531e-05
   45    103  8.3806e-07  8.6320e-05
   46    104  1.5538e-19  1.6159e-17
   46    105  5.8311e-07  6.1227e-05
   46    106  8.5603e-07  9.0739e-05
   46    108  8.4098e-07  9.0826e-05
   46    110  2.4072e-06  2.6479e-04
   47    107  5.6600e-07  6.0562e-05
   47    109  1.6188e-06  1.7645e-04
   48    110  3.5333e-15  3.8866e-13
   48    111  3.9379e-07  4.3710e-05
   48    112  9.1915e-07  1.0294e-04
   48    113  4.3812e-07  4.9507e-05
   48    114  4.0493e-07  4.6162e-05
   48    116  8.3076e-08  9.6368e-06
   49    113  1.9282e-14  2.1788e-12
   49    115  2.5082e-07  2.8844e-05
   50    115  2.0012e-13  2.3013e-11
   50    116  2.7273e-15  3.1636e-13
   50    117  1.0828e-07  1.2669e-05
   50    118  1.4832e-07  1.7501e-05
   50    119  1.5656e-07  1.8631e-05
   50    120  5.3079e-07  6.3695e-05
   50    122  9.0454e-07  1.1035e-04
   50    124  6.0988e-06  7.5625e-04
   51    121  4.5262e-07  5.4767e-05
   51    123  1.2100e-06  1.4883e-04
   52    122  7.1281e-16  8.6963e-14
   52    124  2.2109e-17  2.7415e-15
   52    125  1.0903e-05  1.3629e-03
   52    126  2.8288e-05  3.5643e-03
   52    128  4.6759e-05  5.9852e-03
   52    130  2.2186e-05  2.8842e-03
   53    127  2.8926e-05  3.6736e-03
   53    129  6.7938e-14  8.7640e-12
   54    128  6.5949e-17  8.4414e-15
   54    129  3.0525e-05  3.9377e-03
   54    130  4.0523e-15  5.2680e-13
   54    131  8.3855e-06  1.0985e-03
   54    132  1.3922e-05  1.8377e-03
   54    134  1.2481e-05  1.6724e-03
   54    136  1.9329e-05  2.6287e-03
   55    133  1.3377e-05  1.7791e-03
   56    134  6.6420e-19  8.9003e-17
   56    135  1.3700e-05  1.8495e-03
   56    136  1.1508e-15  1.5651e-13
   56    137  1.1326e-05  1.5516e-03
   56    138  8.3441e-06  1.1515e-03
   57    139  1.4069e-05  1.9556e-03
   58    140  3.4874e-05  4.8823e-03
   58    142  2.9463e-06  4.1837e-04
   59    141  1.6551e-05  2.3336e-03
   60    142  1.6459e-18  2.3372e-16
   60    143  1.2316e-06  1.7612e-04
   60    144  2.7608e-06  3.9755e-04
   60    145  3.4228e-06  4.9631e-04
   60    146  4.1282e-06  6.0272e-04
   60    148  6.9288e-06  1.0255e-03
   60    150  5.4496e-06  8.1744e-04
   62    147  3.3097e-06  4.8652e-04
   62    148  5.3732e-14  7.9524e-12
   62    149  4.7284e-06  7.0453e-04
   62    150  5.4113e-13  8.1170e-11
   62    152  8.8755e-06  1.3491e-03
   62    154  8.1279e-06  1.2517e-03
   63    151  6.5059e-06  9.8239e-04
   63    153  5.9206e-06  9.0585e-04
   64    154  7.4096e-15  1.1411e-12
   64    155  4.5454e-06  7.0454e-04
   64    156  1.5632e-05  2.4386e-03
   64    157  1.1846e-05  1.8599e-03
   64    158  2.2295e-05  3.5226e-03
   64    160  1.5339e-05  2.4543e-03
   65    159  1.0221e-05  1.6251e-03
   66    160  2.6380e-15  4.2208e-13
   66    161  9.0253e-06  1.4531e-03
   66    162  1.8219e-05  2.9515e-03
   66    163  1.1136e-05  1.8151e-03
   66    164  2.5997e-05  4.2636e-03
   67    165  1.5873e-05  2.6191e-03
   68    166  3.2322e-05  5.3655e-03
   68    167  1.4242e-05  2.3785e-03
   68    168  2.8161e-05  4.7310e-03
   68    170  1.5587e-05  2.6498e-03
   69    169  2.0142e-05  3.4040e-03
   70    170  8.8108e-16  1.4978e-13
   70    171  1.2898e-05  2.2056e-03
   70    172  1.4403e-05  2.4773e-03
   70    173  1.7019e-05  2.9444e-03
   70    174  1.7984e-05  3.1292e-03
   70    176  1.1380e-05  2.0029e-03
   71    175  1.1978e-05  2.0961e-03
   71    176  1.1071e-16  1.9486e-14
   72    176  1.0366e-18  1.8244e-16
   72    177  1.0711e-05  1.8958e-03
   72    178  5.5620e-06  9.9004e-04
   72    179  3.7808e-06  6.7676e-04
   72    180  4.7085e-06  8.4754e-04
   73    181  4.6012e-06  8.3282e-04
   74    182  7.8842e-06  1.4349e-03
   74    183  4.9054e-06  8.9769e-04
   74    184  1.6781e-05  3.0877e-03
   74    186  2.9217e-05  5.4343e-03
   75    185  8.0480e-06  1.4889e-03
   75    187  1.7803e-05  3.3291e-03
   76    186  1.4161e-18  2.6339e-16
   76    187  1.4469e-07  2.7057e-05
   76    188  2.4762e-05  4.6553e-03
   76    189  1.8790e-05  3.5514e-03
   76    190  1.8258e-05  3.4690e-03
   76    192  1.2486e-05  2.3972e-03
   77    191  9.8667e-06  1.8845e-03
   77    193  9.3356e-06  1.8018e-03
   78    192  5.0397e-17  9.6763e-15
   78    194  1.1160e-05  2.1650e-03
   78    195  5.8153e-06  1.1340e-03
   78    196  2.3953e-06  4.6948e-04
   78    198  1.1714e-07  2.3193e-05
   79    197  6.5681e-07  1.2939e-04
   80    198  2.1828e-18  4.3219e-16
   80    199  1.1315e-08  2.2518e-06
   80    200  4.2843e-09  8.5686e-07
   80    201  4.9113e-09  9.8716e-07
   80    202  5.5211e-09  1.1153e-06
   80    204  3.5816e-09  7.3065e-07
   80    206  1.8594e-19  3.8303e-17
   81    203  4.2754e-09  8.6791e-07
   81    205  1.9344e-09  3.9655e-07
   82    206  1.4835e-08  3.0560e-06
   82    207  1.2405e-08  2.5678e-06
   82    210  5.9659e-17  1.2528e-14
   83    209  1.1863e-08  2.4795e-06
   83    211  8.5258e-12  1.7989e-09
   84    210  3.4553e-20  7.2562e-18
   85    219  1.6745e-18  3.6671e-16
   86    219  2.0221e-12  4.4285e-10
   88    223  1.7383e-20  3.8765e-18
   88    226  1.4595e-16  3.2984e-14
   88    228  2.7356e-15  6.2371e-13
   89    227  1.2089e-17  2.7441e-15
   90    227  2.7939e-20  6.3421e-18
   90    228  1.6337e-19  3.7248e-17
   90    230  6.8785e-15  1.5820e-12
   90    232  1.1974e-09  2.7781e-07
   91    231  1.8123e-14  4.1865e-12
   92    234  2.2398e-14  5.2412e-12
   92    235  3.9061e-10  9.1793e-08
   92    236  9.2582e-13  2.1849e-10
   92    238  4.0747e-10  9.6978e-08
   94    240  1.8319e-16  4.3965e-14
   94    244  2.2298e-12  5.4408e-10
   96    247  2.4171e-19  5.9703e-17
   97    246  4.4068e-14  1.0841e-11
  100    258  2.7024e-11  6.9722e-09
  100    260  1.4649e-11  3.8088e-09
  100    262  1.1612e-11  3.0424e-09
  102    261  1.1796e-11  3.0788e-09
  102    263  7.9324e-12  2.0862e-09
  102    264  6.6939e-12  1.7672e-09
  102    266  4.9951e-12  1.3287e-09
  103    265  5.0128e-12  1.3284e-09
  104    267  3.0959e-12  8.2660e-10
  104    268  1.9199e-12  5.1454e-10
  104    270  1.5173e-12  4.0968e-10
  104    272  4.5343e-13  1.2333e-10
  104    274  1.4728e-13  4.0355e-11
  105    269  3.3099e-12  8.9036e-10
  105    271  8.0994e-13  2.1949e-10
  106    273  2.1967e-13  5.9970e-11
  106    275  5.0136e-14  1.3787e-11
  106    276  3.9171e-14  1.0811e-11
  106    278  5.0567e-15  1.4058e-12
  106    280  1.3278e-16  3.7177e-14
  107    277  6.6586e-15  1.8444e-12
  108    279  8.0131e-16  2.2356e-13
  108    281  1.7481e-17  4.9121e-15
  108    282  3.1204e-18  8.7995e-16
  108    283  6.2005e-20  1.7547e-17
    1      1  1.1143e-09  1.1143e-09
    2      4  2.2911e+09  9.1645e+09


