    1      2  6.1381e-10  1.2276e-09
    2      3  9.0840e-12  2.7252e-11
    3      6  1.6787e-12  1.0072e-11
    3      7  1.7182e-11  1.2027e-10
    4      8  5.2854e-13  4.2283e-12
    4      9  2.0074e-17  1.8067e-16
    5     10  4.2554e-12  4.2554e-11
    5     11  1.6999e-11  1.8699e-10
    6     12  4.4398e-09  5.3278e-08
    6     13  1.5623e-11  2.0310e-10
    7     14  1.3757e-07  1.9260e-06
    7     15  1.6901e-08  2.5351e-07
    8     16  1.4583e-09  2.3333e-08
    8     17  1.0610e-10  1.8038e-09
    8     18  4.4121e-08  7.9419e-07
    9     19  2.0034e-08  3.8064e-07
   10     20  2.5220e-08  5.0440e-07
   10     21  3.1796e-08  6.6771e-07
   10     22  7.6388e-09  1.6805e-07
   11     23  2.0651e-08  4.7498e-07
   12     24  2.7496e-08  6.5991e-07
   12     25  5.5739e-08  1.3935e-06
   12     26  9.3136e-07  2.4215e-05
   13     26  7.5906e-16  1.9736e-14
   13     27  3.2272e-08  8.7134e-07
   14     28  8.9449e-08  2.5046e-06
   14     29  3.1430e-08  9.1148e-07
   14     30  2.0811e-08  6.2433e-07
   15     31  1.7772e-08  5.5092e-07
   16     32  5.3356e-08  1.7074e-06
   16     33  8.9049e-07  2.9386e-05
   16     34  6.9087e-07  2.3490e-05
   16     36  2.1473e-08  7.7302e-07
   17     35  1.1016e-08  3.8557e-07
   17     37  1.6895e-07  6.2513e-06
   18     36  1.1566e-18  4.1638e-17
   18     38  3.0566e-07  1.1615e-05
   18     40  5.6658e-07  2.2663e-05
   19     39  3.4292e-07  1.3374e-05
   19     41  4.3001e-08  1.7630e-06
   20     42  9.0911e-07  3.8183e-05
   20     43  4.5445e-07  1.9541e-05
   20     44  2.7797e-07  1.2231e-05
   20     46  1.3235e-06  6.0879e-05
   21     45  1.0537e-06  4.7414e-05
   22     46  1.3975e-18  6.4287e-17
   22     47  7.7780e-07  3.6557e-05
   22     48  4.3856e-07  2.1051e-05
   22     49  2.3793e-07  1.1658e-05
   22     50  3.7967e-07  1.8983e-05
   23     51  3.2242e-07  1.6443e-05
   24     52  1.1166e-07  5.8065e-06
   24     53  1.8513e-07  9.8119e-06
   24     54  4.4500e-07  2.4030e-05
   25     55  1.3252e-07  7.2886e-06
   26     56  1.2258e-06  6.8643e-05
   26     57  2.9743e-06  1.6954e-04
   26     58  7.1599e-08  4.1527e-06
   27     59  7.7990e-08  4.6014e-06
   28     60  1.5417e-07  9.2500e-06
   28     61  1.6550e-07  1.0096e-05
   28     62  1.2608e-07  7.8169e-06
   28     64  1.3537e-07  8.6640e-06
   29     63  1.9578e-06  1.2334e-04
   29     65  1.4583e-07  9.4789e-06
   30     64  1.0186e-18  6.5191e-17
   30     66  5.0513e-07  3.3339e-05
   30     67  6.3732e-07  4.2701e-05
   30     68  1.9641e-07  1.3356e-05
   30     70  1.5461e-06  1.0822e-04
   31     69  3.3024e-07  2.2786e-05
   31     71  3.1013e-07  2.2019e-05
   32     70  3.5861e-14  2.5103e-12
   32     72  7.9026e-07  5.6898e-05
   32     73  9.0960e-07  6.6400e-05
   32     74  2.7671e-06  2.0477e-04
   32     76  3.8878e-07  2.9547e-05
   33     75  8.9350e-07  6.7012e-05
   34     76  6.6328e-13  5.0409e-11
   34     77  1.8161e-06  1.3984e-04
   34     78  9.7881e-06  7.6347e-04
   34     80  1.9766e-05  1.5813e-03
   34     82  6.0250e-06  4.9405e-04
   35     79  1.5352e-05  1.2128e-03
   35     81  5.1673e-06  4.1855e-04
   36     82  3.8735e-12  3.1762e-10
   36     83  3.2930e-06  2.7332e-04
   36     84  4.5040e-06  3.7833e-04
   36     86  3.1349e-06  2.6960e-04
   37     85  3.4714e-06  2.9507e-04
   37     87  2.6132e-06  2.2734e-04
   38     86  7.5530e-19  6.4956e-17
   38     87  1.9134e-08  1.6647e-06
   38     88  3.5417e-06  3.1167e-04
   39     89  2.3766e-06  2.1152e-04
   40     90  2.9360e-06  2.6424e-04
   40     91  1.9250e-06  1.7518e-04
   40     92  4.6159e-06  4.2466e-04
   40     94  4.0722e-06  3.8279e-04
   41     93  1.4840e-06  1.3801e-04
   42     95  3.5790e-06  3.4000e-04
   42     96  2.8069e-06  2.6946e-04
   42     97  3.1579e-06  3.0632e-04
   42     98  1.4211e-06  1.3927e-04
   42    100  2.7041e-06  2.7041e-04
   44     99  1.7476e-06  1.7301e-04
   44    100  3.5103e-12  3.5103e-10
   44    101  3.6893e-06  3.7262e-04
   44    102  4.0559e-06  4.1370e-04
   44    104  3.3392e-06  3.4728e-04
   45    103  5.0030e-06  5.1531e-04
   46    104  1.0380e-16  1.0795e-14
   46    105  2.0172e-06  2.1180e-04
   46    106  3.2028e-06  3.3950e-04
   46    108  2.5982e-06  2.8060e-04
   46    110  5.1679e-06  5.6847e-04
   47    107  2.0160e-06  2.1571e-04
   47    109  3.7320e-06  4.0679e-04
   48    110  9.1089e-13  1.0020e-10
   48    111  8.5113e-07  9.4476e-05
   48    112  2.7625e-06  3.0940e-04
   48    113  1.4734e-06  1.6649e-04
   48    114  1.4302e-06  1.6304e-04
   48    116  2.0627e-07  2.3928e-05
   49    113  6.4844e-14  7.3274e-12
   49    115  1.3954e-06  1.6047e-04
   50    115  1.1133e-12  1.2803e-10
   50    116  1.8351e-12  2.1287e-10
   50    117  5.1301e-07  6.0022e-05
   50    118  3.1903e-07  3.7646e-05
   50    119  2.6607e-07  3.1662e-05
   50    120  1.6893e-06  2.0272e-04
   50    122  3.5201e-06  4.2945e-04
   50    124  1.7411e-05  2.1590e-03
   51    121  1.5840e-06  1.9166e-04
   51    123  3.4975e-06  4.3020e-04
   52    122  3.2924e-13  4.0167e-11
   52    124  9.2477e-15  1.1467e-12
   52    125  4.0812e-05  5.1015e-03
   52    126  1.8196e-04  2.2927e-02
   52    128  3.3228e-04  4.2532e-02
   52    130  1.5061e-04  1.9580e-02
   53    127  2.2832e-04  2.8996e-02
   53    129  5.3474e-13  6.8982e-11
   54    128  6.0620e-14  7.7593e-12
   54    129  3.2271e-04  4.1630e-02
   54    130  4.7032e-12  6.1142e-10
   54    131  3.0973e-05  4.0574e-03
   54    132  4.8780e-05  6.4389e-03
   54    134  2.5110e-05  3.3647e-03
   54    136  1.3816e-05  1.8790e-03
   55    133  5.3904e-05  7.1693e-03
   56    134  3.6750e-16  4.9245e-14
   56    135  1.2456e-05  1.6816e-03
   56    136  1.1354e-13  1.5442e-11
   56    137  3.1306e-06  4.2889e-04
   56    138  2.3102e-06  3.1880e-04
   57    139  2.5574e-06  3.5547e-04
   58    140  6.3716e-06  8.9203e-04
   58    142  7.7784e-07  1.1045e-04
   59    141  3.3905e-06  4.7807e-04
   60    142  3.4140e-17  4.8478e-15
   60    143  2.4378e-07  3.4861e-05
   60    144  4.3437e-07  6.2549e-05
   60    145  3.4155e-07  4.9525e-05
   60    146  4.7708e-07  6.9654e-05
   60    148  2.6698e-07  3.9513e-05
   60    150  2.2181e-07  3.3272e-05
   62    147  4.9346e-07  7.2539e-05
   62    148  7.9388e-13  1.1749e-10
   62    149  1.3790e-07  2.0547e-05
   62    150  1.9652e-12  2.9479e-10
   62    152  3.2108e-07  4.8804e-05
   62    154  2.2881e-07  3.5237e-05
   63    151  6.8313e-08  1.0315e-05
   63    153  2.2847e-07  3.4956e-05
   64    154  3.0796e-14  4.7426e-12
   64    155  6.9753e-07  1.0812e-04
   64    156  5.4918e-08  8.5672e-06
   64    157  2.0086e-07  3.1536e-05
   64    158  3.1889e-07  5.0385e-05
   64    160  3.6626e-08  5.8601e-06
   65    159  2.5487e-09  4.0524e-07
   66    160  3.2342e-16  5.1747e-14
   66    161  7.2830e-08  1.1726e-05
   66    162  4.0111e-08  6.4980e-06
   66    163  4.6205e-08  7.5314e-06
   66    164  6.5218e-08  1.0696e-05
   67    165  3.9889e-08  6.5817e-06
   68    166  1.3872e-07  2.3027e-05
   68    167  1.2649e-07  2.1124e-05
   68    168  6.9923e-08  1.1747e-05
   68    170  7.7143e-08  1.3114e-05
   69    169  3.1386e-07  5.3043e-05
   70    170  9.5213e-16  1.6186e-13
   70    171  8.4317e-08  1.4418e-05
   70    172  4.3997e-08  7.5675e-06
   70    173  2.5899e-08  4.4805e-06
   70    174  6.9294e-08  1.2057e-05
   70    176  3.5261e-08  6.2060e-06
   71    175  1.8288e-08  3.2005e-06
   71    176  1.4105e-17  2.4824e-15
   72    176  1.3206e-19  2.3242e-17
   72    177  9.3490e-08  1.6548e-05
   72    178  3.1668e-08  5.6369e-06
   72    179  1.4985e-08  2.6824e-06
   72    180  1.6439e-08  2.9590e-06
   73    181  1.3872e-08  2.5108e-06
   74    182  8.5991e-09  1.5650e-06
   74    183  4.2656e-09  7.8061e-07
   74    184  1.6988e-09  3.1257e-07
   74    186  4.1489e-10  7.7169e-08
   75    185  3.6688e-10  6.7873e-08
   75    187  2.7985e-10  5.2332e-08
   76    187  2.2744e-12  4.2532e-10
   76    188  7.0283e-10  1.3213e-07
   76    189  3.7840e-10  7.1517e-08
   76    190  8.1201e-10  1.5428e-07
   76    192  7.5426e-10  1.4482e-07
   77    191  1.6493e-09  3.1502e-07
   77    193  4.2189e-10  8.1424e-08
   78    192  7.7659e-19  1.4910e-16
   78    194  1.0267e-09  1.9917e-07
   78    195  5.7329e-10  1.1179e-07
   78    196  3.3705e-10  6.6062e-08
   78    198  7.7834e-11  1.5411e-08
   79    197  1.9374e-10  3.8166e-08
   80    198  6.8293e-20  1.3522e-17
   80    199  2.4604e-11  4.8962e-09
   80    200  3.4178e-11  6.8357e-09
   80    201  4.4447e-12  8.9338e-10
   80    202  1.3336e-12  2.6938e-10
   80    204  1.0673e-14  2.1774e-12
   81    203  1.4070e-13  2.8562e-11
   81    205  1.1085e-15  2.2725e-13
   82    206  1.8231e-16  3.7555e-14
   82    207  3.3455e-17  6.9251e-15
   82    208  2.7006e-17  5.6172e-15
   83    209  1.6673e-17  3.4847e-15
   90    232  1.0731e-19  2.4897e-17
   92    235  2.3710e-20  5.5719e-18
    1      1  2.8441e-09  2.8441e-09
    2      4  1.9799e-01  7.9194e-01


