1  6.1076e-09
2  1.2590e-08
3  1.3761e-09
4  2.1656e-01
5  0.0000e+00
6  3.1777e-11
7  2.3071e-09
8  2.0925e-08
9  9.7600e-09
10  2.2770e-07
11  2.4936e-09
12  8.0342e-09
13  8.6793e-08
14  6.4103e-08
15  1.0653e-05
16  3.0692e-07
17  1.1655e-08
18  6.7696e-08
19  8.3421e-07
20  1.2147e-06
21  6.5406e-07
22  6.5095e-09
23  7.8405e-07
24  2.8178e-07
25  3.7327e-07
26  6.6999e-08
27  9.7486e-08
28  1.6790e-07
29  4.9616e-08
30  3.9806e-08
31  2.6394e-08
32  6.3563e-08
33  3.1500e-07
34  2.4677e-07
35  1.1926e-08
36  1.3139e-08
37  5.0303e-09
38  2.2435e-08
39  1.9648e-08
40  6.6360e-09
41  3.3063e-08
42  9.2611e-08
43  1.8474e-08
44  2.9560e-08
45  2.6721e-08
46  8.8107e-09
47  1.4445e-08
48  2.4503e-08
49  1.3648e-08
50  1.1790e-08
51  9.4780e-09
52  3.5048e-08
53  2.5160e-08
54  1.2194e-08
55  5.0319e-09
56  2.0668e-08
57  5.3638e-08
58  1.4801e-09
59  2.3426e-09
60  4.7267e-09
61  7.0030e-09
62  6.0753e-09
63  4.3290e-08
64  1.6939e-08
65  1.7960e-08
66  3.6422e-08
67  3.3468e-08
68  1.2900e-08
69  7.4464e-09
70  2.9863e-08
71  8.1853e-09
72  3.3356e-08
73  1.9828e-08
74  5.8097e-08
75  1.3332e-07
76  1.3636e-07
77  1.4376e-07
78  9.8008e-08
79  8.0654e-08
80  3.3398e-07
81  1.8477e-07
82  1.7771e-07
83  1.9260e-07
84  7.0911e-08
85  5.6596e-08
86  1.0949e-07
87  9.7849e-08
88  8.2727e-08
89  5.7649e-08
90  8.9672e-08
91  2.7933e-08
92  4.0259e-08
93  3.9199e-08
94  1.2531e-07
95  8.2437e-08
96  6.0628e-08
97  7.2636e-08
98  1.3957e-08
99  1.7075e-08
100  2.1178e-08
101  2.3161e-08
102  1.6395e-08
103  2.0540e-08
104  2.0098e-08
105  1.9060e-08
106  4.2699e-08
107  3.6064e-08
108  1.4530e-07
109  1.4382e-06
110  3.2007e-06
111  5.3926e-07
112  2.3846e-06
113  1.4556e-06
114  1.6352e-06
115  1.5639e-06
116  1.4837e-07
117  2.6321e-07
118  1.3571e-07
119  8.0822e-08
120  3.1150e-07
121  1.6744e-07
122  2.7547e-07
123  2.0882e-07
124  7.6085e-07
125  8.0802e-07
126  1.7226e-06
127  2.0593e-06
128  3.1538e-06
129  3.2929e-06
130  1.9498e-06
131  1.1791e-06
132  9.4810e-07
133  6.2400e-07
134  6.9471e-07
135  5.2634e-07
136  9.7136e-07
137  9.2102e-07
138  7.7378e-07
139  3.3111e-07
140  4.7951e-07
141  9.1392e-07
142  4.5048e-07
143  4.8537e-07
144  8.4071e-07
145  3.8124e-07
146  4.7730e-07
147  4.7130e-07
148  2.2199e-07
149  9.8775e-08
150  1.6069e-07
151  1.0329e-07
152  2.4984e-07
153  1.3806e-07
154  2.7172e-07
155  3.2527e-07
156  1.8207e-07
157  2.5662e-07
158  5.0915e-07
159  3.8457e-08
160  2.8341e-07
161  2.9215e-07
162  1.9848e-07
163  1.5968e-07
164  3.9432e-07
165  2.7226e-07
166  7.1790e-07
167  5.9529e-07
168  4.4340e-07
169  1.0719e-06
170  2.9028e-07
171  3.2932e-07
172  3.1776e-07
173  2.2755e-07
174  6.6241e-07
175  3.7258e-07
176  7.6842e-07
177  1.4351e-06
178  9.1888e-07
179  4.9898e-07
180  7.5368e-07
181  9.2762e-07
182  8.6618e-07
183  5.5014e-07
184  4.0494e-07
185  1.9917e-07
186  2.2015e-07
187  1.3436e-07
188  1.4248e-07
189  9.3329e-08
190  4.7431e-07
191  1.1338e-06
192  2.5832e-06
193  2.4544e-06
194  7.0257e-06
195  9.7248e-06
196  1.4356e-05
197  1.4931e-05
198  1.1150e-05
199  5.1943e-06
200  4.3766e-06
201  7.8306e-07
202  5.5635e-07
203  2.8644e-07
204  3.6691e-07
205  4.2876e-07
206  1.5303e-05
207  1.8222e-05
208  9.9228e-06
209  3.1523e-05
210  2.5778e-12
211  7.5286e-18
212  7.2499e-18
213  3.9523e-44
214  1.3501e-18
215  2.0755e-24
216  8.4000e-24
217  1.1411e-95
218  2.3202e-20
219  2.9132e-21
220  3.2210e-21
221  6.1936e-320
222  4.1188e-17
223  7.2678e-16
224  1.8191e-17
225  2.3820e-40
226  6.3024e-12
227  5.0657e-13
228  5.8499e-11
229  8.8847e-30
230  2.9703e-10
231  7.5771e-10
232  2.5605e-05
233  3.1752e-27
234  9.6721e-10
235  1.6331e-05
236  8.8345e-08
237  -1.2525e-318
238  1.7596e-05
239  6.7679e-17
240  1.7489e-11
241  0.0000e+00
242  3.7904e-122
243  2.0690e-17
244  2.1288e-07
245  0.0000e+00
246  3.2901e-09
247  4.3667e-14
248  2.8716e-121
249  0.0000e+00
250  0.0000e+00
251  -7.8905e-314
252  0.0000e+00
253  0.0000e+00
254  0.0000e+00
255  0.0000e+00
256  0.0000e+00
257  7.8613e-26
258  5.1940e-06
259  5.0898e-26
260  5.9348e-06
261  4.9929e-06
262  5.8800e-06
263  5.9090e-06
264  7.6793e-06
265  6.4075e-06
266  8.4472e-06
267  4.7721e-06
268  4.0511e-06
269  8.9900e-06
270  1.0336e-05
271  1.0288e-05
272  1.9308e-05
273  2.5232e-05
274  2.5518e-05
275  2.4166e-05
276  3.2648e-05
277  9.0485e-06
278  1.3286e-05
279  5.5119e-06
280  1.8767e-06
281  4.6952e-07
282  4.0039e-07
283  3.0565e-07
284  6.3866e-07
285  8.6167e-07
286  1.1353e-06
287  1.1761e-06
288  1.2667e-06
289  7.0819e-07
290  7.9966e-07
291  3.5885e-07
292  2.8952e-06
293  1.4924e-06
294  3.2280e-06
295  1.8745e-06
296  1.6570e-06
297  9.5058e-07
298  1.4982e-06
299  2.3974e-07
300  1.5179e-07
301  4.2709e-06
302  3.0744e-06
303  3.6229e-06
304  3.0196e-06
305  1.0704e-06
306  2.4238e-06
307  1.4458e-06
308  5.9038e-07
309  8.1957e-07
310  9.0600e-07
311  4.3160e-07
312  3.8720e-07
313  3.5003e-07
314  2.5885e-07
315  3.0901e-07
316  2.9231e-07
317  1.7442e-07
318  3.0136e-07
319  1.6291e-07
320  1.9999e-07
321  1.0526e-07
322  9.3203e-08
323  2.3068e-07
324  1.4691e-07
325  2.7799e-08
326  1.1490e-07
327  1.3521e-07
328  4.3448e-08
329  7.6221e-08
330  3.6446e-08
331  3.9613e-08
332  4.3006e-08
333  8.5517e-09
334  5.9291e-09
335  1.0402e-09
336  1.5210e-08
337  9.4221e-09

