1  1.7592e-09
2  1.4500e-01
3  9.0292e-19
4  6.3254e-19
5  1.5120e-18
6  3.8149e-07
7  1.1010e-16
8  2.6485e-09
9  3.2762e-21
10  3.1767e-09
11  3.6474e-13
12  4.3078e-09
13  6.4327e-10
14  2.3006e-08
15  4.2707e-09
16  4.7263e-08
17  2.3856e-08
18  3.7175e-08
19  6.5200e-09
20  1.7497e-07
21  1.0510e-08
22  7.6418e-07
23  4.6360e-07
24  5.6849e-07
25  6.1938e-09
26  2.3032e-06
27  4.2754e-08
28  2.1925e-06
29  1.6785e-06
30  1.0203e-05
31  1.2473e-06
32  1.1208e-05
33  2.9096e-06
34  6.3341e-05
35  6.0634e-06
36  2.5348e-05
37  1.2140e-05
38  2.0905e-04
39  8.8392e-05
40  1.4876e-03
41  4.3497e-05
42  6.3865e-04
43  2.3386e-27
44  1.0482e-03
45  2.4441e-04
46  3.0773e-04
47  8.6948e-05
48  3.4758e-05
49  4.9730e-06
50  2.9536e-06
51  5.1951e-07
52  6.4740e-08
53  3.7445e-09
54  7.5678e-09
55  5.6343e-14
56  6.4267e-18
57  6.6966e-22
58  2.2517e-21
59  6.5829e-24
60  8.0085e-24
61  0.0000e+00
62  0.0000e+00
63  0.0000e+00
64  0.0000e+00
65  0.0000e+00
66  0.0000e+00
67  0.0000e+00
68  0.0000e+00
69  0.0000e+00
70  0.0000e+00
71  0.0000e+00
72  0.0000e+00
73  0.0000e+00
74  0.0000e+00
75  0.0000e+00
76  0.0000e+00
77  0.0000e+00
78  0.0000e+00
79  0.0000e+00
80  0.0000e+00
81  0.0000e+00
82  0.0000e+00
83  0.0000e+00
84  0.0000e+00
85  0.0000e+00
86  0.0000e+00
87  0.0000e+00
88  0.0000e+00
89  0.0000e+00
90  0.0000e+00
91  0.0000e+00
92  0.0000e+00
93  0.0000e+00
94  0.0000e+00
95  0.0000e+00
96  0.0000e+00
97  0.0000e+00
98  0.0000e+00
99  0.0000e+00
100  0.0000e+00
101  0.0000e+00
102  0.0000e+00
103  0.0000e+00
104  0.0000e+00
105  0.0000e+00
106  0.0000e+00
107  0.0000e+00
108  0.0000e+00
109  0.0000e+00
110  0.0000e+00
111  0.0000e+00
112  0.0000e+00
113  0.0000e+00
114  0.0000e+00
115  0.0000e+00
116  0.0000e+00
117  0.0000e+00
118  0.0000e+00

