1  4.4199e-02
2  2.2264e-01
3  2.6710e-11
4  3.9754e-07
5  1.8725e-09
6  4.8212e-09
7  1.4074e-06
8  1.9106e-06
9  4.9145e-08
10  2.4167e-06
11  5.6456e-07
12  6.2167e-06
13  1.4745e-08
14  5.6612e-07
15  1.5945e-08
16  1.3839e-06
17  6.6237e-08
18  3.3002e-07
19  9.9325e-09
20  5.7662e-09
21  5.3735e-10
22  3.5000e-08
23  1.7969e-10
24  7.0548e-10
25  6.0949e-11
26  1.0834e-09
27  8.5076e-12
28  5.2438e-09
29  1.9505e-10
30  3.9687e-10
31  2.9973e-11
32  8.5379e-10
33  7.9572e-11
34  2.9651e-09
35  2.3779e-10
36  1.1144e-09
37  4.7563e-10
38  2.8366e-10
39  3.0910e-10
40  7.4439e-10
41  2.1220e-10
42  1.2347e-09
43  1.1564e-35
44  2.4278e-10
45  2.9475e-11
46  3.1723e-10
47  4.8104e-11
48  3.3041e-10
49  7.7093e-11
50  1.0421e-09
51  6.5461e-11
52  1.9133e-09
53  3.4861e-11
54  3.6934e-08
55  6.4650e-09
56  1.0500e-08
57  4.1683e-10
58  1.1547e-09
59  8.4261e-11
60  4.7484e-10
61  1.2757e-89
62  1.0459e-10
63  1.7374e-11
64  3.0162e-11
65  8.9194e-13
66  5.4780e-12
67  1.7672e-12
68  1.0458e-11
69  6.0530e-12
70  1.1986e-11
71  1.4008e-12
72  6.6935e-12
73  1.5119e-11
74  1.1148e-11
75  1.1346e-12
76  2.2363e-11
77  4.7447e-12
78  3.0115e-11
79  6.2387e-12
80  2.5620e-11
81  1.7995e-11
82  2.8466e-10
83  1.8579e-10
84  5.2731e-22
85  2.2361e-25
86  2.4103e-14
87  5.9925e-27
88  2.2383e-17
89  2.2597e-19
90  9.3313e-12
91  3.3877e-16
92  1.0313e-11
93  1.3055e-25
94  8.7826e-14
95  1.6058e-21
96  3.3893e-18
97  6.5403e-16
98  1.6125e-287
99  8.8932e-323
100  5.7855e-10
101  5.7757e-185
102  1.3661e-09
103  4.4713e-10
104  8.3312e-11
105  5.1127e-11
106  2.8906e-10
107  1.8504e-11
108  7.4985e-08
109  -4.3229e-319
110  7.2010e-08
111  1.8559e-04
112  0.0000e+00
113  0.0000e+00
114  0.0000e+00
115  0.0000e+00
116  0.0000e+00
117  0.0000e+00
118  0.0000e+00

