1  4.6245e-09
2  2.0340e-01
3  3.4682e-10
4  5.0748e-10
5  1.1364e-09
6  1.2208e-07
7  4.9486e-06
8  1.9792e-07
9  6.2645e-07
10  1.1783e-06
11  8.0785e-07
12  5.5380e-07
13  3.0713e-07
14  1.0763e-06
15  1.0056e-07
16  2.5084e-06
17  9.6730e-08
18  2.7367e-07
19  2.6778e-07
20  9.5870e-07
21  1.4817e-07
22  7.1021e-07
23  3.7746e-08
24  4.8274e-07
25  1.0895e-07
26  6.3843e-07
27  1.6076e-08
28  3.3417e-07
29  3.3376e-07
30  8.4568e-07
31  2.5863e-07
32  4.0235e-06
33  2.0184e-06
34  1.3463e-05
35  6.4470e-06
36  6.1672e-06
37  4.4994e-06
38  3.3211e-06
39  7.1017e-07
40  9.0024e-06
41  2.1899e-06
42  4.6342e-06
43  6.1551e-32
44  3.2631e-06
45  5.8560e-07
46  4.3935e-05
47  2.3933e-05
48  5.2273e-05
49  6.8582e-06
50  1.8475e-05
51  3.4753e-06
52  1.3055e-04
53  3.1918e-05
54  1.3549e-04
55  1.1970e-05
56  5.1649e-05
57  7.1073e-06
58  3.4387e-05
59  5.3221e-05
60  3.6343e-05
61  1.0204e-84
62  2.3842e-05
63  1.9702e-05
64  4.7062e-05
65  7.2642e-06
66  4.1372e-05
67  7.1419e-06
68  4.4725e-05
69  1.1495e-05
70  5.3569e-05
71  1.1179e-05
72  2.9990e-05
73  2.9778e-06
74  8.2849e-06
75  2.9672e-06
76  6.9553e-05
77  6.8461e-05
78  9.1948e-05
79  5.5733e-06
80  1.0188e-06
81  4.3829e-07
82  1.8000e-06
83  5.0300e-07
84  6.8647e-19
85  1.8209e-27
86  1.8955e-20
87  8.1257e-24
88  8.3511e-14
89  3.0568e-16
90  3.5286e-08
91  4.5828e-13
92  1.7997e-08
93  8.6950e-23
94  5.9132e-11
95  2.7442e-21
96  5.8058e-18
97  1.0203e-12
98  -8.9349e-314
99  -3.9031e-322
100  3.8690e-10
101  2.9472e-313
102  1.9592e-10
103  1.8745e-11
104  2.4972e-11
105  1.2465e-11
106  2.0939e-12
107  3.7115e-14
108  4.7652e-15
109  -4.2106e-319
110  4.6440e-16
111  3.5063e-16
112  0.0000e+00
113  0.0000e+00
114  0.0000e+00
115  0.0000e+00
116  0.0000e+00
117  0.0000e+00
118  0.0000e+00

