    1      2  7.8854e-15  1.5771e-14
    2      3  1.0731e-18  3.2192e-18
    3      6  1.1984e-16  7.1903e-16
    3      7  1.0302e-18  7.2111e-18
    4      8  8.8406e-15  7.0725e-14
    4      9  1.7107e-18  1.5396e-17
    5     10  2.3708e-17  2.3708e-16
    5     11  1.0962e-19  1.2058e-18
    6     12  1.9403e-08  2.3284e-07
    6     13  9.1042e-14  1.1835e-12
    7     14  1.9416e-11  2.7182e-10
    7     15  4.3943e-10  6.5914e-09
    8     16  6.5853e-10  1.0537e-08
    8     17  2.1805e-13  3.7069e-12
    8     18  2.5712e-10  4.6281e-09
    9     19  3.4234e-10  6.5044e-09
   10     20  1.1209e-10  2.2418e-09
   10     21  8.8022e-10  1.8485e-08
   10     22  5.6592e-10  1.2450e-08
   11     23  1.9863e-09  4.5686e-08
   12     24  1.3672e-09  3.2813e-08
   12     25  2.8625e-09  7.1563e-08
   12     26  1.0403e-08  2.7047e-07
   13     26  5.1421e-14  1.3369e-12
   13     27  1.1453e-09  3.0923e-08
   14     28  4.2847e-09  1.1997e-07
   14     29  1.1416e-08  3.3106e-07
   14     30  2.1774e-08  6.5321e-07
   15     31  3.3296e-09  1.0322e-07
   16     32  3.4832e-08  1.1146e-06
   16     33  1.5728e-07  5.1902e-06
   16     34  1.2076e-07  4.1058e-06
   16     36  4.0642e-08  1.4631e-06
   17     35  2.1995e-08  7.6983e-07
   17     37  2.8155e-07  1.0417e-05
   18     36  4.0178e-17  1.4464e-15
   18     38  4.9798e-07  1.8923e-05
   18     40  1.9025e-07  7.6098e-06
   19     39  1.4123e-07  5.5079e-06
   19     41  6.2603e-08  2.5667e-06
   20     42  3.6329e-07  1.5258e-05
   20     43  5.2405e-08  2.2534e-06
   20     44  1.2817e-07  5.6394e-06
   20     46  1.0065e-06  4.6299e-05
   21     45  5.1696e-07  2.3263e-05
   22     46  2.2227e-20  1.0224e-18
   22     47  5.5415e-07  2.6045e-05
   22     48  2.7590e-07  1.3243e-05
   22     49  1.1997e-06  5.8786e-05
   22     50  1.7907e-06  8.9537e-05
   23     51  4.2418e-07  2.1633e-05
   24     52  3.7945e-08  1.9731e-06
   24     53  1.1064e-06  5.8641e-05
   24     54  4.2188e-06  2.2781e-04
   25     55  1.4382e-07  7.9100e-06
   26     56  1.4367e-06  8.0456e-05
   26     57  1.6112e-07  9.1839e-06
   26     58  9.6183e-09  5.5786e-07
   27     59  2.6031e-08  1.5358e-06
   28     60  2.2218e-07  1.3331e-05
   28     61  3.8371e-07  2.3406e-05
   28     62  2.1057e-07  1.3055e-05
   28     64  5.4739e-08  3.5033e-06
   29     63  3.0640e-07  1.9303e-05
   29     65  1.5859e-07  1.0308e-05
   30     64  1.2889e-20  8.2492e-19
   30     66  1.2494e-06  8.2463e-05
   30     67  1.0252e-06  6.8688e-05
   30     68  3.8907e-07  2.6457e-05
   30     70  7.4589e-07  5.2212e-05
   31     69  3.1041e-07  2.1419e-05
   31     71  1.4293e-07  1.0148e-05
   32     70  9.2562e-16  6.4794e-14
   32     72  4.1446e-07  2.9841e-05
   32     73  6.2832e-06  4.5868e-04
   32     74  4.3154e-06  3.1934e-04
   32     76  5.0208e-06  3.8158e-04
   33     75  1.2723e-06  9.5423e-05
   34     76  3.5177e-14  2.6735e-12
   34     77  1.7474e-05  1.3455e-03
   34     78  1.9719e-05  1.5381e-03
   34     80  1.7888e-05  1.4310e-03
   34     82  2.3758e-05  1.9482e-03
   35     79  4.9841e-06  3.9374e-04
   35     81  1.7266e-05  1.3985e-03
   36     82  3.8645e-13  3.1689e-11
   36     83  9.3696e-06  7.7768e-04
   36     84  1.0472e-05  8.7963e-04
   36     86  1.6499e-05  1.4189e-03
   37     85  9.4572e-06  8.0386e-04
   37     87  9.8934e-06  8.6073e-04
   38     86  5.3082e-20  4.5651e-18
   38     87  7.2442e-08  6.3024e-06
   38     88  2.1902e-05  1.9273e-03
   39     89  5.7666e-06  5.1323e-04
   40     90  1.6916e-06  1.5224e-04
   40     91  3.2560e-06  2.9630e-04
   40     92  3.3068e-05  3.0422e-03
   40     94  7.8581e-06  7.3866e-04
   41     93  1.1481e-05  1.0677e-03
   42     95  4.9211e-06  4.6751e-04
   42     96  4.2162e-05  4.0475e-03
   42     97  1.5786e-05  1.5312e-03
   42     98  3.3333e-06  3.2667e-04
   42    100  6.1241e-05  6.1241e-03
   44     99  2.7389e-05  2.7115e-03
   44    100  1.3486e-12  1.3486e-10
   44    101  8.9260e-05  9.0152e-03
   44    102  2.2051e-05  2.2492e-03
   44    104  2.0692e-04  2.1520e-02
   45    103  3.5942e-05  3.7020e-03
   46    104  8.2100e-18  8.5384e-16
   46    105  8.7420e-05  9.1791e-03
   46    106  2.2009e-04  2.3329e-02
   46    108  1.4254e-04  1.5395e-02
   46    110  4.9759e-04  5.4735e-02
   47    107  2.6783e-04  2.8658e-02
   47    109  3.5058e-04  3.8213e-02
   48    110  2.2305e-12  2.4535e-10
   48    111  6.6081e-05  7.3350e-03
   48    112  1.3415e-04  1.5025e-02
   48    113  8.7214e-05  9.8552e-03
   48    114  8.6938e-05  9.9109e-03
   48    116  2.0588e-06  2.3882e-04
   49    113  3.8383e-12  4.3373e-10
   49    115  2.9758e-05  3.4222e-03
   50    115  2.3743e-11  2.7304e-09
   50    116  1.2301e-12  1.4269e-10
   50    117  1.1183e-05  1.3084e-03
   50    118  5.6075e-06  6.6168e-04
   50    119  2.5233e-06  3.0028e-04
   50    120  3.6294e-06  4.3553e-04
   50    122  3.4674e-06  4.2302e-04
   50    124  7.0187e-06  8.7032e-04
   51    121  1.5359e-06  1.8585e-04
   51    123  2.3390e-06  2.8770e-04
   52    122  1.2407e-14  1.5136e-12
   52    124  3.7286e-16  4.6235e-14
   52    125  7.7910e-06  9.7388e-04
   52    126  2.5326e-05  3.1910e-03
   52    128  6.1994e-05  7.9353e-03
   52    130  2.6455e-06  3.4391e-04
   53    127  3.4934e-05  4.4366e-03
   53    129  8.2249e-14  1.0610e-11
   54    128  1.2817e-16  1.6405e-14
   54    129  2.3035e-05  2.9715e-03
   54    130  6.5805e-15  8.5547e-13
   54    131  3.2029e-08  4.1958e-06
   54    132  8.3001e-08  1.0956e-05
   54    134  2.3779e-08  3.1864e-06
   54    136  6.8063e-09  9.2565e-07
   55    133  1.2697e-07  1.6886e-05
   56    135  7.4290e-09  1.0029e-06
   56    136  1.6150e-18  2.1964e-16
   56    137  4.2795e-11  5.8630e-09
   56    138  8.5990e-12  1.1867e-09
   57    139  7.4649e-11  1.0376e-08
   58    140  1.6389e-10  2.2945e-08
   58    142  3.0387e-11  4.3149e-09
   59    141  4.0782e-11  5.7503e-09
   60    143  1.7363e-11  2.4830e-09
   60    144  1.0558e-12  1.5204e-10
   60    145  3.1042e-13  4.5011e-11
   60    146  1.2499e-12  1.8249e-10
   60    148  1.7955e-13  2.6573e-11
   60    150  2.4593e-13  3.6889e-11
   62    147  1.2608e-12  1.8534e-10
   62    148  3.5469e-20  5.2494e-18
   62    149  8.0755e-14  1.2032e-11
   62    150  4.6547e-20  6.9820e-18
   62    152  3.4496e-13  5.2434e-11
   62    154  1.9958e-13  3.0736e-11
   63    151  1.3000e-13  1.9629e-11
   63    153  1.9261e-13  2.9469e-11
   64    155  2.0107e-13  3.1166e-11
   64    156  3.0247e-14  4.7185e-12
   64    157  3.6764e-14  5.7720e-12
   64    158  3.0993e-14  4.8970e-12
   64    160  8.4866e-15  1.3579e-12
   65    159  3.8971e-15  6.1963e-13
   66    161  7.2076e-15  1.1604e-12
   66    162  3.8969e-15  6.3129e-13
   66    163  2.2987e-15  3.7468e-13
   66    164  3.7533e-15  6.1554e-13
   67    165  2.0834e-15  3.4375e-13
   68    166  4.2011e-15  6.9738e-13
   68    167  1.5229e-15  2.5432e-13
   68    168  1.0486e-15  1.7616e-13
   68    170  2.6248e-16  4.4621e-14
   69    169  1.3051e-15  2.2057e-13
   70    171  1.0738e-16  1.8363e-14
   70    172  6.9805e-17  1.2006e-14
   70    173  3.0107e-17  5.2086e-15
   70    174  2.7693e-17  4.8186e-15
   70    176  9.5779e-18  1.6857e-15
   71    175  9.5244e-18  1.6668e-15
   72    177  4.7729e-18  8.4481e-16
   72    178  9.2241e-19  1.6419e-16
   72    179  2.3904e-19  4.2787e-17
   72    180  1.4405e-19  2.5930e-17
   73    181  1.0528e-19  1.9056e-17
   74    182  4.0177e-20  7.3123e-18
   74    183  1.7120e-20  3.1330e-18
    1      1  2.0644e-09  2.0644e-09
    2      4  1.7143e-01  6.8573e-01


