    1      2  3.6848e-16  7.3697e-16
    3      6  6.6419e-20  3.9852e-19
    4      9  4.1231e-19  3.7108e-18
    5     10  1.2948e-19  1.2948e-18
    6     12  9.7193e-08  1.1663e-06
    6     13  3.2019e-14  4.1625e-13
    7     14  1.6706e-18  2.3389e-17
    7     15  1.3968e-16  2.0952e-15
    8     16  3.0348e-09  4.8557e-08
    8     17  4.8466e-16  8.2392e-15
    8     18  8.8311e-18  1.5896e-16
    9     19  1.3059e-17  2.4813e-16
   10     20  2.9098e-09  5.8196e-08
   10     21  9.9442e-15  2.0883e-13
   10     22  4.1921e-18  9.2225e-17
   11     23  3.4984e-13  8.0463e-12
   12     24  1.6170e-09  3.8809e-08
   12     25  2.4265e-10  6.0662e-09
   12     26  3.8351e-10  9.9712e-09
   13     26  3.3902e-15  8.8146e-14
   13     27  1.9438e-10  5.2481e-09
   14     28  8.2165e-10  2.3006e-08
   14     29  9.9136e-10  2.8749e-08
   14     30  2.5922e-09  7.7767e-08
   15     31  2.2980e-09  7.1239e-08
   16     32  8.8689e-09  2.8380e-07
   16     33  3.6601e-09  1.2078e-07
   16     34  1.7076e-08  5.8058e-07
   16     36  2.8737e-09  1.0345e-07
   17     35  1.6461e-09  5.7613e-08
   17     37  5.5388e-09  2.0493e-07
   18     36  4.3972e-14  1.5830e-12
   18     38  1.0071e-08  3.8268e-07
   18     40  1.4364e-10  5.7455e-09
   19     39  1.7266e-09  6.7336e-08
   19     40  2.4155e-18  9.6621e-17
   19     41  2.4926e-10  1.0220e-08
   20     40  8.8225e-19  3.5290e-17
   20     42  1.2454e-07  5.2308e-06
   20     43  3.7818e-09  1.6262e-07
   20     44  1.4263e-08  6.2756e-07
   20     46  7.2327e-09  3.3270e-07
   21     45  2.5199e-09  1.1339e-07
   22     46  2.8131e-20  1.2940e-18
   22     47  2.0150e-07  9.4707e-06
   22     48  3.6876e-07  1.7701e-05
   22     49  3.1165e-09  1.5271e-07
   22     50  1.6960e-08  8.4799e-07
   23     51  1.5057e-07  7.6789e-06
   24     52  2.8885e-06  1.5020e-04
   24     53  3.4245e-07  1.8150e-05
   24     54  2.6371e-07  1.4240e-05
   25     55  2.3683e-08  1.3026e-06
   26     56  1.2654e-06  7.0865e-05
   26     57  7.8742e-08  4.4883e-06
   26     58  7.1584e-07  4.1519e-05
   27     59  1.7858e-06  1.0536e-04
   28     60  5.1502e-07  3.0901e-05
   28     61  4.9619e-07  3.0267e-05
   28     62  2.7015e-07  1.6749e-05
   28     64  1.0763e-06  6.8881e-05
   29     63  6.6697e-07  4.2019e-05
   29     65  1.4081e-06  9.1527e-05
   30     64  1.8148e-19  1.1614e-17
   30     66  9.2632e-07  6.1137e-05
   30     67  1.7782e-06  1.1914e-04
   30     68  1.7992e-07  1.2235e-05
   30     70  4.0234e-08  2.8164e-06
   31     69  3.7887e-08  2.6142e-06
   31     71  4.9898e-08  3.5428e-06
   32     70  8.7939e-15  6.1557e-13
   32     72  7.7415e-07  5.5739e-05
   32     73  5.1931e-06  3.7910e-04
   32     74  2.3800e-06  1.7612e-04
   32     76  4.4058e-06  3.3484e-04
   33     75  1.3396e-06  1.0047e-04
   34     76  8.0582e-13  6.1243e-11
   34     77  1.4384e-05  1.1076e-03
   34     78  1.0098e-05  7.8762e-04
   34     80  3.5467e-05  2.8374e-03
   34     82  2.5151e-07  2.0624e-05
   35     79  4.8894e-06  3.8627e-04
   35     81  3.6740e-06  2.9759e-04
   36     82  2.0487e-11  1.6799e-09
   36     83  5.1269e-06  4.2553e-04
   36     84  4.2602e-05  3.5786e-03
   36     86  1.6146e-06  1.3886e-04
   37     85  3.3216e-06  2.8233e-04
   37     87  1.6497e-05  1.4353e-03
   38     86  1.0073e-17  8.6628e-16
   38     87  1.2079e-07  1.0509e-05
   38     88  1.6207e-04  1.4262e-02
   39     89  3.6861e-05  3.2806e-03
   40     90  4.1677e-05  3.7509e-03
   40     91  4.8508e-05  4.4142e-03
   40     92  9.6014e-06  8.8333e-04
   40     94  3.2533e-04  3.0581e-02
   41     93  4.7507e-05  4.4181e-03
   42     95  7.6710e-05  7.2874e-03
   42     96  3.1557e-04  3.0294e-02
   42     97  9.8133e-05  9.5189e-03
   42     98  6.5458e-05  6.4148e-03
   42    100  2.3107e-04  2.3107e-02
   44     99  2.3377e-04  2.3143e-02
   44    100  3.8783e-11  3.8783e-09
   44    101  2.7214e-04  2.7486e-02
   44    102  1.0565e-03  1.0777e-01
   44    104  5.4057e-04  5.6219e-02
   45    103  2.5798e-04  2.6572e-02
   46    104  3.9667e-13  4.1253e-11
   46    105  5.3856e-04  5.6549e-02
   46    106  1.2836e-04  1.3607e-02
   46    108  2.3428e-04  2.5302e-02
   46    110  1.6465e-04  1.8112e-02
   47    107  8.0315e-05  8.5938e-03
   47    109  1.1233e-04  1.2244e-02
   48    110  2.4385e-11  2.6824e-09
   48    111  1.7696e-05  1.9642e-03
   48    112  4.9279e-05  5.5193e-03
   48    113  2.2643e-05  2.5586e-03
   48    114  8.2824e-05  9.4420e-03
   48    116  1.1826e-05  1.3718e-03
   49    113  9.9651e-13  1.1261e-10
   49    115  1.8870e-05  2.1701e-03
   50    115  1.5056e-11  1.7314e-09
   50    116  6.4051e-14  7.4299e-12
   50    117  2.5895e-05  3.0297e-03
   50    118  6.5127e-06  7.6850e-04
   50    119  2.1628e-06  2.5738e-04
   50    120  1.3114e-06  1.5737e-04
   50    122  5.8864e-06  7.1813e-04
   50    124  8.2607e-06  1.0243e-03
   51    121  2.9181e-06  3.5309e-04
   51    123  4.7235e-06  5.8100e-04
   52    122  5.7092e-13  6.9652e-11
   52    124  1.3708e-14  1.6998e-12
   52    125  2.9985e-06  3.7482e-04
   52    126  3.5242e-06  4.4405e-04
   52    128  6.8271e-06  8.7386e-04
   52    130  1.1870e-07  1.5431e-05
   53    127  4.5633e-06  5.7954e-04
   53    129  1.3113e-14  1.6916e-12
   54    128  1.6838e-18  2.1552e-16
   54    129  1.4181e-06  1.8294e-04
   54    130  2.4807e-15  3.2249e-13
   54    131  4.6157e-09  6.0465e-07
   54    132  1.2502e-10  1.6502e-08
   54    134  2.8767e-15  3.8547e-13
   54    136  6.9643e-15  9.4714e-13
   55    133  3.7939e-13  5.0459e-11
   56    135  2.2773e-16  3.0744e-14
   56    137  3.2935e-17  4.5121e-15
   56    138  1.8143e-16  2.5037e-14
   57    139  1.2527e-17  1.7413e-15
   58    140  1.9636e-18  2.7490e-16
   58    142  6.5433e-19  9.2915e-17
   59    141  4.0194e-19  5.6674e-17
   60    143  1.4854e-20  2.1242e-18
   60    144  9.3351e-20  1.3443e-17
   60    145  1.1020e-20  1.5979e-18
    1      1  1.4788e-09  1.4788e-09
    2      4  1.1013e-01  4.4052e-01


