    1      2  1.7106e-09  3.4212e-09
    2      3  7.5355e-11  2.2606e-10
    3      6  4.7446e-12  2.8468e-11
    3      7  1.0407e-10  7.2850e-10
    4      8  7.2577e-11  5.8062e-10
    4      9  1.0007e-11  9.0064e-11
    5     10  1.3120e-11  1.3120e-10
    5     11  1.1456e-10  1.2602e-09
    6     12  2.4752e-09  2.9702e-08
    6     13  2.6693e-08  3.4701e-07
    7     14  5.1784e-07  7.2498e-06
    7     15  2.7130e-06  4.0695e-05
    8     16  1.4730e-07  2.3568e-06
    8     17  1.4998e-09  2.5497e-08
    8     18  1.7743e-08  3.1937e-07
    9     19  5.4438e-07  1.0343e-05
   10     20  7.5228e-07  1.5046e-05
   10     21  3.0832e-07  6.4748e-06
   10     22  3.4487e-09  7.5872e-08
   11     23  3.7995e-07  8.7389e-06
   12     24  3.2905e-07  7.8971e-06
   12     25  2.1066e-07  5.2665e-06
   12     26  2.6683e-08  6.9376e-07
   13     26  1.2244e-18  3.1834e-17
   13     27  1.2152e-07  3.2811e-06
   14     28  6.5772e-07  1.8416e-05
   14     29  1.2345e-07  3.5799e-06
   14     30  1.3590e-07  4.0769e-06
   15     31  1.7371e-07  5.3849e-06
   16     32  2.3317e-07  7.4616e-06
   16     33  8.2921e-07  2.7364e-05
   16     34  8.6226e-07  2.9317e-05
   16     36  1.0644e-07  3.8318e-06
   17     35  1.3618e-08  4.7663e-07
   17     37  3.5336e-07  1.3074e-05
   18     36  3.3812e-20  1.2172e-18
   18     38  7.2201e-07  2.7436e-05
   18     40  1.2321e-06  4.9282e-05
   19     39  1.3092e-06  5.1059e-05
   19     41  1.2608e-07  5.1692e-06
   20     42  4.7633e-06  2.0006e-04
   20     43  1.1897e-07  5.1156e-06
   20     44  5.4399e-07  2.3936e-05
   20     46  5.5002e-07  2.5301e-05
   21     45  7.9894e-07  3.5952e-05
   22     46  2.4962e-19  1.1483e-17
   22     47  1.8749e-06  8.8122e-05
   22     48  2.8028e-06  1.3453e-04
   22     49  6.3992e-07  3.1356e-05
   22     50  1.3658e-06  6.8289e-05
   23     51  6.7590e-07  3.4471e-05
   24     52  2.8737e-06  1.4943e-04
   24     53  5.5528e-07  2.9430e-05
   24     54  1.4208e-07  7.6721e-06
   25     55  2.0477e-07  1.1262e-05
   26     56  1.2047e-07  6.7463e-06
   26     57  4.3168e-07  2.4606e-05
   26     58  9.7911e-09  5.6789e-07
   27     59  3.1556e-08  1.8618e-06
   28     60  4.7313e-08  2.8388e-06
   28     61  1.2802e-07  7.8091e-06
   28     62  2.4617e-07  1.5263e-05
   28     64  2.8588e-07  1.8297e-05
   29     63  1.8078e-06  1.1389e-04
   29     65  4.9152e-07  3.1949e-05
   30     64  2.2186e-20  1.4199e-18
   30     66  1.0974e-06  7.2430e-05
   30     67  4.5187e-07  3.0275e-05
   30     68  2.2210e-07  1.5103e-05
   30     70  4.3547e-07  3.0483e-05
   31     69  1.0878e-07  7.5061e-06
   31     71  1.1143e-07  7.9113e-06
   32     70  1.4875e-15  1.0413e-13
   32     72  2.5652e-07  1.8470e-05
   32     73  2.3987e-07  1.7511e-05
   32     74  1.4538e-06  1.0758e-04
   32     76  3.7762e-06  2.8699e-04
   33     75  5.4527e-06  4.0895e-04
   34     76  1.9162e-13  1.4563e-11
   34     77  5.2964e-06  4.0782e-04
   34     78  7.6263e-06  5.9485e-04
   34     80  2.4661e-05  1.9728e-03
   34     82  5.8662e-06  4.8102e-04
   35     79  9.2339e-06  7.2948e-04
   35     81  3.8836e-06  3.1457e-04
   36     82  1.0425e-12  8.5485e-11
   36     83  6.7154e-06  5.5738e-04
   36     84  3.8337e-06  3.2203e-04
   36     86  4.4507e-06  3.8276e-04
   37     85  1.8764e-06  1.5950e-04
   37     87  3.7179e-06  3.2346e-04
   38     86  4.3683e-19  3.7567e-17
   38     87  2.7224e-08  2.3684e-06
   38     88  5.8360e-06  5.1357e-04
   39     89  1.1174e-06  9.9446e-05
   40     90  1.7372e-06  1.5635e-04
   40     91  2.7542e-06  2.5064e-04
   40     92  7.2810e-06  6.6985e-04
   40     94  5.5749e-06  5.2404e-04
   41     93  9.4563e-06  8.7944e-04
   42     95  4.5519e-06  4.3243e-04
   42     96  2.0636e-06  1.9810e-04
   42     97  1.8118e-06  1.7574e-04
   42     98  1.2892e-06  1.2635e-04
   42    100  1.3270e-06  1.3270e-04
   44     99  7.1451e-07  7.0736e-05
   44    100  4.8884e-15  4.8884e-13
   44    101  1.2875e-06  1.3003e-04
   44    102  1.6254e-06  1.6579e-04
   44    104  1.4505e-06  1.5085e-04
   45    103  1.6119e-06  1.6603e-04
   46    104  1.7645e-16  1.8351e-14
   46    105  2.1390e-06  2.2459e-04
   46    106  1.8945e-06  2.0081e-04
   46    108  1.8851e-06  2.0359e-04
   46    110  3.2476e-06  3.5723e-04
   47    107  2.3432e-06  2.5072e-04
   47    109  2.2465e-06  2.4487e-04
   48    110  3.2468e-14  3.5715e-12
   48    111  4.9152e-07  5.4559e-05
   48    112  1.3284e-06  1.4878e-04
   48    113  6.4829e-07  7.3257e-05
   48    114  6.3145e-07  7.1986e-05
   48    116  2.4148e-07  2.8012e-05
   49    113  2.8532e-14  3.2241e-12
   49    115  5.4757e-07  6.2971e-05
   50    115  4.3688e-13  5.0242e-11
   50    116  1.3163e-16  1.5269e-14
   50    117  5.6300e-07  6.5871e-05
   50    118  4.9199e-07  5.8055e-05
   50    119  4.9371e-07  5.8752e-05
   50    120  1.6066e-06  1.9279e-04
   50    122  3.0887e-06  3.7682e-04
   50    124  2.5124e-05  3.1154e-03
   51    121  1.8253e-06  2.2086e-04
   51    123  5.0504e-06  6.2120e-04
   52    122  1.7930e-14  2.1875e-12
   52    124  5.3009e-16  6.5731e-14
   52    125  4.2061e-05  5.2577e-03
   52    126  1.6597e-04  2.0912e-02
   52    128  1.9821e-04  2.5370e-02
   52    130  4.2570e-05  5.5340e-03
   53    127  1.2714e-04  1.6146e-02
   53    129  3.2884e-13  4.2421e-11
   54    128  4.4731e-18  5.7255e-16
   54    129  1.7347e-04  2.2377e-02
   54    130  2.6318e-14  3.4213e-12
   54    131  1.7067e-05  2.2358e-03
   54    132  5.5150e-05  7.2797e-03
   54    134  2.6051e-05  3.4908e-03
   54    136  7.0293e-05  9.5599e-03
   55    133  1.9755e-05  2.6274e-03
   56    134  5.6001e-19  7.5041e-17
   56    135  2.6105e-05  3.5242e-03
   56    136  4.8459e-16  6.5904e-14
   56    137  4.3229e-05  5.9224e-03
   56    138  4.9071e-05  6.7719e-03
   57    139  8.8362e-06  1.2282e-03
   58    140  2.7511e-05  3.8515e-03
   58    142  4.0917e-05  5.8102e-03
   59    141  2.7223e-05  3.8385e-03
   60    142  2.8927e-19  4.1076e-17
   60    143  2.7202e-05  3.8898e-03
   60    144  6.2936e-05  9.0628e-03
   60    145  2.9646e-05  4.2987e-03
   60    146  5.1047e-05  7.4528e-03
   60    148  2.9632e-05  4.3855e-03
   60    150  2.4313e-05  3.6469e-03
   62    147  3.7749e-05  5.5490e-03
   62    148  1.7026e-15  2.5199e-13
   62    149  1.5837e-05  2.3598e-03
   62    150  4.7027e-12  7.0541e-10
   62    152  4.0644e-05  6.1779e-03
   62    154  3.7924e-05  5.8402e-03
   63    151  3.6396e-05  5.4958e-03
   63    153  2.2587e-05  3.4558e-03
   64    154  8.0724e-14  1.2432e-11
   64    155  2.2042e-05  3.4165e-03
   64    156  4.2092e-05  6.5664e-03
   64    157  1.7990e-05  2.8245e-03
   64    158  3.6118e-05  5.7067e-03
   64    160  2.3642e-05  3.7827e-03
   65    159  2.2248e-05  3.5374e-03
   66    160  4.3806e-14  7.0090e-12
   66    161  9.6878e-06  1.5597e-03
   66    162  2.5054e-05  4.0587e-03
   66    163  1.2231e-05  1.9937e-03
   66    164  3.8152e-05  6.2569e-03
   67    165  1.2537e-05  2.0686e-03
   68    166  2.5894e-05  4.2984e-03
   68    167  1.0744e-05  1.7942e-03
   68    168  2.1904e-05  3.6799e-03
   68    170  9.7683e-06  1.6606e-03
   69    169  9.6914e-06  1.6378e-03
   70    170  2.7674e-15  4.7046e-13
   70    171  6.0822e-06  1.0400e-03
   70    172  6.4426e-06  1.1081e-03
   70    173  5.6047e-06  9.6962e-04
   70    174  7.8233e-06  1.3613e-03
   70    176  4.5466e-06  8.0019e-04
   71    175  3.6997e-06  6.4745e-04
   71    176  4.9880e-16  8.7788e-14
   72    176  4.6700e-18  8.2193e-16
   72    177  3.6534e-06  6.4665e-04
   72    178  6.4047e-06  1.1400e-03
   72    179  5.3402e-06  9.5589e-04
   72    180  6.8856e-06  1.2394e-03
   72    182  3.4298e-20  6.2423e-18
   73    181  5.3617e-06  9.7046e-04
   74    182  9.6596e-06  1.7580e-03
   74    183  2.6757e-06  4.8964e-04
   74    184  8.2347e-06  1.5152e-03
   74    186  7.7663e-06  1.4445e-03
   75    185  2.8570e-06  5.2855e-04
   75    187  2.1029e-06  3.9324e-04
   76    186  3.2302e-18  6.0082e-16
   76    187  1.7091e-08  3.1959e-06
   76    188  3.8258e-06  7.1924e-04
   76    189  3.3415e-06  6.3155e-04
   76    190  3.7621e-06  7.1479e-04
   76    192  1.2909e-06  2.4785e-04
   77    191  1.7055e-06  3.2574e-04
   77    193  1.0658e-06  2.0570e-04
   78    192  3.6453e-16  6.9989e-14
   78    194  7.2475e-07  1.4060e-04
   78    195  4.6015e-07  8.9730e-05
   78    196  1.6390e-07  3.2125e-05
   78    198  1.2908e-08  2.5558e-06
   79    197  6.5401e-08  1.2884e-05
   80    198  3.1960e-17  6.3282e-15
   80    199  2.1956e-09  4.3693e-07
   80    200  3.3906e-10  6.7812e-08
   80    201  1.6045e-10  3.2250e-08
   80    202  3.6693e-10  7.4121e-08
   80    204  1.0454e-09  2.1326e-07
   81    203  8.1341e-10  1.6512e-07
   81    205  1.9472e-10  3.9917e-08
   82    206  5.7229e-10  1.1789e-07
   82    207  7.0422e-10  1.4577e-07
   82    208  6.6389e-10  1.3809e-07
   82    212  1.7039e-16  3.6123e-14
   83    209  2.8463e-10  5.9488e-08
   83    211  3.5395e-16  7.4683e-14
   84    218  1.8873e-17  4.1142e-15
   86    219  3.6505e-17  7.9946e-15
   88    224  1.8032e-17  4.0392e-15
   90    232  5.4524e-14  1.2650e-11
   90    234  2.8029e-18  6.5588e-16
   91    231  2.5722e-19  5.9418e-17
   92    234  1.3825e-20  3.2351e-18
   92    235  5.5438e-15  1.3028e-12
   92    236  4.6386e-18  1.0947e-15
   92    238  2.7035e-15  6.4342e-13
   94    244  8.6920e-18  2.1208e-15
   97    246  1.3011e-19  3.2006e-17
  100    258  1.9225e-18  4.9601e-16
  100    260  7.2317e-19  1.8802e-16
  100    262  1.0574e-19  2.7705e-17
  102    261  1.9395e-19  5.0620e-17
  102    263  4.0954e-20  1.0771e-17
  102    264  2.7015e-20  7.1321e-18
    1      1  1.0586e-09  1.0586e-09
    2      4  1.7288e-01  6.9152e-01


