1  1.0336e-10
2  3.0590e-16
3  6.7159e-20
4  1.2391e-01
5  0.0000e+00
6  1.2981e-17
7  4.5445e-20
8  1.9772e-14
9  7.7944e-19
10  1.7229e-18
11  3.1247e-21
12  1.9762e-08
13  7.2256e-15
14  2.4985e-14
15  1.0872e-09
16  1.0666e-09
17  4.9931e-15
18  3.3304e-10
19  4.6479e-10
20  2.0985e-10
21  3.2048e-11
22  5.9634e-11
23  2.4164e-11
24  1.9203e-10
25  2.0721e-10
26  7.2461e-10
27  5.3221e-10
28  2.9768e-09
29  1.4671e-09
30  9.4166e-09
31  1.2508e-09
32  1.2730e-08
33  2.0404e-08
34  2.0206e-08
35  2.1715e-08
36  3.5949e-08
37  1.6509e-07
38  3.2767e-07
39  1.1576e-07
40  9.3806e-08
41  1.0596e-07
42  2.4870e-07
43  3.1730e-07
44  6.3409e-07
45  3.7528e-07
46  1.4261e-06
47  1.3032e-06
48  7.7429e-07
49  1.1933e-06
50  1.9318e-06
51  9.2868e-07
52  1.2996e-07
53  2.6307e-06
54  6.9899e-06
55  2.9860e-07
56  1.7112e-06
57  1.8029e-07
58  9.6602e-08
59  8.4014e-08
60  4.2250e-08
61  1.4525e-07
62  5.6337e-07
63  8.4455e-07
64  2.0178e-08
65  9.9751e-08
66  9.0423e-07
67  7.4099e-07
68  1.2150e-06
69  9.6698e-07
70  1.7079e-06
71  2.1480e-07
72  4.2997e-07
73  6.4725e-06
74  3.4939e-06
75  3.8244e-06
76  9.1372e-06
77  2.4495e-05
78  3.4128e-05
79  1.7099e-05
80  2.8802e-05
81  1.4290e-05
82  2.4410e-05
83  7.6143e-06
84  1.2024e-06
85  1.4671e-05
86  4.2811e-05
87  4.1996e-06
88  7.0626e-06
89  1.1588e-05
90  4.0501e-05
91  6.6986e-06
92  1.7734e-05
93  6.8686e-06
94  6.6873e-06
95  3.3823e-06
96  1.9751e-06
97  1.3305e-06
98  2.4472e-06
99  1.1465e-05
100  2.8275e-05
101  5.1962e-05
102  3.4056e-05
103  1.0766e-05
104  2.1808e-05
105  1.5304e-04
106  3.4177e-04
107  1.9191e-04
108  2.2275e-04
109  2.9689e-04
110  3.6798e-04
111  5.0867e-05
112  7.6309e-05
113  2.9418e-05
114  4.3255e-05
115  1.8513e-05
116  5.0804e-06
117  1.3154e-05
118  9.9646e-06
119  5.4857e-06
120  2.0136e-05
121  2.5031e-05
122  8.9831e-05
123  6.7899e-05
124  1.7214e-04
125  3.1524e-04
126  7.3740e-04
127  3.4238e-04
128  2.2151e-04
129  6.9396e-05
130  2.8741e-06
131  7.9754e-08
132  3.2579e-08
133  2.6536e-08
134  7.6684e-09
135  3.3025e-10
136  2.2503e-11
137  1.2165e-12
138  2.6560e-12
139  6.6131e-12
140  1.3665e-11
141  9.9786e-13
142  9.6529e-13
143  6.6755e-13
144  5.7166e-14
145  1.6362e-14
146  6.0848e-14
147  8.5946e-14
148  1.4543e-13
149  5.7089e-14
150  5.7124e-14
151  2.7939e-14
152  5.1793e-14
153  2.4942e-14
154  2.4714e-14
155  1.8247e-14
156  5.6588e-15
157  6.6354e-15
158  5.8947e-15
159  8.2126e-16
160  1.6784e-15
161  1.3322e-15
162  7.6339e-16
163  4.2569e-16
164  7.0831e-16
165  3.8851e-16
166  6.6909e-16
167  1.9768e-16
168  1.1653e-16
169  1.1476e-16
170  2.0919e-17
171  6.9777e-18
172  4.0719e-18
173  1.7254e-18
174  1.4515e-18
175  4.0040e-19
176  2.9530e-19
177  1.1381e-19
178  2.4454e-20
179  6.3072e-21
180  2.9027e-21
181  2.2595e-21
182  1.2373e-21
183  7.0745e-22
184  4.7183e-22
185  2.5864e-22
186  1.9398e-22
187  1.0861e-22
188  1.1650e-22
189  5.4866e-23
190  1.1580e-22
191  5.3223e-23
192  8.2219e-23
193  7.1471e-23
194  9.7536e-23
195  5.6312e-23
196  2.7829e-23
197  7.7915e-24
198  1.3937e-24
199  0.0000e+00
200  0.0000e+00
201  0.0000e+00
202  0.0000e+00
203  0.0000e+00
204  0.0000e+00
205  0.0000e+00
206  0.0000e+00
207  0.0000e+00
208  0.0000e+00
209  0.0000e+00
210  0.0000e+00
211  0.0000e+00
212  0.0000e+00
213  0.0000e+00
214  0.0000e+00
215  0.0000e+00
216  0.0000e+00
217  0.0000e+00
218  0.0000e+00
219  0.0000e+00
220  0.0000e+00
221  0.0000e+00
222  0.0000e+00
223  0.0000e+00
224  0.0000e+00
225  0.0000e+00
226  0.0000e+00
227  0.0000e+00
228  0.0000e+00
229  0.0000e+00
230  0.0000e+00
231  0.0000e+00
232  0.0000e+00
233  0.0000e+00
234  0.0000e+00
235  0.0000e+00
236  0.0000e+00
237  0.0000e+00
238  0.0000e+00
239  0.0000e+00
240  0.0000e+00
241  0.0000e+00
242  0.0000e+00
243  0.0000e+00
244  0.0000e+00
245  0.0000e+00
246  0.0000e+00
247  0.0000e+00
248  0.0000e+00
249  0.0000e+00
250  0.0000e+00
251  0.0000e+00
252  0.0000e+00
253  0.0000e+00
254  0.0000e+00
255  0.0000e+00
256  0.0000e+00
257  0.0000e+00
258  0.0000e+00
259  0.0000e+00
260  0.0000e+00
261  0.0000e+00
262  0.0000e+00
263  0.0000e+00
264  0.0000e+00
265  0.0000e+00
266  0.0000e+00
267  0.0000e+00
268  0.0000e+00
269  0.0000e+00
270  0.0000e+00
271  0.0000e+00
272  0.0000e+00
273  0.0000e+00
274  0.0000e+00
275  0.0000e+00
276  0.0000e+00
277  0.0000e+00
278  0.0000e+00
279  0.0000e+00
280  0.0000e+00
281  0.0000e+00
282  0.0000e+00
283  0.0000e+00
284  0.0000e+00
285  0.0000e+00
286  0.0000e+00
287  0.0000e+00
288  0.0000e+00
289  0.0000e+00
290  0.0000e+00
291  0.0000e+00
292  0.0000e+00
293  0.0000e+00
294  0.0000e+00
295  0.0000e+00
296  0.0000e+00
297  0.0000e+00
298  0.0000e+00
299  0.0000e+00
300  0.0000e+00
301  0.0000e+00
302  0.0000e+00
303  0.0000e+00
304  0.0000e+00
305  0.0000e+00
306  0.0000e+00
307  0.0000e+00
308  0.0000e+00
309  0.0000e+00
310  0.0000e+00
311  0.0000e+00
312  0.0000e+00
313  0.0000e+00
314  0.0000e+00
315  0.0000e+00
316  0.0000e+00
317  0.0000e+00
318  0.0000e+00
319  0.0000e+00
320  0.0000e+00
321  0.0000e+00
322  0.0000e+00
323  0.0000e+00
324  0.0000e+00
325  0.0000e+00
326  0.0000e+00
327  0.0000e+00
328  0.0000e+00
329  0.0000e+00
330  0.0000e+00
331  0.0000e+00
332  0.0000e+00
333  0.0000e+00
334  0.0000e+00
335  0.0000e+00
336  0.0000e+00
337  0.0000e+00

