1  8.7918e-10
2  3.3868e-09
3  2.6498e-10
4  1.7932e-01
5  0.0000e+00
6  9.4229e-12
7  3.3081e-10
8  3.6980e-09
9  1.1669e-09
10  9.9756e-09
11  6.5197e-10
12  3.9822e-09
13  4.2320e-07
14  2.7039e-07
15  1.3595e-05
16  3.7978e-07
17  4.9766e-09
18  3.1509e-08
19  1.4655e-06
20  2.0108e-06
21  4.1722e-07
22  3.4688e-09
23  1.0993e-06
24  3.3622e-07
25  3.8378e-07
26  2.0273e-08
27  1.9616e-07
28  5.5507e-07
29  7.3768e-08
30  8.5231e-08
31  8.8968e-08
32  9.1022e-08
33  7.1751e-07
34  5.4855e-07
35  2.4122e-08
36  1.9079e-08
37  3.7295e-08
38  8.1362e-08
39  4.5291e-08
40  5.6896e-08
41  1.7012e-07
42  4.8347e-07
43  1.0054e-07
44  1.1346e-07
45  1.3255e-07
46  7.7338e-08
47  1.0971e-07
48  2.3509e-07
49  1.5335e-07
50  1.2450e-07
51  3.6203e-08
52  1.9792e-07
53  1.6485e-07
54  8.2250e-08
55  7.6237e-08
56  2.1126e-07
57  2.7905e-07
58  1.1294e-08
59  1.3001e-08
60  2.6508e-08
61  4.6636e-08
62  7.2282e-08
63  3.3625e-07
64  2.2369e-07
65  1.6152e-07
66  3.9277e-07
67  1.5022e-07
68  1.5985e-07
69  1.1094e-07
70  2.5170e-07
71  3.6259e-08
72  9.6720e-08
73  1.2006e-07
74  8.7114e-07
75  3.7849e-06
76  3.6895e-06
77  2.7176e-06
78  2.6083e-06
79  3.7410e-06
80  1.0930e-05
81  3.7679e-06
82  6.7362e-07
83  1.5608e-06
84  8.3072e-07
85  7.8357e-07
86  1.9337e-06
87  1.5281e-06
88  5.6569e-07
89  1.7733e-07
90  3.1372e-07
91  1.4461e-07
92  8.3042e-07
93  5.3729e-07
94  1.3852e-06
95  6.2485e-07
96  4.6106e-07
97  2.3797e-07
98  1.2469e-07
99  1.4516e-07
100  2.1277e-07
101  3.5225e-07
102  3.1001e-07
103  3.5152e-07
104  4.0785e-07
105  4.0253e-07
106  8.1547e-07
107  7.3258e-07
108  1.0415e-06
109  7.1296e-07
110  6.5566e-07
111  1.2879e-07
112  2.1350e-07
113  7.1312e-08
114  4.2361e-08
115  2.6965e-08
116  2.3919e-08
117  6.0277e-08
118  1.0735e-07
119  1.2100e-07
120  7.2224e-07
121  9.3685e-07
122  2.3565e-06
123  3.2056e-06
124  1.2304e-05
125  1.5221e-05
126  3.0362e-05
127  2.3913e-05
128  2.3033e-05
129  2.9890e-05
130  1.5798e-05
131  8.5056e-06
132  4.9331e-06
133  6.4388e-06
134  6.3193e-06
135  3.0155e-06
136  3.5844e-06
137  4.7239e-06
138  4.6919e-06
139  1.5486e-06
140  2.2210e-06
141  6.9622e-06
142  2.5740e-06
143  4.3330e-07
144  3.1941e-07
145  2.9241e-07
146  6.9743e-07
147  9.4543e-07
148  1.5774e-06
149  1.1853e-06
150  1.6765e-06
151  1.6711e-06
152  2.1985e-06
153  1.5692e-06
154  3.1143e-06
155  1.7981e-06
156  4.0456e-06
157  2.8079e-06
158  5.7669e-06
159  3.0904e-06
160  5.1609e-06
161  2.5384e-06
162  5.9188e-06
163  3.4067e-06
164  8.6538e-06
165  4.4501e-06
166  9.0523e-06
167  3.7464e-06
168  6.2488e-06
169  5.2512e-06
170  3.9669e-06
171  3.1549e-06
172  2.6542e-06
173  2.6897e-06
174  3.5586e-06
175  2.5733e-06
176  2.4409e-06
177  2.9906e-06
178  2.7426e-06
179  2.1981e-06
180  1.8629e-06
181  1.9174e-06
182  2.7899e-06
183  2.0005e-06
184  4.4252e-06
185  3.6477e-06
186  1.1881e-05
187  9.6235e-06
188  2.6050e-05
189  4.0957e-05
190  8.8106e-05
191  8.9527e-05
192  1.3412e-04
193  1.7042e-04
194  1.5115e-04
195  1.0364e-04
196  3.8205e-05
197  1.1670e-05
198  3.1185e-06
199  3.0471e-06
200  2.9895e-06
201  2.2956e-06
202  3.5716e-06
203  3.7703e-06
204  4.1885e-06
205  3.9002e-06
206  4.6689e-05
207  4.3066e-05
208  3.8668e-05
209  4.9116e-05
210  1.6793e-12
211  5.3446e-18
212  6.6436e-18
213  4.5542e-44
214  8.7948e-19
215  1.4734e-24
216  7.6976e-24
217  9.6424e-96
218  1.5115e-20
219  2.0681e-21
220  2.9516e-21
221  -5.2643e-320
222  2.6831e-17
223  5.1595e-16
224  1.6670e-17
225  2.7447e-40
226  4.1056e-12
227  3.5962e-13
228  5.3608e-11
229  1.0238e-29
230  1.9350e-10
231  5.3790e-10
232  2.3464e-05
233  6.1182e-26
234  6.3008e-10
235  1.1593e-05
236  6.1205e-08
237  7.8189e-319
238  1.1462e-05
239  3.1352e-17
240  1.2116e-11
241  0.0000e+00
242  5.2142e-129
243  9.5842e-18
244  1.4748e-07
245  0.0000e+00
246  2.0923e-09
247  2.0228e-14
248  5.6405e-128
249  0.0000e+00
250  0.0000e+00
251  4.8027e-314
252  0.0000e+00
253  0.0000e+00
254  0.0000e+00
255  0.0000e+00
256  0.0000e+00
257  6.6339e-26
258  3.3525e-06
259  5.1500e-26
260  2.6405e-06
261  1.8286e-06
262  2.1176e-06
263  2.0669e-06
264  2.1014e-06
265  1.3979e-06
266  1.8145e-06
267  9.4048e-07
268  8.3284e-07
269  1.3577e-06
270  8.8331e-07
271  6.2530e-07
272  5.3297e-07
273  3.7656e-07
274  3.4459e-07
275  1.5112e-07
276  1.2232e-07
277  3.3860e-08
278  2.7589e-08
279  7.5915e-09
280  3.1438e-09
281  1.5040e-09
282  2.2063e-09
283  1.3718e-09
284  2.0407e-09
285  2.0059e-09
286  2.0393e-09
287  2.4288e-09
288  1.9705e-09
289  1.0970e-09
290  1.1992e-09
291  6.2515e-10
292  4.8699e-09
293  2.3919e-09
294  3.1596e-09
295  9.4893e-10
296  1.6474e-09
297  6.6037e-10
298  9.6667e-11
299  7.5559e-11
300  2.4551e-11
301  4.6213e-10
302  1.1824e-09
303  8.7198e-10
304  8.5960e-10
305  1.3027e-10
306  4.7203e-10
307  1.2446e-10
308  2.1175e-10
309  5.4498e-11
310  9.1038e-11
311  4.4339e-11
312  2.8621e-11
313  1.2826e-11
314  5.2883e-11
315  1.1684e-11
316  5.7505e-11
317  3.5324e-11
318  1.2368e-11
319  1.2032e-11
320  6.8535e-12
321  1.0859e-12
322  7.6846e-13
323  3.4322e-13
324  4.6793e-13
325  7.0964e-14
326  1.2140e-13
327  1.9974e-14
328  1.2764e-15
329  1.9095e-14
330  4.2879e-15
331  4.0957e-16
332  4.1457e-16
333  1.0006e-16
334  3.4524e-16
335  4.0819e-17
336  2.3587e-17
337  6.9225e-16

