1  1.4942e-09
2  1.5063e-01
3  5.1765e-11
4  2.3392e-11
5  5.8453e-11
6  8.6759e-09
7  1.7187e-06
8  9.9761e-08
9  3.6175e-07
10  7.4897e-07
11  2.5779e-07
12  2.5527e-07
13  3.8597e-07
14  1.3369e-06
15  1.0253e-07
16  3.0606e-06
17  1.2066e-07
18  1.2465e-06
19  6.3886e-07
20  2.5515e-06
21  1.9928e-07
22  2.2165e-06
23  1.7127e-07
24  6.0185e-07
25  1.8935e-07
26  1.3552e-06
27  3.8773e-08
28  6.1855e-07
29  7.8989e-07
30  2.3158e-06
31  4.2483e-07
32  5.4311e-06
33  3.7307e-06
34  4.6987e-05
35  2.4361e-05
36  6.0986e-06
37  3.7830e-06
38  1.9465e-06
39  7.0690e-07
40  6.9435e-06
41  1.0196e-06
42  5.7805e-06
43  4.0945e-32
44  3.1277e-06
45  7.6275e-07
46  9.9575e-06
47  5.0441e-06
48  3.5071e-06
49  2.7081e-07
50  3.7707e-05
51  3.6077e-06
52  1.0779e-03
53  3.0797e-04
54  9.4227e-04
55  5.8366e-05
56  6.2924e-05
57  5.9836e-06
58  2.3427e-05
59  3.5891e-05
60  2.3285e-05
61  3.4043e-283
62  2.6149e-05
63  1.1807e-05
64  5.2804e-05
65  7.4726e-06
66  4.9318e-05
67  9.8369e-06
68  4.8501e-05
69  1.1555e-05
70  2.3649e-05
71  3.2584e-06
72  9.7888e-06
73  1.6735e-06
74  5.1813e-06
75  1.6620e-06
76  1.8883e-05
77  1.5031e-05
78  1.8513e-05
79  9.5265e-07
80  2.1568e-08
81  1.2795e-09
82  5.4516e-09
83  1.5251e-09
84  1.0739e-21
85  -1.8280e-322
86  2.9684e-23
87  1.5433e-26
88  2.4250e-16
89  5.8195e-19
90  1.0416e-10
91  8.7247e-16
92  3.1496e-11
93  9.6090e-26
94  6.5348e-14
95  1.2938e-24
96  2.7460e-21
97  1.0594e-15
98  -2.1037e-314
99  -1.4822e-323
100  3.6448e-13
101  3.9631e-313
102  9.6147e-14
103  7.9472e-15
104  3.9424e-15
105  1.3315e-15
106  6.0219e-17
107  2.1239e-18
108  6.9593e-19
109  -1.7682e-319
110  1.7140e-20
111  3.6392e-21
112  0.0000e+00
113  0.0000e+00
114  0.0000e+00
115  0.0000e+00
116  0.0000e+00
117  0.0000e+00
118  0.0000e+00

