1  1.7585e-11
2  9.8213e-02
3  1.5908e-20
4  1.6517e-18
5  3.1449e-20
6  4.9873e-08
7  1.2902e-13
8  2.6210e-09
9  7.5675e-15
10  1.7361e-09
11  1.5885e-13
12  1.2414e-09
13  4.3993e-10
14  1.7915e-09
15  1.5558e-09
16  4.4267e-08
17  4.2944e-09
18  4.7530e-09
19  1.2815e-09
20  4.0681e-07
21  4.3285e-09
22  1.2116e-06
23  2.1877e-07
24  5.7057e-06
25  3.8959e-08
26  1.7676e-06
27  8.8273e-07
28  2.3715e-06
29  1.0147e-06
30  3.4780e-06
31  2.2688e-07
32  1.5367e-05
33  8.9054e-07
34  7.5807e-05
35  1.2569e-05
36  4.3644e-05
37  1.6195e-05
38  6.0235e-06
39  3.7080e-05
40  2.1080e-04
41  1.6621e-05
42  2.3730e-04
43  1.0421e-29
44  1.1593e-03
45  8.7591e-05
46  2.3156e-03
47  6.1286e-04
48  6.0339e-04
49  5.8684e-05
50  8.1531e-05
51  1.6068e-06
52  1.0459e-04
53  3.0487e-05
54  1.1519e-05
55  1.2431e-12
56  1.5249e-14
57  8.3608e-17
58  2.3165e-16
59  1.7199e-16
60  5.3175e-17
61  7.0442e-27
62  3.1395e-18
63  7.5659e-19
64  3.5717e-19
65  2.0839e-21
66  7.4084e-21
67  5.9252e-22
68  1.1201e-21
69  7.6197e-23
70  4.2821e-24
71  0.0000e+00
72  0.0000e+00
73  0.0000e+00
74  0.0000e+00
75  0.0000e+00
76  0.0000e+00
77  0.0000e+00
78  0.0000e+00
79  0.0000e+00
80  0.0000e+00
81  0.0000e+00
82  0.0000e+00
83  0.0000e+00
84  0.0000e+00
85  0.0000e+00
86  0.0000e+00
87  0.0000e+00
88  0.0000e+00
89  0.0000e+00
90  0.0000e+00
91  0.0000e+00
92  0.0000e+00
93  0.0000e+00
94  0.0000e+00
95  0.0000e+00
96  0.0000e+00
97  0.0000e+00
98  0.0000e+00
99  0.0000e+00
100  0.0000e+00
101  0.0000e+00
102  0.0000e+00
103  0.0000e+00
104  0.0000e+00
105  0.0000e+00
106  0.0000e+00
107  0.0000e+00
108  0.0000e+00
109  0.0000e+00
110  0.0000e+00
111  0.0000e+00
112  0.0000e+00
113  0.0000e+00
114  0.0000e+00
115  0.0000e+00
116  0.0000e+00
117  0.0000e+00
118  0.0000e+00

