1  4.9764e-11
2  7.6469e-02
3  5.5595e-28
4  3.3727e-21
5  2.0950e-20
6  2.3161e-06
7  3.2236e-19
8  5.6119e-09
9  1.7730e-20
10  5.1407e-09
11  4.5949e-13
12  5.6625e-09
13  8.8034e-10
14  3.1743e-08
15  3.3987e-09
16  9.0519e-08
17  1.9343e-08
18  2.5425e-07
19  2.1376e-08
20  5.2866e-07
21  1.5143e-07
22  9.9997e-07
23  3.1574e-07
24  8.1014e-07
25  4.4308e-07
26  4.6479e-06
27  3.2319e-06
28  4.4280e-03
29  1.7025e-04
30  2.4986e-03
31  2.6316e-05
32  4.1200e-04
33  3.4920e-06
34  9.3222e-05
35  6.0495e-06
36  1.9204e-05
37  1.0492e-05
38  9.2605e-04
39  3.6193e-04
40  9.9882e-04
41  3.4788e-08
42  2.3688e-07
43  1.6642e-34
44  1.1446e-11
45  3.3390e-17
46  5.3993e-16
47  8.1269e-21
48  1.1546e-20
49  7.4551e-26
50  1.1370e-25
51  0.0000e+00
52  0.0000e+00
53  0.0000e+00
54  0.0000e+00
55  0.0000e+00
56  0.0000e+00
57  0.0000e+00
58  0.0000e+00
59  0.0000e+00
60  0.0000e+00
61  0.0000e+00
62  0.0000e+00
63  0.0000e+00
64  0.0000e+00
65  0.0000e+00
66  0.0000e+00
67  0.0000e+00
68  0.0000e+00
69  0.0000e+00
70  0.0000e+00
71  0.0000e+00
72  0.0000e+00
73  0.0000e+00
74  0.0000e+00
75  0.0000e+00
76  0.0000e+00
77  0.0000e+00
78  0.0000e+00
79  0.0000e+00
80  0.0000e+00
81  0.0000e+00
82  0.0000e+00
83  0.0000e+00
84  0.0000e+00
85  0.0000e+00
86  0.0000e+00
87  0.0000e+00
88  0.0000e+00
89  0.0000e+00
90  0.0000e+00
91  0.0000e+00
92  0.0000e+00
93  0.0000e+00
94  0.0000e+00
95  0.0000e+00
96  0.0000e+00
97  0.0000e+00
98  0.0000e+00
99  0.0000e+00
100  0.0000e+00
101  0.0000e+00
102  0.0000e+00
103  0.0000e+00
104  0.0000e+00
105  0.0000e+00
106  0.0000e+00
107  0.0000e+00
108  0.0000e+00
109  0.0000e+00
110  0.0000e+00
111  0.0000e+00
112  0.0000e+00
113  0.0000e+00
114  0.0000e+00
115  0.0000e+00
116  0.0000e+00
117  0.0000e+00
118  0.0000e+00

