1  7.9701e-11
2  8.3935e-02
3  1.1549e-27
4  2.5076e-21
5  2.1483e-20
6  2.4439e-06
7  6.6472e-19
8  5.9699e-09
9  2.1166e-20
10  5.4205e-09
11  4.9747e-13
12  5.9539e-09
13  9.3109e-10
14  3.3181e-08
15  3.5504e-09
16  9.4749e-08
17  2.0340e-08
18  2.6572e-07
19  2.2468e-08
20  5.5193e-07
21  1.5785e-07
22  1.0362e-06
23  3.2860e-07
24  8.3582e-07
25  4.4506e-07
26  3.7866e-06
27  2.4354e-06
28  3.6173e-03
29  1.3352e-04
30  2.0650e-03
31  2.3788e-05
32  3.6302e-04
33  3.8462e-06
34  8.6970e-05
35  6.2016e-06
36  1.8090e-05
37  1.1377e-05
38  1.3955e-03
39  4.5491e-04
40  1.0558e-03
41  3.3876e-08
42  1.9764e-07
43  1.7399e-34
44  1.0303e-11
45  3.9245e-17
46  5.0792e-16
47  1.0395e-20
48  1.1803e-20
49  9.4837e-26
50  1.3732e-25
51  0.0000e+00
52  0.0000e+00
53  0.0000e+00
54  0.0000e+00
55  0.0000e+00
56  0.0000e+00
57  0.0000e+00
58  0.0000e+00
59  0.0000e+00
60  0.0000e+00
61  0.0000e+00
62  0.0000e+00
63  0.0000e+00
64  0.0000e+00
65  0.0000e+00
66  0.0000e+00
67  0.0000e+00
68  0.0000e+00
69  0.0000e+00
70  0.0000e+00
71  0.0000e+00
72  0.0000e+00
73  0.0000e+00
74  0.0000e+00
75  0.0000e+00
76  0.0000e+00
77  0.0000e+00
78  0.0000e+00
79  0.0000e+00
80  0.0000e+00
81  0.0000e+00
82  0.0000e+00
83  0.0000e+00
84  0.0000e+00
85  0.0000e+00
86  0.0000e+00
87  0.0000e+00
88  0.0000e+00
89  0.0000e+00
90  0.0000e+00
91  0.0000e+00
92  0.0000e+00
93  0.0000e+00
94  0.0000e+00
95  0.0000e+00
96  0.0000e+00
97  0.0000e+00
98  0.0000e+00
99  0.0000e+00
100  0.0000e+00
101  0.0000e+00
102  0.0000e+00
103  0.0000e+00
104  0.0000e+00
105  0.0000e+00
106  0.0000e+00
107  0.0000e+00
108  0.0000e+00
109  0.0000e+00
110  0.0000e+00
111  0.0000e+00
112  0.0000e+00
113  0.0000e+00
114  0.0000e+00
115  0.0000e+00
116  0.0000e+00
117  0.0000e+00
118  0.0000e+00

