1  1.7232e-09
2  6.3724e-15
3  1.0385e-18
4  1.6346e-01
5  0.0000e+00
6  1.2325e-16
7  8.7048e-19
8  1.1220e-14
9  1.5867e-18
10  2.0924e-17
11  8.4072e-20
12  1.8634e-08
13  7.6307e-14
14  1.3849e-11
15  5.4443e-10
16  6.0513e-10
17  1.8480e-13
18  3.0375e-10
19  4.1086e-10
20  1.0720e-10
21  7.2731e-10
22  5.0317e-10
23  1.6722e-09
24  1.2381e-09
25  2.5263e-09
26  9.1583e-09
27  1.0805e-09
28  4.0025e-09
29  1.0774e-08
30  2.0478e-08
31  3.0530e-09
32  3.3382e-08
33  1.5449e-07
34  1.1834e-07
35  2.2820e-08
36  4.2100e-08
37  2.6978e-07
38  4.8229e-07
39  1.5726e-07
40  2.0349e-07
41  6.8056e-08
42  3.9243e-07
43  5.6023e-08
44  1.3773e-07
45  5.4220e-07
46  1.0619e-06
47  5.9053e-07
48  2.8622e-07
49  1.2340e-06
50  1.8504e-06
51  4.5912e-07
52  3.8885e-08
53  1.1527e-06
54  4.3259e-06
55  1.4650e-07
56  1.4692e-06
57  1.6055e-07
58  1.3777e-08
59  3.2731e-08
60  2.4178e-07
61  3.9850e-07
62  2.1336e-07
63  3.0078e-07
64  5.7481e-08
65  1.7654e-07
66  1.3851e-06
67  1.0508e-06
68  3.6244e-07
69  2.9190e-07
70  7.3900e-07
71  1.4187e-07
72  4.2322e-07
73  6.6233e-06
74  4.4015e-06
75  1.3412e-06
76  5.2358e-06
77  1.7873e-05
78  2.0393e-05
79  5.3987e-06
80  1.8332e-05
81  1.8934e-05
82  2.6086e-05
83  7.8519e-06
84  1.0111e-05
85  1.0529e-05
86  1.9935e-05
87  9.3951e-06
88  2.0677e-05
89  5.6675e-06
90  1.9997e-06
91  3.9937e-06
92  3.6464e-05
93  1.0514e-05
94  7.3683e-06
95  5.3618e-06
96  4.3253e-05
97  1.5995e-05
98  3.5836e-06
99  2.9495e-05
100  6.5825e-05
101  9.7336e-05
102  2.3750e-05
103  4.0247e-05
104  2.3463e-04
105  1.0181e-04
106  2.4716e-04
107  2.9004e-04
108  1.5288e-04
109  3.8677e-04
110  5.4722e-04
111  7.2272e-05
112  1.4727e-04
113  9.6313e-05
114  9.7196e-05
115  3.2791e-05
116  2.4417e-06
117  1.3398e-05
118  6.5419e-06
119  2.8994e-06
120  3.8646e-06
121  1.6993e-06
122  4.2321e-06
123  2.6702e-06
124  7.3616e-06
125  8.4892e-06
126  2.8097e-05
127  3.9850e-05
128  7.3113e-05
129  2.7570e-05
130  3.2155e-06
131  3.6853e-08
132  1.0223e-07
133  1.5287e-07
134  3.0789e-08
135  7.3638e-09
136  6.3030e-09
137  4.0352e-11
138  9.2917e-12
139  9.6646e-11
140  2.0959e-10
141  3.3501e-11
142  3.0025e-11
143  1.9869e-11
144  1.1754e-12
145  4.1471e-13
146  1.5901e-12
147  1.4883e-12
148  1.9301e-13
149  8.1369e-14
150  2.6872e-13
151  1.4541e-13
152  3.8976e-13
153  2.1889e-13
154  2.2961e-13
155  2.2564e-13
156  3.3686e-14
157  3.9726e-14
158  3.2868e-14
159  4.3375e-15
160  9.0319e-15
161  7.5078e-15
162  4.1659e-15
163  2.4223e-15
164  4.0072e-15
165  2.2392e-15
166  4.5135e-15
167  1.6058e-15
168  1.1335e-15
169  1.3670e-15
170  2.7662e-16
171  1.1127e-16
172  7.3432e-17
173  3.1506e-17
174  2.8505e-17
175  9.9568e-18
176  9.8783e-18
177  4.7536e-18
178  9.2822e-19
179  2.3865e-19
180  1.4384e-19
181  1.0601e-19
182  4.0298e-20
183  1.7301e-20
184  8.0217e-21
185  3.2158e-21
186  3.5538e-21
187  1.4230e-21
188  1.8642e-21
189  7.5222e-22
190  2.2247e-21
191  2.2600e-21
192  1.4773e-21
193  4.6354e-22
194  3.3079e-22
195  1.0953e-22
196  5.4021e-23
197  1.9593e-23
198  6.0960e-24
199  1.2533e-24
200  2.3548e-25
201  0.0000e+00
202  0.0000e+00
203  0.0000e+00
204  0.0000e+00
205  0.0000e+00
206  0.0000e+00
207  0.0000e+00
208  0.0000e+00
209  0.0000e+00
210  0.0000e+00
211  0.0000e+00
212  0.0000e+00
213  0.0000e+00
214  0.0000e+00
215  0.0000e+00
216  0.0000e+00
217  0.0000e+00
218  0.0000e+00
219  0.0000e+00
220  0.0000e+00
221  0.0000e+00
222  0.0000e+00
223  0.0000e+00
224  0.0000e+00
225  0.0000e+00
226  0.0000e+00
227  0.0000e+00
228  0.0000e+00
229  0.0000e+00
230  0.0000e+00
231  0.0000e+00
232  0.0000e+00
233  0.0000e+00
234  0.0000e+00
235  0.0000e+00
236  0.0000e+00
237  0.0000e+00
238  0.0000e+00
239  0.0000e+00
240  0.0000e+00
241  0.0000e+00
242  0.0000e+00
243  0.0000e+00
244  0.0000e+00
245  0.0000e+00
246  0.0000e+00
247  0.0000e+00
248  0.0000e+00
249  0.0000e+00
250  0.0000e+00
251  0.0000e+00
252  0.0000e+00
253  0.0000e+00
254  0.0000e+00
255  0.0000e+00
256  0.0000e+00
257  0.0000e+00
258  0.0000e+00
259  0.0000e+00
260  0.0000e+00
261  0.0000e+00
262  0.0000e+00
263  0.0000e+00
264  0.0000e+00
265  0.0000e+00
266  0.0000e+00
267  0.0000e+00
268  0.0000e+00
269  0.0000e+00
270  0.0000e+00
271  0.0000e+00
272  0.0000e+00
273  0.0000e+00
274  0.0000e+00
275  0.0000e+00
276  0.0000e+00
277  0.0000e+00
278  0.0000e+00
279  0.0000e+00
280  0.0000e+00
281  0.0000e+00
282  0.0000e+00
283  0.0000e+00
284  0.0000e+00
285  0.0000e+00
286  0.0000e+00
287  0.0000e+00
288  0.0000e+00
289  0.0000e+00
290  0.0000e+00
291  0.0000e+00
292  0.0000e+00
293  0.0000e+00
294  0.0000e+00
295  0.0000e+00
296  0.0000e+00
297  0.0000e+00
298  0.0000e+00
299  0.0000e+00
300  0.0000e+00
301  0.0000e+00
302  0.0000e+00
303  0.0000e+00
304  0.0000e+00
305  0.0000e+00
306  0.0000e+00
307  0.0000e+00
308  0.0000e+00
309  0.0000e+00
310  0.0000e+00
311  0.0000e+00
312  0.0000e+00
313  0.0000e+00
314  0.0000e+00
315  0.0000e+00
316  0.0000e+00
317  0.0000e+00
318  0.0000e+00
319  0.0000e+00
320  0.0000e+00
321  0.0000e+00
322  0.0000e+00
323  0.0000e+00
324  0.0000e+00
325  0.0000e+00
326  0.0000e+00
327  0.0000e+00
328  0.0000e+00
329  0.0000e+00
330  0.0000e+00
331  0.0000e+00
332  0.0000e+00
333  0.0000e+00
334  0.0000e+00
335  0.0000e+00
336  0.0000e+00
337  0.0000e+00

