1  2.7015e-09
2  1.8588e-01
3  5.9126e-11
4  9.4704e-12
5  7.0697e-11
6  4.5195e-09
7  1.3186e-06
8  6.8600e-08
9  2.2345e-07
10  6.0893e-07
11  1.6794e-07
12  2.5946e-07
13  3.9628e-07
14  1.4113e-06
15  1.1037e-07
16  3.2646e-06
17  1.3326e-07
18  1.2471e-06
19  6.4785e-07
20  2.5707e-06
21  2.5395e-07
22  2.0860e-06
23  2.6944e-07
24  6.6579e-07
25  1.4469e-07
26  3.0188e-06
27  9.3369e-08
28  1.0129e-06
29  1.1328e-06
30  2.0261e-06
31  3.8242e-07
32  5.2718e-06
33  2.4850e-06
34  4.0575e-05
35  1.9414e-05
36  1.3658e-05
37  1.0079e-05
38  9.4222e-06
39  3.0091e-06
40  1.5885e-05
41  1.3252e-06
42  2.3788e-05
43  2.7936e-31
44  1.8719e-05
45  6.9754e-06
46  1.1405e-04
47  5.4069e-05
48  1.6476e-04
49  5.2777e-05
50  3.8713e-05
51  6.1644e-06
52  3.4996e-04
53  1.0199e-04
54  6.2718e-04
55  8.0421e-05
56  1.5474e-04
57  3.1075e-05
58  4.0959e-05
59  2.1531e-05
60  8.3313e-06
61  7.0077e-316
62  7.3382e-06
63  3.3587e-06
64  1.0542e-05
65  3.1347e-08
66  2.8394e-06
67  5.0716e-07
68  5.0693e-06
69  3.7124e-06
70  2.8472e-06
71  1.9961e-07
72  1.9720e-06
73  2.2572e-07
74  4.1398e-07
75  4.6131e-08
76  9.0137e-08
77  6.3831e-08
78  1.6335e-07
79  4.1558e-08
80  1.6637e-08
81  5.2633e-11
82  2.5308e-12
83  4.5434e-13
84  9.7013e-18
85  1.6826e-35
86  4.5071e-17
87  8.0351e-31
88  9.7432e-21
89  3.0301e-23
90  4.2575e-15
91  4.5428e-20
92  1.4024e-15
93  5.0221e-34
94  1.0806e-18
95  7.8339e-23
96  2.3607e-33
97  1.7802e-20
98  0.0000e+00
99  6.5711e-322
100  1.4710e-18
101  -6.4653e-313
102  2.6197e-19
103  1.8878e-20
104  8.2379e-21
105  3.1368e-21
106  3.2371e-22
107  1.1364e-24
108  0.0000e+00
109  0.0000e+00
110  0.0000e+00
111  0.0000e+00
112  0.0000e+00
113  0.0000e+00
114  0.0000e+00
115  0.0000e+00
116  0.0000e+00
117  0.0000e+00
118  0.0000e+00

