    1      2  1.7899e-08  3.5798e-08
    2      3  1.7637e-09  5.2910e-09
    3      6  3.7321e-11  2.2393e-10
    3      7  2.6379e-09  1.8465e-08
    4      8  4.3298e-08  3.4638e-07
    4      9  2.1790e-08  1.9611e-07
    5     10  3.3962e-07  3.3962e-06
    5     11  1.6752e-09  1.8427e-08
    6     12  9.4571e-09  1.1349e-07
    6     13  4.2444e-08  5.5177e-07
    7     14  5.2694e-08  7.3772e-07
    7     15  1.2088e-05  1.8132e-04
    8     16  5.3450e-07  8.5520e-06
    8     17  2.2771e-08  3.8711e-07
    8     18  1.1435e-07  2.0583e-06
    9     19  8.9677e-07  1.7039e-05
   10     20  1.3598e-06  2.7196e-05
   10     21  8.9482e-07  1.8791e-05
   10     22  9.9008e-09  2.1782e-07
   11     23  7.6750e-07  1.7653e-05
   12     24  2.8586e-07  6.8607e-06
   12     25  2.7484e-07  6.8711e-06
   12     26  9.6687e-08  2.5139e-06
   13     26  1.5668e-20  4.0736e-19
   13     27  1.1359e-07  3.0669e-06
   14     28  1.7347e-07  4.8571e-06
   14     29  5.9049e-08  1.7124e-06
   14     30  5.1587e-08  1.5476e-06
   15     31  2.2871e-08  7.0900e-07
   16     32  7.3793e-08  2.3614e-06
   16     33  2.4752e-07  8.1683e-06
   16     34  2.0067e-07  6.8229e-06
   16     36  1.4467e-08  5.2082e-07
   17     35  1.1976e-08  4.1914e-07
   17     37  3.6704e-09  1.3580e-07
   18     36  1.4302e-18  5.1488e-17
   18     38  1.6973e-08  6.4499e-07
   18     40  3.9357e-09  1.5743e-07
   19     39  1.5298e-08  5.9663e-07
   19     41  1.7488e-08  7.1703e-07
   20     42  5.3931e-08  2.2651e-06
   20     43  1.0732e-08  4.6147e-07
   20     44  1.9560e-08  8.6063e-07
   20     46  3.4380e-09  1.5815e-07
   21     45  1.7513e-08  7.8807e-07
   22     46  7.2983e-20  3.3572e-18
   22     47  5.9653e-09  2.8037e-07
   22     48  1.0043e-08  4.8208e-07
   22     49  5.3402e-09  2.6167e-07
   22     50  4.4190e-09  2.2095e-07
   23     51  4.7630e-09  2.4291e-07
   24     52  1.4683e-08  7.6353e-07
   24     53  1.4966e-08  7.9318e-07
   24     54  5.8481e-09  3.1580e-07
   25     55  1.4856e-09  8.1710e-08
   26     56  1.1850e-08  6.6361e-07
   26     57  2.6078e-08  1.4864e-06
   26     58  7.1010e-10  4.1186e-08
   27     59  9.8614e-10  5.8182e-08
   28     60  2.0706e-09  1.2424e-07
   28     61  2.5123e-09  1.5325e-07
   28     62  2.1156e-09  1.3116e-07
   28     64  6.5842e-09  4.2139e-07
   29     63  2.3614e-08  1.4877e-06
   29     65  8.9011e-09  5.7857e-07
   30     64  1.9492e-20  1.2475e-18
   30     66  1.7754e-08  1.1718e-06
   30     67  3.0430e-08  2.0388e-06
   30     68  7.9253e-09  5.3892e-07
   30     70  1.7313e-08  1.2119e-06
   31     69  3.9338e-09  2.7143e-07
   31     71  4.8965e-09  3.4765e-07
   32     70  1.4966e-15  1.0476e-13
   32     72  1.8863e-08  1.3581e-06
   32     73  1.2807e-08  9.3490e-07
   32     74  3.5547e-08  2.6304e-06
   32     76  5.8122e-08  4.4173e-06
   33     75  6.7071e-08  5.0303e-06
   34     76  1.4316e-13  1.0880e-11
   34     77  8.2258e-08  6.3338e-06
   34     78  6.0447e-08  4.7148e-06
   34     80  1.8395e-07  1.4716e-05
   34     82  9.3676e-08  7.6814e-06
   35     79  4.0537e-08  3.2025e-06
   35     81  8.9158e-08  7.2218e-06
   36     82  2.2079e-13  1.8104e-11
   36     83  9.9566e-08  8.2640e-06
   36     84  2.9592e-08  2.4857e-06
   36     86  3.9161e-08  3.3678e-06
   37     85  2.4770e-08  2.1054e-06
   37     87  4.5489e-08  3.9576e-06
   38     86  1.9628e-20  1.6880e-18
   38     87  3.3308e-10  2.8978e-08
   38     88  4.5918e-08  4.0407e-06
   39     89  3.5611e-08  3.1694e-06
   40     90  4.8984e-08  4.4086e-06
   40     91  2.3677e-08  2.1546e-06
   40     92  1.9867e-08  1.8278e-06
   40     94  5.5615e-08  5.2278e-06
   41     93  1.7760e-08  1.6517e-06
   42     95  3.4124e-08  3.2418e-06
   42     96  1.9094e-08  1.8331e-06
   42     97  3.0382e-08  2.9470e-06
   42     98  6.1201e-09  5.9977e-07
   42    100  1.1991e-08  1.1991e-06
   44     99  9.0568e-09  8.9662e-07
   44    100  6.6901e-14  6.6901e-12
   44    101  1.1507e-08  1.1623e-06
   44    102  9.1003e-09  9.2823e-07
   44    104  5.7468e-09  5.9766e-07
   45    103  9.5863e-09  9.8739e-07
   46    104  1.0459e-18  1.0878e-16
   46    105  4.6058e-09  4.8361e-07
   46    106  1.3990e-08  1.4829e-06
   46    108  5.7955e-08  6.2591e-06
   46    110  1.5414e-06  1.6955e-04
   47    107  1.1699e-08  1.2518e-06
   47    109  6.3423e-07  6.9131e-05
   48    110  4.9775e-13  5.4753e-11
   48    111  2.5379e-07  2.8170e-05
   48    112  1.2834e-06  1.4374e-04
   48    113  8.8066e-07  9.9515e-05
   48    114  9.9250e-07  1.1315e-04
   48    116  7.8386e-08  9.0927e-06
   49    113  3.8758e-14  4.3797e-12
   49    115  1.1547e-06  1.3279e-04
   50    115  9.2129e-13  1.0595e-10
   50    116  4.1144e-12  4.7727e-10
   50    117  1.8817e-07  2.2016e-05
   50    118  8.0601e-08  9.5110e-06
   50    119  5.4083e-08  6.4359e-06
   50    120  2.3530e-07  2.8236e-05
   50    122  1.8694e-07  2.2806e-05
   50    124  3.3707e-07  4.1797e-05
   51    121  1.4736e-07  1.7830e-05
   51    123  1.4740e-07  1.8130e-05
   52    122  6.9219e-14  8.4447e-12
   52    124  6.4562e-16  8.0057e-14
   52    125  3.4604e-07  4.3254e-05
   52    126  6.8544e-07  8.6366e-05
   52    128  1.3399e-06  1.7150e-04
   52    130  7.8452e-07  1.0199e-04
   53    127  8.9715e-07  1.1394e-04
   53    129  5.9287e-15  7.6480e-13
   54    128  1.1891e-15  1.5220e-13
   54    129  1.5777e-06  2.0352e-04
   54    130  9.8496e-14  1.2804e-11
   54    131  4.3740e-07  5.7300e-05
   54    132  3.6301e-07  4.7918e-05
   54    134  2.5923e-07  3.4736e-05
   54    136  3.4355e-07  4.6723e-05
   55    133  2.4059e-07  3.1999e-05
   56    134  1.2355e-17  1.6556e-15
   56    135  1.9022e-07  2.5680e-05
   56    136  6.5467e-15  8.9035e-13
   56    137  3.2966e-07  4.5163e-05
   56    138  3.1692e-07  4.3734e-05
   57    139  1.1828e-07  1.6440e-05
   58    140  1.7995e-07  2.5193e-05
   58    142  1.4961e-07  2.1244e-05
   59    141  2.9639e-07  4.1792e-05
   60    142  1.6375e-17  2.3253e-15
   60    143  1.2784e-07  1.8282e-05
   60    144  1.8597e-07  2.6779e-05
   60    145  7.3471e-08  1.0653e-05
   60    146  1.3845e-07  2.0214e-05
   60    148  8.1048e-08  1.1995e-05
   60    150  4.4847e-08  6.7271e-06
   62    147  1.7926e-07  2.6351e-05
   62    148  1.1924e-12  1.7647e-10
   62    149  2.4972e-08  3.7208e-06
   62    150  8.8695e-13  1.3304e-10
   62    152  6.7150e-08  1.0207e-05
   62    154  5.4086e-08  8.3292e-06
   63    151  1.6260e-08  2.4552e-06
   63    153  4.4520e-08  6.8116e-06
   64    154  2.0425e-14  3.1455e-12
   64    155  1.5558e-07  2.4115e-05
   64    156  2.1138e-08  3.2975e-06
   64    157  5.7477e-08  9.0238e-06
   64    158  1.1243e-07  1.7764e-05
   64    160  2.0799e-08  3.3278e-06
   65    159  1.0838e-09  1.7233e-07
   66    160  3.8093e-16  6.0949e-14
   66    161  4.2271e-08  6.8056e-06
   66    162  2.4948e-08  4.0416e-06
   66    163  2.7679e-08  4.5117e-06
   66    164  4.1820e-08  6.8585e-06
   67    165  3.0890e-08  5.0969e-06
   68    166  8.8368e-08  1.4669e-05
   68    167  1.3359e-07  2.2309e-05
   68    168  8.8395e-08  1.4850e-05
   68    170  9.0758e-08  1.5429e-05
   69    169  4.5266e-07  7.6499e-05
   70    170  7.1682e-15  1.2186e-12
   70    171  1.6779e-07  2.8691e-05
   70    172  9.0818e-08  1.5621e-05
   70    173  6.0126e-08  1.0402e-05
   70    174  1.9745e-07  3.4357e-05
   70    176  1.2308e-07  2.1662e-05
   71    175  5.7986e-08  1.0148e-05
   71    176  2.4144e-16  4.2493e-14
   72    176  2.2605e-18  3.9784e-16
   72    177  5.3246e-07  9.4245e-05
   72    178  2.7877e-07  4.9622e-05
   72    179  1.5108e-07  2.7043e-05
   72    180  2.5238e-07  4.5429e-05
   73    181  3.1720e-07  5.7413e-05
   74    182  4.2483e-07  7.7318e-05
   74    183  3.4344e-07  6.2849e-05
   74    184  3.0558e-07  5.6226e-05
   74    186  1.7777e-07  3.3066e-05
   75    185  1.3707e-07  2.5358e-05
   75    187  1.9135e-07  3.5782e-05
   76    186  9.0119e-18  1.6762e-15
   76    187  1.5551e-09  2.9080e-07
   76    188  2.2407e-07  4.2126e-05
   76    189  9.6416e-08  1.8223e-05
   76    190  8.2190e-08  1.5616e-05
   76    192  3.3278e-07  6.3893e-05
   77    191  1.7418e-07  3.3269e-05
   77    193  1.8657e-07  3.6009e-05
   78    192  2.9463e-16  5.6568e-14
   78    194  8.1257e-07  1.5764e-04
   78    195  1.2186e-06  2.3763e-04
   78    196  3.0062e-06  5.8922e-04
   78    198  6.4229e-06  1.2717e-03
   79    197  5.3526e-06  1.0545e-03
   80    198  1.2612e-14  2.4971e-12
   80    199  3.3269e-06  6.6205e-04
   80    200  7.8116e-06  1.5623e-03
   80    201  2.1990e-06  4.4199e-04
   80    202  1.5709e-06  3.1733e-04
   80    204  1.8074e-07  3.6871e-05
   80    206  4.6914e-15  9.6643e-13
   81    203  4.2233e-07  8.5733e-05
   81    205  1.5559e-07  3.1896e-05
   81    207  8.6536e-20  1.7913e-17
   82    204  1.0278e-18  2.0967e-16
   82    206  5.0332e-06  1.0368e-03
   82    207  6.4734e-06  1.3400e-03
   82    208  2.9520e-06  6.1401e-04
   82    210  9.5857e-13  2.0130e-10
   82    211  3.0664e-18  6.4700e-16
   82    212  2.4153e-18  5.1205e-16
   82    214  4.4707e-19  9.5672e-17
   83    209  1.1532e-05  2.4103e-03
   83    210  2.0108e-17  4.2226e-15
   83    211  3.8960e-20  8.2205e-18
   83    212  7.2174e-20  1.5301e-17
   83    214  5.5261e-20  1.1826e-17
   84    210  5.5518e-16  1.1659e-13
   86    222  1.5325e-17  3.4022e-15
   88    223  2.9977e-16  6.6849e-14
   88    224  6.2415e-18  1.3981e-15
   88    226  2.3450e-12  5.2997e-10
   88    228  2.0070e-11  4.5761e-09
   89    227  2.0846e-13  4.7321e-11
   89    228  4.3930e-19  1.0016e-16
   90    227  4.8180e-16  1.0937e-13
   90    228  1.1986e-15  2.7328e-13
   90    230  1.1052e-10  2.5419e-08
   90    231  2.7885e-17  6.4413e-15
   90    232  8.7855e-06  2.0382e-03
   90    234  3.7370e-17  8.7445e-15
   91    231  3.1253e-10  7.2195e-08
   91    234  1.1191e-18  2.6187e-16
   92    234  3.5988e-10  8.4212e-08
   92    235  6.7359e-06  1.5829e-03
   92    236  3.3000e-08  7.7880e-06
   92    238  6.5470e-06  1.5582e-03
   92    240  1.6563e-18  3.9752e-16
   93    240  1.1694e-19  2.8065e-17
   94    239  3.6165e-17  8.6434e-15
   94    240  6.5329e-12  1.5679e-09
   94    244  7.9520e-08  1.9403e-05
   95    243  1.1056e-17  2.6865e-15
   96    244  2.1583e-17  5.2661e-15
   96    247  2.3334e-14  5.7635e-12
   97    246  1.2520e-09  3.0800e-07
  100    258  2.2021e-06  5.6815e-04
  100    260  2.5398e-06  6.6034e-04
  100    262  2.3405e-06  6.1321e-04
  102    260  1.4988e-18  3.8968e-16
  102    261  2.3474e-06  6.1266e-04
  102    263  2.4056e-06  6.3268e-04
  102    264  3.1355e-06  8.2778e-04
  102    266  3.6707e-06  9.7641e-04
  103    265  2.7593e-06  7.3123e-04
  104    267  2.0075e-06  5.3601e-04
  104    268  1.7255e-06  4.6242e-04
  104    270  4.5354e-06  1.2246e-03
  104    272  1.0580e-05  2.8779e-03
  104    274  1.8844e-05  5.1634e-03
  105    269  4.1694e-06  1.1216e-03
  105    271  4.3866e-06  1.1888e-03
  106    273  1.6218e-05  4.4275e-03
  106    275  2.5606e-05  7.0417e-03
  106    276  4.3085e-05  1.1891e-02
  106    278  2.6485e-05  7.3628e-03
  106    280  6.8264e-06  1.9114e-03
  107    277  1.3483e-05  3.7348e-03
  108    279  1.5585e-05  4.3483e-03
  108    281  1.9478e-06  5.4733e-04
  108    282  1.1638e-06  3.2818e-04
  108    283  5.0626e-07  1.4327e-04
  108    284  8.4053e-07  2.3871e-04
  108    286  1.5641e-06  4.4734e-04
  110    285  1.1028e-06  3.1429e-04
  110    287  1.8654e-06  5.3538e-04
  110    288  2.2078e-06  6.3584e-04
  110    290  1.7113e-06  4.9626e-04
  111    289  1.3523e-06  3.9082e-04
  111    290  5.2673e-17  1.5275e-14
  111    291  7.8792e-07  2.2928e-04
  111    292  6.7900e-06  1.9827e-03
  111    293  3.7118e-06  1.0876e-03
  111    294  8.4185e-06  2.4750e-03
  111    295  4.9659e-06  1.4649e-03
  111    296  4.3749e-06  1.2950e-03
  111    297  2.4802e-06  7.3662e-04
  111    298  3.8092e-06  1.1352e-03
  111    299  5.9531e-07  1.7800e-04
  111    300  3.6510e-07  1.0953e-04
  111    301  1.7644e-05  5.3109e-03
  111    302  1.1675e-05  3.5257e-03
  111    303  1.1867e-05  3.5956e-03
  111    304  1.2123e-05  3.6855e-03
  111    305  7.1165e-06  2.1705e-03
  111    306  1.0771e-05  3.2959e-03
  111    307  5.9813e-06  1.8362e-03
  111    308  4.1475e-06  1.2774e-03
  111    309  5.3700e-06  1.6593e-03
  111    310  4.7487e-06  1.4721e-03
  111    311  3.7535e-06  1.1674e-03
  111    312  3.4401e-06  1.0733e-03
  111    313  2.4311e-06  7.6093e-04
  111    314  2.2513e-06  7.0692e-04
  111    315  3.2971e-06  1.0386e-03
  111    316  2.3805e-06  7.5225e-04
  111    317  2.3646e-06  7.4958e-04
  111    318  3.6676e-06  1.1663e-03
  111    319  2.5806e-06  8.2320e-04
  111    320  3.3108e-06  1.0595e-03
  111    321  1.7362e-06  5.5731e-04
  111    322  2.2827e-06  7.3503e-04
  111    323  3.9345e-06  1.2708e-03
  111    324  3.3958e-06  1.1002e-03
  111    325  1.0639e-06  3.4575e-04
  111    326  2.2364e-06  7.2905e-04
  111    327  3.2646e-06  1.0675e-03
  111    328  2.6986e-06  8.8515e-04
  111    329  3.0504e-06  1.0036e-03
  111    330  6.5892e-07  2.1744e-04
  111    331  2.5118e-06  8.3141e-04
  111    332  2.3937e-06  7.9469e-04
  111    333  4.9844e-07  1.6598e-04
  111    334  3.8623e-07  1.2900e-04
  111    335  2.1632e-07  7.2467e-05
  111    336  1.4882e-06  5.0004e-04
  111    337  1.7463e-06  5.8850e-04
    1      1  1.5049e-08  1.5049e-08
    2      4  2.1432e-01  8.5730e-01


