1  1.7323e-09
2  3.0687e-09
3  2.0284e-10
4  2.0925e-01
5  0.0000e+00
6  8.6058e-12
7  2.9040e-10
8  2.2679e-10
9  5.9235e-11
10  1.9715e-10
11  3.1499e-10
12  2.1568e-09
13  7.8140e-08
14  2.9089e-07
15  3.3425e-06
16  1.5209e-07
17  2.1006e-09
18  1.5123e-08
19  4.8051e-07
20  6.6438e-07
21  3.1597e-07
22  3.3019e-09
23  7.2264e-07
24  2.2402e-07
25  2.4368e-07
26  1.6685e-08
27  3.1385e-07
28  9.1255e-07
29  1.1932e-07
30  6.2391e-08
31  9.5502e-08
32  1.3161e-07
33  1.3432e-06
34  1.0323e-06
35  2.1044e-08
36  2.4178e-08
37  7.3349e-08
38  1.4697e-07
39  1.2193e-07
40  2.0356e-07
41  1.2054e-07
42  5.5231e-07
43  1.9410e-07
44  8.4453e-08
45  1.2082e-07
46  7.7132e-08
47  1.0828e-07
48  2.3804e-07
49  1.9944e-07
50  1.8530e-07
51  3.4620e-08
52  1.7447e-07
53  1.3780e-07
54  8.0066e-08
55  9.4896e-08
56  2.3127e-07
57  3.4075e-07
58  1.4004e-08
59  1.5340e-08
60  2.9785e-08
61  5.0979e-08
62  6.6851e-08
63  3.5417e-07
64  2.1882e-07
65  1.6800e-07
66  5.0280e-07
67  1.8070e-07
68  2.1248e-07
69  1.6498e-07
70  4.2956e-07
71  5.9564e-08
72  1.2912e-07
73  1.0168e-07
74  6.0794e-07
75  2.4826e-06
76  2.5981e-06
77  2.1913e-06
78  2.4353e-06
79  3.5050e-06
80  9.5882e-06
81  3.0900e-06
82  7.1625e-07
83  1.5221e-06
84  7.9394e-07
85  7.4437e-07
86  1.9064e-06
87  1.6130e-06
88  7.3964e-07
89  1.8094e-07
90  3.0723e-07
91  1.2680e-07
92  8.4268e-07
93  5.4623e-07
94  1.4487e-06
95  6.7553e-07
96  5.2769e-07
97  2.9773e-07
98  1.2286e-07
99  1.4007e-07
100  2.0581e-07
101  3.5630e-07
102  2.9455e-07
103  3.1014e-07
104  3.5947e-07
105  3.6286e-07
106  7.3700e-07
107  7.2046e-07
108  1.1446e-06
109  8.6207e-07
110  8.7512e-07
111  1.7513e-07
112  3.1477e-07
113  1.0656e-07
114  6.6186e-08
115  3.5398e-08
116  1.5830e-08
117  3.8944e-08
118  6.5893e-08
119  6.6564e-08
120  3.7970e-07
121  5.0550e-07
122  1.3573e-06
123  1.9343e-06
124  9.0193e-06
125  1.5189e-05
126  4.3470e-05
127  3.8741e-05
128  6.3002e-05
129  1.2953e-04
130  6.4076e-05
131  2.4386e-05
132  1.4296e-05
133  2.2395e-05
134  2.3568e-05
135  1.1544e-05
136  9.1690e-06
137  9.9022e-06
138  1.0849e-05
139  3.6173e-06
140  5.6936e-06
141  2.2672e-05
142  8.8616e-06
143  1.4993e-06
144  6.6981e-07
145  4.1978e-07
146  8.9946e-07
147  1.1652e-06
148  2.0680e-06
149  1.6235e-06
150  2.5244e-06
151  2.6302e-06
152  3.3965e-06
153  2.4070e-06
154  4.3943e-06
155  2.3649e-06
156  5.5690e-06
157  3.7402e-06
158  7.0692e-06
159  3.8374e-06
160  6.1130e-06
161  3.0350e-06
162  7.5961e-06
163  4.4866e-06
164  1.0680e-05
165  5.3079e-06
166  1.0257e-05
167  4.2983e-06
168  7.8105e-06
169  6.2572e-06
170  5.1783e-06
171  4.1764e-06
172  3.3784e-06
173  3.3757e-06
174  4.2645e-06
175  3.1071e-06
176  2.9472e-06
177  3.5556e-06
178  3.2442e-06
179  2.4934e-06
180  1.9429e-06
181  1.7653e-06
182  2.0715e-06
183  1.2280e-06
184  2.2964e-06
185  1.7334e-06
186  5.0593e-06
187  3.8439e-06
188  9.5567e-06
189  1.4438e-05
190  2.8775e-05
191  2.9381e-05
192  4.4111e-05
193  5.7178e-05
194  5.2317e-05
195  3.7975e-05
196  1.4315e-05
197  4.3524e-06
198  8.8522e-07
199  2.7059e-07
200  1.9841e-07
201  1.8026e-07
202  3.3249e-07
203  3.7648e-07
204  4.1909e-07
205  4.1306e-07
206  4.5502e-06
207  4.0220e-06
208  4.0323e-06
209  3.9691e-06
210  6.0297e-14
211  2.0045e-19
212  3.2561e-19
213  3.3346e-44
214  3.1579e-20
215  8.5791e-26
216  3.7726e-25
217  4.0012e-97
218  5.4272e-22
219  7.7642e-23
220  1.4466e-22
221  -5.5019e-320
222  9.6342e-19
223  1.9351e-17
224  8.1700e-19
225  2.0100e-40
226  1.4742e-13
227  1.3488e-14
228  2.6273e-12
229  7.5431e-30
230  6.9478e-12
231  2.0174e-11
232  1.1500e-06
233  2.6958e-27
234  2.2624e-11
235  4.3480e-07
236  1.5382e-09
237  -7.4019e-319
238  4.1158e-07
239  4.7576e-19
240  3.0445e-13
241  0.0000e+00
242  1.5231e-136
243  1.4544e-19
244  3.7059e-09
245  0.0000e+00
246  5.8330e-11
247  3.0697e-16
248  1.4349e-135
249  0.0000e+00
250  0.0000e+00
251  9.7962e-314
252  0.0000e+00
253  0.0000e+00
254  0.0000e+00
255  0.0000e+00
256  0.0000e+00
257  5.0723e-26
258  4.3009e-08
259  5.3041e-26
260  2.5209e-08
261  1.4899e-08
262  1.4468e-08
263  1.1692e-08
264  9.4755e-09
265  5.0746e-09
266  5.5765e-09
267  2.4319e-09
268  1.8250e-09
269  2.3588e-09
270  1.1056e-09
271  6.3426e-10
272  4.5816e-10
273  2.9302e-10
274  2.4547e-10
275  9.8173e-11
276  7.7273e-11
277  2.2487e-11
278  1.9860e-11
279  5.3127e-12
280  1.6706e-12
281  5.1553e-13
282  4.1331e-13
283  1.9802e-13
284  2.8582e-13
285  2.8344e-13
286  2.8409e-13
287  3.1799e-13
288  2.3461e-13
289  1.1078e-13
290  8.3167e-14
291  3.6823e-14
292  2.3590e-13
293  1.1886e-13
294  1.5857e-13
295  4.7293e-14
296  7.4883e-14
297  2.3493e-14
298  2.6221e-15
299  2.0494e-15
300  5.8284e-16
301  9.4986e-15
302  1.8142e-14
303  1.3067e-14
304  8.5776e-15
305  1.1118e-15
306  2.1647e-15
307  9.2492e-16
308  1.9495e-15
309  4.7640e-16
310  4.0345e-16
311  1.1162e-16
312  1.6788e-16
313  2.8617e-17
314  2.4342e-16
315  7.3831e-17
316  1.2364e-16
317  1.5853e-16
318  3.3196e-17
319  1.0998e-17
320  7.8388e-18
321  4.3501e-19
322  2.9315e-19
323  7.2355e-20
324  6.6393e-20
325  5.6858e-21
326  1.4923e-20
327  1.0130e-21
328  1.0129e-22
329  1.2975e-22
330  6.6829e-23
331  8.5502e-24
332  1.6201e-23
333  2.1635e-24
334  2.3177e-23
335  3.1406e-24
336  1.2802e-24
337  9.6590e-24

