1  1.6521e-09
2  1.4287e-09
3  4.8943e-11
4  2.0100e-01
5  0.0000e+00
6  4.0462e-12
7  8.6915e-11
8  7.2296e-12
9  6.2590e-13
10  1.1447e-11
11  8.8796e-11
12  2.0914e-09
13  2.2225e-09
14  8.1616e-07
15  2.9842e-07
16  2.3024e-08
17  7.2428e-10
18  2.7706e-08
19  1.2934e-07
20  1.8669e-07
21  3.0285e-07
22  4.8608e-09
23  1.6869e-07
24  6.7968e-08
25  6.6223e-08
26  5.3198e-08
27  3.0722e-07
28  9.0951e-07
29  1.2398e-07
30  5.5129e-08
31  8.9459e-08
32  1.2460e-07
33  1.2006e-06
34  9.2137e-07
35  1.2083e-08
36  1.7842e-08
37  7.0105e-08
38  1.8010e-07
39  3.5423e-07
40  6.1955e-07
41  3.8882e-08
42  9.5028e-07
43  4.8475e-07
44  5.9524e-08
45  1.3915e-07
46  1.2572e-07
47  1.6699e-07
48  3.0655e-07
49  3.9578e-07
50  4.3579e-07
51  7.6004e-08
52  1.8359e-07
53  1.1170e-07
54  6.9729e-08
55  1.0588e-07
56  2.7415e-07
57  5.1940e-07
58  1.5781e-08
59  2.1019e-08
60  4.7967e-08
61  8.2983e-08
62  6.1706e-08
63  3.4321e-07
64  1.2817e-07
65  1.2392e-07
66  4.6885e-07
67  2.1270e-07
68  1.6757e-07
69  1.5561e-07
70  6.1158e-07
71  1.0667e-07
72  2.4410e-07
73  1.0114e-07
74  4.4488e-07
75  2.1006e-06
76  2.2713e-06
77  2.9761e-06
78  6.4055e-06
79  9.9688e-06
80  1.9984e-05
81  4.2685e-06
82  1.2694e-06
83  8.3503e-07
84  7.9923e-07
85  1.0502e-06
86  2.5916e-06
87  2.3372e-06
88  1.6994e-06
89  5.0321e-07
90  8.8068e-07
91  2.8146e-07
92  1.3306e-06
93  7.9782e-07
94  2.2915e-06
95  1.3799e-06
96  9.8928e-07
97  9.0814e-07
98  2.5899e-07
99  3.2765e-07
100  4.4817e-07
101  6.8162e-07
102  4.5303e-07
103  5.0200e-07
104  5.3010e-07
105  5.8123e-07
106  1.1003e-06
107  1.2624e-06
108  2.2068e-06
109  2.2081e-06
110  2.8012e-06
111  5.5326e-07
112  1.4164e-06
113  5.1934e-07
114  3.9337e-07
115  2.6095e-07
116  3.3221e-08
117  6.1247e-08
118  6.7984e-08
119  5.1946e-08
120  2.7797e-07
121  3.2825e-07
122  1.0445e-06
123  1.6049e-06
124  1.8025e-05
125  5.8829e-05
126  2.3797e-04
127  1.5032e-04
128  1.5935e-04
129  3.9234e-04
130  8.1427e-05
131  1.5715e-05
132  2.2455e-05
133  3.3732e-05
134  2.9510e-05
135  1.5682e-05
136  9.2782e-06
137  8.2129e-06
138  1.0754e-05
139  3.2047e-06
140  4.7222e-06
141  2.2092e-05
142  9.7751e-06
143  2.4842e-06
144  1.0501e-06
145  4.9893e-07
146  9.2568e-07
147  1.1306e-06
148  2.0161e-06
149  1.4504e-06
150  2.2862e-06
151  2.1862e-06
152  3.2527e-06
153  2.2149e-06
154  3.9493e-06
155  1.9947e-06
156  3.9538e-06
157  2.8797e-06
158  5.9366e-06
159  2.3714e-06
160  4.8117e-06
161  2.3522e-06
162  4.7862e-06
163  2.9625e-06
164  7.5184e-06
165  3.7962e-06
166  7.5897e-06
167  3.2420e-06
168  4.9275e-06
169  5.1999e-06
170  3.5332e-06
171  2.8148e-06
172  2.2062e-06
173  1.9261e-06
174  2.4064e-06
175  1.4760e-06
176  1.3565e-06
177  1.5901e-06
178  1.3492e-06
179  1.0470e-06
180  8.5912e-07
181  8.2819e-07
182  8.1779e-07
183  4.0623e-07
184  4.4401e-07
185  2.6197e-07
186  4.6690e-07
187  3.3258e-07
188  7.0445e-07
189  9.1141e-07
190  1.9589e-06
191  1.8729e-06
192  2.7857e-06
193  3.6115e-06
194  3.8447e-06
195  3.0887e-06
196  1.4910e-06
197  5.5873e-07
198  1.1871e-07
199  1.3879e-08
200  1.3613e-09
201  1.7791e-10
202  3.7460e-10
203  5.0692e-10
204  4.7947e-10
205  3.8490e-10
206  1.0454e-09
207  9.0290e-10
208  8.8410e-10
209  6.9521e-10
210  1.2868e-22
211  2.7917e-36
212  1.2957e-13
213  1.1560e-45
214  7.8842e-15
215  3.0721e-13
216  1.1618e-28
217  1.1008e-96
218  9.0645e-27
219  7.5232e-27
220  7.0877e-27
221  7.3171e-320
222  1.6091e-23
223  4.8806e-22
224  4.0029e-23
225  2.5065e-40
226  2.4620e-18
227  3.4018e-19
228  1.2873e-16
229  9.3495e-30
230  1.1604e-16
231  5.0882e-16
232  5.6344e-11
233  3.3297e-27
234  3.7784e-16
235  1.0967e-11
236  1.3860e-14
237  9.4514e-319
238  6.8738e-12
239  2.7679e-24
240  2.7419e-18
241  0.0000e+00
242  2.0565e-146
243  8.4616e-25
244  3.3375e-14
245  0.0000e+00
246  5.4078e-16
247  1.7859e-21
248  1.4456e-145
249  0.0000e+00
250  0.0000e+00
251  6.7973e-314
252  0.0000e+00
253  0.0000e+00
254  0.0000e+00
255  0.0000e+00
256  0.0000e+00
257  6.8044e-26
258  1.4391e-13
259  8.5314e-26
260  7.0825e-14
261  3.3020e-14
262  2.5690e-14
263  1.7152e-14
264  1.1960e-14
265  5.8106e-15
266  5.3399e-15
267  1.7057e-15
268  9.9920e-16
269  1.0287e-15
270  3.5803e-16
271  1.6633e-16
272  8.8117e-17
273  3.7041e-17
274  2.0097e-17
275  7.5424e-18
276  6.1899e-18
277  1.8085e-18
278  1.7336e-18
279  5.7649e-19
280  2.1007e-19
281  5.8152e-20
282  2.1900e-20
283  5.3319e-21
284  5.8894e-21
285  4.9739e-21
286  4.4274e-21
287  4.5644e-21
288  3.1302e-21
289  1.3082e-21
290  7.3249e-22
291  2.7111e-22
292  6.8028e-22
293  1.4674e-22
294  1.3927e-22
295  3.5175e-23
296  4.4045e-23
297  9.9468e-24
298  8.7880e-25
299  6.9633e-25
300  1.3478e-35
301  4.9623e-24
302  4.9393e-24
303  0.0000e+00
304  0.0000e+00
305  0.0000e+00
306  0.0000e+00
307  0.0000e+00
308  0.0000e+00
309  0.0000e+00
310  0.0000e+00
311  0.0000e+00
312  0.0000e+00
313  0.0000e+00
314  0.0000e+00
315  0.0000e+00
316  0.0000e+00
317  0.0000e+00
318  0.0000e+00
319  0.0000e+00
320  0.0000e+00
321  0.0000e+00
322  0.0000e+00
323  0.0000e+00
324  0.0000e+00
325  0.0000e+00
326  0.0000e+00
327  0.0000e+00
328  0.0000e+00
329  0.0000e+00
330  0.0000e+00
331  0.0000e+00
332  0.0000e+00
333  0.0000e+00
334  0.0000e+00
335  0.0000e+00
336  0.0000e+00
337  0.0000e+00

