1  4.5566e-11
2  1.7401e-01
3  5.3608e-20
4  9.4734e-19
5  1.0741e-19
6  1.2786e-07
7  2.0140e-13
8  5.8797e-09
9  2.8343e-15
10  4.2513e-09
11  3.4869e-13
12  3.0269e-09
13  9.3427e-10
14  4.2381e-09
15  3.5761e-09
16  1.1483e-07
17  1.3065e-08
18  1.1651e-08
19  3.6373e-09
20  7.7353e-07
21  8.7834e-09
22  1.8155e-06
23  3.2538e-07
24  7.4863e-06
25  6.0702e-08
26  1.6342e-06
27  8.2628e-07
28  2.4573e-06
29  1.1511e-06
30  4.2553e-06
31  2.8048e-07
32  1.8086e-05
33  1.0499e-06
34  8.0973e-05
35  1.4377e-05
36  4.2280e-05
37  1.7521e-05
38  5.0428e-06
39  3.1437e-05
40  1.8630e-04
41  1.8622e-05
42  1.2866e-04
43  5.8084e-30
44  5.3337e-04
45  3.5050e-05
46  1.1513e-03
47  3.1453e-04
48  2.5047e-04
49  2.2874e-05
50  2.8395e-05
51  8.1334e-07
52  2.6510e-05
53  7.6632e-06
54  2.3208e-06
55  6.0636e-14
56  1.2210e-15
57  8.4939e-18
58  2.3099e-17
59  1.3002e-17
60  4.3788e-18
61  7.1197e-26
62  2.2980e-19
63  6.0029e-20
64  3.6082e-20
65  2.0478e-22
66  8.4580e-22
67  9.0083e-23
68  2.2899e-22
69  2.3429e-23
70  1.6799e-24
71  0.0000e+00
72  0.0000e+00
73  0.0000e+00
74  0.0000e+00
75  0.0000e+00
76  0.0000e+00
77  0.0000e+00
78  0.0000e+00
79  0.0000e+00
80  0.0000e+00
81  0.0000e+00
82  0.0000e+00
83  0.0000e+00
84  0.0000e+00
85  0.0000e+00
86  0.0000e+00
87  0.0000e+00
88  0.0000e+00
89  0.0000e+00
90  0.0000e+00
91  0.0000e+00
92  0.0000e+00
93  0.0000e+00
94  0.0000e+00
95  0.0000e+00
96  0.0000e+00
97  0.0000e+00
98  0.0000e+00
99  0.0000e+00
100  0.0000e+00
101  0.0000e+00
102  0.0000e+00
103  0.0000e+00
104  0.0000e+00
105  0.0000e+00
106  0.0000e+00
107  0.0000e+00
108  0.0000e+00
109  0.0000e+00
110  0.0000e+00
111  0.0000e+00
112  0.0000e+00
113  0.0000e+00
114  0.0000e+00
115  0.0000e+00
116  0.0000e+00
117  0.0000e+00
118  0.0000e+00

