1  2.7664e-02
2  1.8631e+04
3  5.2176e-11
4  2.3574e-07
5  3.4798e-09
6  6.7216e-09
7  1.5589e-06
8  2.4364e-06
9  4.6928e-08
10  2.7154e-06
11  6.6529e-07
12  4.7970e-06
13  1.2339e-08
14  4.7497e-07
15  1.3019e-08
16  9.9963e-07
17  5.0114e-08
18  1.9198e-07
19  5.5406e-09
20  3.3557e-09
21  3.0604e-10
22  1.8443e-08
23  1.0710e-10
24  4.1573e-10
25  3.4911e-11
26  5.9593e-10
27  4.8120e-12
28  2.6737e-09
29  1.0091e-10
30  2.2036e-10
31  1.8156e-11
32  5.1510e-10
33  4.9995e-11
34  1.6331e-09
35  1.4439e-10
36  5.5477e-10
37  2.5901e-10
38  1.5364e-10
39  1.4641e-10
40  3.4683e-10
41  9.6337e-11
42  5.6960e-10
43  5.3296e-36
44  1.1253e-10
45  1.3558e-11
46  1.4667e-10
47  2.2325e-11
48  1.4957e-10
49  3.4803e-11
50  4.5088e-10
51  2.8876e-11
52  9.2526e-10
53  1.4963e-11
54  1.8347e-08
55  4.1463e-09
56  4.9109e-09
57  1.9038e-10
58  4.7343e-10
59  3.2920e-11
60  1.8748e-10
61  1.6332e-90
62  4.0311e-11
63  6.6564e-12
64  1.1504e-11
65  3.5266e-13
66  2.0819e-12
67  6.9637e-13
68  3.7608e-12
69  2.2117e-12
70  4.3060e-12
71  4.9882e-13
72  2.3977e-12
73  4.8209e-12
74  3.1065e-12
75  5.1790e-13
76  8.6188e-12
77  2.0117e-12
78  1.0775e-11
79  2.5366e-12
80  9.6534e-12
81  7.1844e-12
82  5.3175e-10
83  1.1616e-06
84  3.7719e-22
85  5.1761e-48
86  2.5584e-24
87  3.4179e-27
88  9.4761e-18
89  1.2889e-19
90  3.9767e-12
91  1.9323e-16
92  5.2724e-12
93  5.6304e-26
94  3.8292e-14
95  6.6244e-28
96  1.0392e-23
97  2.4227e-16
98  0.0000e+00
99  -1.6403e-321
100  2.6149e-10
101  -4.7093e-293
102  5.6155e-10
103  1.2010e-10
104  1.6629e-11
105  8.6745e-12
106  8.3386e-11
107  8.4270e-12
108  3.0809e-10
109  1.6591e-320
110  9.5663e-11
111  2.1660e-04
112  0.0000e+00
113  0.0000e+00
114  0.0000e+00
115  0.0000e+00
116  0.0000e+00
117  0.0000e+00
118  0.0000e+00

