    1      2  5.0373e-09  1.0075e-08
    2      3  3.7991e-10  1.1397e-09
    3      6  1.4209e-11  8.5252e-11
    3      7  3.7611e-10  2.6328e-09
    4      8  1.1421e-10  9.1369e-10
    4      9  3.8504e-11  3.4654e-10
    5     10  1.4736e-09  1.4736e-08
    5     11  1.5983e-09  1.7582e-08
    6     12  1.4177e-09  1.7013e-08
    6     13  3.9447e-08  5.1282e-07
    7     14  1.7700e-07  2.4780e-06
    7     15  1.3792e-06  2.0688e-05
    8     16  5.2516e-08  8.4026e-07
    8     17  2.0754e-09  3.5281e-08
    8     18  1.6277e-08  2.9298e-07
    9     19  1.5530e-07  2.9507e-06
   10     20  2.2897e-07  4.5793e-06
   10     21  4.5251e-07  9.5026e-06
   10     22  2.5865e-09  5.6904e-08
   11     23  2.5095e-07  5.7719e-06
   12     24  2.5072e-07  6.0173e-06
   12     25  2.3094e-07  5.7734e-06
   12     26  1.6662e-08  4.3322e-07
   13     26  5.5834e-19  1.4517e-17
   13     27  3.0504e-08  8.2362e-07
   14     28  1.0337e-07  2.8944e-06
   14     29  5.1238e-08  1.4859e-06
   14     30  5.8282e-08  1.7485e-06
   15     31  5.9534e-08  1.8455e-06
   16     32  8.1788e-08  2.6172e-06
   16     33  2.1046e-07  6.9452e-06
   16     34  2.1085e-07  7.1690e-06
   16     36  4.9275e-08  1.7739e-06
   17     35  6.8899e-09  2.4115e-07
   17     37  5.9071e-08  2.1856e-06
   18     36  1.4439e-20  5.1981e-19
   18     38  8.2963e-08  3.1526e-06
   18     40  3.4626e-08  1.3850e-06
   19     39  2.9900e-08  1.1661e-06
   19     41  1.7445e-07  7.1524e-06
   20     42  4.6768e-07  1.9643e-05
   20     43  5.2644e-08  2.2637e-06
   20     44  1.6156e-07  7.1088e-06
   20     46  1.0792e-07  4.9642e-06
   21     45  1.6098e-07  7.2443e-06
   22     46  1.3545e-19  6.2309e-18
   22     47  2.6183e-07  1.2306e-05
   22     48  3.2607e-07  1.5652e-05
   22     49  4.7078e-08  2.3068e-06
   22     50  1.4465e-07  7.2325e-06
   23     51  2.2338e-07  1.1392e-05
   24     52  6.9321e-07  3.6047e-05
   24     53  1.4748e-07  7.8164e-06
   24     54  5.3609e-08  2.8949e-06
   25     55  7.1676e-08  3.9422e-06
   26     56  3.0954e-08  1.7334e-06
   26     57  1.4180e-07  8.0823e-06
   26     58  1.9651e-09  1.1398e-07
   27     59  6.7486e-09  3.9817e-07
   28     60  1.1093e-08  6.6559e-07
   28     61  2.9435e-08  1.7956e-06
   28     62  6.0226e-08  3.7340e-06
   28     64  8.7345e-08  5.5901e-06
   29     63  6.2022e-07  3.9074e-05
   29     65  1.7340e-07  1.1271e-05
   30     66  4.1010e-07  2.7067e-05
   30     67  1.7323e-07  1.1606e-05
   30     68  5.8914e-08  4.0062e-06
   30     70  8.2023e-08  5.7416e-06
   31     69  1.9477e-08  1.3439e-06
   31     71  4.1787e-08  2.9669e-06
   32     70  4.7349e-16  3.3144e-14
   32     72  1.6783e-07  1.2084e-05
   32     73  1.6948e-07  1.2372e-05
   32     74  5.9060e-07  4.3705e-05
   32     76  8.9562e-07  6.8067e-05
   33     75  1.4569e-06  1.0927e-04
   34     76  8.6403e-14  6.5666e-12
   34     77  1.1048e-06  8.5067e-05
   34     78  1.3567e-06  1.0582e-04
   34     80  3.3492e-06  2.6794e-04
   34     82  9.2252e-07  7.5647e-05
   35     79  1.5171e-06  1.1985e-04
   35     81  7.2835e-07  5.8996e-05
   36     82  2.2472e-13  1.8427e-11
   36     83  9.7188e-07  8.0666e-05
   36     84  4.9514e-07  4.1592e-05
   36     86  4.1139e-07  3.5379e-05
   37     85  1.7590e-07  1.4951e-05
   37     87  3.9980e-07  3.4783e-05
   38     86  9.4761e-20  8.1495e-18
   38     87  2.9274e-09  2.5468e-07
   38     88  7.0865e-07  6.2362e-05
   39     89  3.0068e-07  2.6761e-05
   40     90  4.1688e-07  3.7519e-05
   40     91  2.3201e-07  2.1113e-05
   40     92  4.9674e-07  4.5700e-05
   40     94  5.9249e-07  5.5694e-05
   41     93  9.7637e-07  9.0802e-05
   42     95  4.6316e-07  4.4001e-05
   42     96  2.1709e-07  2.0841e-05
   42     97  2.2096e-07  2.1433e-05
   42     98  1.5010e-07  1.4710e-05
   42    100  1.2871e-07  1.2871e-05
   44     99  8.3623e-08  8.2786e-06
   44    100  5.8191e-16  5.8191e-14
   44    101  1.1474e-07  1.1589e-05
   44    102  1.6419e-07  1.6747e-05
   44    104  1.8410e-07  1.9147e-05
   45    103  1.9245e-07  1.9823e-05
   46    104  4.4612e-17  4.6396e-15
   46    105  2.7177e-07  2.8536e-05
   46    106  2.0061e-07  2.1265e-05
   46    108  1.7969e-07  1.9406e-05
   46    110  3.7119e-07  4.0831e-05
   47    107  2.4107e-07  2.5794e-05
   47    109  2.2965e-07  2.5031e-05
   48    110  6.3858e-15  7.0244e-13
   48    111  5.7855e-08  6.4219e-06
   48    112  1.7375e-07  1.9459e-05
   48    113  8.9730e-08  1.0140e-05
   48    114  8.8924e-08  1.0137e-05
   48    116  2.9501e-08  3.4221e-06
   49    113  3.9491e-15  4.4625e-13
   49    115  7.7694e-08  8.9348e-06
   50    115  6.1988e-14  7.1287e-12
   50    116  5.3535e-17  6.2101e-15
   50    117  7.6493e-08  8.9497e-06
   50    118  7.5222e-08  8.8762e-06
   50    119  8.4030e-08  9.9996e-06
   50    120  3.3888e-07  4.0665e-05
   50    122  6.8363e-07  8.3403e-05
   50    124  3.6576e-06  4.5355e-04
   51    121  4.0014e-07  4.8417e-05
   51    123  9.6600e-07  1.1882e-04
   52    122  4.7527e-15  5.7983e-13
   52    124  9.6570e-17  1.1975e-14
   52    125  3.0665e-06  3.8331e-04
   52    126  8.6921e-06  1.0952e-03
   52    128  1.1456e-05  1.4663e-03
   52    130  2.3642e-06  3.0735e-04
   53    127  8.4685e-06  1.0755e-03
   53    129  3.9818e-14  5.1365e-12
   54    128  2.3978e-18  3.0692e-16
   54    129  8.0348e-06  1.0365e-03
   54    130  5.8682e-15  7.6286e-13
   54    131  3.6969e-06  4.8430e-04
   54    132  9.1685e-06  1.2102e-03
   54    134  2.4285e-06  3.2542e-04
   54    136  4.0496e-06  5.5074e-04
   55    133  3.2232e-06  4.2868e-04
   56    134  1.2473e-18  1.6714e-16
   56    135  1.2527e-06  1.6911e-04
   56    136  6.8170e-17  9.2711e-15
   56    137  3.5425e-06  4.8532e-04
   56    138  4.0657e-06  5.6106e-04
   57    139  9.5520e-07  1.3277e-04
   58    140  4.0946e-06  5.7325e-04
   58    142  1.5243e-06  2.1645e-04
   59    141  1.3735e-06  1.9366e-04
   60    142  1.4552e-19  2.0664e-17
   60    143  7.7367e-07  1.1063e-04
   60    144  2.0428e-06  2.9417e-04
   60    145  1.2905e-06  1.8712e-04
   60    146  2.8707e-06  4.1912e-04
   60    148  2.7398e-06  4.0548e-04
   60    150  1.3692e-06  2.0539e-04
   62    147  2.7514e-06  4.0445e-04
   62    148  4.5432e-16  6.7239e-14
   62    149  1.0998e-06  1.6387e-04
   62    150  5.2806e-13  7.9209e-11
   62    152  2.0980e-06  3.1890e-04
   62    154  2.5387e-06  3.9096e-04
   63    151  1.8352e-06  2.7712e-04
   63    153  1.2036e-06  1.8415e-04
   64    154  1.2046e-14  1.8550e-12
   64    155  1.5277e-06  2.3680e-04
   64    156  3.0707e-06  4.7903e-04
   64    157  1.3394e-06  2.1029e-04
   64    158  2.6742e-06  4.2252e-04
   64    160  2.2335e-06  3.5736e-04
   65    159  1.7645e-06  2.8056e-04
   66    160  8.6520e-15  1.3843e-12
   66    161  9.6503e-07  1.5537e-04
   66    162  2.6925e-06  4.3619e-04
   66    163  1.3631e-06  2.2219e-04
   66    164  4.2331e-06  6.9423e-04
   67    165  1.4446e-06  2.3836e-04
   68    166  3.4171e-06  5.6724e-04
   68    167  1.5538e-06  2.5948e-04
   68    168  3.7964e-06  6.3779e-04
   68    170  2.0540e-06  3.4918e-04
   69    169  1.8559e-06  3.1364e-04
   70    170  1.6528e-15  2.8098e-13
   70    171  1.3232e-06  2.2627e-04
   70    172  1.4795e-06  2.5447e-04
   70    173  1.3648e-06  2.3611e-04
   70    174  2.3007e-06  4.0031e-04
   70    176  1.6855e-06  2.9664e-04
   71    175  1.2003e-06  2.1005e-04
   71    176  6.0952e-16  1.0727e-13
   72    176  5.7065e-18  1.0043e-15
   72    177  1.3597e-06  2.4066e-04
   72    178  2.6135e-06  4.6520e-04
   72    179  2.3284e-06  4.1679e-04
   72    180  3.5687e-06  6.4237e-04
   72    182  2.0498e-19  3.7306e-17
   73    181  3.1595e-06  5.7187e-04
   74    182  6.6273e-06  1.2062e-03
   74    183  2.2337e-06  4.0877e-04
   74    184  8.3882e-06  1.5434e-03
   74    186  1.4509e-05  2.6986e-03
   75    185  3.4474e-06  6.3777e-04
   75    187  4.6041e-06  8.6096e-04
   76    186  2.5259e-17  4.6981e-15
   76    187  3.7417e-08  6.9970e-06
   76    188  1.1243e-05  2.1137e-03
   76    189  1.2347e-05  2.3336e-03
   76    190  1.8472e-05  3.5097e-03
   76    192  1.0301e-05  1.9778e-03
   77    191  1.0568e-05  2.0185e-03
   77    193  9.6069e-06  1.8541e-03
   78    192  5.3618e-15  1.0295e-12
   78    194  7.0494e-06  1.3676e-03
   78    195  5.0829e-06  9.9116e-04
   78    196  2.2989e-06  4.5059e-04
   78    198  3.0539e-07  6.0467e-05
   79    197  1.1871e-06  2.3385e-04
   80    198  3.2307e-15  6.3969e-13
   80    199  1.0084e-07  2.0066e-05
   80    200  6.6961e-08  1.3392e-05
   80    201  1.0224e-07  2.0550e-05
   80    202  2.3650e-07  4.7772e-05
   80    204  4.7912e-07  9.7740e-05
   81    203  3.5846e-07  7.2768e-05
   81    205  1.0739e-07  2.2014e-05
   82    204  7.5819e-18  1.5467e-15
   82    206  5.8604e-07  1.2072e-04
   82    207  5.4843e-07  1.1352e-04
   82    208  6.4115e-07  1.3336e-04
   82    210  3.6085e-18  7.5779e-16
   83    209  3.1404e-07  6.5634e-05
   84    210  6.1544e-20  1.2924e-17
   88    223  3.2149e-20  7.1693e-18
   88    226  2.5995e-16  5.8749e-14
   88    228  1.1873e-18  2.7071e-16
   89    227  2.2357e-17  5.0751e-15
   90    227  5.1671e-20  1.1729e-17
   90    228  3.9558e-19  9.0191e-17
   90    230  1.2251e-14  2.8178e-12
   90    232  2.8994e-09  6.7267e-07
   90    234  1.0707e-20  2.5054e-18
   91    231  3.3518e-14  7.7427e-12
   92    234  3.9894e-14  9.3352e-12
   92    235  7.2240e-10  1.6977e-07
   92    236  1.5519e-12  3.6625e-10
   92    238  7.2576e-10  1.7273e-07
   94    240  3.0695e-16  7.3667e-14
   94    244  3.7362e-12  9.1164e-10
   96    247  2.8546e-19  7.0508e-17
   97    246  4.6682e-14  1.1484e-11
  100    258  5.1240e-12  1.3220e-09
  100    260  2.7255e-12  7.0863e-10
  100    262  9.1915e-13  2.4082e-10
  102    261  1.2346e-12  3.2224e-10
  102    263  3.8015e-13  9.9981e-11
  102    264  3.1046e-13  8.1962e-11
  102    266  4.9014e-14  1.3038e-11
  103    265  1.1808e-13  3.1292e-11
  104    267  9.4711e-15  2.5288e-12
  104    268  4.3527e-15  1.1665e-12
  104    270  1.8779e-15  5.0703e-13
  104    272  1.0933e-16  2.9739e-14
  104    274  5.8768e-17  1.6102e-14
  105    269  6.1509e-15  1.6546e-12
  105    271  3.3262e-16  9.0141e-14
  106    273  9.0435e-17  2.4689e-14
  106    275  4.4700e-18  1.2292e-15
  106    276  2.0998e-17  5.7955e-15
  106    278  2.4231e-17  6.7361e-15
  106    280  7.3201e-18  2.0496e-15
  107    277  1.0405e-17  2.8823e-15
  108    279  1.2269e-17  3.4231e-15
  108    281  4.8596e-18  1.3656e-15
  108    282  3.4163e-17  9.6339e-15
  108    283  3.3172e-18  9.3876e-16
  108    284  9.0311e-18  2.5648e-15
  108    286  1.9444e-18  5.5610e-16
  110    285  1.0168e-19  2.8978e-17
  110    287  1.0268e-18  2.9471e-16
  110    288  1.9636e-19  5.6551e-17
  110    290  7.0482e-19  2.0440e-16
  111    289  1.7862e-19  5.1620e-17
  111    292  6.4637e-19  1.8874e-16
    1      1  5.7888e-09  5.7888e-09
    2      4  2.3702e-01  9.4806e-01


