    1      2  7.7309e-20  1.5462e-19
    6     12  5.8443e-06  7.0132e-05
    6     13  6.1052e-10  7.9367e-09
    7     14  8.6821e-14  1.2155e-12
    7     15  2.5368e-20  3.8052e-19
    8     16  3.6674e-08  5.8679e-07
    8     17  6.4673e-16  1.0994e-14
    8     18  8.8317e-19  1.5897e-17
   10     20  1.7232e-08  3.4464e-07
   10     21  2.7787e-13  5.8352e-12
   10     22  7.0138e-17  1.5430e-15
   11     23  1.4254e-12  3.2784e-11
   12     24  1.6288e-08  3.9090e-07
   12     25  1.5996e-11  3.9990e-10
   12     26  2.7581e-11  7.1711e-10
   13     26  2.2256e-13  5.7865e-12
   13     27  2.4237e-09  6.5440e-08
   14     28  5.3873e-08  1.5084e-06
   14     29  4.8087e-10  1.3945e-08
   14     30  2.9710e-08  8.9130e-07
   15     31  9.4332e-09  2.9243e-07
   16     32  7.6450e-08  2.4464e-06
   16     33  8.3052e-09  2.7407e-07
   16     34  1.4329e-07  4.8720e-06
   16     36  6.4287e-11  2.3143e-09
   17     35  4.2658e-08  1.4930e-06
   17     37  1.4787e-08  5.4714e-07
   18     36  5.8120e-08  2.0923e-06
   18     38  5.5288e-07  2.1010e-05
   18     40  5.6782e-10  2.2713e-08
   19     39  6.1106e-08  2.3831e-06
   19     40  1.5046e-09  6.0184e-08
   19     41  1.6535e-08  6.7794e-07
   20     40  1.2142e-07  4.8567e-06
   20     42  1.1193e-06  4.7012e-05
   20     43  8.0756e-08  3.4725e-06
   20     44  3.1189e-08  1.3723e-06
   20     46  2.4978e-11  1.1490e-09
   21     45  3.1564e-07  1.4204e-05
   22     46  8.6865e-07  3.9958e-05
   22     47  1.1884e-07  5.5857e-06
   22     48  4.9361e-07  2.3693e-05
   22     49  7.0727e-07  3.4656e-05
   22     50  1.5036e-07  7.5180e-06
   23     51  6.4808e-07  3.3052e-05
   24     50  2.3269e-07  1.1635e-05
   24     52  8.8710e-07  4.6129e-05
   24     53  4.2988e-07  2.2783e-05
   24     54  3.5537e-07  1.9190e-05
   25     55  8.8654e-07  4.8760e-05
   26     54  2.8389e-07  1.5330e-05
   26     56  1.7860e-06  1.0002e-04
   26     57  4.2423e-07  2.4181e-05
   26     58  7.1676e-07  4.1572e-05
   27     59  8.0915e-07  4.7740e-05
   28     58  7.1206e-08  4.1299e-06
   28     60  3.2605e-06  1.9563e-04
   28     61  9.0546e-07  5.5233e-05
   28     62  8.4692e-05  5.2509e-03
   28     64  1.9941e-06  1.2762e-04
   29     63  6.4982e-06  4.0938e-04
   29     65  3.3926e-06  2.2052e-04
   30     64  6.9905e-07  4.4739e-05
   30     66  5.0201e-05  3.3133e-03
   30     67  2.0691e-06  1.3863e-04
   30     68  1.5673e-05  1.0658e-03
   30     70  2.0746e-08  1.4522e-06
   31     69  2.9319e-06  2.0230e-04
   31     71  4.5271e-07  3.2142e-05
   32     70  2.1621e-06  1.5135e-04
   32     72  1.7289e-05  1.2448e-03
   32     73  9.0101e-07  6.5774e-05
   32     74  2.8862e-06  2.1358e-04
   32     76  9.0283e-09  6.8615e-07
   33     75  1.2864e-06  9.6480e-05
   34     74  5.8830e-08  4.3534e-06
   34     76  1.3001e-06  9.8810e-05
   34     77  3.5049e-07  2.6988e-05
   34     78  6.1297e-06  4.7812e-04
   34     80  6.4224e-07  5.1379e-05
   34     82  2.3625e-09  1.9372e-07
   35     79  4.9678e-07  3.9245e-05
   35     81  9.6494e-07  7.8160e-05
   36     78  2.2673e-10  1.7685e-08
   36     80  8.9827e-08  7.1862e-06
   36     82  4.2396e-07  3.4765e-05
   36     83  3.7946e-07  3.1495e-05
   36     84  2.2841e-06  1.9186e-04
   36     86  2.7827e-07  2.3931e-05
   37     85  1.6896e-07  1.4361e-05
   37     87  4.4356e-06  3.8590e-04
   38     84  1.1661e-10  9.7951e-09
   38     86  4.9966e-07  4.2971e-05
   38     87  1.2142e-06  1.0564e-04
   38     88  1.9436e-03  1.7104e-01
   39     89  2.6396e-04  2.3493e-02
   40     90  2.1701e-04  1.9531e-02
   40     91  5.4788e-06  4.9857e-04
   40     92  9.6201e-07  8.8505e-05
   40     94  1.4739e-10  1.3855e-08
   41     92  6.9594e-12  6.4026e-10
   41     93  5.0546e-08  4.7008e-06
   42     92  4.1684e-09  3.8349e-07
   42     94  2.0179e-08  1.8968e-06
   42     95  1.5513e-09  1.4737e-07
   42     96  1.1418e-09  1.0961e-07
   42     97  2.0937e-11  2.0309e-09
   42     98  1.5542e-12  1.5231e-10
   42    100  1.2301e-17  1.2301e-15
   44     96  3.5331e-14  3.3918e-12
   44     98  1.6828e-12  1.6492e-10
   44     99  3.8104e-13  3.7723e-11
   44    100  7.3947e-13  7.3947e-11
   44    101  1.3119e-14  1.3251e-12
   44    102  8.4770e-15  8.6465e-13
   44    104  2.1288e-18  2.2139e-16
   45    103  2.0877e-16  2.1503e-14
   46    102  5.4517e-17  5.5608e-15
   46    104  1.1276e-16  1.1727e-14
   46    105  6.3255e-18  6.6418e-16
   46    106  1.2948e-17  1.3725e-15
   46    108  5.1719e-20  5.5857e-18
   47    107  1.6047e-19  1.7170e-17
    1      1  4.2476e-08  4.2476e-08
    2      4  1.9255e-01  7.7019e-01


