    5     10  1.6912e-19  1.6912e-18
    6     12  7.2949e-06  8.7539e-05
    6     13  4.6403e-11  6.0324e-10
    7     14  4.1602e-16  5.8243e-15
    7     15  4.7212e-20  7.0818e-19
    8     16  1.9323e-08  3.0917e-07
    8     17  2.3191e-17  3.9426e-16
    9     19  2.6838e-20  5.0993e-19
   10     20  1.6915e-08  3.3830e-07
   10     21  2.0473e-14  4.2993e-13
   10     22  1.1637e-18  2.5601e-17
   11     23  1.3748e-12  3.1620e-11
   12     24  1.8572e-08  4.4572e-07
   12     25  1.2785e-12  3.1964e-11
   12     26  2.7869e-11  7.2458e-10
   13     26  2.0582e-13  5.3513e-12
   13     27  2.7909e-09  7.5354e-08
   14     28  7.0618e-08  1.9773e-06
   14     29  5.2603e-10  1.5255e-08
   14     30  3.6954e-08  1.1086e-06
   15     31  1.1794e-08  3.6561e-07
   16     32  1.0024e-07  3.2077e-06
   16     33  9.9546e-09  3.2850e-07
   16     34  1.9438e-07  6.6088e-06
   16     36  9.9034e-11  3.5652e-09
   17     35  4.5869e-08  1.6054e-06
   17     37  1.9088e-08  7.0625e-07
   18     36  7.2911e-08  2.6248e-06
   18     38  7.8386e-07  2.9787e-05
   18     40  9.4482e-10  3.7793e-08
   19     39  5.1141e-08  1.9945e-06
   19     40  2.3851e-09  9.5403e-08
   19     41  2.2528e-08  9.2366e-07
   20     40  1.6324e-07  6.5295e-06
   20     42  1.5573e-06  6.5409e-05
   20     43  3.7658e-08  1.6193e-06
   20     44  4.8421e-08  2.1305e-06
   20     46  1.9084e-12  8.7788e-11
   21     45  4.8379e-07  2.1771e-05
   22     46  1.1862e-06  5.4567e-05
   22     47  9.4187e-08  4.4268e-06
   22     48  8.4309e-07  4.0468e-05
   22     49  1.1827e-06  5.7951e-05
   22     50  8.3288e-08  4.1644e-06
   23     51  1.0226e-06  5.2152e-05
   24     50  2.9848e-07  1.4924e-05
   24     52  1.3151e-06  6.8386e-05
   24     53  7.4451e-07  3.9459e-05
   24     54  3.9916e-07  2.1555e-05
   25     55  1.5439e-06  8.4914e-05
   26     54  1.1286e-06  6.0944e-05
   26     56  3.7071e-06  2.0760e-04
   26     57  5.8904e-07  3.3575e-05
   26     58  3.4204e-07  1.9838e-05
   27     59  1.9449e-06  1.1475e-04
   28     58  6.3104e-07  3.6601e-05
   28     60  4.0285e-04  2.4171e-02
   28     61  2.9225e-05  1.7827e-03
   28     62  1.1092e-03  6.8771e-02
   28     64  3.0528e-06  1.9538e-04
   29     63  7.6804e-05  4.8387e-03
   29     65  2.3148e-05  1.5046e-03
   30     64  6.9521e-05  4.4493e-03
   30     66  9.3768e-04  6.1887e-02
   30     67  1.0578e-05  7.0873e-04
   30     68  2.6631e-05  1.8109e-03
   30     70  2.3640e-09  1.6548e-07
   31     69  1.0460e-05  7.2175e-04
   31     71  2.4681e-06  1.7523e-04
   32     70  1.0652e-04  7.4566e-03
   32     72  7.8593e-05  5.6587e-03
   32     73  2.8049e-06  2.0475e-04
   32     74  9.5923e-07  7.0983e-05
   32     76  1.6589e-10  1.2608e-08
   33     75  1.4374e-06  1.0780e-04
   34     74  1.3604e-06  1.0067e-04
   34     76  3.0689e-05  2.3324e-03
   34     77  1.2185e-06  9.3822e-05
   34     78  9.5558e-06  7.4535e-04
   34     80  7.8814e-08  6.3052e-06
   34     82  1.5581e-11  1.2777e-09
   35     79  2.2002e-06  1.7382e-04
   35     81  7.1072e-07  5.7568e-05
   36     78  3.6654e-08  2.8590e-06
   36     80  1.1254e-06  9.0028e-05
   36     82  5.4697e-06  4.4851e-04
   36     83  4.1515e-07  3.4457e-05
   36     84  2.1994e-06  1.8475e-04
   36     86  1.9931e-08  1.7141e-06
   37     85  1.5528e-06  1.3199e-04
   37     87  2.6928e-06  2.3427e-04
   38     84  1.4694e-08  1.2343e-06
   38     86  2.6312e-06  2.2628e-04
   38     87  1.7215e-06  1.4977e-04
   38     88  3.5297e-04  3.1061e-02
   39     89  1.8297e-04  1.6285e-02
   40     90  6.5141e-04  5.8626e-02
   40     91  5.0309e-06  4.5781e-04
   40     92  1.9962e-07  1.8365e-05
   40     94  8.5414e-13  8.0289e-11
   41     92  7.0683e-12  6.5028e-10
   41     93  4.0125e-08  3.7316e-06
   42     92  1.8424e-07  1.6950e-05
   42     94  5.8776e-08  5.5249e-06
   42     95  9.5623e-10  9.0842e-08
   42     96  1.7439e-10  1.6741e-08
   42     97  6.0137e-12  5.8333e-10
   42     98  9.6629e-15  9.4696e-13
   44     96  3.7425e-12  3.5928e-10
   44     98  8.0512e-12  7.8902e-10
   44     99  2.3850e-13  2.3612e-11
   44    100  2.4379e-13  2.4379e-11
   44    101  2.5934e-15  2.6194e-13
   44    102  1.4203e-16  1.4487e-14
   45    103  4.8070e-17  4.9512e-15
   46    102  5.2041e-16  5.3082e-14
   46    104  8.1154e-17  8.4400e-15
   46    105  9.5312e-19  1.0008e-16
   46    106  4.4892e-19  4.7585e-17
   47    107  1.1196e-20  1.1979e-18
    1      1  2.2659e-09  2.2659e-09
    2      4  1.7571e-01  7.0284e-01


