1  9.4169e-09
2  1.4522e-08
3  1.5112e-09
4  2.0723e-01
5  0.0000e+00
6  3.8339e-11
7  2.6971e-09
8  4.6922e-08
9  2.2691e-08
10  3.7086e-07
11  2.0659e-09
12  1.2122e-08
13  6.5347e-08
14  7.0544e-08
15  1.4645e-05
16  4.6099e-07
17  1.8376e-08
18  1.0427e-07
19  1.1181e-06
20  1.6430e-06
21  8.9659e-07
22  8.8659e-09
23  9.4109e-07
24  3.3322e-07
25  3.5200e-07
26  8.0380e-08
27  1.1324e-07
28  1.8827e-07
29  5.6832e-08
30  4.5720e-08
31  2.7859e-08
32  6.9136e-08
33  2.6507e-07
34  2.0736e-07
35  1.0020e-08
36  1.1229e-08
37  4.0279e-09
38  1.8330e-08
39  1.6107e-08
40  4.8418e-09
41  2.3775e-08
42  6.8215e-08
43  1.2808e-08
44  2.2324e-08
45  2.0335e-08
46  5.5980e-09
47  9.3424e-09
48  1.5862e-08
49  8.2370e-09
50  6.6736e-09
51  6.6382e-09
52  2.1546e-08
53  1.9052e-08
54  8.1831e-09
55  2.4849e-09
56  1.5500e-08
57  3.7170e-08
58  9.3568e-10
59  1.4058e-09
60  2.9540e-09
61  3.9566e-09
62  3.3648e-09
63  3.1225e-08
64  9.8566e-09
65  1.2060e-08
66  2.3971e-08
67  3.2266e-08
68  9.1334e-09
69  4.8172e-09
70  2.0746e-08
71  5.7485e-09
72  2.2550e-08
73  1.4669e-08
74  4.1677e-08
75  8.4169e-08
76  7.8642e-08
77  1.0019e-07
78  6.9481e-08
79  4.9027e-08
80  2.1890e-07
81  1.1383e-07
82  1.1574e-07
83  1.2598e-07
84  4.0369e-08
85  3.2512e-08
86  5.6771e-08
87  5.7934e-08
88  5.2478e-08
89  3.8885e-08
90  5.7422e-08
91  2.3368e-08
92  2.4051e-08
93  2.3353e-08
94  7.4977e-08
95  4.8394e-08
96  2.9552e-08
97  4.1643e-08
98  8.3061e-09
99  1.1779e-08
100  1.5200e-08
101  1.5361e-08
102  1.1406e-08
103  1.2614e-08
104  9.2727e-09
105  8.0749e-09
106  2.1602e-08
107  1.7954e-08
108  1.0138e-07
109  1.1440e-06
110  2.7081e-06
111  4.5100e-07
112  2.1721e-06
113  1.4141e-06
114  1.5963e-06
115  1.7404e-06
116  1.3403e-07
117  2.8832e-07
118  1.3382e-07
119  8.3820e-08
120  3.4732e-07
121  1.9793e-07
122  2.8027e-07
123  2.0748e-07
124  5.4724e-07
125  5.5423e-07
126  1.1642e-06
127  1.4485e-06
128  2.2146e-06
129  2.4473e-06
130  1.2628e-06
131  7.4187e-07
132  6.0393e-07
133  4.1324e-07
134  4.5681e-07
135  3.4088e-07
136  6.2821e-07
137  5.9866e-07
138  5.3778e-07
139  2.1053e-07
140  3.1161e-07
141  5.5570e-07
142  2.8558e-07
143  2.9384e-07
144  4.7710e-07
145  1.9836e-07
146  3.1052e-07
147  3.6139e-07
148  1.5724e-07
149  5.6228e-08
150  9.4890e-08
151  4.3933e-08
152  1.4651e-07
153  8.7443e-08
154  1.3077e-07
155  2.6335e-07
156  6.1480e-08
157  1.3212e-07
158  2.6266e-07
159  4.9722e-09
160  8.1238e-08
161  1.3252e-07
162  7.8084e-08
163  7.5696e-08
164  1.3815e-07
165  9.9361e-08
166  2.8738e-07
167  3.6144e-07
168  2.4401e-07
169  9.4841e-07
170  2.0270e-07
171  3.0975e-07
172  1.9639e-07
173  1.2938e-07
174  3.9465e-07
175  1.4831e-07
176  3.3511e-07
177  1.0772e-06
178  6.1596e-07
179  3.2710e-07
180  5.3219e-07
181  6.9857e-07
182  8.3108e-07
183  6.1745e-07
184  5.1205e-07
185  2.3675e-07
186  2.8733e-07
187  2.5433e-07
188  2.4098e-07
189  8.9714e-08
190  1.4853e-07
191  4.2273e-07
192  1.0508e-06
193  7.0725e-07
194  2.8595e-06
195  4.2482e-06
196  8.6415e-06
197  1.2022e-05
198  1.1666e-05
199  5.7626e-06
200  8.8645e-06
201  1.9881e-06
202  1.1787e-06
203  3.3067e-07
204  2.3888e-07
205  2.4946e-07
206  9.4522e-06
207  1.1853e-05
208  5.9484e-06
209  2.1158e-05
210  1.7265e-12
211  5.4707e-18
212  4.6384e-18
213  3.9118e-44
214  9.0419e-19
215  1.5082e-24
216  5.3743e-24
217  9.1283e-95
218  1.5539e-20
219  2.1169e-21
220  2.0608e-21
221  -3.7554e-320
222  2.7585e-17
223  5.2812e-16
224  1.1639e-17
225  2.3576e-40
226  4.2210e-12
227  3.6810e-13
228  3.7428e-11
229  8.7936e-30
230  1.9893e-10
231  5.5059e-10
232  1.6382e-05
233  3.1427e-27
234  6.4778e-10
235  1.1867e-05
236  6.1639e-08
237  -1.7007e-318
238  1.1785e-05
239  5.6435e-17
240  1.2203e-11
241  0.0000e+00
242  6.3710e-120
243  1.7252e-17
244  1.4853e-07
245  0.0000e+00
246  2.2909e-09
247  3.6413e-14
248  4.6278e-119
249  0.0000e+00
250  0.0000e+00
251  2.5364e-314
252  0.0000e+00
253  0.0000e+00
254  0.0000e+00
255  0.0000e+00
256  0.0000e+00
257  7.3041e-26
258  4.1475e-06
259  4.7088e-26
260  4.7225e-06
261  4.2706e-06
262  4.7011e-06
263  4.8685e-06
264  6.4409e-06
265  5.6330e-06
266  7.5527e-06
267  4.2105e-06
268  3.6068e-06
269  8.4372e-06
270  9.5332e-06
271  9.4479e-06
272  2.0739e-05
273  2.9918e-05
274  3.2336e-05
275  3.6752e-05
276  5.5397e-05
277  1.6115e-05
278  2.7773e-05
279  1.4138e-05
280  5.5382e-06
281  1.4715e-06
282  9.1692e-07
283  5.1362e-07
284  1.0563e-06
285  1.4857e-06
286  2.0709e-06
287  2.3200e-06
288  2.5952e-06
289  1.4961e-06
290  1.7092e-06
291  7.6774e-07
292  6.2139e-06
293  3.3104e-06
294  7.4907e-06
295  4.4417e-06
296  3.9580e-06
297  2.2748e-06
298  3.5803e-06
299  5.7162e-07
300  3.6022e-07
301  1.3649e-05
302  8.8792e-06
303  1.0741e-05
304  9.4529e-06
305  4.7225e-06
306  8.7773e-06
307  5.0743e-06
308  2.7659e-06
309  3.9751e-06
310  3.6919e-06
311  2.5284e-06
312  2.2686e-06
313  1.8152e-06
314  1.4969e-06
315  2.1582e-06
316  1.6846e-06
317  1.3624e-06
318  2.1909e-06
319  1.4260e-06
320  1.8225e-06
321  9.3024e-07
322  1.1115e-06
323  2.3512e-06
324  1.5852e-06
325  4.5188e-07
326  1.2554e-06
327  1.5738e-06
328  1.1208e-06
329  1.3419e-06
330  4.2143e-07
331  1.0344e-06
332  9.6468e-07
333  1.8450e-07
334  1.2690e-07
335  4.6419e-08
336  4.8457e-07
337  4.1731e-07

