1  1.2064e-09
2  1.4739e-01
3  1.2294e-16
4  1.6751e-14
5  1.6559e-17
6  1.6957e-08
7  7.7738e-10
8  9.1899e-10
9  5.5931e-10
10  9.5746e-10
11  1.1400e-09
12  9.6709e-09
13  9.5852e-10
14  3.0130e-08
15  2.5057e-09
16  3.2461e-07
17  2.6830e-07
18  6.6443e-07
19  2.5982e-07
20  1.7868e-06
21  5.7103e-07
22  4.1116e-06
23  5.1472e-07
24  5.6589e-06
25  1.4759e-07
26  1.6666e-06
27  5.0568e-08
28  9.5766e-07
29  4.8684e-07
30  3.6709e-06
31  4.0052e-07
32  1.7517e-05
33  1.4379e-06
34  8.6676e-05
35  2.7069e-05
36  4.2500e-05
37  2.0013e-05
38  1.6517e-05
39  5.2159e-06
40  5.7652e-05
41  7.8921e-06
42  1.4536e-04
43  4.7358e-30
44  4.7975e-04
45  5.0651e-05
46  1.2556e-03
47  7.8499e-04
48  4.8985e-04
49  3.8531e-05
50  4.8284e-05
51  5.5901e-06
52  1.4591e-04
53  5.0130e-05
54  3.8226e-05
55  2.0741e-07
56  6.1794e-09
57  1.3945e-10
58  3.2453e-10
59  1.8490e-11
60  2.8504e-11
61  1.5590e-316
62  2.6744e-12
63  4.4857e-13
64  3.7925e-13
65  4.7450e-15
66  1.7793e-14
67  2.2689e-15
68  7.4561e-15
69  1.2662e-15
70  2.2942e-16
71  8.9691e-18
72  4.9185e-18
73  8.6773e-20
74  5.7070e-20
75  4.3003e-21
76  6.4211e-21
77  2.6342e-21
78  4.0527e-22
79  1.4756e-23
80  9.2567e-25
81  0.0000e+00
82  0.0000e+00
83  0.0000e+00
84  0.0000e+00
85  0.0000e+00
86  0.0000e+00
87  0.0000e+00
88  0.0000e+00
89  0.0000e+00
90  0.0000e+00
91  0.0000e+00
92  0.0000e+00
93  0.0000e+00
94  0.0000e+00
95  0.0000e+00
96  0.0000e+00
97  0.0000e+00
98  0.0000e+00
99  0.0000e+00
100  0.0000e+00
101  0.0000e+00
102  0.0000e+00
103  0.0000e+00
104  0.0000e+00
105  0.0000e+00
106  0.0000e+00
107  0.0000e+00
108  0.0000e+00
109  0.0000e+00
110  0.0000e+00
111  0.0000e+00
112  0.0000e+00
113  0.0000e+00
114  0.0000e+00
115  0.0000e+00
116  0.0000e+00
117  0.0000e+00
118  0.0000e+00

