1  2.5333e-09
2  1.7114e-01
3  2.7758e-11
4  6.2189e-12
5  3.4828e-11
6  3.3111e-09
7  9.8075e-07
8  7.6440e-08
9  1.9180e-07
10  4.6696e-07
11  7.5672e-08
12  3.3793e-07
13  3.6015e-07
14  1.2907e-06
15  1.1007e-07
16  3.3066e-06
17  1.5254e-07
18  1.3668e-06
19  7.3806e-07
20  3.0299e-06
21  4.1956e-07
22  2.8688e-06
23  5.7242e-07
24  8.0499e-07
25  1.4499e-07
26  4.5772e-06
27  1.5238e-07
28  1.2262e-06
29  1.5873e-06
30  2.4127e-06
31  5.2267e-07
32  6.7692e-06
33  3.2805e-06
34  4.6486e-05
35  2.3903e-05
36  1.7810e-05
37  2.1086e-05
38  2.4600e-05
39  1.2088e-05
40  2.2498e-05
41  1.2326e-06
42  3.3108e-05
43  3.7918e-31
44  2.3893e-05
45  7.3833e-06
46  1.6613e-04
47  7.7752e-05
48  2.3968e-04
49  6.6888e-05
50  4.5167e-05
51  7.8917e-06
52  5.2611e-04
53  1.6872e-04
54  8.0124e-04
55  9.5959e-05
56  9.3047e-05
57  1.3495e-05
58  1.7560e-05
59  7.1235e-06
60  1.7179e-06
61  1.2597e-315
62  1.1345e-06
63  4.4764e-07
64  2.1828e-06
65  2.7650e-09
66  2.1746e-07
67  4.1908e-08
68  6.0313e-07
69  6.7286e-07
70  6.8359e-07
71  4.5268e-08
72  5.8500e-07
73  8.8122e-08
74  1.9040e-07
75  2.2798e-08
76  2.7313e-08
77  8.8157e-09
78  2.3255e-08
79  7.6414e-09
80  6.7439e-09
81  1.3713e-10
82  1.6679e-12
83  1.1589e-14
84  1.4545e-19
85  2.0815e-37
86  2.0741e-18
87  2.7802e-32
88  2.8413e-22
89  1.1363e-19
90  1.2430e-16
91  1.5718e-21
92  4.9294e-17
93  5.3371e-32
94  1.1039e-20
95  1.9094e-34
96  9.8504e-30
97  1.6998e-22
98  0.0000e+00
99  4.8418e-322
100  1.2192e-20
101  2.8592e-313
102  1.4513e-21
103  4.6217e-23
104  1.1880e-23
105  5.7343e-24
106  2.0421e-25
107  0.0000e+00
108  0.0000e+00
109  0.0000e+00
110  0.0000e+00
111  0.0000e+00
112  0.0000e+00
113  0.0000e+00
114  0.0000e+00
115  0.0000e+00
116  0.0000e+00
117  0.0000e+00
118  0.0000e+00

