1  7.7570e-09
2  2.0016e-01
3  7.9324e-10
4  8.9341e-09
5  7.5550e-08
6  3.1204e-07
7  1.1812e-05
8  2.9720e-07
9  1.0873e-06
10  2.0048e-06
11  9.9157e-07
12  7.9528e-07
13  1.2407e-07
14  4.2123e-07
15  5.8110e-08
16  1.0988e-06
17  3.0339e-08
18  6.5169e-08
19  1.3628e-07
20  4.3196e-07
21  7.0601e-08
22  2.6456e-07
23  2.3088e-08
24  2.3813e-07
25  2.7408e-08
26  2.0673e-07
27  8.0926e-09
28  1.6739e-07
29  1.7385e-07
30  2.8685e-07
31  6.2820e-08
32  9.0394e-07
33  4.4200e-07
34  3.9809e-06
35  1.9252e-06
36  3.0238e-06
37  1.4587e-06
38  1.0344e-06
39  6.2716e-07
40  3.8112e-06
41  6.9255e-07
42  3.3242e-06
43  1.6601e-32
44  1.1476e-06
45  2.6497e-07
46  2.0405e-05
47  1.0880e-05
48  2.5555e-05
49  3.2513e-06
50  1.0425e-05
51  2.1144e-06
52  4.4133e-05
53  1.5828e-05
54  2.7389e-05
55  2.9277e-06
56  8.6243e-06
57  1.9063e-06
58  5.2793e-06
59  5.5168e-06
60  1.2630e-05
61  2.7229e-83
62  5.3305e-06
63  3.1663e-06
64  9.8927e-06
65  1.4100e-06
66  9.4583e-06
67  1.8986e-06
68  1.0385e-05
69  2.8860e-06
70  1.9614e-05
71  4.4431e-06
72  1.5340e-05
73  1.8610e-06
74  3.6154e-06
75  1.3759e-06
76  7.7823e-05
77  1.0220e-04
78  2.6631e-04
79  3.7516e-05
80  1.7376e-05
81  5.2425e-06
82  1.3069e-04
83  5.4809e-05
84  1.3449e-15
85  4.0954e-26
86  3.7130e-17
87  1.1522e-20
88  7.4538e-11
89  4.3451e-13
90  3.0141e-05
91  6.5142e-10
92  2.9967e-05
93  2.3573e-19
94  1.6031e-07
95  1.2620e-17
96  2.6673e-14
97  2.5276e-09
98  -4.0765e-314
99  2.9150e-322
100  6.9869e-06
101  3.6066e-313
102  6.5868e-06
103  1.1780e-06
104  4.0430e-06
105  2.0102e-06
106  1.4185e-06
107  5.9657e-08
108  2.7777e-08
109  3.3115e-319
110  1.0678e-08
111  2.3739e-08
112  0.0000e+00
113  0.0000e+00
114  0.0000e+00
115  0.0000e+00
116  0.0000e+00
117  0.0000e+00
118  0.0000e+00

