    1      2  5.7895e-05  1.1579e-04
    2      3  5.6898e-07  1.7069e-06
    3      7  3.9495e-09  2.7647e-08
    4      8  1.7332e-07  1.3866e-06
    4      9  3.8901e-09  3.5011e-08
    5     10  6.3523e-08  6.3523e-07
    5     11  1.4028e-07  1.5431e-06
    6     12  7.8392e-08  9.4071e-07
    6     13  1.0876e-07  1.4139e-06
    7     14  1.8251e-06  2.5551e-05
    7     15  1.2947e-06  1.9420e-05
    8     16  7.8401e-06  1.2544e-04
    8     17  1.4504e-07  2.4656e-06
    8     18  1.4442e-06  2.5996e-05
    9     19  3.8381e-08  7.2925e-07
   10     20  2.0685e-06  4.1370e-05
   10     21  2.3513e-07  4.9377e-06
   10     22  2.4563e-06  5.4039e-05
   11     23  8.9442e-07  2.0572e-05
   12     24  8.4583e-07  2.0300e-05
   12     25  3.1855e-07  7.9637e-06
   12     26  4.0463e-07  1.0520e-05
   13     27  6.7534e-09  1.8234e-07
   14     28  2.8546e-07  7.9928e-06
   14     29  1.8965e-08  5.4997e-07
   14     30  3.7229e-09  1.1169e-07
   15     31  8.4858e-09  2.6306e-07
   16     32  1.3609e-07  4.3550e-06
   16     33  1.1578e-08  3.8206e-07
   16     34  1.6700e-07  5.6780e-06
   16     36  2.8604e-07  1.0297e-05
   17     35  4.5699e-08  1.5995e-06
   17     37  1.5170e-08  5.6129e-07
   18     36  8.8401e-14  3.1824e-12
   18     38  7.9227e-08  3.0106e-06
   18     40  2.0702e-10  8.2807e-09
   19     39  1.7093e-09  6.6663e-08
   19     40  1.3010e-19  5.2040e-18
   19     41  4.4009e-11  1.8044e-09
   20     40  3.7384e-20  1.4954e-18
   20     42  3.4944e-10  1.4676e-08
   20     43  5.8701e-11  2.5241e-09
   20     44  7.2877e-10  3.2066e-08
   20     46  3.7483e-10  1.7242e-08
   21     45  1.1353e-10  5.1089e-09
   22     46  6.9431e-18  3.1938e-16
   22     47  3.4522e-10  1.6225e-08
   22     48  4.7325e-09  2.2716e-07
   22     49  2.3757e-10  1.1641e-08
   22     50  2.1270e-10  1.0635e-08
   23     51  6.4411e-11  3.2849e-09
   24     52  1.0503e-10  5.4616e-09
   24     53  5.0204e-11  2.6608e-09
   24     54  5.2547e-11  2.8375e-09
   25     55  1.5103e-11  8.3064e-10
   26     56  4.8157e-11  2.6968e-09
   26     57  2.8303e-11  1.6133e-09
   26     58  1.4375e-10  8.3372e-09
   27     59  2.3521e-12  1.3877e-10
   28     60  4.1157e-10  2.4694e-08
   28     61  1.3501e-12  8.2355e-11
   28     62  1.3860e-11  8.5932e-10
   28     64  2.1235e-10  1.3591e-08
   29     63  2.2927e-11  1.4444e-09
   29     65  1.3458e-12  8.7476e-11
   30     64  2.4279e-20  1.5539e-18
   30     66  1.9909e-11  1.3140e-09
   30     67  2.4865e-12  1.6659e-10
   30     68  3.8004e-11  2.5843e-09
   30     70  3.9784e-11  2.7849e-09
   31     69  6.5696e-12  4.5331e-10
   31     71  8.3038e-12  5.8957e-10
   32     70  2.7434e-14  1.9204e-12
   32     72  5.6124e-11  4.0409e-09
   32     73  1.4745e-11  1.0764e-09
   32     74  1.0022e-10  7.4162e-09
   32     76  8.9582e-11  6.8082e-09
   33     75  2.5243e-11  1.8932e-09
   34     76  1.2494e-13  9.4955e-12
   34     77  6.1851e-12  4.7625e-10
   34     78  1.1303e-10  8.8165e-09
   34     80  1.9395e-10  1.5516e-08
   34     82  1.1699e-10  9.5933e-09
   35     79  3.3730e-11  2.6646e-09
   35     81  2.1555e-11  1.7460e-09
   36     82  3.9617e-13  3.2486e-11
   36     83  8.4884e-12  7.0453e-10
   36     84  1.9772e-11  1.6609e-09
   36     86  5.9761e-11  5.1394e-09
   37     85  3.7854e-11  3.2176e-09
   37     87  2.5212e-11  2.1935e-09
   38     86  9.0244e-19  7.7610e-17
   38     87  1.8458e-13  1.6058e-11
   38     88  2.4836e-11  2.1856e-09
   39     89  1.2549e-11  1.1168e-09
   40     90  1.1646e-11  1.0482e-09
   40     91  3.6669e-12  3.3369e-10
   40     92  1.0882e-11  1.0011e-09
   40     94  8.0660e-12  7.5821e-10
   41     93  8.3773e-12  7.7909e-10
   42     95  5.0685e-12  4.8151e-10
   42     96  4.0360e-11  3.8746e-09
   42     97  8.2395e-12  7.9924e-10
   42     98  1.6449e-11  1.6120e-09
   42    100  1.2359e-11  1.2359e-09
   44     99  4.2711e-12  4.2283e-10
   44    100  6.6586e-13  6.6586e-11
   44    101  1.8630e-12  1.8816e-10
   44    102  5.5803e-12  5.6919e-10
   44    104  5.8979e-12  6.1338e-10
   45    103  2.1202e-12  2.1838e-10
   46    104  1.0470e-17  1.0889e-15
   46    105  2.7430e-12  2.8801e-10
   46    106  4.8926e-12  5.1861e-10
   46    108  7.6077e-12  8.2163e-10
   46    110  9.5407e-12  1.0495e-09
   47    107  1.8645e-12  1.9950e-10
   47    109  1.9612e-12  2.1377e-10
   48    110  6.2013e-15  6.8215e-13
   48    111  1.5465e-12  1.7166e-10
   48    112  4.8591e-12  5.4422e-10
   48    113  2.5455e-12  2.8765e-10
   48    114  9.3244e-12  1.0630e-09
   48    116  5.1681e-12  5.9950e-10
   49    113  1.1203e-19  1.2659e-17
   49    115  4.8307e-12  5.5553e-10
   50    115  3.8542e-18  4.4323e-16
   50    116  6.2813e-14  7.2863e-12
   50    117  1.5666e-12  1.8329e-10
   50    118  8.6196e-12  1.0171e-09
   50    119  2.5200e-12  2.9988e-10
   50    120  1.0036e-11  1.2043e-09
   50    122  1.5117e-11  1.8443e-09
   50    124  1.4201e-11  1.7610e-09
   51    121  2.6509e-12  3.2076e-10
   51    123  5.8010e-13  7.1352e-11
   52    122  2.5116e-15  3.0641e-13
   52    124  2.4361e-16  3.0207e-14
   52    125  5.0491e-12  6.3113e-10
   52    126  2.6678e-11  3.3614e-09
   52    128  3.8289e-11  4.9010e-09
   52    130  2.7997e-10  3.6396e-08
   53    127  1.9656e-12  2.4963e-10
   53    129  9.8645e-18  1.2725e-15
   54    128  1.1224e-16  1.4367e-14
   54    129  2.8518e-11  3.6788e-09
   54    130  5.0117e-14  6.5152e-12
   54    131  6.1828e-10  8.0995e-08
   54    132  1.8395e-09  2.4282e-07
   54    134  1.6122e-09  2.1603e-07
   54    136  1.4606e-10  1.9864e-08
   55    133  2.0577e-09  2.7368e-07
   56    134  1.3955e-14  1.8700e-12
   56    135  4.4680e-10  6.0318e-08
   56    136  2.3407e-13  3.1833e-11
   56    137  5.5234e-12  7.5671e-10
   56    138  2.8024e-11  3.8674e-09
   57    139  1.5935e-11  2.2150e-09
   58    140  2.2195e-11  3.1073e-09
   58    142  7.7287e-13  1.0975e-10
   59    141  1.2275e-12  1.7308e-10
   60    142  2.3604e-18  3.3518e-16
   60    143  1.2556e-12  1.7954e-10
   60    144  4.2692e-12  6.1476e-10
   60    145  3.5799e-13  5.1909e-11
   60    146  1.2754e-12  1.8621e-10
   60    148  1.1675e-12  1.7279e-10
   60    150  1.8539e-12  2.7809e-10
   62    147  1.0351e-12  1.5215e-10
   62    148  3.1633e-14  4.6817e-12
   62    149  9.8091e-14  1.4616e-11
   62    150  5.4915e-15  8.2373e-13
   62    152  4.9649e-13  7.5467e-11
   62    154  2.9044e-13  4.4727e-11
   63    151  1.0987e-13  1.6590e-11
   63    153  2.0991e-13  3.2116e-11
   64    154  1.1554e-16  1.7793e-14
   64    155  5.6651e-14  8.7810e-12
   64    156  2.0004e-13  3.1206e-11
   64    157  5.2582e-14  8.2553e-12
   64    158  8.9032e-14  1.4067e-11
   64    160  1.3898e-13  2.2237e-11
   65    159  1.8772e-14  2.9847e-12
   66    160  2.3947e-18  3.8315e-16
   66    161  1.5293e-14  2.4622e-12
   66    162  3.3928e-14  5.4964e-12
   66    163  1.6540e-14  2.6959e-12
   66    164  2.5951e-14  4.2559e-12
   67    165  3.5603e-14  5.8744e-12
   68    166  3.6935e-14  6.1312e-12
   68    167  2.8290e-14  4.7244e-12
   68    168  2.1998e-14  3.6957e-12
   68    170  2.4539e-14  4.1716e-12
   69    169  7.7223e-14  1.3051e-11
   70    170  5.8778e-18  9.9922e-16
   70    171  3.3083e-14  5.6571e-12
   70    172  1.4714e-14  2.5309e-12
   70    173  9.1506e-15  1.5831e-12
   70    174  5.6169e-14  9.7735e-12
   70    176  2.2018e-14  3.8753e-12
   71    175  1.3749e-14  2.4061e-12
   71    176  6.5889e-19  1.1597e-16
   72    177  2.3177e-14  4.1023e-12
   72    178  1.6080e-14  2.8622e-12
   72    179  1.3186e-14  2.3604e-12
   72    180  1.7977e-14  3.2358e-12
   73    181  9.8489e-14  1.7826e-11
   74    182  4.3835e-14  7.9781e-12
   74    183  1.6648e-14  3.0466e-12
   74    184  5.8932e-15  1.0844e-12
   74    186  3.9225e-15  7.2958e-13
   75    185  3.1106e-15  5.7546e-13
   75    187  1.0561e-14  1.9749e-12
   76    187  8.5816e-17  1.6048e-14
   76    188  4.5384e-15  8.5322e-13
   76    189  2.5184e-14  4.7598e-12
   76    190  1.4730e-14  2.7988e-12
   76    192  1.4199e-13  2.7262e-11
   77    191  5.4253e-14  1.0362e-11
   77    193  1.2263e-14  2.3668e-12
   78    192  8.2769e-19  1.5892e-16
   78    194  3.8372e-14  7.4441e-12
   78    195  5.0072e-14  9.7640e-12
   78    196  3.6708e-14  7.1947e-12
   78    198  1.3531e-13  2.6791e-11
   79    197  1.0458e-13  2.0602e-11
   80    198  1.0203e-17  2.0202e-15
   80    199  9.9918e-15  1.9884e-12
   80    200  2.5099e-14  5.0199e-12
   80    201  2.5359e-14  5.0972e-12
   80    202  3.3926e-14  6.8531e-12
   80    204  1.2199e-13  2.4886e-11
   81    203  7.2923e-14  1.4803e-11
   81    205  1.1207e-13  2.2974e-11
   82    204  1.0986e-20  2.2411e-18
   82    206  3.6886e-13  7.5986e-11
   82    207  4.0471e-12  8.3774e-10
   82    208  6.7688e-13  1.4079e-10
   82    210  1.5586e-20  3.2730e-18
   82    211  1.7970e-14  3.7917e-12
   83    209  1.3943e-07  2.9141e-05
   83    210  9.1713e-16  1.9260e-13
   83    214  1.2911e-15  2.7630e-13
   84    216  1.0939e-15  2.3629e-13
   88    226  1.8417e-20  4.1623e-18
   88    228  3.1669e-19  7.2205e-17
   90    230  8.6800e-19  1.9964e-16
   90    232  1.3862e-13  3.2161e-11
   91    231  5.0041e-18  1.1560e-15
   92    234  2.8265e-18  6.6139e-16
   92    235  1.0785e-13  2.5345e-11
   92    236  9.2491e-16  2.1828e-13
   92    238  5.1419e-14  1.2238e-11
   94    240  3.2392e-19  7.7742e-17
   94    244  1.5796e-15  3.8542e-13
   96    247  4.1842e-20  1.0335e-17
   97    246  1.1850e-17  2.9152e-15
  100    258  2.2828e-13  5.8896e-11
  100    260  1.0310e-12  2.6807e-10
  100    262  3.6928e-12  9.6750e-10
  102    261  2.8470e-12  7.4306e-10
  102    263  5.5723e-12  1.4655e-09
  102    264  2.2737e-12  6.0027e-10
  102    266  1.7818e-12  4.7395e-10
  103    265  4.6087e-12  1.2213e-09
  104    267  2.9386e-13  7.8461e-11
  104    268  9.0415e-14  2.4231e-11
  104    270  4.1112e-13  1.1100e-10
  104    272  1.0959e-13  2.9808e-11
  104    274  4.4092e-14  1.2081e-11
  105    269  3.8041e-13  1.0233e-10
  105    271  1.9363e-13  5.2475e-11
  106    273  1.5356e-13  4.1922e-11
  106    275  2.2574e-13  6.2079e-11
  106    276  7.2067e-13  1.9890e-10
  106    278  3.5258e-13  9.8017e-11
  106    280  2.7623e-12  7.7346e-10
  107    277  2.4204e-13  6.7045e-11
  108    279  1.7319e-12  4.8321e-10
  108    281  1.1381e-12  3.1982e-10
  108    282  1.1488e-11  3.2396e-09
  108    283  3.3852e-10  9.5801e-08
  108    284  3.2912e-09  9.3470e-07
  108    286  8.4606e-09  2.4197e-06
  110    285  7.2870e-09  2.0768e-06
  110    286  2.4371e-17  6.9700e-15
  110    287  2.7459e-09  7.8807e-07
  110    288  1.2770e-09  3.6778e-07
  110    290  9.3815e-10  2.7206e-07
  111    289  8.3858e-10  2.4235e-07
  111    290  4.5818e-15  1.3287e-12
  111    291  6.2785e-10  1.8271e-07
  111    292  2.2527e-09  6.5777e-07
  111    293  4.7578e-09  1.3940e-06
  111    294  1.2847e-08  3.7771e-06
  111    295  9.8162e-09  2.8958e-06
  111    296  1.1891e-08  3.5197e-06
  111    297  8.7469e-09  2.5978e-06
  111    298  2.4661e-08  7.3489e-06
  111    299  6.0228e-09  1.8008e-06
  111    300  1.0950e-08  3.2849e-06
  111    301  3.0317e-08  9.1253e-06
  111    302  9.0315e-08  2.7275e-05
  111    303  9.2170e-08  2.7928e-05
  111    304  1.4150e-07  4.3015e-05
  111    305  1.6010e-07  4.8832e-05
  111    306  2.7348e-07  8.3684e-05
  111    307  2.1206e-07  6.5103e-05
  111    308  3.7508e-07  1.1552e-04
  111    309  2.4064e-07  7.4359e-05
  111    310  3.8603e-07  1.1967e-04
  111    311  2.5050e-07  7.7906e-05
  111    312  3.4834e-07  1.0868e-04
  111    313  2.2332e-07  6.9898e-05
  111    314  3.3559e-07  1.0538e-04
  111    315  2.5818e-07  8.1327e-05
  111    316  3.3005e-07  1.0430e-04
  111    317  2.9650e-07  9.3992e-05
  111    318  5.3255e-07  1.6935e-04
  111    319  4.3487e-07  1.3872e-04
  111    320  5.3528e-07  1.7129e-04
  111    321  3.4766e-07  1.1160e-04
  111    322  5.3911e-07  1.7359e-04
  111    323  4.2822e-07  1.3831e-04
  111    324  6.3567e-07  2.0596e-04
  111    325  8.1308e-07  2.6425e-04
  111    326  7.2899e-07  2.3765e-04
  111    327  6.3264e-07  2.0687e-04
  111    328  4.9046e-07  1.6087e-04
  111    329  8.6767e-07  2.8546e-04
  111    330  6.5003e-07  2.1451e-04
  111    331  8.5227e-07  2.8210e-04
  111    332  5.5366e-07  1.8382e-04
  111    333  9.4897e-07  3.1601e-04
  111    334  6.8100e-07  2.2745e-04
  111    335  9.2504e-07  3.0989e-04
  111    336  5.6729e-07  1.9061e-04
  111    337  4.4314e-04  1.4934e-01
    1      1  3.4372e-03  3.4372e-03
    2      4  2.1035e-01  8.4141e-01


