1  9.9545e-03
2  2.9605e-04
3  4.0530e-06
4  1.8934e-01
5  0.0000e+00
6  2.7829e-23
7  4.3364e-10
8  3.9114e-07
9  6.8713e-10
10  8.3027e-09
11  1.7525e-08
12  1.2189e-08
13  2.4750e-08
14  2.5068e-06
15  2.1545e-06
16  7.2702e-06
17  8.8860e-08
18  2.0218e-06
19  9.5760e-08
20  3.3417e-06
21  1.5583e-07
22  4.2140e-06
23  1.8708e-06
24  3.3802e-06
25  1.2900e-06
26  1.5848e-06
27  1.8621e-08
28  6.6290e-07
29  5.2918e-08
30  1.0008e-08
31  1.9130e-08
32  2.8530e-07
33  2.4911e-08
34  2.5842e-07
35  4.1735e-08
36  6.8546e-07
37  3.7471e-08
38  1.7087e-07
39  4.3116e-09
40  6.4348e-10
41  8.0752e-11
42  7.1674e-10
43  1.1229e-10
44  1.4342e-09
45  2.5695e-10
46  7.4563e-10
47  3.5537e-10
48  1.2500e-08
49  4.5400e-10
50  4.8250e-10
51  1.0722e-10
52  1.8589e-10
53  9.3588e-11
54  1.1720e-10
55  3.0966e-11
56  7.1130e-11
57  5.9575e-11
58  3.6118e-10
59  4.3318e-12
60  1.1555e-09
61  3.3871e-12
62  2.9359e-11
63  6.7579e-11
64  6.5799e-10
65  3.5881e-12
66  4.2617e-11
67  5.4415e-12
68  6.3083e-11
69  8.2520e-12
70  8.2906e-11
71  1.1940e-11
72  7.9270e-11
73  2.1678e-11
74  1.8227e-10
75  5.2329e-11
76  2.3058e-10
77  9.0380e-12
78  2.2933e-10
79  7.2779e-11
80  5.7764e-10
81  6.1894e-11
82  4.4044e-10
83  1.7492e-11
84  6.3215e-11
85  9.6621e-11
86  2.5750e-10
87  9.7460e-11
88  1.0109e-10
89  7.2723e-11
90  6.1916e-11
91  1.8502e-11
92  4.5287e-11
93  4.5311e-11
94  4.7568e-11
95  2.0581e-11
96  1.5616e-10
97  2.6915e-11
98  5.6191e-11
99  1.5592e-11
100  4.8887e-11
101  6.7348e-12
102  1.8590e-11
103  7.3618e-12
104  1.7565e-11
105  9.0005e-12
106  1.6508e-11
107  6.4230e-12
108  2.3477e-11
109  6.1342e-12
110  3.3284e-11
111  5.3981e-12
112  1.4174e-11
113  9.0557e-12
114  3.1656e-11
115  1.8517e-11
116  2.1696e-11
117  4.1074e-12
118  2.6718e-11
119  9.2638e-12
120  4.3214e-11
121  1.1758e-11
122  6.9462e-11
123  2.4433e-12
124  6.5911e-11
125  2.1691e-11
126  1.3032e-10
127  7.4160e-12
128  1.2601e-10
129  5.8424e-11
130  4.0987e-10
131  1.0464e-09
132  3.6547e-09
133  4.3557e-09
134  6.4357e-09
135  2.3962e-09
136  1.0916e-09
137  3.7010e-11
138  1.1963e-10
139  9.2202e-11
140  1.7268e-10
141  1.1084e-11
142  6.0423e-12
143  9.1463e-12
144  2.7383e-11
145  2.4666e-12
146  6.9643e-12
147  7.3853e-12
148  9.7930e-12
149  6.4001e-13
150  1.2983e-11
151  7.6317e-13
152  3.1871e-12
153  1.5330e-12
154  2.4551e-12
155  3.8711e-13
156  1.3341e-12
157  3.4388e-13
158  5.8758e-13
159  1.2890e-13
160  1.2718e-12
161  9.8462e-14
162  2.6200e-13
163  1.1427e-13
164  2.2287e-13
165  2.5357e-13
166  3.5328e-13
167  2.4520e-13
168  2.1877e-13
169  6.7631e-13
170  2.7705e-13
171  2.5068e-13
172  1.1831e-13
173  7.8622e-14
174  5.4839e-13
175  1.4119e-13
176  2.6792e-13
177  1.9168e-13
178  1.5713e-13
179  1.3777e-13
180  2.1144e-13
181  1.2318e-12
182  6.1969e-13
183  1.2902e-13
184  5.2060e-14
185  2.8916e-14
186  4.0887e-14
187  9.6930e-14
188  4.1983e-14
189  2.1188e-13
190  1.5245e-13
191  4.0202e-13
192  1.5950e-12
193  1.3814e-13
194  4.4710e-13
195  3.8961e-13
196  3.6404e-13
197  7.8404e-13
198  1.5067e-12
199  1.1034e-13
200  2.7910e-13
201  2.3185e-13
202  3.6078e-13
203  5.5205e-13
204  1.2356e-12
205  1.1295e-12
206  3.9256e-12
207  2.0405e-09
208  -1.1134e-10
209  1.3655e-07
210  6.5345e-15
211  1.2152e-24
212  3.4427e-36
213  7.4346e-43
214  4.1578e-15
215  2.0703e-31
216  3.8315e-15
217  0.0000e+00
218  2.7250e-19
219  4.6034e-28
220  4.1495e-28
221  6.9021e-320
222  8.5790e-25
223  3.6382e-23
224  7.5479e-25
225  2.7675e-40
226  1.3127e-19
227  2.5359e-20
228  2.4273e-18
229  4.7251e-30
230  6.1868e-18
231  3.7931e-17
232  1.0624e-12
233  2.3141e-27
234  2.0146e-17
235  8.1750e-13
236  4.0206e-15
237  1.7234e-318
238  3.6650e-13
239  9.9874e-23
240  7.9565e-19
241  0.0000e+00
242  1.1066e-79
243  3.0532e-23
244  9.6849e-15
245  0.0000e+00
246  8.3129e-17
247  6.4440e-20
248  5.1406e-79
249  0.0000e+00
250  0.0000e+00
251  4.2036e-314
252  0.0000e+00
253  0.0000e+00
254  0.0000e+00
255  0.0000e+00
256  0.0000e+00
257  6.3848e-27
258  2.0560e-12
259  4.9483e-26
260  1.0304e-11
261  3.0503e-11
262  4.0125e-11
263  5.6938e-11
264  2.1805e-11
265  4.2323e-11
266  1.5751e-11
267  2.5677e-12
268  8.0755e-13
269  3.3756e-12
270  3.5953e-12
271  1.6863e-12
272  9.5021e-13
273  1.3272e-12
274  3.8137e-13
275  1.8997e-12
276  5.9203e-12
277  1.9648e-12
278  2.8097e-12
279  1.2999e-11
280  2.0190e-11
281  8.2760e-12
282  5.3148e-11
283  8.5373e-10
284  8.0533e-09
285  1.7891e-08
286  2.0524e-08
287  6.8417e-09
288  2.8193e-09
289  1.9823e-09
290  1.7381e-09
291  1.4392e-09
292  2.9359e-09
293  8.7286e-09
294  2.5229e-08
295  1.7285e-08
296  1.9428e-08
297  1.0211e-08
298  2.2087e-08
299  4.5577e-09
300  6.0254e-09
301  3.4880e-08
302  7.4725e-08
303  8.1913e-08
304  1.1494e-07
305  1.0438e-07
306  1.3027e-07
307  1.1109e-07
308  1.3594e-07
309  8.2031e-08
310  1.1183e-07
311  7.3954e-08
312  9.3590e-08
313  5.8625e-08
314  8.7137e-08
315  7.0817e-08
316  9.0569e-08
317  8.2615e-08
318  1.4466e-07
319  1.2816e-07
320  1.4880e-07
321  9.8153e-08
322  1.3635e-07
323  1.1388e-07
324  1.4738e-07
325  1.9421e-07
326  1.7414e-07
327  1.4532e-07
328  1.1395e-07
329  1.7507e-07
330  1.3820e-07
331  1.7089e-07
332  1.1879e-07
333  1.8976e-07
334  1.2446e-07
335  1.5669e-07
336  9.2470e-08
337  6.8483e-04

