    1      2  6.6453e-16  1.3291e-15
    2      3  1.0676e-17  3.2028e-17
    3      6  1.6330e-15  9.7981e-15
    3      7  4.6150e-18  3.2305e-17
    4      8  6.5201e-13  5.2161e-12
    4      9  1.0444e-18  9.3998e-18
    5     10  1.2050e-16  1.2050e-15
    5     11  2.3772e-19  2.6149e-18
    6     12  5.6250e-09  6.7500e-08
    6     13  2.5931e-13  3.3711e-12
    7     14  1.3165e-09  1.8431e-08
    7     15  2.1938e-08  3.2908e-07
    8     16  4.4766e-10  7.1626e-09
    8     17  7.3058e-12  1.2420e-10
    8     18  2.0324e-08  3.6582e-07
    9     19  2.7097e-08  5.1484e-07
   10     20  4.1977e-10  8.3955e-09
   10     21  1.3320e-08  2.7973e-07
   10     22  5.7918e-09  1.2742e-07
   11     23  8.8350e-09  2.0321e-07
   12     24  6.5144e-09  1.5635e-07
   12     25  1.4153e-08  3.5382e-07
   12     26  1.9088e-07  4.9628e-06
   13     26  2.0565e-14  5.3469e-13
   13     27  3.3373e-09  9.0106e-08
   14     28  8.0169e-09  2.2447e-07
   14     29  8.2986e-08  2.4066e-06
   14     30  3.6661e-08  1.0998e-06
   15     31  1.2167e-08  3.7718e-07
   16     32  5.3293e-08  1.7054e-06
   16     33  7.7955e-07  2.5725e-05
   16     34  6.0843e-07  2.0687e-05
   16     36  6.1324e-08  2.2077e-06
   17     35  2.7202e-08  9.5208e-07
   17     37  2.1069e-07  7.7955e-06
   18     36  3.6813e-17  1.3253e-15
   18     38  2.8040e-07  1.0655e-05
   18     40  8.2404e-07  3.2962e-05
   19     39  5.5824e-07  2.1771e-05
   19     41  1.4289e-07  5.8587e-06
   20     42  1.3103e-06  5.5031e-05
   20     43  2.1508e-07  9.2485e-06
   20     44  2.9710e-07  1.3072e-05
   20     46  2.1460e-06  9.8714e-05
   21     45  1.2573e-06  5.6578e-05
   22     46  4.2232e-20  1.9427e-18
   22     47  1.0095e-06  4.7446e-05
   22     48  1.6859e-07  8.0925e-06
   22     49  7.3891e-07  3.6207e-05
   22     50  1.1100e-06  5.5500e-05
   23     51  2.7936e-07  1.4248e-05
   24     52  6.0256e-08  3.1333e-06
   24     53  1.5802e-06  8.3753e-05
   24     54  6.3245e-06  3.4152e-04
   25     55  2.3209e-07  1.2765e-05
   26     56  1.7862e-06  1.0003e-04
   26     57  2.2656e-07  1.2914e-05
   26     58  2.0788e-09  1.2057e-07
   27     59  8.1160e-09  4.7884e-07
   28     60  1.3463e-07  8.0776e-06
   28     61  3.7662e-07  2.2974e-05
   28     62  2.4696e-07  1.5312e-05
   28     64  4.7527e-08  3.0417e-06
   29     63  4.5832e-07  2.8874e-05
   29     65  9.4192e-08  6.1225e-06
   30     64  1.4113e-20  9.0324e-19
   30     66  7.2827e-07  4.8066e-05
   30     67  1.0152e-06  6.8020e-05
   30     68  6.4282e-07  4.3712e-05
   30     70  1.0630e-06  7.4409e-05
   31     69  5.8202e-07  4.0159e-05
   31     71  1.9142e-07  1.3591e-05
   32     70  1.3608e-15  9.5255e-14
   32     72  4.6413e-07  3.3417e-05
   32     73  5.1476e-06  3.7578e-04
   32     74  4.0784e-06  3.0180e-04
   32     76  4.5499e-06  3.4579e-04
   33     75  1.0783e-06  8.0871e-05
   34     76  2.2933e-14  1.7429e-12
   34     77  1.8109e-05  1.3944e-03
   34     78  1.9928e-05  1.5544e-03
   34     80  1.8428e-05  1.4743e-03
   34     82  1.5871e-05  1.3014e-03
   35     79  4.3257e-06  3.4173e-04
   35     81  1.0828e-05  8.7704e-04
   36     82  1.8613e-13  1.5263e-11
   36     83  2.4406e-05  2.0257e-03
   36     84  1.4209e-05  1.1935e-03
   36     86  7.9136e-06  6.8057e-04
   37     85  7.1995e-06  6.1196e-04
   37     87  1.4113e-05  1.2279e-03
   38     86  3.1040e-20  2.6694e-18
   38     87  1.0334e-07  8.9907e-06
   38     88  3.0642e-05  2.6965e-03
   39     89  6.4029e-06  5.6986e-04
   40     90  1.1678e-06  1.0510e-04
   40     91  7.9485e-07  7.2331e-05
   40     92  1.5840e-05  1.4573e-03
   40     94  7.9157e-06  7.4407e-04
   41     93  1.0762e-05  1.0008e-03
   42     95  3.8852e-06  3.6909e-04
   42     96  3.9871e-05  3.8276e-03
   42     97  1.6605e-05  1.6107e-03
   42     98  3.7419e-06  3.6671e-04
   42    100  6.6785e-05  6.6785e-03
   44     99  3.0906e-05  3.0597e-03
   44    100  1.2093e-12  1.2093e-10
   44    101  8.5081e-05  8.5931e-03
   44    102  2.2514e-05  2.2964e-03
   44    104  7.6614e-05  7.9678e-03
   45    103  1.6537e-05  1.7033e-03
   46    104  3.0845e-18  3.2078e-16
   46    105  3.5441e-05  3.7213e-03
   46    106  2.0232e-04  2.1446e-02
   46    108  2.1852e-04  2.3600e-02
   46    110  1.1077e-03  1.2184e-01
   47    107  3.3377e-04  3.5713e-02
   47    109  7.2142e-04  7.8634e-02
   48    110  3.7110e-12  4.0821e-10
   48    111  1.5447e-04  1.7146e-02
   48    112  3.4474e-04  3.8610e-02
   48    113  2.3065e-04  2.6063e-02
   48    114  2.3804e-04  2.7137e-02
   48    116  5.8386e-06  6.7727e-04
   49    113  1.0151e-11  1.1471e-09
   49    115  9.3746e-05  1.0781e-02
   50    115  7.4796e-11  8.6016e-09
   50    116  3.0985e-12  3.5943e-10
   50    117  3.4293e-05  4.0123e-03
   50    118  2.2198e-05  2.6193e-03
   50    119  1.0757e-05  1.2801e-03
   50    120  4.1176e-05  4.9411e-03
   50    122  2.3179e-05  2.8278e-03
   50    124  6.4743e-05  8.0282e-03
   51    121  1.7409e-05  2.1065e-03
   51    123  1.7543e-05  2.1578e-03
   52    122  1.1101e-13  1.3543e-11
   52    124  2.1161e-15  2.6239e-13
   52    125  5.8476e-05  7.3095e-03
   52    126  1.6195e-04  2.0406e-02
   52    128  2.8707e-04  3.6745e-02
   52    130  2.0479e-05  2.6623e-03
   53    127  1.8813e-04  2.3892e-02
   53    129  2.3685e-13  3.0554e-11
   54    128  5.5817e-16  7.1446e-14
   54    129  1.1409e-04  1.4718e-02
   54    130  2.5997e-14  3.3796e-12
   54    131  2.7450e-07  3.5960e-05
   54    132  7.4738e-07  9.8654e-05
   54    134  2.7296e-07  3.6577e-05
   54    136  2.5566e-07  3.4770e-05
   55    133  1.3934e-06  1.8533e-04
   56    134  2.4997e-20  3.3496e-18
   56    135  2.6644e-07  3.5969e-05
   56    136  4.6258e-17  6.2912e-15
   56    137  1.9925e-09  2.7297e-07
   56    138  5.0689e-10  6.9951e-08
   57    139  2.0467e-09  2.8449e-07
   58    140  4.8954e-09  6.8535e-07
   58    142  3.9648e-09  5.6299e-07
   59    141  6.0095e-09  8.4734e-07
   60    143  1.8546e-09  2.6521e-07
   60    144  1.4021e-10  2.0191e-08
   60    145  3.5424e-11  5.1365e-09
   60    146  2.1840e-10  3.1887e-08
   60    148  9.7598e-11  1.4445e-08
   60    150  2.2016e-10  3.3024e-08
   62    147  3.2058e-10  4.7126e-08
   62    148  7.4505e-18  1.1027e-15
   62    149  7.4478e-11  1.1097e-08
   62    150  3.3725e-17  5.0588e-15
   62    152  2.8081e-10  4.2683e-08
   62    154  1.6771e-10  2.5827e-08
   63    151  1.3151e-10  1.9858e-08
   63    153  1.4687e-10  2.2471e-08
   64    154  4.0693e-19  6.2668e-17
   64    155  1.5972e-10  2.4757e-08
   64    156  4.1534e-11  6.4792e-09
   64    157  4.4136e-11  6.9293e-09
   64    158  4.5281e-11  7.1543e-09
   64    160  1.5400e-11  2.4641e-09
   65    159  7.5214e-12  1.1959e-09
   66    161  1.1690e-11  1.8821e-09
   66    162  6.9869e-12  1.1319e-09
   66    163  3.9241e-12  6.3962e-10
   66    164  6.8456e-12  1.1227e-09
   67    165  3.7930e-12  6.2585e-10
   68    166  7.2546e-12  1.2043e-09
   68    167  2.6067e-12  4.3532e-10
   68    168  1.9550e-12  3.2844e-10
   68    170  4.9280e-13  8.3776e-11
   69    169  2.3143e-12  3.9111e-10
   70    171  2.1195e-13  3.6244e-11
   70    172  1.5784e-13  2.7148e-11
   70    173  7.3971e-14  1.2797e-11
   70    174  7.9330e-14  1.3803e-11
   70    176  3.8327e-14  6.7456e-12
   71    175  3.3495e-14  5.8616e-12
   72    177  2.1774e-14  3.8541e-12
   72    178  5.9815e-15  1.0647e-12
   72    179  1.7786e-15  3.1837e-13
   72    180  1.3468e-15  2.4242e-13
   73    181  1.1584e-15  2.0968e-13
   74    182  5.5607e-16  1.0120e-13
   74    183  2.7533e-16  5.0384e-14
   74    184  1.5603e-16  2.8709e-14
   74    186  1.2084e-16  2.2477e-14
   75    185  7.6660e-17  1.4182e-14
   75    187  4.9682e-17  9.2905e-15
   76    187  4.0377e-19  7.5506e-17
   76    188  7.2797e-17  1.3686e-14
   76    189  3.6017e-17  6.8072e-15
   76    190  1.0660e-16  2.0255e-14
   76    192  7.2878e-17  1.3992e-14
   77    191  1.0417e-16  1.9896e-14
   77    193  2.2863e-17  4.4125e-15
   78    194  1.6144e-17  3.1319e-15
   78    195  5.9796e-18  1.1660e-15
   78    196  3.0748e-18  6.0267e-16
   78    198  3.4672e-19  6.8651e-17
   79    197  1.1189e-18  2.2042e-16
   80    199  7.0767e-20  1.4083e-17
   80    200  2.4465e-20  4.8931e-18
    1      1  1.6304e-10  1.6304e-10
    2      4  1.0052e-01  4.0208e-01


