1  7.8856e-10
2  1.6316e-15
3  4.1161e-21
4  9.1155e-02
5  0.0000e+00
6  3.1109e-19
7  1.5340e-20
8  9.7111e-22
9  3.3981e-19
10  5.0607e-19
11  1.0303e-20
12  1.8958e-07
13  5.9928e-13
14  3.2204e-17
15  8.7435e-21
16  1.3738e-09
17  1.4964e-16
18  4.4036e-19
19  1.9120e-21
20  1.5600e-09
21  1.8061e-15
22  4.1321e-19
23  2.0120e-13
24  2.0234e-09
25  4.1250e-11
26  7.4269e-12
27  3.3277e-10
28  5.0172e-09
29  7.4395e-10
30  5.3258e-09
31  1.9335e-09
32  2.4584e-09
33  5.0613e-10
34  5.8035e-09
35  4.8630e-09
36  1.5976e-08
37  6.2891e-09
38  1.6690e-08
39  2.5415e-09
40  1.2333e-09
41  3.8025e-10
42  1.5696e-08
43  3.8664e-10
44  1.5198e-09
45  4.5923e-09
46  7.4440e-08
47  1.5395e-08
48  7.4561e-08
49  1.2901e-08
50  3.4823e-07
51  1.8234e-07
52  7.8489e-08
53  1.7738e-08
54  2.0922e-07
55  4.3288e-09
56  9.3123e-07
57  1.1206e-07
58  5.8001e-09
59  6.4405e-09
60  1.1075e-08
61  3.1385e-08
62  1.1141e-06
63  5.8327e-07
64  1.3877e-07
65  2.7426e-07
66  2.6536e-06
67  1.0129e-06
68  3.2386e-06
69  3.0431e-07
70  1.3579e-07
71  2.7430e-07
72  2.6536e-07
73  2.2956e-07
74  2.5653e-06
75  1.8431e-06
76  5.2081e-06
77  6.5793e-07
78  7.3394e-07
79  1.7006e-06
80  2.1336e-05
81  1.7066e-06
82  3.0753e-05
83  9.3804e-07
84  4.1582e-06
85  2.9324e-06
86  4.3919e-05
87  1.0232e-05
88  2.4129e-04
89  9.7312e-05
90  2.5567e-05
91  5.9734e-06
92  2.1082e-03
93  1.1161e-04
94  1.3984e-04
95  3.9979e-04
96  1.3797e-05
97  3.2956e-06
98  1.1289e-04
99  2.3503e-05
100  7.5910e-04
101  1.1272e-04
102  1.0493e-03
103  2.9008e-04
104  1.1971e-04
105  5.5414e-05
106  4.1544e-04
107  5.9463e-05
108  4.9111e-05
109  9.1505e-05
110  6.2412e-06
111  4.5633e-06
112  6.6274e-05
113  6.4997e-06
114  4.2014e-06
115  1.2238e-05
116  1.7012e-06
117  1.1066e-06
118  3.3130e-06
119  9.2793e-07
120  1.1019e-06
121  3.0238e-07
122  2.9786e-07
123  4.2798e-07
124  1.5320e-07
125  1.7353e-07
126  5.3732e-07
127  2.2645e-07
128  3.4347e-07
129  8.8348e-08
130  3.3066e-08
131  1.6702e-09
132  9.8993e-11
133  4.1614e-13
134  1.3944e-14
135  7.9020e-18
136  4.4286e-18
137  4.3407e-19
138  6.2193e-20
139  9.1520e-23
140  9.8004e-22
141  3.9104e-24
142  4.6114e-24
143  3.4529e-24
144  0.0000e+00
145  0.0000e+00
146  0.0000e+00
147  0.0000e+00
148  0.0000e+00
149  0.0000e+00
150  0.0000e+00
151  0.0000e+00
152  0.0000e+00
153  0.0000e+00
154  0.0000e+00
155  0.0000e+00
156  0.0000e+00
157  0.0000e+00
158  0.0000e+00
159  0.0000e+00
160  0.0000e+00
161  0.0000e+00
162  0.0000e+00
163  0.0000e+00
164  0.0000e+00
165  0.0000e+00
166  0.0000e+00
167  0.0000e+00
168  0.0000e+00
169  0.0000e+00
170  0.0000e+00
171  0.0000e+00
172  0.0000e+00
173  0.0000e+00
174  0.0000e+00
175  0.0000e+00
176  0.0000e+00
177  0.0000e+00
178  0.0000e+00
179  0.0000e+00
180  0.0000e+00
181  0.0000e+00
182  0.0000e+00
183  0.0000e+00
184  0.0000e+00
185  0.0000e+00
186  0.0000e+00
187  0.0000e+00
188  0.0000e+00
189  0.0000e+00
190  0.0000e+00
191  0.0000e+00
192  0.0000e+00
193  0.0000e+00
194  0.0000e+00
195  0.0000e+00
196  0.0000e+00
197  0.0000e+00
198  0.0000e+00
199  0.0000e+00
200  0.0000e+00
201  0.0000e+00
202  0.0000e+00
203  0.0000e+00
204  0.0000e+00
205  0.0000e+00
206  0.0000e+00
207  0.0000e+00
208  0.0000e+00
209  0.0000e+00
210  0.0000e+00
211  0.0000e+00
212  0.0000e+00
213  0.0000e+00
214  0.0000e+00
215  0.0000e+00
216  0.0000e+00
217  0.0000e+00
218  0.0000e+00
219  0.0000e+00
220  0.0000e+00
221  0.0000e+00
222  0.0000e+00
223  0.0000e+00
224  0.0000e+00
225  0.0000e+00
226  0.0000e+00
227  0.0000e+00
228  0.0000e+00
229  0.0000e+00
230  0.0000e+00
231  0.0000e+00
232  0.0000e+00
233  0.0000e+00
234  0.0000e+00
235  0.0000e+00
236  0.0000e+00
237  0.0000e+00
238  0.0000e+00
239  0.0000e+00
240  0.0000e+00
241  0.0000e+00
242  0.0000e+00
243  0.0000e+00
244  0.0000e+00
245  0.0000e+00
246  0.0000e+00
247  0.0000e+00
248  0.0000e+00
249  0.0000e+00
250  0.0000e+00
251  0.0000e+00
252  0.0000e+00
253  0.0000e+00
254  0.0000e+00
255  0.0000e+00
256  0.0000e+00
257  0.0000e+00
258  0.0000e+00
259  0.0000e+00
260  0.0000e+00
261  0.0000e+00
262  0.0000e+00
263  0.0000e+00
264  0.0000e+00
265  0.0000e+00
266  0.0000e+00
267  0.0000e+00
268  0.0000e+00
269  0.0000e+00
270  0.0000e+00
271  0.0000e+00
272  0.0000e+00
273  0.0000e+00
274  0.0000e+00
275  0.0000e+00
276  0.0000e+00
277  0.0000e+00
278  0.0000e+00
279  0.0000e+00
280  0.0000e+00
281  0.0000e+00
282  0.0000e+00
283  0.0000e+00
284  0.0000e+00
285  0.0000e+00
286  0.0000e+00
287  0.0000e+00
288  0.0000e+00
289  0.0000e+00
290  0.0000e+00
291  0.0000e+00
292  0.0000e+00
293  0.0000e+00
294  0.0000e+00
295  0.0000e+00
296  0.0000e+00
297  0.0000e+00
298  0.0000e+00
299  0.0000e+00
300  0.0000e+00
301  0.0000e+00
302  0.0000e+00
303  0.0000e+00
304  0.0000e+00
305  0.0000e+00
306  0.0000e+00
307  0.0000e+00
308  0.0000e+00
309  0.0000e+00
310  0.0000e+00
311  0.0000e+00
312  0.0000e+00
313  0.0000e+00
314  0.0000e+00
315  0.0000e+00
316  0.0000e+00
317  0.0000e+00
318  0.0000e+00
319  0.0000e+00
320  0.0000e+00
321  0.0000e+00
322  0.0000e+00
323  0.0000e+00
324  0.0000e+00
325  0.0000e+00
326  0.0000e+00
327  0.0000e+00
328  0.0000e+00
329  0.0000e+00
330  0.0000e+00
331  0.0000e+00
332  0.0000e+00
333  0.0000e+00
334  0.0000e+00
335  0.0000e+00
336  0.0000e+00
337  0.0000e+00

