1  1.9878e-02
2  7.9502e-04
3  1.3086e-05
4  1.6995e+03
5  0.0000e+00
6  4.9190e-23
7  9.0357e-11
8  2.3884e-07
9  1.0629e-10
10  1.8244e-09
11  4.0300e-09
12  3.0926e-09
13  6.3247e-09
14  1.3956e-06
15  1.1706e-06
16  3.3624e-06
17  3.3076e-08
18  1.0405e-06
19  6.9673e-08
20  1.9515e-06
21  6.8344e-08
22  2.5256e-06
23  1.1221e-06
24  3.3833e-06
25  1.1426e-06
26  1.6257e-06
27  1.6635e-08
28  5.7892e-07
29  5.1683e-08
30  9.7445e-09
31  1.7247e-08
32  2.5314e-07
33  2.2694e-08
34  2.1919e-07
35  2.3041e-08
36  7.2730e-07
37  4.1438e-08
38  2.0233e-07
39  5.5735e-09
40  9.3828e-10
41  9.1678e-11
42  8.4254e-10
43  1.2793e-10
44  1.6512e-09
45  3.1830e-10
46  9.2674e-10
47  2.9454e-10
48  1.6856e-08
49  5.0634e-10
50  6.0749e-10
51  1.1597e-10
52  1.9842e-10
53  1.0343e-10
54  1.4442e-10
55  3.6575e-11
56  7.0446e-11
57  7.0618e-11
58  4.6799e-10
59  5.0187e-12
60  1.5857e-09
61  4.4768e-12
62  3.4886e-11
63  9.3503e-11
64  9.5596e-10
65  4.9295e-12
66  5.2436e-11
67  6.7530e-12
68  6.9124e-11
69  7.5976e-12
70  9.9627e-11
71  1.2427e-11
72  7.3530e-11
73  2.0308e-11
74  1.8294e-10
75  5.5874e-11
76  2.8387e-10
77  8.9997e-12
78  2.3892e-10
79  7.7200e-11
80  7.3891e-10
81  7.8447e-11
82  6.6532e-10
83  2.0761e-11
84  9.0608e-11
85  1.1631e-10
86  4.0706e-10
87  1.4416e-10
88  1.4923e-10
89  1.3076e-10
90  1.0760e-10
91  3.2153e-11
92  7.2791e-11
93  8.3598e-11
94  9.3969e-11
95  3.5292e-11
96  2.6374e-10
97  4.1919e-11
98  8.9530e-11
99  2.5468e-11
100  8.2185e-11
101  1.1227e-11
102  2.9970e-11
103  1.2031e-11
104  2.6668e-11
105  1.4170e-11
106  2.6545e-11
107  1.0464e-11
108  3.6579e-11
109  9.5132e-12
110  5.3955e-11
111  8.7729e-12
112  2.0937e-11
113  1.4715e-11
114  5.0165e-11
115  3.0719e-11
116  3.8515e-11
117  5.8848e-12
118  3.9418e-11
119  1.4780e-11
120  7.4799e-11
121  2.0569e-11
122  1.2833e-10
123  4.3946e-12
124  1.2213e-10
125  3.8843e-11
126  2.4753e-10
127  1.2776e-11
128  1.9574e-10
129  7.8109e-11
130  4.0192e-10
131  1.0688e-09
132  4.1432e-09
133  4.7271e-09
134  1.0119e-08
135  4.2104e-09
136  2.3419e-09
137  7.6517e-11
138  1.9485e-10
139  1.7077e-10
140  3.7792e-10
141  2.6256e-11
142  1.4064e-11
143  2.1073e-11
144  5.8771e-11
145  5.4908e-12
146  1.3959e-11
147  1.6698e-11
148  2.3910e-11
149  1.4635e-12
150  2.9526e-11
151  1.7418e-12
152  6.9828e-12
153  3.5488e-12
154  6.1166e-12
155  8.7428e-13
156  2.9302e-12
157  7.4412e-13
158  1.2853e-12
159  2.8281e-13
160  3.2440e-12
161  2.1512e-13
162  6.1595e-13
163  2.5452e-13
164  5.4585e-13
165  5.6899e-13
166  8.9937e-13
167  6.0321e-13
168  5.7086e-13
169  1.7006e-12
170  7.8220e-13
171  5.8340e-13
172  2.7503e-13
173  1.8870e-13
174  1.4313e-12
175  3.7457e-13
176  7.7839e-13
177  4.5795e-13
178  4.0013e-13
179  3.6533e-13
180  5.9266e-13
181  3.4596e-12
182  1.5214e-12
183  2.6650e-13
184  1.6962e-13
185  1.0703e-13
186  1.4752e-13
187  3.4208e-13
188  1.5084e-13
189  6.9137e-13
190  5.2376e-13
191  1.1955e-12
192  4.6839e-12
193  4.0183e-13
194  1.3235e-12
195  1.0588e-12
196  1.0876e-12
197  2.0622e-12
198  4.1789e-12
199  3.1627e-13
200  8.6260e-13
201  7.0208e-13
202  1.2299e-12
203  1.6517e-12
204  4.4037e-12
205  3.9668e-12
206  1.2405e-11
207  5.0100e-05
208  1.5942e-11
209  5.1259e-11
210  9.5885e-19
211  5.5318e-35
212  1.3295e-14
213  0.0000e+00
214  1.1152e-25
215  1.6055e-13
216  1.7304e-45
217  0.0000e+00
218  1.0866e-27
219  2.5645e-27
220  1.9321e-15
221  -1.9659e-320
222  1.9288e-24
223  1.7487e-22
224  2.4472e-24
225  -1.1876e-35
226  2.9513e-19
227  1.2189e-19
228  7.8698e-18
229  2.0112e-30
230  1.3909e-17
231  1.8231e-16
232  3.4447e-12
233  7.4112e-26
234  4.5293e-17
235  3.9293e-12
236  1.4074e-14
237  4.1654e-319
238  8.2397e-13
239  2.4346e-22
240  2.7858e-18
241  0.0000e+00
242  5.0685e-84
243  7.4426e-23
244  3.3910e-14
245  0.0000e+00
246  1.7958e-16
247  1.5708e-19
248  9.5565e-83
249  0.0000e+00
250  0.0000e+00
251  7.5138e-314
252  0.0000e+00
253  0.0000e+00
254  0.0000e+00
255  0.0000e+00
256  0.0000e+00
257  2.6647e-26
258  8.1924e-12
259  8.7964e-26
260  4.7724e-11
261  9.4824e-11
262  9.7196e-11
263  1.5075e-10
264  5.6331e-11
265  1.0751e-10
266  7.4676e-11
267  1.0891e-10
268  2.1424e-11
269  9.9826e-12
270  2.0451e-11
271  1.3912e-11
272  4.9490e-12
273  6.5264e-12
274  4.1080e-12
275  1.6161e-11
276  5.7234e-11
277  2.9550e-11
278  1.4717e-11
279  6.3439e-11
280  1.1251e-10
281  7.2129e-11
282  1.9166e-10
283  5.8412e-10
284  2.6219e-09
285  1.1099e-08
286  1.4293e-08
287  1.1084e-08
288  1.1993e-08
289  1.0371e-08
290  9.5333e-09
291  2.7816e-08
292  1.7189e-07
293  8.1242e-08
294  1.3607e-07
295  1.5572e-07
296  3.3222e-07
297  2.0238e-07
298  2.1813e-06
299  1.8701e-09
300  1.1774e-08
301  9.8734e-09
302  1.0448e-08
303  1.1825e-09
304  5.5013e-10
305  4.1388e-11
306  6.0585e-11
307  9.6337e-12
308  3.5506e-12
309  3.0310e-13
310  1.3226e-12
311  2.9449e-13
312  6.8910e-13
313  8.1618e-14
314  6.2176e-13
315  2.5766e-14
316  8.7970e-13
317  1.7140e-14
318  4.1757e-13
319  4.4489e-15
320  8.2331e-14
321  5.3420e-16
322  6.1803e-15
323  9.8351e-16
324  1.1221e-15
325  4.1578e-16
326  1.8884e-16
327  1.1581e-15
328  3.6584e-16
329  3.0121e-15
330  3.9516e-16
331  2.7876e-15
332  2.6606e-16
333  3.5437e-15
334  2.3291e-16
335  3.3402e-15
336  1.2329e-16
337  4.6132e-04

