1  3.6398e-02
2  2.0658e-01
3  5.5534e-11
4  5.5038e-07
5  3.7666e-09
6  8.5933e-09
7  2.1008e-06
8  3.0631e-06
9  6.8180e-08
10  5.1713e-06
11  1.1829e-06
12  7.4167e-06
13  2.5159e-08
14  7.3177e-07
15  1.7894e-08
16  6.3818e-07
17  5.8024e-08
18  1.1582e-07
19  3.6781e-09
20  1.9685e-09
21  3.4451e-10
22  1.2635e-08
23  4.0393e-11
24  1.1310e-10
25  5.7003e-12
26  2.5151e-10
27  2.1942e-12
28  1.6393e-09
29  3.8242e-11
30  1.0631e-10
31  7.5216e-12
32  1.2971e-10
33  7.7873e-12
34  5.7360e-10
35  2.7930e-11
36  2.6214e-10
37  1.0336e-10
38  8.9825e-11
39  2.8473e-11
40  2.3460e-10
41  3.4287e-11
42  5.5834e-10
43  4.5556e-36
44  8.1184e-11
45  1.2578e-11
46  1.0100e-10
47  1.5578e-11
48  1.0299e-10
49  1.6994e-11
50  3.8000e-10
51  2.1073e-11
52  1.4319e-09
53  2.0720e-11
54  2.2596e-08
55  7.8426e-09
56  4.3546e-09
57  1.9010e-10
58  3.4694e-10
59  4.2458e-11
60  1.9788e-10
61  4.9247e-89
62  2.8463e-11
63  4.9247e-12
64  1.2579e-11
65  4.6113e-13
66  2.2573e-12
67  6.0612e-13
68  4.1476e-12
69  1.0434e-12
70  2.9134e-12
71  3.3130e-13
72  2.0278e-12
73  9.6469e-13
74  2.1312e-12
75  6.5246e-13
76  1.0376e-11
77  2.7527e-12
78  1.2755e-11
79  2.6872e-12
80  1.2427e-11
81  1.2229e-11
82  1.0511e-10
83  9.5811e-11
84  1.9732e-27
85  3.8705e-25
86  2.1205e-14
87  6.7080e-27
88  5.3847e-19
89  2.5295e-19
90  7.6292e-12
91  3.7923e-16
92  9.7060e-12
93  1.4028e-25
94  9.3975e-14
95  2.4001e-21
96  5.0657e-18
97  3.3153e-16
98  8.5566e-272
99  -3.9525e-322
100  2.0182e-10
101  1.9390e-174
102  4.5343e-10
103  3.9569e-11
104  3.4699e-10
105  5.2761e-11
106  2.6796e-10
107  2.1764e-11
108  7.9634e-08
109  -6.3655e-320
110  2.4048e-07
111  4.0131e-04
112  0.0000e+00
113  0.0000e+00
114  0.0000e+00
115  0.0000e+00
116  0.0000e+00
117  0.0000e+00
118  0.0000e+00

