    1      2  8.8873e-16  1.7775e-15
    2      3  4.4724e-19  1.3417e-18
    3      6  1.1212e-16  6.7275e-16
    3      7  2.6684e-19  1.8679e-18
    4      8  6.2353e-14  4.9883e-13
    4      9  9.7368e-19  8.7631e-18
    5     10  1.1901e-17  1.1901e-16
    5     11  2.6277e-20  2.8904e-19
    6     12  2.0874e-08  2.5048e-07
    6     13  1.3447e-14  1.7481e-13
    7     14  2.7629e-13  3.8680e-12
    7     15  3.0566e-09  4.5848e-08
    8     16  8.7279e-10  1.3965e-08
    8     17  5.5167e-14  9.3783e-13
    8     18  1.2773e-09  2.2992e-08
    9     19  1.7741e-09  3.3709e-08
   10     20  1.3364e-10  2.6729e-09
   10     21  1.1580e-10  2.4319e-09
   10     22  2.2801e-10  5.0163e-09
   11     23  1.8793e-10  4.3224e-09
   12     24  1.9601e-10  4.7043e-09
   12     25  4.4688e-10  1.1172e-08
   12     26  1.9866e-09  5.1652e-08
   13     26  2.5636e-15  6.6655e-14
   13     27  1.0854e-09  2.9305e-08
   14     28  4.1363e-09  1.1582e-07
   14     29  5.7842e-09  1.6774e-07
   14     30  1.7919e-08  5.3756e-07
   15     31  2.0897e-09  6.4781e-08
   16     32  2.6502e-08  8.4805e-07
   16     33  1.2049e-07  3.9762e-06
   16     34  8.6819e-08  2.9518e-06
   16     36  7.0027e-08  2.5210e-06
   17     35  4.0766e-08  1.4268e-06
   17     37  2.2644e-07  8.3784e-06
   18     36  1.2158e-16  4.3770e-15
   18     38  4.7702e-07  1.8127e-05
   18     40  3.0918e-07  1.2367e-05
   19     39  2.9638e-07  1.1559e-05
   19     41  2.1928e-07  8.9903e-06
   20     42  6.6848e-07  2.8076e-05
   20     43  2.3305e-07  1.0021e-05
   20     44  5.2641e-07  2.3162e-05
   20     46  2.0944e-06  9.6343e-05
   21     45  8.1772e-07  3.6797e-05
   22     46  2.8480e-20  1.3101e-18
   22     47  1.5571e-06  7.3186e-05
   22     48  5.9802e-07  2.8705e-05
   22     49  2.0095e-06  9.8463e-05
   22     50  3.1748e-06  1.5874e-04
   23     51  1.3184e-06  6.7239e-05
   24     52  7.7177e-08  4.0132e-06
   24     53  2.1790e-06  1.1549e-04
   24     54  7.6186e-06  4.1141e-04
   25     55  4.8094e-07  2.6452e-05
   26     56  2.3405e-06  1.3107e-04
   26     57  3.7525e-07  2.1389e-05
   26     58  9.9727e-08  5.7841e-06
   27     59  1.0534e-07  6.2153e-06
   28     60  2.2683e-07  1.3610e-05
   28     61  5.8865e-07  3.5908e-05
   28     62  4.8424e-07  3.0023e-05
   28     64  7.6645e-08  4.9053e-06
   29     63  8.1634e-07  5.1429e-05
   29     65  5.9416e-08  3.8620e-06
   30     64  2.3876e-20  1.5281e-18
   30     66  3.3895e-07  2.2371e-05
   30     67  2.0724e-07  1.3885e-05
   30     68  1.0617e-07  7.2198e-06
   30     70  2.1650e-07  1.5155e-05
   31     69  8.6511e-08  5.9693e-06
   31     71  3.9515e-08  2.8056e-06
   32     70  2.1327e-16  1.4929e-14
   32     72  1.0386e-07  7.4779e-06
   32     73  5.6884e-07  4.1526e-05
   32     74  1.7254e-06  1.2768e-04
   32     76  1.3611e-05  1.0344e-03
   33     75  9.9133e-06  7.4350e-04
   34     76  2.1545e-13  1.6374e-11
   34     77  2.6525e-05  2.0424e-03
   34     78  2.8045e-05  2.1875e-03
   34     80  2.1315e-05  1.7052e-03
   34     82  1.3890e-05  1.1389e-03
   35     79  8.7580e-06  6.9188e-04
   35     81  5.0917e-06  4.1243e-04
   36     82  8.9301e-14  7.3227e-12
   36     83  4.2572e-05  3.5335e-03
   36     84  1.2383e-05  1.0402e-03
   36     86  2.1416e-05  1.8418e-03
   37     85  9.7089e-06  8.2526e-04
   37     87  2.6361e-06  2.2934e-04
   38     86  4.7821e-20  4.1126e-18
   38     87  1.9302e-08  1.6793e-06
   38     88  1.3232e-05  1.1644e-03
   39     89  8.5163e-06  7.5795e-04
   40     90  1.2015e-05  1.0814e-03
   40     91  7.0921e-06  6.4538e-04
   40     92  4.6899e-05  4.3147e-03
   40     94  6.9038e-06  6.4896e-04
   41     93  5.7207e-06  5.3202e-04
   42     95  5.6414e-06  5.3593e-04
   42     96  1.6338e-05  1.5685e-03
   42     97  1.0852e-05  1.0526e-03
   42     98  2.1769e-06  2.1334e-04
   42    100  4.7214e-05  4.7214e-03
   44     99  1.4909e-05  1.4760e-03
   44    100  6.2476e-13  6.2476e-11
   44    101  8.7357e-05  8.8230e-03
   44    102  1.9685e-05  2.0079e-03
   44    104  5.9439e-05  6.1817e-03
   45    103  1.5708e-05  1.6179e-03
   46    104  3.2977e-18  3.4296e-16
   46    105  3.3120e-05  3.4776e-03
   46    106  4.2166e-05  4.4696e-03
   46    108  2.1216e-05  2.2913e-03
   46    110  3.5833e-05  3.9417e-03
   47    107  4.2844e-05  4.5843e-03
   47    109  1.4466e-05  1.5768e-03
   48    110  8.0085e-14  8.8094e-12
   48    111  1.3404e-05  1.4878e-03
   48    112  4.1435e-05  4.6407e-03
   48    113  1.5755e-05  1.7803e-03
   48    114  1.3886e-05  1.5830e-03
   48    116  5.7191e-06  6.6342e-04
   49    113  6.9337e-13  7.8351e-11
   49    115  7.9231e-06  9.1116e-04
   50    115  6.3215e-12  7.2697e-10
   50    116  2.7994e-13  3.2473e-11
   50    117  1.1053e-05  1.2932e-03
   50    118  9.0671e-06  1.0699e-03
   50    119  5.6440e-06  6.7163e-04
   50    120  2.8582e-05  3.4298e-03
   50    122  7.1646e-05  8.7409e-03
   50    124  2.2810e-04  2.8284e-02
   51    121  3.0206e-05  3.6549e-03
   51    123  6.0088e-05  7.3908e-03
   52    122  2.0202e-13  2.4647e-11
   52    124  7.1626e-15  8.8816e-13
   52    125  3.2799e-04  4.0999e-02
   52    126  8.8792e-04  1.1188e-01
   52    128  2.5013e-04  3.2016e-02
   52    130  6.1878e-06  8.0441e-04
   53    127  4.1010e-04  5.2082e-02
   53    129  2.0226e-13  2.6091e-11
   54    128  1.3298e-15  1.7021e-13
   54    129  7.8880e-05  1.0176e-02
   54    130  1.9361e-14  2.5169e-12
   54    131  5.9345e-08  7.7742e-06
   54    132  5.3326e-08  7.0390e-06
   54    134  1.7721e-08  2.3746e-06
   54    136  1.7006e-10  2.3128e-08
   55    133  5.9602e-08  7.9271e-06
   56    135  1.2357e-09  1.6682e-07
   56    136  2.2787e-19  3.0990e-17
   56    137  5.1816e-12  7.0988e-10
   56    138  5.0675e-12  6.9931e-10
   57    139  1.1267e-10  1.5661e-08
   58    140  2.4213e-10  3.3898e-08
   58    142  3.0090e-11  4.2728e-09
   59    141  9.7740e-12  1.3781e-09
   60    143  2.8016e-11  4.0064e-09
   60    144  3.7148e-12  5.3494e-10
   60    145  3.1142e-13  4.5155e-11
   60    146  7.4554e-13  1.0885e-10
   60    148  7.2387e-12  1.0713e-09
   60    150  3.4495e-12  5.1742e-10
   62    147  2.8924e-12  4.2518e-10
   62    148  7.6191e-20  1.1276e-17
   62    149  2.9630e-12  4.4148e-10
   62    150  1.3466e-18  2.0199e-16
   62    152  3.1909e-12  4.8502e-10
   62    154  1.5470e-12  2.3824e-10
   63    151  1.9890e-12  3.0034e-10
   63    153  1.5410e-12  2.3577e-10
   64    155  8.9224e-13  1.3830e-10
   64    156  2.9087e-13  4.5375e-11
   64    157  2.9893e-13  4.6932e-11
   64    158  2.2902e-13  3.6185e-11
   64    160  6.5865e-14  1.0538e-11
   65    159  2.8305e-14  4.5005e-12
   66    161  4.6973e-14  7.5626e-12
   66    162  2.5847e-14  4.1873e-12
   66    163  1.4810e-14  2.4140e-12
   66    164  2.4833e-14  4.0726e-12
   67    165  1.3088e-14  2.1596e-12
   68    166  2.0909e-14  3.4708e-12
   68    167  6.7655e-15  1.1298e-12
   68    168  3.5602e-15  5.9812e-13
   68    170  7.6182e-16  1.2951e-13
   69    169  3.8006e-15  6.4231e-13
   70    171  3.0664e-16  5.2435e-14
   70    172  1.8233e-16  3.1360e-14
   70    173  7.7764e-17  1.3453e-14
   70    174  6.3723e-17  1.1088e-14
   70    176  1.2802e-17  2.2532e-15
   71    175  1.7404e-17  3.0456e-15
   72    177  5.1856e-18  9.1785e-16
   72    178  1.3398e-18  2.3848e-16
   72    179  9.7178e-19  1.7395e-16
   72    180  1.3478e-18  2.4261e-16
   73    181  1.4116e-18  2.5550e-16
   74    182  8.3360e-19  1.5172e-16
   74    183  3.7090e-19  6.7876e-17
   74    184  2.4356e-19  4.4814e-17
   74    186  1.1624e-19  2.1620e-17
   75    185  1.2621e-19  2.3349e-17
   75    187  5.6280e-20  1.0524e-17
   76    188  5.0201e-20  9.4377e-18
   76    189  2.3057e-20  4.3577e-18
   76    190  2.0468e-20  3.8889e-18
    1      1  2.4287e-10  2.4287e-10
    2      4  1.5238e-01  6.0951e-01


