1  1.7745e-08
2  1.9879e-08
3  1.8026e-09
4  1.9881e-01
5  0.0000e+00
6  5.6260e-11
7  2.8709e-09
8  1.0995e-07
9  5.6657e-08
10  5.7567e-07
11  1.3782e-09
12  1.5206e-08
13  3.4800e-08
14  6.4535e-08
15  1.7445e-05
16  1.7044e-06
17  7.0400e-08
18  2.1523e-07
19  1.4020e-06
20  2.1341e-06
21  1.3551e-06
22  1.4549e-08
23  1.0625e-06
24  3.8230e-07
25  2.2408e-07
26  1.1366e-07
27  1.3816e-07
28  2.1982e-07
29  7.3831e-08
30  6.6054e-08
31  2.8995e-08
32  9.3218e-08
33  2.7017e-07
34  2.1807e-07
35  1.2313e-08
36  1.4672e-08
37  3.8144e-09
38  1.8054e-08
39  1.6147e-08
40  4.1217e-09
41  1.6343e-08
42  5.2664e-08
43  9.5741e-09
44  1.9397e-08
45  1.7824e-08
46  2.5905e-09
47  4.0406e-09
48  6.4410e-09
49  3.8118e-09
50  3.3450e-09
51  3.6129e-09
52  1.0776e-08
53  1.2504e-08
54  4.2560e-09
55  9.2794e-10
56  9.3583e-09
57  1.5915e-08
58  5.4624e-10
59  7.5707e-10
60  1.6631e-09
61  1.8327e-09
62  1.5476e-09
63  2.1085e-08
64  4.9588e-09
65  7.4100e-09
66  1.4796e-08
67  3.2589e-08
68  7.8909e-09
69  3.8215e-09
70  1.7651e-08
71  5.0056e-09
72  1.8145e-08
73  1.2687e-08
74  3.2431e-08
75  4.9300e-08
76  3.7119e-08
77  6.0801e-08
78  4.9205e-08
79  3.0453e-08
80  1.3148e-07
81  5.5223e-08
82  6.1185e-08
83  6.3851e-08
84  1.7035e-08
85  1.5054e-08
86  2.1592e-08
87  2.7814e-08
88  2.7613e-08
89  2.4057e-08
90  3.1704e-08
91  1.8526e-08
92  1.3436e-08
93  1.0990e-08
94  3.3182e-08
95  1.8510e-08
96  9.5426e-09
97  1.7799e-08
98  3.7708e-09
99  5.8731e-09
100  8.3326e-09
101  7.6383e-09
102  6.5314e-09
103  6.6326e-09
104  3.0878e-09
105  2.1923e-09
106  7.5493e-09
107  6.3436e-09
108  4.9387e-08
109  5.9964e-07
110  1.4987e-06
111  2.4281e-07
112  1.2941e-06
113  9.4971e-07
114  1.0800e-06
115  1.3385e-06
116  8.0766e-08
117  2.1500e-07
118  8.3181e-08
119  6.1467e-08
120  2.8311e-07
121  2.0155e-07
122  2.2152e-07
123  1.9023e-07
124  3.5689e-07
125  3.6225e-07
126  6.0823e-07
127  8.5430e-07
128  1.2574e-06
129  1.5866e-06
130  6.9665e-07
131  3.6668e-07
132  3.1298e-07
133  2.1800e-07
134  2.2323e-07
135  1.4170e-07
136  2.5195e-07
137  2.5129e-07
138  2.6986e-07
139  9.6213e-08
140  1.5112e-07
141  2.1172e-07
142  1.0390e-07
143  7.0465e-08
144  8.4377e-08
145  3.2025e-08
146  7.5921e-08
147  1.0898e-07
148  5.2480e-08
149  1.3642e-08
150  2.6780e-08
151  7.3575e-09
152  3.7425e-08
153  2.8150e-08
154  2.7786e-08
155  1.1931e-07
156  1.0532e-08
157  3.3984e-08
158  6.7698e-08
159  5.0047e-10
160  7.6432e-09
161  1.7320e-08
162  1.0325e-08
163  1.3077e-08
164  1.6947e-08
165  1.2748e-08
166  3.6082e-08
167  5.9182e-08
168  3.8776e-08
169  2.4945e-07
170  4.8702e-08
171  1.0125e-07
172  5.1587e-08
173  3.4377e-08
174  1.2468e-07
175  3.1753e-08
176  6.4969e-08
177  3.4853e-07
178  1.7404e-07
179  9.6358e-08
180  1.6405e-07
181  1.9063e-07
182  2.6391e-07
183  2.2281e-07
184  2.0845e-07
185  9.1959e-08
186  1.2616e-07
187  1.5472e-07
188  2.1959e-07
189  1.1062e-07
190  8.5131e-08
191  1.4374e-07
192  1.4590e-07
193  7.2057e-08
194  2.7791e-07
195  3.7011e-07
196  1.0438e-06
197  2.3931e-06
198  3.6979e-06
199  2.0219e-06
200  7.2326e-06
201  2.5019e-06
202  2.3727e-06
203  7.1152e-07
204  2.2917e-07
205  1.5840e-07
206  3.3447e-06
207  5.1333e-06
208  1.7664e-06
209  9.0466e-06
210  7.9331e-13
211  2.7105e-18
212  1.9604e-18
213  5.6040e-44
214  4.1548e-19
215  7.4723e-25
216  2.2714e-24
217  4.4631e-95
218  7.1404e-21
219  1.0488e-21
220  8.7097e-22
221  -7.7672e-320
222  1.2675e-17
223  2.6167e-16
224  4.9189e-18
225  3.3775e-40
226  1.9395e-12
227  1.8238e-13
228  1.5819e-11
229  1.2598e-29
230  9.1410e-11
231  2.7280e-10
232  6.9239e-06
233  7.5286e-26
234  2.9766e-10
235  5.8795e-06
236  2.6990e-08
237  5.0855e-319
238  5.4150e-06
239  3.3444e-17
240  5.3432e-12
241  0.0000e+00
242  4.4171e-116
243  1.0224e-17
244  6.5039e-08
245  0.0000e+00
246  1.0317e-09
247  2.1579e-14
248  2.8647e-115
249  0.0000e+00
250  0.0000e+00
251  -8.7582e-314
252  0.0000e+00
253  0.0000e+00
254  0.0000e+00
255  0.0000e+00
256  0.0000e+00
257  7.9185e-26
258  1.9262e-06
259  6.6392e-26
260  2.4831e-06
261  2.4226e-06
262  2.1097e-06
263  2.1043e-06
264  2.6759e-06
265  2.3589e-06
266  3.0503e-06
267  1.5978e-06
268  1.3586e-06
269  3.3617e-06
270  3.2800e-06
271  2.8245e-06
272  6.6344e-06
273  1.0330e-05
274  1.2368e-05
275  2.0016e-05
276  3.7580e-05
277  1.2723e-05
278  2.9282e-05
279  2.0559e-05
280  1.0444e-05
281  3.3180e-06
282  2.0934e-06
283  7.4038e-07
284  8.5150e-07
285  9.0991e-07
286  1.2306e-06
287  1.4728e-06
288  1.8686e-06
289  1.2462e-06
290  1.8493e-06
291  8.8132e-07
292  8.3254e-06
293  4.6942e-06
294  1.0690e-05
295  6.3271e-06
296  5.5875e-06
297  3.1647e-06
298  4.8401e-06
299  7.5443e-07
300  4.6534e-07
301  2.6238e-05
302  1.7391e-05
303  1.6240e-05
304  1.8321e-05
305  1.3736e-05
306  1.7313e-05
307  9.5198e-06
308  9.4096e-06
309  1.0216e-05
310  8.6553e-06
311  9.3443e-06
312  7.4978e-06
313  4.9157e-06
314  5.6453e-06
315  7.1776e-06
316  5.1985e-06
317  5.9715e-06
318  8.9420e-06
319  7.2088e-06
320  8.9368e-06
321  5.1913e-06
322  7.7007e-06
323  1.1405e-05
324  1.0890e-05
325  4.0101e-06
326  7.7726e-06
327  1.0958e-05
328  1.3605e-05
329  1.6448e-05
330  3.0764e-06
331  1.3140e-05
332  1.3945e-05
333  2.8614e-06
334  2.4146e-06
335  1.4727e-06
336  9.8915e-06
337  1.9538e-05

