1  1.0907e-02
2  1.3135e+06
3  3.5031e-10
4  2.8942e-07
5  2.0808e-08
6  3.0217e-08
7  3.7468e-06
8  7.5043e-06
9  7.6858e-08
10  6.0029e-06
11  1.4386e-06
12  4.8240e-06
13  1.4361e-08
14  5.5922e-07
15  1.4740e-08
16  9.6709e-07
17  6.1004e-08
18  1.3284e-07
19  3.4035e-09
20  2.3303e-09
21  1.9907e-10
22  1.0696e-08
23  8.3051e-11
24  3.0730e-10
25  2.4004e-11
26  3.8138e-10
27  3.3575e-12
28  1.4330e-09
29  5.5231e-11
30  1.5041e-10
31  1.5642e-11
32  3.9793e-10
33  4.0536e-11
34  9.7406e-10
35  1.0441e-10
36  2.6405e-10
37  1.5009e-10
38  7.9073e-11
39  5.6580e-11
40  1.3483e-10
41  3.5269e-11
42  2.3728e-10
43  2.2158e-36
44  4.8294e-11
45  5.7241e-12
46  6.3931e-11
47  9.7622e-12
48  6.3486e-11
49  1.4400e-11
50  1.7038e-10
51  1.1049e-11
52  5.3367e-10
53  5.7688e-12
54  9.5464e-09
55  3.3776e-09
56  1.9894e-09
57  7.1854e-11
58  1.3949e-10
59  8.6572e-12
60  5.3379e-11
61  6.4230e-92
62  1.0946e-11
63  1.7930e-12
64  3.0659e-12
65  1.0064e-13
66  5.4508e-13
67  1.9791e-13
68  8.5543e-13
69  5.2854e-13
70  9.8799e-13
71  1.1039e-13
72  5.4555e-13
73  9.6347e-13
74  6.5866e-13
75  9.7846e-14
76  1.5660e-12
77  4.2225e-13
78  2.1176e-12
79  6.1261e-13
80  1.7355e-12
81  1.3149e-12
82  8.2493e-06
83  9.1636e-09
84  3.7992e-28
85  5.3942e-34
86  5.0249e-23
87  5.1689e-28
88  2.0067e-18
89  1.9491e-20
90  8.3331e-13
91  2.9222e-17
92  9.2039e-13
93  1.0920e-26
94  7.4243e-15
95  4.1892e-24
96  8.8435e-21
97  6.4943e-17
98  -8.9418e-314
99  -5.1877e-322
100  4.1057e-11
101  -1.9645e-313
102  9.7733e-11
103  3.3075e-11
104  6.4879e-12
105  3.9560e-12
106  2.5108e-11
107  1.5350e-12
108  2.2943e-08
109  4.0686e-319
110  2.2778e-08
111  5.3965e-04
112  0.0000e+00
113  0.0000e+00
114  0.0000e+00
115  0.0000e+00
116  0.0000e+00
117  0.0000e+00
118  0.0000e+00

