1  2.8098e-10
2  9.1651e-02
3  1.2883e-19
4  2.9798e-19
5  2.2372e-19
6  1.1111e-07
7  5.9200e-18
8  2.0689e-09
9  4.6420e-20
10  2.2731e-09
11  2.9864e-13
12  2.2394e-09
13  1.5185e-10
14  6.3733e-09
15  2.1061e-09
16  1.5781e-08
17  8.1346e-09
18  1.1956e-08
19  2.2855e-09
20  7.4426e-08
21  2.0465e-09
22  2.7984e-07
23  2.3234e-07
24  1.1166e-06
25  1.6158e-09
26  2.3936e-06
27  1.6271e-07
28  1.7927e-06
29  1.8124e-06
30  3.8962e-06
31  2.1412e-06
32  5.7630e-06
33  1.2108e-06
34  4.2892e-05
35  6.2798e-06
36  3.7809e-05
37  1.4218e-05
38  2.5009e-04
39  3.1892e-05
40  1.9648e-03
41  7.3342e-05
42  1.9597e-04
43  8.5604e-29
44  2.2117e-03
45  2.8861e-04
46  7.9365e-04
47  2.2951e-04
48  1.6141e-04
49  1.5360e-05
50  2.5967e-05
51  4.6708e-06
52  1.2655e-06
53  1.4306e-07
54  1.8287e-07
55  6.1579e-13
56  6.2234e-17
57  1.6444e-19
58  3.6384e-20
59  4.2843e-22
60  9.4088e-23
61  5.2153e-43
62  4.6274e-25
63  0.0000e+00
64  0.0000e+00
65  0.0000e+00
66  0.0000e+00
67  0.0000e+00
68  0.0000e+00
69  0.0000e+00
70  0.0000e+00
71  0.0000e+00
72  0.0000e+00
73  0.0000e+00
74  0.0000e+00
75  0.0000e+00
76  0.0000e+00
77  0.0000e+00
78  0.0000e+00
79  0.0000e+00
80  0.0000e+00
81  0.0000e+00
82  0.0000e+00
83  0.0000e+00
84  0.0000e+00
85  0.0000e+00
86  0.0000e+00
87  0.0000e+00
88  0.0000e+00
89  0.0000e+00
90  0.0000e+00
91  0.0000e+00
92  0.0000e+00
93  0.0000e+00
94  0.0000e+00
95  0.0000e+00
96  0.0000e+00
97  0.0000e+00
98  0.0000e+00
99  0.0000e+00
100  0.0000e+00
101  0.0000e+00
102  0.0000e+00
103  0.0000e+00
104  0.0000e+00
105  0.0000e+00
106  0.0000e+00
107  0.0000e+00
108  0.0000e+00
109  0.0000e+00
110  0.0000e+00
111  0.0000e+00
112  0.0000e+00
113  0.0000e+00
114  0.0000e+00
115  0.0000e+00
116  0.0000e+00
117  0.0000e+00
118  0.0000e+00

