1  1.9600e-09
2  1.5448e-01
3  3.2498e-11
4  1.3112e-11
5  4.0692e-11
6  4.6144e-09
7  1.4439e-06
8  8.4816e-08
9  3.3651e-07
10  7.0394e-07
11  1.4267e-07
12  2.8066e-07
13  4.0121e-07
14  1.4225e-06
15  1.1193e-07
16  3.5451e-06
17  1.5340e-07
18  1.5123e-06
19  8.0352e-07
20  3.1962e-06
21  3.3087e-07
22  2.8469e-06
23  5.0106e-07
24  8.4579e-07
25  1.7099e-07
26  4.3383e-06
27  1.3623e-07
28  1.3965e-06
29  1.6911e-06
30  2.7406e-06
31  5.1906e-07
32  6.9980e-06
33  3.3085e-06
34  5.1007e-05
35  2.5078e-05
36  1.6934e-05
37  1.4752e-05
38  1.5933e-05
39  6.1101e-06
40  2.1069e-05
41  1.4787e-06
42  3.3163e-05
43  3.6294e-31
44  2.4662e-05
45  8.8996e-06
46  1.7745e-04
47  8.2261e-05
48  2.7163e-04
49  8.6890e-05
50  5.6583e-05
51  9.4674e-06
52  5.5905e-04
53  1.5986e-04
54  9.7626e-04
55  1.3116e-04
56  1.9581e-04
57  3.4718e-05
58  4.5126e-05
59  2.1021e-05
60  6.7230e-06
61  -6.5661e-317
62  5.5253e-06
63  2.4197e-06
64  9.5699e-06
65  1.7902e-08
66  1.8011e-06
67  3.3115e-07
68  3.7124e-06
69  3.2354e-06
70  2.7808e-06
71  1.7973e-07
72  2.0964e-06
73  2.6661e-07
74  5.0984e-07
75  5.8929e-08
76  8.6398e-08
77  4.3926e-08
78  1.4078e-07
79  4.0756e-08
80  2.4707e-08
81  1.9590e-10
82  2.1875e-12
83  2.1906e-13
84  5.5580e-18
85  9.0263e-23
86  2.8156e-17
87  4.8067e-31
88  5.3433e-21
89  1.8127e-23
90  2.3371e-15
91  2.7175e-20
92  8.4027e-16
93  1.2705e-34
94  4.1032e-19
95  6.0055e-23
96  6.9570e-34
97  6.7578e-21
98  0.0000e+00
99  1.4575e-321
100  5.2898e-19
101  -6.9266e-313
102  8.4266e-20
103  4.5975e-21
104  1.6357e-21
105  6.8754e-22
106  7.0632e-23
107  0.0000e+00
108  0.0000e+00
109  0.0000e+00
110  0.0000e+00
111  0.0000e+00
112  0.0000e+00
113  0.0000e+00
114  0.0000e+00
115  0.0000e+00
116  0.0000e+00
117  0.0000e+00
118  0.0000e+00

