    1      2  2.4218e-09  4.8436e-09
    2      3  1.5556e-10  4.6667e-10
    3      6  6.8054e-12  4.0832e-11
    3      7  2.5454e-10  1.7818e-09
    4      8  6.2929e-10  5.0343e-09
    4      9  1.6053e-10  1.4448e-09
    5     10  3.3966e-10  3.3966e-09
    5     11  2.2586e-10  2.4845e-09
    6     12  2.6275e-09  3.1530e-08
    6     13  1.5680e-07  2.0383e-06
    7     14  2.6234e-07  3.6727e-06
    7     15  7.8032e-06  1.1705e-04
    8     16  3.2089e-07  5.1343e-06
    8     17  2.7833e-09  4.7315e-08
    8     18  1.8616e-08  3.3509e-07
    9     19  1.0390e-06  1.9740e-05
   10     20  1.4182e-06  2.8365e-05
   10     21  3.1251e-07  6.5628e-06
   10     22  3.2579e-09  7.1673e-08
   11     23  8.8795e-07  2.0423e-05
   12     24  2.6721e-07  6.4130e-06
   12     25  2.8468e-07  7.1171e-06
   12     26  1.4326e-08  3.7248e-07
   13     26  2.3396e-19  6.0830e-18
   13     27  3.3823e-07  9.1323e-06
   14     28  1.0037e-06  2.8105e-05
   14     29  1.0373e-07  3.0082e-06
   14     30  7.9708e-08  2.3912e-06
   15     31  1.1404e-07  3.5353e-06
   16     32  1.2015e-07  3.8448e-06
   16     33  1.2500e-06  4.1250e-05
   16     34  9.6074e-07  3.2665e-05
   16     36  2.6859e-08  9.6692e-07
   17     35  3.3871e-08  1.1855e-06
   17     37  8.7843e-08  3.2502e-06
   18     36  5.9603e-20  2.1457e-18
   18     38  1.7945e-07  6.8191e-06
   18     40  3.2240e-07  1.2896e-05
   19     39  1.9553e-07  7.6257e-06
   19     41  1.5789e-07  6.4736e-06
   20     42  5.3218e-07  2.2352e-05
   20     43  1.8946e-07  8.1469e-06
   20     44  1.1026e-07  4.8516e-06
   20     46  1.1748e-07  5.4040e-06
   21     45  1.6129e-07  7.2580e-06
   22     47  1.6083e-07  7.5589e-06
   22     48  3.5920e-07  1.7241e-05
   22     49  2.6818e-07  1.3141e-05
   22     50  2.3593e-07  1.1797e-05
   23     51  4.9510e-08  2.5250e-06
   24     52  2.7455e-07  1.4277e-05
   24     53  2.2208e-07  1.1770e-05
   24     54  1.1703e-07  6.3196e-06
   25     55  1.5313e-07  8.4223e-06
   26     56  4.3333e-07  2.4266e-05
   26     57  4.5346e-07  2.5847e-05
   26     58  2.5984e-08  1.5071e-06
   27     59  2.5662e-08  1.5141e-06
   28     60  5.5395e-08  3.3237e-06
   28     61  8.3293e-08  5.0809e-06
   28     62  1.0782e-07  6.6846e-06
   28     64  2.2876e-07  1.4641e-05
   29     63  3.2458e-07  2.0448e-05
   29     65  1.3494e-07  8.7708e-06
   30     66  3.0874e-07  2.0377e-05
   30     67  1.0492e-07  7.0297e-06
   30     68  2.3930e-07  1.6272e-05
   30     70  5.7770e-07  4.0439e-05
   31     69  2.9792e-07  2.0556e-05
   31     71  9.1646e-08  6.5069e-06
   32     70  1.0521e-15  7.3647e-14
   32     72  3.5837e-07  2.5803e-05
   32     73  3.1209e-07  2.2783e-05
   32     74  1.1147e-06  8.2489e-05
   32     76  4.4035e-06  3.3466e-04
   33     75  2.9865e-06  2.2399e-04
   34     76  6.3888e-14  4.8555e-12
   34     77  3.6324e-06  2.7969e-04
   34     78  2.7422e-06  2.1389e-04
   34     80  1.2276e-05  9.8205e-04
   34     82  2.9406e-06  2.4113e-04
   35     79  3.5601e-06  2.8125e-04
   35     81  6.9532e-06  5.6321e-04
   36     82  1.6264e-13  1.3336e-11
   36     83  2.8728e-06  2.3844e-04
   36     84  1.7776e-06  1.4932e-04
   36     86  4.5794e-06  3.9382e-04
   37     85  1.9396e-06  1.6486e-04
   37     87  5.8988e-06  5.1320e-04
   38     86  1.3967e-20  1.2012e-18
   38     87  4.3193e-08  3.7578e-06
   38     88  6.1603e-06  5.4211e-04
   39     89  6.5394e-07  5.8201e-05
   40     90  1.1054e-06  9.9484e-05
   40     91  7.5313e-07  6.8535e-05
   40     92  3.0384e-06  2.7953e-04
   40     94  8.3228e-06  7.8234e-04
   41     93  3.2445e-06  3.0173e-04
   42     95  1.2542e-06  1.1914e-04
   42     96  2.1474e-06  2.0615e-04
   42     97  1.7691e-06  1.7160e-04
   42     98  6.7183e-07  6.5839e-05
   42    100  1.5679e-06  1.5679e-04
   44     99  1.1363e-06  1.1250e-04
   44    100  7.6391e-14  7.6391e-12
   44    101  1.7797e-06  1.7975e-04
   44    102  9.5406e-07  9.7314e-05
   44    104  1.2603e-06  1.3107e-04
   45    103  9.3011e-07  9.5802e-05
   46    104  6.8285e-19  7.1017e-17
   46    105  1.5519e-06  1.6295e-04
   46    106  3.9136e-06  4.1484e-04
   46    108  8.4593e-06  9.1360e-04
   46    110  6.5866e-05  7.2453e-03
   47    107  3.4294e-06  3.6694e-04
   47    109  4.0211e-05  4.3830e-03
   48    110  3.0756e-13  3.3831e-11
   48    111  9.8355e-06  1.0917e-03
   48    112  3.7413e-05  4.1902e-03
   48    113  2.4512e-05  2.7699e-03
   48    114  2.3504e-05  2.6795e-03
   48    116  2.9784e-06  3.4550e-04
   49    113  1.0788e-12  1.2190e-10
   49    115  1.5016e-05  1.7268e-03
   50    115  1.1981e-11  1.3778e-09
   50    116  5.4511e-13  6.3233e-11
   50    117  2.5846e-06  3.0240e-04
   50    118  1.4320e-06  1.6898e-04
   50    119  1.0653e-06  1.2677e-04
   50    120  5.0774e-06  6.0929e-04
   50    122  2.2414e-06  2.7345e-04
   50    124  1.6800e-05  2.0831e-03
   51    121  1.6294e-06  1.9716e-04
   51    123  3.5952e-06  4.4220e-04
   52    122  8.0892e-15  9.8688e-13
   52    124  1.8011e-16  2.2334e-14
   52    125  2.4540e-05  3.0675e-03
   52    126  5.4948e-05  6.9235e-03
   52    128  7.9837e-05  1.0219e-02
   52    130  8.2288e-05  1.0697e-02
   53    127  5.3517e-05  6.7967e-03
   53    129  2.3645e-13  3.0502e-11
   54    128  4.7324e-16  6.0575e-14
   54    129  1.0786e-04  1.3913e-02
   54    130  5.3636e-14  6.9727e-12
   54    131  3.7845e-05  4.9576e-03
   54    132  1.8798e-05  2.4813e-03
   54    134  2.8810e-05  3.8605e-03
   54    136  4.5434e-05  6.1791e-03
   55    133  1.8271e-05  2.4300e-03
   56    134  4.7551e-18  6.3718e-16
   56    135  2.8948e-05  3.9080e-03
   56    136  8.7899e-15  1.1954e-12
   56    137  3.9006e-05  5.3438e-03
   56    138  2.0951e-05  2.8912e-03
   57    139  1.3381e-05  1.8600e-03
   58    140  2.8867e-05  4.0414e-03
   58    142  3.3535e-05  4.7619e-03
   59    141  8.9782e-05  1.2659e-02
   60    142  3.6818e-17  5.2281e-15
   60    143  8.5819e-06  1.2272e-03
   60    144  9.4073e-06  1.3546e-03
   60    145  1.2995e-06  1.8842e-04
   60    146  3.5346e-06  5.1606e-04
   60    148  1.0640e-05  1.5748e-03
   60    150  3.2153e-05  4.8229e-03
   62    147  5.6375e-06  8.2872e-04
   62    148  3.4263e-13  5.0710e-11
   62    149  7.7732e-06  1.1582e-03
   62    150  2.8815e-12  4.3222e-10
   62    152  1.6828e-05  2.5579e-03
   62    154  1.1611e-05  1.7880e-03
   63    151  2.8276e-05  4.2697e-03
   63    153  8.2611e-06  1.2639e-03
   64    152  1.2964e-20  1.9706e-18
   64    154  3.6641e-14  5.6427e-12
   64    155  7.8060e-06  1.2099e-03
   64    156  1.7846e-05  2.7839e-03
   64    157  1.1376e-05  1.7860e-03
   64    158  2.0796e-05  3.2857e-03
   64    160  1.9107e-05  3.0572e-03
   65    159  1.1567e-05  1.8392e-03
   66    160  1.0284e-14  1.6455e-12
   66    161  9.8582e-06  1.5872e-03
   66    162  2.1163e-05  3.4285e-03
   66    163  1.1370e-05  1.8534e-03
   66    164  2.4528e-05  4.0226e-03
   67    165  1.2320e-05  2.0328e-03
   68    166  2.4527e-05  4.0715e-03
   68    167  1.1154e-05  1.8627e-03
   68    168  2.1656e-05  3.6382e-03
   68    170  1.8598e-05  3.1616e-03
   69    169  1.9339e-05  3.2683e-03
   70    170  3.2334e-15  5.4968e-13
   70    171  1.7062e-05  2.9176e-03
   70    172  1.6143e-05  2.7766e-03
   70    173  1.7699e-05  3.0619e-03
   70    174  2.2190e-05  3.8611e-03
   70    176  1.5907e-05  2.7997e-03
   71    175  1.8563e-05  3.2486e-03
   71    176  6.6095e-16  1.1633e-13
   72    176  6.1882e-18  1.0891e-15
   72    177  1.5867e-05  2.8085e-03
   72    178  1.2600e-05  2.2428e-03
   72    179  8.8389e-06  1.5822e-03
   72    180  6.2774e-06  1.1299e-03
   73    181  4.2359e-06  7.6670e-04
   74    182  3.6219e-06  6.5919e-04
   74    183  1.9121e-06  3.4992e-04
   74    184  2.7904e-06  5.1344e-04
   74    186  4.2552e-06  7.9147e-04
   75    185  1.8101e-06  3.3487e-04
   75    187  2.6790e-06  5.0097e-04
   76    186  1.0816e-18  2.0118e-16
   76    187  2.1773e-08  4.0715e-06
   76    188  7.2040e-06  1.3543e-03
   76    189  1.4954e-05  2.8263e-03
   76    190  2.7160e-05  5.1604e-03
   76    192  4.9270e-05  9.4599e-03
   77    191  3.3633e-05  6.4239e-03
   77    193  6.2880e-05  1.2136e-02
   78    192  5.7366e-16  1.1014e-13
   78    194  5.9989e-05  1.1638e-02
   78    195  4.8857e-05  9.5271e-03
   78    196  2.0742e-05  4.0654e-03
   78    198  1.6955e-06  3.3570e-04
   79    197  7.3753e-06  1.4529e-03
   80    198  1.0370e-16  2.0532e-14
   80    199  5.1277e-07  1.0204e-04
   80    200  1.7845e-07  3.5691e-05
   80    201  7.9174e-08  1.5914e-05
   80    202  1.3604e-07  2.7480e-05
   80    204  2.2218e-07  4.5324e-05
   80    206  6.1614e-18  1.2692e-15
   81    203  1.6960e-07  3.4429e-05
   81    205  1.5841e-07  3.2475e-05
   82    206  4.9659e-07  1.0230e-04
   82    207  4.5745e-07  9.4692e-05
   82    208  5.1207e-07  1.0651e-04
   82    210  7.0679e-16  1.4843e-13
   83    209  4.2758e-07  8.9365e-05
   83    210  1.4826e-20  3.1135e-18
   84    210  4.0936e-19  8.5965e-17
   86    222  1.1300e-20  2.5086e-18
   88    223  2.7400e-19  6.1101e-17
   88    224  1.6484e-20  3.6925e-18
   88    226  1.7291e-15  3.9077e-13
   88    228  5.3008e-14  1.2086e-11
   89    227  1.9054e-16  4.3253e-14
   90    227  4.4037e-19  9.9964e-17
   90    228  3.1656e-18  7.2177e-16
   90    230  8.1490e-14  1.8743e-11
   90    231  2.5487e-20  5.8875e-18
   90    232  2.3203e-08  5.3831e-06
   90    234  2.7554e-20  6.4477e-18
   91    231  2.8566e-13  6.5987e-11
   92    234  2.6535e-13  6.2093e-11
   92    235  6.1567e-09  1.4468e-06
   92    236  1.4617e-11  3.4496e-09
   92    238  4.8274e-09  1.1489e-06
   94    240  2.8926e-15  6.9422e-13
   94    244  3.5209e-11  8.5911e-09
   96    247  2.9119e-18  7.1925e-16
   97    246  6.0924e-13  1.4987e-10
  100    258  8.5372e-11  2.2026e-08
  100    260  5.4763e-11  1.4238e-08
  100    262  3.4859e-11  9.1331e-09
  102    261  3.4539e-11  9.0147e-09
  102    263  2.4770e-11  6.5144e-09
  102    264  1.8393e-11  4.8556e-09
  102    266  8.0960e-12  2.1535e-09
  103    265  7.9217e-12  2.0992e-09
  104    267  4.1102e-12  1.0974e-09
  104    268  2.7131e-12  7.2712e-10
  104    270  2.0900e-12  5.6430e-10
  104    272  9.1283e-13  2.4829e-10
  104    274  2.5365e-13  6.9500e-11
  105    269  3.4171e-12  9.1919e-10
  105    271  1.2245e-12  3.3184e-10
  106    273  5.1918e-13  1.4174e-10
  106    275  1.0590e-13  2.9123e-11
  106    276  7.8547e-14  2.1679e-11
  106    278  8.3414e-15  2.3189e-12
  106    280  2.8864e-16  8.0820e-14
  107    277  1.2780e-14  3.5401e-12
  108    279  1.3564e-15  3.7843e-13
  108    281  7.5403e-17  2.1188e-14
  108    282  9.1101e-17  2.5690e-14
  108    283  5.4363e-17  1.5385e-14
  108    284  7.2264e-17  2.0523e-14
  108    286  6.2834e-17  1.7971e-14
  110    285  6.7499e-17  1.9237e-14
  110    287  3.6702e-17  1.0533e-14
  110    288  3.0819e-17  8.8758e-15
  110    290  1.6901e-17  4.9014e-15
  111    289  1.5869e-17  4.5861e-15
  111    291  7.4663e-18  2.1727e-15
  111    292  4.4888e-17  1.3107e-14
  111    293  1.4262e-17  4.1788e-15
  111    294  1.7737e-17  5.2147e-15
  111    295  6.7667e-18  1.9962e-15
  111    296  4.3461e-18  1.2864e-15
  111    297  2.0454e-18  6.0747e-16
  111    298  2.6991e-18  8.0433e-16
  111    299  3.9309e-19  1.1753e-16
  111    300  2.4972e-19  7.4917e-17
  111    301  1.6354e-18  4.9224e-16
  111    302  5.6843e-18  1.7167e-15
  111    303  7.3047e-19  2.2133e-16
  111    304  9.4389e-19  2.8694e-16
  111    305  2.5631e-19  7.8174e-17
  111    306  5.5491e-19  1.6980e-16
  111    307  8.1945e-20  2.5157e-17
  111    308  1.6122e-19  4.9655e-17
  111    309  3.0324e-20  9.3702e-18
  111    310  4.2726e-20  1.3245e-17
  111    312  1.6964e-20  5.2927e-18
    1      1  6.2270e-10  6.2270e-10
    2      4  1.7343e-01  6.9372e-01


