    1      2  3.9343e-09  7.8686e-09
    2      3  3.5210e-10  1.0563e-09
    3      6  1.1408e-11  6.8448e-11
    3      7  4.4478e-10  3.1134e-09
    4      8  4.0572e-09  3.2457e-08
    4      9  1.3780e-09  1.2402e-08
    5     10  2.5675e-08  2.5675e-07
    5     11  1.2986e-09  1.4284e-08
    6     12  3.8767e-09  4.6521e-08
    6     13  3.8244e-07  4.9717e-06
    7     14  1.9114e-07  2.6759e-06
    7     15  1.2824e-05  1.9235e-04
    8     16  2.8981e-07  4.6370e-06
    8     17  5.4669e-09  9.2937e-08
    8     18  3.5091e-08  6.3163e-07
    9     19  1.3060e-06  2.4815e-05
   10     20  1.7973e-06  3.5945e-05
   10     21  4.3467e-07  9.1280e-06
   10     22  3.4909e-09  7.6799e-08
   11     23  1.0772e-06  2.4775e-05
   12     24  3.3601e-07  8.0642e-06
   12     25  4.1181e-07  1.0295e-05
   12     26  2.5108e-08  6.5281e-07
   13     26  1.8624e-19  4.8423e-18
   13     27  1.6669e-07  4.5006e-06
   14     28  4.5506e-07  1.2742e-05
   14     29  6.7972e-08  1.9712e-06
   14     30  7.6567e-08  2.2970e-06
   15     31  8.0279e-08  2.4887e-06
   16     32  8.7973e-08  2.8151e-06
   16     33  6.8069e-07  2.2463e-05
   16     34  5.2157e-07  1.7733e-05
   16     36  1.7886e-08  6.4390e-07
   17     35  2.3384e-08  8.1845e-07
   17     37  2.1660e-08  8.0141e-07
   18     36  3.5788e-20  1.2884e-18
   18     38  6.4618e-08  2.4555e-06
   18     40  3.3269e-08  1.3308e-06
   19     39  4.4625e-08  1.7404e-06
   19     41  1.5697e-07  6.4358e-06
   20     42  4.0461e-07  1.6994e-05
   20     43  8.0461e-08  3.4598e-06
   20     44  1.0083e-07  4.4366e-06
   20     46  6.7893e-08  3.1231e-06
   21     45  1.0859e-07  4.8864e-06
   22     47  9.7536e-08  4.5842e-06
   22     48  1.9870e-07  9.5376e-06
   22     49  1.0589e-07  5.1888e-06
   22     50  7.5637e-08  3.7819e-06
   23     51  3.6719e-08  1.8727e-06
   24     52  2.0302e-07  1.0557e-05
   24     53  1.4491e-07  7.6802e-06
   24     54  6.4483e-08  3.4821e-06
   25     55  6.9428e-08  3.8185e-06
   26     56  1.8116e-07  1.0145e-05
   26     57  1.9431e-07  1.1075e-05
   26     58  9.9267e-09  5.7575e-07
   27     59  9.3299e-09  5.5046e-07
   28     60  2.2060e-08  1.3236e-06
   28     61  4.0804e-08  2.4890e-06
   28     62  6.4547e-08  4.0019e-06
   28     64  1.3160e-07  8.4225e-06
   29     63  1.7319e-07  1.0911e-05
   29     65  7.2171e-08  4.6911e-06
   30     66  1.5260e-07  1.0072e-05
   30     67  4.9956e-08  3.3471e-06
   30     68  9.4767e-08  6.4442e-06
   30     70  1.7625e-07  1.2338e-05
   31     69  8.7894e-08  6.0647e-06
   31     71  4.1026e-08  2.9129e-06
   32     70  4.1446e-16  2.9012e-14
   32     72  1.7883e-07  1.2876e-05
   32     73  9.5471e-08  6.9694e-06
   32     74  3.2556e-07  2.4091e-05
   32     76  1.4439e-06  1.0973e-04
   33     75  1.0865e-06  8.1491e-05
   34     76  2.8481e-14  2.1646e-12
   34     77  1.0002e-06  7.7017e-05
   34     78  1.0304e-06  8.0369e-05
   34     80  6.8656e-06  5.4925e-04
   34     82  1.4045e-06  1.1517e-04
   35     79  1.7589e-06  1.3895e-04
   35     81  3.5568e-06  2.8810e-04
   36     82  1.0840e-13  8.8886e-12
   36     83  2.9105e-06  2.4157e-04
   36     84  1.3793e-06  1.1586e-04
   36     86  2.2994e-06  1.9775e-04
   37     85  1.0746e-06  9.1342e-05
   37     87  2.3410e-06  2.0366e-04
   38     86  1.0216e-20  8.7859e-19
   38     87  1.7141e-08  1.4913e-06
   38     88  2.4540e-06  2.1595e-04
   39     89  9.1799e-07  8.1701e-05
   40     90  1.4330e-06  1.2897e-04
   40     91  3.2571e-07  2.9640e-05
   40     92  2.1498e-06  1.9778e-04
   40     94  4.3288e-06  4.0691e-04
   41     93  1.8804e-06  1.7488e-04
   42     95  8.1177e-07  7.7118e-05
   42     96  1.3115e-06  1.2590e-04
   42     97  8.9898e-07  8.7201e-05
   42     98  3.2413e-07  3.1764e-05
   42    100  6.4570e-07  6.4570e-05
   44     99  4.8577e-07  4.8092e-05
   44    100  4.4288e-14  4.4288e-12
   44    101  7.6831e-07  7.7600e-05
   44    102  5.7604e-07  5.8756e-05
   44    104  8.3836e-07  8.7190e-05
   45    103  5.9003e-07  6.0773e-05
   46    104  6.5873e-19  6.8507e-17
   46    105  8.2221e-07  8.6332e-05
   46    106  1.6700e-06  1.7702e-04
   46    108  4.5661e-06  4.9314e-04
   46    110  3.4657e-05  3.8123e-03
   47    107  1.6085e-06  1.7211e-04
   47    109  2.1501e-05  2.3436e-03
   48    110  2.0842e-13  2.2927e-11
   48    111  5.0942e-06  5.6545e-04
   48    112  1.9306e-05  2.1623e-03
   48    113  1.3115e-05  1.4820e-03
   48    114  1.1243e-05  1.2818e-03
   48    116  1.1677e-06  1.3545e-04
   49    113  5.7722e-13  6.5226e-11
   49    115  5.1910e-06  5.9697e-04
   50    115  4.1417e-12  4.7629e-10
   50    116  2.2382e-13  2.5963e-11
   50    117  1.1326e-06  1.3251e-04
   50    118  8.3687e-07  9.8751e-05
   50    119  6.8803e-07  8.1875e-05
   50    120  3.0814e-06  3.6977e-04
   50    122  1.7646e-06  2.1528e-04
   50    124  1.2130e-05  1.5041e-03
   51    121  1.0629e-06  1.2861e-04
   51    123  3.0187e-06  3.7130e-04
   52    122  5.8801e-15  7.1738e-13
   52    124  1.5175e-16  1.8817e-14
   52    125  1.4833e-05  1.8542e-03
   52    126  2.3440e-05  2.9534e-03
   52    128  2.8062e-05  3.5919e-03
   52    130  1.0793e-05  1.4031e-03
   53    127  2.9566e-05  3.7548e-03
   53    129  5.5242e-14  7.1262e-12
   54    128  3.8790e-16  4.9651e-14
   54    129  1.9252e-05  2.4835e-03
   54    130  1.3647e-14  1.7741e-12
   54    131  1.0088e-05  1.3215e-03
   54    132  5.1588e-06  6.8096e-04
   54    134  7.3993e-06  9.9150e-04
   54    136  1.0804e-05  1.4694e-03
   55    133  5.6256e-06  7.4821e-04
   56    134  2.2306e-18  2.9890e-16
   56    135  6.3277e-06  8.5425e-04
   56    136  2.6092e-15  3.5485e-13
   56    137  8.3636e-06  1.1458e-03
   56    138  5.9303e-06  8.1838e-04
   57    139  3.9683e-06  5.5159e-04
   58    140  5.7018e-06  7.9825e-04
   58    142  5.9676e-06  8.4740e-04
   59    141  1.2587e-05  1.7748e-03
   60    142  7.9380e-18  1.1272e-15
   60    143  7.9560e-06  1.1377e-03
   60    144  1.2457e-05  1.7939e-03
   60    145  1.3140e-06  1.9053e-04
   60    146  1.2671e-06  1.8499e-04
   60    148  3.5465e-06  5.2489e-04
   60    150  9.0042e-06  1.3506e-03
   62    147  1.8002e-06  2.6463e-04
   62    148  1.5201e-13  2.2497e-11
   62    149  2.8473e-06  4.2425e-04
   62    150  1.2249e-12  1.8374e-10
   62    152  4.9889e-06  7.5832e-04
   62    154  5.4008e-06  8.3173e-04
   63    151  7.7576e-06  1.1714e-03
   63    153  2.9557e-06  4.5221e-04
   64    154  1.7007e-14  2.6191e-12
   64    155  3.3401e-06  5.1772e-04
   64    156  8.1103e-06  1.2652e-03
   64    157  5.3919e-06  8.4653e-04
   64    158  8.9521e-06  1.4144e-03
   64    160  9.2456e-06  1.4793e-03
   65    159  5.7321e-06  9.1141e-04
   66    160  6.2820e-15  1.0051e-12
   66    161  4.8356e-06  7.7853e-04
   66    162  9.9530e-06  1.6124e-03
   66    163  5.4219e-06  8.8377e-04
   66    164  1.1100e-05  1.8204e-03
   67    165  5.8131e-06  9.5916e-04
   68    166  1.0966e-05  1.8203e-03
   68    167  5.1187e-06  8.5482e-04
   68    168  1.0741e-05  1.8044e-03
   68    170  9.9719e-06  1.6952e-03
   69    169  9.6616e-06  1.6328e-03
   70    170  2.3320e-15  3.9643e-13
   70    171  1.0077e-05  1.7231e-03
   70    172  1.0489e-05  1.8041e-03
   70    173  1.2551e-05  2.1713e-03
   70    174  1.5268e-05  2.6566e-03
   70    176  1.1555e-05  2.0337e-03
   71    175  1.2615e-05  2.2077e-03
   71    176  6.2774e-16  1.1048e-13
   72    176  5.8772e-18  1.0344e-15
   72    177  1.2638e-05  2.2369e-03
   72    178  1.0628e-05  1.8917e-03
   72    179  7.2187e-06  1.2922e-03
   72    180  4.7159e-06  8.4886e-04
   73    181  2.9740e-06  5.3830e-04
   74    182  2.1723e-06  3.9536e-04
   74    183  1.1160e-06  2.0423e-04
   74    184  1.8808e-06  3.4606e-04
   74    186  5.2272e-06  9.7227e-04
   75    185  1.3932e-06  2.5773e-04
   75    187  4.1660e-06  7.7905e-04
   76    186  1.3051e-18  2.4275e-16
   76    187  3.3858e-08  6.3314e-06
   76    188  1.2997e-05  2.4435e-03
   76    189  2.8345e-05  5.3573e-03
   76    190  5.0436e-05  9.5828e-03
   76    192  1.0007e-04  1.9214e-02
   77    191  6.3902e-05  1.2205e-02
   77    193  1.3526e-04  2.6105e-02
   78    192  1.4213e-15  2.7288e-13
   78    194  1.2704e-04  2.4646e-02
   78    195  1.1432e-04  2.2293e-02
   78    196  6.5133e-05  1.2766e-02
   78    198  1.0318e-05  2.0429e-03
   79    197  3.5048e-05  6.9044e-03
   80    198  7.8323e-16  1.5508e-13
   80    199  3.1850e-06  6.3381e-04
   80    200  1.6802e-06  3.3603e-04
   80    201  1.0712e-06  2.1531e-04
   80    202  1.6546e-06  3.3424e-04
   80    204  4.0925e-06  8.3488e-04
   81    203  2.2442e-06  4.5557e-04
   81    205  3.9541e-06  8.1059e-04
   81    207  2.5245e-20  5.2257e-18
   82    204  5.3687e-20  1.0952e-17
   82    206  2.0331e-05  4.1881e-03
   82    207  1.9548e-05  4.0464e-03
   82    208  1.8729e-05  3.8956e-03
   82    210  3.0416e-13  6.3873e-11
   82    211  8.9454e-19  1.8875e-16
   82    212  1.4192e-18  3.0088e-16
   82    214  1.4186e-19  3.0357e-17
   83    209  1.8380e-05  3.8415e-03
   83    210  6.3802e-18  1.3398e-15
   83    211  1.1366e-20  2.3982e-18
   83    212  4.2409e-20  8.9908e-18
   83    214  1.7535e-20  3.7524e-18
   84    210  1.7616e-16  3.6994e-14
   86    222  4.8627e-18  1.0795e-15
   88    223  8.7451e-17  1.9502e-14
   88    224  3.6675e-18  8.2152e-16
   88    226  7.4408e-13  1.6816e-10
   88    228  1.1793e-11  2.6889e-09
   89    227  6.0815e-14  1.3805e-11
   89    228  2.5813e-19  5.8854e-17
   90    227  1.4055e-16  3.1906e-14
   90    228  7.0430e-16  1.6058e-13
   90    230  3.5068e-11  8.0657e-09
   90    231  8.1347e-18  1.8791e-15
   90    232  5.1623e-06  1.1977e-03
   90    234  1.1858e-17  2.7747e-15
   91    231  9.1174e-11  2.1061e-08
   91    234  3.5509e-19  8.3092e-17
   92    234  1.1419e-10  2.6721e-08
   92    235  1.9650e-06  4.6179e-04
   92    236  7.4551e-09  1.7594e-06
   92    238  2.0774e-06  4.9442e-04
   92    240  3.7410e-19  8.9785e-17
   93    240  2.6412e-20  6.3389e-18
   94    239  3.6129e-18  8.6348e-16
   94    240  1.4756e-12  3.5413e-10
   94    244  1.7961e-08  4.3825e-06
   95    243  1.1045e-18  2.6838e-16
   96    244  4.8747e-18  1.1894e-15
   96    247  2.3311e-15  5.7577e-13
   97    246  3.0108e-10  7.4066e-08
  100    258  1.6136e-07  4.1631e-05
  100    260  1.3314e-07  3.4616e-05
  100    262  1.1272e-07  2.9533e-05
  102    261  9.6363e-08  2.5151e-05
  102    263  9.2997e-08  2.4458e-05
  102    264  8.7435e-08  2.3083e-05
  102    266  5.0704e-08  1.3487e-05
  103    265  4.7630e-08  1.2622e-05
  104    267  2.8908e-08  7.7184e-06
  104    268  2.2804e-08  6.1116e-06
  104    270  2.7122e-08  7.3228e-06
  104    272  1.9701e-08  5.3587e-06
  104    274  9.7906e-09  2.6826e-06
  105    269  3.6332e-08  9.7732e-06
  105    271  1.9532e-08  5.2932e-06
  106    273  1.4888e-08  4.0644e-06
  106    275  4.4967e-09  1.2366e-06
  106    276  3.4426e-09  9.5015e-07
  106    278  4.6383e-10  1.2894e-07
  106    280  4.1880e-11  1.1726e-08
  107    277  6.2543e-10  1.7325e-07
  108    279  1.0085e-10  2.8137e-08
  108    281  2.0836e-11  5.8550e-09
  108    282  2.7894e-11  7.8662e-09
  108    283  1.7403e-11  4.9250e-09
  108    284  2.6816e-11  7.6158e-09
  108    286  3.0848e-11  8.8225e-09
  110    285  2.8848e-11  8.2216e-09
  110    287  2.1879e-11  6.2793e-09
  110    288  1.7887e-11  5.1515e-09
  110    290  6.3447e-12  1.8400e-09
  111    289  7.2151e-12  2.0852e-09
  111    291  2.7250e-12  7.9299e-10
  111    292  2.5509e-11  7.4487e-09
  111    293  1.3399e-11  3.9259e-09
  111    294  2.1436e-11  6.3023e-09
  111    295  9.1393e-12  2.6961e-09
  111    296  5.9111e-12  1.7497e-09
  111    297  2.6398e-12  7.8403e-10
  111    298  3.0970e-12  9.2289e-10
  111    299  4.1335e-13  1.2359e-10
  111    300  2.4121e-13  7.2364e-11
  111    301  1.5720e-12  4.7316e-10
  111    302  6.3703e-12  1.9238e-09
  111    303  6.8394e-13  2.0723e-10
  111    304  1.6761e-12  5.0954e-10
  111    305  7.3501e-13  2.2418e-10
  111    306  5.4972e-13  1.6822e-10
  111    307  2.1171e-13  6.4995e-11
  111    308  2.4133e-13  7.4329e-11
  111    309  5.3542e-14  1.6544e-11
  111    310  1.4316e-13  4.4379e-11
  111    311  3.1468e-14  9.7867e-12
  111    312  3.3749e-14  1.0530e-11
  111    313  7.9749e-15  2.4961e-12
  111    314  2.1592e-14  6.7799e-12
  111    315  4.9802e-15  1.5688e-12
  111    316  8.0900e-15  2.5565e-12
  111    317  1.0562e-15  3.3481e-13
  111    318  3.6215e-15  1.1517e-12
  111    319  9.9761e-16  3.1824e-13
  111    320  1.9129e-15  6.1211e-13
  111    321  9.1500e-16  2.9372e-13
  111    322  1.0573e-15  3.4043e-13
  111    323  8.2110e-16  2.6521e-13
  111    324  9.2509e-16  2.9973e-13
  111    325  1.5459e-16  5.0241e-14
  111    326  6.2708e-16  2.0443e-13
  111    327  7.6793e-17  2.5111e-14
  111    328  8.3109e-18  2.7260e-15
  111    329  8.2239e-17  2.7057e-14
  111    330  2.0752e-17  6.8481e-15
  111    331  3.9325e-18  1.3016e-15
  111    332  8.7965e-18  2.9204e-15
  111    333  4.4934e-19  1.4963e-16
  111    334  5.6664e-18  1.8926e-15
  111    335  5.8800e-19  1.9698e-16
  111    336  1.2686e-18  4.2624e-16
  111    337  1.1015e-18  3.7120e-16
    1      1  1.1062e-09  1.1062e-09
    2      4  1.8339e-01  7.3356e-01


