1  2.4376e-09
2  2.1789e-01
3  3.6444e-18
4  7.5722e-18
5  7.2281e-18
6  5.1180e-08
7  5.7407e-12
8  3.3830e-09
9  5.3253e-13
10  7.6872e-10
11  8.8103e-11
12  2.9785e-09
13  1.5560e-09
14  4.0988e-08
15  1.9437e-09
16  1.7912e-07
17  1.4312e-07
18  1.4423e-07
19  1.4152e-08
20  1.1830e-06
21  5.1832e-07
22  1.9376e-06
23  3.7031e-07
24  2.9977e-06
25  5.4643e-07
26  1.8100e-06
27  1.0384e-08
28  4.4300e-07
29  8.9309e-07
30  2.2700e-06
31  1.1305e-06
32  1.7882e-05
33  1.4475e-06
34  4.0789e-05
35  1.1023e-05
36  2.1701e-05
37  7.9217e-06
38  4.4472e-06
39  1.5836e-06
40  3.6050e-05
41  4.6103e-06
42  9.8600e-05
43  4.1377e-30
44  2.7665e-04
45  2.9692e-05
46  3.0731e-04
47  1.4466e-04
48  1.2218e-04
49  5.3965e-06
50  2.1464e-05
51  1.0398e-05
52  4.5281e-05
53  1.0398e-05
54  1.5584e-06
55  1.9617e-11
56  5.4300e-13
57  3.4471e-15
58  2.2136e-14
59  3.7641e-16
60  1.8481e-15
61  7.5010e-26
62  5.2439e-16
63  7.3672e-17
64  2.2014e-17
65  8.6258e-19
66  5.3336e-19
67  2.8998e-20
68  4.1325e-20
69  3.9017e-21
70  3.4110e-22
71  1.0362e-23
72  2.7362e-24
73  0.0000e+00
74  0.0000e+00
75  0.0000e+00
76  0.0000e+00
77  0.0000e+00
78  0.0000e+00
79  0.0000e+00
80  0.0000e+00
81  0.0000e+00
82  0.0000e+00
83  0.0000e+00
84  0.0000e+00
85  0.0000e+00
86  0.0000e+00
87  0.0000e+00
88  0.0000e+00
89  0.0000e+00
90  0.0000e+00
91  0.0000e+00
92  0.0000e+00
93  0.0000e+00
94  0.0000e+00
95  0.0000e+00
96  0.0000e+00
97  0.0000e+00
98  0.0000e+00
99  0.0000e+00
100  0.0000e+00
101  0.0000e+00
102  0.0000e+00
103  0.0000e+00
104  0.0000e+00
105  0.0000e+00
106  0.0000e+00
107  0.0000e+00
108  0.0000e+00
109  0.0000e+00
110  0.0000e+00
111  0.0000e+00
112  0.0000e+00
113  0.0000e+00
114  0.0000e+00
115  0.0000e+00
116  0.0000e+00
117  0.0000e+00
118  0.0000e+00

