1  7.4581e-09
2  2.1234e-01
3  4.0108e-19
4  1.0787e-18
5  7.3610e-19
6  2.7063e-07
7  2.9509e-16
8  7.7543e-09
9  2.8869e-18
10  8.0748e-09
11  8.4206e-13
12  6.5118e-09
13  5.0667e-10
14  1.3040e-08
15  6.4722e-09
16  8.4529e-08
17  1.9908e-08
18  2.9311e-08
19  5.6956e-09
20  3.7584e-07
21  4.7141e-09
22  1.0823e-06
23  1.5451e-07
24  3.8430e-06
25  2.6092e-08
26  1.7045e-06
27  1.4815e-06
28  2.3040e-06
29  1.3834e-06
30  1.5915e-06
31  7.3903e-07
32  1.2754e-05
33  8.0314e-07
34  3.8976e-05
35  8.1970e-06
36  2.6528e-05
37  1.0845e-05
38  4.8140e-05
39  1.8715e-05
40  1.6468e-04
41  1.4864e-05
42  2.9061e-04
43  6.4871e-30
44  5.4101e-04
45  6.6031e-05
46  2.1632e-04
47  3.1602e-05
48  1.8121e-05
49  1.7862e-06
50  3.6230e-06
51  1.9091e-07
52  1.0376e-07
53  3.6140e-08
54  1.3326e-08
55  4.4124e-16
56  7.0564e-19
57  6.9625e-20
58  1.8321e-20
59  6.2343e-21
60  1.5585e-21
61  3.3398e-41
62  1.7081e-23
63  3.6620e-24
64  1.2498e-24
65  0.0000e+00
66  0.0000e+00
67  0.0000e+00
68  0.0000e+00
69  0.0000e+00
70  0.0000e+00
71  0.0000e+00
72  0.0000e+00
73  0.0000e+00
74  0.0000e+00
75  0.0000e+00
76  0.0000e+00
77  0.0000e+00
78  0.0000e+00
79  0.0000e+00
80  0.0000e+00
81  0.0000e+00
82  0.0000e+00
83  0.0000e+00
84  0.0000e+00
85  0.0000e+00
86  0.0000e+00
87  0.0000e+00
88  0.0000e+00
89  0.0000e+00
90  0.0000e+00
91  0.0000e+00
92  0.0000e+00
93  0.0000e+00
94  0.0000e+00
95  0.0000e+00
96  0.0000e+00
97  0.0000e+00
98  0.0000e+00
99  0.0000e+00
100  0.0000e+00
101  0.0000e+00
102  0.0000e+00
103  0.0000e+00
104  0.0000e+00
105  0.0000e+00
106  0.0000e+00
107  0.0000e+00
108  0.0000e+00
109  0.0000e+00
110  0.0000e+00
111  0.0000e+00
112  0.0000e+00
113  0.0000e+00
114  0.0000e+00
115  0.0000e+00
116  0.0000e+00
117  0.0000e+00
118  0.0000e+00

