    1      2  1.1987e-08  2.3974e-08
    2      3  9.5233e-10  2.8570e-09
    3      6  2.1828e-11  1.3097e-10
    3      7  1.7552e-09  1.2287e-08
    4      8  1.9154e-09  1.5324e-08
    4      9  8.7185e-10  7.8466e-09
    5     10  3.9201e-08  3.9201e-07
    5     11  2.4379e-09  2.6817e-08
    6     12  3.4815e-09  4.1778e-08
    6     13  4.0339e-08  5.2441e-07
    7     14  2.7498e-08  3.8497e-07
    7     15  3.2991e-06  4.9486e-05
    8     16  1.2602e-07  2.0164e-06
    8     17  5.1808e-09  8.8073e-08
    8     18  3.0004e-08  5.4007e-07
    9     19  2.5886e-07  4.9183e-06
   10     20  4.0105e-07  8.0210e-06
   10     21  3.8915e-07  8.1721e-06
   10     22  1.9453e-09  4.2798e-08
   11     23  2.3620e-07  5.4326e-06
   12     24  3.1060e-07  7.4545e-06
   12     25  4.5012e-07  1.1253e-05
   12     26  6.1044e-08  1.5871e-06
   13     26  1.7612e-19  4.5792e-18
   13     27  4.8271e-08  1.3033e-06
   14     28  5.6847e-08  1.5917e-06
   14     29  4.0536e-08  1.1755e-06
   14     30  3.9378e-08  1.1813e-06
   15     31  2.8802e-08  8.9287e-07
   16     32  4.8108e-08  1.5395e-06
   16     33  6.9163e-08  2.2824e-06
   16     34  6.5184e-08  2.2163e-06
   16     36  2.4262e-08  8.7345e-07
   17     35  3.7892e-09  1.3262e-07
   17     37  1.4977e-08  5.5415e-07
   18     36  4.6227e-20  1.6642e-18
   18     38  2.4962e-08  9.4857e-07
   18     40  8.6359e-09  3.4544e-07
   19     39  1.1186e-08  4.3624e-07
   19     41  4.3788e-08  1.7953e-06
   20     42  9.3297e-08  3.9185e-06
   20     43  1.5757e-08  6.7754e-07
   20     44  4.6494e-08  2.0457e-06
   20     46  1.7232e-08  7.9265e-07
   21     45  3.4063e-08  1.5328e-06
   22     46  1.7968e-19  8.2651e-18
   22     47  3.9269e-08  1.8456e-06
   22     48  4.4124e-08  2.1180e-06
   22     49  5.5941e-09  2.7411e-07
   22     50  2.5242e-08  1.2621e-06
   23     51  5.7869e-08  2.9513e-06
   24     52  9.4973e-08  4.9386e-06
   24     53  2.8072e-08  1.4878e-06
   24     54  2.0286e-08  1.0954e-06
   25     55  2.6704e-08  1.4687e-06
   26     56  2.5439e-08  1.4246e-06
   26     57  5.0906e-08  2.9016e-06
   26     58  5.7086e-10  3.3110e-08
   27     59  2.0837e-09  1.2294e-07
   28     60  3.1983e-09  1.9190e-07
   28     61  5.8732e-09  3.5826e-07
   28     62  1.5790e-08  9.7895e-07
   28     64  2.7873e-08  1.7839e-06
   29     63  2.8066e-07  1.7682e-05
   29     65  7.7977e-08  5.0685e-06
   30     64  2.5573e-20  1.6366e-18
   30     66  2.0291e-07  1.3392e-05
   30     67  1.5282e-07  1.0239e-05
   30     68  5.4595e-08  3.7125e-06
   30     70  1.0439e-07  7.3075e-06
   31     69  2.0494e-08  1.4141e-06
   31     71  4.3513e-08  3.0895e-06
   32     70  3.2043e-15  2.2430e-13
   32     72  1.4966e-07  1.0776e-05
   32     73  8.8895e-08  6.4894e-06
   32     74  1.8317e-07  1.3555e-05
   32     76  1.8373e-07  1.3964e-05
   33     75  1.5781e-07  1.1836e-05
   34     76  6.0424e-14  4.5922e-12
   34     77  5.6637e-07  4.3610e-05
   34     78  7.8702e-07  6.1387e-05
   34     80  3.4479e-06  2.7583e-04
   34     82  1.0949e-06  8.9779e-05
   35     79  1.0213e-06  8.0682e-05
   35     81  1.0202e-06  8.2639e-05
   36     82  2.0521e-12  1.6827e-10
   36     83  4.9107e-07  4.0759e-05
   36     84  4.1114e-07  3.4536e-05
   36     86  6.4346e-07  5.5338e-05
   37     85  2.8996e-07  2.4647e-05
   37     87  2.2255e-07  1.9362e-05
   38     86  9.9596e-19  8.5653e-17
   38     87  1.6296e-09  1.4177e-07
   38     88  2.7488e-07  2.4189e-05
   39     89  1.5308e-07  1.3624e-05
   40     90  1.9264e-07  1.7338e-05
   40     91  1.5953e-07  1.4517e-05
   40     92  4.2979e-07  3.9541e-05
   40     94  5.6374e-07  5.2992e-05
   41     93  1.0289e-06  9.5688e-05
   42     95  3.2283e-07  3.0669e-05
   42     96  1.2240e-07  1.1751e-05
   42     97  1.4706e-07  1.4265e-05
   42     98  9.8459e-08  9.6490e-06
   42    100  8.2329e-08  8.2329e-06
   44     99  5.9173e-08  5.8581e-06
   44    100  2.6299e-15  2.6299e-13
   44    101  6.0078e-08  6.0679e-06
   44    102  1.1535e-07  1.1766e-05
   44    104  1.2694e-07  1.3202e-05
   45    103  1.4215e-07  1.4641e-05
   46    104  2.1219e-16  2.2068e-14
   46    105  1.9720e-07  2.0706e-05
   46    106  1.4722e-07  1.5605e-05
   46    108  1.5165e-07  1.6378e-05
   46    110  3.7606e-07  4.1366e-05
   47    107  2.2001e-07  2.3541e-05
   47    109  2.2396e-07  2.4412e-05
   48    110  4.0201e-14  4.4221e-12
   48    111  5.1637e-08  5.7317e-06
   48    112  2.4569e-07  2.7517e-05
   48    113  1.7198e-07  1.9434e-05
   48    114  1.3943e-07  1.5895e-05
   48    116  9.5362e-09  1.1062e-06
   49    113  7.5691e-15  8.5531e-13
   49    115  9.5917e-08  1.1030e-05
   50    115  7.6528e-14  8.8007e-12
   50    116  4.1336e-16  4.7950e-14
   50    117  3.3643e-08  3.9362e-06
   50    118  2.8208e-08  3.3285e-06
   50    119  2.7299e-08  3.2485e-06
   50    120  1.0168e-07  1.2202e-05
   50    122  1.5943e-07  1.9451e-05
   50    124  8.8182e-07  1.0935e-04
   51    121  1.4531e-07  1.7583e-05
   51    123  2.4774e-07  3.0472e-05
   52    122  1.1175e-14  1.3634e-12
   52    124  1.5931e-16  1.9754e-14
   52    125  8.4782e-07  1.0598e-04
   52    126  2.3775e-06  2.9957e-04
   52    128  4.6500e-06  5.9521e-04
   52    130  7.4795e-07  9.7233e-05
   53    127  2.7616e-06  3.5072e-04
   53    129  1.3275e-14  1.7124e-12
   54    128  4.6303e-18  5.9268e-16
   54    129  3.3961e-06  4.3810e-04
   54    130  1.5091e-14  1.9618e-12
   54    131  7.0577e-07  9.2456e-05
   54    132  5.3177e-07  7.0193e-05
   54    134  4.7582e-07  6.3760e-05
   54    136  9.0735e-07  1.2340e-04
   55    133  2.2164e-07  2.9479e-05
   56    134  5.1373e-19  6.8840e-17
   56    135  4.5217e-07  6.1043e-05
   56    136  1.5316e-16  2.0830e-14
   56    137  4.7434e-07  6.4985e-05
   56    138  4.1056e-07  5.6658e-05
   57    139  6.6200e-08  9.2018e-06
   58    140  2.0070e-07  2.8098e-05
   58    142  4.4469e-08  6.3146e-06
   59    141  3.3434e-08  4.7141e-06
   60    142  2.0882e-20  2.9652e-18
   60    143  4.1112e-08  5.8790e-06
   60    144  1.2537e-07  1.8054e-05
   60    145  6.3967e-08  9.2752e-06
   60    146  1.5759e-07  2.3008e-05
   60    148  2.0014e-07  2.9621e-05
   60    150  8.3588e-08  1.2538e-05
   62    147  1.8819e-07  2.7663e-05
   62    148  1.9267e-16  2.8515e-14
   62    149  7.4822e-08  1.1148e-05
   62    150  2.3151e-13  3.4726e-11
   62    152  2.1459e-07  3.2617e-05
   62    154  2.1950e-07  3.3802e-05
   63    151  1.1718e-07  1.7694e-05
   63    153  1.3499e-07  2.0653e-05
   64    154  8.5204e-15  1.3121e-12
   64    155  2.4681e-07  3.8255e-05
   64    156  2.1037e-07  3.2817e-05
   64    157  1.5616e-07  2.4518e-05
   64    158  2.4257e-07  3.8327e-05
   64    160  2.3995e-07  3.8391e-05
   65    159  2.3649e-07  3.7601e-05
   66    160  7.2132e-15  1.1541e-12
   66    161  1.4088e-07  2.2682e-05
   66    162  1.7476e-07  2.8311e-05
   66    163  1.2827e-07  2.0908e-05
   66    164  4.8603e-07  7.9709e-05
   67    165  2.4953e-07  4.1173e-05
   68    166  4.4507e-07  7.3881e-05
   68    167  3.3429e-07  5.5826e-05
   68    168  4.5862e-07  7.7049e-05
   68    170  3.5076e-07  5.9629e-05
   69    169  6.2303e-07  1.0529e-04
   70    170  3.4422e-15  5.8517e-13
   70    171  2.1998e-07  3.7617e-05
   70    172  1.7759e-07  3.0545e-05
   70    173  2.4860e-07  4.3007e-05
   70    174  5.7861e-07  1.0068e-04
   70    176  6.1509e-07  1.0826e-04
   71    175  3.1468e-07  5.5068e-05
   71    176  9.8490e-16  1.7334e-13
   72    176  9.2211e-18  1.6229e-15
   72    177  3.5795e-07  6.3356e-05
   72    178  2.6514e-07  4.7196e-05
   72    179  1.6288e-07  2.9156e-05
   72    180  1.8472e-07  3.3249e-05
   73    181  1.8312e-07  3.3144e-05
   74    182  1.9248e-07  3.5032e-05
   74    183  5.6185e-08  1.0282e-05
   74    184  2.1369e-07  3.9319e-05
   74    186  5.9922e-07  1.1146e-04
   75    185  9.8544e-08  1.8231e-05
   75    187  4.5258e-07  8.4633e-05
   76    186  4.2689e-18  7.9401e-16
   76    187  3.6782e-09  6.8782e-07
   76    188  1.3198e-06  2.4813e-04
   76    189  8.9030e-07  1.6827e-04
   76    190  5.3517e-06  1.0168e-03
   76    192  7.0641e-06  1.3563e-03
   77    191  6.0838e-06  1.1620e-03
   77    193  6.7035e-06  1.2938e-03
   78    192  1.9303e-14  3.7063e-12
   78    194  1.4458e-05  2.8049e-03
   78    195  1.4026e-05  2.7351e-03
   78    196  1.9521e-05  3.8261e-03
   78    198  1.9760e-05  3.9125e-03
   79    197  1.7727e-05  3.4923e-03
   80    198  2.9386e-13  5.8183e-11
   80    199  7.6171e-06  1.5158e-03
   80    200  3.1076e-06  6.2153e-04
   80    201  3.0887e-07  6.2082e-05
   80    202  1.0374e-07  2.0955e-05
   80    204  2.4494e-07  4.9968e-05
   81    203  1.9598e-07  3.9784e-05
   81    205  3.9109e-08  8.0173e-06
   81    207  5.5458e-20  1.1480e-17
   82    204  2.6759e-17  5.4589e-15
   82    206  5.7198e-06  1.1783e-03
   82    207  5.9790e-06  1.2377e-03
   82    208  4.1685e-06  8.6706e-04
   82    210  2.0631e-14  4.3324e-12
   82    211  4.2197e-19  8.9036e-17
   82    212  6.6239e-19  1.4043e-16
   82    214  4.7375e-20  1.0138e-17
   83    209  8.5485e-06  1.7866e-03
   83    210  1.2744e-17  2.6762e-15
   83    211  2.4968e-20  5.2682e-18
   83    212  6.2800e-20  1.3314e-17
   83    214  3.5023e-20  7.4950e-18
   84    210  3.5186e-16  7.3891e-14
   86    222  9.7127e-18  2.1562e-15
   88    223  1.9211e-16  4.2841e-14
   88    224  5.4309e-18  1.2165e-15
   88    226  1.4862e-12  3.3588e-10
   88    228  3.1303e-15  7.1372e-13
   89    227  1.3360e-13  3.0326e-11
   89    228  3.8224e-19  8.7151e-17
   90    227  3.0877e-16  7.0090e-14
   90    228  1.0429e-15  2.3779e-13
   90    230  7.0044e-11  1.6110e-08
   90    231  1.7870e-17  4.1280e-15
   90    232  7.6444e-06  1.7735e-03
   90    234  6.1213e-17  1.4324e-14
   91    231  2.0029e-10  4.6267e-08
   91    234  7.0926e-19  1.6597e-16
   92    234  2.2808e-10  5.3371e-08
   92    235  4.3168e-06  1.0144e-03
   92    236  2.7232e-08  6.4268e-06
   92    238  4.1493e-06  9.8753e-04
   92    240  1.3214e-18  3.1714e-16
   93    240  9.6500e-20  2.3160e-17
   94    239  2.4514e-17  5.8588e-15
   94    240  5.3911e-12  1.2939e-09
   94    244  6.5623e-08  1.6012e-05
   95    243  7.4939e-18  1.8210e-15
   96    244  1.7811e-17  4.3458e-15
   96    247  1.5817e-14  3.9067e-12
   97    246  9.1485e-10  2.2505e-07
  100    258  1.5647e-06  4.0370e-04
  100    260  1.7264e-06  4.4887e-04
  100    262  1.9904e-06  5.2150e-04
  102    260  5.4241e-18  1.4103e-15
  102    261  1.5053e-06  3.9288e-04
  102    263  1.6751e-06  4.4054e-04
  102    264  3.5721e-06  9.4303e-04
  102    266  4.8461e-06  1.2891e-03
  103    265  3.0339e-06  8.0399e-04
  104    267  4.2128e-06  1.1248e-03
  104    268  2.8990e-06  7.7694e-04
  104    270  8.1567e-06  2.2023e-03
  104    272  3.7816e-06  1.0286e-03
  104    274  6.0494e-06  1.6575e-03
  105    269  8.1118e-06  2.1821e-03
  105    271  4.7511e-06  1.2876e-03
  106    273  4.2037e-06  1.1476e-03
  106    275  1.8194e-06  5.0032e-04
  106    276  2.2526e-06  6.2171e-04
  106    278  4.0278e-07  1.1197e-04
  106    280  1.0157e-08  2.8439e-06
  107    277  3.3348e-07  9.2374e-05
  108    279  8.2303e-08  2.2962e-05
  108    281  1.8097e-09  5.0852e-07
  108    282  9.6380e-10  2.7179e-07
  108    283  1.7285e-11  4.8917e-09
  108    284  6.5319e-12  1.8551e-09
  108    286  1.5084e-12  4.3141e-10
  110    285  6.0103e-14  1.7129e-11
  110    287  3.1844e-12  9.1392e-10
  110    288  8.6921e-13  2.5033e-10
  110    290  4.8606e-12  1.4096e-09
  111    289  8.5265e-13  2.4642e-10
  111    291  7.0002e-20  2.0371e-17
  111    292  3.1151e-11  9.0960e-09
  111    293  1.3589e-11  3.9815e-09
  111    294  3.5273e-11  1.0370e-08
  111    295  9.7777e-12  2.8844e-09
  111    296  2.7914e-12  8.2625e-10
  111    297  1.9730e-12  5.8597e-10
  111    298  5.0225e-14  1.4967e-11
  111    299  5.0255e-16  1.5026e-13
  111    300  5.8990e-15  1.7697e-12
  111    301  1.6222e-10  4.8829e-08
  111    302  8.3091e-11  2.5093e-08
  111    303  7.5752e-11  2.2953e-08
  111    304  1.4778e-10  4.4926e-08
  111    305  1.8218e-10  5.5564e-08
  111    306  5.1910e-10  1.5885e-07
  111    307  2.5745e-10  7.9038e-08
  111    308  3.0636e-10  9.4359e-08
  111    309  3.7736e-10  1.1660e-07
  111    310  3.2745e-10  1.0151e-07
  111    311  3.8120e-10  1.1855e-07
  111    312  4.6813e-10  1.4606e-07
  111    313  3.7813e-10  1.1835e-07
  111    314  3.8051e-10  1.1948e-07
  111    315  4.0449e-10  1.2741e-07
  111    316  6.8095e-10  2.1518e-07
  111    317  4.6327e-10  1.4686e-07
  111    318  5.2424e-10  1.6671e-07
  111    319  6.2153e-10  1.9827e-07
  111    320  9.9541e-10  3.1853e-07
  111    321  3.6074e-10  1.1580e-07
  111    322  6.6137e-10  2.1296e-07
  111    323  6.5741e-10  2.1234e-07
  111    324  6.3480e-10  2.0568e-07
  111    325  4.5641e-10  1.4833e-07
  111    326  6.9478e-10  2.2650e-07
  111    327  5.0281e-10  1.6442e-07
  111    328  1.0216e-09  3.3508e-07
  111    329  1.2970e-09  4.2672e-07
  111    330  1.6833e-10  5.5549e-08
  111    331  1.1340e-09  3.7537e-07
  111    332  7.6675e-10  2.5456e-07
  111    333  1.4663e-10  4.8828e-08
  111    334  3.2497e-11  1.0854e-08
  111    335  4.5125e-11  1.5117e-08
  111    336  1.2797e-11  4.2999e-09
  111    337  2.9964e-10  1.0098e-07
    1      1  2.2943e-08  2.2943e-08
    2      4  2.3563e-01  9.4251e-01


