    1      2  1.7236e-13  3.4471e-13
    2      3  1.5959e-17  4.7876e-17
    3      6  5.7624e-16  3.4574e-15
    3      7  5.6825e-17  3.9777e-16
    4      8  8.3560e-15  6.6848e-14
    4      9  1.6727e-18  1.5055e-17
    5     10  1.1987e-15  1.1987e-14
    5     11  1.6262e-17  1.7889e-16
    6     12  1.7001e-08  2.0401e-07
    6     13  1.5666e-13  2.0365e-12
    7     14  4.2170e-10  5.9038e-09
    7     15  2.9639e-10  4.4458e-09
    8     16  8.0209e-10  1.2833e-08
    8     17  1.8571e-12  3.1571e-11
    8     18  5.0957e-10  9.1723e-09
    9     19  4.1085e-10  7.8062e-09
   10     20  1.1963e-10  2.3927e-09
   10     21  3.7921e-09  7.9634e-08
   10     22  2.2780e-09  5.0116e-08
   11     23  7.4485e-09  1.7132e-07
   12     24  2.7063e-09  6.4952e-08
   12     25  8.1880e-09  2.0470e-07
   12     26  5.1218e-08  1.3317e-06
   13     26  7.2851e-14  1.8941e-12
   13     27  3.6550e-09  9.8686e-08
   14     28  6.3732e-09  1.7845e-07
   14     29  2.4937e-08  7.2317e-07
   14     30  3.0843e-08  9.2528e-07
   15     31  6.6389e-09  2.0581e-07
   16     32  4.3050e-08  1.3776e-06
   16     33  1.5608e-07  5.1505e-06
   16     34  1.7388e-07  5.9120e-06
   16     36  7.3485e-08  2.6454e-06
   17     35  1.2448e-08  4.3570e-07
   17     37  5.0909e-07  1.8836e-05
   18     36  5.4516e-18  1.9626e-16
   18     38  5.0218e-07  1.9083e-05
   18     40  2.0295e-07  8.1182e-06
   19     39  2.1486e-07  8.3795e-06
   19     41  4.7369e-08  1.9421e-06
   20     42  4.2900e-07  1.8018e-05
   20     43  2.2691e-09  9.7571e-08
   20     44  2.9895e-07  1.3154e-05
   20     46  1.0680e-06  4.9128e-05
   21     45  1.1206e-06  5.0429e-05
   22     46  1.3435e-17  6.1802e-16
   22     47  2.0357e-08  9.5676e-07
   22     48  8.8932e-07  4.2688e-05
   22     49  5.9256e-07  2.9035e-05
   22     50  1.3416e-06  6.7078e-05
   23     51  2.9624e-07  1.5108e-05
   24     52  5.4357e-07  2.8265e-05
   24     53  1.7023e-07  9.0223e-06
   24     54  4.6790e-07  2.5267e-05
   25     55  1.9799e-07  1.0890e-05
   26     56  7.6440e-07  4.2807e-05
   26     57  3.1210e-07  1.7790e-05
   26     58  3.2226e-09  1.8691e-07
   27     59  4.5015e-09  2.6559e-07
   28     60  2.5262e-09  1.5157e-07
   28     61  6.3216e-09  3.8562e-07
   28     62  2.7876e-07  1.7283e-05
   28     64  7.0431e-08  4.5076e-06
   29     63  2.0816e-06  1.3114e-04
   29     65  1.0311e-07  6.7019e-06
   30     64  7.4163e-19  4.7465e-17
   30     66  3.7687e-07  2.4874e-05
   30     67  1.4331e-07  9.6017e-06
   30     68  4.9580e-07  3.3714e-05
   30     70  1.4284e-06  9.9991e-05
   31     69  8.0313e-07  5.5416e-05
   31     71  2.5699e-07  1.8247e-05
   32     70  3.5816e-13  2.5071e-11
   32     72  6.6192e-07  4.7658e-05
   32     73  4.4712e-06  3.2640e-04
   32     74  8.3587e-06  6.1854e-04
   32     76  3.5925e-06  2.7303e-04
   33     75  1.8098e-06  1.3574e-04
   34     76  2.0333e-12  1.5453e-10
   34     77  1.3030e-05  1.0033e-03
   34     78  6.9501e-06  5.4210e-04
   34     80  1.0496e-05  8.3970e-04
   34     82  9.1508e-06  7.5037e-04
   35     79  2.6312e-06  2.0787e-04
   35     81  6.7994e-06  5.5075e-04
   36     82  5.2808e-11  4.3302e-09
   36     83  1.5263e-06  1.2668e-04
   36     84  7.0285e-06  5.9039e-04
   36     86  1.2146e-06  1.0446e-04
   37     85  7.3913e-07  6.2826e-05
   37     87  4.7774e-06  4.1563e-04
   38     86  6.0423e-18  5.1964e-16
   38     87  3.4981e-08  3.0433e-06
   38     88  8.3436e-06  7.3424e-04
   39     89  9.4080e-07  8.3731e-05
   40     90  5.0474e-07  4.5427e-05
   40     91  1.5734e-06  1.4318e-04
   40     92  4.0282e-06  3.7059e-04
   40     94  4.9712e-06  4.6729e-04
   41     93  1.6618e-06  1.5455e-04
   42     95  4.1020e-06  3.8969e-04
   42     96  4.7954e-06  4.6035e-04
   42     97  2.9570e-06  2.8683e-04
   42     98  4.2721e-06  4.1866e-04
   42    100  9.9299e-06  9.9299e-04
   44     99  1.3721e-06  1.3583e-04
   44    100  2.6817e-13  2.6817e-11
   44    101  1.3746e-05  1.3884e-03
   44    102  9.3849e-06  9.5726e-04
   44    104  5.9744e-06  6.2134e-04
   45    103  4.0069e-06  4.1271e-04
   46    104  1.5141e-14  1.5747e-12
   46    105  4.2557e-06  4.4685e-04
   46    106  5.7840e-06  6.1310e-04
   46    108  1.4742e-05  1.5921e-03
   46    110  1.4808e-05  1.6288e-03
   47    107  1.5090e-05  1.6146e-03
   47    109  1.2838e-05  1.3993e-03
   48    110  6.1822e-12  6.8004e-10
   48    111  3.2079e-06  3.5608e-04
   48    112  1.1872e-05  1.3297e-03
   48    113  4.6857e-06  5.2948e-04
   48    114  2.8988e-06  3.3046e-04
   48    116  2.1721e-06  2.5196e-04
   49    113  2.0622e-13  2.3303e-11
   49    115  1.9951e-06  2.2944e-04
   50    115  1.5918e-12  1.8306e-10
   50    116  1.8948e-14  2.1980e-12
   50    117  7.3380e-06  8.5854e-04
   50    118  1.1278e-05  1.3308e-03
   50    119  1.0819e-05  1.2875e-03
   50    120  3.0044e-05  3.6053e-03
   50    122  4.6960e-05  5.7292e-03
   50    124  5.8880e-05  7.3012e-03
   51    121  3.2135e-05  3.8884e-03
   51    123  4.1199e-05  5.0675e-03
   52    122  9.1611e-12  1.1177e-09
   52    124  1.2556e-13  1.5569e-11
   52    125  7.2371e-05  9.0463e-03
   52    126  1.4588e-04  1.8380e-02
   52    128  6.8522e-05  8.7708e-03
   52    130  6.1276e-07  7.9658e-05
   53    127  7.4295e-05  9.4355e-03
   53    129  7.4377e-14  9.5947e-12
   54    128  1.8828e-16  2.4100e-14
   54    129  1.7701e-05  2.2834e-03
   54    130  1.3938e-13  1.8119e-11
   54    131  4.5039e-09  5.9001e-07
   54    132  4.7666e-09  6.2919e-07
   54    134  1.3158e-09  1.7632e-07
   54    136  1.0004e-09  1.3606e-07
   55    133  1.2186e-09  1.6208e-07
   56    135  3.8004e-10  5.1306e-08
   56    136  2.8114e-19  3.8235e-17
   56    137  4.8365e-10  6.6260e-08
   56    138  2.9176e-11  4.0262e-09
   57    139  1.6549e-12  2.3003e-10
   58    140  1.4063e-12  1.9688e-10
   58    142  4.5966e-13  6.5272e-11
   59    141  5.2661e-13  7.4251e-11
   60    143  1.7833e-13  2.5502e-11
   60    144  1.5952e-12  2.2970e-10
   60    145  8.2513e-13  1.1964e-10
   60    146  4.2129e-13  6.1508e-11
   60    148  1.7884e-13  2.6469e-11
   60    150  1.2604e-13  1.8907e-11
   62    147  1.8411e-13  2.7064e-11
   62    149  1.2132e-13  1.8076e-11
   62    150  1.1400e-18  1.7100e-16
   62    152  2.8980e-13  4.4050e-11
   62    154  1.5890e-13  2.4470e-11
   63    151  1.0419e-13  1.5732e-11
   63    153  1.6394e-13  2.5082e-11
   64    154  2.2591e-20  3.4791e-18
   64    155  1.2466e-13  1.9322e-11
   64    156  3.1939e-14  4.9825e-12
   64    157  3.2916e-14  5.1679e-12
   64    158  2.5690e-14  4.0590e-12
   64    160  1.4936e-14  2.3897e-12
   65    159  7.3039e-15  1.1613e-12
   66    161  1.0899e-14  1.7548e-12
   66    162  3.5056e-15  5.6790e-13
   66    163  2.5772e-15  4.2009e-13
   66    164  2.8617e-15  4.6932e-13
   67    165  2.6594e-15  4.3880e-13
   68    166  1.2812e-15  2.1268e-13
   68    167  1.4788e-15  2.4696e-13
   68    168  5.2549e-16  8.8282e-14
   68    170  9.2540e-17  1.5732e-14
   69    169  6.7148e-16  1.1348e-13
   70    171  6.6462e-17  1.1365e-14
   70    172  1.3210e-17  2.2721e-15
   70    173  1.3802e-17  2.3877e-15
   70    174  2.6023e-17  4.5279e-15
   70    176  6.4079e-18  1.1278e-15
   71    175  4.9514e-18  8.6650e-16
   72    177  3.1002e-18  5.4874e-16
   72    178  3.8767e-19  6.9005e-17
   72    179  1.1613e-19  2.0788e-17
   72    180  9.5331e-20  1.7160e-17
   73    181  4.7028e-20  8.5121e-18
   74    182  4.4451e-20  8.0901e-18
   74    183  1.6116e-20  2.9491e-18
   74    184  3.1645e-20  5.8227e-18
   74    186  3.8636e-20  7.1863e-18
   75    185  1.4999e-20  2.7747e-18
   75    187  1.7152e-20  3.2074e-18
   76    188  3.7599e-20  7.0686e-18
   76    189  1.1253e-20  2.1269e-18
   76    190  1.6377e-20  3.1117e-18
   77    191  1.2638e-20  2.4139e-18
    1      1  2.4346e-08  2.4346e-08
    2      4  2.2426e-01  8.9705e-01


