    1      2  1.6671e-14  3.3342e-14
    2      3  5.5520e-20  1.6656e-19
    3      6  1.7711e-18  1.0627e-17
    3      7  2.4846e-19  1.7392e-18
    4      9  1.1082e-18  9.9734e-18
    5     10  3.0586e-18  3.0586e-17
    5     11  1.7222e-19  1.8945e-18
    6     12  5.0915e-07  6.1098e-06
    6     13  2.7619e-12  3.5905e-11
    7     14  3.4362e-16  4.8106e-15
    7     15  2.1927e-19  3.2891e-18
    8     16  5.3427e-09  8.5484e-08
    8     17  8.7832e-16  1.4931e-14
    8     18  6.0323e-18  1.0858e-16
    9     19  1.5282e-20  2.9036e-19
   10     20  6.6789e-09  1.3358e-07
   10     21  1.5501e-14  3.2552e-13
   10     22  8.7821e-18  1.9321e-16
   11     23  7.2997e-13  1.6789e-11
   12     24  7.6071e-09  1.8257e-07
   12     25  4.4649e-10  1.1162e-08
   12     26  1.0888e-10  2.8308e-09
   13     26  1.8698e-13  4.8615e-12
   13     27  8.1654e-10  2.2047e-08
   14     28  1.2864e-08  3.6018e-07
   14     29  3.9185e-09  1.1364e-07
   14     30  1.5896e-08  4.7688e-07
   15     31  8.2796e-09  2.5667e-07
   16     32  1.2374e-08  3.9598e-07
   16     33  2.8434e-09  9.3831e-08
   16     34  1.1605e-08  3.9457e-07
   16     36  3.4075e-08  1.2267e-06
   17     35  1.5164e-08  5.3075e-07
   17     37  2.1000e-08  7.7699e-07
   18     36  6.9379e-12  2.4976e-10
   18     38  5.3495e-08  2.0328e-06
   18     40  1.6003e-09  6.4013e-08
   19     39  9.3742e-09  3.6559e-07
   19     40  7.5040e-15  3.0016e-13
   19     41  1.1591e-09  4.7523e-08
   20     40  2.2855e-15  9.1420e-14
   20     42  1.2582e-07  5.2843e-06
   20     43  1.1138e-09  4.7895e-08
   20     44  5.1786e-09  2.2786e-07
   20     46  1.0617e-07  4.8839e-06
   21     45  1.6307e-08  7.3380e-07
   22     46  4.6270e-17  2.1284e-15
   22     47  1.8756e-07  8.8151e-06
   22     48  3.8498e-07  1.8479e-05
   22     49  9.4757e-09  4.6431e-07
   22     50  2.0438e-07  1.0219e-05
   23     51  6.4850e-07  3.3073e-05
   24     52  1.2780e-06  6.6457e-05
   24     53  3.2109e-07  1.7018e-05
   24     54  1.0687e-07  5.7712e-06
   25     55  6.0800e-09  3.3440e-07
   26     56  2.9880e-06  1.6733e-04
   26     57  1.8738e-07  1.0681e-05
   26     58  3.6148e-08  2.0966e-06
   27     59  4.1442e-07  2.4451e-05
   28     60  8.7614e-08  5.2568e-06
   28     61  2.2022e-08  1.3434e-06
   28     62  5.0695e-07  3.1431e-05
   28     64  8.1489e-07  5.2153e-05
   29     63  7.4689e-07  4.7054e-05
   29     65  2.1040e-06  1.3676e-04
   30     64  3.5821e-19  2.2925e-17
   30     66  5.7686e-07  3.8073e-05
   30     67  2.9224e-07  1.9580e-05
   30     68  2.2391e-06  1.5226e-04
   30     70  3.1007e-06  2.1705e-04
   31     69  2.0292e-06  1.4002e-04
   31     71  7.3649e-07  5.2291e-05
   32     70  8.2367e-13  5.7657e-11
   32     72  1.0878e-06  7.8325e-05
   32     73  9.6917e-07  7.0749e-05
   32     74  1.0711e-06  7.9260e-05
   32     76  4.1414e-06  3.1475e-04
   33     75  1.8321e-06  1.3741e-04
   34     76  1.9236e-12  1.4620e-10
   34     77  4.4736e-06  3.4447e-04
   34     78  4.1764e-06  3.2576e-04
   34     80  1.8891e-05  1.5113e-03
   34     82  7.2058e-06  5.9088e-04
   35     79  2.5213e-06  1.9918e-04
   35     81  4.0742e-06  3.3001e-04
   36     82  3.9813e-11  3.2647e-09
   36     83  1.9569e-06  1.6242e-04
   36     84  1.7751e-05  1.4910e-03
   36     86  1.2065e-06  1.0376e-04
   37     85  4.1019e-06  3.4866e-04
   37     87  5.9253e-06  5.1550e-04
   38     86  2.2161e-17  1.9058e-15
   38     87  4.3383e-08  3.7743e-06
   38     88  7.4391e-05  6.5464e-03
   39     89  3.9489e-05  3.5145e-03
   40     90  1.1687e-05  1.0518e-03
   40     91  3.7649e-05  3.4260e-03
   40     92  2.5048e-04  2.3044e-02
   40     94  2.8423e-04  2.6717e-02
   41     93  4.9919e-05  4.6425e-03
   42     95  6.6548e-05  6.3220e-03
   42     96  1.4326e-05  1.3753e-03
   42     97  2.8121e-05  2.7277e-03
   42     98  1.6995e-05  1.6655e-03
   42    100  2.5057e-05  2.5057e-03
   44     99  5.6945e-05  5.6376e-03
   44    100  1.6735e-11  1.6735e-09
   44    101  1.6650e-05  1.6817e-03
   44    102  2.3689e-04  2.4163e-02
   44    104  1.3422e-04  1.3959e-02
   45    103  8.8946e-05  9.1615e-03
   46    104  2.3549e-13  2.4491e-11
   46    105  6.2638e-05  6.5770e-03
   46    106  3.9413e-05  4.1778e-03
   46    107  6.9436e-20  7.4296e-18
   46    108  1.4193e-05  1.5328e-03
   46    110  3.2518e-06  3.5770e-04
   47    107  2.0730e-05  2.2181e-03
   47    109  1.4578e-05  1.5890e-03
   48    110  5.4694e-12  6.0163e-10
   48    111  5.0722e-07  5.6302e-05
   48    112  4.0706e-06  4.5590e-04
   48    113  1.0489e-06  1.1853e-04
   48    114  8.1227e-07  9.2599e-05
   48    116  2.8313e-07  3.2843e-05
   49    113  4.6165e-14  5.2166e-12
   49    115  9.0498e-07  1.0407e-04
   50    115  7.2204e-13  8.3035e-11
   50    116  5.2994e-15  6.1473e-13
   50    117  5.6716e-07  6.6357e-05
   50    118  1.1674e-07  1.3776e-05
   50    119  4.2791e-08  5.0921e-06
   50    120  1.1227e-07  1.3472e-05
   50    122  8.6722e-09  1.0580e-06
   50    124  1.2695e-08  1.5742e-06
   51    121  8.7049e-08  1.0533e-05
   51    123  6.0013e-09  7.3817e-07
   52    122  2.8830e-14  3.5173e-12
   52    124  3.1207e-17  3.8697e-15
   52    125  1.2459e-08  1.5574e-06
   52    126  4.7256e-09  5.9542e-07
   52    128  2.0205e-08  2.5862e-06
   52    130  3.5794e-10  4.6532e-08
   53    127  8.4856e-09  1.0777e-06
   53    129  1.7947e-16  2.3152e-14
   54    129  3.7571e-09  4.8467e-07
   54    130  1.1487e-17  1.4933e-15
   54    131  1.2506e-11  1.6383e-09
   54    132  2.3348e-13  3.0820e-11
   54    134  1.3038e-17  1.7471e-15
   54    136  1.4067e-19  1.9132e-17
   55    133  3.6623e-16  4.8708e-14
   56    135  6.9429e-20  9.3730e-18
   56    137  9.0562e-20  1.2407e-17
   56    138  2.5304e-20  3.4919e-18
    1      1  6.4302e-09  6.4302e-09
    2      4  2.0913e-01  8.3654e-01


