Star: BD17;    Mass table: hfb24
Tables of ages from Th/U, Th/X and U/X chronometers
=============================================================
      Ye         S_final      Th/U      Th/X       U/X
=============================================================
      0.400      200.0      6.8232   -207.4904    -61.1248
      0.400      205.0      7.1503   -188.8224    -54.9866
      0.400      210.0      7.6926   -164.9592    -47.0558
      0.400      215.0      8.4262   -142.2209    -39.3516
      0.400      220.0      9.0614   -119.1433    -31.6067
      0.400      225.0      9.6146    -93.2783    -23.0341
      0.400      230.0     10.0639    -65.4096    -13.8970
      0.400      235.0     10.2893    -41.3054     -6.1050
      0.400      240.0     10.4809    -23.7824     -0.4216
      0.400      245.0     10.7146    -11.3102      3.6898
      0.400      250.0     10.9595     -2.1517      6.7585
      0.400      255.0     11.1829      4.6907      9.0787
      0.400      260.0     11.3667      9.7890     10.8192
      0.400      265.0     11.5081     13.5345     12.1021
      0.400      270.0     11.6161     16.2301     13.0297
      0.400      275.0     11.7047     18.1118     13.6862
      0.400      280.0     11.7861     19.3672     14.1393
      0.400      285.0     11.8673     20.1641     14.4470
      0.400      290.0     11.9442     20.6403     14.6502
      0.400      295.0     12.0040     20.9089     14.7759
      0.400      300.0     12.0450     21.0566     14.8505
      0.400      305.0     12.0724     21.1395     14.8954
      0.400      310.0     12.0875     21.1873     14.9208
      0.400      315.0     12.0937     21.2129     14.9331
      0.400      320.0     12.0951     21.2232     14.9373
      0.400      325.0     12.0950     21.2251     14.9379
      0.400      330.0     12.0951     21.2262     14.9383
      0.400      335.0     12.0954     21.2276     14.9389
      0.400      340.0     12.0954     21.2276     14.9389
      0.400      345.0     12.0954     21.2276     14.9389
      0.400      350.0     12.0954     21.2276     14.9389
      0.400      355.0     12.0954     21.2276     14.9389
      0.400      360.0     12.0954     21.2276     14.9389
      0.400      365.0     12.0954     21.2276     14.9389
      0.400      370.0     12.0954     21.2276     14.9389
      0.400      375.0     12.0954     21.2276     14.9389
      0.400      380.0     12.0954     21.2275     14.9389
      0.400      385.0     12.0954     21.2275     14.9389
      0.400      390.0     12.0954     21.2275     14.9389
      0.400      395.0     12.0954     21.2275     14.9389
      0.400      400.0     12.0954     21.2275     14.9389
      0.405      200.0      6.3984   -217.7824    -64.6750
      0.405      205.0      6.9124   -204.5188    -60.1225
      0.405      210.0      7.2237   -184.3189    -53.5095
      0.405      215.0      7.8390   -160.3914    -45.5088
      0.405      220.0      8.5616   -137.7180    -37.8326
      0.405      225.0      9.1622   -114.1966    -29.9706
      0.405      230.0      9.6883    -87.6755    -21.2084
      0.405      235.0     10.0998    -60.0958    -12.1886
      0.405      240.0     10.3178    -37.2844     -4.8113
      0.405      245.0     10.5284    -20.9018      0.5236
      0.405      250.0     10.7721     -9.1863      4.4019
      0.405      255.0     11.0141     -0.5411      7.3060
      0.405      260.0     11.2271      5.9339      9.5026
      0.405      265.0     11.3985     10.7638     11.1496
      0.405      270.0     11.5291     14.3136     12.3633
      0.405      275.0     11.6300     16.8662     13.2407
      0.405      280.0     11.7147     18.6416     13.8609
      0.405      285.0     11.7944     19.8208     14.2888
      0.405      290.0     11.8749     20.5652     14.5793
      0.405      295.0     11.9498     21.0066     14.7700
      0.405      300.0     12.0064     21.2540     14.8869
      0.405      305.0     12.0452     21.3898     14.9562
      0.405      310.0     12.0707     21.4662     14.9977
      0.405      315.0     12.0843     21.5102     15.0209
      0.405      320.0     12.0897     21.5334     15.0319
      0.405      325.0     12.0907     21.5423     15.0355
      0.405      330.0     12.0906     21.5436     15.0358
      0.405      335.0     12.0908     21.5452     15.0364
      0.405      340.0     12.0909     21.5460     15.0368
      0.405      345.0     12.0909     21.5460     15.0368
      0.405      350.0     12.0909     21.5460     15.0368
      0.405      355.0     12.0909     21.5460     15.0368
      0.405      360.0     12.0909     21.5460     15.0368
      0.405      365.0     12.0909     21.5460     15.0368
      0.405      370.0     12.0909     21.5460     15.0368
      0.405      375.0     12.0909     21.5460     15.0368
      0.405      380.0     12.0909     21.5460     15.0368
      0.405      385.0     12.0909     21.5460     15.0368
      0.405      390.0     12.0909     21.5460     15.0368
      0.405      395.0     12.0909     21.5460     15.0368
      0.405      400.0     12.0909     21.5460     15.0368
      0.410      200.0      5.8549   -226.3157    -67.7483
      0.410      205.0      6.5250   -215.5722    -63.8885
      0.410      210.0      6.9938   -201.3123    -59.0511
      0.410      215.0      7.3154   -179.7285    -51.9925
      0.410      220.0      7.9873   -155.9248    -43.9926
      0.410      225.0      8.6869   -133.2344    -36.3267
      0.410      230.0      9.2495   -109.1897    -28.3245
      0.410      235.0      9.7556    -82.1219    -19.4027
      0.410      240.0     10.1343    -55.0934    -10.5799
      0.410      245.0     10.3551    -33.5963     -3.6171
      0.410      250.0     10.5834    -18.2555      1.3996
      0.410      255.0     10.8323     -7.2258      5.0641
      0.410      260.0     11.0681      0.9506      7.8154
      0.410      265.0     11.2692      7.0882      9.8970
      0.410      270.0     11.4279     11.6710     11.4571
      0.410      275.0     11.5484     15.0404     12.6067
      0.410      280.0     11.6427     17.4596     13.4374
      0.410      285.0     11.7239     19.1349     14.0235
      0.410      290.0     11.8023     20.2427     14.4279
      0.410      295.0     11.8821     20.9386     14.7025
      0.410      300.0     11.9546     21.3480     14.8815
      0.410      305.0     12.0083     21.5762     14.9902
      0.410      310.0     12.0449     21.7011     15.0547
      0.410      315.0     12.0685     21.7717     15.0931
      0.410      320.0     12.0808     21.8122     15.1143
      0.410      325.0     12.0852     21.8327     15.1238
      0.410      330.0     12.0857     21.8390     15.1261
      0.410      335.0     12.0856     21.8399     15.1263
      0.410      340.0     12.0859     21.8417     15.1271
      0.410      345.0     12.0860     21.8422     15.1273
      0.410      350.0     12.0860     21.8422     15.1273
      0.410      355.0     12.0860     21.8422     15.1273
      0.410      360.0     12.0860     21.8422     15.1273
      0.410      365.0     12.0860     21.8422     15.1273
      0.410      370.0     12.0860     21.8422     15.1273
      0.410      375.0     12.0860     21.8422     15.1273
      0.410      380.0     12.0860     21.8422     15.1273
      0.410      385.0     12.0860     21.8422     15.1273
      0.410      390.0     12.0860     21.8422     15.1273
      0.410      395.0     12.0860     21.8422     15.1273
      0.410      400.0     12.0860     21.8422     15.1273
      0.415      200.0      5.1833   -234.0537    -70.6565
      0.415      205.0      6.0185   -224.5175    -67.0673
      0.415      210.0      6.6466   -213.2605    -63.0734
      0.415      215.0      7.0692   -197.8758    -57.9108
      0.415      220.0      7.4274   -175.1668    -50.4708
      0.415      225.0      8.1340   -151.5703    -42.5130
      0.415      230.0      8.7996   -128.7738    -34.8365
      0.415      235.0      9.3258   -104.1527    -26.6765
      0.415      240.0      9.8178    -76.7202    -17.6486
      0.415      245.0     10.1708    -50.4680     -9.0892
      0.415      250.0     10.4017    -30.2372     -2.5209
      0.415      255.0     10.6445    -15.8384      2.2071
      0.415      260.0     10.8942     -5.4261      5.6765
      0.415      265.0     11.1208      2.3244      8.2865
      0.415      270.0     11.3089      8.1538     10.2617
      0.415      275.0     11.4552     12.5099     11.7415
      0.415      280.0     11.5662     15.7126     12.8319
      0.415      285.0     11.6546     18.0086     13.6195
      0.415      290.0     11.7328     19.5917     14.1743
      0.415      295.0     11.8102     20.6349     14.5574
      0.415      300.0     11.8889     21.2854     14.8171
      0.415      305.0     11.9591     21.6656     14.9852
      0.415      310.0     12.0098     21.8764     15.0865
      0.415      315.0     12.0439     21.9887     15.1452
      0.415      320.0     12.0656     22.0533     15.1804
      0.415      325.0     12.0750     22.0869     15.1974
      0.415      330.0     12.0780     22.1030     15.2046
      0.415      335.0     12.0783     22.1077     15.2062
      0.415      340.0     12.0783     22.1085     15.2065
      0.415      345.0     12.0786     22.1105     15.2073
      0.415      350.0     12.0786     22.1105     15.2073
      0.415      355.0     12.0786     22.1105     15.2073
      0.415      360.0     12.0786     22.1105     15.2073
      0.415      365.0     12.0786     22.1105     15.2073
      0.415      370.0     12.0786     22.1105     15.2073
      0.415      375.0     12.0786     22.1105     15.2073
      0.415      380.0     12.0786     22.1105     15.2073
      0.415      385.0     12.0786     22.1105     15.2073
      0.415      390.0     12.0786     22.1104     15.2073
      0.415      395.0     12.0786     22.1104     15.2073
      0.415      400.0     12.0786     22.1104     15.2073
      0.420      200.0      4.2854   -241.9639    -73.7730
      0.420      205.0      5.3959   -232.5633    -70.0399
      0.420      210.0      6.1768   -222.6723    -66.3751
      0.420      215.0      6.7644   -210.8471    -62.2286
      0.420      220.0      7.1420   -194.2414    -56.7096
      0.420      225.0      7.5550   -170.7404    -48.9813
      0.420      230.0      8.2739   -147.3513    -41.0809
      0.420      235.0      8.8970   -124.3528    -33.3693
      0.420      240.0      9.3936    -99.1553    -25.0467
      0.420      245.0      9.8772    -71.5562    -15.9717
      0.420      250.0     10.2129    -46.2454     -7.7224
      0.420      255.0     10.4573    -27.1967     -1.5196
      0.420      260.0     10.7104    -13.6403      2.9485
      0.420      265.0     10.9566     -3.7824      6.2397
      0.420      270.0     11.1719      3.5827      8.7200
      0.420      275.0     11.3463      9.1309     10.5968
      0.420      280.0     11.4804     13.2796     12.0025
      0.420      285.0     11.5825     16.3282     13.0381
      0.420      290.0     11.6657     18.5074     13.7851
      0.420      295.0     11.7413     20.0031     14.3105
      0.420      300.0     11.8180     20.9826     14.6729
      0.420      305.0     11.8957     21.5890     14.9179
      0.420      310.0     11.9624     21.9309     15.0716
      0.420      315.0     12.0080     22.1094     15.1591
      0.420      320.0     12.0386     22.2047     15.2100
      0.420      325.0     12.0563     22.2583     15.2390
      0.420      330.0     12.0641     22.2878     15.2537
      0.420      335.0     12.0663     22.3011     15.2594
      0.420      340.0     12.0663     22.3046     15.2605
      0.420      345.0     12.0663     22.3054     15.2608
      0.420      350.0     12.0667     22.3074     15.2616
      0.420      355.0     12.0667     22.3074     15.2616
      0.420      360.0     12.0667     22.3074     15.2616
      0.420      365.0     12.0667     22.3074     15.2616
      0.420      370.0     12.0667     22.3074     15.2616
      0.420      375.0     12.0667     22.3074     15.2616
      0.420      380.0     12.0667     22.3073     15.2616
      0.420      385.0     12.0667     22.3073     15.2616
      0.420      390.0     12.0667     22.3073     15.2616
      0.420      395.0     12.0667     22.3073     15.2616
      0.420      400.0     12.0667     22.3073     15.2616
      0.425      200.0      2.9776   -251.1488    -77.5717
      0.425      205.0      4.5804   -240.6136    -73.1448
      0.425      210.0      5.5972   -231.0631    -69.4277
      0.425      215.0      6.3271   -220.7888    -65.6762
      0.425      220.0      6.8783   -208.3335    -61.3547
      0.425      225.0      7.2156   -190.4853    -55.4692
      0.425      230.0      7.6878   -166.5449    -47.5616
      0.425      235.0      8.4018   -143.3083    -39.7128
      0.425      240.0      8.9781   -120.0293    -31.9441
      0.425      245.0      9.4554    -94.2989    -23.4656
      0.425      250.0      9.9352    -66.7216    -14.4002
      0.425      255.0     10.2631    -42.4345     -6.4806
      0.425      260.0     10.5212    -24.4705     -0.6123
      0.425      265.0     10.7794    -11.6617      3.6223
      0.425      270.0     11.0183     -2.2975      6.7522
      0.425      275.0     11.2205      4.7220      9.1140
      0.425      280.0     11.3810     10.0166     10.9010
      0.425      285.0     11.5034     13.9763     12.2390
      0.425      290.0     11.5976     16.8847     13.2246
      0.425      295.0     11.6759     18.9567     13.9344
      0.425      300.0     11.7493     20.3701     14.4322
      0.425      305.0     11.8262     21.2641     14.7678
      0.425      310.0     11.9027     21.7912     14.9868
      0.425      315.0     11.9646     22.0847     15.1218
      0.425      320.0     12.0066     22.2414     15.1999
      0.425      325.0     12.0345     22.3259     15.2457
      0.425      330.0     12.0498     22.3736     15.2712
      0.425      335.0     12.0561     22.3991     15.2835
      0.425      340.0     12.0576     22.4098     15.2879
      0.425      345.0     12.0575     22.4122     15.2886
      0.425      350.0     12.0576     22.4131     15.2890
      0.425      355.0     12.0579     22.4150     15.2898
      0.425      360.0     12.0579     22.4150     15.2898
      0.425      365.0     12.0579     22.4150     15.2898
      0.425      370.0     12.0579     22.4150     15.2898
      0.425      375.0     12.0579     22.4150     15.2898
      0.425      380.0     12.0579     22.4150     15.2898
      0.425      385.0     12.0579     22.4150     15.2898
      0.425      390.0     12.0579     22.4150     15.2898
      0.425      395.0     12.0579     22.4150     15.2898
      0.425      400.0     12.0579     22.4149     15.2898
      0.430      200.0      1.1138   -262.3264    -82.3794
      0.430      205.0      3.3706   -249.9477    -76.9243
      0.430      210.0      4.8447   -239.3313    -72.5590
      0.430      215.0      5.7824   -229.5874    -68.8344
      0.430      220.0      6.4693   -218.9080    -64.9835
      0.430      225.0      6.9869   -205.7883    -60.4743
      0.430      230.0      7.2937   -186.7452    -54.2309
      0.430      235.0      7.8213   -162.6049    -46.2223
      0.430      240.0      8.5141   -139.4641    -38.4183
      0.430      245.0      9.0442   -115.8493    -30.5744
      0.430      250.0      9.5158    -89.6521    -21.9519
      0.430      255.0      9.9946    -62.2977    -12.9578
      0.430      260.0     10.3227    -39.0460     -5.3662
      0.430      265.0     10.5926    -22.0457      0.2046
      0.430      270.0     10.8506     -9.8942      4.2308
      0.430      275.0     11.0789     -0.9658      7.2154
      0.430      280.0     11.2668      5.7447      9.4696
      0.430      285.0     11.4135     10.8105     11.1747
      0.430      290.0     11.5247     14.5985     12.4506
      0.430      295.0     11.6114     17.3719     13.3884
      0.430      300.0     11.6856     19.3313     14.0598
      0.430      305.0     11.7594     20.5977     14.5112
      0.430      310.0     11.8373     21.3987     14.8179
      0.430      315.0     11.9121     21.8708     15.0183
      0.430      320.0     11.9698     22.1306     15.1398
      0.430      325.0     12.0087     22.2694     15.2102
      0.430      330.0     12.0340     22.3443     15.2511
      0.430      335.0     12.0469     22.3862     15.2731
      0.430      340.0     12.0517     22.4077     15.2832
      0.430      345.0     12.0525     22.4160     15.2865
      0.430      350.0     12.0525     22.4176     15.2869
      0.430      355.0     12.0526     22.4188     15.2874
      0.430      360.0     12.0529     22.4202     15.2880
      0.430      365.0     12.0529     22.4202     15.2880
      0.430      370.0     12.0529     22.4202     15.2880
      0.430      375.0     12.0529     22.4202     15.2880
      0.430      380.0     12.0529     22.4202     15.2880
      0.430      385.0     12.0529     22.4202     15.2880
      0.430      390.0     12.0529     22.4202     15.2880
      0.430      395.0     12.0529     22.4202     15.2880
      0.430      400.0     12.0529     22.4202     15.2880
      0.435      200.0     -2.2096   -285.8390    -92.0872
      0.435      205.0      1.5581   -261.0825    -81.6836
      0.435      210.0      3.7157   -248.7689    -76.3164
      0.435      215.0      5.0820   -238.0809    -72.0016
      0.435      220.0      5.9534   -228.1325    -68.2572
      0.435      225.0      6.6041   -217.0458    -64.3019
      0.435      230.0      7.0916   -203.2301    -59.5925
      0.435      235.0      7.3806   -183.1217    -53.0236
      0.435      240.0      7.9475   -158.9814    -44.9883
      0.435      245.0      8.6073   -135.8616    -37.2133
      0.435      250.0      9.0986   -111.8972    -29.2850
      0.435      255.0      9.5765    -85.3370    -20.5432
      0.435      260.0     10.0579    -58.3670    -11.6692
      0.435      265.0     10.3919    -36.0911     -4.3828
      0.435      270.0     10.6697    -19.9340      0.9263
      0.435      275.0     10.9230     -8.3461      4.7706
      0.435      280.0     11.1381      0.2048      7.6266
      0.435      285.0     11.3110      6.6439      9.7845
      0.435      290.0     11.4442     11.5048     11.4155
      0.435      295.0     11.5462     15.0872     12.6201
      0.435      300.0     11.6273     17.6559     13.4892
      0.435      305.0     11.6999     19.4323     14.1015
      0.435      310.0     11.7745     20.6027     14.5230
      0.435      315.0     11.8532     21.3343     14.8083
      0.435      320.0     11.9259     21.7580     14.9920
      0.435      325.0     11.9797     21.9889     15.1017
      0.435      330.0     12.0157     22.1106     15.1647
      0.435      335.0     12.0381     22.1765     15.2007
      0.435      340.0     12.0486     22.2129     15.2194
      0.435      345.0     12.0520     22.2306     15.2273
      0.435      350.0     12.0524     22.2366     15.2295
      0.435      355.0     12.0524     22.2377     15.2298
      0.435      360.0     12.0526     22.2392     15.2304
      0.435      365.0     12.0527     22.2399     15.2308
      0.435      370.0     12.0527     22.2399     15.2308
      0.435      375.0     12.0527     22.2399     15.2308
      0.435      380.0     12.0527     22.2399     15.2308
      0.435      385.0     12.0527     22.2399     15.2308
      0.435      390.0     12.0527     22.2399     15.2308
      0.435      395.0     12.0527     22.2399     15.2308
      0.435      400.0     12.0527     22.2399     15.2307
      0.440      200.0     -3.7005   -328.6229   -106.6583
      0.440      205.0     -1.7436   -281.0487    -90.2527
      0.440      210.0      1.9506   -260.0112    -81.0776
      0.440      215.0      4.0222   -247.7246    -75.7773
      0.440      220.0      5.2941   -236.9740    -71.5068
      0.440      225.0      6.1126   -226.7745    -67.7187
      0.440      230.0      6.7343   -215.2616    -63.6480
      0.440      235.0      7.1908   -200.7776    -58.7479
      0.440      240.0      7.4719   -179.8141    -51.9134
      0.440      245.0      8.0605   -155.7480    -43.8868
      0.440      250.0      8.6811   -132.5856    -36.1250
      0.440      255.0      9.1452   -108.2745    -28.1053
      0.440      260.0      9.6381    -81.4780    -19.2784
      0.440      265.0     10.1265    -54.9611    -10.5432
      0.440      270.0     10.4704    -33.5681     -3.5300
      0.440      275.0     10.7523    -18.1235      1.5561
      0.440      280.0     10.9964     -7.0051      5.2454
      0.440      285.0     11.1998      1.2580      8.0022
      0.440      290.0     11.3641      7.4917     10.0893
      0.440      295.0     11.4851     12.1210     11.6386
      0.440      300.0     11.5759     15.5107     12.7745
      0.440      305.0     11.6503     17.9253     13.5902
      0.440      310.0     11.7205     19.5719     14.1597
      0.440      315.0     11.7956     20.6460     14.5511
      0.440      320.0     11.8742     21.3040     14.8130
      0.440      325.0     11.9437     21.6775     14.9785
      0.440      330.0     11.9928     21.8777     15.0753
      0.440      335.0     12.0257     21.9824     15.1308
      0.440      340.0     12.0445     22.0391     15.1615
      0.440      345.0     12.0524     22.0695     15.1766
      0.440      350.0     12.0546     22.0831     15.1824
      0.440      355.0     12.0547     22.0870     15.1837
      0.440      360.0     12.0547     22.0879     15.1840
      0.440      365.0     12.0550     22.0896     15.1847
      0.440      370.0     12.0550     22.0896     15.1847
      0.440      375.0     12.0550     22.0896     15.1847
      0.440      380.0     12.0550     22.0896     15.1847
      0.440      385.0     12.0550     22.0896     15.1847
      0.440      390.0     12.0550     22.0896     15.1847
      0.440      395.0     12.0550     22.0896     15.1847
      0.440      400.0     12.0550     22.0896     15.1847
      0.445      200.0     -5.9094   -403.4532   -131.8728
      0.445      205.0     -3.4197   -324.5892   -105.1893
      0.445      210.0     -1.2094   -277.9278    -88.9010
      0.445      215.0      2.3239   -259.2188    -80.5730
      0.445      220.0      4.3043   -246.8688    -75.3146
      0.445      225.0      5.4925   -236.0121    -71.0673
      0.445      230.0      6.2646   -225.5554    -67.2292
      0.445      235.0      6.8597   -213.6387    -63.0486
      0.445      240.0      7.2833   -198.5492    -57.9789
      0.445      245.0      7.5606   -176.9710    -50.9521
      0.445      250.0      8.1537   -152.9982    -42.9521
      0.445      255.0      8.7370   -129.7266    -35.1810
      0.445      260.0      9.1873   -105.1045    -27.0721
      0.445      265.0      9.7023    -78.1507    -18.1803
      0.445      270.0     10.2028    -52.0946     -9.5830
      0.445      275.0     10.5587    -31.4318     -2.7930
      0.445      280.0     10.8642    -16.0857      2.2779
      0.445      285.0     11.1086     -5.1793      5.9002
      0.445      290.0     11.2934      2.7495      8.5385
      0.445      295.0     11.4310      8.6218     10.4929
      0.445      300.0     11.5321     12.9657     11.9382
      0.445      305.0     11.6099     16.1272     12.9929
      0.445      310.0     11.6773     18.3532     13.7441
      0.445      315.0     11.7455     19.8528     14.2657
      0.445      320.0     11.8211     20.8137     14.6215
      0.445      325.0     11.8983     21.3889     14.8563
      0.445      330.0     11.9628     21.7077     15.0010
      0.445      335.0     12.0066     21.8753     15.0839
      0.445      340.0     12.0353     21.9622     15.1310
      0.445      345.0     12.0500     22.0090     15.1558
      0.445      350.0     12.0554     22.0327     15.1669
      0.445      355.0     12.0564     22.0420     15.1706
      0.445      360.0     12.0564     22.0441     15.1712
      0.445      365.0     12.0565     22.0453     15.1717
      0.445      370.0     12.0568     22.0465     15.1722
      0.445      375.0     12.0568     22.0465     15.1722
      0.445      380.0     12.0568     22.0465     15.1722
      0.445      385.0     12.0568     22.0465     15.1722
      0.445      390.0     12.0568     22.0465     15.1722
      0.445      395.0     12.0568     22.0465     15.1722
      0.445      400.0     12.0568     22.0465     15.1722
      0.450      200.0        -Inf   -543.7196        -Inf
      0.450      205.0     -5.6429   -396.7239   -129.5593
      0.450      210.0     -3.1583   -321.5485   -104.0482
      0.450      215.0     -0.6856   -276.3255    -88.0376
      0.450      220.0      2.6727   -258.8584    -80.2220
      0.450      225.0      4.5615   -246.3429    -74.9733
      0.450      230.0      5.6776   -235.3091    -70.7188
      0.450      235.0      6.4106   -224.5635    -66.8158
      0.450      240.0      6.9798   -212.2669    -62.5323
      0.450      245.0      7.3708   -196.6608    -57.3210
      0.450      250.0      7.6420   -174.7402    -50.1899
      0.450      255.0      8.2259   -150.7825    -42.2009
      0.450      260.0      8.7765   -127.3911    -34.4140
      0.450      265.0      9.2263   -102.4758    -26.2126
      0.450      270.0      9.7760    -75.2895    -17.2236
      0.450      275.0     10.3610    -47.1495     -7.9084
      0.450      280.0     10.7336    -26.7328     -1.1850
      0.450      285.0     11.0037    -12.7512      3.4293
      0.450      290.0     11.2093     -2.8009      6.7223
      0.450      295.0     11.3641      4.5151      9.1460
      0.450      300.0     11.4782      9.9523     10.9466
      0.450      305.0     11.5627     13.9661     12.2760
      0.450      310.0     11.6305     16.8633     13.2402
      0.450      315.0     11.6935     18.8739     13.9202
      0.450      320.0     11.7621     20.2049     14.3885
      0.450      325.0     11.8386     21.0393     14.7049
      0.450      330.0     11.9134     21.5231     14.9090
      0.450      335.0     11.9712     21.7836     15.0308
      0.450      340.0     12.0095     21.9173     15.0992
      0.450      345.0     12.0328     21.9861     15.1368
      0.450      350.0     12.0429     22.0221     15.1551
      0.450      355.0     12.0459     22.0387     15.1624
      0.450      360.0     12.0462     22.0439     15.1642
      0.450      365.0     12.0462     22.0450     15.1646
      0.450      370.0     12.0464     22.0465     15.1652
      0.450      375.0     12.0464     22.0465     15.1652
      0.450      380.0     12.0464     22.0465     15.1652
      0.450      385.0     12.0464     22.0465     15.1652
      0.450      390.0     12.0464     22.0465     15.1652
      0.450      395.0     12.0464     22.0465     15.1652
      0.450      400.0     12.0464     22.0465     15.1652
      0.455      200.0         NaN        -Inf        -Inf
      0.455      205.0        -Inf   -541.4582        -Inf
      0.455      210.0     -5.3789   -392.9784   -128.1931
      0.455      215.0     -2.9208   -319.7974   -103.3320
      0.455      220.0     -0.2477   -276.0296    -87.6465
      0.455      225.0      2.9808   -259.0195    -80.0639
      0.455      230.0      4.7936   -246.2061    -74.7724
      0.455      235.0      5.8489   -234.9460    -70.4874
      0.455      240.0      6.5488   -223.8891    -66.5082
      0.455      245.0      7.0939   -211.2329    -62.1271
      0.455      250.0      7.4525   -195.2919    -56.8318
      0.455      255.0      7.7108   -173.2090    -49.6579
      0.455      260.0      8.2723   -149.2466    -41.6827
      0.455      265.0      8.8200   -125.0353    -33.6378
      0.455      270.0      9.3929    -95.5330    -23.8992
      0.455      275.0     10.0308    -66.1129    -14.1424
      0.455      280.0     10.5337    -40.9846     -5.8373
      0.455      285.0     10.8714    -22.7785      0.1617
      0.455      290.0     11.1138     -9.9885      4.3796
      0.455      295.0     11.2917     -0.7552      7.4266
      0.455      300.0     11.4221      6.0639      9.6762
      0.455      305.0     11.5164     11.1187     11.3422
      0.455      310.0     11.5873     14.8187     12.5629
      0.455      315.0     11.6478     17.4494     13.4377
      0.455      320.0     11.7097     19.2347     14.0455
      0.455      325.0     11.7811     20.3889     14.4597
      0.455      330.0     11.8590     21.0870     14.7339
      0.455      335.0     11.9296     21.4750     14.9047
      0.455      340.0     11.9792     21.6764     15.0023
      0.455      345.0     12.0116     21.7771     15.0562
      0.455      350.0     12.0281     21.8285     15.0837
      0.455      355.0     12.0339     21.8535     15.0955
      0.455      360.0     12.0349     21.8629     15.0992
      0.455      365.0     12.0349     21.8650     15.0999
      0.455      370.0     12.0351     21.8663     15.1004
      0.455      375.0     12.0351     21.8663     15.1004
      0.455      380.0     12.0351     21.8663     15.1004
      0.455      385.0     12.0351     21.8663     15.1004
      0.455      390.0     12.0351     21.8663     15.1004
      0.455      395.0     12.0351     21.8663     15.1004
      0.455      400.0     12.0351     21.8663     15.1004
      0.460      200.0         NaN        -Inf        -Inf
      0.460      205.0         NaN        -Inf        -Inf
      0.460      210.0        -Inf   -542.3987        -Inf
      0.460      215.0     -5.1350   -392.7392   -127.9517
      0.460      220.0     -2.7138   -319.6012   -103.1293
      0.460      225.0      0.0714   -276.9105    -87.7090
      0.460      230.0      3.2268   -259.8477    -80.1594
      0.460      235.0      4.9906   -246.6476    -74.7786
      0.460      240.0      6.0032   -235.0682    -70.4214
      0.460      245.0      6.6737   -223.7062    -66.3654
      0.460      250.0      7.1945   -210.7253    -61.8980
      0.460      255.0      7.5268   -194.4981    -56.5298
      0.460      260.0      7.8358   -169.2028    -48.3034
      0.460      265.0      8.4754   -142.2498    -39.3274
      0.460      270.0      8.9936   -116.2369    -30.7316
      0.460      275.0      9.5472    -88.4037    -21.5350
      0.460      280.0     10.2103    -60.0484    -12.0985
      0.460      285.0     10.7057    -36.3339     -4.2467
      0.460      290.0     11.0190    -19.3567      1.3464
      0.460      295.0     11.2295     -7.4011      5.2782
      0.460      300.0     11.3766      1.2489      8.1194
      0.460      305.0     11.4804      7.6114     10.2062
      0.460      310.0     11.5546     12.2813     11.7366
      0.460      315.0     11.6133     15.6439     12.8421
      0.460      320.0     11.6696     17.9719     13.6181
      0.460      325.0     11.7343     19.5049     14.1478
      0.460      330.0     11.8106     20.4589     14.5020
      0.460      335.0     11.8887     21.0055     14.7282
      0.460      340.0     11.9510     21.2942     14.8620
      0.460      345.0     11.9918     21.4373     14.9350
      0.460      350.0     12.0153     21.5069     14.9731
      0.460      355.0     12.0242     21.5404     14.9897
      0.460      360.0     12.0260     21.5534     14.9951
      0.460      365.0     12.0260     21.5534     14.9951
      0.460      370.0     12.0260     21.5534     14.9951
      0.460      375.0     12.0260     21.5534     14.9951
      0.460      380.0     12.0260     21.5534     14.9951
      0.460      385.0     12.0260     21.5534     14.9950
      0.460      390.0     12.0260     21.5534     14.9950
      0.460      395.0     12.0260     21.5534     14.9950
      0.460      400.0     12.0260     21.5533     14.9950
      0.465      200.0         NaN        -Inf        -Inf
      0.465      205.0         NaN        -Inf        -Inf
      0.465      210.0         NaN        -Inf        -Inf
      0.465      215.0        -Inf   -547.8864        -Inf
      0.465      220.0     -4.9223   -396.9778   -129.1506
      0.465      225.0     -2.5453   -321.5275   -103.6254
      0.465      230.0      0.2175   -279.2405    -88.3483
      0.465      235.0      3.3903   -261.5651    -80.5926
      0.465      240.0      5.1470   -247.8537    -75.0546
      0.465      245.0      6.1364   -235.8413    -70.5760
      0.465      250.0      6.7869   -224.0397    -66.3942
      0.465      255.0      7.3783   -207.6217    -60.7896
      0.465      260.0      7.6531   -187.5992    -54.2576
      0.465      265.0      7.9843   -162.2698    -46.0054
      0.465      270.0      8.5728   -136.6782    -37.4955
      0.465      275.0      9.1032   -110.4931    -28.8370
      0.465      280.0      9.7434    -82.0016    -19.3729
      0.465      285.0     10.4409    -53.7737     -9.9535
      0.465      290.0     10.9079    -31.3442     -2.5281
      0.465      295.0     11.1796    -15.5496      2.6619
      0.465      300.0     11.3476     -4.4471      6.2945
      0.465      305.0     11.4587      3.5639      8.9088
      0.465      310.0     11.5341      9.3960     10.8083
      0.465      315.0     11.5898     13.6001     12.1784
      0.465      320.0     11.6404     16.5401     13.1445
      0.465      325.0     11.6984     18.4967     13.8040
      0.465      330.0     11.7711     19.7298     14.2441
      0.465      335.0     11.8524     20.4510     14.5279
      0.465      340.0     11.9252     20.8347     14.6988
      0.465      345.0     11.9740     21.0222     14.7914
      0.465      350.0     12.0025     21.1061     14.8374
      0.465      355.0     12.0025     21.1061     14.8373
      0.465      360.0     12.0025     21.1061     14.8373
      0.465      365.0     12.0025     21.1061     14.8373
      0.465      370.0     12.0025     21.1061     14.8373
      0.465      375.0     12.0025     21.1061     14.8373
      0.465      380.0     12.0025     21.1061     14.8373
      0.465      385.0     12.0025     21.1061     14.8373
      0.465      390.0     12.0025     21.1061     14.8373
      0.465      395.0     12.0025     21.1061     14.8373
      0.465      400.0     12.0025     21.1061     14.8373
      0.470      200.0         NaN        -Inf        -Inf
      0.470      205.0         NaN        -Inf        -Inf
      0.470      210.0         NaN        -Inf        -Inf
      0.470      215.0         NaN        -Inf        -Inf
      0.470      220.0        -Inf   -559.4663        -Inf
      0.470      225.0     -4.7093   -407.8092   -132.4386
      0.470      230.0     -2.4306   -326.6348   -105.1661
      0.470      235.0      0.1805   -283.3054    -89.6616
      0.470      240.0      3.4542   -264.4479    -81.4629
      0.470      245.0      5.5403   -247.2246    -74.5882
      0.470      250.0      6.5114   -233.0380    -69.4330
      0.470      255.0      7.1119   -219.1354    -64.6194
      0.470      260.0      7.5363   -203.1939    -59.2791
      0.470      265.0      7.7384   -182.8226    -52.6859
      0.470      270.0      8.0943   -157.3368    -44.3674
      0.470      275.0      8.6954   -131.2012    -35.6765
      0.470      280.0      9.2825   -103.8400    -26.6067
      0.470      285.0     10.0412    -74.1358    -16.6779
      0.470      290.0     10.7365    -46.3508     -7.4003
      0.470      295.0     11.1371    -25.4704     -0.5111
      0.470      300.0     11.3422    -11.0730      4.1910
      0.470      305.0     11.4582     -0.9790      7.4687
      0.470      310.0     11.5294      6.2329      9.8026
      0.470      315.0     11.5780     11.3796     11.4667
      0.470      320.0     11.6210     14.9696     12.6336
      0.470      325.0     11.6726     17.3607     13.4265
      0.470      330.0     11.7423     18.8611     13.9493
      0.470      335.0     11.8262     19.7302     14.2816
      0.470      340.0     11.9048     20.1542     14.4694
      0.470      345.0     11.9048     20.1542     14.4694
      0.470      350.0     11.9048     20.1542     14.4694
      0.470      355.0     11.9048     20.1542     14.4694
      0.470      360.0     11.9048     20.1542     14.4694
      0.470      365.0     11.9048     20.1542     14.4694
      0.470      370.0     11.9048     20.1542     14.4694
      0.470      375.0     11.9048     20.1541     14.4694
      0.470      380.0     11.9048     20.1541     14.4694
      0.470      385.0     11.9048     20.1541     14.4694
      0.470      390.0     11.9048     20.1541     14.4694
      0.470      395.0     11.9048     20.1541     14.4694
      0.470      400.0     11.9048     20.1541     14.4694
      0.475      200.0         NaN        -Inf        -Inf
      0.475      205.0         NaN        -Inf        -Inf
      0.475      210.0         NaN        -Inf        -Inf
      0.475      215.0         NaN        -Inf        -Inf
      0.475      220.0         NaN        -Inf        -Inf
      0.475      225.0         NaN        -Inf        -Inf
      0.475      230.0     -4.3719   -428.0967   -138.6390
      0.475      235.0     -2.3651   -336.0792   -108.1147
      0.475      240.0      1.5100   -278.6724    -87.2908
      0.475      245.0      4.4517   -260.5550    -79.5519
      0.475      250.0      5.9555   -244.9877    -73.5974
      0.475      255.0      6.7380   -231.4082    -68.7627
      0.475      260.0      7.2649   -217.0763    -63.8630
      0.475      265.0      7.6308   -200.0271    -58.2114
      0.475      270.0      7.8118   -178.0916    -51.1368
      0.475      275.0      8.2450   -151.5467    -42.4301
      0.475      280.0      8.8928   -124.2629    -33.3437
      0.475      285.0      9.6052    -94.9424    -23.5678
      0.475      290.0     10.4717    -64.0032    -13.1744
      0.475      295.0     11.0874    -37.4886     -4.3535
      0.475      300.0     11.3668    -18.8280      1.7500
      0.475      305.0     11.4858     -6.1551      5.8470
      0.475      310.0     11.5440      2.6514      8.6775
      0.475      315.0     11.5786      8.8023     10.6503
      0.475      320.0     11.6113     13.0157     12.0078
      0.475      325.0     11.6587     15.7562     12.9085
      0.475      330.0     11.6589     15.7573     12.9090
      0.475      335.0     11.6589     15.7573     12.9090
      0.475      340.0     11.6589     15.7573     12.9090
      0.475      345.0     11.6589     15.7573     12.9090
      0.475      350.0     11.6589     15.7573     12.9090
      0.475      355.0     11.6589     15.7573     12.9090
      0.475      360.0     11.6589     15.7573     12.9090
      0.475      365.0     11.6589     15.7573     12.9090
      0.475      370.0     11.6589     15.7573     12.9090
      0.475      375.0     11.6589     15.7573     12.9089
      0.475      380.0     11.6589     15.7573     12.9089
      0.475      385.0     11.6589     15.7573     12.9089
      0.475      390.0     11.6589     15.7572     12.9089
      0.475      395.0     11.6589     15.7572     12.9089
      0.475      400.0     11.6589     15.7572     12.9089
      0.480      200.0         NaN        -Inf        -Inf
      0.480      205.0         NaN        -Inf        -Inf
      0.480      210.0         NaN        -Inf        -Inf
      0.480      215.0         NaN        -Inf        -Inf
      0.480      220.0         NaN        -Inf        -Inf
      0.480      225.0         NaN        -Inf        -Inf
      0.480      230.0         NaN        -Inf        -Inf
      0.480      235.0     -3.7489   -400.9148   -129.6016
      0.480      240.0     -1.3163   -316.6504   -101.2453
      0.480      245.0      2.2480   -279.6784    -87.1085
      0.480      250.0      4.8828   -261.7220    -79.6291
      0.480      255.0      6.2400   -245.3411    -73.5163
      0.480      260.0      6.9346   -230.6463    -68.3877
      0.480      265.0      7.3975   -214.6704    -63.0104
      0.480      270.0      7.6982   -195.6159    -56.7676
      0.480      275.0      7.9152   -171.4731    -48.9691
      0.480      280.0      8.4857   -143.5007    -39.7168
      0.480      285.0      9.2514   -114.0372    -29.8595
      0.480      290.0     10.1728    -81.8889    -19.0457
      0.480      295.0     11.0191    -50.5238     -8.5310
      0.480      300.0     11.4212    -26.9141     -0.7757
      0.480      305.0     11.5399    -11.2036      4.2838
      0.480      310.0     11.5723     -0.6579      7.6479
      0.480      315.0     11.5856      6.4308      9.9035
      0.480      320.0     11.5862      6.4330      9.9046
      0.480      325.0     11.5862      6.4330      9.9046
      0.480      330.0     11.5862      6.4330      9.9046
      0.480      335.0     11.5862      6.4330      9.9046
      0.480      340.0     11.5862      6.4330      9.9046
      0.480      345.0     11.5862      6.4330      9.9046
      0.480      350.0     11.5862      6.4330      9.9046
      0.480      355.0     11.5862      6.4330      9.9046
      0.480      360.0     11.5862      6.4330      9.9046
      0.480      365.0     11.5862      6.4330      9.9046
      0.480      370.0     11.5862      6.4330      9.9046
      0.480      375.0     11.5862      6.4330      9.9046
      0.480      380.0     11.5862      6.4330      9.9045
      0.480      385.0     11.5862      6.4329      9.9045
      0.480      390.0     11.5862      6.4329      9.9045
      0.480      395.0     11.5862      6.4329      9.9045
      0.480      400.0     11.5862      6.4329      9.9045
=============================================================