Star: BD17;    Mass table: dz28
Tables of ages from Th/U, Th/X and U/X chronometers
=============================================================
      Ye         S_final      Th/U      Th/X       U/X
=============================================================
      0.400      200.0      4.8131   -206.0508    -62.0333
      0.400      205.0      6.3617   -182.5482    -53.5336
      0.400      210.0      8.0247   -159.8059    -45.1971
      0.400      215.0      9.2769   -137.4632    -37.2663
      0.400      220.0     10.0472   -115.2048    -29.6892
      0.400      225.0     10.4833    -93.1909    -22.4166
      0.400      230.0     10.8262    -71.9658    -15.4573
      0.400      235.0     11.1807    -52.2507     -8.9685
      0.400      240.0     11.6200    -35.0657     -3.2241
      0.400      245.0     12.1298    -20.8464      1.6284
      0.400      250.0     12.5534     -9.4436      5.5297
      0.400      255.0     12.8392     -0.3782      8.5967
      0.400      260.0     13.0374      6.9340     11.0486
      0.400      265.0     13.2019     12.8550     13.0367
      0.400      270.0     13.3518     17.4676     14.6003
      0.400      275.0     13.4803     20.8413     15.7567
      0.400      280.0     13.5792     23.1562     16.5575
      0.400      285.0     13.6535     24.6644     17.0859
      0.400      290.0     13.7135     25.6191     17.4292
      0.400      295.0     13.7624     26.2223     17.6536
      0.400      300.0     13.7989     26.6099     17.8012
      0.400      305.0     13.8267     26.8722     17.9032
      0.400      310.0     13.8502     27.0573     17.9778
      0.400      315.0     13.8654     27.1692     18.0236
      0.400      320.0     13.8694     27.2122     18.0399
      0.400      325.0     13.8696     27.2223     18.0432
      0.400      330.0     13.8696     27.2222     18.0432
      0.400      335.0     13.8696     27.2222     18.0432
      0.400      340.0     13.8696     27.2222     18.0432
      0.400      345.0     13.8696     27.2222     18.0432
      0.400      350.0     13.8696     27.2222     18.0432
      0.400      355.0     13.8696     27.2222     18.0432
      0.400      360.0     13.8696     27.2221     18.0432
      0.400      365.0     13.8696     27.2221     18.0432
      0.400      370.0     13.8696     27.2221     18.0432
      0.400      375.0     13.8696     27.2221     18.0432
      0.400      380.0     13.8696     27.2221     18.0432
      0.400      385.0     13.8696     27.2221     18.0432
      0.400      390.0     13.8696     27.2221     18.0432
      0.400      395.0     13.8696     27.2220     18.0431
      0.400      400.0     13.8696     27.2220     18.0431
      0.405      200.0      4.1183   -224.4751    -68.3439
      0.405      205.0      5.1278   -201.5708    -60.3998
      0.405      210.0      6.7567   -178.0882    -51.8520
      0.405      215.0      8.3440   -155.3102    -43.5556
      0.405      220.0      9.4691   -132.8756    -35.6819
      0.405      225.0     10.1378   -110.5943    -28.1666
      0.405      230.0     10.5329    -88.6909    -20.9569
      0.405      235.0     10.8785    -67.7084    -14.0725
      0.405      240.0     11.2409    -48.4420     -7.7206
      0.405      245.0     11.7095    -31.8788     -2.1534
      0.405      250.0     12.2184    -18.2652      2.5065
      0.405      255.0     12.6193     -7.3714      6.2311
      0.405      260.0     12.8863      1.2906      9.1575
      0.405      265.0     13.0740      8.2911     11.5035
      0.405      270.0     13.2336     13.9588     13.4081
      0.405      275.0     13.3805     18.3622     14.9033
      0.405      280.0     13.5052     21.5680     16.0039
      0.405      285.0     13.6002     23.7539     16.7612
      0.405      290.0     13.6720     25.1692     17.2584
      0.405      295.0     13.7303     26.0643     17.5817
      0.405      300.0     13.7775     26.6325     17.7938
      0.405      305.0     13.8124     27.0007     17.9342
      0.405      310.0     13.8395     27.2531     18.0326
      0.405      315.0     13.8623     27.4316     18.1047
      0.405      320.0     13.8767     27.5382     18.1482
      0.405      325.0     13.8802     27.5778     18.1631
      0.405      330.0     13.8801     27.5845     18.1652
      0.405      335.0     13.8801     27.5844     18.1652
      0.405      340.0     13.8801     27.5844     18.1652
      0.405      345.0     13.8801     27.5844     18.1652
      0.405      350.0     13.8801     27.5844     18.1652
      0.405      355.0     13.8801     27.5844     18.1651
      0.405      360.0     13.8801     27.5844     18.1651
      0.405      365.0     13.8801     27.5844     18.1651
      0.405      370.0     13.8801     27.5844     18.1651
      0.405      375.0     13.8801     27.5843     18.1651
      0.405      380.0     13.8801     27.5843     18.1651
      0.405      385.0     13.8801     27.5843     18.1651
      0.405      390.0     13.8801     27.5843     18.1651
      0.405      395.0     13.8801     27.5843     18.1651
      0.405      400.0     13.8801     27.5843     18.1651
      0.410      200.0      3.2658   -239.3102    -73.6242
      0.410      205.0      4.3391   -220.4832    -66.9290
      0.410      210.0      5.4741   -197.1049    -58.7494
      0.410      215.0      7.1415   -173.6178    -50.1740
      0.410      220.0      8.6249   -150.8135    -41.9398
      0.410      225.0      9.6268   -128.3165    -34.1300
      0.410      230.0     10.2084   -106.0539    -26.6798
      0.410      235.0     10.5827    -84.2923    -19.5291
      0.410      240.0     10.9276    -63.5693    -12.7275
      0.410      245.0     11.3071    -44.8161     -6.5266
      0.410      250.0     11.8012    -28.8799     -1.1407
      0.410      255.0     12.3023    -15.8425      3.3313
      0.410      260.0     12.6806     -5.4264      6.8891
      0.410      265.0     12.9306      2.8569      9.6840
      0.410      270.0     13.1094      9.5645     11.9311
      0.410      275.0     13.2648     14.9933     13.7571
      0.410      280.0     13.4086     19.2006     15.1881
      0.410      285.0     13.5294     22.2492     16.2363
      0.410      290.0     13.6207     24.3144     16.9527
      0.410      295.0     13.6903     25.6450     17.4217
      0.410      300.0     13.7471     26.4866     17.7269
      0.410      305.0     13.7925     27.0235     17.9279
      0.410      310.0     13.8259     27.3745     18.0618
      0.410      315.0     13.8524     27.6181     18.1570
      0.410      320.0     13.8747     27.7906     18.2268
      0.410      325.0     13.8878     27.8895     18.2671
      0.410      330.0     13.8900     27.9193     18.2780
      0.410      335.0     13.8901     27.9220     18.2789
      0.410      340.0     13.8901     27.9219     18.2789
      0.410      345.0     13.8901     27.9219     18.2789
      0.410      350.0     13.8901     27.9219     18.2789
      0.410      355.0     13.8901     27.9219     18.2789
      0.410      360.0     13.8901     27.9219     18.2789
      0.410      365.0     13.8901     27.9219     18.2789
      0.410      370.0     13.8901     27.9219     18.2789
      0.410      375.0     13.8901     27.9219     18.2788
      0.410      380.0     13.8901     27.9219     18.2788
      0.410      385.0     13.8901     27.9218     18.2788
      0.410      390.0     13.8901     27.9218     18.2788
      0.410      395.0     13.8901     27.9218     18.2788
      0.410      400.0     13.8901     27.9218     18.2788
      0.415      200.0      2.1546   -252.4571    -78.5451
      0.415      205.0      3.5312   -236.0557    -72.4126
      0.415      210.0      4.5790   -216.3724    -65.4633
      0.415      215.0      5.8392   -192.6907    -57.1026
      0.415      220.0      7.4993   -169.1971    -48.5301
      0.415      225.0      8.8673   -146.3367    -40.3565
      0.415      230.0      9.7545   -123.8021    -32.6126
      0.415      235.0     10.2662   -101.6090    -25.2319
      0.415      240.0     10.6334    -80.0148    -18.1390
      0.415      245.0     10.9738    -59.5909    -11.4353
      0.415      250.0     11.3798    -41.3970     -5.3937
      0.415      255.0     11.8925    -26.0748     -0.1897
      0.415      260.0     12.3810    -13.5787      4.1022
      0.415      265.0     12.7376     -3.6096      7.5036
      0.415      270.0     12.9722      4.3217     10.1764
      0.415      275.0     13.1434     10.7549     12.3315
      0.415      280.0     13.2954     15.9597     14.0841
      0.415      285.0     13.4360     19.9849     15.4552
      0.415      290.0     13.5527     22.8891     16.4549
      0.415      295.0     13.6407     24.8449     17.1344
      0.415      300.0     13.7083     26.0978     17.5774
      0.415      305.0     13.7636     26.8916     17.8665
      0.415      310.0     13.8073     27.4007     18.0575
      0.415      315.0     13.8391     27.7310     18.1838
      0.415      320.0     13.8650     27.9653     18.2756
      0.415      325.0     13.8856     28.1201     18.3386
      0.415      330.0     13.8961     28.2025     18.3719
      0.415      335.0     13.8977     28.2270     18.3808
      0.415      340.0     13.8978     28.2287     18.3813
      0.415      345.0     13.8978     28.2286     18.3813
      0.415      350.0     13.8978     28.2286     18.3813
      0.415      355.0     13.8978     28.2286     18.3813
      0.415      360.0     13.8978     28.2286     18.3813
      0.415      365.0     13.8978     28.2286     18.3813
      0.415      370.0     13.8978     28.2286     18.3813
      0.415      375.0     13.8978     28.2286     18.3813
      0.415      380.0     13.8978     28.2286     18.3813
      0.415      385.0     13.8978     28.2286     18.3813
      0.415      390.0     13.8978     28.2286     18.3813
      0.415      395.0     13.8978     28.2286     18.3813
      0.415      400.0     13.8978     28.2285     18.3813
      0.420      200.0      0.8633   -265.9996    -83.7136
      0.420      205.0      2.4305   -249.3625    -77.3771
      0.420      210.0      3.8100   -232.7463    -71.1745
      0.420      215.0      4.8426   -212.2001    -63.9621
      0.420      220.0      6.2088   -188.3172    -55.4657
      0.420      225.0      7.8214   -164.8139    -46.9223
      0.420      230.0      9.0687   -141.9350    -38.8248
      0.420      235.0      9.8533   -119.4087    -31.1532
      0.420      240.0     10.3167    -97.2960    -23.8307
      0.420      245.0     10.6795    -75.8854    -16.7991
      0.420      250.0     11.0188    -55.8140    -10.2077
      0.420      255.0     11.4568    -38.2050     -4.3298
      0.420      260.0     11.9812    -23.4642      0.6978
      0.420      265.0     12.4542    -11.4730      4.8191
      0.420      270.0     12.7905     -1.9185      8.0754
      0.420      275.0     13.0116      5.6845     10.6351
      0.420      280.0     13.1768     11.8623     12.7050
      0.420      285.0     13.3256     16.8591     14.3897
      0.420      290.0     13.4628     20.7146     15.7047
      0.420      295.0     13.5755     23.4835     16.6587
      0.420      300.0     13.6604     25.3329     17.3025
      0.420      305.0     13.7263     26.5122     17.7209
      0.420      310.0     13.7798     27.2453     17.9895
      0.420      315.0     13.8205     27.7024     18.1620
      0.420      320.0     13.8503     28.0044     18.2780
      0.420      325.0     13.8753     28.2184     18.3628
      0.420      330.0     13.8948     28.3637     18.4221
      0.420      335.0     13.9037     28.4359     18.4510
      0.420      340.0     13.9049     28.4562     18.4583
      0.420      345.0     13.9049     28.4573     18.4586
      0.420      350.0     13.9049     28.4572     18.4586
      0.420      355.0     13.9049     28.4572     18.4586
      0.420      360.0     13.9049     28.4572     18.4586
      0.420      365.0     13.9049     28.4572     18.4586
      0.420      370.0     13.9049     28.4572     18.4586
      0.420      375.0     13.9049     28.4572     18.4586
      0.420      380.0     13.9049     28.4572     18.4586
      0.420      385.0     13.9049     28.4572     18.4586
      0.420      390.0     13.9049     28.4572     18.4586
      0.420      395.0     13.9049     28.4572     18.4586
      0.420      400.0     13.9049     28.4572     18.4586
      0.425      200.0     -0.6883   -280.7899    -89.4542
      0.425      205.0      1.1525   -262.8593    -82.5220
      0.425      210.0      2.7206   -246.2983    -76.2090
      0.425      215.0      4.0947   -229.4253    -69.9288
      0.425      220.0      5.1237   -208.0929    -62.4696
      0.425      225.0      6.5632   -184.0513    -53.8731
      0.425      230.0      8.1005   -160.5404    -45.3785
      0.425      235.0      9.2349   -137.6322    -37.3483
      0.425      240.0      9.9312   -115.1430    -29.7484
      0.425      245.0     10.3648    -93.1460    -22.4829
      0.425      250.0     10.7180    -71.9306    -15.5195
      0.425      255.0     11.0672    -52.2701     -9.0518
      0.425      260.0     11.5365    -35.2523     -3.3399
      0.425      265.0     12.0654    -21.0571      1.5178
      0.425      270.0     12.5218     -9.5303      5.4807
      0.425      275.0     12.8395     -0.3584      8.6032
      0.425      280.0     13.0493      6.9460     11.0604
      0.425      285.0     13.2094     12.8880     13.0523
      0.425      290.0     13.3550     17.6918     14.6735
      0.425      295.0     13.4884     21.3922     15.9368
      0.425      300.0     13.5973     24.0355     16.8484
      0.425      305.0     13.6791     25.7439     17.4454
      0.425      310.0     13.7427     26.7964     17.8222
      0.425      315.0     13.7940     27.4559     18.0660
      0.425      320.0     13.8326     27.8797     18.2264
      0.425      325.0     13.8613     28.1651     18.3364
      0.425      330.0     13.8860     28.3694     18.4179
      0.425      335.0     13.9042     28.5039     18.4729
      0.425      340.0     13.9113     28.5661     18.4974
      0.425      345.0     13.9121     28.5827     18.5032
      0.425      350.0     13.9121     28.5827     18.5032
      0.425      355.0     13.9121     28.5826     18.5032
      0.425      360.0     13.9121     28.5826     18.5032
      0.425      365.0     13.9121     28.5826     18.5032
      0.425      370.0     13.9121     28.5826     18.5032
      0.425      375.0     13.9121     28.5826     18.5032
      0.425      380.0     13.9121     28.5826     18.5032
      0.425      385.0     13.9121     28.5826     18.5032
      0.425      390.0     13.9121     28.5826     18.5032
      0.425      395.0     13.9121     28.5826     18.5032
      0.425      400.0     13.9121     28.5826     18.5032
      0.430      200.0     -2.6636   -298.1369    -96.2928
      0.430      205.0     -0.3912   -277.6482    -88.2569
      0.430      210.0      1.4450   -259.8636    -81.3740
      0.430      215.0      3.0127   -243.3823    -75.0865
      0.430      220.0      4.3831   -226.1235    -68.6866
      0.430      225.0      5.4241   -204.0590    -60.9872
      0.430      230.0      6.8899   -179.9194    -52.3419
      0.430      235.0      8.3379   -156.3870    -43.9010
      0.430      240.0      9.3670   -133.4831    -35.9438
      0.430      245.0      9.9915   -111.0673    -28.4158
      0.430      250.0     10.4094    -89.1994    -21.2019
      0.430      255.0     10.7484    -68.1857    -14.3121
      0.430      260.0     11.1194    -48.9939     -7.9780
      0.430      265.0     11.6165    -32.5362     -2.4248
      0.430      270.0     12.1452    -18.8434      2.2736
      0.430      275.0     12.5842     -7.7408      6.0902
      0.430      280.0     12.8853      1.0821      9.0907
      0.430      285.0     13.0856      8.1137     11.4552
      0.430      290.0     13.2415     13.8380     13.3751
      0.430      295.0     13.3846     18.4644     14.9385
      0.430      300.0     13.5146     22.0120     16.1510
      0.430      305.0     13.6196     24.4375     16.9910
      0.430      310.0     13.6985     25.9947     17.5381
      0.430      315.0     13.7608     26.9632     17.8873
      0.430      320.0     13.8102     27.5733     18.1142
      0.430      325.0     13.8469     27.9705     18.2650
      0.430      330.0     13.8749     28.2414     18.3698
      0.430      335.0     13.8990     28.4354     18.4477
      0.430      340.0     13.9156     28.5581     18.4978
      0.430      345.0     13.9208     28.6094     18.5176
      0.430      350.0     13.9211     28.6217     18.5217
      0.430      355.0     13.9211     28.6216     18.5217
      0.430      360.0     13.9211     28.6216     18.5217
      0.430      365.0     13.9211     28.6216     18.5217
      0.430      370.0     13.9211     28.6216     18.5217
      0.430      375.0     13.9211     28.6216     18.5217
      0.430      380.0     13.9211     28.6216     18.5217
      0.430      385.0     13.9211     28.6216     18.5217
      0.430      390.0     13.9211     28.6216     18.5217
      0.430      395.0     13.9211     28.6216     18.5217
      0.430      400.0     13.9211     28.6216     18.5217
      0.435      200.0     -5.4943   -322.6115   -105.9710
      0.435      205.0     -2.3290   -294.7719    -94.9992
      0.435      210.0     -0.0882   -274.6516    -87.1015
      0.435      215.0      1.7438   -256.9949    -80.2621
      0.435      220.0      3.3164   -240.5415    -73.9801
      0.435      225.0      4.6665   -222.8887    -67.4690
      0.435      230.0      5.7208   -200.2157    -59.5678
      0.435      235.0      7.1770   -175.9834    -50.8996
      0.435      240.0      8.5311   -152.4437    -42.5201
      0.435      245.0      9.4665   -129.5726    -34.6369
      0.435      250.0     10.0391   -107.2403    -27.1707
      0.435      255.0     10.4463    -85.4886    -20.0008
      0.435      260.0     10.7723    -64.7208    -13.1978
      0.435      265.0     11.1754    -46.0152     -6.9960
      0.435      270.0     11.6942    -30.0795     -1.5935
      0.435      275.0     12.2189    -16.8346      2.9603
      0.435      280.0     12.6420     -6.1087      6.6467
      0.435      285.0     12.9285      2.4037      9.5389
      0.435      290.0     13.1217      9.1995     11.8238
      0.435      295.0     13.2819     14.7817     13.7017
      0.435      300.0     13.4288     19.2255     15.2096
      0.435      305.0     13.5560     22.5412     16.3469
      0.435      310.0     13.6556     24.8030     17.1313
      0.435      315.0     13.7314     26.2387     17.6377
      0.435      320.0     13.7914     27.1288     17.9605
      0.435      325.0     13.8384     27.6936     18.1714
      0.435      330.0     13.8729     28.0628     18.3118
      0.435      335.0     13.9000     28.3185     18.4113
      0.435      340.0     13.9233     28.5002     18.4847
      0.435      345.0     13.9376     28.6082     18.5286
      0.435      350.0     13.9408     28.6473     18.5432
      0.435      355.0     13.9407     28.6527     18.5449
      0.435      360.0     13.9407     28.6526     18.5448
      0.435      365.0     13.9407     28.6526     18.5448
      0.435      370.0     13.9407     28.6526     18.5448
      0.435      375.0     13.9407     28.6526     18.5448
      0.435      380.0     13.9407     28.6526     18.5448
      0.435      385.0     13.9407     28.6526     18.5448
      0.435      390.0     13.9407     28.6526     18.5448
      0.435      395.0     13.9407     28.6526     18.5448
      0.435      400.0     13.9407     28.6526     18.5448
      0.440      200.0     -8.2605   -369.9403   -122.8483
      0.440      205.0     -5.1296   -318.7796   -104.5090
      0.440      210.0     -2.0070   -291.7154    -93.8120
      0.440      215.0      0.2152   -271.8468    -86.0066
      0.440      220.0      2.0456   -254.2792    -79.1965
      0.440      225.0      3.6218   -237.8505    -72.9199
      0.440      230.0      4.9443   -219.7552    -66.2874
      0.440      235.0      6.0008   -196.5878    -58.2280
      0.440      240.0      7.4201   -172.2757    -49.5595
      0.440      245.0      8.6841   -148.7451    -41.2442
      0.440      250.0      9.5406   -125.9217    -33.4296
      0.440      255.0     10.0804   -103.6754    -26.0128
      0.440      260.0     10.4712    -82.0472    -18.8932
      0.440      265.0     10.7943    -61.5581    -12.1805
      0.440      270.0     11.2341    -43.3360     -6.1071
      0.440      275.0     11.7674    -27.8658     -0.8422
      0.440      280.0     12.2872    -15.0016      3.5875
      0.440      285.0     12.7029     -4.5151      7.1931
      0.440      290.0     12.9881      3.9090     10.0564
      0.440      295.0     13.1795     10.5537     12.2922
      0.440      300.0     13.3352     15.9026     14.0931
      0.440      305.0     13.4753     20.1206     15.5249
      0.440      310.0     13.5954     23.2254     16.5904
      0.440      315.0     13.6895     25.3111     17.3153
      0.440      320.0     13.7620     26.6154     17.7779
      0.440      325.0     13.8193     27.4225     18.0726
      0.440      330.0     13.8634     27.9366     18.2655
      0.440      335.0     13.8955     28.2757     18.3947
      0.440      340.0     13.9220     28.5135     18.4880
      0.440      345.0     13.9437     28.6787     18.5551
      0.440      350.0     13.9548     28.7673     18.5907
      0.440      355.0     13.9563     28.7934     18.6000
      0.440      360.0     13.9563     28.7955     18.6007
      0.440      365.0     13.9563     28.7954     18.6007
      0.440      370.0     13.9563     28.7954     18.6007
      0.440      375.0     13.9563     28.7954     18.6007
      0.440      380.0     13.9563     28.7954     18.6007
      0.440      385.0     13.9563     28.7954     18.6007
      0.440      390.0     13.9563     28.7954     18.6007
      0.440      395.0     13.9563     28.7954     18.6007
      0.440      400.0     13.9563     28.7954     18.6007
      0.445      200.0    -11.3787   -419.9862   -140.8255
      0.445      205.0     -8.1369   -364.4914   -121.0375
      0.445      210.0     -4.7937   -315.4878   -103.2377
      0.445      215.0     -1.6968   -288.9751    -92.7329
      0.445      220.0      0.5109   -269.2954    -84.9973
      0.445      225.0      2.3390   -251.8235    -78.2191
      0.445      230.0      3.9197   -235.3865    -71.9368
      0.445      235.0      5.2042   -216.8623    -65.1941
      0.445      240.0      6.2445   -193.3182    -57.0263
      0.445      245.0      7.6121   -168.9319    -48.3695
      0.445      250.0      8.7951   -145.4140    -40.1131
      0.445      255.0      9.5907   -122.6448    -32.3570
      0.445      260.0     10.1129   -100.4594    -24.9716
      0.445      265.0     10.4813    -78.9138    -17.8934
      0.445      270.0     10.8170    -58.7230    -11.2666
      0.445      275.0     11.2938    -40.9321     -5.3047
      0.445      280.0     11.8956    -25.1431      0.1077
      0.445      285.0     12.4423    -12.1501      4.5965
      0.445      290.0     12.8280     -1.9645      8.0863
      0.445      295.0     13.0742      5.9391     10.7583
      0.445      300.0     13.2477     12.1997     12.8601
      0.445      305.0     13.3932     17.2412     14.5567
      0.445      310.0     13.5243     21.1894     15.8969
      0.445      315.0     13.6361     24.0537     16.8805
      0.445      320.0     13.7245     25.9371     17.5374
      0.445      325.0     13.7934     27.0991     17.9525
      0.445      330.0     13.8475     27.8175     18.2168
      0.445      335.0     13.8880     28.2771     18.3900
      0.445      340.0     13.9178     28.5831     18.5072
      0.445      345.0     13.9434     28.7996     18.5932
      0.445      350.0     13.9623     28.9416     18.6510
      0.445      355.0     13.9691     29.0051     18.6758
      0.445      360.0     13.9693     29.0189     18.6803
      0.445      365.0     13.9693     29.0188     18.6803
      0.445      370.0     13.9693     29.0188     18.6803
      0.445      375.0     13.9693     29.0188     18.6803
      0.445      380.0     13.9693     29.0188     18.6803
      0.445      385.0     13.9693     29.0188     18.6803
      0.445      390.0     13.9693     29.0187     18.6803
      0.445      395.0     13.9693     29.0187     18.6803
      0.445      400.0     13.9693     29.0187     18.6803
      0.450      200.0    -15.2775   -492.1960   -166.3569
      0.450      205.0    -11.1320   -415.7075   -139.3021
      0.450      210.0     -7.9988   -360.2886   -119.6118
      0.450      215.0     -4.5005   -312.8674   -102.2083
      0.450      220.0     -1.4142   -286.6704    -91.8107
      0.450      225.0      0.7879   -267.0934    -84.1114
      0.450      230.0      2.6214   -249.6685    -77.3444
      0.450      235.0      4.2034   -233.1781    -71.0443
      0.450      240.0      5.4416   -214.2807    -64.2148
      0.450      245.0      6.4460   -190.4518    -55.9811
      0.450      250.0      7.7525   -166.0145    -47.3495
      0.450      255.0      8.8694   -142.4872    -39.1351
      0.450      260.0      9.6228   -119.7600    -31.4210
      0.450      265.0     10.1339    -97.5784    -24.0443
      0.450      270.0     10.4799    -76.0199    -16.9771
      0.450      275.0     10.9238    -54.2904     -9.7894
      0.450      280.0     11.5025    -35.9504     -3.5843
      0.450      285.0     12.0765    -20.9822      1.5491
      0.450      290.0     12.5676     -8.9130      5.7075
      0.450      295.0     12.9119      0.5810      8.9500
      0.450      300.0     13.1363      7.9810     11.4476
      0.450      305.0     13.3003     13.8740     13.4265
      0.450      310.0     13.4396     18.6132     15.0229
      0.450      315.0     13.5637     22.2810     16.2696
      0.450      320.0     13.6694     24.8817     17.1655
      0.450      325.0     13.7534     26.5491     17.7510
      0.450      330.0     13.8189     27.5625     18.1166
      0.450      335.0     13.8693     28.1896     18.3496
      0.450      340.0     13.9061     28.5923     18.5022
      0.450      345.0     13.9341     28.8639     18.6073
      0.450      350.0     13.9582     29.0538     18.6839
      0.450      355.0     13.9725     29.1634     18.7282
      0.450      360.0     13.9746     29.1971     18.7404
      0.450      365.0     13.9746     29.1998     18.7413
      0.450      370.0     13.9746     29.1998     18.7413
      0.450      375.0     13.9746     29.1998     18.7413
      0.450      380.0     13.9746     29.1998     18.7413
      0.450      385.0     13.9746     29.1998     18.7413
      0.450      390.0     13.9746     29.1997     18.7412
      0.450      395.0     13.9746     29.1997     18.7412
      0.450      400.0     13.9746     29.1997     18.7412
      0.455      200.0         NaN        -Inf        -Inf
      0.455      205.0    -15.3015   -486.9866   -164.7222
      0.455      210.0    -11.0181   -412.6008   -138.2402
      0.455      215.0     -7.8646   -357.6786   -118.6935
      0.455      220.0     -4.2759   -311.1424   -101.5090
      0.455      225.0     -1.1724   -284.9158    -91.0905
      0.455      230.0      1.0376   -265.3340    -83.3843
      0.455      235.0      2.8804   -247.9160    -76.6132
      0.455      240.0      4.4621   -231.3018    -70.2740
      0.455      245.0      5.6503   -212.1314    -63.3919
      0.455      250.0      6.5943   -188.1748    -55.1588
      0.455      255.0      7.8426   -163.6293    -46.5325
      0.455      260.0      8.9083   -140.0489    -38.3360
      0.455      265.0      9.6610   -116.7299    -30.4348
      0.455      270.0     10.2223    -91.3405    -22.0074
      0.455      275.0     10.5740    -68.4245    -14.5062
      0.455      280.0     11.0576    -48.3563     -7.8179
      0.455      285.0     11.6368    -31.4188     -2.0569
      0.455      290.0     12.2004    -17.3323      2.7899
      0.455      295.0     12.6670     -5.9363      6.7183
      0.455      300.0     12.9852      3.0082      9.7690
      0.455      305.0     13.1958      9.9905     12.1248
      0.455      310.0     13.3533     15.5583     13.9962
      0.455      315.0     13.4867     20.0015     15.4950
      0.455      320.0     13.6050     23.3672     16.6419
      0.455      325.0     13.7053     25.6737     17.4410
      0.455      330.0     13.7850     27.1029     17.9480
      0.455      335.0     13.8463     27.9598     18.2612
      0.455      340.0     13.8921     28.4919     18.4609
      0.455      345.0     13.9247     28.8355     18.5919
      0.455      350.0     13.9519     29.0707     18.6849
      0.455      355.0     13.9721     29.2231     18.7469
      0.455      360.0     13.9785     29.2861     18.7712
      0.455      365.0     13.9784     29.2947     18.7739
      0.455      370.0     13.9784     29.2946     18.7739
      0.455      375.0     13.9784     29.2946     18.7739
      0.455      380.0     13.9784     29.2946     18.7739
      0.455      385.0     13.9784     29.2946     18.7739
      0.455      390.0     13.9784     29.2946     18.7738
      0.455      395.0     13.9784     29.2946     18.7738
      0.455      400.0     13.9784     29.2945     18.7738
      0.460      200.0         NaN        -Inf        -Inf
      0.460      205.0         NaN        -Inf        -Inf
      0.460      210.0    -15.3955   -485.5093   -164.3179
      0.460      215.0    -11.0578   -411.1409   -137.8044
      0.460      220.0     -7.7637   -356.9420   -118.3916
      0.460      225.0     -4.1449   -310.5215   -101.2234
      0.460      230.0     -0.9866   -283.8347    -90.6217
      0.460      235.0      1.2493   -264.1106    -82.8529
      0.460      240.0      3.1108   -246.5789    -76.0330
      0.460      245.0      4.6760   -229.8596    -69.6717
      0.460      250.0      5.8182   -210.5811    -62.7867
      0.460      255.0      6.7004   -186.4114    -54.5280
      0.460      260.0      8.0939   -158.6663    -44.7890
      0.460      265.0      9.1764   -132.1794    -35.6600
      0.460      270.0      9.8541   -107.6818    -27.4362
      0.460      275.0     10.2616    -84.2538    -19.7348
      0.460      280.0     10.6384    -62.5420    -12.5982
      0.460      285.0     11.1885    -43.3944     -6.1565
      0.460      290.0     11.7855    -27.1415     -0.6004
      0.460      295.0     12.3446    -13.6234      4.0633
      0.460      300.0     12.7829     -2.7863      7.7953
      0.460      305.0     13.0728      5.6452     10.6642
      0.460      310.0     13.2684     12.2192     12.8803
      0.460      315.0     13.4170     17.4472     14.6381
      0.460      320.0     13.5436     21.5501     16.0243
      0.460      325.0     13.6559     24.5446     17.0496
      0.460      330.0     13.7504     26.4931     17.7312
      0.460      335.0     13.8243     27.6524     18.1488
      0.460      340.0     13.8797     28.3459     18.4062
      0.460      345.0     13.9191     28.7776     18.5698
      0.460      350.0     13.9487     29.0599     18.6793
      0.460      355.0     13.9730     29.2464     18.7549
      0.460      360.0     13.9826     29.3307     18.7881
      0.460      365.0     13.9826     29.3307     18.7881
      0.460      370.0     13.9826     29.3307     18.7881
      0.460      375.0     13.9826     29.3307     18.7881
      0.460      380.0     13.9826     29.3307     18.7881
      0.460      385.0     13.9826     29.3307     18.7881
      0.460      390.0     13.9826     29.3307     18.7881
      0.460      395.0     13.9826     29.3306     18.7881
      0.460      400.0     13.9826     29.3306     18.7881
      0.465      200.0         NaN        -Inf        -Inf
      0.465      205.0         NaN        -Inf        -Inf
      0.465      210.0         NaN        -Inf        -Inf
      0.465      215.0    -15.6289   -488.7111   -165.4911
      0.465      220.0    -11.2726   -411.9579   -138.2092
      0.465      225.0     -7.7496   -358.4511   -118.8602
      0.465      230.0     -4.1582   -311.5724   -101.5654
      0.465      235.0     -0.8896   -283.7534    -90.5301
      0.465      240.0      1.4076   -263.5954    -82.5821
      0.465      245.0      3.2940   -245.7969    -75.6608
      0.465      250.0      4.8521   -228.7519    -69.2012
      0.465      255.0      6.1429   -204.2735    -60.5672
      0.465      260.0      7.1462   -176.8189    -51.1853
      0.465      265.0      8.3576   -150.3427    -41.9721
      0.465      270.0      9.2923   -125.3435    -33.4149
      0.465      275.0      9.9108   -101.0955    -25.3104
      0.465      280.0     10.2847    -77.7877    -17.6699
      0.465      285.0     10.7554    -56.4872    -10.5999
      0.465      290.0     11.3656    -37.9460     -4.3096
      0.465      295.0     11.9752    -22.2238      1.0869
      0.465      300.0     12.5208     -9.2966      5.5541
      0.465      305.0     12.9193      0.9020      9.0567
      0.465      310.0     13.1774      8.7486     11.7187
      0.465      315.0     13.3548     14.8582     13.7754
      0.465      320.0     13.4920     19.6704     15.3936
      0.465      325.0     13.6117     23.3175     16.6307
      0.465      330.0     13.7183     25.8136     17.4941
      0.465      335.0     13.8053     27.3253     18.0323
      0.465      340.0     13.8706     28.1982     18.3532
      0.465      345.0     13.9170     28.7197     18.5500
      0.465      350.0     13.9491     29.0387     18.6729
      0.465      355.0     13.9491     29.0387     18.6729
      0.465      360.0     13.9491     29.0387     18.6729
      0.465      365.0     13.9491     29.0387     18.6729
      0.465      370.0     13.9491     29.0387     18.6729
      0.465      375.0     13.9491     29.0387     18.6729
      0.465      380.0     13.9491     29.0387     18.6729
      0.465      385.0     13.9491     29.0387     18.6729
      0.465      390.0     13.9491     29.0387     18.6729
      0.465      395.0     13.9491     29.0386     18.6729
      0.465      400.0     13.9491     29.0386     18.6729
      0.470      200.0         NaN        -Inf        -Inf
      0.470      205.0         NaN        -Inf        -Inf
      0.470      210.0         NaN        -Inf        -Inf
      0.470      215.0         NaN        -Inf        -Inf
      0.470      220.0    -16.0341   -500.0470   -169.3587
      0.470      225.0    -11.7183   -416.2377   -139.8682
      0.470      230.0     -7.9050   -362.3624   -120.2053
      0.470      235.0     -4.3634   -315.1066   -102.8248
      0.470      240.0     -0.9048   -284.9609    -90.9231
      0.470      245.0      2.0193   -260.1941    -81.0889
      0.470      250.0      4.0545   -239.5899    -73.1774
      0.470      255.0      5.5384   -220.1994    -66.0248
      0.470      260.0      6.4118   -197.0427    -58.0931
      0.470      265.0      7.3635   -170.1842    -48.9351
      0.470      270.0      8.5215   -143.7591    -39.7744
      0.470      275.0      9.4182   -118.2951    -31.0957
      0.470      280.0      9.9503    -93.4563    -22.8626
      0.470      285.0     10.3682    -70.0940    -15.1750
      0.470      290.0     10.9592    -49.2519     -8.1685
      0.470      295.0     11.6133    -31.2411     -2.0165
      0.470      300.0     12.2254    -16.1578      3.1791
      0.470      305.0     12.7367     -4.0140      7.3749
      0.470      310.0     13.0800      5.3392     10.5721
      0.470      315.0     13.3008     12.4669     12.9809
      0.470      320.0     13.4552     17.9904     14.8362
      0.470      325.0     13.5812     22.2160     16.2609
      0.470      330.0     13.6960     25.1913     17.2817
      0.470      335.0     13.7944     27.0081     17.9243
      0.470      340.0     13.8668     27.9702     18.2784
      0.470      345.0     13.8668     27.9702     18.2784
      0.470      350.0     13.8668     27.9702     18.2784
      0.470      355.0     13.8668     27.9702     18.2784
      0.470      360.0     13.8668     27.9702     18.2784
      0.470      365.0     13.8668     27.9702     18.2784
      0.470      370.0     13.8668     27.9702     18.2783
      0.470      375.0     13.8668     27.9702     18.2783
      0.470      380.0     13.8668     27.9702     18.2783
      0.470      385.0     13.8668     27.9702     18.2783
      0.470      390.0     13.8668     27.9701     18.2783
      0.470      395.0     13.8668     27.9701     18.2783
      0.470      400.0     13.8668     27.9701     18.2783
      0.475      200.0         NaN        -Inf        -Inf
      0.475      205.0         NaN        -Inf        -Inf
      0.475      210.0         NaN        -Inf        -Inf
      0.475      215.0         NaN        -Inf        -Inf
      0.475      220.0         NaN        -Inf        -Inf
      0.475      225.0        -Inf   -527.8634        -Inf
      0.475      230.0    -12.4344   -425.1063   -143.1649
      0.475      235.0     -8.3103   -368.0308   -122.2769
      0.475      240.0     -3.2754   -306.3766    -99.3195
      0.475      245.0      0.2718   -275.4740    -87.1177
      0.475      250.0      2.6615   -253.5162    -78.5366
      0.475      255.0      4.4638   -234.1072    -71.1620
      0.475      260.0      5.8282   -214.5839    -64.0484
      0.475      265.0      6.6338   -190.4360    -55.8487
      0.475      270.0      7.6136   -162.6664    -46.3828
      0.475      275.0      8.7486   -135.3407    -36.9523
      0.475      280.0      9.5449   -108.8843    -28.0272
      0.475      285.0     10.0178    -83.4274    -19.6385
      0.475      290.0     10.5876    -60.3297    -11.9316
      0.475      295.0     11.2836    -40.0334     -5.0268
      0.475      300.0     11.9531    -22.7447      0.9068
      0.475      305.0     12.5516     -8.6170      5.7904
      0.475      310.0     12.9895      2.3431      9.5611
      0.475      315.0     13.2628     10.5649     12.3523
      0.475      320.0     13.4390     16.7885     14.4443
      0.475      325.0     13.5735     21.4784     16.0219
      0.475      330.0     13.5735     21.4784     16.0219
      0.475      335.0     13.5735     21.4784     16.0219
      0.475      340.0     13.5735     21.4784     16.0219
      0.475      345.0     13.5735     21.4784     16.0219
      0.475      350.0     13.5735     21.4784     16.0219
      0.475      355.0     13.5735     21.4784     16.0219
      0.475      360.0     13.5735     21.4784     16.0219
      0.475      365.0     13.5735     21.4784     16.0219
      0.475      370.0     13.5735     21.4784     16.0219
      0.475      375.0     13.5735     21.4784     16.0219
      0.475      380.0     13.5735     21.4783     16.0219
      0.475      385.0     13.5735     21.4783     16.0219
      0.475      390.0     13.5735     21.4783     16.0219
      0.475      395.0     13.5735     21.4783     16.0219
      0.475      400.0     13.5735     21.4783     16.0219
      0.480      200.0         NaN         NaN         NaN
      0.480      205.0         NaN         NaN         NaN
      0.480      210.0         NaN        -Inf        -Inf
      0.480      215.0         NaN        -Inf        -Inf
      0.480      220.0         NaN        -Inf        -Inf
      0.480      225.0         NaN        -Inf        -Inf
      0.480      230.0        -Inf   -528.4130        -Inf
      0.480      235.0    -11.5861   -406.2844   -136.6241
      0.480      240.0     -6.6102   -349.3950   -115.2167
      0.480      245.0     -2.6485   -303.1266    -97.8639
      0.480      250.0      0.8263   -272.2365    -85.7152
      0.480      255.0      3.1742   -249.3127    -76.8563
      0.480      260.0      4.8898   -228.7748    -69.1828
      0.480      265.0      6.1636   -207.7926    -61.6684
      0.480      270.0      6.9193   -181.8879    -52.9458
      0.480      275.0      7.9594   -152.5237    -42.9336
      0.480      280.0      9.0160   -123.7300    -33.0912
      0.480      285.0      9.6513    -95.9304    -23.8497
      0.480      290.0     10.2606    -70.4390    -15.3573
      0.480      295.0     11.0138    -47.8337     -7.6820
      0.480      300.0     11.7506    -28.3417     -1.0045
      0.480      305.0     12.4149    -12.2572      4.5440
      0.480      310.0     12.9436      0.3003      8.8826
      0.480      315.0     13.2706      9.6146     12.0564
      0.480      320.0     13.2706      9.6146     12.0564
      0.480      325.0     13.2706      9.6145     12.0564
      0.480      330.0     13.2706      9.6145     12.0564
      0.480      335.0     13.2706      9.6145     12.0564
      0.480      340.0     13.2706      9.6145     12.0564
      0.480      345.0     13.2706      9.6145     12.0564
      0.480      350.0     13.2706      9.6145     12.0564
      0.480      355.0     13.2706      9.6145     12.0564
      0.480      360.0     13.2706      9.6145     12.0564
      0.480      365.0     13.2706      9.6145     12.0564
      0.480      370.0     13.2706      9.6145     12.0564
      0.480      375.0     13.2706      9.6145     12.0564
      0.480      380.0     13.2706      9.6145     12.0564
      0.480      385.0     13.2706      9.6145     12.0564
      0.480      390.0     13.2706      9.6145     12.0564
      0.480      395.0     13.2706      9.6145     12.0564
      0.480      400.0     13.2706      9.6144     12.0564
=============================================================