1  8.9007e-11
2  4.2531e-25
3  9.5620e-26
4  7.0313e-02
5  0.0000e+00
6  1.9043e-27
7  8.7478e-26
8  1.3157e-20
9  5.7974e-31
10  1.3172e-19
11  4.9429e-30
12  5.5055e-06
13  4.1961e-12
14  4.5722e-18
15  8.7239e-21
16  1.2297e-08
17  2.1971e-18
18  5.8035e-23
19  5.1622e-21
20  1.2839e-08
21  2.8167e-15
22  1.5363e-19
23  7.0574e-13
24  1.4754e-08
25  1.7072e-13
26  1.6015e-11
27  2.0139e-09
28  6.6226e-08
29  3.3566e-10
30  2.8230e-08
31  1.0324e-08
32  9.1905e-08
33  7.1045e-09
34  1.6374e-07
35  3.7005e-08
36  5.9602e-08
37  1.5056e-08
38  6.9515e-07
39  3.9890e-08
40  1.4103e-07
41  1.8310e-08
42  1.3868e-06
43  3.0457e-08
44  4.0686e-08
45  4.0819e-07
46  1.1088e-06
47  7.3218e-08
48  7.8122e-07
49  1.1881e-06
50  4.1320e-07
51  6.8326e-07
52  1.1732e-06
53  1.0931e-06
54  2.6629e-06
55  1.2369e-06
56  7.0185e-06
57  3.0403e-06
58  7.9685e-05
59  5.4638e-05
60  7.5173e-03
61  1.0226e-04
62  4.6780e-04
63  1.8911e-04
64  2.0267e-03
65  5.6609e-05
66  8.4846e-04
67  1.7383e-05
68  5.7097e-05
69  4.4645e-06
70  1.7530e-04
71  9.3775e-07
72  2.6741e-06
73  4.7017e-07
74  1.2837e-05
75  6.0468e-07
76  7.2824e-06
77  4.0304e-07
78  1.5224e-06
79  2.2721e-07
80  4.3589e-06
81  1.5339e-07
82  4.3876e-07
83  1.5724e-07
84  3.5958e-07
85  7.4216e-08
86  6.5334e-07
87  1.2143e-07
88  2.0869e-07
89  4.9791e-07
90  1.9373e-05
91  3.9977e-07
92  3.6850e-07
93  8.3886e-09
94  2.9880e-09
95  3.0855e-11
96  1.4910e-11
97  6.5099e-13
98  7.6239e-13
99  5.2445e-15
100  9.1044e-16
101  6.1906e-17
102  1.0307e-16
103  1.1466e-18
104  4.1028e-19
105  5.6783e-21
106  2.0387e-21
107  6.4053e-23
108  8.8676e-23
109  3.9842e-25
110  9.4042e-26
111  1.3339e-27
112  9.6032e-28
113  7.9413e-282
114  0.0000e+00
115  0.0000e+00
116  0.0000e+00
117  0.0000e+00
118  0.0000e+00
119  0.0000e+00
120  0.0000e+00
121  0.0000e+00
122  0.0000e+00
123  0.0000e+00
124  0.0000e+00
125  0.0000e+00
126  0.0000e+00
127  0.0000e+00
128  0.0000e+00
129  0.0000e+00
130  0.0000e+00
131  0.0000e+00
132  0.0000e+00
133  0.0000e+00
134  0.0000e+00
135  0.0000e+00
136  0.0000e+00
137  0.0000e+00
138  0.0000e+00
139  0.0000e+00
140  0.0000e+00
141  0.0000e+00
142  0.0000e+00
143  0.0000e+00
144  0.0000e+00
145  0.0000e+00
146  0.0000e+00
147  0.0000e+00
148  0.0000e+00
149  0.0000e+00
150  0.0000e+00
151  0.0000e+00
152  0.0000e+00
153  0.0000e+00
154  0.0000e+00
155  0.0000e+00
156  0.0000e+00
157  0.0000e+00
158  0.0000e+00
159  0.0000e+00
160  0.0000e+00
161  0.0000e+00
162  0.0000e+00
163  0.0000e+00
164  0.0000e+00
165  0.0000e+00
166  0.0000e+00
167  0.0000e+00
168  0.0000e+00
169  0.0000e+00
170  0.0000e+00
171  0.0000e+00
172  0.0000e+00
173  0.0000e+00
174  0.0000e+00
175  0.0000e+00
176  0.0000e+00
177  0.0000e+00
178  0.0000e+00
179  0.0000e+00
180  0.0000e+00
181  0.0000e+00
182  0.0000e+00
183  0.0000e+00
184  0.0000e+00
185  0.0000e+00
186  0.0000e+00
187  0.0000e+00
188  0.0000e+00
189  0.0000e+00
190  0.0000e+00
191  0.0000e+00
192  0.0000e+00
193  0.0000e+00
194  0.0000e+00
195  0.0000e+00
196  0.0000e+00
197  0.0000e+00
198  0.0000e+00
199  0.0000e+00
200  0.0000e+00
201  0.0000e+00
202  0.0000e+00
203  0.0000e+00
204  0.0000e+00
205  0.0000e+00
206  0.0000e+00
207  0.0000e+00
208  0.0000e+00
209  0.0000e+00
210  0.0000e+00
211  0.0000e+00
212  0.0000e+00
213  0.0000e+00
214  0.0000e+00
215  0.0000e+00
216  0.0000e+00
217  0.0000e+00
218  0.0000e+00
219  0.0000e+00
220  0.0000e+00
221  0.0000e+00
222  0.0000e+00
223  0.0000e+00
224  0.0000e+00
225  0.0000e+00
226  0.0000e+00
227  0.0000e+00
228  0.0000e+00
229  0.0000e+00
230  0.0000e+00
231  0.0000e+00
232  0.0000e+00
233  0.0000e+00
234  0.0000e+00
235  0.0000e+00
236  0.0000e+00
237  0.0000e+00
238  0.0000e+00
239  0.0000e+00
240  0.0000e+00
241  0.0000e+00
242  0.0000e+00
243  0.0000e+00
244  0.0000e+00
245  0.0000e+00
246  0.0000e+00
247  0.0000e+00
248  0.0000e+00
249  0.0000e+00
250  0.0000e+00
251  0.0000e+00
252  0.0000e+00
253  0.0000e+00
254  0.0000e+00
255  0.0000e+00
256  0.0000e+00
257  0.0000e+00
258  0.0000e+00
259  0.0000e+00
260  0.0000e+00
261  0.0000e+00
262  0.0000e+00
263  0.0000e+00
264  0.0000e+00
265  0.0000e+00
266  0.0000e+00
267  0.0000e+00
268  0.0000e+00
269  0.0000e+00
270  0.0000e+00
271  0.0000e+00
272  0.0000e+00
273  0.0000e+00
274  0.0000e+00
275  0.0000e+00
276  0.0000e+00
277  0.0000e+00
278  0.0000e+00
279  0.0000e+00
280  0.0000e+00
281  0.0000e+00
282  0.0000e+00
283  0.0000e+00
284  0.0000e+00
285  0.0000e+00
286  0.0000e+00
287  0.0000e+00
288  0.0000e+00
289  0.0000e+00
290  0.0000e+00
291  0.0000e+00
292  0.0000e+00
293  0.0000e+00
294  0.0000e+00
295  0.0000e+00
296  0.0000e+00
297  0.0000e+00
298  0.0000e+00
299  0.0000e+00
300  0.0000e+00
301  0.0000e+00
302  0.0000e+00
303  0.0000e+00
304  0.0000e+00
305  0.0000e+00
306  0.0000e+00
307  0.0000e+00
308  0.0000e+00
309  0.0000e+00
310  0.0000e+00
311  0.0000e+00
312  0.0000e+00
313  0.0000e+00
314  0.0000e+00
315  0.0000e+00
316  0.0000e+00
317  0.0000e+00
318  0.0000e+00
319  0.0000e+00
320  0.0000e+00
321  0.0000e+00
322  0.0000e+00
323  0.0000e+00
324  0.0000e+00
325  0.0000e+00
326  0.0000e+00
327  0.0000e+00
328  0.0000e+00
329  0.0000e+00
330  0.0000e+00
331  0.0000e+00
332  0.0000e+00
333  0.0000e+00
334  0.0000e+00
335  0.0000e+00
336  0.0000e+00
337  0.0000e+00

