1  2.5225e-09
2  1.7264e-09
3  6.6301e-11
4  2.2192e-01
5  0.0000e+00
6  4.9301e-12
7  1.3240e-10
8  4.7738e-12
9  4.4929e-13
10  1.4130e-11
11  1.2516e-10
12  2.1558e-09
13  1.4548e-09
14  8.4913e-07
15  1.9084e-07
16  1.6946e-08
17  7.3481e-10
18  2.4393e-08
19  9.1348e-08
20  1.3708e-07
21  3.1260e-07
22  5.0519e-09
23  1.3436e-07
24  5.5324e-08
25  5.9025e-08
26  5.4345e-08
27  2.8870e-07
28  8.3197e-07
29  1.3676e-07
30  6.4479e-08
31  8.2569e-08
32  1.3225e-07
33  1.0387e-06
34  7.9618e-07
35  1.2887e-08
36  1.9155e-08
37  6.1257e-08
38  1.5538e-07
39  2.9348e-07
40  4.7850e-07
41  2.6147e-08
42  7.5107e-07
43  3.8430e-07
44  5.3814e-08
45  1.3336e-07
46  1.2692e-07
47  1.3611e-07
48  2.6624e-07
49  2.7694e-07
50  2.8632e-07
51  5.4514e-08
52  1.2883e-07
53  1.1652e-07
54  6.7232e-08
55  8.3128e-08
56  4.3764e-07
57  6.4624e-07
58  2.2742e-08
59  3.3745e-08
60  7.7923e-08
61  1.0821e-07
62  7.2557e-08
63  3.0707e-07
64  1.1171e-07
65  9.6934e-08
66  2.1604e-07
67  1.4949e-07
68  9.8088e-08
69  1.0735e-07
70  3.9642e-07
71  7.1777e-08
72  2.0357e-07
73  1.7548e-07
74  5.7395e-07
75  1.1343e-06
76  1.5509e-06
77  2.2191e-06
78  4.0251e-06
79  6.2271e-06
80  9.6436e-06
81  2.8141e-06
82  3.3119e-06
83  2.5583e-06
84  1.4563e-06
85  1.4007e-06
86  2.5905e-06
87  3.0405e-06
88  3.3384e-06
89  7.2718e-07
90  1.4678e-06
91  1.1974e-06
92  1.7880e-06
93  1.1337e-06
94  3.0220e-06
95  1.1007e-06
96  2.5060e-06
97  3.7238e-06
98  9.5465e-07
99  1.2432e-06
100  1.7221e-06
101  2.1564e-06
102  1.9745e-06
103  2.0988e-06
104  1.3904e-06
105  1.3533e-06
106  3.6401e-06
107  4.1281e-06
108  7.1819e-06
109  2.0288e-05
110  3.6663e-05
111  6.0688e-06
112  2.3555e-05
113  1.3707e-05
114  1.6109e-05
115  1.7430e-05
116  2.2551e-06
117  3.1225e-06
118  1.3797e-06
119  7.8779e-07
120  3.2447e-06
121  1.3280e-06
122  1.4249e-06
123  1.1178e-06
124  6.4384e-06
125  9.2421e-06
126  3.1408e-05
127  4.1685e-05
128  7.2105e-05
129  1.3010e-04
130  5.6454e-05
131  1.7896e-05
132  2.3490e-05
133  2.5846e-05
134  3.0997e-05
135  1.9800e-05
136  1.4361e-05
137  1.8665e-05
138  2.3868e-05
139  1.7361e-05
140  2.8170e-05
141  1.9912e-05
142  6.2823e-06
143  4.3508e-06
144  5.5087e-06
145  3.6288e-07
146  2.4712e-07
147  3.2306e-07
148  7.1081e-07
149  5.5062e-07
150  3.2744e-06
151  2.2545e-06
152  4.3962e-06
153  2.2645e-06
154  2.8731e-06
155  2.3184e-06
156  1.1472e-06
157  1.8144e-06
158  2.5845e-06
159  1.4581e-07
160  1.1766e-06
161  1.2897e-06
162  7.9890e-07
163  6.6130e-07
164  1.5451e-06
165  9.9711e-07
166  2.6661e-06
167  1.8524e-06
168  1.0868e-06
169  2.5161e-06
170  6.2830e-07
171  5.7384e-07
172  4.5430e-07
173  2.9744e-07
174  6.7683e-07
175  2.9198e-07
176  5.1593e-07
177  7.9583e-07
178  3.4707e-07
179  1.6610e-07
180  2.0508e-07
181  2.1959e-07
182  1.5715e-07
183  8.2073e-08
184  4.7737e-08
185  1.9285e-08
186  2.0518e-08
187  1.2347e-08
188  1.6787e-08
189  1.0511e-08
190  3.7901e-08
191  6.1584e-08
192  6.5600e-08
193  4.2994e-08
194  7.9371e-08
195  6.8756e-08
196  6.2074e-08
197  3.9006e-08
198  1.5683e-08
199  4.3326e-09
200  2.3863e-09
201  2.2536e-10
202  4.4817e-11
203  3.5816e-12
204  6.6056e-13
205  4.0634e-13
206  1.4747e-12
207  1.3820e-12
208  1.7222e-12
209  1.1781e-12
210  3.6514e-26
211  8.6414e-29
212  5.0055e-17
213  1.7361e-45
214  9.1332e-18
215  1.1133e-16
216  2.7572e-32
217  0.0000e+00
218  5.9859e-22
219  1.6748e-30
220  1.1189e-42
221  0.0000e+00
222  2.0792e-28
223  1.3838e-25
224  9.5372e-18
225  3.7642e-40
226  3.1874e-23
227  9.6450e-23
228  3.6586e-20
229  1.3909e-29
230  1.4921e-21
231  1.4427e-19
232  1.6014e-14
233  4.2961e-27
234  2.3984e-18
235  3.1093e-15
236  2.1829e-18
237  -4.1449e-319
238  1.2826e-15
239  1.5078e-24
240  1.0940e-21
241  0.0000e+00
242  9.8400e-147
243  1.3346e-27
244  4.1593e-18
245  0.0000e+00
246  6.8616e-20
247  2.9466e-25
248  5.3317e-146
249  0.0000e+00
250  0.0000e+00
251  6.4549e-315
252  0.0000e+00
253  0.0000e+00
254  0.0000e+00
255  0.0000e+00
256  0.0000e+00
257  8.1187e-26
258  5.6129e-18
259  9.5723e-26
260  2.2907e-18
261  1.1225e-18
262  7.4439e-19
263  4.1728e-19
264  3.1567e-19
265  1.4604e-19
266  1.2045e-19
267  4.0652e-20
268  2.0658e-20
269  2.2027e-20
270  1.1184e-20
271  6.0413e-21
272  4.0618e-21
273  2.3174e-21
274  7.5847e-22
275  2.5224e-22
276  1.5707e-22
277  1.7138e-23
278  1.1707e-23
279  2.7505e-24
280  2.7203e-25
281  0.0000e+00
282  0.0000e+00
283  0.0000e+00
284  0.0000e+00
285  0.0000e+00
286  0.0000e+00
287  0.0000e+00
288  0.0000e+00
289  0.0000e+00
290  0.0000e+00
291  0.0000e+00
292  0.0000e+00
293  0.0000e+00
294  0.0000e+00
295  0.0000e+00
296  0.0000e+00
297  0.0000e+00
298  0.0000e+00
299  0.0000e+00
300  0.0000e+00
301  0.0000e+00
302  0.0000e+00
303  0.0000e+00
304  0.0000e+00
305  0.0000e+00
306  0.0000e+00
307  0.0000e+00
308  0.0000e+00
309  0.0000e+00
310  0.0000e+00
311  0.0000e+00
312  0.0000e+00
313  0.0000e+00
314  0.0000e+00
315  0.0000e+00
316  0.0000e+00
317  0.0000e+00
318  0.0000e+00
319  0.0000e+00
320  0.0000e+00
321  0.0000e+00
322  0.0000e+00
323  0.0000e+00
324  0.0000e+00
325  0.0000e+00
326  0.0000e+00
327  0.0000e+00
328  0.0000e+00
329  0.0000e+00
330  0.0000e+00
331  0.0000e+00
332  0.0000e+00
333  0.0000e+00
334  0.0000e+00
335  0.0000e+00
336  0.0000e+00
337  0.0000e+00

