1  1.6859e-02
2  6.4069e-04
3  1.0210e-05
4  1.1940e+02
5  0.0000e+00
6  5.1768e-23
7  8.2063e-11
8  1.3387e-07
9  1.1143e-10
10  1.7138e-09
11  3.5903e-09
12  2.6628e-09
13  5.2438e-09
14  6.4356e-07
15  5.7727e-07
16  1.6044e-06
17  1.6283e-08
18  4.8257e-07
19  3.0431e-08
20  8.6842e-07
21  3.1172e-08
22  1.0554e-06
23  4.7260e-07
24  1.2884e-06
25  4.4690e-07
26  6.1907e-07
27  6.4881e-09
28  2.2559e-07
29  1.9742e-08
30  3.7268e-09
31  6.6779e-09
32  9.7984e-08
33  8.7443e-09
34  8.5046e-08
35  9.7800e-09
36  2.7089e-07
37  1.5325e-08
38  7.3453e-08
39  1.9956e-09
40  3.2907e-10
41  3.3710e-11
42  3.0665e-10
43  4.6939e-11
44  6.0337e-10
45  1.1468e-10
46  3.3347e-10
47  1.1488e-10
48  5.9702e-09
49  1.8558e-10
50  2.1784e-10
51  4.2778e-11
52  7.3301e-11
53  3.7977e-11
54  5.1914e-11
55  1.3277e-11
56  2.6418e-11
57  2.5561e-11
58  1.6684e-10
59  1.8287e-12
60  5.6032e-10
61  1.5936e-12
62  1.2664e-11
63  3.2972e-11
64  3.3432e-10
65  1.7396e-12
66  1.8871e-11
67  2.4281e-12
68  2.5395e-11
69  2.9006e-12
70  3.6023e-11
71  4.6185e-12
72  2.7926e-11
73  7.7064e-12
74  6.8638e-11
75  2.0642e-11
76  1.0242e-10
77  3.3916e-12
78  8.8996e-11
79  2.8724e-11
80  2.6486e-10
81  2.8211e-11
82  2.3140e-10
83  7.5606e-12
84  3.1926e-11
85  4.2158e-11
86  1.4035e-10
87  5.0313e-11
88  5.2266e-11
89  4.4051e-11
90  3.6562e-11
91  1.0928e-11
92  2.5119e-11
93  2.8074e-11
94  3.1195e-11
95  1.2041e-11
96  8.9986e-11
97  1.4496e-11
98  3.0837e-11
99  8.7323e-12
100  2.8032e-11
101  3.8345e-12
102  1.0286e-11
103  4.1232e-12
104  9.2648e-12
105  4.8791e-12
106  9.1043e-12
107  3.5862e-12
108  1.2632e-11
109  3.2922e-12
110  1.8503e-11
111  3.0073e-12
112  7.3067e-12
113  5.0353e-12
114  1.7261e-11
115  1.0489e-11
116  1.3015e-11
117  2.0743e-12
118  1.3772e-11
119  5.0913e-12
120  2.5375e-11
121  6.9739e-12
122  4.3049e-11
123  1.4807e-12
124  4.0952e-11
125  1.3114e-11
126  8.2708e-11
127  4.3413e-12
128  6.7630e-11
129  2.7658e-11
130  1.5076e-10
131  3.9680e-10
132  1.4948e-09
133  1.7038e-09
134  3.3836e-09
135  1.3841e-09
136  7.4366e-10
137  2.4458e-11
138  6.4922e-11
139  5.5379e-11
140  1.1898e-10
141  8.1646e-12
142  4.3809e-12
143  6.5661e-12
144  1.8552e-11
145  1.7204e-12
146  4.4698e-12
147  5.2076e-12
148  7.3491e-12
149  4.5895e-13
150  9.2105e-12
151  5.4320e-13
152  2.1939e-12
153  1.1018e-12
154  1.8740e-12
155  2.7399e-13
156  9.1867e-13
157  2.3386e-13
158  4.0700e-13
159  8.9612e-14
160  9.9634e-13
161  6.7966e-14
162  1.9206e-13
163  8.0261e-14
164  1.6916e-13
165  1.7679e-13
166  2.7432e-13
167  1.8461e-13
168  1.7394e-13
169  5.2036e-13
170  2.3532e-13
171  1.8243e-13
172  8.6096e-14
173  5.8634e-14
174  4.3590e-13
175  1.1384e-13
176  2.3230e-13
177  1.4121e-13
178  1.2218e-13
179  1.1063e-13
180  1.8075e-13
181  1.0790e-12
182  5.8202e-13
183  9.5600e-14
184  3.9973e-14
185  2.2731e-14
186  3.3899e-14
187  7.5420e-14
188  3.2827e-14
189  1.5979e-13
190  1.2448e-13
191  2.9353e-13
192  1.3658e-12
193  1.1841e-13
194  3.8891e-13
195  2.9233e-13
196  2.9619e-13
197  5.7533e-13
198  1.2891e-12
199  9.4038e-14
200  2.4237e-13
201  1.8299e-13
202  3.1016e-13
203  4.1752e-13
204  1.0553e-12
205  9.5846e-13
206  -3.2751e-07
207  1.3157e-07
208  -1.3300e-12
209  7.8602e-08
210  2.5386e-15
211  9.7559e-25
212  1.4280e-25
213  0.0000e+00
214  1.5628e-15
215  1.6622e-31
216  1.4853e-15
217  0.0000e+00
218  1.0242e-19
219  3.6960e-28
220  3.3616e-28
221  -5.4644e-320
222  6.1764e-25
223  2.6950e-23
224  5.5940e-25
225  -1.2972e-39
226  9.4509e-20
227  1.8785e-20
228  1.7989e-18
229  6.1161e-30
230  4.4542e-18
231  2.8097e-17
232  7.8741e-13
233  2.7041e-27
234  1.4504e-17
235  6.0557e-13
236  2.4091e-15
237  6.5168e-319
238  2.6386e-13
239  3.7143e-24
240  4.7683e-19
241  0.0000e+00
242  7.6893e-99
243  1.1355e-24
244  5.8041e-15
245  0.0000e+00
246  5.9198e-17
247  2.3965e-21
248  1.1976e-97
249  0.0000e+00
250  0.0000e+00
251  8.1062e-314
252  0.0000e+00
253  0.0000e+00
254  0.0000e+00
255  0.0000e+00
256  0.0000e+00
257  9.5246e-26
258  1.6215e-12
259  7.7862e-26
260  8.2198e-12
261  2.4706e-11
262  3.3893e-11
263  4.7841e-11
264  1.7824e-11
265  3.3652e-11
266  1.2325e-11
267  1.9998e-12
268  6.3286e-13
269  2.6386e-12
270  2.7961e-12
271  1.3098e-12
272  7.3683e-13
273  1.0280e-12
274  2.9547e-13
275  1.4593e-12
276  4.5142e-12
277  1.4927e-12
278  2.1229e-12
279  9.6307e-12
280  1.4825e-11
281  6.0683e-12
282  3.4006e-11
283  3.8996e-10
284  3.5864e-09
285  7.9725e-09
286  9.0631e-09
287  3.0464e-09
288  1.1482e-09
289  8.4082e-10
290  6.3424e-10
291  5.8605e-10
292  9.0193e-10
293  3.1418e-09
294  9.5506e-09
295  6.4404e-09
296  7.4385e-09
297  3.3750e-09
298  6.8496e-09
299  1.3562e-09
300  1.6604e-09
301  1.1613e-08
302  2.1433e-08
303  2.3315e-08
304  3.3696e-08
305  3.0237e-08
306  3.5466e-08
307  3.1391e-08
308  3.5747e-08
309  2.1390e-08
310  2.6900e-08
311  1.7661e-08
312  2.1128e-08
313  1.2778e-08
314  1.8341e-08
315  1.4889e-08
316  1.8536e-08
317  1.6612e-08
318  2.8109e-08
319  2.5080e-08
320  2.7960e-08
321  1.8203e-08
322  2.3882e-08
323  1.9891e-08
324  2.4324e-08
325  3.1674e-08
326  2.7922e-08
327  2.3058e-08
328  1.7813e-08
329  2.6369e-08
330  2.0559e-08
331  2.5293e-08
332  1.7616e-08
333  2.8108e-08
334  1.8202e-08
335  2.2670e-08
336  1.3260e-08
337  1.1111e-04

