1  1.2477e-08
2  2.3193e-01
3  1.1818e-09
4  3.0238e-09
5  4.4541e-08
6  1.0112e-07
7  4.3391e-06
8  1.5437e-07
9  3.7877e-07
10  9.0169e-07
11  5.8115e-07
12  5.8165e-07
13  1.1092e-07
14  3.5719e-07
15  3.3840e-08
16  1.0176e-06
17  2.8175e-08
18  4.7920e-08
19  8.6782e-08
20  2.7891e-07
21  4.3864e-08
22  1.2476e-07
23  1.3261e-08
24  1.1744e-07
25  1.2896e-08
26  1.1004e-07
27  4.5808e-09
28  7.9694e-08
29  9.3474e-08
30  1.6064e-07
31  3.1322e-08
32  4.9527e-07
33  2.5951e-07
34  1.6813e-06
35  7.3522e-07
36  1.1274e-06
37  5.2079e-07
38  3.2490e-07
39  2.1303e-07
40  1.0067e-06
41  1.4438e-07
42  9.3633e-07
43  3.7187e-33
44  2.5663e-07
45  6.1712e-08
46  4.8323e-06
47  2.4527e-06
48  6.5054e-06
49  1.0229e-06
50  2.7060e-06
51  5.5986e-07
52  1.2501e-05
53  3.8056e-06
54  9.4604e-06
55  8.6931e-07
56  2.8440e-06
57  5.3872e-07
58  1.5424e-06
59  1.8182e-06
60  3.0058e-06
61  3.0563e-84
62  1.5068e-06
63  7.1255e-07
64  2.4922e-06
65  2.8052e-07
66  2.1782e-06
67  4.6529e-07
68  2.4312e-06
69  7.4050e-07
70  4.3770e-06
71  9.9640e-07
72  3.9313e-06
73  7.0120e-07
74  1.2062e-06
75  2.9000e-07
76  1.3841e-05
77  1.9861e-05
78  7.5713e-05
79  1.5604e-05
80  6.3592e-06
81  1.6983e-06
82  5.3814e-05
83  2.7068e-05
84  9.1327e-16
85  2.7587e-26
86  2.5214e-17
87  7.7381e-21
88  4.5730e-11
89  2.9181e-13
90  1.8329e-05
91  4.3749e-10
92  2.0248e-05
93  1.7304e-19
94  1.1767e-07
95  1.1065e-17
96  2.3381e-14
97  1.8580e-09
98  -1.1296e-314
99  -7.6086e-322
100  6.5812e-06
101  -3.9446e-314
102  8.1518e-06
103  1.6955e-06
104  7.9356e-06
105  3.4351e-06
106  4.8797e-06
107  2.9583e-07
108  1.5661e-07
109  -3.8729e-319
110  6.1056e-08
111  1.9153e-07
112  0.0000e+00
113  0.0000e+00
114  0.0000e+00
115  0.0000e+00
116  0.0000e+00
117  0.0000e+00
118  0.0000e+00

