    1      2  2.3887e-09  4.7775e-09
    2      3  1.2493e-10  3.7480e-10
    3      6  6.8732e-12  4.1239e-11
    3      7  2.2479e-10  1.5736e-09
    4      8  1.8812e-11  1.5049e-10
    4      9  3.4943e-12  3.1448e-11
    5     10  2.1876e-11  2.1876e-10
    5     11  1.9206e-10  2.1127e-09
    6     12  1.8914e-09  2.2697e-08
    6     13  8.0620e-09  1.0481e-07
    7     14  7.6977e-07  1.0777e-05
    7     15  6.2679e-07  9.4018e-06
    8     16  4.0768e-08  6.5229e-07
    8     17  1.1959e-09  2.0331e-08
    8     18  1.6818e-08  3.0273e-07
    9     19  1.6125e-07  3.0637e-06
   10     20  2.3255e-07  4.6511e-06
   10     21  4.3266e-07  9.0859e-06
   10     22  5.4159e-09  1.1915e-07
   11     23  3.1203e-07  7.1768e-06
   12     24  1.0311e-07  2.4747e-06
   12     25  1.0421e-07  2.6053e-06
   12     26  1.6960e-08  4.4096e-07
   13     26  3.3417e-19  8.6885e-18
   13     27  2.8140e-07  7.5979e-06
   14     28  8.0784e-07  2.2619e-05
   14     29  1.2599e-07  3.6538e-06
   14     30  5.9986e-08  1.7996e-06
   15     31  8.3527e-08  2.5893e-06
   16     32  1.3087e-07  4.1878e-06
   16     33  1.1264e-06  3.7173e-05
   16     34  8.6415e-07  2.9381e-05
   16     36  2.0442e-08  7.3592e-07
   17     35  1.4214e-08  4.9750e-07
   17     37  5.8107e-08  2.1500e-06
   18     36  8.1260e-20  2.9254e-18
   18     38  1.3494e-07  5.1275e-06
   18     40  3.2708e-07  1.3083e-05
   19     39  1.9924e-07  7.7704e-06
   19     41  2.3541e-08  9.6516e-07
   20     42  7.9957e-07  3.3582e-05
   20     43  4.0183e-07  1.7279e-05
   20     44  4.7008e-08  2.0683e-06
   20     46  9.9005e-08  4.5542e-06
   21     45  1.1188e-07  5.0348e-06
   22     46  1.0323e-20  4.7485e-19
   22     47  1.2250e-07  5.7574e-06
   22     48  2.7298e-07  1.3103e-05
   22     49  2.6900e-07  1.3181e-05
   22     50  2.6768e-07  1.3384e-05
   23     51  3.5311e-08  1.8008e-06
   24     52  1.3489e-07  7.0141e-06
   24     53  1.0620e-07  5.6285e-06
   24     54  6.1969e-08  3.3464e-06
   25     55  9.2258e-08  5.0742e-06
   26     56  2.8435e-07  1.5924e-05
   26     57  3.4933e-07  1.9912e-05
   26     58  1.7113e-08  9.9253e-07
   27     59  1.8758e-08  1.1067e-06
   28     60  3.7418e-08  2.2451e-06
   28     61  5.3619e-08  3.2708e-06
   28     62  4.8829e-08  3.0274e-06
   28     64  9.5382e-08  6.1044e-06
   29     63  1.6464e-07  1.0372e-05
   29     65  6.2796e-08  4.0817e-06
   30     66  1.4303e-07  9.4399e-06
   30     67  5.3577e-08  3.5897e-06
   30     68  8.2114e-08  5.5838e-06
   30     70  2.6553e-07  1.8587e-05
   31     69  1.0299e-07  7.1063e-06
   31     71  4.1856e-08  2.9718e-06
   32     70  8.5389e-16  5.9772e-14
   32     72  1.3777e-07  9.9195e-06
   32     73  1.2851e-07  9.3810e-06
   32     74  4.5499e-07  3.3669e-05
   32     76  1.6561e-06  1.2586e-04
   33     75  1.0893e-06  8.1696e-05
   34     76  5.6195e-14  4.2708e-12
   34     77  1.7399e-06  1.3397e-04
   34     78  1.6934e-06  1.3209e-04
   34     80  6.3815e-06  5.1052e-04
   34     82  2.1708e-06  1.7801e-04
   35     79  2.2358e-06  1.7663e-04
   35     81  3.5245e-06  2.8549e-04
   36     82  1.9527e-13  1.6012e-11
   36     83  2.1011e-06  1.7439e-04
   36     84  1.0493e-06  8.8140e-05
   36     86  2.5555e-06  2.1977e-04
   37     85  1.0517e-06  8.9392e-05
   37     87  3.7101e-06  3.2278e-04
   38     86  1.7882e-20  1.5378e-18
   38     87  2.7166e-08  2.3635e-06
   38     88  4.1776e-06  3.6763e-04
   39     89  3.9027e-07  3.4734e-05
   40     90  5.9460e-07  5.3514e-05
   40     91  4.5045e-07  4.0991e-05
   40     92  1.3360e-06  1.2291e-04
   40     94  4.0726e-06  3.8283e-04
   41     93  1.4974e-06  1.3926e-04
   42     95  8.2724e-07  7.8587e-05
   42     96  1.6211e-06  1.5563e-04
   42     97  1.6789e-06  1.6286e-04
   42     98  5.1840e-07  5.0803e-05
   42    100  1.0296e-06  1.0296e-04
   44     99  7.4438e-07  7.3694e-05
   44    100  1.1677e-13  1.1677e-11
   44    101  1.2364e-06  1.2487e-04
   44    102  6.2840e-07  6.4097e-05
   44    104  6.9743e-07  7.2532e-05
   45    103  6.0077e-07  6.1879e-05
   46    104  1.0101e-18  1.0505e-16
   46    105  8.7583e-07  9.1963e-05
   46    106  2.4568e-06  2.6042e-04
   46    108  4.9605e-06  5.3573e-04
   46    110  2.8130e-05  3.0943e-03
   47    107  2.5257e-06  2.7024e-04
   47    109  1.6729e-05  1.8235e-03
   48    110  3.0422e-13  3.3464e-11
   48    111  4.4352e-06  4.9231e-04
   48    112  1.6496e-05  1.8476e-03
   48    113  1.0059e-05  1.1366e-03
   48    114  1.0807e-05  1.2320e-03
   48    116  1.6282e-06  1.8888e-04
   49    113  4.4269e-13  5.0024e-11
   49    115  8.3981e-06  9.6578e-04
   50    115  6.7005e-12  7.7056e-10
   50    116  7.4072e-13  8.5923e-11
   50    117  1.6163e-06  1.8911e-04
   50    118  7.8987e-07  9.3204e-05
   50    119  5.1078e-07  6.0782e-05
   50    120  2.3297e-06  2.7956e-04
   50    122  9.4021e-07  1.1471e-04
   50    124  6.7237e-06  8.3373e-04
   51    121  7.9921e-07  9.6705e-05
   51    123  1.2467e-06  1.5335e-04
   52    122  9.8654e-15  1.2036e-12
   52    124  1.6196e-16  2.0083e-14
   52    125  1.0131e-05  1.2664e-03
   52    126  2.8040e-05  3.5331e-03
   52    128  5.5624e-05  7.1198e-03
   52    130  5.1273e-05  6.6654e-03
   53    127  3.2304e-05  4.1027e-03
   53    129  2.0038e-13  2.5849e-11
   54    128  6.6256e-16  8.4808e-14
   54    129  7.6524e-05  9.8716e-03
   54    130  8.8108e-14  1.1454e-11
   54    131  1.9278e-05  2.5254e-03
   54    132  1.2329e-05  1.6275e-03
   54    134  1.4514e-05  1.9449e-03
   54    136  1.7060e-05  2.3202e-03
   55    133  1.0292e-05  1.3688e-03
   56    134  6.1747e-18  8.2740e-16
   56    135  1.2220e-05  1.6497e-03
   56    136  8.6268e-15  1.1732e-12
   56    137  1.7851e-05  2.4455e-03
   56    138  1.2760e-05  1.7609e-03
   57    139  1.1678e-05  1.6232e-03
   58    140  2.5186e-05  3.5260e-03
   58    142  8.9439e-06  1.2700e-03
   59    141  2.8011e-05  3.9495e-03
   60    142  2.5620e-17  3.6380e-15
   60    143  4.5047e-06  6.4417e-04
   60    144  5.7370e-06  8.2613e-04
   60    145  4.5594e-07  6.6111e-05
   60    146  7.8887e-07  1.1517e-04
   60    148  2.7629e-06  4.0891e-04
   60    150  1.1243e-05  1.6864e-03
   62    147  1.3052e-06  1.9186e-04
   62    148  1.8295e-13  2.7076e-11
   62    149  2.1574e-06  3.2146e-04
   62    150  1.9625e-12  2.9438e-10
   62    152  8.0796e-06  1.2281e-03
   62    154  4.4122e-06  6.7947e-04
   63    151  9.9153e-06  1.4972e-03
   63    153  3.9873e-06  6.1006e-04
   64    152  1.0536e-20  1.6015e-18
   64    154  4.1752e-14  6.4298e-12
   64    155  2.4987e-06  3.8730e-04
   64    156  5.3068e-06  8.2786e-04
   64    157  3.7954e-06  5.9588e-04
   64    158  6.5162e-06  1.0296e-03
   64    160  5.6366e-06  9.0185e-04
   65    159  2.4792e-06  3.9419e-04
   66    160  5.6373e-15  9.0197e-13
   66    161  2.9283e-06  4.7146e-04
   66    162  5.3622e-06  8.6867e-04
   66    163  3.3301e-06  5.4281e-04
   66    164  7.8607e-06  1.2892e-03
   67    165  3.8659e-06  6.3787e-04
   68    166  6.5157e-06  1.0816e-03
   68    167  2.8435e-06  4.7486e-04
   68    168  3.8206e-06  6.4186e-04
   68    170  3.0915e-06  5.2556e-04
   69    169  4.4735e-06  7.5603e-04
   70    170  1.6428e-15  2.7927e-13
   70    171  2.8254e-06  4.8315e-04
   70    172  2.8134e-06  4.8390e-04
   70    173  2.8145e-06  4.8691e-04
   70    174  4.1800e-06  7.2732e-04
   70    176  3.3499e-06  5.8958e-04
   71    175  3.2578e-06  5.7012e-04
   71    176  2.7054e-16  4.7615e-14
   72    176  2.5329e-18  4.4579e-16
   72    177  3.4363e-06  6.0822e-04
   72    178  2.4345e-06  4.3334e-04
   72    179  1.6350e-06  2.9267e-04
   72    180  1.3941e-06  2.5094e-04
   73    181  9.9481e-07  1.8006e-04
   74    182  6.0168e-07  1.0951e-04
   74    183  2.6529e-07  4.8548e-05
   74    184  2.4863e-07  4.5749e-05
   74    186  2.8934e-07  5.3818e-05
   75    185  1.4986e-07  2.7725e-05
   75    187  1.6074e-07  3.0058e-05
   76    186  1.9737e-19  3.6712e-17
   76    187  1.3064e-09  2.4429e-07
   76    188  3.4713e-07  6.5261e-05
   76    189  5.0926e-07  9.6250e-05
   76    190  1.0208e-06  1.9396e-04
   76    192  1.6269e-06  3.1236e-04
   77    191  1.2387e-06  2.3659e-04
   77    193  1.8859e-06  3.6397e-04
   78    192  4.9776e-17  9.5571e-15
   78    194  1.9964e-06  3.8730e-04
   78    195  1.6307e-06  3.1799e-04
   78    196  7.9294e-07  1.5542e-04
   78    198  7.0442e-08  1.3947e-05
   79    197  3.0291e-07  5.9673e-05
   80    198  9.6984e-18  1.9203e-15
   80    199  1.3916e-08  2.7694e-06
   80    200  2.5890e-09  5.1780e-07
   80    201  2.1932e-10  4.4084e-08
   80    202  1.0483e-10  2.1177e-08
   80    204  1.0765e-10  2.1961e-08
   81    203  8.0928e-11  1.6428e-08
   81    205  8.7072e-11  1.7850e-08
   82    206  2.1363e-10  4.4008e-08
   82    207  1.9937e-10  4.1269e-08
   82    208  2.2828e-10  4.7483e-08
   83    209  1.7503e-10  3.6582e-08
   83    214  3.6994e-15  7.9168e-13
   84    215  2.6012e-14  5.5925e-12
   88    226  1.2268e-19  2.7725e-17
   88    228  6.4427e-18  1.4689e-15
   89    227  1.6652e-20  3.7800e-18
   90    230  5.7817e-18  1.3298e-15
   90    232  2.8201e-12  6.5427e-10
   91    231  2.4965e-17  5.7669e-15
   92    234  1.8827e-17  4.4054e-15
   92    235  5.3806e-13  1.2645e-10
   92    236  1.0048e-15  2.3714e-13
   92    238  3.4250e-13  8.1514e-11
   94    240  3.7013e-19  8.8830e-17
   94    244  2.0593e-15  5.0247e-13
   97    246  3.4361e-17  8.4527e-15
  100    258  4.7989e-15  1.2381e-12
  100    260  2.7760e-15  7.2177e-13
  100    262  1.1236e-15  2.9438e-13
  102    261  1.4332e-15  3.7407e-13
  102    263  6.7962e-16  1.7874e-13
  102    264  5.1349e-16  1.3556e-13
  102    266  2.1060e-16  5.6020e-14
  103    265  2.2890e-16  6.0658e-14
  104    267  8.9366e-17  2.3861e-14
  104    268  5.2315e-17  1.4021e-14
  104    270  3.7507e-17  1.0127e-14
  104    272  1.4168e-17  3.8538e-15
  104    274  2.9936e-18  8.2023e-16
  105    269  6.1455e-17  1.6531e-14
  105    271  2.1262e-17  5.7621e-15
  106    273  7.1796e-18  1.9600e-15
  106    275  1.2268e-18  3.3738e-16
  106    276  9.1908e-19  2.5367e-16
  106    278  1.0589e-19  2.9437e-17
  107    277  1.4796e-19  4.0985e-17
  108    279  1.9621e-20  5.4742e-18
    1      1  2.2587e-09  2.2587e-09
    2      4  2.2381e-01  8.9524e-01


