    1      2  4.4937e-04  8.9875e-04
    1      3  1.3067e-20  3.9201e-20
    2      3  6.6759e-06  2.0028e-05
    3      7  1.0708e-10  7.4957e-10
    4      8  1.1146e-07  8.9166e-07
    4      9  1.7408e-10  1.5667e-09
    5     10  2.2818e-09  2.2818e-08
    5     11  4.5092e-09  4.9601e-08
    6     12  3.1784e-09  3.8141e-08
    6     13  6.0846e-09  7.9100e-08
    7     14  7.0248e-07  9.8347e-06
    7     15  6.3388e-07  9.5082e-06
    8     16  1.8741e-06  2.9985e-05
    8     17  2.0591e-08  3.5005e-07
    8     18  5.4860e-07  9.8749e-06
    9     19  3.0397e-08  5.7754e-07
   10     20  9.2777e-07  1.8555e-05
   10     21  3.6171e-08  7.5959e-07
   10     22  1.0900e-06  2.3980e-05
   11     23  4.8767e-07  1.1216e-05
   12     24  1.0962e-06  2.6310e-05
   12     25  4.0013e-07  1.0003e-05
   12     26  5.2430e-07  1.3632e-05
   13     27  5.7696e-09  1.5578e-07
   14     28  2.0213e-07  5.6598e-06
   14     29  1.6980e-08  4.9241e-07
   14     30  3.2068e-09  9.6204e-08
   15     31  5.9071e-09  1.8312e-07
   16     32  8.7162e-08  2.7892e-06
   16     33  7.7013e-09  2.5414e-07
   16     34  7.6706e-08  2.6080e-06
   16     36  2.2564e-07  8.1230e-06
   17     35  1.0344e-08  3.6206e-07
   17     37  1.2580e-08  4.6546e-07
   18     36  3.8834e-14  1.3980e-12
   18     38  5.8668e-08  2.2294e-06
   18     40  2.4362e-10  9.7449e-09
   19     39  1.5439e-09  6.0213e-08
   19     40  2.5344e-19  1.0138e-17
   19     41  2.7269e-11  1.1180e-09
   20     40  7.2586e-20  2.9034e-18
   20     42  2.4539e-10  1.0307e-08
   20     43  3.7956e-11  1.6321e-09
   20     44  4.8645e-10  2.1404e-08
   20     46  2.6096e-10  1.2004e-08
   21     45  9.0085e-11  4.0538e-09
   22     46  9.7404e-18  4.4806e-16
   22     47  1.0380e-10  4.8788e-09
   22     48  4.5463e-09  2.1822e-07
   22     49  1.5144e-10  7.4204e-09
   22     50  1.7002e-10  8.5011e-09
   23     51  3.5229e-11  1.7967e-09
   24     52  6.0785e-11  3.1608e-09
   24     53  3.1097e-11  1.6482e-09
   24     54  4.0873e-11  2.2072e-09
   25     55  1.0609e-11  5.8349e-10
   26     56  2.2479e-11  1.2588e-09
   26     57  2.0408e-11  1.1633e-09
   26     58  1.2902e-10  7.4830e-09
   27     59  1.4687e-12  8.6653e-11
   28     60  4.2426e-10  2.5456e-08
   28     61  1.2218e-12  7.4530e-11
   28     62  1.0090e-11  6.2560e-10
   28     64  2.4789e-10  1.5865e-08
   29     63  2.4915e-11  1.5696e-09
   29     65  1.3151e-12  8.5481e-11
   30     64  3.8783e-20  2.4821e-18
   30     66  1.4845e-11  9.7975e-10
   30     67  1.9044e-12  1.2759e-10
   30     68  2.0789e-11  1.4136e-09
   30     70  2.8550e-11  1.9985e-09
   31     69  2.5251e-12  1.7423e-10
   31     71  3.8471e-12  2.7314e-10
   32     70  1.7968e-14  1.2578e-12
   32     72  2.4336e-11  1.7522e-09
   32     73  6.6925e-12  4.8855e-10
   32     74  5.8280e-11  4.3127e-09
   32     76  8.0683e-11  6.1319e-09
   33     75  1.7172e-11  1.2879e-09
   34     76  1.2632e-13  9.6004e-12
   34     77  2.8730e-12  2.2122e-10
   34     78  7.4667e-11  5.8240e-09
   34     80  2.0666e-10  1.6532e-08
   34     82  1.6917e-10  1.3872e-08
   35     79  2.3949e-11  1.8919e-09
   35     81  2.2070e-11  1.7877e-09
   36     82  6.0818e-13  4.9871e-11
   36     83  6.0222e-12  4.9984e-10
   36     84  2.3797e-11  1.9989e-09
   36     86  1.0139e-10  8.7196e-09
   37     85  3.3547e-11  2.8515e-09
   37     87  3.7016e-11  3.2204e-09
   38     86  1.8044e-18  1.5518e-16
   38     87  2.6308e-13  2.2888e-11
   38     88  3.8781e-11  3.4127e-09
   39     89  3.0461e-11  2.7111e-09
   40     90  2.5566e-11  2.3009e-09
   40     91  7.6345e-12  6.9474e-10
   40     92  1.8020e-11  1.6578e-09
   40     94  2.0766e-11  1.9520e-09
   41     93  1.9180e-11  1.7837e-09
   42     95  8.4148e-12  7.9941e-10
   42     96  6.3176e-11  6.0649e-09
   42     97  1.0476e-11  1.0161e-09
   42     98  2.2104e-11  2.1662e-09
   42    100  1.8126e-11  1.8126e-09
   44     99  6.2072e-12  6.1451e-10
   44    100  1.5786e-12  1.5786e-10
   44    101  2.7026e-12  2.7296e-10
   44    102  7.3330e-12  7.4797e-10
   44    104  6.7441e-12  7.0139e-10
   45    103  2.9251e-12  3.0128e-10
   46    104  3.0706e-17  3.1934e-15
   46    105  3.5108e-12  3.6864e-10
   46    106  6.4996e-12  6.8896e-10
   46    108  9.1091e-12  9.8378e-10
   46    110  1.3152e-11  1.4468e-09
   47    107  2.5473e-12  2.7256e-10
   47    109  2.3781e-12  2.5921e-10
   48    110  1.1871e-14  1.3058e-12
   48    111  2.1375e-12  2.3727e-10
   48    112  5.3727e-12  6.0175e-10
   48    113  3.5818e-12  4.0475e-10
   48    114  1.2389e-11  1.4123e-09
   48    116  8.8128e-12  1.0223e-09
   49    113  1.5105e-19  1.7069e-17
   49    115  7.4128e-12  8.5247e-10
   50    115  5.7134e-18  6.5704e-16
   50    116  1.5436e-13  1.7906e-11
   50    117  1.5390e-12  1.8007e-10
   50    118  1.0151e-11  1.1978e-09
   50    119  3.6514e-12  4.3451e-10
   50    120  1.7676e-11  2.1211e-09
   50    122  2.9233e-11  3.5664e-09
   50    124  2.7762e-11  3.4425e-09
   51    121  4.8393e-12  5.8555e-10
   51    123  1.0149e-12  1.2483e-10
   52    122  6.6407e-15  8.1016e-13
   52    124  7.9618e-16  9.8726e-14
   52    125  8.9959e-12  1.1245e-09
   52    126  5.5533e-11  6.9971e-09
   52    128  4.8834e-11  6.2508e-09
   52    130  1.2869e-10  1.6729e-08
   53    127  3.0157e-12  3.8299e-10
   53    129  3.9083e-19  5.0417e-17
   54    128  3.2159e-16  4.1164e-14
   54    129  2.1009e-11  2.7101e-09
   54    130  6.1104e-14  7.9436e-12
   54    131  3.3514e-10  4.3903e-08
   54    132  1.2215e-09  1.6124e-07
   54    134  2.4865e-09  3.3320e-07
   54    136  4.8805e-10  6.6374e-08
   55    133  1.4283e-09  1.8997e-07
   56    134  2.2928e-14  3.0724e-12
   56    135  9.7838e-10  1.3208e-07
   56    136  9.1682e-13  1.2469e-10
   56    137  1.6294e-11  2.2322e-09
   56    138  4.7178e-11  6.5105e-09
   57    139  3.8535e-11  5.3564e-09
   58    140  7.7961e-11  1.0915e-08
   58    142  2.8042e-12  3.9819e-10
   59    141  5.1973e-12  7.3282e-10
   60    142  1.7515e-17  2.4872e-15
   60    143  4.2161e-12  6.0290e-10
   60    144  1.2207e-11  1.7578e-09
   60    145  1.1179e-12  1.6209e-10
   60    146  3.0101e-12  4.3948e-10
   60    148  4.4746e-12  6.6224e-10
   60    150  5.9081e-12  8.8622e-10
   62    147  3.3663e-12  4.9484e-10
   62    148  1.4625e-13  2.1645e-11
   62    149  2.9425e-13  4.3844e-11
   62    150  2.5610e-14  3.8415e-12
   62    152  1.4317e-12  2.1762e-10
   62    154  1.1692e-12  1.8006e-10
   63    151  3.4937e-13  5.2755e-11
   63    153  7.0583e-13  1.0799e-10
   64    154  5.4226e-16  8.3508e-14
   64    155  1.7675e-13  2.7396e-11
   64    156  5.9961e-13  9.3539e-11
   64    157  1.5358e-13  2.4111e-11
   64    158  2.6528e-13  4.1915e-11
   64    160  6.1569e-13  9.8510e-11
   65    159  5.8330e-14  9.2744e-12
   66    160  1.2400e-17  1.9840e-15
   66    161  4.4390e-14  7.1468e-12
   66    162  1.2221e-13  1.9797e-11
   66    163  5.2105e-14  8.4932e-12
   66    164  1.0602e-13  1.7387e-11
   67    165  1.1487e-13  1.8953e-11
   68    166  1.7019e-13  2.8251e-11
   68    167  1.1610e-13  1.9389e-11
   68    168  1.0693e-13  1.7965e-11
   68    170  1.4052e-13  2.3889e-11
   69    169  3.2399e-13  5.4754e-11
   70    170  3.7476e-17  6.3710e-15
   70    171  1.1642e-13  1.9908e-11
   70    172  5.5026e-14  9.4644e-12
   70    173  3.7067e-14  6.4126e-12
   70    174  2.6760e-13  4.6563e-11
   70    176  1.3734e-13  2.4172e-11
   71    175  6.9512e-14  1.2165e-11
   71    176  7.0422e-18  1.2394e-15
   72    176  6.4205e-20  1.1300e-17
   72    177  8.9627e-14  1.5864e-11
   72    178  7.5820e-14  1.3496e-11
   72    179  6.7641e-14  1.2108e-11
   72    180  1.0761e-13  1.9371e-11
   73    181  6.3488e-13  1.1491e-10
   74    182  3.3201e-13  6.0426e-11
   74    183  6.0484e-14  1.1069e-11
   74    184  2.4953e-14  4.5914e-12
   74    186  2.0480e-14  3.8092e-12
   75    185  1.4059e-14  2.6010e-12
   75    187  4.6435e-14  8.6834e-12
   76    186  2.6792e-20  4.9834e-18
   76    187  3.6372e-16  6.8016e-14
   76    188  2.0380e-14  3.8314e-12
   76    189  1.0055e-13  1.9004e-11
   76    190  7.5697e-14  1.4383e-11
   76    192  8.1126e-13  1.5576e-10
   77    191  1.8719e-13  3.5753e-11
   77    193  7.0308e-14  1.3569e-11
   78    192  4.8473e-18  9.3067e-16
   78    194  2.2944e-13  4.4511e-11
   78    195  1.8383e-13  3.5846e-11
   78    196  1.8005e-13  3.5291e-11
   78    198  7.6610e-13  1.5169e-10
   79    197  3.6574e-13  7.2051e-11
   80    198  7.0458e-17  1.3951e-14
   80    199  5.6030e-14  1.1150e-11
   80    200  1.4332e-13  2.8663e-11
   80    201  1.1285e-13  2.2683e-11
   80    202  1.8429e-13  3.7226e-11
   80    204  6.2726e-13  1.2796e-10
   81    203  2.6209e-13  5.3204e-11
   81    205  5.7027e-13  1.1690e-10
   82    204  9.5958e-20  1.9576e-17
   82    206  2.6239e-05  5.4053e-03
   82    207  6.8472e-08  1.4174e-05
   82    208  1.7233e-07  3.5845e-05
   83    209  8.3479e-07  1.7447e-04
   83    211  6.5198e-15  1.3757e-12
   84    218  5.3454e-17  1.1653e-14
   86    219  7.4905e-16  1.6404e-13
   86    220  5.0337e-17  1.1074e-14
   88    226  6.0546e-20  1.3683e-17
   88    228  1.1401e-18  2.5994e-16
   89    227  1.1543e-20  2.6203e-18
   90    230  2.8535e-18  6.5631e-16
   90    232  4.9905e-13  1.1578e-10
   91    231  1.7306e-17  3.9976e-15
   92    234  9.2918e-18  2.1743e-15
   92    235  3.7298e-13  8.7651e-11
   92    236  1.8361e-15  4.3331e-13
   92    238  1.6904e-13  4.0231e-11
   92    240  8.0509e-17  1.9322e-14
   94    244  4.5560e-15  1.1117e-12
   96    247  1.0885e-20  2.6886e-18
   97    246  3.8016e-17  9.3520e-15
  100    258  9.9431e-13  2.5653e-10
  100    260  5.0295e-12  1.3077e-09
  100    262  2.0295e-11  5.3172e-09
  102    260  3.0064e-20  7.8166e-18
  102    261  1.5069e-11  3.9331e-09
  102    263  2.8627e-11  7.5289e-09
  102    264  1.0760e-11  2.8405e-09
  102    266  7.5843e-12  2.0174e-09
  103    265  2.0557e-11  5.4475e-09
  104    267  1.2332e-12  3.2925e-10
  104    268  3.8913e-13  1.0429e-10
  104    270  1.7257e-12  4.6594e-10
  104    272  4.5541e-13  1.2387e-10
  104    274  1.8270e-13  5.0061e-11
  105    269  1.6245e-12  4.3699e-10
  105    271  8.0890e-13  2.1921e-10
  106    273  6.3574e-13  1.7356e-10
  106    275  9.0596e-13  2.4914e-10
  106    276  2.8115e-12  7.7598e-10
  106    278  1.3275e-12  3.6905e-10
  106    280  9.3827e-12  2.6272e-09
  107    277  9.3117e-13  2.5793e-10
  108    279  6.0724e-12  1.6942e-09
  108    281  3.8429e-12  1.0799e-09
  108    282  2.2773e-11  6.4220e-09
  108    283  3.0421e-10  8.6092e-08
  108    284  2.8328e-09  8.0452e-07
  108    286  7.1889e-09  2.0560e-06
  110    285  6.2969e-09  1.7946e-06
  110    286  7.2129e-17  2.0629e-14
  110    287  2.4110e-09  6.9197e-07
  110    288  9.4844e-10  2.7315e-07
  110    290  5.5177e-10  1.6001e-07
  111    289  6.8232e-10  1.9719e-07
  111    290  8.6653e-15  2.5129e-12
  111    291  4.8549e-10  1.4128e-07
  111    292  8.5085e-10  2.4845e-07
  111    293  2.7558e-09  8.0744e-07
  111    294  8.2143e-09  2.4150e-06
  111    295  5.5885e-09  1.6486e-06
  111    296  6.3944e-09  1.8927e-06
  111    297  3.1216e-09  9.2712e-07
  111    298  6.5625e-09  1.9556e-06
  111    299  1.3303e-09  3.9777e-07
  111    300  1.7075e-09  5.1226e-07
  111    301  1.0746e-08  3.2345e-06
  111    302  2.1240e-08  6.4144e-06
  111    303  2.3386e-08  7.0860e-06
  111    304  3.3806e-08  1.0277e-05
  111    305  3.0427e-08  9.2801e-06
  111    306  3.6622e-08  1.1206e-05
  111    307  3.1869e-08  9.7838e-06
  111    308  3.7303e-08  1.1489e-05
  111    309  2.2244e-08  6.8733e-06
  111    310  2.8761e-08  8.9160e-06
  111    311  1.8846e-08  5.8610e-06
  111    312  2.2977e-08  7.1689e-06
  111    313  1.4073e-08  4.4049e-06
  111    314  2.0448e-08  6.4206e-06
  111    315  1.6558e-08  5.2159e-06
  111    316  2.0803e-08  6.5736e-06
  111    317  1.8735e-08  5.9389e-06
  111    318  3.2019e-08  1.0182e-05
  111    319  2.8369e-08  9.0498e-06
  111    320  3.2094e-08  1.0270e-05
  111    321  2.0984e-08  6.7358e-06
  111    322  2.8178e-08  9.0734e-06
  111    323  2.3470e-08  7.5807e-06
  111    324  2.9380e-08  9.5190e-06
  111    325  3.8437e-08  1.2492e-05
  111    326  3.4171e-08  1.1140e-05
  111    327  2.8351e-08  9.2709e-06
  111    328  2.2071e-08  7.2393e-06
  111    329  3.3188e-08  1.0919e-05
  111    330  2.6054e-08  8.5978e-06
  111    331  3.2124e-08  1.0633e-05
  111    332  2.2381e-08  7.4305e-06
  111    333  3.5739e-08  1.1901e-05
  111    334  2.3265e-08  7.7705e-06
  111    335  2.9101e-08  9.7490e-06
  111    336  1.7089e-08  5.7419e-06
  111    337  1.2620e-04  4.2529e-02
    1      1  1.3179e-02  1.3179e-02
    2      4  2.1954e+06  8.7815e+06


