    1      2  7.7090e-15  1.5418e-14
    2      3  3.2267e-20  9.6801e-20
    3      6  1.5063e-18  9.0379e-18
    3      7  1.0248e-19  7.1739e-19
    4      9  8.5777e-19  7.7199e-18
    5     10  2.5313e-18  2.5313e-17
    5     11  1.7939e-19  1.9733e-18
    6     12  5.6951e-07  6.8341e-06
    6     13  4.0214e-12  5.2279e-11
    7     14  2.7736e-16  3.8831e-15
    7     15  3.8358e-20  5.7538e-19
    8     16  3.0012e-09  4.8019e-08
    8     17  3.6870e-16  6.2679e-15
    8     18  2.7435e-18  4.9383e-17
   10     20  3.4971e-09  6.9942e-08
   10     21  6.6122e-15  1.3886e-13
   10     22  1.9007e-18  4.1815e-17
   11     23  3.7953e-13  8.7292e-12
   12     24  4.8564e-09  1.1655e-07
   12     25  7.8116e-11  1.9529e-09
   12     26  1.3179e-11  3.4265e-10
   13     26  6.5492e-14  1.7028e-12
   13     27  8.3881e-10  2.2648e-08
   14     28  1.5028e-08  4.2079e-07
   14     29  1.8129e-09  5.2575e-08
   14     30  1.5355e-08  4.6066e-07
   15     31  4.9295e-09  1.5282e-07
   16     32  6.6042e-09  2.1133e-07
   16     33  1.4012e-09  4.6240e-08
   16     34  1.9165e-08  6.5161e-07
   16     36  4.6685e-08  1.6807e-06
   17     35  1.3864e-08  4.8524e-07
   17     37  1.8634e-08  6.8946e-07
   18     36  2.5368e-11  9.1325e-10
   18     38  4.5867e-08  1.7429e-06
   18     40  3.7340e-09  1.4936e-07
   19     39  7.2383e-09  2.8229e-07
   19     40  6.8025e-14  2.7210e-12
   19     41  1.1860e-09  4.8626e-08
   20     40  2.1019e-14  8.4077e-13
   20     42  3.3692e-08  1.4151e-06
   20     43  1.5016e-09  6.4568e-08
   20     44  5.3452e-09  2.3519e-07
   20     46  2.2227e-07  1.0225e-05
   21     45  1.5465e-08  6.9591e-07
   22     46  9.7765e-16  4.4972e-14
   22     47  3.8218e-08  1.7963e-06
   22     48  1.9210e-07  9.2206e-06
   22     49  4.5946e-08  2.2513e-06
   22     50  8.4156e-07  4.2078e-05
   23     51  4.8424e-07  2.4696e-05
   24     52  2.1627e-07  1.1246e-05
   24     53  6.4135e-08  3.3991e-06
   24     54  4.3136e-07  2.3294e-05
   25     55  9.1184e-09  5.0151e-07
   26     56  2.0505e-06  1.1483e-04
   26     57  3.0232e-07  1.7232e-05
   26     58  1.7652e-08  1.0238e-06
   27     59  2.4933e-08  1.4710e-06
   28     60  2.3477e-08  1.4086e-06
   28     61  5.2192e-08  3.1837e-06
   28     62  1.9148e-06  1.1872e-04
   28     64  2.7171e-07  1.7389e-05
   29     63  1.1124e-06  7.0078e-05
   29     65  5.8528e-07  3.8043e-05
   30     64  1.7349e-19  1.1103e-17
   30     66  3.7173e-06  2.4534e-04
   30     67  1.5793e-06  1.0581e-04
   30     68  5.0452e-06  3.4307e-04
   30     70  2.7084e-07  1.8959e-05
   31     69  5.0749e-07  3.5017e-05
   31     71  4.9997e-07  3.5498e-05
   32     70  1.0356e-14  7.2495e-13
   32     72  5.7914e-07  4.1698e-05
   32     73  3.8473e-07  2.8085e-05
   32     74  3.3537e-06  2.4817e-04
   32     76  7.0317e-06  5.3441e-04
   33     75  2.5061e-06  1.8796e-04
   34     76  4.2736e-13  3.2480e-11
   34     77  9.6162e-07  7.4045e-05
   34     78  1.2292e-06  9.5877e-05
   34     80  2.4466e-05  1.9573e-03
   34     82  3.1409e-05  2.5755e-03
   35     79  2.5652e-06  2.0265e-04
   35     81  3.4377e-06  2.7845e-04
   36     82  5.2442e-13  4.3002e-11
   36     83  1.0188e-06  8.4564e-05
   36     84  4.8193e-06  4.0482e-04
   36     86  2.4208e-05  2.0819e-03
   37     85  3.6385e-06  3.0928e-04
   37     87  6.2366e-06  5.4258e-04
   38     86  4.0650e-19  3.4959e-17
   38     87  4.5661e-08  3.9725e-06
   38     88  1.4874e-04  1.3089e-02
   39     89  8.9531e-05  7.9682e-03
   40     90  1.4060e-05  1.2654e-03
   40     91  5.9377e-06  5.4033e-04
   40     92  1.0060e-03  9.2556e-02
   40     94  7.8598e-05  7.3882e-03
   41     93  6.2020e-05  5.7678e-03
   42     95  2.5967e-04  2.4669e-02
   42     96  8.9568e-06  8.5985e-04
   42     97  2.5585e-06  2.4817e-04
   42     98  4.1697e-05  4.0863e-03
   42    100  3.1828e-04  3.1828e-02
   44     99  9.7708e-06  9.6731e-04
   44    100  3.5261e-12  3.5261e-10
   44    101  4.7781e-05  4.8259e-03
   44    102  4.6179e-04  4.7103e-02
   44    104  6.2596e-05  6.5100e-03
   45    103  1.3904e-04  1.4321e-02
   46    104  2.6840e-16  2.7914e-14
   46    105  1.9066e-05  2.0019e-03
   46    106  1.2591e-04  1.3346e-02
   46    107  6.8676e-20  7.3483e-18
   46    108  1.4664e-05  1.5837e-03
   46    110  1.9748e-06  2.1723e-04
   47    107  1.9423e-05  2.0782e-03
   47    109  2.5931e-05  2.8265e-03
   48    110  1.2984e-12  1.4282e-10
   48    111  8.1394e-07  9.0348e-05
   48    112  1.1564e-05  1.2951e-03
   48    113  1.2597e-06  1.4235e-04
   48    114  7.0635e-07  8.0524e-05
   48    116  2.6937e-07  3.1247e-05
   49    113  5.5441e-14  6.2648e-12
   49    115  2.0330e-06  2.3379e-04
   50    115  1.6220e-12  1.8653e-10
   50    116  6.3514e-13  7.3677e-11
   50    117  1.6459e-07  1.9256e-05
   50    118  3.9336e-07  4.6416e-05
   50    119  1.2470e-07  1.4839e-05
   50    120  1.8149e-07  2.1778e-05
   50    122  6.4220e-08  7.8349e-06
   50    124  7.6273e-09  9.4579e-07
   51    121  1.2360e-07  1.4956e-05
   51    123  8.6095e-09  1.0590e-06
   52    122  6.7383e-15  8.2207e-13
   52    124  6.6506e-18  8.2467e-16
   52    125  3.3446e-09  4.1807e-07
   52    126  1.7545e-08  2.2107e-06
   52    128  3.5891e-08  4.5940e-06
   52    130  2.1835e-09  2.8386e-07
   53    127  2.1784e-08  2.7666e-06
   53    129  3.6388e-16  4.6941e-14
   54    128  6.4569e-19  8.2649e-17
   54    129  7.4736e-09  9.6410e-07
   54    130  1.5641e-17  2.0333e-15
   54    131  9.2002e-11  1.2052e-08
   54    132  4.0334e-12  5.3241e-10
   54    134  3.6538e-16  4.8961e-14
   54    136  1.4598e-19  1.9854e-17
   55    133  8.8656e-15  1.1791e-12
   56    135  2.2021e-18  2.9729e-16
   56    137  2.5655e-19  3.5147e-17
   56    138  4.2718e-20  5.8951e-18
    1      1  2.9961e-09  2.9961e-09
    2      4  1.7524e-01  7.0098e-01


