1  3.0219e-08
2  1.2849e-08
3  9.5398e-10
4  2.0156e-01
5  0.0000e+00
6  2.7555e-11
7  2.5939e-09
8  3.8575e-08
9  1.7439e-08
10  3.0649e-07
11  2.3358e-09
12  1.1404e-08
13  8.9017e-08
14  7.7519e-08
15  1.6174e-05
16  4.8430e-07
17  1.7972e-08
18  1.0260e-07
19  1.2612e-06
20  1.8703e-06
21  9.6166e-07
22  9.3004e-09
23  1.0223e-06
24  3.7241e-07
25  4.6430e-07
26  8.5504e-08
27  1.0994e-07
28  1.7764e-07
29  5.5228e-08
30  4.5888e-08
31  2.5367e-08
32  6.7430e-08
33  2.6534e-07
34  2.0983e-07
35  1.0184e-08
36  1.1444e-08
37  3.8062e-09
38  1.8007e-08
39  1.5336e-08
40  5.3337e-09
41  1.8877e-08
42  7.5986e-08
43  1.5851e-08
44  2.2049e-08
45  2.1435e-08
46  2.5450e-09
47  4.0249e-09
48  6.1019e-09
49  4.0323e-09
50  3.2165e-09
51  2.7863e-09
52  7.6500e-09
53  1.0578e-08
54  2.2855e-09
55  5.1730e-10
56  7.9961e-09
57  1.7135e-08
58  4.8469e-10
59  2.9394e-10
60  8.3756e-10
61  8.9884e-10
62  8.8534e-10
63  3.5623e-08
64  5.2559e-09
65  1.0093e-08
66  2.3239e-08
67  7.4320e-08
68  1.2673e-08
69  6.4351e-09
70  3.5763e-08
71  9.9926e-09
72  2.7393e-08
73  2.1677e-08
74  7.1382e-08
75  2.2648e-07
76  1.4870e-07
77  3.4632e-07
78  3.5651e-07
79  3.0929e-07
80  1.8184e-06
81  4.7109e-07
82  3.1016e-07
83  3.3527e-07
84  9.1952e-08
85  1.1781e-07
86  2.0187e-07
87  2.3725e-07
88  1.1275e-07
89  9.6046e-08
90  8.9907e-08
91  6.9956e-08
92  5.7395e-08
93  5.3539e-08
94  1.6104e-07
95  7.2286e-08
96  3.1433e-08
97  7.5627e-08
98  1.6098e-08
99  2.0891e-08
100  3.0654e-08
101  2.7072e-08
102  2.9482e-08
103  3.8838e-08
104  1.4328e-08
105  9.2232e-09
106  4.0252e-08
107  3.9296e-08
108  6.3585e-08
109  9.4771e-08
110  1.5172e-07
111  2.4604e-08
112  1.2411e-07
113  9.0161e-08
114  8.0156e-08
115  9.7497e-08
116  6.1934e-09
117  2.3524e-08
118  9.1776e-09
119  8.7788e-09
120  5.2899e-08
121  5.2164e-08
122  5.2125e-08
123  6.1701e-08
124  3.3415e-07
125  9.4974e-07
126  2.8845e-06
127  4.2015e-06
128  3.0844e-06
129  4.3192e-06
130  2.6259e-06
131  1.5269e-06
132  1.0890e-06
133  6.9618e-07
134  5.3599e-07
135  1.3905e-07
136  2.0107e-07
137  1.5047e-07
138  2.1083e-07
139  9.6351e-08
140  1.8719e-07
141  2.3284e-07
142  1.1672e-07
143  6.2300e-08
144  4.4299e-08
145  1.1591e-08
146  2.9295e-08
147  4.5097e-08
148  1.9699e-08
149  4.1806e-09
150  9.5776e-09
151  1.6285e-09
152  1.0797e-08
153  1.0056e-08
154  7.1859e-09
155  6.4731e-08
156  3.8646e-09
157  1.3361e-08
158  3.2496e-08
159  2.5794e-10
160  2.5964e-09
161  5.8268e-09
162  3.3921e-09
163  4.4412e-09
164  5.3592e-09
165  4.1090e-09
166  1.2561e-08
167  2.0529e-08
168  1.3879e-08
169  1.0505e-07
170  2.2610e-08
171  5.0330e-08
172  2.8856e-08
173  1.9817e-08
174  9.0260e-08
175  2.7714e-08
176  5.4802e-08
177  2.5687e-07
178  1.7983e-07
179  9.7891e-08
180  1.2660e-07
181  1.8260e-07
182  2.1114e-07
183  1.6797e-07
184  1.7203e-07
185  8.6972e-08
186  7.7263e-08
187  9.1855e-08
188  1.3940e-07
189  7.2172e-08
190  1.3545e-07
191  1.3225e-07
192  5.6367e-08
193  2.9438e-08
194  1.5058e-07
195  3.1932e-07
196  1.7543e-06
197  3.9687e-06
198  8.4094e-06
199  4.5088e-06
200  9.9869e-06
201  2.5853e-06
202  1.7597e-06
203  4.3322e-07
204  7.6014e-08
205  2.2056e-08
206  1.2482e-06
207  2.5619e-06
208  5.2830e-07
209  4.6339e-06
210  5.0473e-13
211  1.5910e-18
212  1.1058e-18
213  5.0853e-44
214  2.6434e-19
215  4.3861e-25
216  1.2812e-24
217  1.9402e-95
218  4.5430e-21
219  6.1564e-22
220  4.9127e-22
221  -3.9723e-320
222  8.0646e-18
223  1.5359e-16
224  2.7746e-18
225  3.0648e-40
226  1.2340e-12
227  1.0705e-13
228  8.9225e-12
229  1.1432e-29
230  5.8159e-11
231  1.6013e-10
232  3.9054e-06
233  6.8317e-26
234  1.8938e-10
235  3.4512e-06
236  1.3241e-08
237  5.5630e-319
238  3.4452e-06
239  1.8151e-17
240  2.6212e-12
241  0.0000e+00
242  7.2593e-117
243  5.5489e-18
244  3.1906e-08
245  0.0000e+00
246  5.4386e-10
247  1.1711e-14
248  3.7379e-116
249  0.0000e+00
250  0.0000e+00
251  -7.2631e-314
252  0.0000e+00
253  0.0000e+00
254  0.0000e+00
255  0.0000e+00
256  0.0000e+00
257  7.0362e-26
258  9.1176e-07
259  5.6478e-26
260  1.5876e-06
261  1.7558e-06
262  1.5952e-06
263  1.7992e-06
264  2.1241e-06
265  1.9703e-06
266  2.6872e-06
267  1.2704e-06
268  1.4920e-06
269  4.1764e-06
270  4.2829e-06
271  4.1379e-06
272  7.8964e-06
273  1.0190e-05
274  2.1155e-05
275  3.0808e-05
276  4.5635e-05
277  1.7018e-05
278  3.3623e-05
279  2.4750e-05
280  1.3680e-05
281  4.9177e-06
282  4.5264e-06
283  1.5252e-06
284  1.3880e-06
285  9.7188e-07
286  9.5443e-07
287  1.8444e-06
288  1.4477e-06
289  1.3490e-06
290  1.6753e-06
291  8.2838e-07
292  7.2453e-06
293  4.2415e-06
294  6.9573e-06
295  2.3548e-06
296  5.1155e-06
297  2.2938e-06
298  3.4812e-07
299  2.6733e-07
300  8.8873e-08
301  7.3738e-06
302  5.5301e-06
303  3.3418e-06
304  7.8520e-06
305  8.9027e-06
306  1.0361e-05
307  2.2748e-06
308  6.6793e-06
309  7.0902e-06
310  5.3143e-06
311  3.4468e-06
312  8.1909e-06
313  1.4876e-06
314  3.5941e-06
315  6.0508e-06
316  1.0726e-05
317  6.1885e-06
318  7.8166e-05
319  3.5545e-05
320  2.7091e-05
321  8.6958e-06
322  1.2993e-05
323  7.9091e-06
324  7.0042e-06
325  3.2957e-06
326  3.8902e-06
327  8.2838e-06
328  1.2960e-06
329  3.9504e-06
330  3.1132e-06
331  1.0044e-06
332  2.1405e-06
333  3.1068e-07
334  3.0944e-07
335  1.9868e-07
336  8.7734e-08
337  2.1787e-06

