    1      2  3.6833e-17  7.3666e-17
    3      6  2.1120e-20  1.2672e-19
    4      8  9.0303e-18  7.2242e-17
    4      9  6.7842e-19  6.1058e-18
    5     10  4.4417e-20  4.4417e-19
    6     12  6.0809e-08  7.2971e-07
    6     13  6.5922e-15  8.5698e-14
    7     14  3.9872e-18  5.5821e-17
    7     15  3.2961e-12  4.9442e-11
    8     16  2.4623e-09  3.9398e-08
    8     17  7.6605e-16  1.3023e-14
    8     18  7.2322e-14  1.3018e-12
    9     19  1.2370e-13  2.3502e-12
   10     20  1.4565e-09  2.9129e-08
   10     21  2.8188e-13  5.9194e-12
   10     22  3.4333e-14  7.5532e-13
   11     23  1.0821e-13  2.4889e-12
   12     24  3.8592e-10  9.2621e-09
   12     25  1.0792e-10  2.6980e-09
   12     26  5.0129e-10  1.3033e-08
   13     26  1.0430e-16  2.7119e-15
   13     27  4.2507e-10  1.1477e-08
   14     28  8.4956e-10  2.3788e-08
   14     29  5.3356e-10  1.5473e-08
   14     30  8.1362e-10  2.4409e-08
   15     31  1.7757e-09  5.5046e-08
   16     32  5.1094e-09  1.6350e-07
   16     33  3.3278e-09  1.0982e-07
   16     34  5.1541e-08  1.7524e-06
   16     36  3.0519e-08  1.0987e-06
   17     35  1.6482e-08  5.7687e-07
   17     37  8.6481e-09  3.1998e-07
   18     36  9.3055e-16  3.3500e-14
   18     38  1.2416e-08  4.7180e-07
   18     40  5.8856e-10  2.3542e-08
   19     39  2.7815e-09  1.0848e-07
   19     41  2.6402e-09  1.0825e-07
   20     42  2.3465e-08  9.8551e-07
   20     43  3.0749e-07  1.3222e-05
   20     44  5.5947e-07  2.4617e-05
   20     46  1.0142e-07  4.6652e-06
   21     45  1.1948e-08  5.3768e-07
   22     47  4.1465e-07  1.9489e-05
   22     48  1.4317e-06  6.8719e-05
   22     49  1.3404e-08  6.5679e-07
   22     50  1.8434e-07  9.2169e-06
   23     51  5.0669e-07  2.5841e-05
   24     52  3.1463e-06  1.6361e-04
   24     53  2.2725e-06  1.2044e-04
   24     54  2.7720e-06  1.4969e-04
   25     55  9.1206e-08  5.0163e-06
   26     56  2.4567e-07  1.3757e-05
   26     57  1.4759e-08  8.4124e-07
   26     58  6.5846e-08  3.8190e-06
   27     59  4.6918e-08  2.7682e-06
   28     60  3.2130e-08  1.9278e-06
   28     61  2.3350e-07  1.4243e-05
   28     62  3.8707e-07  2.3998e-05
   28     64  2.8982e-07  1.8549e-05
   29     63  4.1155e-07  2.5928e-05
   29     65  4.0741e-07  2.6481e-05
   30     64  2.2903e-20  1.4658e-18
   30     66  1.8753e-06  1.2377e-04
   30     67  1.5739e-06  1.0545e-04
   30     68  6.2250e-07  4.2330e-05
   30     70  5.5485e-07  3.8839e-05
   31     69  2.4307e-07  1.6772e-05
   31     71  7.1336e-08  5.0649e-06
   32     70  5.1675e-16  3.6172e-14
   32     72  5.1861e-07  3.7340e-05
   32     73  1.1827e-05  8.6334e-04
   32     74  4.0629e-06  3.0066e-04
   32     76  4.6123e-06  3.5054e-04
   33     75  1.2691e-06  9.5183e-05
   34     76  3.0122e-14  2.2893e-12
   34     77  1.6252e-05  1.2514e-03
   34     78  2.4492e-05  1.9104e-03
   34     80  5.1392e-05  4.1114e-03
   34     82  1.7116e-06  1.4035e-04
   35     79  1.3255e-05  1.0471e-03
   35     81  2.3286e-06  1.8862e-04
   36     82  4.1158e-14  3.3749e-12
   36     83  3.4818e-06  2.8899e-04
   36     84  6.0592e-06  5.0897e-04
   36     86  3.8807e-05  3.3374e-03
   37     85  1.3645e-05  1.1598e-03
   37     87  6.1142e-06  5.3194e-04
   38     86  4.9293e-20  4.2392e-18
   38     87  4.4769e-08  3.8949e-06
   38     88  4.9610e-06  4.3657e-04
   39     89  3.0949e-05  2.7545e-03
   40     90  1.3739e-04  1.2365e-02
   40     91  1.5007e-05  1.3657e-03
   40     92  2.5576e-05  2.3530e-03
   40     94  5.6383e-06  5.3000e-04
   41     93  1.9727e-05  1.8347e-03
   42     95  2.7387e-07  2.6017e-05
   42     96  3.2041e-06  3.0759e-04
   42     97  6.5519e-06  6.3554e-04
   42     98  2.8426e-05  2.7858e-03
   42    100  1.0839e-04  1.0839e-02
   44     99  2.8170e-05  2.7888e-03
   44    100  8.7233e-13  8.7233e-11
   44    101  2.6834e-04  2.7103e-02
   44    102  1.1468e-04  1.1697e-02
   44    104  1.2675e-04  1.3182e-02
   45    103  2.8498e-05  2.9353e-03
   46    104  2.4672e-18  2.5658e-16
   46    105  5.3220e-04  5.5880e-02
   46    106  5.1883e-04  5.4995e-02
   46    108  2.7233e-04  2.9411e-02
   46    110  6.0408e-04  6.6448e-02
   47    107  1.7042e-04  1.8235e-02
   47    109  4.8712e-04  5.3096e-02
   48    110  1.4839e-12  1.6323e-10
   48    111  7.9131e-05  8.7836e-03
   48    112  1.6118e-04  1.8052e-02
   48    113  9.3970e-05  1.0619e-02
   48    114  1.8688e-04  2.1304e-02
   48    116  1.1950e-05  1.3862e-03
   49    113  4.1357e-12  4.6733e-10
   49    115  5.2333e-05  6.0183e-03
   50    115  4.1754e-11  4.8017e-09
   50    116  1.1990e-12  1.3909e-10
   50    117  3.5784e-05  4.1867e-03
   50    118  1.4213e-05  1.6772e-03
   50    119  6.4148e-06  7.6336e-04
   50    120  8.1245e-06  9.7495e-04
   50    122  1.6424e-06  2.0038e-04
   50    124  6.8562e-06  8.5017e-04
   51    121  2.2230e-06  2.6898e-04
   51    123  1.0279e-06  1.2643e-04
   52    122  1.1592e-14  1.4142e-12
   52    124  1.6494e-16  2.0452e-14
   52    125  2.9402e-05  3.6752e-03
   52    126  8.2391e-05  1.0381e-02
   52    128  3.7815e-05  4.8403e-03
   52    130  5.2934e-07  6.8814e-05
   53    127  4.3965e-05  5.5835e-03
   53    129  5.6583e-14  7.2992e-12
   54    128  7.5367e-17  9.6469e-15
   54    129  1.3504e-05  1.7420e-03
   54    130  2.3128e-15  3.0066e-13
   54    131  1.3998e-08  1.8337e-06
   54    132  6.7890e-10  8.9615e-08
   54    134  3.5978e-14  4.8211e-12
   54    136  3.3228e-15  4.5189e-13
   55    133  5.8899e-13  7.8335e-11
   56    135  7.1852e-14  9.7000e-12
   56    137  3.2030e-15  4.3881e-13
   56    138  8.6026e-15  1.1872e-12
   57    139  2.9387e-16  4.0848e-14
   58    140  7.5658e-16  1.0592e-13
   58    142  2.4003e-16  3.4084e-14
   59    141  5.3383e-16  7.5270e-14
   60    143  1.0013e-16  1.4318e-14
   60    144  1.3849e-16  1.9942e-14
   60    145  2.0848e-18  3.0230e-16
   60    146  3.6559e-18  5.3376e-16
   60    148  7.4338e-18  1.1002e-15
   60    150  5.3948e-18  8.0923e-16
   62    147  2.8383e-18  4.1723e-16
   62    149  5.8147e-18  8.6640e-16
   62    152  5.2815e-18  8.0279e-16
   62    154  2.3588e-18  3.6326e-16
   63    151  1.9570e-18  2.9550e-16
   63    153  2.9018e-18  4.4398e-16
   64    155  1.9772e-18  3.0646e-16
   64    156  2.5556e-19  3.9867e-17
   64    157  4.3036e-19  6.7567e-17
   64    158  3.0164e-19  4.7660e-17
   64    160  4.4397e-20  7.1035e-18
   65    159  2.3924e-20  3.8039e-18
   66    161  4.6980e-20  7.5637e-18
   66    162  2.1085e-20  3.4158e-18
   66    163  1.2729e-20  2.0749e-18
   66    164  1.8409e-20  3.0191e-18
   68    166  1.6460e-20  2.7324e-18
    1      1  1.8767e-11  1.8767e-11
    2      4  1.2732e-01  5.0929e-01


