1  1.4185e-09
2  7.9396e-10
3  1.8294e-11
4  1.6725e-01
5  0.0000e+00
6  2.1846e-12
7  3.9482e-11
8  1.1559e-11
9  2.4919e-13
10  5.7301e-12
11  4.5803e-11
12  2.2379e-09
13  2.4526e-09
14  7.2648e-07
15  6.8869e-07
16  3.4199e-08
17  6.1384e-10
18  4.4249e-08
19  2.9339e-07
20  4.0977e-07
21  2.5489e-07
22  7.0115e-09
23  1.5802e-07
24  7.9062e-08
25  7.4109e-08
26  1.2295e-07
27  4.0749e-07
28  1.2374e-06
29  1.4687e-07
30  6.2684e-08
31  1.1294e-07
32  1.5356e-07
33  1.8796e-06
34  1.4473e-06
35  1.7499e-08
36  2.5019e-08
37  1.3069e-07
38  3.3653e-07
39  6.8514e-07
40  1.0981e-06
41  6.7828e-08
42  1.6583e-06
43  8.5138e-07
44  1.1583e-07
45  2.9776e-07
46  3.6352e-07
47  3.9445e-07
48  7.4554e-07
49  6.5722e-07
50  7.6549e-07
51  4.1116e-07
52  2.8699e-07
53  3.0083e-07
54  1.9664e-07
55  1.6340e-07
56  1.4328e-06
57  2.2971e-06
58  8.3019e-08
59  1.1864e-07
60  3.2357e-07
61  3.9644e-07
62  2.5018e-07
63  1.1982e-06
64  2.9553e-07
65  2.7632e-07
66  5.7266e-07
67  6.1770e-07
68  2.3371e-07
69  2.5244e-07
70  1.0605e-06
71  2.0955e-07
72  5.6047e-07
73  4.2436e-07
74  1.3923e-06
75  3.0118e-06
76  4.0131e-06
77  6.6270e-06
78  1.1962e-05
79  1.7629e-05
80  2.4879e-05
81  5.5568e-06
82  4.2734e-06
83  5.3015e-06
84  6.9710e-06
85  4.8513e-06
86  3.5414e-06
87  8.0412e-06
88  1.3064e-05
89  4.6320e-06
90  5.7036e-06
91  4.7542e-06
92  4.8065e-06
93  1.4308e-06
94  3.8180e-06
95  5.1647e-06
96  7.1003e-06
97  9.7944e-06
98  2.1581e-06
99  3.4432e-06
100  5.3073e-06
101  6.6497e-06
102  8.7376e-06
103  8.4237e-06
104  3.9295e-06
105  2.7939e-06
106  6.9279e-06
107  7.7263e-06
108  1.6267e-05
109  6.2445e-05
110  1.2421e-04
111  2.0703e-05
112  8.5462e-05
113  5.2207e-05
114  6.1250e-05
115  7.2957e-05
116  6.0588e-06
117  1.0531e-05
118  4.4980e-06
119  2.9471e-06
120  1.0525e-05
121  5.1107e-06
122  4.3371e-06
123  3.1146e-06
124  1.7048e-05
125  2.7058e-05
126  9.3184e-05
127  1.3406e-04
128  2.3447e-04
129  5.9062e-04
130  1.1318e-04
131  2.1999e-05
132  6.4875e-05
133  1.0974e-04
134  1.1656e-04
135  7.7872e-05
136  3.8966e-05
137  3.3775e-05
138  7.3459e-05
139  3.4456e-05
140  3.6572e-05
141  2.1849e-05
142  7.9722e-06
143  2.3285e-06
144  1.2129e-06
145  9.8070e-08
146  2.7013e-07
147  5.8007e-07
148  1.3473e-06
149  6.8779e-07
150  2.2661e-06
151  8.4262e-07
152  3.2843e-06
153  2.0975e-06
154  2.0156e-06
155  4.5746e-06
156  5.4839e-07
157  1.9939e-06
158  3.0474e-06
159  2.3252e-08
160  3.7183e-07
161  7.5086e-07
162  4.1821e-07
163  4.7624e-07
164  6.7115e-07
165  4.1752e-07
166  1.3878e-06
167  1.4093e-06
168  7.8664e-07
169  3.5844e-06
170  8.2232e-07
171  9.7897e-07
172  5.0235e-07
173  2.9303e-07
174  7.7618e-07
175  1.9220e-07
176  3.7652e-07
177  1.2007e-06
178  4.4802e-07
179  2.1426e-07
180  2.7190e-07
181  2.5556e-07
182  2.2633e-07
183  1.3354e-07
184  8.6566e-08
185  3.0526e-08
186  3.0463e-08
187  2.4020e-08
188  2.7440e-08
189  1.0258e-08
190  1.2321e-08
191  3.4355e-08
192  3.9170e-08
193  1.9407e-08
194  5.1187e-08
195  3.9794e-08
196  4.2070e-08
197  4.3032e-08
198  2.3509e-08
199  7.7835e-09
200  1.1186e-08
201  2.1200e-09
202  8.7064e-10
203  1.1832e-10
204  9.9150e-12
205  1.9714e-12
206  1.1299e-12
207  6.1561e-13
208  5.3751e-13
209  3.2555e-13
210  1.0630e-18
211  2.9352e-17
212  7.5837e-18
213  0.0000e+00
214  3.0710e-18
215  3.4305e-23
216  2.5131e-33
217  0.0000e+00
218  2.0126e-25
219  4.1913e-17
220  1.3487e-43
221  0.0000e+00
222  4.3603e-20
223  9.4634e-26
224  3.1759e-18
225  3.7110e-40
226  5.0321e-24
227  2.4028e-23
228  7.3295e-21
229  1.3713e-29
230  2.3600e-22
231  3.5939e-20
232  3.2082e-15
233  4.2359e-27
234  1.0385e-18
235  7.7459e-16
236  2.4220e-19
237  3.3014e-319
238  3.3443e-16
239  1.3316e-30
240  1.2027e-19
241  0.0000e+00
242  1.1351e-155
243  5.6061e-26
244  6.9359e-19
245  0.0000e+00
246  1.1361e-20
247  0.0000e+00
248  5.7343e-155
249  0.0000e+00
250  0.0000e+00
251  0.0000e+00
252  0.0000e+00
253  0.0000e+00
254  0.0000e+00
255  0.0000e+00
256  0.0000e+00
257  9.5584e-26
258  6.2296e-19
259  7.9613e-26
260  2.1188e-19
261  9.3288e-20
262  4.1409e-20
263  2.5987e-20
264  2.0968e-20
265  9.2049e-21
266  6.5196e-21
267  1.8346e-21
268  9.0616e-22
269  1.1280e-21
270  5.7894e-22
271  3.0057e-22
272  2.0010e-22
273  1.2818e-22
274  3.8826e-23
275  1.2502e-23
276  6.7025e-24
277  3.7975e-25
278  0.0000e+00
279  0.0000e+00
280  0.0000e+00
281  0.0000e+00
282  0.0000e+00
283  0.0000e+00
284  0.0000e+00
285  0.0000e+00
286  0.0000e+00
287  0.0000e+00
288  0.0000e+00
289  0.0000e+00
290  0.0000e+00
291  0.0000e+00
292  0.0000e+00
293  0.0000e+00
294  0.0000e+00
295  0.0000e+00
296  0.0000e+00
297  0.0000e+00
298  0.0000e+00
299  0.0000e+00
300  0.0000e+00
301  0.0000e+00
302  0.0000e+00
303  0.0000e+00
304  0.0000e+00
305  0.0000e+00
306  0.0000e+00
307  0.0000e+00
308  0.0000e+00
309  0.0000e+00
310  0.0000e+00
311  0.0000e+00
312  0.0000e+00
313  0.0000e+00
314  0.0000e+00
315  0.0000e+00
316  0.0000e+00
317  0.0000e+00
318  0.0000e+00
319  0.0000e+00
320  0.0000e+00
321  0.0000e+00
322  0.0000e+00
323  0.0000e+00
324  0.0000e+00
325  0.0000e+00
326  0.0000e+00
327  0.0000e+00
328  0.0000e+00
329  0.0000e+00
330  0.0000e+00
331  0.0000e+00
332  0.0000e+00
333  0.0000e+00
334  0.0000e+00
335  0.0000e+00
336  0.0000e+00
337  0.0000e+00

