1  3.0274e-02
2  1.4535e-03
3  2.7114e-05
4  2.0930e-01
5  0.0000e+00
6  6.8298e-23
7  5.7575e-11
8  3.8304e-07
9  4.5482e-11
10  1.0720e-09
11  2.7762e-09
12  2.3917e-09
13  5.5740e-09
14  1.1516e-06
15  9.8058e-07
16  2.4586e-06
17  2.1496e-08
18  7.8344e-07
19  6.6201e-08
20  1.5957e-06
21  5.1187e-08
22  2.1398e-06
23  9.3174e-07
24  4.0798e-06
25  1.2181e-06
26  1.9260e-06
27  1.8325e-08
28  6.3440e-07
29  6.0779e-08
30  1.1483e-08
31  1.9458e-08
32  2.8471e-07
33  2.5998e-08
34  2.5533e-07
35  1.9791e-08
36  9.6529e-07
37  5.6195e-08
38  3.0415e-07
39  8.7581e-09
40  1.5906e-09
41  1.3486e-10
42  1.2573e-09
43  1.8823e-10
44  2.4380e-09
45  4.8942e-10
46  1.4585e-09
47  3.7047e-10
48  2.7805e-08
49  7.4246e-10
50  9.6415e-10
51  1.6960e-10
52  2.8374e-10
53  1.5106e-10
54  2.2546e-10
55  5.5750e-11
56  9.7151e-11
57  1.0776e-10
58  7.5336e-10
59  7.6890e-12
60  2.6457e-09
61  7.3573e-12
62  5.3908e-11
63  1.5584e-10
64  1.6515e-09
65  8.2960e-12
66  8.2714e-11
67  1.0691e-11
68  1.0391e-10
69  1.0354e-11
70  1.5608e-10
71  1.8244e-11
72  9.8285e-11
73  2.7266e-11
74  2.5059e-10
75  7.8601e-11
76  4.3908e-10
77  1.2744e-11
78  3.3094e-10
79  1.0760e-10
80  1.1415e-09
81  1.2087e-10
82  1.1485e-09
83  3.2154e-11
84  1.5460e-10
85  1.7719e-10
86  7.1929e-10
87  2.4259e-10
88  2.4708e-10
89  2.4321e-10
90  1.9734e-10
91  5.9314e-11
92  1.2977e-10
93  1.6105e-10
94  1.9037e-10
95  6.6811e-11
96  4.9909e-10
97  7.5951e-11
98  1.6410e-10
99  4.7152e-11
100  1.5532e-10
101  2.1171e-11
102  5.5719e-11
103  2.2535e-11
104  4.8141e-11
105  2.5890e-11
106  4.9250e-11
107  1.9597e-11
108  6.7316e-11
109  1.7445e-11
110  1.0118e-10
111  1.6482e-11
112  3.7365e-11
113  2.7582e-11
114  9.2912e-11
115  5.8021e-11
116  7.6105e-11
117  1.0479e-11
118  6.9474e-11
119  2.7098e-11
120  1.4342e-10
121  3.9602e-11
122  2.5790e-10
123  8.7301e-12
124  2.4714e-10
125  7.7252e-11
126  5.1110e-10
127  2.5138e-11
128  3.6171e-10
129  1.3636e-10
130  5.6713e-10
131  1.5034e-09
132  6.1287e-09
133  6.4260e-09
134  1.7183e-08
135  7.5426e-09
136  4.7485e-09
137  1.5220e-10
138  3.3608e-10
139  3.1209e-10
140  7.6130e-10
141  5.5457e-11
142  2.9591e-11
143  4.4181e-11
144  1.1934e-10
145  1.1345e-11
146  2.7489e-11
147  3.4782e-11
148  5.2193e-11
149  3.1482e-12
150  6.2334e-11
151  3.6936e-12
152  1.4485e-11
153  7.5425e-12
154  1.3531e-11
155  1.8524e-12
156  6.0504e-12
157  1.5179e-12
158  2.6841e-12
159  5.9148e-13
160  7.3167e-12
161  4.4717e-13
162  1.3299e-12
163  5.3211e-13
164  1.2044e-12
165  1.1701e-12
166  1.9909e-12
167  1.3042e-12
168  1.2836e-12
169  3.7658e-12
170  1.8451e-12
171  1.2555e-12
172  5.8532e-13
173  4.0750e-13
174  3.2428e-12
175  8.5379e-13
176  1.8655e-12
177  9.7999e-13
178  8.8273e-13
179  8.2660e-13
180  1.4282e-12
181  8.7575e-12
182  5.0566e-12
183  6.7410e-13
184  2.8698e-13
185  1.6578e-13
186  2.5981e-13
187  5.4506e-13
188  2.3628e-13
189  1.1231e-12
190  9.3670e-13
191  2.0148e-12
192  1.0905e-11
193  9.4603e-13
194  3.1493e-12
195  2.0865e-12
196  2.2507e-12
197  3.9912e-12
198  1.0279e-11
199  7.4439e-13
200  1.9496e-12
201  1.3435e-12
202  2.4651e-12
203  2.9664e-12
204  8.4367e-12
205  7.6830e-12
206  2.8320e-11
207  9.8384e-11
208  3.6820e-11
209  1.1301e-10
210  3.2017e-14
211  3.5627e-35
212  4.5100e-14
213  7.5656e-47
214  1.5902e-25
215  1.0923e-48
216  5.6013e-30
217  1.9282e-25
218  2.4405e-27
219  2.3238e-13
220  7.1473e-28
221  4.7283e-38
222  4.3322e-24
223  1.9665e-22
224  4.0366e-24
225  3.2979e-43
226  6.6287e-19
227  1.3706e-19
228  1.2981e-17
229  1.1518e-32
230  3.1241e-17
231  2.0501e-16
232  5.6818e-12
233  6.0770e-30
234  1.0173e-16
235  4.4186e-12
236  2.2979e-14
237  1.6039e-318
238  1.8507e-12
239  3.2861e-21
240  4.5433e-18
241  0.0000e+00
242  2.1664e-61
243  1.0046e-21
244  5.5302e-14
245  0.0000e+00
246  4.1055e-16
247  2.1202e-18
248  7.1826e-61
249  0.0000e+00
250  0.0000e+00
251  1.2634e-287
252  0.0000e+00
253  0.0000e+00
254  0.0000e+00
255  0.0000e+00
256  0.0000e+00
257  1.7725e-26
258  1.2492e-11
259  7.3049e-26
260  6.2874e-11
261  1.8661e-10
262  2.6503e-10
263  3.7805e-10
264  1.4069e-10
265  2.6023e-10
266  9.4116e-11
267  1.5200e-11
268  4.8403e-12
269  2.0135e-11
270  2.1233e-11
271  9.9348e-12
272  5.5774e-12
273  7.7729e-12
274  2.2336e-12
275  1.0942e-11
276  3.3616e-11
277  1.1078e-11
278  1.5674e-11
279  6.9882e-11
280  1.0673e-10
281  4.3633e-11
282  2.2110e-10
283  1.8675e-09
284  1.6664e-08
285  3.7045e-08
286  4.1692e-08
287  1.4187e-08
288  4.8679e-09
289  3.7248e-09
290  2.3815e-09
291  2.4616e-09
292  2.8404e-09
293  1.1736e-08
294  3.7779e-08
295  2.5364e-08
296  3.0744e-08
297  1.1927e-08
298  2.2650e-08
299  4.2720e-09
300  4.6311e-09
301  4.0249e-08
302  6.7367e-08
303  7.0811e-08
304  9.7638e-08
305  8.6334e-08
306  9.6329e-08
307  8.7641e-08
308  9.3304e-08
309  5.6527e-08
310  6.8113e-08
311  4.5269e-08
312  5.2794e-08
313  3.1233e-08
314  4.3784e-08
315  3.5723e-08
316  4.3488e-08
317  3.8463e-08
318  6.3754e-08
319  5.7893e-08
320  6.2926e-08
321  4.0707e-08
322  5.0998e-08
323  4.2616e-08
324  4.9903e-08
325  6.4911e-08
326  5.6502e-08
327  4.6522e-08
328  3.5381e-08
329  5.0894e-08
330  3.8984e-08
331  4.7835e-08
332  3.3259e-08
333  5.3202e-08
334  3.4291e-08
335  4.2774e-08
336  2.4970e-08
337  3.8087e-04

