    1      2  3.3059e-09  6.6119e-09
    2      3  2.5880e-10  7.7639e-10
    3      6  9.3957e-12  5.6374e-11
    3      7  3.5949e-10  2.5164e-09
    4      8  1.5203e-09  1.2162e-08
    4      9  4.7021e-10  4.2319e-09
    5     10  5.3654e-09  5.3654e-08
    5     11  5.2972e-10  5.8270e-09
    6     12  2.8417e-09  3.4100e-08
    6     13  2.6764e-07  3.4793e-06
    7     14  2.0970e-07  2.9358e-06
    7     15  9.1117e-06  1.3668e-04
    8     16  2.7043e-07  4.3268e-06
    8     17  3.7072e-09  6.3023e-08
    8     18  2.3933e-08  4.3080e-07
    9     19  1.0389e-06  1.9738e-05
   10     20  1.4268e-06  2.8536e-05
   10     21  3.4620e-07  7.2702e-06
   10     22  3.0034e-09  6.6074e-08
   11     23  9.6047e-07  2.2091e-05
   12     24  2.9597e-07  7.1033e-06
   12     25  3.4895e-07  8.7237e-06
   12     26  1.9347e-08  5.0301e-07
   13     26  2.3929e-19  6.2216e-18
   13     27  2.4959e-07  6.7389e-06
   14     28  7.2295e-07  2.0243e-05
   14     29  9.0884e-08  2.6356e-06
   14     30  7.9138e-08  2.3742e-06
   15     31  9.8101e-08  3.0411e-06
   16     32  1.0888e-07  3.4841e-06
   16     33  9.7656e-07  3.2226e-05
   16     34  7.4952e-07  2.5484e-05
   16     36  2.4061e-08  8.6621e-07
   17     35  2.8666e-08  1.0033e-06
   17     37  4.7906e-08  1.7725e-06
   18     36  3.6158e-20  1.3017e-18
   18     38  1.0516e-07  3.9962e-06
   18     40  7.2758e-08  2.9103e-06
   19     39  5.7080e-08  2.2261e-06
   19     41  2.0669e-07  8.4742e-06
   20     42  5.5582e-07  2.3345e-05
   20     43  1.2366e-07  5.3172e-06
   20     44  1.3114e-07  5.7700e-06
   20     46  9.4900e-08  4.3654e-06
   21     45  1.4981e-07  6.7417e-06
   22     47  1.2935e-07  6.0796e-06
   22     48  2.7272e-07  1.3091e-05
   22     49  1.5722e-07  7.7038e-06
   22     50  1.1766e-07  5.8828e-06
   23     51  4.3636e-08  2.2254e-06
   24     52  2.4910e-07  1.2953e-05
   24     53  1.9155e-07  1.0152e-05
   24     54  8.9742e-08  4.8461e-06
   25     55  1.0210e-07  5.6153e-06
   26     56  2.7529e-07  1.5416e-05
   26     57  2.6968e-07  1.5372e-05
   26     58  1.4538e-08  8.4322e-07
   27     59  1.3515e-08  7.9736e-07
   28     60  3.0485e-08  1.8291e-06
   28     61  5.3178e-08  3.2439e-06
   28     62  8.6296e-08  5.3504e-06
   28     64  1.6621e-07  1.0637e-05
   29     63  2.2557e-07  1.4211e-05
   29     65  9.0448e-08  5.8791e-06
   30     66  2.0069e-07  1.3246e-05
   30     67  6.7624e-08  4.5308e-06
   30     68  1.5072e-07  1.0249e-05
   30     70  2.7227e-07  1.9059e-05
   31     69  1.5844e-07  1.0933e-05
   31     71  5.2270e-08  3.7111e-06
   32     70  4.4980e-16  3.1486e-14
   32     72  2.3472e-07  1.6900e-05
   32     73  1.5639e-07  1.1417e-05
   32     74  6.0708e-07  4.4924e-05
   32     76  2.8317e-06  2.1521e-04
   33     75  2.1093e-06  1.5819e-04
   34     76  3.4952e-14  2.6563e-12
   34     77  1.8594e-06  1.4317e-04
   34     78  1.6408e-06  1.2798e-04
   34     80  9.1570e-06  7.3256e-04
   34     82  1.6464e-06  1.3501e-04
   35     79  2.4774e-06  1.9572e-04
   35     81  4.6750e-06  3.7867e-04
   36     82  8.6890e-14  7.1250e-12
   36     83  2.8590e-06  2.3729e-04
   36     84  1.5054e-06  1.2646e-04
   36     86  2.8242e-06  2.4289e-04
   37     85  1.3044e-06  1.1088e-04
   37     87  3.0476e-06  2.6514e-04
   38     87  2.2315e-08  1.9414e-06
   38     88  3.1471e-06  2.7694e-04
   39     89  8.7365e-07  7.7755e-05
   40     90  1.3722e-06  1.2350e-04
   40     91  3.6685e-07  3.3384e-05
   40     92  2.4042e-06  2.2119e-04
   40     94  5.4449e-06  5.1182e-04
   41     93  2.3015e-06  2.1404e-04
   42     95  7.6553e-07  7.2726e-05
   42     96  1.2874e-06  1.2359e-04
   42     97  9.4924e-07  9.2076e-05
   42     98  3.7587e-07  3.6835e-05
   42    100  9.2303e-07  9.2303e-05
   44     99  6.6362e-07  6.5699e-05
   44    100  3.6130e-14  3.6130e-12
   44    101  1.0567e-06  1.0672e-04
   44    102  6.8087e-07  6.9448e-05
   44    104  9.8374e-07  1.0231e-04
   45    103  6.7630e-07  6.9659e-05
   46    104  4.2404e-19  4.4100e-17
   46    105  1.0623e-06  1.1154e-04
   46    106  2.3236e-06  2.4630e-04
   46    108  5.4672e-06  5.9045e-04
   46    110  4.0581e-05  4.4639e-03
   47    107  2.0345e-06  2.1769e-04
   47    109  2.5332e-05  2.7612e-03
   48    110  1.5226e-13  1.6749e-11
   48    111  5.9331e-06  6.5857e-04
   48    112  2.2559e-05  2.5266e-03
   48    113  1.5289e-05  1.7277e-03
   48    114  1.3323e-05  1.5188e-03
   48    116  1.4606e-06  1.6943e-04
   49    113  6.7289e-13  7.6037e-11
   49    115  6.5532e-06  7.5362e-04
   50    115  5.2285e-12  6.0128e-10
   50    116  1.8192e-13  2.1102e-11
   50    117  1.3428e-06  1.5711e-04
   50    118  9.5563e-07  1.1276e-04
   50    119  7.8808e-07  9.3781e-05
   50    120  3.6446e-06  4.3735e-04
   50    122  1.9350e-06  2.3608e-04
   50    124  1.3428e-05  1.6651e-03
   51    121  1.1971e-06  1.4485e-04
   51    123  3.2752e-06  4.0284e-04
   52    122  4.4300e-15  5.4046e-13
   52    124  1.1754e-16  1.4575e-14
   52    125  1.7248e-05  2.1560e-03
   52    126  2.9640e-05  3.7346e-03
   52    128  3.9449e-05  5.0494e-03
   52    130  1.7936e-05  2.3317e-03
   53    127  3.4559e-05  4.3890e-03
   53    129  7.6865e-14  9.9156e-12
   54    128  2.5794e-16  3.3017e-14
   54    129  3.0141e-05  3.8882e-03
   54    130  1.2413e-14  1.6137e-12
   54    131  1.3501e-05  1.7687e-03
   54    132  7.1806e-06  9.4784e-04
   54    134  1.3191e-05  1.7676e-03
   54    136  2.2305e-05  3.0335e-03
   55    133  8.3833e-06  1.1150e-03
   56    134  1.9295e-18  2.5856e-16
   56    135  1.2788e-05  1.7264e-03
   56    136  3.1477e-15  4.2809e-13
   56    137  1.8979e-05  2.6001e-03
   56    138  1.0421e-05  1.4381e-03
   57    139  6.1064e-06  8.4879e-04
   58    140  1.1157e-05  1.5620e-03
   58    142  1.6638e-05  2.3626e-03
   59    141  4.2098e-05  5.9358e-03
   60    142  1.4836e-17  2.1067e-15
   60    143  7.4616e-06  1.0670e-03
   60    144  1.0311e-05  1.4847e-03
   60    145  1.2332e-06  1.7881e-04
   60    146  2.5142e-06  3.6707e-04
   60    148  6.7955e-06  1.0057e-03
   60    150  1.9201e-05  2.8802e-03
   62    147  3.6661e-06  5.3892e-04
   62    148  1.8232e-13  2.6983e-11
   62    149  5.1347e-06  7.6508e-04
   62    150  1.4421e-12  2.1631e-10
   62    152  9.5396e-06  1.4500e-03
   62    154  8.7543e-06  1.3482e-03
   63    151  1.6716e-05  2.5241e-03
   63    153  5.0918e-06  7.7905e-04
   64    154  1.7937e-14  2.7624e-12
   64    155  5.7868e-06  8.9695e-04
   64    156  1.3619e-05  2.1246e-03
   64    157  8.9408e-06  1.4037e-03
   64    158  1.5784e-05  2.4938e-03
   64    160  1.5650e-05  2.5039e-03
   65    159  1.0047e-05  1.5975e-03
   66    160  6.8870e-15  1.1019e-12
   66    161  8.1894e-06  1.3185e-03
   66    162  1.6408e-05  2.6582e-03
   66    163  8.4140e-06  1.3715e-03
   66    164  1.6804e-05  2.7558e-03
   67    165  8.9752e-06  1.4809e-03
   68    166  1.8335e-05  3.0435e-03
   68    167  8.6146e-06  1.4386e-03
   68    168  1.7494e-05  2.9389e-03
   68    170  1.5006e-05  2.5511e-03
   69    169  1.4848e-05  2.5093e-03
   70    170  2.0802e-15  3.5364e-13
   70    171  1.3884e-05  2.3741e-03
   70    172  1.3120e-05  2.2566e-03
   70    173  1.4983e-05  2.5921e-03
   70    174  1.8215e-05  3.1695e-03
   70    176  1.2979e-05  2.2844e-03
   71    175  1.5110e-05  2.6443e-03
   71    176  4.4129e-16  7.7666e-14
   72    176  4.1316e-18  7.2716e-16
   72    177  1.3640e-05  2.4143e-03
   72    178  1.1687e-05  2.0803e-03
   72    179  7.9928e-06  1.4307e-03
   72    180  5.1892e-06  9.3406e-04
   73    181  3.4096e-06  6.1713e-04
   74    182  3.0384e-06  5.5298e-04
   74    183  1.6490e-06  3.0178e-04
   74    184  2.6595e-06  4.8934e-04
   74    186  5.2850e-06  9.8301e-04
   75    185  1.7989e-06  3.3279e-04
   75    187  3.8357e-06  7.1727e-04
   76    186  9.3391e-19  1.7371e-16
   76    187  3.1173e-08  5.8294e-06
   76    188  1.1140e-05  2.0944e-03
   76    189  2.3887e-05  4.5147e-03
   76    190  4.0949e-05  7.7804e-03
   76    192  7.3685e-05  1.4148e-02
   77    191  4.9858e-05  9.5228e-03
   77    193  9.4201e-05  1.8181e-02
   78    192  6.7714e-16  1.3001e-13
   78    194  8.3847e-05  1.6266e-02
   78    195  7.2040e-05  1.4048e-02
   78    196  3.3440e-05  6.5542e-03
   78    198  4.0698e-06  8.0582e-04
   79    197  1.4129e-05  2.7834e-03
   80    198  1.7342e-16  3.4336e-14
   80    199  1.1889e-06  2.3660e-04
   80    200  3.5631e-07  7.1261e-05
   80    201  2.3434e-07  4.7102e-05
   80    202  6.3941e-07  1.2916e-04
   80    204  1.8401e-06  3.7537e-04
   81    203  1.0788e-06  2.1899e-04
   81    205  1.5536e-06  3.1848e-04
   82    204  1.3916e-20  2.8389e-18
   82    206  4.5616e-06  9.3969e-04
   82    207  4.2455e-06  8.7882e-04
   82    208  4.2123e-06  8.7616e-04
   82    210  2.5438e-14  5.3419e-12
   82    211  8.1035e-20  1.7098e-17
   82    212  1.4709e-19  3.1182e-17
   82    214  1.1864e-20  2.5389e-18
   83    209  3.6833e-06  7.6981e-04
   83    210  5.3360e-19  1.1206e-16
   84    210  1.4733e-17  3.0939e-15
   86    222  4.0669e-19  9.0285e-17
   88    223  7.9221e-18  1.7666e-15
   88    224  3.8009e-19  8.5140e-17
   88    226  6.2230e-14  1.4064e-11
   88    228  1.2222e-12  2.7867e-10
   89    227  5.5091e-15  1.2506e-12
   89    228  2.6752e-20  6.0995e-18
   90    227  1.2733e-17  2.8903e-15
   90    228  7.2992e-17  1.6642e-14
   90    230  2.9329e-12  6.7456e-10
   90    231  7.3691e-19  1.7023e-16
   90    232  5.3501e-07  1.2412e-04
   90    234  9.9169e-19  2.3206e-16
   91    231  8.2593e-12  1.9079e-09
   91    234  2.9698e-20  6.9493e-18
   92    234  9.5502e-12  2.2348e-09
   92    235  1.7801e-07  4.1832e-05
   92    236  5.8574e-10  1.3823e-07
   92    238  1.7374e-07  4.1350e-05
   92    240  2.9391e-20  7.0539e-18
   94    239  2.2753e-19  5.4379e-17
   94    240  1.1593e-13  2.7822e-11
   94    244  1.4111e-09  3.4431e-07
   95    243  6.9555e-20  1.6902e-17
   96    244  3.8298e-19  9.3448e-17
   96    247  1.4680e-16  3.6260e-14
   97    246  2.4053e-11  5.9171e-09
  100    258  7.7879e-09  2.0093e-06
  100    260  4.8865e-09  1.2705e-06
  100    262  4.1891e-09  1.0975e-06
  102    261  3.4635e-09  9.0396e-07
  102    263  3.3393e-09  8.7823e-07
  102    264  2.6552e-09  7.0096e-07
  102    266  1.1914e-09  3.1691e-07
  103    265  1.1720e-09  3.1057e-07
  104    267  7.0731e-10  1.8885e-07
  104    268  5.5769e-10  1.4946e-07
  104    270  5.1274e-10  1.3844e-07
  104    272  2.9202e-10  7.9429e-08
  104    274  1.1644e-10  3.1904e-08
  105    269  8.1500e-10  2.1924e-07
  105    271  3.2447e-10  8.7931e-08
  106    273  1.9958e-10  5.4484e-08
  106    275  5.0365e-11  1.3850e-08
  106    276  3.6760e-11  1.0146e-08
  106    278  3.8532e-12  1.0712e-09
  106    280  1.7742e-13  4.9677e-11
  107    277  6.0314e-12  1.6707e-09
  108    279  6.2765e-13  1.7511e-10
  108    281  7.6808e-14  2.1583e-11
  108    282  1.2841e-13  3.6212e-11
  108    283  8.9000e-14  2.5187e-11
  108    284  1.3285e-13  3.7730e-11
  108    286  1.3371e-13  3.8240e-11
  110    285  1.3570e-13  3.8673e-11
  110    287  7.8268e-14  2.2463e-11
  110    288  5.7772e-14  1.6638e-11
  110    290  2.3115e-14  6.7034e-12
  111    289  2.2286e-14  6.4407e-12
  111    291  1.0521e-14  3.0617e-12
  111    292  9.3988e-14  2.7445e-11
  111    293  4.1390e-14  1.2127e-11
  111    294  5.5792e-14  1.6403e-11
  111    295  2.0770e-14  6.1270e-12
  111    296  1.2100e-14  3.5816e-12
  111    297  5.1080e-15  1.5171e-12
  111    298  5.9348e-15  1.7686e-12
  111    299  8.1485e-16  2.4364e-13
  111    300  4.9575e-16  1.4873e-13
  111    301  2.2052e-15  6.6377e-13
  111    302  1.2627e-14  3.8134e-12
  111    303  1.5542e-15  4.7093e-13
  111    304  2.3200e-15  7.0528e-13
  111    305  8.6976e-16  2.6528e-13
  111    306  9.0682e-16  2.7749e-13
  111    307  1.8333e-16  5.6282e-14
  111    308  3.2554e-16  1.0027e-13
  111    309  8.1376e-17  2.5145e-14
  111    310  1.2564e-16  3.8949e-14
  111    311  1.9065e-17  5.9291e-15
  111    312  3.7486e-17  1.1696e-14
  111    313  6.3385e-18  1.9839e-15
  111    314  1.6688e-17  5.2401e-15
  111    315  2.5833e-18  8.1374e-16
  111    316  4.4075e-18  1.3928e-15
  111    317  4.2369e-19  1.3431e-16
  111    318  2.4910e-18  7.9214e-16
  111    319  5.2738e-19  1.6823e-16
  111    320  1.1913e-18  3.8122e-16
  111    321  3.7780e-19  1.2127e-16
  111    322  5.4327e-19  1.7493e-16
  111    323  3.6895e-19  1.1917e-16
  111    324  4.2576e-19  1.3794e-16
  111    325  3.7124e-20  1.2065e-17
  111    326  2.5010e-19  8.1532e-17
  111    327  2.1817e-20  7.1340e-18
  111    329  1.6381e-20  5.3894e-18
    1      1  1.0437e-09  1.0437e-09
    2      4  1.8822e-01  7.5287e-01


