1  4.8198e-11
2  1.1925e-16
3  5.7706e-22
4  1.8236e-01
5  0.0000e+00
6  5.5918e-20
7  4.2697e-21
8  8.2161e-19
9  8.2722e-19
10  1.2054e-19
11  1.5551e-22
12  9.6123e-08
13  1.4325e-14
14  4.2308e-18
15  1.4578e-12
16  4.5963e-09
17  1.1576e-15
18  1.1496e-14
19  2.7051e-14
20  2.5438e-09
21  4.0501e-13
22  1.6244e-14
23  1.3838e-13
24  6.2304e-10
25  1.8032e-10
26  1.1366e-09
27  1.1374e-09
28  3.1895e-09
29  1.5475e-09
30  1.8999e-09
31  3.5520e-09
32  9.4031e-09
33  6.5041e-09
34  1.0597e-07
35  2.9072e-08
36  5.3796e-08
37  9.1582e-09
38  1.3877e-08
39  3.1238e-09
40  6.6497e-10
41  2.7966e-09
42  2.9765e-08
43  3.6223e-07
44  6.5721e-07
45  1.1816e-08
46  1.0682e-07
47  4.1673e-07
48  1.3853e-06
49  1.5971e-08
50  2.1627e-07
51  5.4140e-07
52  1.1024e-06
53  3.0407e-06
54  3.2763e-06
55  8.5685e-08
56  2.9329e-07
57  6.7253e-08
58  1.3461e-06
59  8.9225e-07
60  2.7463e-07
61  6.6113e-07
62  9.0973e-07
63  6.7330e-07
64  9.7933e-08
65  4.7143e-07
66  1.9203e-06
67  1.2584e-06
68  7.2441e-07
69  2.1689e-07
70  3.3479e-07
71  6.7427e-08
72  1.4089e-07
73  1.2640e-06
74  1.1751e-06
75  4.4487e-06
76  7.6120e-06
77  1.3872e-05
78  1.7393e-05
79  7.8770e-06
80  2.4551e-05
81  4.0063e-06
82  7.1456e-06
83  1.8048e-05
84  4.2428e-06
85  1.1707e-05
86  3.3670e-05
87  6.5618e-06
88  3.3555e-06
89  2.5670e-05
90  1.1478e-04
91  1.1998e-05
92  2.2457e-05
93  1.8004e-05
94  4.9818e-06
95  6.8875e-08
96  3.0422e-07
97  2.6220e-06
98  1.9477e-05
99  3.0748e-05
100  1.0232e-04
101  2.7407e-04
102  2.3274e-04
103  8.5818e-05
104  3.2564e-04
105  2.8531e-04
106  1.6986e-04
107  4.3504e-05
108  6.1464e-05
109  1.3917e-04
110  1.5946e-04
111  1.8961e-05
112  4.5797e-05
113  2.5310e-05
114  2.7142e-05
115  7.6522e-06
116  8.1139e-06
117  2.2567e-05
118  1.5380e-05
119  6.5124e-06
120  6.6603e-06
121  4.3944e-06
122  8.9882e-06
123  4.6506e-06
124  1.1069e-05
125  1.7555e-05
126  3.8583e-05
127  1.8828e-05
128  1.2923e-05
129  3.6395e-06
130  1.1822e-07
131  2.7290e-09
132  1.1117e-10
133  1.6108e-13
134  1.0899e-14
135  1.6481e-14
136  5.8596e-16
137  1.6474e-16
138  4.4297e-16
139  4.0782e-17
140  8.1275e-17
141  2.9455e-17
142  1.4058e-17
143  5.2336e-18
144  3.7139e-18
145  5.6300e-19
146  1.8985e-18
147  2.3020e-18
148  3.7310e-18
149  1.4559e-18
150  8.6820e-19
151  2.2728e-19
152  5.9477e-19
153  3.1365e-19
154  2.0352e-19
155  1.8317e-19
156  1.6807e-20
157  3.0935e-20
158  1.8914e-20
159  1.2965e-21
160  2.1504e-21
161  2.3074e-21
162  9.5982e-22
163  5.9026e-22
164  8.3733e-22
165  4.4819e-22
166  7.5092e-22
167  2.1013e-22
168  1.1954e-22
169  1.2241e-22
170  2.2638e-23
171  7.1061e-24
172  3.8945e-24
173  1.3934e-24
174  8.2316e-25
175  2.0251e-25
176  0.0000e+00
177  0.0000e+00
178  0.0000e+00
179  0.0000e+00
180  0.0000e+00
181  0.0000e+00
182  0.0000e+00
183  0.0000e+00
184  0.0000e+00
185  0.0000e+00
186  0.0000e+00
187  0.0000e+00
188  0.0000e+00
189  0.0000e+00
190  0.0000e+00
191  0.0000e+00
192  0.0000e+00
193  0.0000e+00
194  0.0000e+00
195  0.0000e+00
196  0.0000e+00
197  0.0000e+00
198  0.0000e+00
199  0.0000e+00
200  0.0000e+00
201  0.0000e+00
202  0.0000e+00
203  0.0000e+00
204  0.0000e+00
205  0.0000e+00
206  0.0000e+00
207  0.0000e+00
208  0.0000e+00
209  0.0000e+00
210  0.0000e+00
211  0.0000e+00
212  0.0000e+00
213  0.0000e+00
214  0.0000e+00
215  0.0000e+00
216  0.0000e+00
217  0.0000e+00
218  0.0000e+00
219  0.0000e+00
220  0.0000e+00
221  0.0000e+00
222  0.0000e+00
223  0.0000e+00
224  0.0000e+00
225  0.0000e+00
226  0.0000e+00
227  0.0000e+00
228  0.0000e+00
229  0.0000e+00
230  0.0000e+00
231  0.0000e+00
232  0.0000e+00
233  0.0000e+00
234  0.0000e+00
235  0.0000e+00
236  0.0000e+00
237  0.0000e+00
238  0.0000e+00
239  0.0000e+00
240  0.0000e+00
241  0.0000e+00
242  0.0000e+00
243  0.0000e+00
244  0.0000e+00
245  0.0000e+00
246  0.0000e+00
247  0.0000e+00
248  0.0000e+00
249  0.0000e+00
250  0.0000e+00
251  0.0000e+00
252  0.0000e+00
253  0.0000e+00
254  0.0000e+00
255  0.0000e+00
256  0.0000e+00
257  0.0000e+00
258  0.0000e+00
259  0.0000e+00
260  0.0000e+00
261  0.0000e+00
262  0.0000e+00
263  0.0000e+00
264  0.0000e+00
265  0.0000e+00
266  0.0000e+00
267  0.0000e+00
268  0.0000e+00
269  0.0000e+00
270  0.0000e+00
271  0.0000e+00
272  0.0000e+00
273  0.0000e+00
274  0.0000e+00
275  0.0000e+00
276  0.0000e+00
277  0.0000e+00
278  0.0000e+00
279  0.0000e+00
280  0.0000e+00
281  0.0000e+00
282  0.0000e+00
283  0.0000e+00
284  0.0000e+00
285  0.0000e+00
286  0.0000e+00
287  0.0000e+00
288  0.0000e+00
289  0.0000e+00
290  0.0000e+00
291  0.0000e+00
292  0.0000e+00
293  0.0000e+00
294  0.0000e+00
295  0.0000e+00
296  0.0000e+00
297  0.0000e+00
298  0.0000e+00
299  0.0000e+00
300  0.0000e+00
301  0.0000e+00
302  0.0000e+00
303  0.0000e+00
304  0.0000e+00
305  0.0000e+00
306  0.0000e+00
307  0.0000e+00
308  0.0000e+00
309  0.0000e+00
310  0.0000e+00
311  0.0000e+00
312  0.0000e+00
313  0.0000e+00
314  0.0000e+00
315  0.0000e+00
316  0.0000e+00
317  0.0000e+00
318  0.0000e+00
319  0.0000e+00
320  0.0000e+00
321  0.0000e+00
322  0.0000e+00
323  0.0000e+00
324  0.0000e+00
325  0.0000e+00
326  0.0000e+00
327  0.0000e+00
328  0.0000e+00
329  0.0000e+00
330  0.0000e+00
331  0.0000e+00
332  0.0000e+00
333  0.0000e+00
334  0.0000e+00
335  0.0000e+00
336  0.0000e+00
337  0.0000e+00

