1  3.0149e-09
2  5.7160e-10
3  7.8310e-12
4  2.0241e-01
5  0.0000e+00
6  1.6007e-12
7  1.4874e-11
8  1.9827e-13
9  6.2127e-18
10  4.2460e-12
11  1.4568e-11
12  5.1559e-09
13  9.6460e-12
14  8.4524e-08
15  6.5269e-09
16  1.0918e-09
17  7.4681e-11
18  3.0983e-08
19  7.9542e-09
20  9.3372e-09
21  2.2728e-08
22  7.4160e-09
23  1.7635e-08
24  1.8488e-08
25  3.9904e-08
26  6.4305e-07
27  9.5993e-09
28  2.2956e-08
29  1.9958e-08
30  1.4756e-08
31  8.0175e-09
32  3.6130e-08
33  6.4058e-07
34  4.9825e-07
35  8.8314e-09
36  1.6377e-08
37  1.5331e-07
38  2.7862e-07
39  2.7558e-07
40  4.2024e-07
41  5.0207e-08
42  6.9948e-07
43  3.5488e-07
44  2.2753e-07
45  8.9073e-07
46  1.1879e-06
47  5.2708e-07
48  3.4374e-07
49  1.8821e-07
50  3.2759e-07
51  2.3874e-07
52  6.8451e-08
53  4.9246e-07
54  1.7044e-06
55  3.2808e-07
56  2.3254e-06
57  2.8104e-06
58  4.3870e-08
59  4.2041e-08
60  4.3216e-08
61  4.2225e-08
62  5.8923e-08
63  8.7084e-07
64  5.6340e-08
65  4.7406e-08
66  1.2637e-07
67  8.4754e-08
68  3.0793e-08
69  4.2148e-08
70  1.6323e-07
71  5.7709e-08
72  3.0282e-07
73  3.2555e-07
74  1.6129e-06
75  5.6205e-06
76  5.6577e-06
77  7.6607e-06
78  1.1066e-05
79  1.7204e-05
80  1.6810e-05
81  3.8661e-06
82  1.3319e-06
83  5.6951e-06
84  6.4109e-06
85  4.3596e-06
86  5.3601e-06
87  3.0174e-06
88  9.5001e-06
89  7.1931e-06
90  5.4430e-06
91  1.6751e-06
92  1.0842e-05
93  1.6249e-06
94  3.3491e-06
95  4.0958e-06
96  3.7699e-06
97  3.4789e-06
98  2.2598e-06
99  2.2643e-06
100  2.2164e-06
101  2.5555e-06
102  2.7028e-06
103  2.6271e-06
104  1.8885e-06
105  1.2068e-06
106  1.5484e-06
107  9.4983e-07
108  1.2327e-06
109  1.4491e-06
110  1.8876e-06
111  3.6517e-07
112  1.0235e-06
113  4.9300e-07
114  5.6100e-07
115  5.3153e-07
116  2.2161e-07
117  5.4148e-07
118  5.7171e-07
119  5.1074e-07
120  2.9729e-06
121  2.4348e-06
122  5.3292e-06
123  6.7691e-06
124  4.9366e-05
125  1.3482e-04
126  4.5621e-04
127  2.9703e-04
128  2.4072e-04
129  1.1406e-04
130  3.0182e-05
131  2.1164e-06
132  6.0465e-06
133  1.0662e-05
134  4.6082e-06
135  1.7038e-06
136  1.3083e-06
137  3.4374e-07
138  7.1197e-07
139  6.9555e-07
140  1.2459e-06
141  7.4916e-07
142  2.1478e-07
143  5.8858e-08
144  5.2772e-08
145  6.4536e-08
146  1.5029e-07
147  1.6203e-07
148  1.1767e-07
149  4.9597e-08
150  4.7438e-08
151  1.9349e-08
152  5.2269e-08
153  2.8870e-08
154  4.0356e-08
155  5.8224e-08
156  1.1090e-08
157  2.8069e-08
158  3.0404e-08
159  5.3280e-10
160  6.1914e-09
161  9.9830e-09
162  5.1634e-09
163  4.6004e-09
164  7.0263e-09
165  3.9652e-09
166  1.0845e-08
167  8.0643e-09
168  4.0746e-09
169  1.1307e-08
170  2.5002e-09
171  2.0895e-09
172  1.0850e-09
173  5.9805e-10
174  1.2060e-09
175  3.3636e-10
176  5.2349e-10
177  9.0092e-10
178  2.5391e-10
179  1.4363e-10
180  1.9821e-10
181  2.7427e-10
182  2.2412e-10
183  1.3573e-10
184  1.1393e-10
185  6.1042e-11
186  4.7386e-11
187  3.6430e-11
188  4.0513e-11
189  2.0683e-11
190  4.0818e-11
191  2.3226e-11
192  1.2938e-11
193  3.2556e-12
194  3.8857e-12
195  2.2166e-12
196  1.3918e-12
197  5.5552e-13
198  1.2918e-13
199  2.0130e-14
200  8.9324e-15
201  1.0082e-15
202  2.1755e-16
203  2.1327e-17
204  5.2476e-18
205  3.1120e-18
206  6.8820e-18
207  5.5081e-18
208  5.3345e-18
209  3.7255e-18
210  7.3192e-32
211  4.7589e-38
212  1.9167e-36
213  0.0000e+00
214  0.0000e+00
215  1.8112e-25
216  0.0000e+00
217  0.0000e+00
218  0.0000e+00
219  2.5851e-39
220  0.0000e+00
221  0.0000e+00
222  0.0000e+00
223  1.2128e-42
224  0.0000e+00
225  0.0000e+00
226  0.0000e+00
227  6.8144e-38
228  1.8603e-25
229  0.0000e+00
230  0.0000e+00
231  1.7031e-25
232  3.5615e-23
233  0.0000e+00
234  1.4642e-25
235  2.2200e-24
236  1.8833e-30
237  7.1311e-319
238  8.2114e-25
239  -1.7570e-313
240  0.0000e+00
241  0.0000e+00
242  0.0000e+00
243  0.0000e+00
244  0.0000e+00
245  0.0000e+00
246  0.0000e+00
247  0.0000e+00
248  0.0000e+00
249  0.0000e+00
250  0.0000e+00
251  0.0000e+00
252  0.0000e+00
253  0.0000e+00
254  0.0000e+00
255  0.0000e+00
256  0.0000e+00
257  0.0000e+00
258  0.0000e+00
259  0.0000e+00
260  0.0000e+00
261  0.0000e+00
262  0.0000e+00
263  0.0000e+00
264  0.0000e+00
265  0.0000e+00
266  0.0000e+00
267  0.0000e+00
268  0.0000e+00
269  0.0000e+00
270  0.0000e+00
271  0.0000e+00
272  0.0000e+00
273  0.0000e+00
274  0.0000e+00
275  0.0000e+00
276  0.0000e+00
277  0.0000e+00
278  0.0000e+00
279  0.0000e+00
280  0.0000e+00
281  0.0000e+00
282  0.0000e+00
283  0.0000e+00
284  0.0000e+00
285  0.0000e+00
286  0.0000e+00
287  0.0000e+00
288  0.0000e+00
289  0.0000e+00
290  0.0000e+00
291  0.0000e+00
292  0.0000e+00
293  0.0000e+00
294  0.0000e+00
295  0.0000e+00
296  0.0000e+00
297  0.0000e+00
298  0.0000e+00
299  0.0000e+00
300  0.0000e+00
301  0.0000e+00
302  0.0000e+00
303  0.0000e+00
304  0.0000e+00
305  0.0000e+00
306  0.0000e+00
307  0.0000e+00
308  0.0000e+00
309  0.0000e+00
310  0.0000e+00
311  0.0000e+00
312  0.0000e+00
313  0.0000e+00
314  0.0000e+00
315  0.0000e+00
316  0.0000e+00
317  0.0000e+00
318  0.0000e+00
319  0.0000e+00
320  0.0000e+00
321  0.0000e+00
322  0.0000e+00
323  0.0000e+00
324  0.0000e+00
325  0.0000e+00
326  0.0000e+00
327  0.0000e+00
328  0.0000e+00
329  0.0000e+00
330  0.0000e+00
331  0.0000e+00
332  0.0000e+00
333  0.0000e+00
334  0.0000e+00
335  0.0000e+00
336  0.0000e+00
337  0.0000e+00

