1  2.0235e-02
2  8.3229e-04
3  1.3938e-05
4  7.9576e+04
5  0.0000e+00
6  5.7081e-23
7  7.0764e-11
8  1.7322e-07
9  8.3017e-11
10  1.4347e-09
11  3.1900e-09
12  2.4763e-09
13  5.1144e-09
14  8.4953e-07
15  7.3179e-07
16  2.0127e-06
17  1.9408e-08
18  6.2086e-07
19  4.3034e-08
20  1.1697e-06
21  4.0098e-08
22  1.4841e-06
23  6.5629e-07
24  2.0871e-06
25  6.9404e-07
26  1.0034e-06
27  1.0147e-08
28  3.5234e-07
29  3.1802e-08
30  5.9974e-09
31  1.0540e-08
32  1.5449e-07
33  1.3889e-08
34  1.3386e-07
35  1.3449e-08
36  4.5322e-07
37  2.5917e-08
38  1.2832e-07
39  3.5611e-09
40  6.0666e-10
41  5.7954e-11
42  5.3389e-10
43  8.0866e-11
44  1.0445e-09
45  2.0266e-10
46  5.9181e-10
47  1.8142e-10
48  1.0842e-08
49  3.1978e-10
50  3.8841e-10
51  7.3166e-11
52  1.2480e-10
53  6.5283e-11
54  9.2132e-11
55  2.3243e-11
56  4.4056e-11
57  4.4881e-11
58  2.9993e-10
59  3.1895e-12
60  1.0219e-09
61  2.8771e-12
62  2.2204e-11
63  6.0247e-11
64  6.1925e-10
65  3.1790e-12
66  3.3472e-11
67  4.3137e-12
68  4.3767e-11
69  4.7358e-12
70  6.3522e-11
71  7.8387e-12
72  4.5744e-11
73  1.2643e-11
74  1.1436e-10
75  3.5092e-11
76  1.8089e-10
77  5.6506e-12
78  1.4968e-10
79  4.8417e-11
80  4.7121e-10
81  5.0003e-11
82  4.3153e-10
83  1.3227e-11
84  5.8630e-11
85  7.3922e-11
86  2.6501e-10
87  9.3100e-11
88  9.6306e-11
89  8.5955e-11
90  7.0554e-11
91  2.1100e-11
92  4.7488e-11
93  5.5220e-11
94  6.2532e-11
95  2.3227e-11
96  1.7346e-10
97  2.7374e-11
98  5.8577e-11
99  1.6692e-11
100  5.4031e-11
101  7.3780e-12
102  1.9646e-11
103  7.8962e-12
104  1.7395e-11
105  9.2651e-12
106  1.7395e-11
107  6.8676e-12
108  2.3929e-11
109  6.2200e-12
110  3.5399e-11
111  5.7572e-12
112  1.3625e-11
113  9.6537e-12
114  3.2839e-11
115  2.0176e-11
116  2.5474e-11
117  3.8267e-12
118  2.5609e-11
119  9.6652e-12
120  4.9266e-11
121  1.3558e-11
122  8.5141e-11
123  2.9098e-12
124  8.1098e-11
125  2.5718e-11
126  1.6480e-10
127  8.4387e-12
128  1.2803e-10
129  5.0577e-11
130  2.5194e-10
131  6.7046e-10
132  2.6222e-09
133  2.9629e-09
134  6.5719e-09
135  2.7590e-09
136  1.5655e-09
137  5.1001e-11
138  1.2705e-10
139  1.1242e-10
140  2.5270e-10
141  1.7688e-11
142  9.4696e-12
143  1.4181e-11
144  3.9324e-11
145  3.6853e-12
146  9.2934e-12
147  1.1229e-11
148  1.6190e-11
149  9.8767e-13
150  1.9876e-11
151  1.1733e-12
152  4.6865e-12
153  2.3907e-12
154  4.1503e-12
155  5.8889e-13
156  1.9664e-12
157  4.9858e-13
158  8.6385e-13
159  1.9004e-13
160  2.2050e-12
161  1.4452e-13
162  4.1599e-13
163  1.7139e-13
164  3.6993e-13
165  3.8185e-13
166  6.0993e-13
167  4.0798e-13
168  3.8857e-13
169  1.1542e-12
170  5.3663e-13
171  3.9414e-13
172  1.8557e-13
173  1.2760e-13
174  9.7491e-13
175  2.5555e-13
176  5.3518e-13
177  3.0948e-13
178  2.7171e-13
179  2.4890e-13
180  4.0682e-13
181  2.3827e-12
182  1.0590e-12
183  1.8097e-13
184  1.1474e-13
185  7.2549e-14
186  1.0059e-13
187  2.3172e-13
188  1.0231e-13
189  4.6785e-13
190  3.5720e-13
191  8.0715e-13
192  3.2203e-12
193  2.7633e-13
194  9.1082e-13
195  7.1696e-13
196  7.4259e-13
197  1.3942e-12
198  2.8762e-12
199  2.1728e-13
200  5.9279e-13
201  4.7700e-13
202  8.4324e-13
203  1.1179e-12
204  3.0209e-12
205  2.7214e-12
206  -4.6764e-12
207  1.5055e-02
208  4.2827e-10
209  3.4811e-11
210  2.0835e-30
211  6.6339e-14
212  7.6811e-25
213  0.0000e+00
214  -4.5868e-13
215  -8.7581e-47
216  2.4523e-45
217  0.0000e+00
218  1.8827e-16
219  5.5724e-15
220  2.6959e-16
221  7.1180e-320
222  1.3056e-24
223  1.1569e-22
224  1.7789e-24
225  1.2142e-33
226  1.9978e-19
227  8.0635e-20
228  5.7207e-18
229  -7.9897e-32
230  9.4156e-18
231  1.2061e-16
232  2.5040e-12
233  4.8209e-30
234  3.0660e-17
235  2.5995e-12
236  1.6065e-14
237  3.0788e-319
238  5.5777e-13
239  2.9961e-21
240  2.9304e-18
241  0.0000e+00
242  5.2971e-79
243  9.1589e-22
244  3.5669e-14
245  0.0000e+00
246  1.2137e-16
247  1.9331e-18
248  -3.2645e-76
249  0.0000e+00
250  0.0000e+00
251  -2.3214e-314
252  0.0000e+00
253  0.0000e+00
254  0.0000e+00
255  0.0000e+00
256  0.0000e+00
257  3.9710e-27
258  5.5771e-12
259  4.3634e-26
260  3.2482e-11
261  6.4188e-11
262  6.6018e-11
263  1.0322e-10
264  3.8275e-11
265  7.3030e-11
266  5.1031e-11
267  7.5741e-11
268  1.5073e-11
269  6.7531e-12
270  1.3908e-11
271  9.4964e-12
272  3.3906e-12
273  4.4335e-12
274  2.7904e-12
275  1.0962e-11
276  3.8761e-11
277  1.9986e-11
278  9.9621e-12
279  4.2817e-11
280  7.5837e-11
281  4.8622e-11
282  1.2730e-10
283  3.8093e-10
284  1.6867e-09
285  7.1464e-09
286  9.1403e-09
287  7.0826e-09
288  7.6253e-09
289  6.5271e-09
290  5.8676e-09
291  1.7496e-08
292  1.0600e-07
293  5.0260e-08
294  8.3746e-08
295  9.6714e-08
296  2.1377e-07
297  1.4930e-07
298  1.6374e-06
299  1.5929e-09
300  1.0349e-08
301  8.7014e-09
302  9.1741e-09
303  1.0702e-09
304  4.8062e-10
305  3.6346e-11
306  5.2060e-11
307  8.5659e-12
308  3.1158e-12
309  2.5801e-13
310  1.0901e-12
311  2.5301e-13
312  5.3706e-13
313  6.2205e-14
314  4.5902e-13
315  1.8911e-14
316  6.2632e-13
317  1.2202e-14
318  2.9087e-13
319  3.0984e-15
320  5.7067e-14
321  3.7027e-16
322  4.2822e-15
323  6.8141e-16
324  7.7736e-16
325  2.8804e-16
326  1.3083e-16
327  8.0224e-16
328  2.5342e-16
329  2.0862e-15
330  2.7368e-16
331  1.9304e-15
332  1.8424e-16
333  2.4533e-15
334  1.6124e-16
335  2.3116e-15
336  8.5321e-17
337  2.0438e-04

