    1      2  2.0088e-03  4.0175e-03
    1      3  7.8581e-20  2.3574e-19
    2      3  4.0146e-05  1.2044e-04
    3      7  3.2096e-11  2.2467e-10
    4      8  3.0182e-07  2.4145e-06
    4      9  2.3102e-11  2.0791e-10
    5     10  5.9209e-10  5.9209e-09
    5     11  1.6258e-09  1.7884e-08
    6     12  1.4851e-09  1.7822e-08
    6     13  3.6878e-09  4.7941e-08
    7     14  6.5130e-07  9.1182e-06
    7     15  5.6957e-07  8.5436e-06
    8     16  1.2977e-06  2.0763e-05
    8     17  1.0737e-08  1.8253e-07
    8     18  4.1862e-07  7.5352e-06
    9     19  4.0556e-08  7.7056e-07
   10     20  8.8690e-07  1.7738e-05
   10     21  2.7651e-08  5.8067e-07
   10     22  1.1792e-06  2.5943e-05
   11     23  4.9191e-07  1.1314e-05
   12     24  2.7450e-06  6.5880e-05
   12     25  7.5518e-07  1.8879e-05
   12     26  1.2741e-06  3.3126e-05
   13     27  1.1632e-08  3.1407e-07
   14     28  4.0008e-07  1.1202e-05
   14     29  4.0001e-08  1.1600e-06
   14     30  7.5632e-09  2.2690e-07
   15     31  1.2501e-08  3.8752e-07
   16     32  1.8230e-07  5.8336e-06
   16     33  1.6818e-08  5.5500e-07
   16     34  1.6596e-07  5.6425e-06
   16     36  6.7865e-07  2.4431e-05
   17     35  1.0448e-08  3.6569e-07
   17     37  3.9918e-08  1.4770e-06
   18     36  5.7984e-14  2.0874e-12
   18     38  2.3252e-07  8.8359e-06
   18     40  1.3025e-09  5.2101e-08
   19     39  6.8563e-09  2.6740e-07
   19     40  1.6815e-18  6.7259e-17
   19     41  1.0096e-10  4.1393e-09
   20     40  4.8302e-19  1.9321e-17
   20     42  9.5454e-10  4.0091e-08
   20     43  1.4124e-10  6.0733e-09
   20     44  1.8387e-09  8.0903e-08
   20     46  1.1477e-09  5.2795e-08
   21     45  3.7875e-10  1.7044e-08
   22     46  5.5779e-17  2.5659e-15
   22     47  2.5281e-10  1.1882e-08
   22     48  2.2520e-08  1.0810e-06
   22     49  5.6026e-10  2.7453e-08
   22     50  7.6394e-10  3.8197e-08
   23     51  1.2779e-10  6.5172e-09
   24     52  2.1067e-10  1.0955e-08
   24     53  1.1360e-10  6.0208e-09
   24     54  1.7700e-10  9.5582e-09
   25     55  4.2973e-11  2.3635e-09
   26     56  7.0384e-11  3.9415e-09
   26     57  8.3385e-11  4.7529e-09
   26     58  6.0157e-10  3.4891e-08
   27     59  5.9579e-12  3.5152e-10
   28     60  2.1571e-09  1.2942e-07
   28     61  5.9431e-12  3.6253e-10
   28     62  4.2033e-11  2.6060e-09
   28     64  1.3741e-09  8.7941e-08
   29     63  1.2705e-10  8.0043e-09
   29     65  6.8070e-12  4.4246e-10
   30     64  2.4376e-19  1.5600e-17
   30     66  6.5347e-11  4.3129e-09
   30     67  8.4573e-12  5.6664e-10
   30     68  8.0128e-11  5.4487e-09
   30     70  1.2283e-10  8.5983e-09
   31     69  7.4659e-12  5.1515e-10
   31     71  1.3839e-11  9.8254e-10
   32     70  7.0802e-14  4.9562e-12
   32     72  7.0156e-11  5.0512e-09
   32     73  1.9486e-11  1.4225e-09
   32     74  1.8005e-10  1.3324e-08
   32     76  3.4038e-10  2.5869e-08
   33     75  5.7714e-11  4.3286e-09
   34     76  5.2453e-13  3.9864e-11
   34     77  9.3687e-12  7.2139e-10
   34     78  2.3938e-10  1.8672e-08
   34     80  8.7989e-10  7.0391e-08
   34     82  9.4527e-10  7.7512e-08
   35     79  7.7793e-11  6.1457e-09
   35     81  9.2809e-11  7.5175e-09
   36     82  3.1680e-12  2.5978e-10
   36     83  2.4921e-11  2.0685e-09
   36     84  1.2660e-10  1.0634e-08
   36     86  6.0327e-10  5.1881e-08
   37     85  1.3619e-10  1.1576e-08
   37     87  1.9548e-10  1.7006e-08
   38     86  1.0945e-17  9.4124e-16
   38     87  1.4311e-12  1.2450e-10
   38     88  1.9675e-10  1.7314e-08
   39     89  2.0894e-10  1.8596e-08
   40     90  1.6751e-10  1.5076e-08
   40     91  5.0521e-11  4.5975e-09
   40     92  1.0828e-10  9.9620e-09
   40     94  1.7240e-10  1.6205e-08
   41     93  1.4138e-10  1.3149e-08
   42     95  5.8038e-11  5.5136e-09
   42     96  4.3576e-10  4.1833e-08
   42     97  6.4748e-11  6.2806e-09
   42     98  1.4083e-10  1.3802e-08
   42    100  1.2222e-10  1.2222e-08
   44     99  4.0679e-11  4.0272e-09
   44    100  1.3394e-11  1.3394e-09
   44    101  1.8468e-11  1.8652e-09
   44    102  4.8285e-11  4.9250e-09
   44    104  4.0931e-11  4.2568e-09
   45    103  1.9588e-11  2.0175e-09
   46    104  3.0481e-16  3.1700e-14
   46    105  2.2228e-11  2.3339e-09
   46    106  4.2692e-11  4.5253e-09
   46    108  5.8089e-11  6.2736e-09
   46    110  8.8220e-11  9.7042e-09
   47    107  1.7053e-11  1.8247e-09
   47    109  1.4997e-11  1.6347e-09
   48    110  9.4866e-14  1.0435e-11
   48    111  1.4404e-11  1.5989e-09
   48    112  3.1671e-11  3.5471e-09
   48    113  2.4146e-11  2.7285e-09
   48    114  8.0786e-11  9.2096e-09
   48    116  6.7319e-11  7.8090e-09
   49    113  1.0627e-18  1.2008e-16
   49    115  5.0993e-11  5.8642e-09
   50    115  4.0685e-17  4.6788e-15
   50    116  1.3695e-12  1.5886e-10
   50    117  8.8747e-12  1.0383e-09
   50    118  5.8525e-11  6.9060e-09
   50    119  2.3371e-11  2.7812e-09
   50    120  1.2701e-10  1.5241e-08
   50    122  2.3473e-10  2.8637e-08
   50    124  2.2589e-10  2.8010e-08
   51    121  3.5073e-11  4.2438e-09
   51    123  7.8989e-12  9.7157e-10
   52    122  5.8435e-14  7.1290e-12
   52    124  7.9903e-15  9.9080e-13
   52    125  6.9805e-11  8.7257e-09
   52    126  4.7221e-10  5.9499e-08
   52    128  3.1368e-10  4.0151e-08
   52    130  4.2255e-10  5.4931e-08
   53    127  2.2611e-11  2.8716e-09
   53    129  4.8897e-17  6.3078e-15
   54    128  3.2411e-15  4.1486e-13
   54    129  1.1513e-10  1.4851e-08
   54    130  4.1888e-13  5.4454e-11
   54    131  1.1159e-09  1.4619e-07
   54    132  4.7746e-09  6.3025e-07
   54    134  1.4958e-08  2.0044e-06
   54    136  4.5755e-09  6.2226e-07
   55    133  4.7959e-09  6.3786e-07
   56    134  1.1954e-13  1.6018e-11
   56    135  6.7444e-09  9.1049e-07
   56    136  8.4964e-12  1.1555e-09
   56    137  1.4525e-10  1.9900e-08
   56    138  2.9586e-10  4.0828e-08
   57    139  2.8528e-10  3.9653e-08
   58    140  7.3810e-10  1.0333e-07
   58    142  2.9473e-11  4.1852e-09
   59    141  5.5187e-11  7.7813e-09
   60    142  2.5292e-16  3.5915e-14
   60    143  4.3960e-11  6.2863e-09
   60    144  1.1651e-10  1.6778e-08
   60    145  1.1206e-11  1.6249e-09
   60    146  2.6322e-11  3.8430e-09
   60    148  5.1749e-11  7.6589e-09
   60    150  6.2165e-11  9.3248e-09
   62    147  3.4622e-11  5.0894e-09
   62    148  1.7892e-12  2.6481e-10
   62    149  3.1724e-12  4.7269e-10
   62    150  3.2876e-13  4.9314e-11
   62    152  1.4372e-11  2.1845e-09
   62    154  1.4003e-11  2.1565e-09
   63    151  3.7127e-12  5.6062e-10
   63    153  7.6016e-12  1.1630e-09
   64    154  6.8424e-15  1.0537e-12
   64    155  1.8584e-12  2.8805e-10
   64    156  6.0021e-12  9.3633e-10
   64    157  1.4963e-12  2.3492e-10
   64    158  2.6526e-12  4.1911e-10
   64    160  7.5703e-12  1.2112e-09
   65    159  5.8338e-13  9.2758e-11
   66    160  1.5671e-16  2.5074e-14
   66    161  4.4246e-13  7.1237e-11
   66    162  1.3424e-12  2.1748e-10
   66    163  5.3003e-13  8.6395e-11
   66    164  1.2301e-12  2.0173e-10
   67    165  1.1678e-12  1.9269e-10
   68    166  2.0576e-12  3.4156e-10
   68    167  1.3374e-12  2.2335e-10
   68    168  1.3377e-12  2.2474e-10
   68    170  1.9791e-12  3.3645e-10
   69    169  3.9018e-12  6.5940e-10
   70    170  5.4618e-16  9.2851e-14
   70    171  1.2674e-12  2.1673e-10
   70    172  5.8509e-13  1.0064e-10
   70    173  4.1099e-13  7.1101e-11
   70    174  3.3900e-12  5.8986e-10
   70    176  2.0207e-12  3.5564e-10
   71    175  8.9605e-13  1.5681e-10
   71    176  1.3104e-16  2.3063e-14
   72    176  1.2266e-18  2.1587e-16
   72    177  9.9696e-13  1.7646e-10
   72    178  9.1062e-13  1.6209e-10
   72    179  8.6508e-13  1.5485e-10
   72    180  1.5105e-12  2.7188e-10
   73    181  9.1086e-12  1.6487e-09
   74    182  4.4427e-12  8.0857e-10
   74    183  6.1150e-13  1.1190e-10
   74    184  3.6935e-13  6.7961e-11
   74    186  3.5079e-13  6.5248e-11
   75    185  2.3808e-13  4.4044e-11
   75    187  7.6749e-13  1.4352e-10
   76    186  5.3964e-19  1.0037e-16
   76    187  6.2363e-15  1.1662e-12
   76    188  3.3871e-13  6.3677e-11
   76    189  1.5302e-12  2.8921e-10
   76    190  1.2518e-12  2.3785e-10
   76    192  1.2176e-11  2.3378e-09
   77    191  2.5886e-12  4.9443e-10
   77    193  1.0451e-12  2.0170e-10
   78    192  8.1004e-17  1.5553e-14
   78    194  3.4638e-12  6.7198e-10
   78    195  2.3705e-12  4.6224e-10
   78    196  2.6333e-12  5.1613e-10
   78    198  1.0990e-11  2.1761e-09
   79    197  4.5442e-12  8.9521e-10
   80    198  1.1640e-15  2.3046e-13
   80    199  8.1446e-13  1.6208e-10
   80    200  2.2264e-12  4.4527e-10
   80    201  1.6066e-12  3.2293e-10
   80    202  3.0999e-12  6.2619e-10
   80    204  1.1228e-11  2.2905e-09
   80    206  1.8030e-20  3.7143e-18
   81    203  3.6446e-12  7.3985e-10
   81    205  1.0163e-11  2.0834e-09
   82    204  2.1620e-18  4.4104e-16
   82    206  3.3694e-11  6.9409e-09
   82    207  1.1471e-10  2.3745e-08
   82    208  4.1208e-11  8.5713e-09
   82    210  5.6407e-19  1.1845e-16
   82    211  1.5912e-12  3.3574e-10
   83    209  1.1992e-10  2.5063e-08
   88    226  6.6379e-19  1.5002e-16
   88    228  1.8555e-17  4.2305e-15
   89    227  2.9330e-19  6.6580e-17
   90    230  3.1284e-17  7.1954e-15
   90    232  8.1220e-12  1.8843e-09
   91    231  4.3972e-16  1.0158e-13
   92    234  1.0187e-16  2.3838e-14
   92    235  9.4772e-12  2.2271e-09
   92    236  4.0926e-14  9.6585e-12
   92    238  1.8532e-12  4.4107e-10
   94    240  8.0979e-18  1.9435e-15
   94    244  9.8570e-14  2.4051e-11
   96    247  5.3758e-18  1.3278e-15
   97    246  3.9859e-16  9.8052e-14
  100    258  1.9846e-11  5.1202e-09
  100    260  1.1371e-10  2.9565e-08
  100    262  2.2326e-10  5.8495e-08
  102    260  9.7836e-20  2.5437e-17
  102    261  2.0792e-10  5.4268e-08
  102    263  3.8363e-10  1.0090e-07
  102    264  1.3452e-10  3.5514e-08
  102    266  1.8588e-10  4.9444e-08
  103    265  2.5046e-10  6.6373e-08
  104    267  3.2335e-10  8.6334e-08
  104    268  7.1419e-11  1.9140e-08
  104    270  4.8487e-11  1.3092e-08
  104    272  1.2780e-11  3.4762e-09
  104    274  9.6229e-12  2.6367e-09
  105    269  2.2407e-11  6.0276e-09
  105    271  3.4468e-11  9.3408e-09
  106    273  1.5311e-11  4.1798e-09
  106    274  1.0029e-18  2.7478e-16
  106    275  3.7429e-11  1.0293e-08
  106    276  1.3084e-10  3.6112e-08
  106    278  3.3532e-11  9.3220e-09
  106    280  2.4681e-10  6.9106e-08
  107    277  6.6805e-11  1.8505e-08
  108    279  1.4086e-10  3.9299e-08
  108    280  2.9734e-19  8.3254e-17
  108    281  1.5841e-10  4.4514e-08
  108    282  3.6785e-10  1.0373e-07
  108    283  9.5047e-10  2.6898e-07
  108    284  3.7061e-09  1.0525e-06
  108    286  1.8967e-08  5.4247e-06
  110    285  1.5855e-08  4.5186e-06
  110    286  2.4142e-12  6.9047e-10
  110    287  1.4753e-08  4.2341e-06
  110    288  1.5486e-08  4.4600e-06
  110    290  8.8211e-09  2.5581e-06
  111    289  1.2241e-08  3.5377e-06
  111    290  6.2158e-13  1.8026e-10
  111    291  3.2439e-08  9.4396e-06
  111    292  1.6297e-07  4.7586e-05
  111    293  8.0571e-08  2.3607e-05
  111    294  1.1262e-07  3.3112e-05
  111    295  9.3938e-08  2.7712e-05
  111    296  1.7791e-07  5.2660e-05
  111    297  8.7229e-08  2.5907e-05
  111    298  1.2962e-06  3.8627e-04
  111    299  1.1262e-09  3.3673e-07
  111    300  5.6172e-09  1.6851e-06
  111    301  4.3734e-09  1.3164e-06
  111    302  4.5875e-09  1.3854e-06
  111    303  6.2517e-10  1.8943e-07
  111    304  2.7255e-10  8.2856e-08
  111    305  2.2652e-11  6.9089e-09
  111    306  2.7050e-11  8.2774e-09
  111    307  5.3032e-12  1.6281e-09
  111    308  2.1521e-12  6.6286e-10
  111    309  1.9825e-13  6.1259e-11
  111    310  6.6270e-13  2.0544e-10
  111    311  1.8243e-13  5.6735e-11
  111    312  3.8928e-13  1.2146e-10
  111    313  4.1132e-14  1.2874e-11
  111    314  3.6286e-13  1.1394e-10
  111    315  1.4746e-14  4.6449e-12
  111    316  5.6137e-13  1.7739e-10
  111    317  1.0987e-14  3.4827e-12
  111    318  2.6721e-13  8.4973e-11
  111    319  2.8469e-15  9.0817e-13
  111    320  5.2490e-14  1.6797e-11
  111    321  3.4057e-16  1.0932e-13
  111    322  3.9391e-15  1.2684e-12
  111    323  6.2683e-16  2.0247e-13
  111    324  7.1510e-16  2.3169e-13
  111    325  2.6498e-16  8.6117e-14
  111    326  1.2035e-16  3.9234e-14
  111    327  7.3800e-16  2.4133e-13
  111    328  2.3313e-16  7.6467e-14
  111    329  1.9193e-15  6.3144e-13
  111    330  2.5178e-16  8.3089e-14
  111    331  1.7760e-15  5.8786e-13
  111    332  1.6951e-16  5.6276e-14
  111    333  2.2571e-15  7.5161e-13
  111    334  1.4835e-16  4.9549e-14
  111    335  2.1262e-15  7.1229e-13
  111    336  7.8478e-17  2.6369e-14
  111    337  1.3036e-04  4.3930e-02
    1      1  3.7559e-02  3.7559e-02
    2      4  2.2836e-01  9.1344e-01


