1  5.9982e-11
2  7.2886e-02
3  6.7748e-28
4  2.7945e-21
5  1.6423e-20
6  1.6982e-06
7  3.3961e-19
8  4.2622e-09
9  2.3169e-20
10  3.7428e-09
11  3.8260e-13
12  4.0578e-09
13  6.5209e-10
14  2.1899e-08
15  2.3235e-09
16  6.2935e-08
17  1.3804e-08
18  1.7521e-07
19  1.5097e-08
20  3.6304e-07
21  1.0522e-07
22  6.7146e-07
23  2.1247e-07
24  5.4052e-07
25  2.7075e-07
26  2.6960e-06
27  1.7568e-06
28  3.0482e-03
29  9.9340e-05
30  1.6131e-03
31  2.0197e-05
32  3.0436e-04
33  4.7242e-06
34  7.9745e-05
35  6.6391e-06
36  1.7659e-05
37  1.3902e-05
38  2.6913e-03
39  5.8764e-04
40  9.4017e-04
41  2.5411e-08
42  1.1299e-07
43  5.8353e-34
44  6.3442e-12
45  3.8678e-17
46  3.1675e-16
47  1.1205e-20
48  8.2705e-21
49  1.0295e-25
50  1.1065e-25
51  0.0000e+00
52  0.0000e+00
53  0.0000e+00
54  0.0000e+00
55  0.0000e+00
56  0.0000e+00
57  0.0000e+00
58  0.0000e+00
59  0.0000e+00
60  0.0000e+00
61  0.0000e+00
62  0.0000e+00
63  0.0000e+00
64  0.0000e+00
65  0.0000e+00
66  0.0000e+00
67  0.0000e+00
68  0.0000e+00
69  0.0000e+00
70  0.0000e+00
71  0.0000e+00
72  0.0000e+00
73  0.0000e+00
74  0.0000e+00
75  0.0000e+00
76  0.0000e+00
77  0.0000e+00
78  0.0000e+00
79  0.0000e+00
80  0.0000e+00
81  0.0000e+00
82  0.0000e+00
83  0.0000e+00
84  0.0000e+00
85  0.0000e+00
86  0.0000e+00
87  0.0000e+00
88  0.0000e+00
89  0.0000e+00
90  0.0000e+00
91  0.0000e+00
92  0.0000e+00
93  0.0000e+00
94  0.0000e+00
95  0.0000e+00
96  0.0000e+00
97  0.0000e+00
98  0.0000e+00
99  0.0000e+00
100  0.0000e+00
101  0.0000e+00
102  0.0000e+00
103  0.0000e+00
104  0.0000e+00
105  0.0000e+00
106  0.0000e+00
107  0.0000e+00
108  0.0000e+00
109  0.0000e+00
110  0.0000e+00
111  0.0000e+00
112  0.0000e+00
113  0.0000e+00
114  0.0000e+00
115  0.0000e+00
116  0.0000e+00
117  0.0000e+00
118  0.0000e+00

