1  1.4340e-09
2  1.8721e-01
3  1.7401e-18
4  1.0694e-16
5  2.8205e-18
6  4.0309e-08
7  4.1828e-11
8  2.7015e-09
9  3.1798e-12
10  6.1376e-10
11  9.2038e-11
12  2.4868e-09
13  1.2500e-09
14  3.3636e-08
15  1.6508e-09
16  1.3168e-07
17  1.8039e-07
18  1.9407e-07
19  2.3791e-08
20  1.8924e-06
21  8.2370e-07
22  3.2086e-06
23  6.1883e-07
24  4.2685e-06
25  8.6451e-07
26  2.9426e-06
27  1.6840e-08
28  6.9371e-07
29  1.4446e-06
30  3.5190e-06
31  1.7002e-06
32  2.8602e-05
33  2.3089e-06
34  6.7280e-05
35  1.9143e-05
36  3.7100e-05
37  1.3891e-05
38  6.7612e-06
39  2.3726e-06
40  5.7846e-05
41  8.0928e-06
42  1.4425e-04
43  5.7792e-30
44  4.2482e-04
45  4.9216e-05
46  6.0368e-04
47  2.8011e-04
48  2.9775e-04
49  1.4173e-05
50  6.2585e-05
51  2.9770e-05
52  1.5424e-04
53  3.6876e-05
54  6.7934e-06
55  1.8515e-10
56  8.7559e-12
57  5.9986e-14
58  3.9059e-13
59  6.8667e-15
60  3.4538e-14
61  -4.2322e-317
62  1.0706e-14
63  1.6498e-15
64  5.1725e-16
65  2.4603e-17
66  1.5175e-17
67  9.3805e-19
68  1.4290e-18
69  1.4580e-19
70  1.5985e-20
71  6.2578e-22
72  2.0849e-22
73  9.4659e-25
74  0.0000e+00
75  0.0000e+00
76  0.0000e+00
77  0.0000e+00
78  0.0000e+00
79  0.0000e+00
80  0.0000e+00
81  0.0000e+00
82  0.0000e+00
83  0.0000e+00
84  0.0000e+00
85  0.0000e+00
86  0.0000e+00
87  0.0000e+00
88  0.0000e+00
89  0.0000e+00
90  0.0000e+00
91  0.0000e+00
92  0.0000e+00
93  0.0000e+00
94  0.0000e+00
95  0.0000e+00
96  0.0000e+00
97  0.0000e+00
98  0.0000e+00
99  0.0000e+00
100  0.0000e+00
101  0.0000e+00
102  0.0000e+00
103  0.0000e+00
104  0.0000e+00
105  0.0000e+00
106  0.0000e+00
107  0.0000e+00
108  0.0000e+00
109  0.0000e+00
110  0.0000e+00
111  0.0000e+00
112  0.0000e+00
113  0.0000e+00
114  0.0000e+00
115  0.0000e+00
116  0.0000e+00
117  0.0000e+00
118  0.0000e+00

