1  1.7085e-08
2  2.0386e-01
3  4.9688e-11
4  8.9645e-13
5  5.8447e-11
6  2.9379e-09
7  4.3020e-07
8  4.1698e-08
9  3.3253e-08
10  1.6077e-07
11  1.5602e-08
12  8.1334e-07
13  7.8058e-08
14  4.6542e-07
15  1.0556e-07
16  8.3442e-07
17  2.5709e-07
18  1.2809e-06
19  9.7663e-07
20  3.9278e-06
21  1.7005e-06
22  2.3087e-06
23  2.3635e-07
24  1.0246e-06
25  2.6639e-08
26  1.9763e-07
27  5.4052e-09
28  1.1861e-07
29  9.9529e-07
30  1.9936e-06
31  3.9812e-07
32  3.1954e-06
33  6.2311e-07
34  4.7265e-05
35  1.3483e-05
36  1.5987e-05
37  5.9982e-06
38  2.2368e-06
39  1.6071e-06
40  1.0466e-05
41  5.7472e-06
42  9.5742e-06
43  7.0610e-32
44  3.7855e-06
45  1.8307e-06
46  1.0661e-05
47  6.2601e-06
48  9.5233e-06
49  2.4338e-06
50  1.6601e-05
51  3.3724e-06
52  5.6718e-04
53  1.6544e-04
54  5.2557e-04
55  1.3485e-05
56  1.4555e-05
57  1.1359e-06
58  8.4945e-06
59  9.4590e-07
60  8.3020e-07
61  5.1948e-316
62  7.0311e-07
63  1.8314e-07
64  9.2941e-07
65  1.2306e-07
66  4.2062e-07
67  1.3416e-07
68  6.1156e-07
69  2.6754e-07
70  4.9497e-07
71  6.7372e-08
72  2.5171e-07
73  3.3681e-08
74  3.4562e-08
75  9.9681e-10
76  5.6405e-09
77  4.0138e-09
78  6.1348e-09
79  5.7946e-10
80  7.8880e-10
81  5.8970e-13
82  1.1559e-15
83  1.1947e-16
84  4.6517e-20
85  0.0000e+00
86  4.9972e-30
87  3.6663e-22
88  1.3175e-20
89  8.8103e-26
90  4.1612e-18
91  4.0945e-23
92  1.2030e-18
93  3.7391e-44
94  4.2855e-22
95  7.4144e-36
96  6.7906e-31
97  4.6405e-24
98  0.0000e+00
99  6.1264e-322
100  1.9478e-22
101  -6.4820e-314
102  1.0782e-23
103  0.0000e+00
104  0.0000e+00
105  0.0000e+00
106  0.0000e+00
107  0.0000e+00
108  0.0000e+00
109  0.0000e+00
110  0.0000e+00
111  0.0000e+00
112  0.0000e+00
113  0.0000e+00
114  0.0000e+00
115  0.0000e+00
116  0.0000e+00
117  0.0000e+00
118  0.0000e+00

