1  2.9349e-09
2  4.5723e-09
3  3.7174e-10
4  2.2353e-01
5  0.0000e+00
6  1.2543e-11
7  4.1012e-10
8  5.3404e-10
9  1.6877e-10
10  2.9897e-09
11  1.0163e-09
12  1.8777e-09
13  1.2841e-07
14  1.8837e-07
15  3.9176e-06
16  1.2106e-07
17  2.9067e-09
18  1.9626e-08
19  5.0432e-07
20  7.0580e-07
21  3.5062e-07
22  3.5118e-09
23  7.2173e-07
24  2.3390e-07
25  2.9242e-07
26  2.4834e-08
27  2.3001e-07
28  6.3882e-07
29  1.0741e-07
30  6.0730e-08
31  7.3662e-08
32  1.2264e-07
33  1.0432e-06
34  8.0294e-07
35  2.2178e-08
36  2.5045e-08
37  2.9452e-08
38  8.2879e-08
39  5.2629e-08
40  3.6723e-08
41  1.3217e-07
42  4.6897e-07
43  1.1641e-07
44  9.8559e-08
45  1.0918e-07
46  5.0341e-08
47  6.6940e-08
48  1.4144e-07
49  9.9920e-08
50  8.4768e-08
51  2.2212e-08
52  1.0911e-07
53  9.7883e-08
54  5.5642e-08
55  8.0268e-08
56  3.2692e-07
57  6.0406e-07
58  1.7117e-08
59  2.3105e-08
60  3.7540e-08
61  5.8317e-08
62  5.7165e-08
63  2.6543e-07
64  1.1600e-07
65  9.4873e-08
66  1.8864e-07
67  9.1195e-08
68  3.7622e-08
69  2.1748e-08
70  7.5627e-08
71  2.1758e-08
72  1.0640e-07
73  1.2461e-07
74  7.4381e-07
75  2.7871e-06
76  2.0367e-06
77  1.5480e-06
78  1.1944e-06
79  1.5078e-06
80  4.1856e-06
81  1.7706e-06
82  1.3654e-06
83  1.8638e-06
84  5.8199e-07
85  2.5523e-07
86  4.7787e-07
87  5.6535e-07
88  6.2925e-07
89  2.7579e-07
90  4.6634e-07
91  1.4646e-07
92  4.5898e-07
93  3.0461e-07
94  8.8250e-07
95  5.1835e-07
96  3.7503e-07
97  2.8033e-07
98  9.7566e-08
99  1.2767e-07
100  1.5631e-07
101  1.7903e-07
102  1.0690e-07
103  1.1330e-07
104  1.1357e-07
105  1.0910e-07
106  1.9421e-07
107  1.5667e-07
108  1.9090e-07
109  1.9070e-07
110  2.5488e-07
111  5.5866e-08
112  1.3914e-07
113  5.9484e-08
114  5.6288e-08
115  5.4481e-08
116  2.9975e-08
117  6.5317e-08
118  8.1480e-08
119  6.7803e-08
120  3.4623e-07
121  3.2570e-07
122  8.2187e-07
123  8.8668e-07
124  3.6945e-06
125  3.9358e-06
126  6.9674e-06
127  5.6583e-06
128  4.6608e-06
129  3.6717e-06
130  1.3141e-06
131  1.2897e-06
132  1.8516e-06
133  2.1536e-06
134  1.7860e-06
135  7.5218e-07
136  1.3353e-06
137  1.7670e-06
138  1.7672e-06
139  1.0053e-06
140  1.4738e-06
141  1.3038e-06
142  7.2954e-07
143  8.1938e-07
144  1.1876e-06
145  9.6942e-07
146  1.4348e-06
147  1.3299e-06
148  1.2109e-06
149  7.3248e-07
150  9.0804e-07
151  7.5612e-07
152  1.0916e-06
153  6.9425e-07
154  1.5318e-06
155  1.0035e-06
156  1.3590e-06
157  1.0161e-06
158  1.7630e-06
159  4.9658e-07
160  1.3996e-06
161  7.7212e-07
162  1.1050e-06
163  7.3778e-07
164  2.1085e-06
165  1.1670e-06
166  2.4952e-06
167  1.2706e-06
168  1.5312e-06
169  1.9129e-06
170  1.1471e-06
171  9.3362e-07
172  8.0587e-07
173  6.8673e-07
174  1.1251e-06
175  6.9408e-07
176  8.4169e-07
177  9.9827e-07
178  1.1171e-06
179  1.0715e-06
180  1.5160e-06
181  1.6978e-06
182  2.3168e-06
183  1.4717e-06
184  2.4388e-06
185  1.6912e-06
186  3.8354e-06
187  2.8068e-06
188  7.1373e-06
189  7.4504e-06
190  1.6259e-05
191  2.1370e-05
192  3.2751e-05
193  3.7101e-05
194  3.8032e-05
195  3.0260e-05
196  1.6138e-05
197  9.1260e-06
198  3.1559e-06
199  2.1414e-06
200  2.5411e-06
201  2.2322e-06
202  3.5382e-06
203  3.3816e-06
204  4.7055e-06
205  4.8935e-06
206  4.5115e-05
207  3.9654e-05
208  4.5187e-05
209  4.0138e-05
210  6.0348e-13
211  1.6453e-18
212  2.0689e-18
213  3.5864e-44
214  3.1606e-19
215  4.5358e-25
216  2.3972e-24
217  5.3600e-94
218  5.4318e-21
219  6.3665e-22
220  9.1919e-22
221  3.8384e-320
222  9.6424e-18
223  1.5883e-16
224  5.1913e-18
225  2.1615e-40
226  1.4754e-12
227  1.1071e-13
228  1.6694e-11
229  8.0622e-30
230  6.9537e-11
231  1.6559e-10
232  7.3072e-06
233  2.8813e-27
234  2.2643e-10
235  3.5690e-06
236  1.4528e-08
237  9.8215e-319
238  4.1193e-06
239  1.0140e-17
240  2.8757e-12
241  0.0000e+00
242  6.8306e-118
243  3.0999e-18
244  3.5004e-08
245  0.0000e+00
246  5.0493e-10
247  6.5427e-15
248  3.1467e-117
249  0.0000e+00
250  0.0000e+00
251  -6.6186e-314
252  0.0000e+00
253  0.0000e+00
254  0.0000e+00
255  0.0000e+00
256  0.0000e+00
257  4.8127e-26
258  5.9735e-07
259  7.5037e-26
260  5.0875e-07
261  3.7127e-07
262  3.8490e-07
263  3.4279e-07
264  2.8517e-07
265  1.7420e-07
266  1.6953e-07
267  7.0142e-08
268  4.4054e-08
269  4.4816e-08
270  2.5070e-08
271  1.6622e-08
272  9.9644e-09
273  4.2526e-09
274  1.9034e-09
275  5.4933e-10
276  4.0049e-10
277  2.3315e-10
278  6.7801e-10
279  6.6961e-10
280  4.6116e-10
281  2.7441e-10
282  6.0473e-10
283  5.8106e-10
284  6.0206e-10
285  4.8875e-10
286  4.5701e-10
287  3.6836e-10
288  2.5053e-10
289  1.2559e-10
290  1.0332e-10
291  6.7402e-11
292  2.7433e-10
293  9.8320e-11
294  1.0054e-10
295  3.4740e-11
296  1.1197e-11
297  3.0376e-12
298  7.8316e-13
299  5.2513e-17
300  5.9742e-16
301  2.3721e-12
302  5.4303e-12
303  2.6025e-12
304  2.4534e-12
305  4.5364e-13
306  1.0889e-12
307  1.4363e-13
308  7.3038e-14
309  1.5943e-14
310  6.0339e-14
311  1.0010e-14
312  7.2259e-15
313  3.2552e-15
314  2.1556e-15
315  1.1886e-15
316  2.8028e-15
317  7.1650e-16
318  3.4922e-15
319  1.0574e-15
320  1.1154e-15
321  3.4437e-16
322  1.8999e-16
323  3.8204e-17
324  6.7704e-17
325  5.8816e-18
326  1.3926e-17
327  6.0129e-17
328  2.7588e-21
329  2.2341e-19
330  6.3447e-22
331  1.3596e-20
332  4.8868e-21
333  1.2481e-20
334  2.1482e-23
335  1.9792e-21
336  5.3353e-22
337  1.0787e-19

