1  1.6445e-09
2  1.8905e-09
3  7.8389e-11
4  2.1683e-01
5  0.0000e+00
6  5.2449e-12
7  1.5816e-10
8  2.7534e-11
9  3.8209e-12
10  1.5233e-11
11  1.3574e-10
12  2.2789e-09
13  1.0477e-08
14  8.2252e-07
15  9.6445e-07
16  6.8696e-08
17  1.1331e-09
18  2.4204e-08
19  2.6077e-07
20  3.6383e-07
21  3.7119e-07
22  5.1650e-09
23  3.8468e-07
24  1.2844e-07
25  1.1866e-07
26  3.6731e-08
27  3.8286e-07
28  1.1303e-06
29  1.2977e-07
30  5.7734e-08
31  1.0792e-07
32  1.3534e-07
33  1.4503e-06
34  1.1142e-06
35  1.4186e-08
36  1.8762e-08
37  8.1263e-08
38  2.0017e-07
39  3.6109e-07
40  6.1115e-07
41  4.2720e-08
42  1.0687e-06
43  5.4852e-07
44  6.3984e-08
45  1.3951e-07
46  1.3611e-07
47  1.7832e-07
48  3.7975e-07
49  4.0972e-07
50  4.2942e-07
51  6.6953e-08
52  1.8352e-07
53  1.4099e-07
54  9.1113e-08
55  2.4412e-07
56  7.7220e-07
57  9.7829e-07
58  5.3488e-08
59  6.0000e-08
60  1.4158e-07
61  1.9804e-07
62  1.2632e-07
63  3.2575e-07
64  1.7057e-07
65  1.0842e-07
66  2.3184e-07
67  6.9737e-08
68  8.3366e-08
69  6.2409e-08
70  1.4605e-07
71  2.5413e-08
72  8.7957e-08
73  9.9347e-08
74  7.8712e-07
75  3.5113e-06
76  3.1204e-06
77  2.5314e-06
78  2.4848e-06
79  3.8238e-06
80  6.9029e-06
81  3.8103e-06
82  2.1557e-06
83  2.7990e-06
84  1.1089e-06
85  5.8320e-07
86  1.2024e-06
87  1.7684e-06
88  2.0811e-06
89  3.4411e-07
90  6.4959e-07
91  4.3549e-07
92  2.0797e-06
93  9.8463e-07
94  2.6753e-06
95  1.6718e-06
96  1.3661e-06
97  6.9479e-07
98  4.7015e-07
99  6.2578e-07
100  7.3927e-07
101  8.5390e-07
102  4.2213e-07
103  3.5299e-07
104  3.7303e-07
105  3.2479e-07
106  5.7231e-07
107  4.9026e-07
108  7.5618e-07
109  6.2065e-07
110  7.7612e-07
111  1.9001e-07
112  3.5312e-07
113  1.5403e-07
114  1.6182e-07
115  1.5572e-07
116  1.4006e-07
117  2.1989e-07
118  2.5503e-07
119  2.0235e-07
120  6.8279e-07
121  7.2218e-07
122  1.7134e-06
123  2.3792e-06
124  1.1706e-05
125  2.6021e-05
126  6.8416e-05
127  3.3531e-05
128  2.8468e-05
129  3.2914e-05
130  2.1997e-05
131  6.7468e-06
132  9.7928e-06
133  1.1236e-05
134  9.5794e-06
135  8.9401e-06
136  1.5583e-05
137  1.5647e-05
138  1.1983e-05
139  6.2134e-06
140  8.1408e-06
141  1.3924e-05
142  1.1946e-05
143  1.5860e-05
144  2.1952e-05
145  1.5453e-05
146  1.7231e-05
147  9.0417e-06
148  8.3819e-06
149  6.4066e-06
150  1.0633e-05
151  1.2438e-05
152  1.5911e-05
153  1.0431e-05
154  1.5346e-05
155  7.5464e-06
156  1.4723e-05
157  9.2408e-06
158  1.6687e-05
159  8.0401e-06
160  1.2574e-05
161  5.7122e-06
162  1.1993e-05
163  7.2979e-06
164  1.7296e-05
165  8.3897e-06
166  1.6956e-05
167  7.6766e-06
168  1.0552e-05
169  6.8779e-06
170  4.8621e-06
171  3.7736e-06
172  3.6447e-06
173  3.6217e-06
174  4.7971e-06
175  3.3742e-06
176  3.7415e-06
177  4.3193e-06
178  5.7191e-06
179  4.8926e-06
180  5.7161e-06
181  5.6570e-06
182  8.4216e-06
183  4.9535e-06
184  8.2896e-06
185  4.7451e-06
186  9.0311e-06
187  5.2434e-06
188  1.0403e-05
189  8.7527e-06
190  1.0093e-05
191  7.9615e-06
192  8.8389e-06
193  9.1294e-06
194  7.6062e-06
195  4.7039e-06
196  1.4594e-06
197  4.5601e-07
198  8.1501e-08
199  2.6104e-08
200  1.1667e-08
201  6.5228e-09
202  1.6744e-08
203  3.7158e-08
204  6.6217e-08
205  6.1146e-08
206  1.1213e-07
207  9.8042e-08
208  9.1828e-08
209  7.4811e-08
210  5.3540e-18
211  5.3291e-23
212  4.3959e-34
213  1.4378e-45
214  2.8042e-24
215  9.0983e-30
216  2.8636e-13
217  4.3900e-97
218  4.8194e-26
219  2.0230e-26
220  4.6698e-26
221  -5.7005e-320
222  8.5547e-23
223  1.8030e-21
224  9.5116e-23
225  3.1173e-40
226  1.3090e-17
227  1.2567e-18
228  3.0588e-16
229  1.1628e-29
230  6.1693e-16
231  1.8797e-15
232  1.3388e-10
233  6.9777e-26
234  2.0089e-15
235  4.0513e-11
236  1.0649e-13
237  1.8841e-318
238  3.6546e-11
239  3.9315e-23
240  2.1073e-17
241  0.0000e+00
242  2.3846e-132
243  1.2019e-23
244  2.5651e-13
245  0.0000e+00
246  3.9836e-15
247  2.5367e-20
248  8.7056e-132
249  0.0000e+00
250  0.0000e+00
251  3.8161e-314
252  0.0000e+00
253  0.0000e+00
254  0.0000e+00
255  0.0000e+00
256  0.0000e+00
257  9.8661e-26
258  6.5224e-13
259  9.7916e-26
260  4.9798e-13
261  2.8235e-13
262  1.7707e-13
263  9.3803e-14
264  6.3642e-14
265  2.8674e-14
266  1.6301e-14
267  3.4079e-15
268  1.5311e-15
269  1.0575e-15
270  2.5953e-16
271  5.3009e-17
272  1.8201e-17
273  7.1824e-18
274  2.3373e-18
275  2.5521e-19
276  9.1222e-20
277  1.7402e-20
278  1.0536e-20
279  1.3731e-20
280  2.7567e-20
281  3.0846e-20
282  6.2564e-20
283  5.3812e-20
284  5.4597e-20
285  4.0887e-20
286  2.9257e-20
287  1.6932e-20
288  9.1607e-21
289  3.8451e-21
290  2.2392e-21
291  1.2770e-21
292  2.6913e-21
293  5.3264e-22
294  4.4235e-22
295  1.3937e-22
296  4.1816e-23
297  1.0503e-23
298  2.4380e-24
299  0.0000e+00
300  0.0000e+00
301  7.7921e-24
302  4.5900e-24
303  6.3990e-25
304  0.0000e+00
305  0.0000e+00
306  0.0000e+00
307  0.0000e+00
308  0.0000e+00
309  0.0000e+00
310  0.0000e+00
311  0.0000e+00
312  0.0000e+00
313  0.0000e+00
314  0.0000e+00
315  0.0000e+00
316  0.0000e+00
317  0.0000e+00
318  0.0000e+00
319  0.0000e+00
320  0.0000e+00
321  0.0000e+00
322  0.0000e+00
323  0.0000e+00
324  0.0000e+00
325  0.0000e+00
326  0.0000e+00
327  0.0000e+00
328  0.0000e+00
329  0.0000e+00
330  0.0000e+00
331  0.0000e+00
332  0.0000e+00
333  0.0000e+00
334  0.0000e+00
335  0.0000e+00
336  0.0000e+00
337  0.0000e+00

