1  2.2142e-09
2  9.5057e-10
3  2.0745e-11
4  2.0968e-01
5  0.0000e+00
6  2.6760e-12
7  4.0253e-11
8  4.2322e-13
9  4.6265e-16
10  7.2222e-12
11  4.6005e-11
12  3.6129e-09
13  3.1182e-11
14  2.7423e-07
15  1.4108e-08
16  2.1524e-09
17  1.3929e-10
18  4.5161e-08
19  1.7331e-08
20  3.2380e-08
21  5.8312e-08
22  5.5299e-09
23  1.4073e-08
24  3.0612e-08
25  5.1553e-08
26  8.7094e-07
27  5.5104e-08
28  1.5296e-07
29  3.2549e-08
30  1.7359e-08
31  1.8547e-08
32  4.3742e-08
33  6.7495e-07
34  5.2440e-07
35  8.8536e-09
36  1.5161e-08
37  9.7447e-08
38  1.9156e-07
39  2.4673e-07
40  4.0144e-07
41  4.6326e-08
42  6.6935e-07
43  3.4848e-07
44  1.9431e-07
45  7.1632e-07
46  7.5143e-07
47  3.8391e-07
48  4.4088e-07
49  2.6653e-07
50  3.4200e-07
51  2.1140e-07
52  1.1341e-07
53  8.6795e-08
54  1.1678e-07
55  1.4288e-07
56  8.2931e-07
57  1.8998e-06
58  4.8966e-08
59  7.2927e-08
60  1.8768e-07
61  2.6809e-07
62  1.6982e-07
63  1.1235e-06
64  1.5726e-07
65  1.3873e-07
66  3.2855e-07
67  2.4583e-07
68  5.5625e-08
69  4.0233e-08
70  1.8252e-07
71  4.3509e-08
72  1.6492e-07
73  1.9123e-07
74  1.0384e-06
75  3.8040e-06
76  3.3129e-06
77  4.4905e-06
78  8.7386e-06
79  1.3251e-05
80  1.7028e-05
81  3.3488e-06
82  1.1927e-06
83  2.6255e-06
84  3.3988e-06
85  2.2854e-06
86  2.7323e-06
87  3.0961e-06
88  4.6027e-06
89  2.3948e-06
90  4.8431e-06
91  3.3633e-06
92  9.5509e-06
93  1.9866e-06
94  3.0729e-06
95  1.2760e-06
96  1.0209e-06
97  1.4756e-06
98  1.1741e-06
99  1.5479e-06
100  1.7995e-06
101  2.0238e-06
102  1.0966e-06
103  1.0516e-06
104  1.0583e-06
105  8.6796e-07
106  1.2257e-06
107  8.8198e-07
108  1.0329e-06
109  1.2138e-06
110  1.8094e-06
111  3.5032e-07
112  1.0107e-06
113  4.1611e-07
114  3.4681e-07
115  3.2632e-07
116  9.8633e-08
117  2.6706e-07
118  2.7499e-07
119  2.0949e-07
120  1.1933e-06
121  9.3662e-07
122  2.1690e-06
123  2.3922e-06
124  2.2200e-05
125  6.6549e-05
126  2.8133e-04
127  2.0471e-04
128  1.5699e-04
129  2.5960e-04
130  4.1087e-05
131  2.2281e-06
132  6.8558e-06
133  1.9617e-05
134  1.5999e-05
135  1.0619e-05
136  1.0033e-05
137  2.3410e-06
138  2.2163e-06
139  3.7923e-06
140  9.8461e-06
141  9.6683e-06
142  4.3267e-06
143  3.1765e-06
144  3.2187e-06
145  9.3031e-07
146  1.3982e-06
147  1.5021e-06
148  1.6410e-06
149  9.3684e-07
150  1.3248e-06
151  7.1864e-07
152  1.6941e-06
153  9.0904e-07
154  1.3333e-06
155  1.4819e-06
156  5.0363e-07
157  8.7582e-07
158  1.1950e-06
159  6.5812e-08
160  4.3805e-07
161  5.0850e-07
162  2.7621e-07
163  2.1293e-07
164  3.9451e-07
165  2.3557e-07
166  6.4192e-07
167  4.0787e-07
168  2.4592e-07
169  5.8164e-07
170  1.6802e-07
171  1.3461e-07
172  9.8638e-08
173  5.8249e-08
174  1.0568e-07
175  3.5941e-08
176  4.9692e-08
177  5.8342e-08
178  2.1279e-08
179  1.5231e-08
180  2.3161e-08
181  3.0174e-08
182  2.5524e-08
183  1.6115e-08
184  1.6753e-08
185  1.0786e-08
186  1.0690e-08
187  7.4289e-09
188  9.2831e-09
189  5.8840e-09
190  1.1452e-08
191  6.7692e-09
192  4.7505e-09
193  1.6626e-09
194  1.9477e-09
195  1.2691e-09
196  8.3241e-10
197  3.9805e-10
198  1.2220e-10
199  2.6383e-11
200  1.0169e-11
201  1.1066e-12
202  2.3006e-13
203  3.3952e-14
204  2.3635e-14
205  1.8211e-14
206  5.6086e-14
207  5.1633e-14
208  6.2664e-14
209  4.2167e-14
210  2.9528e-29
211  2.2306e-20
212  8.0247e-32
213  0.0000e+00
214  1.5364e-21
215  9.9443e-38
216  1.3400e-20
217  0.0000e+00
218  1.0069e-28
219  2.4267e-26
220  1.8650e-33
221  0.0000e+00
222  0.0000e+00
223  2.9305e-20
224  7.2398e-39
225  0.0000e+00
226  9.7608e-22
227  1.5879e-26
228  1.0990e-20
229  1.1245e-29
230  5.8147e-24
231  2.3631e-23
232  5.6632e-18
233  3.4737e-27
234  1.9045e-23
235  5.0932e-19
236  1.6128e-22
237  4.7098e-319
238  1.6449e-19
239  1.4647e-107
240  6.0808e-23
241  0.0000e+00
242  3.6992e-151
243  1.3863e-26
244  3.8401e-22
245  0.0000e+00
246  5.6533e-24
247  0.0000e+00
248  8.7026e-151
249  0.0000e+00
250  0.0000e+00
251  0.0000e+00
252  0.0000e+00
253  0.0000e+00
254  0.0000e+00
255  0.0000e+00
256  0.0000e+00
257  8.4424e-26
258  1.3219e-22
259  8.9400e-26
260  5.0779e-23
261  1.9881e-23
262  1.3225e-23
263  7.8526e-24
264  3.8509e-24
265  9.9057e-25
266  0.0000e+00
267  0.0000e+00
268  0.0000e+00
269  0.0000e+00
270  0.0000e+00
271  0.0000e+00
272  0.0000e+00
273  0.0000e+00
274  0.0000e+00
275  0.0000e+00
276  0.0000e+00
277  0.0000e+00
278  0.0000e+00
279  0.0000e+00
280  0.0000e+00
281  0.0000e+00
282  0.0000e+00
283  0.0000e+00
284  0.0000e+00
285  0.0000e+00
286  0.0000e+00
287  0.0000e+00
288  0.0000e+00
289  0.0000e+00
290  0.0000e+00
291  0.0000e+00
292  0.0000e+00
293  0.0000e+00
294  0.0000e+00
295  0.0000e+00
296  0.0000e+00
297  0.0000e+00
298  0.0000e+00
299  0.0000e+00
300  0.0000e+00
301  0.0000e+00
302  0.0000e+00
303  0.0000e+00
304  0.0000e+00
305  0.0000e+00
306  0.0000e+00
307  0.0000e+00
308  0.0000e+00
309  0.0000e+00
310  0.0000e+00
311  0.0000e+00
312  0.0000e+00
313  0.0000e+00
314  0.0000e+00
315  0.0000e+00
316  0.0000e+00
317  0.0000e+00
318  0.0000e+00
319  0.0000e+00
320  0.0000e+00
321  0.0000e+00
322  0.0000e+00
323  0.0000e+00
324  0.0000e+00
325  0.0000e+00
326  0.0000e+00
327  0.0000e+00
328  0.0000e+00
329  0.0000e+00
330  0.0000e+00
331  0.0000e+00
332  0.0000e+00
333  0.0000e+00
334  0.0000e+00
335  0.0000e+00
336  0.0000e+00
337  0.0000e+00

