1  1.4326e-08
2  1.5625e-01
3  2.6194e-20
4  9.0396e-21
5  5.2065e-19
6  2.1570e-06
7  1.3666e-15
8  6.4602e-09
9  2.4116e-21
10  4.7254e-09
11  4.4637e-13
12  4.9419e-09
13  7.7522e-10
14  2.5589e-08
15  2.6396e-09
16  8.0252e-08
17  7.9826e-09
18  1.1948e-07
19  2.4996e-08
20  1.0019e-07
21  1.0073e-08
22  4.8601e-07
23  1.1730e-07
24  1.2979e-06
25  2.1494e-07
26  1.3406e-06
27  7.5164e-09
28  2.4760e-06
29  6.6271e-08
30  4.5081e-06
31  3.3103e-08
32  6.0967e-06
33  2.8748e-07
34  1.1743e-05
35  1.1433e-06
36  1.7627e-04
37  1.3536e-04
38  1.4672e-03
39  5.2579e-05
40  2.0135e-03
41  3.4627e-05
42  2.1940e-04
43  1.0990e-30
44  4.7097e-06
45  5.5468e-06
46  4.1858e-06
47  2.6450e-07
48  6.5507e-08
49  8.3452e-09
50  8.3480e-10
51  7.8819e-11
52  5.7966e-12
53  1.0765e-13
54  6.6418e-13
55  1.6184e-15
56  1.3546e-18
57  1.2279e-34
58  0.0000e+00
59  0.0000e+00
60  0.0000e+00
61  0.0000e+00
62  0.0000e+00
63  0.0000e+00
64  0.0000e+00
65  0.0000e+00
66  0.0000e+00
67  0.0000e+00
68  0.0000e+00
69  0.0000e+00
70  0.0000e+00
71  0.0000e+00
72  0.0000e+00
73  0.0000e+00
74  0.0000e+00
75  0.0000e+00
76  0.0000e+00
77  0.0000e+00
78  0.0000e+00
79  0.0000e+00
80  0.0000e+00
81  0.0000e+00
82  0.0000e+00
83  0.0000e+00
84  0.0000e+00
85  0.0000e+00
86  0.0000e+00
87  0.0000e+00
88  0.0000e+00
89  0.0000e+00
90  0.0000e+00
91  0.0000e+00
92  0.0000e+00
93  0.0000e+00
94  0.0000e+00
95  0.0000e+00
96  0.0000e+00
97  0.0000e+00
98  0.0000e+00
99  0.0000e+00
100  0.0000e+00
101  0.0000e+00
102  0.0000e+00
103  0.0000e+00
104  0.0000e+00
105  0.0000e+00
106  0.0000e+00
107  0.0000e+00
108  0.0000e+00
109  0.0000e+00
110  0.0000e+00
111  0.0000e+00
112  0.0000e+00
113  0.0000e+00
114  0.0000e+00
115  0.0000e+00
116  0.0000e+00
117  0.0000e+00
118  0.0000e+00

