1  3.5702e-09
2  1.7232e-01
3  1.4348e-18
4  7.5251e-19
5  2.4351e-18
6  7.1313e-07
7  4.6581e-16
8  2.5863e-09
9  2.7344e-21
10  2.6408e-09
11  2.7432e-13
12  3.6545e-09
13  7.0389e-10
14  3.2259e-08
15  3.4239e-09
16  1.0535e-07
17  3.0544e-08
18  4.2406e-08
19  6.7089e-09
20  3.4035e-07
21  1.3837e-08
22  1.2005e-06
23  1.9467e-07
24  1.4172e-06
25  1.0862e-08
26  1.0133e-06
27  2.7700e-09
28  1.9198e-06
29  1.1603e-06
30  9.5155e-06
31  8.2099e-07
32  1.1955e-05
33  8.9160e-07
34  5.3366e-05
35  4.8147e-06
36  1.0732e-04
37  8.1201e-06
38  7.8109e-05
39  9.3586e-05
40  1.1757e-03
41  2.4056e-04
42  1.0196e-03
43  2.4038e-29
44  2.3476e-04
45  4.5899e-05
46  1.3206e-04
47  3.5212e-05
48  1.3604e-05
49  1.7580e-06
50  5.6109e-07
51  5.1750e-08
52  5.5995e-08
53  6.9824e-09
54  2.1793e-09
55  7.8521e-15
56  2.8616e-18
57  9.7962e-24
58  1.9891e-22
59  2.3828e-24
60  0.0000e+00
61  0.0000e+00
62  0.0000e+00
63  0.0000e+00
64  0.0000e+00
65  0.0000e+00
66  0.0000e+00
67  0.0000e+00
68  0.0000e+00
69  0.0000e+00
70  0.0000e+00
71  0.0000e+00
72  0.0000e+00
73  0.0000e+00
74  0.0000e+00
75  0.0000e+00
76  0.0000e+00
77  0.0000e+00
78  0.0000e+00
79  0.0000e+00
80  0.0000e+00
81  0.0000e+00
82  0.0000e+00
83  0.0000e+00
84  0.0000e+00
85  0.0000e+00
86  0.0000e+00
87  0.0000e+00
88  0.0000e+00
89  0.0000e+00
90  0.0000e+00
91  0.0000e+00
92  0.0000e+00
93  0.0000e+00
94  0.0000e+00
95  0.0000e+00
96  0.0000e+00
97  0.0000e+00
98  0.0000e+00
99  0.0000e+00
100  0.0000e+00
101  0.0000e+00
102  0.0000e+00
103  0.0000e+00
104  0.0000e+00
105  0.0000e+00
106  0.0000e+00
107  0.0000e+00
108  0.0000e+00
109  0.0000e+00
110  0.0000e+00
111  0.0000e+00
112  0.0000e+00
113  0.0000e+00
114  0.0000e+00
115  0.0000e+00
116  0.0000e+00
117  0.0000e+00
118  0.0000e+00

