    1      2  3.4878e-09  6.9756e-09
    2      3  2.2763e-10  6.8289e-10
    3      6  9.8040e-12  5.8824e-11
    3      7  2.4323e-10  1.7026e-09
    4      8  1.7479e-10  1.3984e-09
    4      9  4.9109e-11  4.4198e-10
    5     10  4.3497e-10  4.3497e-09
    5     11  4.8270e-10  5.3097e-09
    6     12  1.9041e-09  2.2850e-08
    6     13  6.5861e-08  8.5619e-07
    7     14  2.4845e-07  3.4782e-06
    7     15  2.5523e-06  3.8284e-05
    8     16  1.0284e-07  1.6454e-06
    8     17  2.0623e-09  3.5059e-08
    8     18  1.4807e-08  2.6653e-07
    9     19  3.5467e-07  6.7388e-06
   10     20  4.9578e-07  9.9155e-06
   10     21  3.5947e-07  7.5488e-06
   10     22  2.0750e-09  4.5650e-08
   11     23  4.3542e-07  1.0015e-05
   12     24  3.9972e-07  9.5934e-06
   12     25  3.2681e-07  8.1703e-06
   12     26  1.4298e-08  3.7175e-07
   13     26  1.3303e-18  3.4588e-17
   13     27  5.7754e-08  1.5594e-06
   14     28  2.7331e-07  7.6525e-06
   14     29  7.5021e-08  2.1756e-06
   14     30  8.9043e-08  2.6713e-06
   15     31  1.0969e-07  3.4004e-06
   16     32  1.2947e-07  4.1431e-06
   16     33  4.6094e-07  1.5211e-05
   16     34  4.8175e-07  1.6379e-05
   16     36  7.4418e-08  2.6791e-06
   17     35  9.4195e-09  3.2968e-07
   17     37  1.8400e-07  6.8079e-06
   18     36  1.1510e-20  4.1434e-19
   18     38  2.1867e-07  8.3094e-06
   18     40  1.5451e-07  6.1804e-06
   19     39  1.1856e-07  4.6239e-06
   19     41  3.8476e-07  1.5775e-05
   20     42  1.0197e-06  4.2828e-05
   20     43  9.3346e-08  4.0139e-06
   20     44  4.4593e-07  1.9621e-05
   20     46  3.0767e-07  1.4153e-05
   21     45  4.5741e-07  2.0584e-05
   22     46  8.1846e-20  3.7649e-18
   22     47  8.4590e-07  3.9757e-05
   22     48  1.1172e-06  5.3626e-05
   22     49  1.8987e-07  9.3039e-06
   22     50  4.8667e-07  2.4334e-05
   23     51  5.1984e-07  2.6512e-05
   24     52  1.9227e-06  9.9983e-05
   24     53  3.8049e-07  2.0166e-05
   24     54  1.1344e-07  6.1258e-06
   25     55  1.6575e-07  9.1161e-06
   26     56  8.7861e-08  4.9202e-06
   26     57  3.7993e-07  2.1656e-05
   26     58  6.9049e-09  4.0048e-07
   27     59  2.1553e-08  1.2716e-06
   28     60  3.1266e-08  1.8760e-06
   28     61  8.8017e-08  5.3691e-06
   28     62  1.7397e-07  1.0786e-05
   28     64  2.1903e-07  1.4018e-05
   29     63  1.4030e-06  8.8392e-05
   29     65  3.8321e-07  2.4909e-05
   30     66  8.6170e-07  5.6872e-05
   30     67  3.2330e-07  2.1661e-05
   30     68  1.2642e-07  8.5964e-06
   30     70  2.1621e-07  1.5135e-05
   31     69  4.8595e-08  3.3530e-06
   31     71  8.8175e-08  6.2604e-06
   32     70  3.2738e-16  2.2917e-14
   32     72  3.0521e-07  2.1975e-05
   32     73  2.9369e-07  2.1439e-05
   32     74  1.1387e-06  8.4263e-05
   32     76  2.0452e-06  1.5543e-04
   33     75  3.1758e-06  2.3818e-04
   34     76  5.3949e-14  4.1001e-12
   34     77  2.4857e-06  1.9140e-04
   34     78  2.9511e-06  2.3018e-04
   34     80  9.2528e-06  7.4023e-04
   34     82  2.5877e-06  2.1219e-04
   35     79  3.6602e-06  2.8915e-04
   35     81  1.8780e-06  1.5212e-04
   36     82  2.2195e-13  1.8200e-11
   36     83  2.9643e-06  2.4604e-04
   36     84  1.4679e-06  1.2330e-04
   36     86  1.5510e-06  1.3338e-04
   37     85  6.3905e-07  5.4319e-05
   37     87  1.3270e-06  1.1545e-04
   38     86  7.9901e-20  6.8715e-18
   38     87  9.7162e-09  8.4531e-07
   38     88  2.1691e-06  1.9088e-04
   39     89  5.7862e-07  5.1497e-05
   40     90  8.0798e-07  7.2718e-05
   40     91  6.0743e-07  5.5276e-05
   40     92  1.4591e-06  1.3424e-04
   40     94  1.6487e-06  1.5498e-04
   41     93  2.4981e-06  2.3232e-04
   42     95  1.5599e-06  1.4819e-04
   42     96  7.1093e-07  6.8249e-05
   42     97  6.1395e-07  5.9553e-05
   42     98  3.6596e-07  3.5865e-05
   42    100  3.6600e-07  3.6600e-05
   44     99  1.9711e-07  1.9514e-05
   44    100  6.1034e-16  6.1034e-14
   44    101  3.6308e-07  3.6671e-05
   44    102  4.8719e-07  4.9694e-05
   44    104  5.3529e-07  5.5670e-05
   45    103  5.4358e-07  5.5989e-05
   46    104  3.0795e-17  3.2027e-15
   46    105  7.5961e-07  7.9759e-05
   46    106  6.1295e-07  6.4973e-05
   46    108  5.4106e-07  5.8435e-05
   46    110  1.0329e-06  1.1362e-04
   47    107  6.9831e-07  7.4719e-05
   47    109  6.5840e-07  7.1766e-05
   48    110  4.7648e-15  5.2413e-13
   48    111  1.6349e-07  1.8147e-05
   48    112  4.5865e-07  5.1369e-05
   48    113  2.1798e-07  2.4632e-05
   48    114  2.1354e-07  2.4343e-05
   48    116  8.3835e-08  9.7249e-06
   49    113  9.5936e-15  1.0841e-12
   49    115  1.8469e-07  2.1239e-05
   50    115  1.4736e-13  1.6946e-11
   50    116  2.6056e-17  3.0225e-15
   50    117  2.0001e-07  2.3401e-05
   50    118  2.0209e-07  2.3847e-05
   50    119  2.2332e-07  2.6575e-05
   50    120  8.5406e-07  1.0249e-04
   50    122  1.7906e-06  2.1845e-04
   50    124  9.8465e-06  1.2210e-03
   51    121  1.0057e-06  1.2169e-04
   51    123  2.5679e-06  3.1585e-04
   52    122  4.3648e-15  5.3250e-13
   52    124  1.2481e-16  1.5476e-14
   52    125  9.3226e-06  1.1653e-03
   52    126  3.2048e-05  4.0380e-03
   52    128  4.8786e-05  6.2446e-03
   52    130  1.0259e-05  1.3336e-03
   53    127  3.5069e-05  4.4537e-03
   53    129  9.9632e-14  1.2853e-11
   54    128  1.2902e-18  1.6514e-16
   54    129  3.1621e-05  4.0791e-03
   54    130  3.6590e-15  4.7567e-13
   54    131  9.9875e-06  1.3084e-03
   54    132  2.3332e-05  3.0799e-03
   54    134  5.4013e-06  7.2377e-04
   54    136  1.3860e-05  1.8850e-03
   55    133  7.1487e-06  9.5077e-04
   56    134  3.0897e-19  4.1402e-17
   56    135  3.5154e-06  4.7458e-04
   56    136  3.8739e-17  5.2686e-15
   56    137  1.2456e-05  1.7065e-03
   56    138  2.0436e-05  2.8202e-03
   57    139  3.5006e-06  4.8659e-04
   58    140  9.7613e-06  1.3666e-03
   58    142  4.3684e-06  6.2032e-04
   59    141  3.3306e-06  4.6961e-04
   60    142  4.3024e-20  6.1094e-18
   60    143  3.0584e-06  4.3735e-04
   60    144  8.1892e-06  1.1792e-03
   60    145  5.5046e-06  7.9817e-04
   60    146  1.2113e-05  1.7684e-03
   60    148  1.0186e-05  1.5075e-03
   60    150  5.2575e-06  7.8862e-04
   62    147  1.0818e-05  1.5902e-03
   62    148  3.2129e-16  4.7550e-14
   62    149  4.0202e-06  5.9901e-04
   62    150  5.7245e-13  8.5867e-11
   62    152  9.1007e-06  1.3833e-03
   62    154  1.0586e-05  1.6302e-03
   63    151  7.3991e-06  1.1173e-03
   63    153  5.2348e-06  8.0093e-04
   64    154  1.0842e-14  1.6696e-12
   64    155  6.1088e-06  9.4686e-04
   64    156  1.2113e-05  1.8896e-03
   64    157  5.2686e-06  8.2717e-04
   64    158  1.1072e-05  1.7494e-03
   64    160  1.0094e-05  1.6151e-03
   65    159  7.7243e-06  1.2282e-03
   66    160  8.3694e-15  1.3391e-12
   66    161  4.3601e-06  7.0198e-04
   66    162  1.2361e-05  2.0024e-03
   66    163  6.1299e-06  9.9917e-04
   66    164  1.8215e-05  2.9872e-03
   67    165  6.1649e-06  1.0172e-03
   68    166  1.4055e-05  2.3332e-03
   68    167  6.0875e-06  1.0166e-03
   68    168  1.4055e-05  2.3613e-03
   68    170  7.0123e-06  1.1921e-03
   69    169  6.2912e-06  1.0632e-03
   70    170  1.0964e-15  1.8639e-13
   70    171  4.5715e-06  7.8173e-04
   70    172  5.3729e-06  9.2414e-04
   70    173  4.9841e-06  8.6224e-04
   70    174  8.2770e-06  1.4402e-03
   70    176  5.5065e-06  9.6915e-04
   71    175  4.1548e-06  7.2708e-04
   71    176  3.7444e-16  6.5902e-14
   72    176  3.5057e-18  6.1700e-16
   72    177  4.4244e-06  7.8313e-04
   72    178  8.5406e-06  1.5202e-03
   72    179  7.4771e-06  1.3384e-03
   72    180  1.1050e-05  1.9889e-03
   72    182  2.0290e-19  3.6929e-17
   73    181  9.3483e-06  1.6920e-03
   74    182  1.8095e-05  3.2932e-03
   74    183  5.6161e-06  1.0277e-03
   74    184  1.9643e-05  3.6143e-03
   74    186  2.5741e-05  4.7879e-03
   75    185  7.3912e-06  1.3674e-03
   75    187  7.3449e-06  1.3735e-03
   76    186  7.6365e-18  1.4204e-15
   76    187  5.9693e-08  1.1163e-05
   76    188  1.5888e-05  2.9870e-03
   76    189  1.5943e-05  3.0132e-03
   76    190  2.0143e-05  3.8271e-03
   76    192  9.2693e-06  1.7797e-03
   77    191  1.0226e-05  1.9532e-03
   77    193  8.0588e-06  1.5554e-03
   78    192  1.1864e-15  2.2779e-13
   78    194  5.4841e-06  1.0639e-03
   78    195  3.6752e-06  7.1667e-04
   78    196  1.3831e-06  2.7109e-04
   78    198  1.3605e-07  2.6938e-05
   79    197  6.0013e-07  1.1823e-04
   80    198  2.4460e-16  4.8431e-14
   80    199  6.4050e-08  1.2746e-05
   80    200  4.8677e-08  9.7355e-06
   80    201  4.8080e-08  9.6640e-06
   80    202  6.0238e-08  1.2168e-05
   80    204  9.6238e-08  1.9633e-05
   81    203  7.7779e-08  1.5789e-05
   81    205  2.0659e-08  4.2350e-06
   82    204  3.8262e-19  7.8054e-17
   82    206  1.0259e-07  2.1133e-05
   82    207  1.0834e-07  2.2426e-05
   82    208  1.1382e-07  2.3676e-05
   82    210  7.6583e-20  1.6082e-17
   82    211  1.2585e-12  2.6553e-10
   82    212  3.1459e-13  6.6693e-11
   83    209  5.3130e-08  1.1104e-05
   88    226  5.5169e-18  1.2468e-15
   88    228  3.6416e-20  8.3028e-18
   89    227  5.4081e-19  1.2276e-16
   90    228  1.2133e-20  2.7662e-18
   90    230  2.6001e-16  5.9803e-14
   90    232  8.8928e-11  2.0631e-08
   91    231  8.1078e-16  1.8729e-13
   92    234  8.4667e-16  1.9812e-13
   92    235  1.7475e-11  4.1065e-09
   92    236  2.7505e-14  6.4912e-12
   92    238  1.5403e-11  3.6658e-09
   94    240  5.4397e-18  1.3055e-15
   94    244  6.6214e-14  1.6156e-11
   97    246  8.1812e-16  2.0126e-13
  100    258  3.3068e-14  8.5316e-12
  100    260  1.4667e-14  3.8134e-12
  100    262  3.6981e-15  9.6891e-13
  102    261  5.6139e-15  1.4652e-12
  102    263  1.5306e-15  4.0254e-13
  102    264  1.1764e-15  3.1056e-13
  102    266  1.2426e-16  3.3052e-14
  103    265  3.7776e-16  1.0011e-13
  104    267  2.0699e-17  5.5268e-15
  104    268  8.6056e-18  2.3063e-15
  104    270  1.6933e-18  4.5719e-16
  104    272  6.7829e-20  1.8449e-17
  104    274  2.0960e-20  5.7430e-18
  105    269  8.6898e-18  2.3376e-15
  105    271  2.5137e-19  6.8120e-17
  106    273  4.6663e-20  1.2739e-17
  106    276  2.2123e-20  6.1058e-18
  106    278  1.2769e-20  3.5499e-18
  108    282  2.0821e-20  5.8716e-18
    1      1  2.6604e-09  2.6604e-09
    2      4  2.1782e-01  8.7128e-01


