    1      2  3.3744e-15  6.7488e-15
    3      6  2.5300e-20  1.5180e-19
    5     10  3.4621e-20  3.4621e-19
    5     11  4.8603e-19  5.3463e-18
    6     12  2.1569e-06  2.5883e-05
    6     13  4.1584e-11  5.4059e-10
    7     14  1.3666e-15  1.9132e-14
    8     16  6.4602e-09  1.0336e-07
    8     17  4.4323e-17  7.5349e-16
    8     18  6.2445e-19  1.1240e-17
   10     20  4.7254e-09  9.4509e-08
   10     21  1.5011e-14  3.1523e-13
   10     22  9.1416e-19  2.0112e-17
   11     23  4.4637e-13  1.0267e-11
   12     24  4.9322e-09  1.1837e-07
   12     25  8.2619e-13  2.0655e-11
   12     26  8.8762e-12  2.3078e-10
   13     26  6.9837e-14  1.8158e-12
   13     27  7.7515e-10  2.0929e-08
   14     28  1.5651e-08  4.3823e-07
   14     29  1.5971e-10  4.6316e-09
   14     30  9.7786e-09  2.9336e-07
   15     31  2.6396e-09  8.1828e-08
   16     32  1.8177e-08  5.8167e-07
   16     33  1.0283e-09  3.3934e-08
   16     34  5.4561e-08  1.8551e-06
   16     36  6.4861e-09  2.3350e-07
   17     35  5.6732e-09  1.9856e-07
   17     37  2.3094e-09  8.5448e-08
   18     36  2.8933e-09  1.0416e-07
   18     38  9.0119e-08  3.4245e-06
   18     40  2.6473e-08  1.0589e-06
   19     39  2.0358e-08  7.9396e-07
   19     40  9.6396e-11  3.8558e-09
   19     41  4.5422e-09  1.8623e-07
   20     40  4.5686e-11  1.8274e-09
   20     42  1.4662e-08  6.1580e-07
   20     43  9.8323e-09  4.2279e-07
   20     44  5.0183e-08  2.2081e-06
   20     46  2.5468e-08  1.1715e-06
   21     45  1.0073e-08  4.5330e-07
   22     46  1.3558e-10  6.2365e-09
   22     47  3.2368e-08  1.5213e-06
   22     48  3.2669e-07  1.5681e-05
   22     49  2.9331e-08  1.4372e-06
   22     50  9.7490e-08  4.8745e-06
   23     51  1.1730e-07  5.9825e-06
   24     50  1.0027e-13  5.0135e-12
   24     52  8.8951e-08  4.6255e-06
   24     53  2.8451e-08  1.5079e-06
   24     54  1.1805e-06  6.3748e-05
   25     55  2.1494e-07  1.1822e-05
   26     54  1.8442e-17  9.9588e-16
   26     56  2.1203e-08  1.1874e-06
   26     57  7.7407e-09  4.4122e-07
   26     58  1.3116e-06  7.6074e-05
   27     59  7.5164e-09  4.4347e-07
   28     60  1.2061e-08  7.2363e-07
   28     61  2.7792e-07  1.6953e-05
   28     62  1.4839e-07  9.2000e-06
   28     64  2.0376e-06  1.3041e-04
   29     63  4.8067e-08  3.0282e-06
   29     65  1.8204e-08  1.1833e-06
   30     64  3.1894e-16  2.0412e-14
   30     66  1.6950e-07  1.1187e-05
   30     67  5.6426e-07  3.7805e-05
   30     68  1.1125e-06  7.5650e-05
   30     70  2.6618e-06  1.8633e-04
   31     69  1.3393e-08  9.2414e-07
   31     71  1.9710e-08  1.3994e-06
   32     70  6.4155e-15  4.4909e-13
   32     72  1.5359e-07  1.1058e-05
   32     73  4.9099e-07  3.5842e-05
   32     74  6.0894e-08  4.5061e-06
   32     76  5.3912e-06  4.0973e-04
   33     75  2.8748e-07  2.1561e-05
   34     76  3.0927e-13  2.3505e-11
   34     77  2.1040e-08  1.6201e-06
   34     78  5.5472e-07  4.3268e-05
   34     80  2.2428e-06  1.7942e-04
   34     82  8.9240e-06  7.3177e-04
   35     79  1.0593e-06  8.3686e-05
   35     81  8.4005e-08  6.8044e-06
   36     80  8.9473e-20  7.1578e-18
   36     82  5.7943e-13  4.7513e-11
   36     83  2.5176e-06  2.0896e-04
   36     84  1.5661e-04  1.3155e-02
   36     86  1.7144e-05  1.4744e-03
   37     85  1.0152e-04  8.6288e-03
   37     87  3.3850e-05  2.9449e-03
   38     86  1.1018e-10  9.4752e-09
   38     87  2.4782e-07  2.1560e-05
   38     88  1.4670e-03  1.2910e-01
   39     89  5.2579e-05  4.6795e-03
   40     90  2.9860e-04  2.6874e-02
   40     91  4.0544e-04  3.6895e-02
   40     92  1.3137e-04  1.2086e-02
   40     94  1.1781e-03  1.1074e-01
   41     93  3.4627e-05  3.2203e-03
   42     94  6.9272e-18  6.5116e-16
   42     95  9.5884e-05  9.1090e-03
   42     96  2.5088e-05  2.4084e-03
   42     97  7.6591e-06  7.4294e-04
   42     98  7.3315e-05  7.1849e-03
   42    100  1.7453e-05  1.7453e-03
   44     98  2.9427e-19  2.8838e-17
   44     99  9.9117e-08  9.8126e-06
   44    100  1.5422e-14  1.5422e-12
   44    101  2.9987e-07  3.0287e-05
   44    102  3.1616e-06  3.2248e-04
   44    104  1.1492e-06  1.1951e-04
   45    103  5.5468e-06  5.7132e-04
   46    104  2.1915e-14  2.2792e-12
   46    105  1.1942e-07  1.2539e-05
   46    106  3.9812e-06  4.2201e-04
   46    107  1.0274e-20  1.0993e-18
   46    108  2.6373e-08  2.8483e-06
   46    110  5.8745e-08  6.4619e-06
   47    107  8.5094e-08  9.1050e-06
   47    109  1.7941e-07  1.9555e-05
   48    110  8.7432e-14  9.6176e-12
   48    111  2.0728e-09  2.3008e-07
   48    112  5.1123e-08  5.7258e-06
   48    113  1.1190e-08  1.2644e-06
   48    114  2.9501e-10  3.3631e-08
   48    116  8.2713e-10  9.5947e-08
   49    113  4.9246e-16  5.5648e-14
   49    115  8.3452e-09  9.5969e-07
   50    115  6.6583e-15  7.6570e-13
   50    116  7.7785e-17  9.0231e-15
   50    117  6.3365e-11  7.4137e-09
   50    118  7.2229e-10  8.5230e-08
   50    119  2.4778e-11  2.9486e-09
   50    120  1.7206e-11  2.0648e-09
   50    122  1.4429e-12  1.7603e-10
   50    124  5.7154e-12  7.0871e-10
   51    121  7.2143e-11  8.7293e-09
   51    123  6.6762e-12  8.2117e-10
   52    122  1.8319e-17  2.2350e-15
   52    124  1.4252e-20  1.7673e-18
   52    125  8.4086e-13  1.0511e-10
   52    126  4.6770e-12  5.8931e-10
   52    128  2.5521e-13  3.2667e-11
   52    130  2.3469e-14  3.0509e-12
   53    127  1.0765e-13  1.3672e-11
   53    129  8.0469e-20  1.0381e-17
   54    129  5.4021e-13  6.9687e-11
   54    131  7.7001e-14  1.0087e-11
   54    132  4.6878e-14  6.1879e-12
   54    134  9.1616e-17  1.2277e-14
   54    136  1.3248e-20  1.8017e-18
   55    133  1.6184e-15  2.1525e-13
   56    135  1.3546e-18  1.8287e-16
    1      1  1.4326e-08  1.4326e-08
    2      4  1.5625e-01  6.2502e-01


