    1      2  1.6414e-15  3.2827e-15
    3      6  2.8801e-19  1.7281e-18
    3      7  2.8020e-20  1.9614e-19
    4      9  9.0206e-19  8.1185e-18
    5     10  5.6264e-19  5.6264e-18
    6     12  2.4112e-07  2.8934e-06
    6     13  1.8386e-13  2.3901e-12
    7     14  1.3921e-17  1.9490e-16
    7     15  1.2130e-16  1.8195e-15
    8     16  6.1807e-09  9.8890e-08
    8     17  1.0703e-15  1.8196e-14
    8     18  1.2695e-18  2.2851e-17
    9     19  1.9489e-18  3.7029e-17
   10     20  6.6866e-09  1.3373e-07
   10     21  1.9275e-14  4.0477e-13
   10     22  5.9342e-18  1.3055e-16
   11     23  7.2230e-13  1.6613e-11
   12     24  4.3238e-09  1.0377e-07
   12     25  5.9704e-10  1.4926e-08
   12     26  7.1172e-10  1.8505e-08
   13     26  2.3094e-14  6.0045e-13
   13     27  3.5431e-10  9.5664e-09
   14     28  2.6360e-09  7.3807e-08
   14     29  2.6051e-09  7.5549e-08
   14     30  6.8632e-09  2.0590e-07
   15     31  5.4839e-09  1.7000e-07
   16     32  1.9683e-08  6.2985e-07
   16     33  7.8362e-09  2.5859e-07
   16     34  2.8590e-08  9.7205e-07
   16     36  8.5414e-09  3.0749e-07
   17     35  4.8296e-09  1.6904e-07
   17     37  1.3329e-08  4.9315e-07
   18     36  2.1152e-13  7.6147e-12
   18     38  2.5865e-08  9.8287e-07
   18     40  3.7928e-10  1.5171e-08
   19     39  4.4627e-09  1.7405e-07
   19     40  2.4219e-17  9.6875e-16
   19     41  6.3549e-10  2.6055e-08
   20     40  7.9881e-18  3.1953e-16
   20     42  2.5493e-07  1.0707e-05
   20     43  5.2057e-09  2.2384e-07
   20     44  1.8762e-08  8.2555e-07
   20     46  1.5684e-08  7.2145e-07
   21     45  4.7935e-09  2.1571e-07
   22     46  1.4452e-19  6.6478e-18
   22     47  3.2422e-07  1.5238e-05
   22     48  5.9390e-07  2.8507e-05
   22     49  4.8539e-09  2.3784e-07
   22     50  2.6442e-08  1.3221e-06
   23     51  1.9056e-07  9.7188e-06
   24     52  3.2363e-06  1.6829e-04
   24     53  5.0442e-07  2.6734e-05
   24     54  2.4372e-07  1.3161e-05
   25     55  2.0243e-08  1.1134e-06
   26     56  1.6497e-06  9.2385e-05
   26     57  9.2276e-08  5.2597e-06
   26     58  6.7372e-07  3.9076e-05
   27     59  1.7123e-06  1.0102e-04
   28     60  5.0829e-07  3.0498e-05
   28     61  4.8785e-07  2.9759e-05
   28     62  2.9428e-07  1.8245e-05
   28     64  1.1081e-06  7.0919e-05
   29     63  7.0336e-07  4.4312e-05
   29     65  1.3988e-06  9.0922e-05
   30     64  2.8983e-19  1.8549e-17
   30     66  9.0397e-07  5.9662e-05
   30     67  1.8486e-06  1.2386e-04
   30     68  1.8862e-07  1.2826e-05
   30     70  4.2689e-08  2.9883e-06
   31     69  4.0213e-08  2.7747e-06
   31     71  5.4259e-08  3.8524e-06
   32     70  1.4984e-14  1.0488e-12
   32     72  8.8217e-07  6.3517e-05
   32     73  5.7796e-06  4.2191e-04
   32     74  2.8185e-06  2.0857e-04
   32     76  4.3072e-06  3.2735e-04
   33     75  1.2969e-06  9.7271e-05
   34     76  1.2480e-12  9.4848e-11
   34     77  1.3940e-05  1.0734e-03
   34     78  1.0095e-05  7.8742e-04
   34     80  3.1214e-05  2.4971e-03
   34     82  3.3698e-07  2.7632e-05
   35     79  4.9079e-06  3.8772e-04
   35     81  5.0500e-06  4.0905e-04
   36     82  4.3127e-11  3.5365e-09
   36     83  4.2077e-06  3.4924e-04
   36     84  3.4656e-05  2.9111e-03
   36     86  1.8039e-06  1.5513e-04
   37     85  3.4504e-06  2.9328e-04
   37     87  1.3306e-05  1.1576e-03
   38     86  1.7797e-17  1.5306e-15
   38     87  9.7421e-08  8.4756e-06
   38     88  1.0847e-04  9.5454e-03
   39     89  3.0974e-05  2.7567e-03
   40     90  3.4516e-05  3.1064e-03
   40     91  5.1984e-05  4.7305e-03
   40     92  1.0934e-05  1.0060e-03
   40     94  2.6725e-04  2.5122e-02
   41     93  3.9797e-05  3.7011e-03
   42     95  4.3093e-05  4.0938e-03
   42     96  1.7476e-04  1.6777e-02
   42     97  5.5522e-05  5.3857e-03
   42     98  2.8993e-05  2.8413e-03
   42    100  1.0851e-04  1.0851e-02
   44     99  9.9769e-05  9.8771e-03
   44    100  2.4673e-11  2.4673e-09
   44    101  1.2450e-04  1.2574e-02
   44    102  4.6881e-04  4.7818e-02
   44    104  2.3299e-04  2.4231e-02
   45    103  1.1515e-04  1.1860e-02
   46    104  2.9819e-13  3.1012e-11
   46    105  2.2623e-04  2.3755e-02
   46    106  6.2276e-05  6.6012e-03
   46    107  1.6501e-20  1.7656e-18
   46    108  7.4989e-05  8.0988e-03
   46    110  4.5766e-05  5.0343e-03
   47    107  3.2325e-05  3.4588e-03
   47    109  3.5692e-05  3.8905e-03
   48    110  1.2789e-11  1.4068e-09
   48    111  4.8104e-06  5.3396e-04
   48    112  1.1990e-05  1.3429e-03
   48    113  5.5550e-06  6.2772e-04
   48    114  1.9031e-05  2.1696e-03
   48    116  2.2469e-06  2.6064e-04
   49    113  2.4448e-13  2.7626e-11
   49    115  4.2749e-06  4.9162e-04
   50    115  3.4108e-12  3.9224e-10
   50    116  2.5097e-14  2.9113e-12
   50    117  5.3268e-06  6.2324e-04
   50    118  1.4164e-06  1.6714e-04
   50    119  4.9131e-07  5.8465e-05
   50    120  2.8230e-07  3.3876e-05
   50    122  8.0140e-07  9.7771e-05
   50    124  1.2332e-06  1.5291e-04
   51    121  4.4617e-07  5.3986e-05
   51    123  7.1423e-07  8.7851e-05
   52    122  1.3402e-13  1.6351e-11
   52    124  3.0342e-15  3.7624e-13
   52    125  4.1703e-07  5.2128e-05
   52    126  4.6106e-07  5.8094e-05
   52    128  7.7756e-07  9.9527e-05
   52    130  9.2825e-09  1.2067e-06
   53    127  5.6805e-07  7.2143e-05
   53    129  3.8161e-15  4.9227e-13
   54    128  4.5821e-19  5.8651e-17
   54    129  1.4742e-07  1.9017e-05
   54    130  4.9719e-16  6.4634e-14
   54    131  2.9294e-10  3.8376e-08
   54    132  5.9794e-12  7.8928e-10
   54    134  9.7218e-17  1.3027e-14
   54    136  1.8511e-16  2.5175e-14
   55    133  7.7786e-15  1.0346e-12
   56    135  5.9745e-18  8.0656e-16
   56    137  9.6045e-19  1.3158e-16
   56    138  3.6719e-18  5.0672e-16
   57    139  6.3448e-19  8.8193e-17
   58    140  1.1130e-19  1.5582e-17
   58    142  3.8083e-20  5.4078e-18
   59    141  2.0033e-20  2.8247e-18
    1      1  4.4715e-09  4.4715e-09
    2      4  1.8342e-01  7.3369e-01


