    1      2  1.7489e-16  3.4977e-16
    3      6  1.1458e-19  6.8747e-19
    4      8  4.8738e-19  3.8990e-18
    4      9  9.9067e-19  8.9160e-18
    5     10  2.5036e-19  2.5036e-18
    6     12  9.4768e-08  1.1372e-06
    6     13  1.7406e-14  2.2628e-13
    7     14  1.1827e-17  1.6558e-16
    7     15  1.1262e-12  1.6892e-11
    8     16  4.9956e-09  7.9929e-08
    8     17  1.5662e-15  2.6626e-14
    8     18  7.8148e-15  1.4067e-13
    9     19  1.9468e-14  3.6989e-13
   10     20  2.5046e-09  5.0091e-08
   10     21  6.7276e-13  1.4128e-11
   10     22  2.0960e-14  4.6112e-13
   11     23  1.0928e-13  2.5134e-12
   12     24  5.7561e-10  1.3815e-08
   12     25  1.8067e-10  4.5168e-09
   12     26  1.2936e-09  3.3635e-08
   13     26  5.4944e-16  1.4285e-14
   13     27  1.3254e-09  3.5786e-08
   14     28  4.3382e-09  1.2147e-07
   14     29  1.9813e-09  5.7459e-08
   14     30  2.5884e-09  7.7652e-08
   15     31  3.4564e-09  1.0715e-07
   16     32  9.1699e-09  2.9344e-07
   16     33  7.1611e-09  2.3632e-07
   16     34  1.1534e-07  3.9216e-06
   16     36  8.3135e-08  2.9929e-06
   17     35  9.8078e-09  3.4327e-07
   17     37  1.1388e-08  4.2137e-07
   18     36  5.1664e-16  1.8599e-14
   18     38  1.2272e-08  4.6632e-07
   18     40  1.3501e-09  5.4002e-08
   19     39  2.6717e-09  1.0420e-07
   19     41  3.4083e-09  1.3974e-07
   20     42  2.4777e-08  1.0406e-06
   20     43  1.9005e-07  8.1720e-06
   20     44  7.5888e-07  3.3391e-05
   20     46  2.6709e-07  1.2286e-05
   21     45  1.9143e-08  8.6145e-07
   22     46  3.9109e-20  1.7990e-18
   22     47  6.4896e-07  3.0501e-05
   22     48  1.1938e-06  5.7302e-05
   22     49  1.6693e-08  8.1795e-07
   22     50  2.8385e-07  1.4192e-05
   23     51  3.0277e-07  1.5441e-05
   24     52  4.1062e-07  2.1352e-05
   24     53  1.2014e-06  6.3673e-05
   24     54  3.5847e-06  1.9358e-04
   25     55  5.0554e-07  2.7805e-05
   26     56  1.2284e-06  6.8790e-05
   26     57  1.1231e-07  6.4019e-06
   26     58  5.6299e-07  3.2654e-05
   27     59  9.5812e-07  5.6529e-05
   28     60  3.5200e-07  2.1120e-05
   28     61  7.5317e-07  4.5943e-05
   28     62  1.4005e-06  8.6830e-05
   28     64  3.4254e-08  2.1923e-06
   29     63  1.6172e-06  1.0188e-04
   29     65  4.0713e-07  2.6464e-05
   30     64  1.1769e-19  7.5323e-18
   30     66  1.7693e-06  1.1677e-04
   30     67  9.9839e-07  6.6892e-05
   30     68  9.0217e-07  6.1347e-05
   30     70  4.7174e-07  3.3021e-05
   31     69  4.5841e-07  3.1630e-05
   31     71  7.6035e-08  5.3985e-06
   32     70  3.6448e-14  2.5513e-12
   32     72  1.3696e-07  9.8610e-06
   32     73  7.9858e-07  5.8296e-05
   32     74  1.5260e-06  1.1293e-04
   32     76  7.4358e-06  5.6512e-04
   33     75  5.6246e-06  4.2184e-04
   34     76  1.1265e-12  8.5616e-11
   34     77  2.0245e-05  1.5589e-03
   34     78  1.1408e-05  8.8983e-04
   34     80  1.6171e-05  1.2936e-03
   34     82  1.2888e-05  1.0569e-03
   35     79  4.5975e-06  3.6320e-04
   35     81  1.5690e-06  1.2709e-04
   36     82  2.3301e-12  1.9107e-10
   36     83  1.6363e-05  1.3581e-03
   36     84  4.7419e-06  3.9832e-04
   36     86  2.9548e-05  2.5412e-03
   37     85  1.1239e-05  9.5535e-04
   37     87  5.1288e-06  4.4621e-04
   38     86  1.6028e-17  1.3784e-15
   38     87  3.7553e-08  3.2671e-06
   38     88  5.2820e-06  4.6482e-04
   39     89  3.1233e-05  2.7797e-03
   40     90  9.0200e-05  8.1180e-03
   40     91  1.3231e-05  1.2040e-03
   40     92  3.8846e-05  3.5739e-03
   40     94  4.6351e-06  4.3570e-04
   41     93  2.1115e-05  1.9637e-03
   42     95  8.9277e-08  8.4813e-06
   42     96  5.6898e-08  5.4623e-06
   42     97  2.7247e-07  2.6430e-05
   42     98  1.1208e-06  1.0983e-04
   42    100  1.2951e-04  1.2951e-02
   44     99  2.8418e-06  2.8134e-04
   44    100  1.2615e-13  1.2615e-11
   44    101  2.1013e-04  2.1223e-02
   44    102  1.4892e-04  1.5190e-02
   44    104  3.0022e-04  3.1223e-02
   45    103  7.0495e-05  7.2610e-03
   46    104  4.5460e-14  4.7278e-12
   46    105  3.1158e-04  3.2716e-02
   46    106  1.5176e-04  1.6087e-02
   46    108  3.3256e-05  3.5917e-03
   46    110  1.3286e-04  1.4615e-02
   47    107  9.9381e-05  1.0634e-02
   47    109  8.2837e-05  9.0292e-03
   48    110  6.8709e-12  7.5580e-10
   48    111  1.3166e-05  1.4614e-03
   48    112  6.8358e-05  7.6561e-03
   48    113  2.5374e-05  2.8673e-03
   48    114  1.7850e-05  2.0349e-03
   48    116  4.2553e-06  4.9361e-04
   49    113  1.1167e-12  1.2619e-10
   49    115  4.7515e-06  5.4643e-04
   50    115  3.7911e-12  4.3597e-10
   50    116  7.4383e-15  8.6285e-13
   50    117  1.3441e-05  1.5726e-03
   50    118  1.0200e-05  1.2036e-03
   50    119  6.2292e-06  7.4128e-04
   50    120  7.2823e-06  8.7387e-04
   50    122  8.5747e-06  1.0461e-03
   50    124  1.0844e-05  1.3446e-03
   51    121  6.6038e-06  7.9906e-04
   51    123  6.6934e-06  8.2329e-04
   52    122  3.3718e-13  4.1136e-11
   52    124  4.9767e-15  6.1711e-13
   52    125  8.9179e-06  1.1147e-03
   52    126  2.0753e-05  2.6149e-03
   52    128  1.1266e-05  1.4421e-03
   52    130  5.1646e-08  6.7140e-06
   53    127  1.1299e-05  1.4350e-03
   53    129  1.8404e-14  2.3741e-12
   54    128  3.9546e-18  5.0619e-16
   54    129  2.4332e-06  3.1389e-04
   54    130  2.9564e-15  3.8434e-13
   54    131  1.3446e-09  1.7614e-07
   54    132  2.4994e-11  3.2993e-09
   54    134  4.4408e-15  5.9506e-13
   54    136  2.0557e-16  2.7958e-14
   55    133  6.2595e-14  8.3251e-12
   56    135  5.2131e-15  7.0377e-13
   56    137  2.1923e-17  3.0035e-15
   56    138  1.7301e-16  2.3876e-14
   57    139  1.9749e-17  2.7451e-15
   58    140  9.1534e-17  1.2815e-14
   58    142  1.1038e-17  1.5674e-15
   59    141  1.3169e-17  1.8568e-15
   60    143  9.0591e-19  1.2955e-16
   60    144  5.8910e-19  8.4830e-17
   60    145  6.9322e-20  1.0052e-17
   60    146  4.0270e-19  5.8794e-17
   60    148  1.6937e-18  2.5067e-16
   60    150  1.9726e-19  2.9590e-17
   62    147  8.3574e-19  1.2285e-16
   62    149  3.6148e-19  5.3860e-17
   62    152  1.6042e-19  2.4384e-17
   62    154  5.3713e-20  8.2717e-18
   63    151  6.6940e-20  1.0108e-17
   63    153  8.4524e-20  1.2932e-17
   64    155  4.1384e-20  6.4144e-18
    1      1  2.0071e-09  2.0071e-09
    2      4  1.9068e-01  7.6270e-01


