    1      2  4.6978e-15  9.3957e-15
    2      3  1.9069e-20  5.7208e-20
    3      6  1.1459e-18  6.8756e-18
    3      7  7.1120e-20  4.9784e-19
    4      9  7.9214e-19  7.1293e-18
    5     10  2.0805e-18  2.0805e-17
    5     11  5.7437e-20  6.3180e-19
    6     12  4.4129e-07  5.2955e-06
    6     13  2.0636e-12  2.6827e-11
    7     14  1.2391e-16  1.7347e-15
    7     15  5.4231e-20  8.1346e-19
    8     16  4.1590e-09  6.6544e-08
    8     17  5.1347e-16  8.7290e-15
    8     18  2.4189e-18  4.3541e-17
   10     20  5.1669e-09  1.0334e-07
   10     21  8.6128e-15  1.8087e-13
   10     22  4.4447e-18  9.7783e-17
   11     23  5.7433e-13  1.3210e-11
   12     24  6.1625e-09  1.4790e-07
   12     25  2.9708e-10  7.4269e-09
   12     26  6.1566e-11  1.6007e-09
   13     26  1.1646e-13  3.0281e-12
   13     27  7.3739e-10  1.9910e-08
   14     28  1.1570e-08  3.2396e-07
   14     29  3.0182e-09  8.7528e-08
   14     30  1.3590e-08  4.0769e-07
   15     31  6.6103e-09  2.0492e-07
   16     32  9.1123e-09  2.9159e-07
   16     33  1.9797e-09  6.5332e-08
   16     34  1.0729e-08  3.6479e-07
   16     36  3.0875e-08  1.1115e-06
   17     35  1.2846e-08  4.4962e-07
   17     37  1.7757e-08  6.5702e-07
   18     36  7.2363e-12  2.6051e-10
   18     38  4.5414e-08  1.7257e-06
   18     40  1.6165e-09  6.4658e-08
   19     39  7.8297e-09  3.0536e-07
   19     40  8.1080e-15  3.2432e-13
   19     41  9.9648e-10  4.0856e-08
   20     40  2.5017e-15  1.0007e-13
   20     42  8.7927e-08  3.6929e-06
   20     43  6.6659e-10  2.8664e-08
   20     44  4.0051e-09  1.7623e-07
   20     46  1.0952e-07  5.0380e-06
   21     45  1.3037e-08  5.8666e-07
   22     46  6.3404e-17  2.9166e-15
   22     47  6.9504e-08  3.2667e-06
   22     48  3.2912e-07  1.5798e-05
   22     49  3.7785e-08  1.8514e-06
   22     50  2.8381e-07  1.4191e-05
   23     51  6.3180e-07  3.2222e-05
   24     52  1.0126e-06  5.2657e-05
   24     53  1.3340e-07  7.0701e-06
   24     54  8.7678e-08  4.7346e-06
   25     55  4.5519e-09  2.5035e-07
   26     56  3.1093e-06  1.7412e-04
   26     57  1.7964e-07  1.0239e-05
   26     58  2.6282e-08  1.5243e-06
   27     59  1.7974e-07  1.0604e-05
   28     60  3.8601e-08  2.3160e-06
   28     61  2.4598e-08  1.5005e-06
   28     62  1.1112e-06  6.8892e-05
   28     64  1.3112e-06  8.3914e-05
   29     63  9.2194e-07  5.8082e-05
   29     65  1.4213e-06  9.2385e-05
   30     64  1.2144e-19  7.7723e-18
   30     66  4.9006e-07  3.2344e-05
   30     67  2.7478e-07  1.8410e-05
   30     68  4.5021e-06  3.0615e-04
   30     70  2.9850e-06  2.0895e-04
   31     69  1.9854e-06  1.3700e-04
   31     71  5.0576e-07  3.5909e-05
   32     70  3.3997e-14  2.3798e-12
   32     72  4.9011e-07  3.5288e-05
   32     73  3.5404e-07  2.5845e-05
   32     74  4.0125e-07  2.9692e-05
   32     76  7.8797e-06  5.9886e-04
   33     75  2.6720e-06  2.0040e-04
   34     76  3.8512e-13  2.9269e-11
   34     77  3.3220e-06  2.5579e-04
   34     78  4.3663e-06  3.4057e-04
   34     80  2.7860e-05  2.2288e-03
   34     82  1.6193e-05  1.3278e-03
   35     79  4.1010e-06  3.2398e-04
   35     81  3.7788e-06  3.0608e-04
   36     82  4.8373e-13  3.9666e-11
   36     83  3.6290e-06  3.0121e-04
   36     84  1.9005e-05  1.5964e-03
   36     86  2.5728e-06  2.2126e-04
   37     85  5.1199e-06  4.3519e-04
   37     87  6.2458e-06  5.4338e-04
   38     86  1.9060e-19  1.6392e-17
   38     87  4.5729e-08  3.9784e-06
   38     88  1.6456e-04  1.4481e-02
   39     89  4.8885e-05  4.3508e-03
   40     90  9.5874e-06  8.6287e-04
   40     91  3.7172e-05  3.3827e-03
   40     92  5.8341e-04  5.3674e-02
   40     94  4.0030e-04  3.7628e-02
   41     93  2.4305e-05  2.2604e-03
   42     95  1.4657e-04  1.3924e-02
   42     96  1.9092e-05  1.8328e-03
   42     97  3.1172e-05  3.0237e-03
   42     98  1.0807e-05  1.0591e-03
   42    100  5.7229e-05  5.7229e-03
   44     99  3.2083e-05  3.1762e-03
   44    100  9.4789e-12  9.4789e-10
   44    101  5.9733e-05  6.0330e-03
   44    102  5.7758e-04  5.8913e-02
   44    104  1.7979e-04  1.8698e-02
   45    103  1.4787e-04  1.5230e-02
   46    104  2.3120e-16  2.4045e-14
   46    105  5.1375e-05  5.3944e-03
   46    106  1.3518e-04  1.4329e-02
   46    107  7.2369e-20  7.7434e-18
   46    108  3.7012e-05  3.9972e-03
   46    110  4.6032e-06  5.0635e-04
   47    107  2.5639e-05  2.7434e-03
   47    109  3.2354e-05  3.5266e-03
   48    110  1.3542e-12  1.4896e-10
   48    111  1.2262e-06  1.3611e-04
   48    112  1.5268e-05  1.7100e-03
   48    113  1.8163e-06  2.0524e-04
   48    114  1.1231e-06  1.2804e-04
   48    116  8.4089e-07  9.7543e-05
   49    113  7.9934e-14  9.0326e-12
   49    115  2.1241e-06  2.4427e-04
   50    115  1.6947e-12  1.9489e-10
   50    116  5.6118e-13  6.5097e-11
   50    117  5.5431e-07  6.4855e-05
   50    118  1.2138e-07  1.4323e-05
   50    119  7.3637e-08  8.7628e-06
   50    120  4.1637e-07  4.9964e-05
   50    122  2.1464e-07  2.6186e-05
   50    124  4.6640e-08  5.7833e-06
   51    121  1.9811e-07  2.3971e-05
   51    123  5.4524e-08  6.7064e-06
   52    122  9.1943e-15  1.1217e-12
   52    124  3.7097e-17  4.6000e-15
   52    125  1.2080e-07  1.5100e-05
   52    126  8.9711e-08  1.1304e-05
   52    128  1.6304e-07  2.0869e-05
   52    130  6.2006e-09  8.0607e-07
   53    127  9.0530e-08  1.1497e-05
   53    129  1.5928e-15  2.0547e-13
   54    128  2.2053e-18  2.8228e-16
   54    129  3.5393e-08  4.5657e-06
   54    130  6.1461e-17  7.9900e-15
   54    131  1.9884e-10  2.6048e-08
   54    132  7.4010e-12  9.7694e-10
   54    134  3.4994e-16  4.6892e-14
   54    136  1.8548e-18  2.5226e-16
   55    133  1.0338e-14  1.3750e-12
   56    135  1.2722e-18  1.7174e-16
   56    137  9.8920e-19  1.3552e-16
   56    138  1.6787e-19  2.3167e-17
    1      1  2.0422e-09  2.0422e-09
    2      4  1.7807e-01  7.1229e-01


