    1      2  2.6510e-09  5.3021e-09
    2      3  1.4769e-10  4.4306e-10
    3      6  7.3115e-12  4.3869e-11
    3      7  2.6805e-10  1.8764e-09
    4      8  8.4492e-11  6.7593e-10
    4      9  1.7531e-11  1.5778e-10
    5     10  2.5540e-11  2.5540e-10
    5     11  2.2194e-10  2.4413e-09
    6     12  2.2243e-09  2.6692e-08
    6     13  3.2242e-08  4.1914e-07
    7     14  5.5726e-07  7.8016e-06
    7     15  1.9621e-06  2.9431e-05
    8     16  1.1763e-07  1.8821e-06
    8     17  1.6135e-09  2.7429e-08
    8     18  1.6168e-08  2.9102e-07
    9     19  3.7542e-07  7.1330e-06
   10     20  5.1949e-07  1.0390e-05
   10     21  3.7608e-07  7.8976e-06
   10     22  4.4284e-09  9.7424e-08
   11     23  5.8455e-07  1.3445e-05
   12     24  1.8145e-07  4.3548e-06
   12     25  1.7940e-07  4.4851e-06
   12     26  1.8171e-08  4.7245e-07
   13     26  4.5380e-19  1.1799e-17
   13     27  3.6106e-07  9.7487e-06
   14     28  1.0551e-06  2.9542e-05
   14     29  1.2700e-07  3.6829e-06
   14     30  5.9997e-08  1.7999e-06
   15     31  1.0525e-07  3.2629e-06
   16     32  1.3703e-07  4.3849e-06
   16     33  1.4591e-06  4.8150e-05
   16     34  1.1215e-06  3.8132e-05
   16     36  2.1343e-08  7.6835e-07
   17     35  1.7266e-08  6.0432e-07
   17     37  7.9293e-08  2.9338e-06
   18     36  5.5375e-20  1.9935e-18
   18     38  1.8130e-07  6.8892e-06
   18     40  4.3347e-07  1.7339e-05
   19     39  2.6591e-07  1.0371e-05
   19     41  2.9409e-08  1.2058e-06
   20     42  8.2174e-07  3.4513e-05
   20     43  4.1545e-07  1.7864e-05
   20     44  5.8299e-08  2.5652e-06
   20     46  1.2109e-07  5.5701e-06
   21     45  1.2548e-07  5.6465e-06
   22     47  1.7072e-07  8.0238e-06
   22     48  3.9091e-07  1.8764e-05
   22     49  3.5261e-07  1.7278e-05
   22     50  3.3913e-07  1.6956e-05
   23     51  5.2182e-08  2.6613e-06
   24     52  2.1021e-07  1.0931e-05
   24     53  1.7118e-07  9.0724e-06
   24     54  1.0202e-07  5.5092e-06
   25     55  2.5584e-07  1.4071e-05
   26     56  8.2137e-07  4.5997e-05
   26     57  1.0173e-06  5.7984e-05
   26     58  5.1297e-08  2.9752e-06
   27     59  5.6181e-08  3.3147e-06
   28     60  1.1430e-07  6.8582e-06
   28     61  1.6195e-07  9.8792e-06
   28     62  1.2144e-07  7.5293e-06
   28     64  1.7945e-07  1.1485e-05
   29     63  3.2436e-07  2.0435e-05
   29     65  1.1170e-07  7.2602e-06
   30     66  2.2124e-07  1.4602e-05
   30     67  6.2922e-08  4.2158e-06
   30     68  7.0305e-08  4.7808e-06
   30     70  1.3517e-07  9.4618e-06
   31     69  5.9763e-08  4.1236e-06
   31     71  2.6922e-08  1.9115e-06
   32     70  1.9606e-16  1.3724e-14
   32     72  1.0819e-07  7.7894e-06
   32     73  1.2883e-07  9.4045e-06
   32     74  8.6827e-07  6.4252e-05
   32     76  2.8368e-06  2.1560e-04
   33     75  3.5059e-06  2.6295e-04
   34     76  7.3745e-14  5.6046e-12
   34     77  1.9781e-06  1.5231e-04
   34     78  1.8541e-06  1.4462e-04
   34     80  6.0427e-06  4.8342e-04
   34     82  1.6039e-06  1.3152e-04
   35     79  2.8980e-06  2.2894e-04
   35     81  3.0632e-06  2.4812e-04
   36     82  6.7643e-14  5.5468e-12
   36     83  2.6233e-06  2.1773e-04
   36     84  9.2666e-07  7.7840e-05
   36     86  9.4390e-07  8.1176e-05
   37     85  4.3395e-07  3.6886e-05
   37     87  1.4025e-06  1.2201e-04
   38     87  1.0269e-08  8.9340e-07
   38     88  1.6291e-06  1.4336e-04
   39     89  2.4569e-07  2.1866e-05
   40     90  4.0264e-07  3.6238e-05
   40     91  2.4906e-07  2.2665e-05
   40     92  1.5432e-06  1.4198e-04
   40     94  1.9214e-06  1.8061e-04
   41     93  7.5319e-07  7.0047e-05
   42     95  1.0821e-06  1.0280e-04
   42     96  8.7573e-07  8.4070e-05
   42     97  4.2825e-07  4.1540e-05
   42     98  2.5084e-07  2.4583e-05
   42    100  4.0724e-07  4.0724e-05
   44     99  3.3371e-07  3.3037e-05
   44    100  2.0578e-14  2.0578e-12
   44    101  4.8269e-07  4.8752e-05
   44    102  2.7988e-07  2.8547e-05
   44    104  2.4304e-07  2.5276e-05
   45    103  2.3972e-07  2.4691e-05
   46    104  1.4646e-19  1.5232e-17
   46    105  2.1602e-07  2.2682e-05
   46    106  3.8503e-07  4.0814e-05
   46    108  4.5453e-07  4.9090e-05
   46    110  4.3775e-07  4.8152e-05
   47    107  3.1342e-07  3.3536e-05
   47    109  3.6075e-07  3.9322e-05
   48    110  2.6392e-15  2.9031e-13
   48    111  1.0727e-07  1.1907e-05
   48    112  1.9674e-07  2.2035e-05
   48    113  8.6821e-08  9.8107e-06
   48    114  9.2010e-08  1.0489e-05
   48    116  8.3666e-08  9.7053e-06
   49    113  3.8210e-15  4.3178e-13
   49    115  9.0298e-08  1.0384e-05
   50    115  7.2045e-14  8.2851e-12
   50    116  3.3022e-15  3.8305e-13
   50    117  1.3805e-07  1.6152e-05
   50    118  1.7649e-07  2.0826e-05
   50    119  1.5511e-07  1.8458e-05
   50    120  5.8393e-07  7.0072e-05
   50    122  1.5684e-06  1.9135e-04
   50    124  8.5757e-06  1.0634e-03
   51    121  6.6383e-07  8.0323e-05
   51    123  2.1284e-06  2.6180e-04
   52    122  3.4941e-15  4.2628e-13
   52    124  1.2237e-16  1.5174e-14
   52    125  1.2531e-05  1.5664e-03
   52    126  2.6650e-05  3.3578e-03
   52    128  1.7532e-05  2.2441e-03
   52    130  8.7589e-06  1.1387e-03
   53    127  1.7906e-05  2.2740e-03
   53    129  5.3933e-14  6.9574e-12
   54    128  1.3457e-16  1.7225e-14
   54    129  1.1595e-05  1.4958e-03
   54    130  5.0876e-15  6.6139e-13
   54    131  3.8518e-06  5.0459e-04
   54    132  6.7037e-06  8.8489e-04
   54    134  5.0109e-06  6.7146e-04
   54    136  7.1390e-06  9.7091e-04
   55    133  7.1439e-06  9.5014e-04
   56    134  1.1233e-18  1.5052e-16
   56    135  3.2902e-06  4.4418e-04
   56    136  9.2054e-16  1.2519e-13
   56    137  9.5190e-06  1.3041e-03
   56    138  7.4997e-06  1.0350e-03
   57    139  3.8230e-06  5.3140e-04
   58    140  4.5030e-06  6.3043e-04
   58    142  4.2300e-06  6.0065e-04
   59    141  4.6938e-06  6.6182e-04
   60    142  1.5829e-18  2.2477e-16
   60    143  6.7551e-06  9.6598e-04
   60    144  1.0688e-05  1.5391e-03
   60    145  8.4392e-06  1.2237e-03
   60    146  9.4799e-06  1.3841e-03
   60    148  5.5129e-06  8.1591e-04
   60    150  5.4039e-06  8.1058e-04
   62    147  5.8014e-06  8.5281e-04
   62    148  3.1324e-13  4.6360e-11
   62    149  3.6212e-06  5.3955e-04
   62    150  1.3737e-12  2.0605e-10
   62    152  9.2914e-06  1.4123e-03
   62    154  1.0921e-05  1.6818e-03
   63    151  6.7281e-06  1.0159e-03
   63    153  6.4924e-06  9.9334e-04
   64    154  2.7234e-14  4.1940e-12
   64    155  5.4460e-06  8.4413e-04
   64    156  1.0439e-05  1.6285e-03
   64    157  6.4956e-06  1.0198e-03
   64    158  1.1930e-05  1.8850e-03
   64    160  1.0049e-05  1.6079e-03
   65    159  6.2802e-06  9.9855e-04
   66    160  5.5634e-15  8.9014e-13
   66    161  4.6143e-06  7.4290e-04
   66    162  9.9021e-06  1.6041e-03
   66    163  6.0919e-06  9.9298e-04
   66    164  1.4403e-05  2.3621e-03
   67    165  7.0763e-06  1.1676e-03
   68    166  1.4723e-05  2.4441e-03
   68    167  6.8397e-06  1.1422e-03
   68    168  9.7108e-06  1.6314e-03
   68    170  4.8242e-06  8.2011e-04
   69    169  6.2622e-06  1.0583e-03
   70    170  8.7653e-16  1.4901e-13
   70    171  3.9134e-06  6.6919e-04
   70    172  3.9058e-06  6.7180e-04
   70    173  4.0343e-06  6.9793e-04
   70    174  5.6051e-06  9.7530e-04
   70    176  4.4664e-06  7.8609e-04
   71    175  4.0386e-06  7.0676e-04
   71    176  1.2491e-16  2.1985e-14
   72    176  1.1695e-18  2.0583e-16
   72    177  5.1548e-06  9.1239e-04
   72    178  7.2706e-06  1.2942e-03
   72    179  6.5202e-06  1.1671e-03
   72    180  8.1834e-06  1.4730e-03
   73    181  8.3172e-06  1.5054e-03
   74    182  1.2356e-05  2.2489e-03
   74    183  7.2793e-06  1.3321e-03
   74    184  1.2589e-05  2.3165e-03
   74    186  1.5764e-05  2.9321e-03
   75    185  7.4269e-06  1.3740e-03
   75    187  9.7399e-06  1.8214e-03
   76    186  1.6370e-18  3.0448e-16
   76    187  7.9156e-08  1.4802e-05
   76    188  2.2490e-05  4.2282e-03
   76    189  2.0381e-05  3.8521e-03
   76    190  2.5056e-05  4.7607e-03
   76    192  2.4850e-05  4.7713e-03
   77    191  2.0966e-05  4.0045e-03
   77    193  2.6491e-05  5.1127e-03
   78    192  1.6690e-16  3.2045e-14
   78    194  2.0962e-05  4.0667e-03
   78    195  1.2817e-05  2.4992e-03
   78    196  4.2405e-06  8.3114e-04
   78    198  4.6407e-07  9.1887e-05
   79    197  1.4521e-06  2.8605e-04
   80    198  8.9609e-18  1.7743e-15
   80    199  5.1700e-07  1.0288e-04
   80    200  3.5630e-07  7.1260e-05
   80    201  1.8335e-07  3.6854e-05
   80    202  2.4723e-07  4.9941e-05
   80    204  8.3936e-07  1.7123e-04
   80    206  3.7686e-18  7.7633e-16
   81    203  4.1608e-07  8.4464e-05
   81    205  8.9634e-07  1.8375e-04
   82    206  2.2721e-06  4.6805e-04
   82    207  2.0945e-06  4.3355e-04
   82    208  1.9943e-06  4.1482e-04
   82    210  6.7803e-16  1.4239e-13
   83    209  1.6358e-06  3.4187e-04
   83    210  1.4223e-20  2.9868e-18
   84    210  3.9270e-19  8.2467e-17
   86    222  1.0840e-20  2.4065e-18
   88    223  2.1086e-19  4.7021e-17
   88    226  1.6587e-15  3.7487e-13
   88    228  2.7845e-14  6.3487e-12
   89    227  1.4663e-16  3.3285e-14
   90    227  3.3889e-19  7.6928e-17
   90    228  1.6629e-18  3.7915e-16
   90    230  7.8174e-14  1.7980e-11
   90    231  1.9614e-20  4.5308e-18
   90    232  1.2189e-08  2.8278e-06
   90    234  2.6433e-20  6.1853e-18
   91    231  2.1983e-13  5.0781e-11
   92    234  2.5456e-13  5.9566e-11
   92    235  4.7380e-09  1.1134e-06
   92    236  1.3290e-11  3.1364e-09
   92    238  4.6309e-09  1.1022e-06
   94    240  2.6298e-15  6.3114e-13
   94    244  3.2010e-11  7.8105e-09
   96    247  4.9479e-18  1.2221e-15
   97    246  4.6359e-13  1.1404e-10
  100    258  1.3159e-10  3.3950e-08
  100    260  8.7186e-11  2.2668e-08
  100    262  3.5204e-11  9.2234e-09
  102    261  5.1728e-11  1.3501e-08
  102    263  1.9954e-11  5.2480e-09
  102    264  1.3404e-11  3.5385e-09
  102    266  4.1068e-12  1.0924e-09
  103    265  6.4158e-12  1.7002e-09
  104    267  9.7671e-13  2.6078e-10
  104    268  4.3135e-13  1.1560e-10
  104    270  1.1263e-13  3.0411e-11
  104    272  9.0279e-15  2.4556e-12
  104    274  1.7278e-15  4.7342e-13
  105    269  3.3603e-13  9.0393e-11
  105    271  3.0177e-14  8.1780e-12
  106    273  3.6300e-15  9.9100e-13
  106    275  3.4414e-16  9.4639e-14
  106    276  2.6904e-16  7.4255e-14
  106    278  1.0061e-16  2.7970e-14
  106    280  5.9078e-17  1.6542e-14
  107    277  1.0681e-16  2.9587e-14
  108    279  5.1050e-17  1.4243e-14
  108    281  7.4535e-17  2.0944e-14
  108    282  1.8675e-16  5.2665e-14
  108    283  1.6563e-16  4.6872e-14
  108    284  1.6660e-16  4.7315e-14
  108    286  8.8919e-17  2.5431e-14
  110    285  1.2182e-16  3.4719e-14
  110    287  5.2791e-17  1.5151e-14
  110    288  2.9362e-17  8.4563e-15
  110    290  9.1403e-18  2.6507e-15
  111    289  1.3309e-17  3.8462e-15
  111    291  5.5939e-18  1.6278e-15
  111    292  1.5089e-17  4.4060e-15
  111    293  3.8956e-18  1.1414e-15
  111    294  3.7241e-18  1.0949e-15
  111    295  1.2762e-18  3.7648e-16
  111    296  4.0484e-19  1.1983e-16
  111    297  1.0605e-19  3.1497e-17
  111    298  2.5895e-20  7.7167e-18
  111    301  1.2588e-19  3.7891e-17
  111    302  7.3278e-20  2.2130e-17
  111    303  2.4643e-20  7.4669e-18
  111    304  4.4935e-20  1.3660e-17
  111    305  1.0316e-20  3.1464e-18
    1      1  1.8320e-09  1.8320e-09
    2      4  2.1939e-01  8.7755e-01


