    1      2  4.1772e-09  8.3544e-09
    2      3  3.2343e-10  9.7029e-10
    3      6  1.1452e-11  6.8713e-11
    3      7  3.8276e-10  2.6793e-09
    4      8  3.9758e-10  3.1806e-09
    4      9  1.1914e-10  1.0722e-09
    5     10  1.4421e-09  1.4421e-08
    5     11  6.8416e-10  7.5257e-09
    6     12  1.8870e-09  2.2643e-08
    6     13  1.1205e-07  1.4566e-06
    7     14  2.2727e-07  3.1817e-06
    7     15  3.6036e-06  5.4055e-05
    8     16  1.2489e-07  1.9982e-06
    8     17  2.6660e-09  4.5322e-08
    8     18  1.8253e-08  3.2856e-07
    9     19  4.8993e-07  9.3086e-06
   10     20  6.8422e-07  1.3684e-05
   10     21  3.5120e-07  7.3752e-06
   10     22  3.5691e-09  7.8520e-08
   11     23  7.1690e-07  1.6489e-05
   12     24  2.2959e-07  5.5101e-06
   12     25  2.7618e-07  6.9046e-06
   12     26  2.2214e-08  5.7756e-07
   13     26  3.2228e-19  8.3793e-18
   13     27  2.5200e-07  6.8041e-06
   14     28  7.1071e-07  1.9900e-05
   14     29  1.1349e-07  3.2911e-06
   14     30  6.1738e-08  1.8522e-06
   15     31  7.9417e-08  2.4619e-06
   16     32  1.2751e-07  4.0804e-06
   16     33  1.1310e-06  3.7321e-05
   16     34  8.6987e-07  2.9575e-05
   16     36  2.5119e-08  9.0427e-07
   17     35  2.1057e-08  7.3701e-07
   17     37  4.1517e-08  1.5361e-06
   18     36  1.5596e-19  5.6145e-18
   18     38  9.6161e-08  3.6541e-06
   18     40  5.3596e-08  2.1438e-06
   19     39  5.1179e-08  1.9960e-06
   19     41  1.3812e-07  5.6629e-06
   20     42  5.0222e-07  2.1093e-05
   20     43  1.3208e-07  5.6795e-06
   20     44  1.0179e-07  4.4787e-06
   20     46  5.8434e-08  2.6879e-06
   21     45  1.1740e-07  5.2829e-06
   22     46  2.8785e-20  1.3241e-18
   22     47  7.5787e-08  3.5620e-06
   22     48  1.6143e-07  7.7488e-06
   22     49  1.1520e-07  5.6446e-06
   22     50  9.8272e-08  4.9136e-06
   23     51  2.4682e-08  1.2588e-06
   24     52  1.2471e-07  6.4852e-06
   24     53  1.1071e-07  5.8679e-06
   24     54  6.4528e-08  3.4845e-06
   25     55  1.0959e-07  6.0276e-06
   26     56  4.2760e-07  2.3945e-05
   26     57  7.1366e-07  4.0679e-05
   26     58  2.1347e-08  1.2381e-06
   27     59  2.7556e-08  1.6258e-06
   28     60  4.4572e-08  2.6743e-06
   28     61  6.9152e-08  4.2183e-06
   28     62  6.7518e-08  4.1861e-06
   28     64  1.2868e-07  8.2355e-06
   29     63  2.8348e-07  1.7859e-05
   29     65  9.9965e-08  6.4977e-06
   30     64  1.3525e-20  8.6561e-19
   30     66  1.9786e-07  1.3059e-05
   30     67  8.6098e-08  5.7686e-06
   30     68  4.3453e-08  2.9548e-06
   30     70  9.6437e-08  6.7506e-06
   31     69  2.9277e-08  2.0201e-06
   31     71  2.4891e-08  1.7673e-06
   32     70  6.8510e-16  4.7957e-14
   32     72  1.1643e-07  8.3828e-06
   32     73  1.3970e-07  1.0198e-05
   32     74  8.1874e-07  6.0587e-05
   32     76  2.2295e-06  1.6944e-04
   33     75  3.0109e-06  2.2581e-04
   34     76  3.8817e-13  2.9501e-11
   34     77  1.6334e-06  1.2577e-04
   34     78  1.2787e-06  9.9742e-05
   34     80  4.6765e-06  3.7412e-04
   34     82  1.3650e-06  1.1193e-04
   35     79  1.6718e-06  1.3207e-04
   35     81  1.9884e-06  1.6106e-04
   36     82  3.0060e-13  2.4649e-11
   36     83  2.0103e-06  1.6686e-04
   36     84  6.5124e-07  5.4704e-05
   36     86  5.7644e-07  4.9574e-05
   37     85  2.9450e-07  2.5032e-05
   37     87  6.8477e-07  5.9575e-05
   38     86  1.3931e-20  1.1980e-18
   38     87  5.0140e-09  4.3622e-07
   38     88  7.3718e-07  6.4871e-05
   39     89  2.6735e-07  2.3794e-05
   40     90  4.4574e-07  4.0117e-05
   40     91  1.5188e-07  1.3821e-05
   40     92  5.7414e-07  5.2821e-05
   40     94  9.5276e-07  8.9559e-05
   41     93  3.4067e-07  3.1682e-05
   42     95  5.7221e-07  5.4360e-05
   42     96  4.2794e-07  4.1082e-05
   42     97  2.9206e-07  2.8330e-05
   42     98  1.0016e-07  9.8155e-06
   42    100  1.7588e-07  1.7588e-05
   44     99  1.3822e-07  1.3683e-05
   44    100  6.2624e-14  6.2624e-12
   44    101  2.0566e-07  2.0772e-05
   44    102  1.2063e-07  1.2304e-05
   44    104  1.2441e-07  1.2939e-05
   45    103  1.2328e-07  1.2698e-05
   46    104  7.1319e-19  7.4171e-17
   46    105  1.1896e-07  1.2491e-05
   46    106  2.1119e-07  2.2386e-05
   46    108  2.1456e-07  2.3172e-05
   46    110  2.6082e-07  2.8690e-05
   47    107  1.7168e-07  1.8369e-05
   47    109  2.0287e-07  2.2113e-05
   48    110  9.6615e-15  1.0628e-12
   48    111  5.7855e-08  6.4220e-06
   48    112  1.3563e-07  1.5190e-05
   48    113  5.7249e-08  6.4691e-06
   48    114  5.5217e-08  6.2947e-06
   48    116  3.3491e-08  3.8850e-06
   49    113  2.5196e-15  2.8471e-13
   49    115  5.3420e-08  6.1433e-06
   50    115  4.2621e-14  4.9015e-12
   50    116  1.1335e-14  1.3149e-12
   50    117  7.1785e-08  8.3988e-06
   50    118  9.3792e-08  1.1067e-05
   50    119  8.0296e-08  9.5552e-06
   50    120  3.8644e-07  4.6372e-05
   50    122  9.2247e-07  1.1254e-04
   50    124  4.2961e-06  5.3272e-04
   51    121  3.7194e-07  4.5005e-05
   51    123  1.0287e-06  1.2654e-04
   52    122  1.0198e-14  1.2442e-12
   52    124  2.5808e-16  3.2001e-14
   52    125  4.7688e-06  5.9610e-04
   52    126  8.9392e-06  1.1263e-03
   52    128  6.1039e-06  7.8130e-04
   52    130  1.8933e-06  2.4613e-04
   53    127  7.5478e-06  9.5857e-04
   53    129  1.8239e-14  2.3529e-12
   54    128  5.1432e-16  6.5833e-14
   54    129  4.7370e-06  6.1107e-04
   54    130  1.7009e-14  2.2112e-12
   54    131  1.6099e-06  2.1090e-04
   54    132  2.1398e-06  2.8245e-04
   54    134  1.9881e-06  2.6640e-04
   54    136  1.6762e-06  2.2796e-04
   55    133  2.3986e-06  3.1901e-04
   56    134  4.7034e-18  6.3025e-16
   56    135  8.9417e-07  1.2071e-04
   56    136  1.8371e-15  2.4985e-13
   56    137  2.2078e-06  3.0246e-04
   56    138  2.1218e-06  2.9281e-04
   57    139  1.2412e-06  1.7252e-04
   58    140  1.8215e-06  2.5500e-04
   58    142  8.7311e-07  1.2398e-04
   59    141  1.5753e-06  2.2212e-04
   60    142  5.0183e-18  7.1259e-16
   60    143  1.0290e-06  1.4715e-04
   60    144  1.5949e-06  2.2967e-04
   60    145  1.4132e-06  2.0491e-04
   60    146  1.9931e-06  2.9099e-04
   60    148  1.5677e-06  2.3202e-04
   60    150  1.1546e-06  1.7318e-04
   62    147  1.7270e-06  2.5386e-04
   62    148  7.1959e-13  1.0650e-10
   62    149  9.4931e-07  1.4145e-04
   62    150  2.0065e-12  3.0097e-10
   62    152  1.4317e-06  2.1762e-04
   62    154  2.0473e-06  3.1528e-04
   63    151  9.9773e-07  1.5066e-04
   63    153  9.4805e-07  1.4505e-04
   64    154  2.6899e-14  4.1425e-12
   64    155  1.2718e-06  1.9713e-04
   64    156  1.9226e-06  2.9993e-04
   64    157  1.3631e-06  2.1400e-04
   64    158  2.3645e-06  3.7359e-04
   64    160  1.9845e-06  3.1752e-04
   65    159  7.6752e-07  1.2204e-04
   66    160  4.5645e-15  7.3032e-13
   66    161  1.0474e-06  1.6864e-04
   66    162  1.7169e-06  2.7814e-04
   66    163  1.1274e-06  1.8376e-04
   66    164  3.1442e-06  5.1564e-04
   67    165  1.6781e-06  2.7689e-04
   68    166  3.4517e-06  5.7299e-04
   68    167  1.6685e-06  2.7864e-04
   68    168  2.0915e-06  3.5136e-04
   68    170  1.4883e-06  2.5300e-04
   69    169  2.3458e-06  3.9644e-04
   70    170  2.6331e-15  4.4762e-13
   70    171  1.2068e-06  2.0637e-04
   70    172  1.0852e-06  1.8665e-04
   70    173  9.8181e-07  1.6985e-04
   70    174  1.5700e-06  2.7318e-04
   70    176  1.1926e-06  2.0989e-04
   71    175  1.0106e-06  1.7686e-04
   71    176  2.4785e-16  4.3621e-14
   72    176  2.3204e-18  4.0840e-16
   72    177  1.3996e-06  2.4773e-04
   72    178  1.6398e-06  2.9188e-04
   72    179  1.5631e-06  2.7979e-04
   72    180  2.1606e-06  3.8892e-04
   73    181  2.3929e-06  4.3311e-04
   74    182  3.3640e-06  6.1224e-04
   74    183  2.1380e-06  3.9125e-04
   74    184  3.6988e-06  6.8058e-04
   74    186  5.8272e-06  1.0839e-03
   75    185  2.5375e-06  4.6944e-04
   75    187  4.1455e-06  7.7521e-04
   76    186  6.1150e-18  1.1374e-15
   76    187  3.3691e-08  6.3002e-06
   76    188  1.0743e-05  2.0197e-03
   76    189  1.1204e-05  2.1176e-03
   76    190  2.2333e-05  4.2433e-03
   76    192  3.9407e-05  7.5661e-03
   77    191  2.7352e-05  5.2242e-03
   77    193  4.3987e-05  8.4895e-03
   78    192  1.7506e-15  3.3612e-13
   78    194  4.1954e-05  8.1390e-03
   78    195  3.1909e-05  6.2222e-03
   78    196  1.5707e-05  3.0787e-03
   78    198  2.7644e-06  5.4735e-04
   79    197  8.1589e-06  1.6073e-03
   80    198  5.9482e-16  1.1777e-13
   80    199  2.7395e-06  5.4517e-04
   80    200  3.4180e-06  6.8359e-04
   80    201  2.7268e-06  5.4809e-04
   80    202  3.6741e-06  7.4216e-04
   80    204  4.2500e-06  8.6699e-04
   80    206  2.2806e-15  4.6980e-13
   81    203  3.0679e-06  6.2278e-04
   81    205  4.6135e-06  9.4576e-04
   81    207  2.0937e-20  4.3339e-18
   82    204  3.6905e-19  7.5286e-17
   82    206  3.4716e-05  7.1514e-03
   82    207  3.1462e-05  6.5127e-03
   82    208  3.5685e-05  7.4225e-03
   82    210  2.7625e-13  5.8012e-11
   82    211  7.4188e-19  1.5654e-16
   82    212  9.9218e-19  2.1034e-16
   82    214  1.2884e-19  2.7572e-17
   83    209  2.9965e-05  6.2626e-03
   83    210  5.7948e-18  1.2169e-15
   83    212  2.9648e-20  6.2854e-18
   83    214  1.5926e-20  3.4081e-18
   84    210  1.6000e-16  3.3600e-14
   86    222  4.4166e-18  9.8048e-16
   88    223  7.2527e-17  1.6173e-14
   88    224  2.5639e-18  5.7432e-16
   88    226  6.7581e-13  1.5273e-10
   88    228  8.2447e-12  1.8798e-09
   89    227  5.0436e-14  1.1449e-11
   89    228  1.8046e-19  4.1144e-17
   90    227  1.1657e-16  2.6460e-14
   90    228  4.9237e-16  1.1226e-13
   90    230  3.1850e-11  7.3256e-09
   90    231  6.7464e-18  1.5584e-15
   90    232  3.6089e-06  8.3727e-04
   90    234  1.0770e-17  2.5201e-15
   91    231  7.5614e-11  1.7467e-08
   91    234  3.2251e-19  7.5468e-17
   92    234  1.0371e-10  2.4269e-08
   92    235  1.6297e-06  3.8298e-04
   92    236  6.1076e-09  1.4414e-06
   92    238  1.8868e-06  4.4905e-04
   92    240  3.0649e-19  7.3557e-17
   93    240  2.1638e-20  5.1932e-18
   94    239  3.6749e-18  8.7830e-16
   94    240  1.2089e-12  2.9013e-10
   94    244  1.4715e-08  3.5904e-06
   95    243  1.1234e-18  2.7299e-16
   96    244  3.9937e-18  9.7445e-16
   96    247  2.3711e-15  5.8566e-13
   97    246  2.0784e-10  5.1128e-08
  100    258  2.1329e-07  5.5030e-05
  100    260  1.6552e-07  4.3034e-05
  100    262  1.1607e-07  3.0411e-05
  102    261  1.1676e-07  3.0475e-05
  102    263  9.7211e-08  2.5566e-05
  102    264  7.4503e-08  1.9669e-05
  102    266  4.1749e-08  1.1105e-05
  103    265  4.2918e-08  1.1373e-05
  104    267  1.6920e-08  4.5175e-06
  104    268  9.9421e-09  2.6645e-06
  104    270  4.3937e-09  1.1863e-06
  104    272  1.3767e-09  3.7446e-07
  104    274  2.1073e-10  5.7740e-08
  105    269  8.8537e-09  2.3816e-06
  105    271  2.5790e-09  6.9890e-07
  106    273  5.0753e-10  1.3856e-07
  106    275  5.7145e-11  1.5715e-08
  106    276  5.8533e-11  1.6155e-08
  106    278  1.1625e-10  3.2318e-08
  106    280  6.1755e-11  1.7291e-08
  107    277  4.6398e-11  1.2852e-08
  108    279  9.7741e-11  2.7270e-08
  108    281  3.6444e-11  1.0241e-08
  108    282  8.4885e-11  2.3938e-08
  108    283  8.2234e-11  2.3272e-08
  108    284  8.4944e-11  2.4124e-08
  108    286  6.0813e-11  1.7393e-08
  110    285  6.7951e-11  1.9366e-08
  110    287  4.4710e-11  1.2832e-08
  110    288  2.8248e-11  8.1354e-09
  110    290  1.0452e-11  3.0311e-09
  111    289  1.3513e-11  3.9051e-09
  111    291  6.6884e-12  1.9463e-09
  111    292  2.6135e-11  7.6314e-09
  111    293  9.1520e-12  2.6815e-09
  111    294  9.2876e-12  2.7306e-09
  111    295  3.1955e-12  9.4267e-10
  111    296  1.0232e-12  3.0286e-10
  111    297  2.7460e-13  8.1556e-11
  111    298  6.9649e-14  2.0755e-11
  111    299  4.0725e-18  1.2177e-15
  111    300  4.6315e-17  1.3895e-14
  111    301  2.3196e-13  6.9820e-11
  111    302  3.9519e-13  1.1935e-10
  111    303  1.9463e-13  5.8972e-11
  111    304  1.8785e-13  5.7105e-11
  111    305  3.2902e-14  1.0035e-11
  111    306  6.4251e-14  1.9661e-11
  111    307  9.7697e-15  2.9993e-12
  111    308  4.6896e-15  1.4444e-12
  111    309  9.6193e-16  2.9724e-13
  111    310  3.1386e-15  9.7296e-13
  111    311  5.3052e-16  1.6499e-13
  111    312  2.9203e-16  9.1112e-14
  111    313  1.2919e-16  4.0438e-14
  111    314  1.0627e-16  3.3370e-14
  111    315  4.4732e-17  1.4090e-14
  111    316  1.4521e-16  4.5888e-14
  111    317  2.6125e-17  8.2816e-15
  111    318  1.6294e-16  5.1816e-14
  111    319  5.1662e-17  1.6480e-14
  111    320  3.4491e-17  1.1037e-14
  111    321  1.1698e-17  3.7551e-15
  111    322  7.4187e-18  2.3888e-15
  111    323  1.3570e-18  4.3831e-16
  111    324  1.8378e-18  5.9544e-16
  111    325  2.1126e-19  6.8659e-17
  111    326  4.8408e-19  1.5781e-16
  111    327  1.6141e-18  5.2780e-16
    1      1  2.6748e-09  2.6748e-09
    2      4  2.2283e-01  8.9132e-01


