1  2.2331e-08
2  1.0328e-08
3  8.6826e-10
4  2.0704e-01
5  0.0000e+00
6  2.4953e-11
7  2.0395e-09
8  2.0492e-08
9  8.8284e-09
10  2.0128e-07
11  2.9654e-09
12  8.6904e-09
13  1.5524e-07
14  7.4088e-08
15  1.3371e-05
16  3.5125e-07
17  1.2172e-08
18  7.1147e-08
19  1.0967e-06
20  1.5903e-06
21  7.1778e-07
22  6.5841e-09
23  9.4592e-07
24  3.3618e-07
25  4.5837e-07
26  6.5268e-08
27  9.8130e-08
28  1.7422e-07
29  5.0113e-08
30  4.2084e-08
31  2.8883e-08
32  6.5589e-08
33  3.3767e-07
34  2.6356e-07
35  1.1875e-08
36  1.2511e-08
37  5.3428e-09
38  2.4074e-08
39  2.0644e-08
40  7.2307e-09
41  3.2068e-08
42  1.1917e-07
43  2.4244e-08
44  3.2295e-08
45  3.1647e-08
46  6.0054e-09
47  1.0003e-08
48  1.8230e-08
49  1.4289e-08
50  1.3047e-08
51  7.3451e-09
52  1.7391e-08
53  1.8677e-08
54  5.8788e-09
55  1.6527e-09
56  1.7826e-08
57  4.5471e-08
58  9.6026e-10
59  9.0201e-10
60  2.4149e-09
61  3.0036e-09
62  2.7263e-09
63  6.6331e-08
64  1.3299e-08
65  2.2147e-08
66  5.3654e-08
67  1.1953e-07
68  2.2136e-08
69  1.1359e-08
70  5.8216e-08
71  1.5346e-08
72  4.4489e-08
73  3.2716e-08
74  1.2234e-07
75  4.4791e-07
76  3.2595e-07
77  6.1421e-07
78  6.1476e-07
79  5.6587e-07
80  3.0523e-06
81  8.0967e-07
82  3.4592e-07
83  4.0768e-07
84  1.4615e-07
85  1.8158e-07
86  3.7827e-07
87  3.9006e-07
88  1.6328e-07
89  1.0015e-07
90  9.8832e-08
91  5.9499e-08
92  7.1576e-08
93  8.6918e-08
94  2.8197e-07
95  1.4748e-07
96  7.0235e-08
97  1.3627e-07
98  2.2235e-08
99  2.6884e-08
100  3.5917e-08
101  3.5335e-08
102  3.4644e-08
103  4.5098e-08
104  2.1486e-08
105  1.6916e-08
106  6.3580e-08
107  6.5535e-08
108  1.0411e-07
109  1.5038e-07
110  2.3875e-07
111  4.0458e-08
112  1.8327e-07
113  1.1510e-07
114  9.5457e-08
115  1.0760e-07
116  8.7483e-09
117  2.9682e-08
118  1.5027e-08
119  1.1997e-08
120  6.9154e-08
121  5.9112e-08
122  9.6550e-08
123  1.1623e-07
124  8.3262e-07
125  1.7336e-06
126  4.8610e-06
127  5.6765e-06
128  4.2055e-06
129  5.0118e-06
130  3.5992e-06
131  1.8878e-06
132  9.4696e-07
133  6.8181e-07
134  5.8273e-07
135  2.0731e-07
136  3.3565e-07
137  2.7826e-07
138  2.7897e-07
139  1.1788e-07
140  2.0794e-07
141  3.0738e-07
142  1.5419e-07
143  8.2699e-08
144  6.7885e-08
145  2.1718e-08
146  4.6485e-08
147  6.6648e-08
148  3.5143e-08
149  1.0331e-08
150  2.2195e-08
151  5.8958e-09
152  3.2035e-08
153  2.5041e-08
154  2.5825e-08
155  1.1661e-07
156  1.0804e-08
157  3.2723e-08
158  6.8325e-08
159  7.0625e-10
160  1.0106e-08
161  2.0065e-08
162  1.1656e-08
163  1.3071e-08
164  1.9160e-08
165  1.4289e-08
166  4.8706e-08
167  7.1304e-08
168  5.0095e-08
169  2.9409e-07
170  7.0270e-08
171  1.3291e-07
172  8.3099e-08
173  5.6594e-08
174  2.2920e-07
175  7.9195e-08
176  1.5317e-07
177  5.3934e-07
178  3.4057e-07
179  1.7694e-07
180  2.0509e-07
181  2.8154e-07
182  2.8919e-07
183  2.1388e-07
184  2.0114e-07
185  1.0272e-07
186  8.9857e-08
187  9.6767e-08
188  1.2468e-07
189  5.7023e-08
190  1.3278e-07
191  1.1996e-07
192  1.4807e-07
193  1.1209e-07
194  9.4294e-07
195  2.1973e-06
196  7.3881e-06
197  1.1771e-05
198  1.5244e-05
199  6.5048e-06
200  8.2526e-06
201  1.6100e-06
202  7.0965e-07
203  1.2771e-07
204  3.9673e-08
205  2.5937e-08
206  5.1066e-06
207  6.9237e-06
208  2.6243e-06
209  1.1820e-05
210  1.0502e-12
211  3.6515e-18
212  2.6810e-18
213  5.3216e-44
214  5.5000e-19
215  1.0066e-24
216  3.1064e-24
217  1.2783e-95
218  9.4523e-21
219  1.4129e-21
220  1.1911e-21
221  -5.3853e-320
222  1.6780e-17
223  3.5250e-16
224  6.7271e-18
225  3.2072e-40
226  2.5675e-12
227  2.4570e-13
228  2.1633e-11
229  1.1963e-29
230  1.2101e-10
231  3.6750e-10
232  9.4690e-06
233  7.1492e-26
234  3.9403e-10
235  7.9206e-06
236  3.0736e-08
237  -1.6256e-318
238  7.1683e-06
239  3.8789e-17
240  6.0844e-12
241  0.0000e+00
242  3.1565e-120
243  1.1858e-17
244  7.4062e-08
245  0.0000e+00
246  1.2415e-09
247  2.5027e-14
248  2.1793e-119
249  0.0000e+00
250  0.0000e+00
251  -3.4438e-314
252  0.0000e+00
253  0.0000e+00
254  0.0000e+00
255  0.0000e+00
256  0.0000e+00
257  6.0980e-26
258  2.6814e-06
259  8.1146e-26
260  4.1634e-06
261  4.1325e-06
262  4.4276e-06
263  5.2032e-06
264  6.5107e-06
265  6.1320e-06
266  8.5455e-06
267  4.2603e-06
268  4.8517e-06
269  1.2652e-05
270  1.2835e-05
271  1.2657e-05
272  2.1808e-05
273  2.5865e-05
274  4.3214e-05
275  4.6691e-05
276  5.8057e-05
277  1.9293e-05
278  3.0773e-05
279  1.7799e-05
280  8.2717e-06
281  2.7228e-06
282  2.3766e-06
283  9.8829e-07
284  1.2749e-06
285  1.2094e-06
286  1.3659e-06
287  2.4267e-06
288  1.9355e-06
289  1.4946e-06
290  1.5790e-06
291  7.6588e-07
292  5.6805e-06
293  3.0722e-06
294  5.0279e-06
295  1.7150e-06
296  3.7844e-06
297  1.7477e-06
298  2.6487e-07
299  2.0460e-07
300  6.7146e-08
301  5.3498e-06
302  5.8388e-06
303  2.2658e-06
304  5.2683e-06
305  5.2991e-06
306  7.1721e-06
307  2.6450e-06
308  3.1483e-06
309  4.1009e-06
310  3.7579e-06
311  1.6304e-06
312  3.6043e-06
313  8.0085e-07
314  3.5306e-06
315  1.9383e-06
316  3.2080e-06
317  2.8292e-06
318  2.0006e-05
319  7.6094e-06
320  6.9689e-06
321  1.6825e-06
322  2.1101e-06
323  1.3954e-06
324  1.0130e-06
325  3.5354e-07
326  5.8409e-07
327  8.3091e-07
328  6.2686e-08
329  3.4285e-07
330  2.7529e-07
331  4.6050e-08
332  1.1448e-07
333  1.6031e-08
334  1.6622e-08
335  9.4475e-09
336  3.7921e-09
337  1.0251e-07

