1  9.9933e-10
2  2.2101e-09
3  1.1993e-10
4  1.8721e-01
5  0.0000e+00
6  6.1736e-12
7  1.9427e-10
8  1.5193e-10
9  3.0425e-11
10  2.2630e-11
11  1.8267e-10
12  2.4908e-09
13  5.3045e-08
14  3.8980e-07
15  3.6148e-06
16  1.9399e-07
17  1.8403e-09
18  1.5438e-08
19  5.9545e-07
20  8.1516e-07
21  3.0087e-07
22  3.7579e-09
23  6.8738e-07
24  2.0924e-07
25  2.0815e-07
26  1.7338e-08
27  3.9885e-07
28  1.1763e-06
29  1.2427e-07
30  6.5205e-08
31  1.1561e-07
32  1.3845e-07
33  1.6055e-06
34  1.2357e-06
35  2.4575e-08
36  2.4061e-08
37  9.6192e-08
38  2.1680e-07
39  3.2679e-07
40  5.4643e-07
41  3.2372e-08
42  6.8249e-07
43  3.4028e-07
44  6.6017e-08
45  1.2844e-07
46  1.1031e-07
47  1.8053e-07
48  3.9174e-07
49  4.1199e-07
50  4.2162e-07
51  6.3668e-08
52  2.5413e-07
53  1.8038e-07
54  1.1181e-07
55  1.6153e-07
56  3.8878e-07
57  5.9850e-07
58  2.5990e-08
59  2.8877e-08
60  5.9518e-08
61  9.8279e-08
62  9.9279e-08
63  5.0723e-07
64  2.8619e-07
65  2.2646e-07
66  7.2552e-07
67  2.5456e-07
68  2.9923e-07
69  2.7213e-07
70  7.6552e-07
71  1.0902e-07
72  2.3151e-07
73  1.2059e-07
74  7.0818e-07
75  3.1842e-06
76  3.5038e-06
77  3.3932e-06
78  4.4684e-06
79  6.4562e-06
80  1.5848e-05
81  5.3904e-06
82  1.4689e-06
83  2.3440e-06
84  1.2060e-06
85  1.1740e-06
86  3.0872e-06
87  2.7561e-06
88  1.5442e-06
89  4.0883e-07
90  6.8644e-07
91  2.0091e-07
92  1.1075e-06
93  7.2255e-07
94  2.0306e-06
95  1.1530e-06
96  9.3152e-07
97  5.6457e-07
98  2.2434e-07
99  2.4406e-07
100  3.1588e-07
101  5.1687e-07
102  3.9611e-07
103  4.1087e-07
104  4.9691e-07
105  5.0698e-07
106  1.0343e-06
107  1.0904e-06
108  1.9128e-06
109  1.5371e-06
110  1.6392e-06
111  3.3136e-07
112  6.4164e-07
113  2.2283e-07
114  1.4534e-07
115  7.6060e-08
116  1.9731e-08
117  4.4012e-08
118  6.9960e-08
119  6.7383e-08
120  3.8551e-07
121  5.4376e-07
122  1.5784e-06
123  2.4936e-06
124  1.5644e-05
125  3.9261e-05
126  1.3038e-04
127  9.2970e-05
128  1.3842e-04
129  2.7419e-04
130  1.3469e-04
131  3.6864e-05
132  2.3599e-05
133  3.6101e-05
134  3.3880e-05
135  1.7354e-05
136  1.4448e-05
137  1.5244e-05
138  1.6673e-05
139  5.3551e-06
140  8.3187e-06
141  3.0259e-05
142  1.1934e-05
143  2.2305e-06
144  1.0628e-06
145  7.2345e-07
146  1.6526e-06
147  2.1589e-06
148  3.9357e-06
149  2.9454e-06
150  4.3832e-06
151  4.5168e-06
152  5.7694e-06
153  4.0289e-06
154  7.0889e-06
155  3.7721e-06
156  9.3744e-06
157  6.2625e-06
158  1.1576e-05
159  6.1150e-06
160  9.5429e-06
161  4.7085e-06
162  1.2020e-05
163  7.1975e-06
164  1.7033e-05
165  8.3356e-06
166  1.5748e-05
167  6.5881e-06
168  1.2279e-05
169  9.7349e-06
170  8.0263e-06
171  6.2879e-06
172  4.8511e-06
173  4.6852e-06
174  5.8177e-06
175  4.2729e-06
176  4.1348e-06
177  5.0719e-06
178  4.7622e-06
179  3.6571e-06
180  2.8159e-06
181  2.4887e-06
182  2.7193e-06
183  1.4568e-06
184  2.4319e-06
185  1.7904e-06
186  5.2076e-06
187  3.9081e-06
188  9.5738e-06
189  1.4401e-05
190  2.8882e-05
191  3.0157e-05
192  4.6619e-05
193  6.1722e-05
194  5.8435e-05
195  4.3040e-05
196  1.6814e-05
197  5.1309e-06
198  8.8416e-07
199  1.2176e-07
200  4.5321e-08
201  3.9818e-08
202  8.6268e-08
203  1.1053e-07
204  1.2096e-07
205  1.1614e-07
206  7.1114e-07
207  6.4053e-07
208  6.5370e-07
209  5.7330e-07
210  4.0680e-15
211  1.4620e-20
212  2.8232e-20
213  5.3910e-44
214  2.1305e-21
215  6.0486e-26
216  3.2711e-26
217  7.3398e-98
218  3.6615e-23
219  5.6629e-24
220  1.2543e-23
221  -4.4066e-320
222  6.4999e-20
223  1.4114e-18
224  7.0839e-20
225  3.2299e-40
226  9.9459e-15
227  9.8373e-16
228  2.2781e-13
229  1.2048e-29
230  4.6875e-13
231  1.4714e-12
232  9.9712e-08
233  7.2296e-26
234  1.5264e-12
235  3.1713e-08
236  9.0417e-11
237  -1.7967e-318
238  2.7768e-08
239  2.3905e-20
240  1.7895e-14
241  0.0000e+00
242  1.3817e-141
243  7.3077e-21
244  2.1783e-10
245  0.0000e+00
246  3.5042e-12
247  1.5424e-17
248  1.3306e-140
249  0.0000e+00
250  0.0000e+00
251  -8.0839e-314
252  0.0000e+00
253  0.0000e+00
254  0.0000e+00
255  0.0000e+00
256  0.0000e+00
257  7.6047e-26
258  2.4146e-09
259  6.3209e-26
260  1.3111e-09
261  7.5781e-10
262  7.4063e-10
263  5.9746e-10
264  4.7373e-10
265  2.4654e-10
266  2.5929e-10
267  1.0744e-10
268  7.7702e-11
269  9.5600e-11
270  4.0651e-11
271  2.1947e-11
272  1.5657e-11
273  9.9527e-12
274  8.0162e-12
275  3.1684e-12
276  2.5500e-12
277  7.6275e-13
278  7.1723e-13
279  2.1257e-13
280  7.1321e-14
281  2.1375e-14
282  1.5012e-14
283  6.7666e-15
284  8.9738e-15
285  8.1317e-15
286  7.3030e-15
287  6.9218e-15
288  4.5888e-15
289  1.8744e-15
290  1.2105e-15
291  5.0749e-16
292  2.9666e-15
293  1.3627e-15
294  1.7372e-15
295  5.1043e-16
296  8.1415e-16
297  2.6483e-16
298  3.1579e-17
299  2.4684e-17
300  7.5636e-18
301  1.1791e-16
302  2.4529e-16
303  1.1508e-16
304  6.8459e-17
305  2.2696e-17
306  2.0650e-17
307  1.9663e-18
308  6.5659e-18
309  4.8187e-19
310  9.4034e-19
311  6.5069e-19
312  1.3180e-18
313  2.1594e-19
314  7.7568e-19
315  1.2655e-19
316  1.1538e-19
317  5.5709e-19
318  7.3225e-20
319  6.3704e-21
320  1.6744e-20
321  1.2491e-21
322  5.3191e-22
323  1.0214e-22
324  9.2950e-23
325  5.4919e-24
326  2.8771e-23
327  1.5137e-24
328  2.0384e-25
329  0.0000e+00
330  0.0000e+00
331  0.0000e+00
332  0.0000e+00
333  0.0000e+00
334  0.0000e+00
335  0.0000e+00
336  0.0000e+00
337  0.0000e+00

