1  5.4160e-09
2  1.9893e-01
3  3.9944e-10
4  2.8322e-09
5  9.6109e-09
6  3.0667e-07
7  9.3043e-06
8  2.8461e-07
9  1.0003e-06
10  1.7493e-06
11  9.4132e-07
12  6.7585e-07
13  2.2382e-07
14  7.9768e-07
15  8.7030e-08
16  1.6986e-06
17  5.8246e-08
18  1.3315e-07
19  2.2389e-07
20  8.2185e-07
21  1.3118e-07
22  5.6196e-07
23  3.3434e-08
24  4.0993e-07
25  6.7267e-08
26  4.3668e-07
27  1.1213e-08
28  3.3137e-07
29  4.5008e-07
30  8.6000e-07
31  1.2617e-07
32  3.8657e-06
33  3.0362e-06
34  1.3486e-05
35  5.9018e-06
36  3.4381e-06
37  1.7886e-06
38  4.3270e-07
39  1.3411e-07
40  2.0890e-06
41  4.2668e-07
42  1.2724e-06
43  1.0139e-32
44  9.1394e-07
45  2.6610e-07
46  2.2025e-06
47  1.0860e-06
48  3.7231e-07
49  2.1777e-08
50  1.1857e-05
51  3.1221e-06
52  6.7575e-05
53  1.7807e-05
54  4.7093e-05
55  5.4710e-06
56  1.0101e-05
57  1.2825e-06
58  4.3796e-06
59  6.6841e-06
60  3.5475e-06
61  2.8655e-83
62  5.3182e-06
63  2.2630e-06
64  1.4414e-05
65  2.3209e-06
66  1.5203e-05
67  3.3568e-06
68  1.8052e-05
69  4.1028e-06
70  1.1631e-05
71  2.0935e-06
72  7.9064e-06
73  1.5193e-06
74  1.5952e-05
75  9.8089e-06
76  2.0608e-04
77  1.8360e-04
78  2.1197e-04
79  8.4525e-06
80  9.4394e-06
81  4.5278e-06
82  8.6892e-05
83  3.3881e-05
84  7.0229e-16
85  2.3243e-26
86  1.9389e-17
87  6.7327e-21
88  4.0786e-11
89  2.5390e-13
90  1.6555e-05
91  3.8065e-10
92  1.6530e-05
93  1.5624e-19
94  1.0625e-07
95  6.9457e-18
96  1.4685e-14
97  1.5120e-09
98  4.4946e-314
99  4.9407e-323
100  5.8042e-06
101  1.2737e-313
102  5.6280e-06
103  1.0125e-06
104  2.5930e-06
105  1.4459e-06
106  5.2009e-07
107  2.6162e-08
108  1.0711e-08
109  -2.5021e-319
110  4.4354e-09
111  1.1161e-08
112  0.0000e+00
113  0.0000e+00
114  0.0000e+00
115  0.0000e+00
116  0.0000e+00
117  0.0000e+00
118  0.0000e+00

