1  2.5130e-09
2  1.8202e-01
3  1.1341e-10
4  3.9933e-11
5  1.1571e-10
6  1.5674e-08
7  2.1467e-06
8  1.1453e-07
9  3.6695e-07
10  8.3111e-07
11  4.2763e-07
12  3.0378e-07
13  4.0987e-07
14  1.3999e-06
15  1.1242e-07
16  3.1061e-06
17  1.1412e-07
18  1.0072e-06
19  4.9189e-07
20  2.2623e-06
21  1.6593e-07
22  1.9061e-06
23  9.6188e-08
24  5.2120e-07
25  1.6205e-07
26  1.0652e-06
27  3.0906e-08
28  4.9467e-07
29  6.2601e-07
30  1.8531e-06
31  3.5289e-07
32  4.2958e-06
33  2.9568e-06
34  3.5170e-05
35  1.8040e-05
36  4.8123e-06
37  3.6315e-06
38  1.7237e-06
39  5.0560e-07
40  4.2787e-06
41  6.8426e-07
42  3.6879e-06
43  2.5267e-32
44  1.9281e-06
45  4.5546e-07
46  6.5462e-06
47  3.3842e-06
48  2.2345e-06
49  1.5216e-07
50  2.6604e-05
51  3.1457e-06
52  7.0491e-04
53  1.6763e-04
54  4.9458e-04
55  3.8666e-05
56  5.0061e-05
57  5.2744e-06
58  1.9955e-05
59  2.9783e-05
60  1.5443e-05
61  5.9850e-86
62  1.8764e-05
63  8.8212e-06
64  4.1375e-05
65  6.2745e-06
66  4.2554e-05
67  8.8427e-06
68  4.5385e-05
69  1.0480e-05
70  2.3933e-05
71  3.8502e-06
72  1.4110e-05
73  2.3167e-06
74  8.1936e-06
75  3.1085e-06
76  4.0922e-05
77  3.4479e-05
78  4.1279e-05
79  1.8188e-06
80  4.8253e-08
81  1.6584e-08
82  7.5391e-08
83  2.0115e-08
84  3.9865e-20
85  1.0411e-28
86  1.1008e-21
87  4.8333e-25
88  5.6440e-15
89  1.7476e-17
90  2.3968e-09
91  2.6201e-14
92  1.0360e-09
93  4.2101e-24
94  2.8631e-12
95  7.9208e-23
96  1.6785e-19
97  4.7035e-14
98  -8.1746e-314
99  7.3616e-322
100  3.0277e-11
101  8.1227e-315
102  9.6027e-12
103  9.2102e-13
104  5.2023e-13
105  1.9458e-13
106  1.1090e-14
107  4.3644e-16
108  1.4632e-16
109  -3.8847e-319
110  4.1704e-18
111  1.1186e-18
112  0.0000e+00
113  0.0000e+00
114  0.0000e+00
115  0.0000e+00
116  0.0000e+00
117  0.0000e+00
118  0.0000e+00

