    1      2  4.8741e-16  9.7483e-16
    3      6  1.4560e-19  8.7357e-19
    4      9  4.1262e-19  3.7136e-18
    5     10  2.7957e-19  2.7957e-18
    6     12  1.5567e-07  1.8680e-06
    6     13  1.3288e-13  1.7274e-12
    7     14  5.6910e-18  7.9674e-17
    7     15  1.2182e-17  1.8273e-16
    8     16  3.1851e-09  5.0962e-08
    8     17  3.6918e-16  6.2760e-15
    8     18  5.8719e-19  1.0569e-17
    9     19  5.7804e-19  1.0983e-17
   10     20  3.5348e-09  7.0696e-08
   10     21  6.4184e-15  1.3479e-13
   10     22  1.7659e-18  3.8850e-17
   11     23  4.2694e-13  9.8197e-12
   12     24  2.7721e-09  6.6530e-08
   12     25  2.9632e-10  7.4079e-09
   12     26  2.0671e-10  5.3746e-09
   13     26  1.5086e-14  3.9224e-13
   13     27  1.8551e-10  5.0089e-09
   14     28  2.2860e-09  6.4009e-08
   14     29  1.5525e-09  4.5021e-08
   14     30  4.3657e-09  1.3097e-07
   15     31  3.0569e-09  9.4765e-08
   16     32  9.1511e-09  2.9284e-07
   16     33  3.3572e-09  1.1079e-07
   16     34  9.3324e-09  3.1730e-07
   16     36  6.7671e-09  2.4361e-07
   17     35  3.7283e-09  1.3049e-07
   17     37  8.0670e-09  2.9848e-07
   18     36  3.3495e-13  1.2058e-11
   18     38  1.6226e-08  6.1660e-07
   18     40  2.6719e-10  1.0688e-08
   19     39  2.8209e-09  1.1001e-07
   19     40  5.3811e-17  2.1525e-15
   19     41  3.5339e-10  1.4489e-08
   20     40  1.8264e-17  7.3057e-16
   20     42  1.2566e-07  5.2777e-06
   20     43  1.2096e-09  5.2012e-08
   20     44  2.4818e-09  1.0920e-07
   20     46  1.1152e-08  5.1298e-07
   21     45  2.5681e-09  1.1556e-07
   22     46  3.7986e-19  1.7473e-17
   22     47  8.2494e-08  3.8772e-06
   22     48  3.7494e-07  1.7997e-05
   22     49  1.7071e-08  8.3650e-07
   22     50  2.7630e-08  1.3815e-06
   23     51  2.3258e-07  1.1862e-05
   24     52  2.1379e-06  1.1117e-04
   24     53  2.1771e-07  1.1538e-05
   24     54  7.7697e-08  4.1957e-06
   25     55  2.8488e-09  1.5668e-07
   26     56  2.9090e-06  1.6291e-04
   26     57  1.0688e-07  6.0924e-06
   26     58  4.6810e-07  2.7150e-05
   27     59  5.8687e-07  3.4626e-05
   28     60  1.2920e-07  7.7519e-06
   28     61  3.9176e-08  2.3897e-06
   28     62  9.5621e-08  5.9285e-06
   28     64  2.3335e-06  1.4935e-04
   29     63  6.1017e-07  3.8440e-05
   29     65  1.6151e-06  1.0498e-04
   30     64  5.5849e-20  3.5743e-18
   30     66  5.7332e-07  3.7839e-05
   30     67  4.6173e-07  3.0936e-05
   30     68  5.7896e-08  3.9369e-06
   30     70  5.8906e-07  4.1234e-05
   31     69  2.8226e-07  1.9476e-05
   31     71  9.8651e-07  7.0042e-05
   32     70  3.0498e-15  2.1348e-13
   32     72  2.1026e-06  1.5139e-04
   32     73  2.9996e-06  2.1897e-04
   32     74  1.1590e-06  8.5762e-05
   32     76  3.5688e-06  2.7123e-04
   33     75  1.1165e-06  8.3734e-05
   34     76  1.0290e-13  7.8206e-12
   34     77  7.8604e-06  6.0525e-04
   34     78  1.1803e-05  9.2065e-04
   34     80  3.6184e-05  2.8947e-03
   34     82  9.7651e-07  8.0074e-05
   35     79  6.6108e-06  5.2225e-04
   35     81  2.9944e-06  2.4255e-04
   36     82  2.4267e-13  1.9899e-11
   36     83  7.8787e-06  6.5394e-04
   36     84  3.9535e-05  3.3209e-03
   36     86  9.8092e-07  8.4359e-05
   37     85  4.9355e-06  4.1951e-04
   37     87  9.7702e-06  8.5001e-04
   38     86  1.0530e-19  9.0561e-18
   38     87  7.1536e-08  6.2236e-06
   38     88  2.2435e-04  1.9742e-02
   39     89  2.0676e-05  1.8402e-03
   40     90  1.3488e-05  1.2140e-03
   40     91  5.0507e-05  4.5961e-03
   40     92  4.8245e-05  4.4385e-03
   40     94  1.1098e-03  1.0432e-01
   41     93  4.5742e-05  4.2540e-03
   42     95  1.8531e-05  1.7604e-03
   42     96  6.6465e-05  6.3806e-03
   42     97  3.3863e-05  3.2847e-03
   42     98  2.8759e-05  2.8184e-03
   42    100  9.0747e-05  9.0747e-03
   44     99  1.8918e-04  1.8729e-02
   44    100  3.4913e-11  3.4913e-09
   44    101  1.5682e-04  1.5839e-02
   44    102  1.2119e-03  1.2361e-01
   44    104  3.8096e-04  3.9620e-02
   45    103  2.0182e-04  2.0788e-02
   46    104  1.8692e-16  1.9439e-14
   46    105  1.9699e-04  2.0684e-02
   46    106  1.1825e-04  1.2535e-02
   46    108  3.1586e-04  3.4112e-02
   46    110  4.3605e-05  4.7965e-03
   47    107  6.7211e-05  7.1916e-03
   47    109  9.2454e-05  1.0077e-02
   48    110  2.3969e-12  2.6366e-10
   48    111  1.2062e-05  1.3388e-03
   48    112  7.0058e-05  7.8465e-03
   48    113  1.1963e-05  1.3518e-03
   48    114  2.8027e-05  3.1951e-03
   48    116  1.3412e-05  1.5558e-03
   49    113  5.2650e-13  5.9494e-11
   49    115  1.0189e-05  1.1717e-03
   50    115  8.1294e-12  9.3488e-10
   50    116  1.7032e-12  1.9757e-10
   50    117  1.1244e-05  1.3155e-03
   50    118  1.4181e-06  1.6733e-04
   50    119  7.1573e-07  8.5172e-05
   50    120  5.3839e-06  6.4607e-04
   50    122  4.7510e-07  5.7962e-05
   50    124  2.4476e-07  3.0350e-05
   51    121  1.2652e-06  1.5308e-04
   51    123  1.6665e-07  2.0498e-05
   52    122  3.7548e-14  4.5808e-12
   52    124  7.7078e-17  9.5577e-15
   52    125  5.1788e-07  6.4735e-05
   52    126  1.6567e-06  2.0874e-04
   52    128  1.9893e-06  2.5464e-04
   52    130  8.3302e-08  1.0829e-05
   53    127  2.1228e-06  2.6960e-04
   53    129  7.0109e-15  9.0441e-13
   54    128  3.1079e-17  3.9781e-15
   54    129  4.8510e-07  6.2578e-05
   54    130  5.2227e-16  6.7895e-14
   54    131  3.0007e-09  3.9309e-07
   54    132  1.4994e-10  1.9792e-08
   54    134  5.1645e-15  6.9204e-13
   54    136  1.7448e-15  2.3730e-13
   55    133  2.5098e-13  3.3381e-11
   56    135  5.6597e-17  7.6406e-15
   56    137  8.4350e-18  1.1556e-15
   56    138  4.8499e-18  6.6929e-16
   57    139  9.0593e-19  1.2592e-16
   58    140  1.1815e-19  1.6542e-17
   58    142  4.1559e-20  5.9014e-18
    1      1  2.9142e-10  2.9142e-10
    2      4  1.2404e-01  4.9615e-01


