    1      2  1.2937e-16  2.5874e-16
    3      6  9.8912e-20  5.9347e-19
    4      8  5.1353e-17  4.1082e-16
    4      9  9.8613e-19  8.8752e-18
    5     10  1.9801e-19  1.9801e-18
    6     12  5.2831e-08  6.3398e-07
    6     13  9.7781e-15  1.2712e-13
    7     14  8.2000e-18  1.1480e-16
    7     15  1.7975e-11  2.6963e-10
    8     16  2.0581e-09  3.2930e-08
    8     17  8.1240e-16  1.3811e-14
    8     18  5.9657e-13  1.0738e-11
    9     19  9.5313e-13  1.8110e-11
   10     20  9.3703e-10  1.8741e-08
   10     21  3.0654e-13  6.4373e-12
   10     22  2.0671e-13  4.5476e-12
   11     23  4.6264e-14  1.0641e-12
   12     24  2.1665e-10  5.1995e-09
   12     25  7.0493e-11  1.7623e-09
   12     26  5.7059e-10  1.4835e-08
   13     26  1.9036e-16  4.9493e-15
   13     27  6.4059e-10  1.7296e-08
   14     28  2.8496e-09  7.9790e-08
   14     29  1.4824e-09  4.2989e-08
   14     30  3.8657e-09  1.1597e-07
   15     31  1.9488e-09  6.0414e-08
   16     32  3.5418e-09  1.1334e-07
   16     33  5.6805e-09  1.8746e-07
   16     34  5.1070e-08  1.7364e-06
   16     36  4.6930e-08  1.6895e-06
   17     35  2.5322e-08  8.8627e-07
   17     37  3.7240e-08  1.3779e-06
   18     36  7.1408e-16  2.5707e-14
   18     38  6.3880e-08  2.4275e-06
   18     40  1.6327e-09  6.5308e-08
   19     39  2.2549e-09  8.7942e-08
   19     41  7.5534e-09  3.0969e-07
   20     42  2.3696e-08  9.9523e-07
   20     43  4.2304e-07  1.8191e-05
   20     44  7.6758e-07  3.3773e-05
   20     46  2.9301e-07  1.3479e-05
   21     45  1.5440e-08  6.9480e-07
   22     47  7.0935e-07  3.3340e-05
   22     48  1.8516e-06  8.8875e-05
   22     49  2.2455e-08  1.1003e-06
   22     50  2.2740e-07  1.1370e-05
   23     51  5.6179e-07  2.8651e-05
   24     52  1.0427e-06  5.4220e-05
   24     53  3.2154e-06  1.7041e-04
   24     54  5.8662e-06  3.1678e-04
   25     55  1.8955e-07  1.0425e-05
   26     56  4.6418e-07  2.5994e-05
   26     57  2.7579e-08  1.5720e-06
   26     58  3.6986e-08  2.1452e-06
   27     59  2.9531e-08  1.7423e-06
   28     60  1.6420e-08  9.8522e-07
   28     61  1.0281e-07  6.2714e-06
   28     62  2.4868e-07  1.5418e-05
   28     64  6.9564e-08  4.4521e-06
   29     63  2.9236e-07  1.8419e-05
   29     65  2.5734e-07  1.6727e-05
   30     64  1.4729e-20  9.4265e-19
   30     66  1.6839e-06  1.1114e-04
   30     67  1.4891e-06  9.9771e-05
   30     68  4.7368e-07  3.2211e-05
   30     70  6.1976e-07  4.3383e-05
   31     69  2.2799e-07  1.5731e-05
   31     71  8.9710e-08  6.3694e-06
   32     70  4.7920e-16  3.3544e-14
   32     72  5.0504e-07  3.6363e-05
   32     73  1.1631e-05  8.4906e-04
   32     74  4.5208e-06  3.3454e-04
   32     76  5.3738e-06  4.0841e-04
   33     75  1.5094e-06  1.1321e-04
   34     76  3.4202e-14  2.5993e-12
   34     77  1.9040e-05  1.4661e-03
   34     78  2.8143e-05  2.1952e-03
   34     80  5.3161e-05  4.2529e-03
   34     82  2.8292e-06  2.3199e-04
   35     79  1.4742e-05  1.1646e-03
   35     81  1.7696e-06  1.4334e-04
   36     82  3.0204e-14  2.4767e-12
   36     83  4.4599e-06  3.7017e-04
   36     84  2.7477e-06  2.3081e-04
   36     86  4.0885e-05  3.5161e-03
   37     85  1.4099e-05  1.1984e-03
   37     87  5.9978e-06  5.2181e-04
   38     86  5.2208e-20  4.4899e-18
   38     87  4.3917e-08  3.8208e-06
   38     88  6.2830e-06  5.5291e-04
   39     89  2.2050e-05  1.9625e-03
   40     90  9.2016e-05  8.2814e-03
   40     91  1.1511e-05  1.0475e-03
   40     92  2.8566e-05  2.6280e-03
   40     94  6.5256e-06  6.1341e-04
   41     93  2.3289e-05  2.1658e-03
   42     95  1.0094e-07  9.5895e-06
   42     96  2.9520e-07  2.8339e-05
   42     97  2.6028e-06  2.5247e-04
   42     98  1.7172e-05  1.6829e-03
   42    100  7.6529e-05  7.6529e-03
   44     99  2.6192e-05  2.5930e-03
   44    100  8.1901e-13  8.1901e-11
   44    101  1.6804e-04  1.6972e-02
   44    102  4.7707e-05  4.8661e-03
   44    104  5.5057e-05  5.7259e-03
   45    103  1.1940e-05  1.2298e-03
   46    104  1.1892e-18  1.2368e-16
   46    105  2.9010e-04  3.0460e-02
   46    106  4.0265e-04  4.2681e-02
   46    108  2.1284e-04  2.2987e-02
   46    110  5.6961e-04  6.2657e-02
   47    107  1.6735e-04  1.7906e-02
   47    109  4.3614e-04  4.7539e-02
   48    110  1.4254e-12  1.5680e-10
   48    111  7.5398e-05  8.3692e-03
   48    112  1.4398e-04  1.6126e-02
   48    113  7.8512e-05  8.8718e-03
   48    114  1.1961e-04  1.3636e-02
   48    116  8.1487e-06  9.4525e-04
   49    113  3.4553e-12  3.9045e-10
   49    115  3.8287e-05  4.4031e-03
   50    115  3.0548e-11  3.5130e-09
   50    116  9.0791e-13  1.0532e-10
   50    117  3.6611e-05  4.2835e-03
   50    118  2.3947e-05  2.8258e-03
   50    119  1.1698e-05  1.3921e-03
   50    120  1.7789e-05  2.1347e-03
   50    122  4.5174e-06  5.5113e-04
   50    124  1.7443e-05  2.1630e-03
   51    121  5.7241e-06  6.9262e-04
   51    123  3.1075e-06  3.8223e-04
   52    122  3.0026e-14  3.6632e-12
   52    124  4.6619e-16  5.7808e-14
   52    125  5.5510e-05  6.9387e-03
   52    126  1.4492e-04  1.8260e-02
   52    128  4.9947e-05  6.3932e-03
   52    130  4.6935e-07  6.1016e-05
   53    127  7.0880e-05  9.0018e-03
   53    129  6.4340e-14  8.2998e-12
   54    128  1.3102e-16  1.6771e-14
   54    129  1.5962e-05  2.0591e-03
   54    130  2.7898e-15  3.6267e-13
   54    131  1.3403e-08  1.7558e-06
   54    132  7.5234e-10  9.9309e-08
   54    134  9.7020e-13  1.3001e-10
   54    136  5.3880e-14  7.3277e-12
   55    133  1.1750e-11  1.5628e-09
   56    135  1.0749e-12  1.4511e-10
   56    137  1.3918e-14  1.9067e-12
   56    138  3.6976e-14  5.1027e-12
   57    139  4.0424e-15  5.6189e-13
   58    140  8.6752e-15  1.2145e-12
   58    142  1.7278e-15  2.4535e-13
   59    141  2.5532e-15  3.6000e-13
   60    143  8.2575e-16  1.1808e-13
   60    144  4.2540e-16  6.1257e-14
   60    145  2.4450e-17  3.5452e-15
   60    146  6.8171e-17  9.9530e-15
   60    148  7.8811e-17  1.1664e-14
   60    150  3.6555e-17  5.4832e-15
   62    147  5.9115e-17  8.6899e-15
   62    149  3.7779e-17  5.6291e-15
   62    152  3.4414e-17  5.2310e-15
   62    154  1.5346e-17  2.3633e-15
   63    151  1.3638e-17  2.0594e-15
   63    153  1.8174e-17  2.7806e-15
   64    155  1.3482e-17  2.0897e-15
   64    156  1.7002e-18  2.6523e-16
   64    157  2.6726e-18  4.1959e-16
   64    158  2.0889e-18  3.3005e-16
   64    160  3.7735e-19  6.0376e-17
   65    159  1.9217e-19  3.0555e-17
   66    161  3.8233e-19  6.1554e-17
   66    162  1.8203e-19  2.9489e-17
   66    163  1.0933e-19  1.7821e-17
   66    164  1.6464e-19  2.7000e-17
   67    165  9.0180e-20  1.4880e-17
   68    166  1.6691e-19  2.7707e-17
   68    167  4.9262e-20  8.2268e-18
   68    168  2.9951e-20  5.0318e-18
   69    169  3.2238e-20  5.4482e-18
    1      1  4.6871e-11  4.6871e-11
    2      4  1.4745e-01  5.8978e-01


