    1      2  1.1441e-08  2.2883e-08
    2      3  9.2259e-10  2.7678e-09
    3      6  2.5549e-11  1.5329e-10
    3      7  2.2705e-09  1.5894e-08
    4      8  2.3944e-08  1.9156e-07
    4      9  1.0540e-08  9.4861e-08
    5     10  2.2631e-07  2.2631e-06
    5     11  2.7100e-09  2.9810e-08
    6     12  9.0813e-09  1.0898e-07
    6     13  1.1974e-07  1.5567e-06
    7     14  7.3504e-08  1.0291e-06
    7     15  1.3542e-05  2.0314e-04
    8     16  3.7986e-07  6.0777e-06
    8     17  1.3656e-08  2.3215e-07
    8     18  7.8943e-08  1.4210e-06
    9     19  1.0849e-06  2.0613e-05
   10     20  1.5900e-06  3.1800e-05
   10     21  7.7599e-07  1.6296e-05
   10     22  7.3729e-09  1.6220e-07
   11     23  9.2742e-07  2.1331e-05
   12     24  3.3554e-07  8.0530e-06
   12     25  4.5264e-07  1.1316e-05
   12     26  7.2442e-08  1.8835e-06
   13     26  5.9946e-20  1.5586e-18
   13     27  9.9964e-08  2.6990e-06
   14     28  1.6917e-07  4.7369e-06
   14     29  5.0912e-08  1.4764e-06
   14     30  4.2225e-08  1.2667e-06
   15     31  2.6106e-08  8.0927e-07
   16     32  6.5257e-08  2.0882e-06
   16     33  3.0943e-07  1.0211e-05
   16     34  2.4344e-07  8.2771e-06
   16     36  1.2654e-08  4.5554e-07
   17     35  1.1531e-08  4.0360e-07
   17     37  4.7000e-09  1.7390e-07
   18     36  1.9650e-18  7.0741e-17
   18     38  2.1649e-08  8.2267e-07
   18     40  6.3090e-09  2.5236e-07
   19     39  1.8631e-08  7.2662e-07
   19     41  2.6046e-08  1.0679e-06
   20     42  1.0016e-07  4.2069e-06
   20     43  2.0712e-08  8.9061e-07
   20     44  2.8044e-08  1.2339e-06
   20     46  4.3490e-09  2.0005e-07
   21     45  2.7292e-08  1.2281e-06
   22     46  2.0377e-19  9.3733e-18
   22     47  7.2718e-09  3.4178e-07
   22     48  1.2459e-08  5.9804e-07
   22     49  8.7941e-09  4.3091e-07
   22     50  7.4933e-09  3.7466e-07
   23     51  5.2442e-09  2.6745e-07
   24     52  1.2863e-08  6.6889e-07
   24     53  1.5825e-08  8.3871e-07
   24     54  4.2958e-09  2.3197e-07
   25     55  1.0849e-09  5.9670e-08
   26     56  1.3874e-08  7.7697e-07
   26     57  3.3607e-08  1.9156e-06
   26     58  8.1588e-10  4.7321e-08
   27     59  6.1420e-10  3.6238e-08
   28     60  1.6938e-09  1.0163e-07
   28     61  1.9719e-09  1.2028e-07
   28     62  1.8356e-09  1.1380e-07
   28     64  9.4586e-09  6.0535e-07
   29     63  5.3163e-08  3.3493e-06
   29     65  1.6679e-08  1.0841e-06
   30     64  6.4899e-20  4.1535e-18
   30     66  3.8988e-08  2.5732e-06
   30     67  1.0253e-07  6.8697e-06
   30     68  1.7947e-08  1.2204e-06
   30     70  4.8509e-08  3.3956e-06
   31     69  9.1336e-09  6.3022e-07
   31     71  1.3101e-08  9.3019e-07
   32     70  6.1891e-15  4.3324e-13
   32     72  3.6882e-08  2.6555e-06
   32     73  2.7917e-08  2.0379e-06
   32     74  9.8991e-08  7.3253e-06
   32     76  2.3942e-07  1.8196e-05
   33     75  3.4377e-07  2.5783e-05
   34     76  1.1607e-12  8.8214e-11
   34     77  4.9213e-07  3.7894e-05
   34     78  4.9831e-07  3.8868e-05
   34     80  2.5348e-06  2.0279e-04
   34     82  3.2561e-07  2.6700e-05
   35     79  4.5046e-07  3.5587e-05
   35     81  6.5726e-07  5.3238e-05
   36     82  2.7793e-12  2.2790e-10
   36     83  3.6243e-07  3.0082e-05
   36     84  1.1682e-07  9.8131e-06
   36     86  2.9807e-07  2.5634e-05
   37     85  1.5190e-07  1.2911e-05
   37     87  3.2238e-07  2.8047e-05
   38     86  2.2410e-19  1.9273e-17
   38     87  2.3606e-09  2.0537e-07
   38     88  1.3899e-07  1.2231e-05
   39     89  9.9587e-08  8.8633e-06
   40     90  9.3540e-08  8.4186e-06
   40     91  6.3323e-08  5.7624e-06
   40     92  6.1877e-08  5.6927e-06
   40     94  2.1720e-07  2.0417e-05
   41     93  6.8677e-08  6.3869e-06
   42     95  1.0719e-07  1.0183e-05
   42     96  4.9057e-08  4.7095e-06
   42     97  1.0511e-07  1.0196e-05
   42     98  1.9682e-08  1.9289e-06
   42    100  3.4240e-08  3.4240e-06
   44     99  2.4611e-08  2.4365e-06
   44    100  3.3279e-13  3.3279e-11
   44    101  3.2073e-08  3.2394e-06
   44    102  3.2896e-08  3.3553e-06
   44    104  1.7999e-08  1.8718e-06
   45    103  4.2798e-08  4.4082e-06
   46    104  1.1358e-17  1.1812e-15
   46    105  1.2914e-08  1.3559e-06
   46    106  5.2024e-08  5.5146e-06
   46    108  8.3241e-08  8.9900e-06
   46    110  1.9649e-07  2.1613e-05
   47    107  5.2110e-08  5.5757e-06
   47    109  1.2237e-07  1.3339e-05
   48    110  1.5509e-13  1.7060e-11
   48    111  3.2667e-08  3.6261e-06
   48    112  1.5608e-07  1.7481e-05
   48    113  1.0480e-07  1.1843e-05
   48    114  8.9553e-08  1.0209e-05
   48    116  7.4920e-09  8.6907e-07
   49    113  4.6125e-15  5.2121e-13
   49    115  1.0444e-07  1.2011e-05
   50    115  8.3331e-14  9.5831e-12
   50    116  5.6539e-13  6.5585e-11
   50    117  2.6929e-08  3.1506e-06
   50    118  1.2048e-08  1.4217e-06
   50    119  1.0471e-08  1.2460e-06
   50    120  6.0266e-08  7.2319e-06
   50    122  7.1173e-08  8.6831e-06
   50    124  5.6472e-07  7.0025e-05
   51    121  5.4631e-08  6.6104e-06
   51    123  8.5557e-08  1.0524e-05
   52    122  3.7046e-14  4.5197e-12
   52    124  5.3145e-16  6.5900e-14
   52    125  1.3490e-06  1.6863e-04
   52    126  3.8738e-06  4.8810e-04
   52    128  3.6155e-06  4.6278e-04
   52    130  3.1337e-06  4.0738e-04
   53    127  4.9667e-06  6.3076e-04
   53    129  1.7716e-14  2.2854e-12
   54    128  1.5976e-14  2.0449e-12
   54    129  4.5963e-06  5.9292e-04
   54    130  6.0980e-13  7.9275e-11
   54    131  1.6939e-06  2.2190e-04
   54    132  9.5307e-07  1.2581e-04
   54    134  5.3266e-07  7.1377e-05
   54    136  2.7503e-07  3.7404e-05
   55    133  6.4888e-07  8.6301e-05
   56    134  9.5013e-17  1.2732e-14
   56    135  1.7115e-07  2.3106e-05
   56    136  1.1014e-14  1.4978e-12
   56    137  2.1458e-07  2.9397e-05
   56    138  2.3684e-07  3.2683e-05
   57    139  1.0427e-07  1.4494e-05
   58    140  1.9409e-07  2.7172e-05
   58    142  1.3481e-07  1.9143e-05
   59    141  2.6765e-07  3.7739e-05
   60    142  3.3659e-17  4.7795e-15
   60    143  7.2953e-08  1.0432e-05
   60    144  5.7220e-08  8.2397e-06
   60    145  1.6833e-08  2.4408e-06
   60    146  3.8821e-08  5.6679e-06
   60    148  2.7567e-08  4.0799e-06
   60    150  1.5381e-08  2.3072e-06
   62    147  5.7516e-08  8.4549e-06
   62    148  6.9787e-13  1.0328e-10
   62    149  6.9590e-09  1.0369e-06
   62    150  3.7026e-13  5.5539e-11
   62    152  1.9866e-08  3.0197e-06
   62    154  1.4585e-08  2.2460e-06
   63    151  3.2512e-09  4.9093e-07
   63    153  1.7067e-08  2.6112e-06
   64    154  1.3081e-14  2.0144e-12
   64    155  9.2856e-08  1.4393e-05
   64    156  6.7218e-09  1.0486e-06
   64    157  2.2209e-08  3.4869e-06
   64    158  4.9493e-08  7.8198e-06
   64    160  5.1824e-09  8.2918e-07
   65    159  4.2568e-10  6.7684e-08
   66    160  1.5594e-16  2.4950e-14
   66    161  1.1189e-08  1.8014e-06
   66    162  6.5144e-09  1.0553e-06
   66    163  7.9362e-09  1.2936e-06
   66    164  1.0337e-08  1.6953e-06
   67    165  7.8725e-09  1.2990e-06
   68    166  2.4841e-08  4.1237e-06
   68    167  3.9666e-08  6.6243e-06
   68    168  2.7321e-08  4.5899e-06
   68    170  4.1259e-08  7.0140e-06
   69    169  1.8562e-07  3.1369e-05
   70    170  5.8849e-15  1.0004e-12
   70    171  8.7545e-08  1.4970e-05
   70    172  5.1350e-08  8.8321e-06
   70    173  3.5234e-08  6.0955e-06
   70    174  1.5228e-07  2.6497e-05
   70    176  9.5105e-08  1.6738e-05
   71    175  4.8880e-08  8.5540e-06
   71    176  3.6942e-16  6.5018e-14
   72    176  3.4587e-18  6.0872e-16
   72    177  3.9855e-07  7.0544e-05
   72    178  2.6318e-07  4.6847e-05
   72    179  1.4013e-07  2.5084e-05
   72    180  1.7277e-07  3.1099e-05
   73    181  2.4079e-07  4.3583e-05
   74    182  2.6181e-07  4.7650e-05
   74    183  1.9947e-07  3.6503e-05
   74    184  1.9437e-07  3.5764e-05
   74    186  8.5686e-08  1.5938e-05
   75    185  9.7428e-08  1.8024e-05
   75    187  9.7399e-08  1.8214e-05
   76    186  1.3529e-17  2.5164e-15
   76    187  7.9157e-10  1.4802e-07
   76    188  1.3770e-07  2.5888e-05
   76    189  6.7610e-08  1.2778e-05
   76    190  1.2881e-07  2.4474e-05
   76    192  7.7319e-08  1.4845e-05
   77    191  1.1907e-07  2.2743e-05
   77    193  4.7335e-08  9.1356e-06
   78    192  3.2404e-16  6.2216e-14
   78    194  3.6063e-07  6.9962e-05
   78    195  8.6978e-07  1.6961e-04
   78    196  3.7535e-06  7.3569e-04
   78    198  1.1722e-05  2.3210e-03
   79    197  7.1706e-06  1.4126e-03
   80    198  3.6868e-14  7.2999e-12
   80    199  5.5512e-06  1.1047e-03
   80    200  9.2832e-06  1.8566e-03
   80    201  2.1165e-06  4.2541e-04
   80    202  1.1515e-06  2.3260e-04
   80    204  4.1167e-08  8.3981e-06
   81    203  2.4037e-07  4.8795e-05
   81    205  1.5174e-08  3.1107e-06
   81    207  7.0531e-20  1.4600e-17
   82    204  1.6154e-18  3.2953e-16
   82    206  2.8293e-06  5.8284e-04
   82    207  4.4582e-06  9.2285e-04
   82    208  1.3680e-06  2.8455e-04
   82    210  7.5670e-13  1.5891e-10
   82    211  2.4992e-18  5.2734e-16
   82    212  1.7449e-18  3.6992e-16
   82    214  3.5292e-19  7.5524e-17
   83    209  7.7645e-06  1.6228e-03
   83    210  1.5873e-17  3.3333e-15
   83    211  3.1754e-20  6.7001e-18
   83    212  5.2141e-20  1.1054e-17
   83    214  4.3624e-20  9.3355e-18
   84    210  4.3826e-16  9.2035e-14
   86    222  1.2098e-17  2.6857e-15
   88    223  2.4433e-16  5.4485e-14
   88    224  4.5091e-18  1.0100e-15
   88    226  1.8512e-12  4.1836e-10
   88    228  1.4500e-11  3.3059e-09
   89    227  1.6991e-13  3.8569e-11
   89    228  3.1737e-19  7.2359e-17
   90    227  3.9269e-16  8.9140e-14
   90    228  8.6592e-16  1.9743e-13
   90    230  8.7244e-11  2.0066e-08
   90    231  2.2727e-17  5.2500e-15
   90    232  6.3470e-06  1.4725e-03
   90    234  2.9500e-17  6.9030e-15
   91    231  2.5473e-10  5.8842e-08
   91    234  8.8343e-19  2.0672e-16
   92    234  2.8409e-10  6.6477e-08
   92    235  5.4901e-06  1.2902e-03
   92    236  2.0608e-08  4.8635e-06
   92    238  5.1682e-06  1.2300e-03
   92    240  1.0343e-18  2.4823e-16
   93    240  7.3022e-20  1.7525e-17
   94    239  2.8551e-17  6.8237e-15
   94    240  4.0795e-12  9.7907e-10
   94    244  4.9657e-08  1.2116e-05
   95    243  8.7281e-18  2.1209e-15
   96    244  1.3477e-17  3.2884e-15
   96    247  1.8421e-14  4.5501e-12
   97    246  8.4887e-10  2.0882e-07
  100    258  1.6622e-06  4.2886e-04
  100    260  2.7591e-06  7.1736e-04
  100    262  2.8685e-06  7.5156e-04
  102    260  9.8903e-20  2.5715e-17
  102    261  2.8889e-06  7.5400e-04
  102    263  3.3178e-06  8.7257e-04
  102    264  4.0676e-06  1.0739e-03
  102    266  5.3619e-06  1.4263e-03
  103    265  3.8453e-06  1.0190e-03
  104    267  2.6396e-06  7.0476e-04
  104    268  3.0729e-06  8.2354e-04
  104    270  8.5599e-06  2.3112e-03
  104    272  1.5197e-05  4.1335e-03
  104    274  3.4070e-05  9.3353e-03
  105    269  8.3218e-06  2.2386e-03
  105    271  8.4001e-06  2.2764e-03
  106    273  1.8707e-05  5.1071e-03
  106    275  4.1849e-05  1.1508e-02
  106    276  5.5796e-05  1.5400e-02
  106    278  3.3530e-05  9.3212e-03
  106    280  1.0683e-05  2.9912e-03
  107    277  1.9279e-05  5.3404e-03
  108    279  2.1458e-05  5.9868e-03
  108    281  3.6234e-06  1.0182e-03
  108    282  3.1627e-06  8.9189e-04
  108    283  1.1759e-06  3.3277e-04
  108    284  1.3182e-06  3.7436e-04
  108    286  1.2520e-06  3.5807e-04
  110    285  1.1331e-06  3.2293e-04
  110    286  6.1587e-17  1.7614e-14
  110    287  2.3900e-06  6.8593e-04
  110    288  1.8892e-06  5.4409e-04
  110    290  1.7546e-06  5.0883e-04
  111    289  1.5912e-06  4.5985e-04
  111    290  6.1203e-17  1.7749e-14
  111    291  8.4695e-07  2.4646e-04
  111    292  6.5226e-06  1.9046e-03
  111    293  3.5964e-06  1.0538e-03
  111    294  5.8797e-06  1.7286e-03
  111    295  1.9983e-06  5.8951e-04
  111    296  4.3907e-06  1.2996e-03
  111    297  2.0011e-06  5.9433e-04
  111    298  3.0181e-07  8.9939e-05
  111    299  2.3234e-07  6.9469e-05
  111    300  7.6199e-08  2.2860e-05
  111    301  6.3102e-06  1.8994e-03
  111    302  6.3646e-06  1.9221e-03
  111    303  2.6418e-06  8.0046e-04
  111    304  6.5032e-06  1.9770e-03
  111    305  6.7663e-06  2.0637e-03
  111    306  9.0678e-06  2.7747e-03
  111    307  2.5766e-06  7.9101e-04
  111    308  4.6038e-06  1.4180e-03
  111    309  5.6693e-06  1.7518e-03
  111    310  4.2601e-06  1.3206e-03
  111    311  2.4047e-06  7.4787e-04
  111    312  5.4863e-06  1.7117e-03
  111    313  1.0519e-06  3.2923e-04
  111    314  3.9227e-06  1.2317e-03
  111    315  3.2301e-06  1.0175e-03
  111    316  5.5360e-06  1.7494e-03
  111    317  3.9748e-06  1.2600e-03
  111    318  3.6152e-05  1.1496e-02
  111    319  1.4818e-05  4.7270e-03
  111    320  1.2400e-05  3.9678e-03
  111    321  3.3074e-06  1.0617e-03
  111    322  4.4819e-06  1.4432e-03
  111    323  2.8359e-06  9.1599e-04
  111    324  2.1574e-06  6.9899e-04
  111    325  8.7847e-07  2.8550e-04
  111    326  1.2282e-06  4.0040e-04
  111    327  2.0460e-06  6.6906e-04
  111    328  2.0566e-07  6.7457e-05
  111    329  8.5531e-07  2.8140e-04
  111    330  7.1011e-07  2.3434e-04
  111    331  1.5341e-07  5.0780e-05
  111    332  3.5568e-07  1.1809e-04
  111    333  5.0539e-08  1.6830e-05
  111    334  5.1473e-08  1.7192e-05
  111    335  3.1225e-08  1.0460e-05
  111    336  1.2874e-08  4.3256e-06
  111    337  3.2556e-07  1.0971e-04
    1      1  2.7681e-08  2.7681e-08
    2      4  2.0743e-01  8.2974e-01


