    1      2  2.5469e-09  5.0938e-09
    2      3  1.5429e-10  4.6287e-10
    3      6  7.0912e-12  4.2547e-11
    3      7  2.3743e-10  1.6620e-09
    4      8  3.2462e-10  2.5970e-09
    4      9  7.7657e-11  6.9892e-10
    5     10  8.8369e-11  8.8369e-10
    5     11  2.3062e-10  2.5368e-09
    6     12  2.5574e-09  3.0688e-08
    6     13  9.8081e-08  1.2751e-06
    7     14  3.1490e-07  4.4086e-06
    7     15  5.0146e-06  7.5219e-05
    8     16  2.4550e-07  3.9280e-06
    8     17  2.2578e-09  3.8382e-08
    8     18  1.6155e-08  2.9079e-07
    9     19  7.2002e-07  1.3680e-05
   10     20  9.8575e-07  1.9715e-05
   10     21  2.9219e-07  6.1359e-06
   10     22  3.2506e-09  7.1513e-08
   11     23  7.8552e-07  1.8067e-05
   12     24  2.3835e-07  5.7203e-06
   12     25  2.5001e-07  6.2502e-06
   12     26  1.5243e-08  3.9631e-07
   13     26  3.4004e-19  8.8410e-18
   13     27  3.6626e-07  9.8889e-06
   14     28  1.0820e-06  3.0297e-05
   14     29  1.1711e-07  3.3963e-06
   14     30  6.9404e-08  2.0821e-06
   15     31  1.1225e-07  3.4797e-06
   16     32  1.3187e-07  4.2198e-06
   16     33  1.4577e-06  4.8105e-05
   16     34  1.1213e-06  3.8125e-05
   16     36  2.5700e-08  9.2521e-07
   17     35  2.7685e-08  9.6898e-07
   17     37  9.2106e-08  3.4079e-06
   18     36  5.7840e-20  2.0823e-18
   18     38  1.9649e-07  7.4665e-06
   18     40  4.1139e-07  1.6456e-05
   19     39  2.5093e-07  9.7863e-06
   19     41  8.3815e-08  3.4364e-06
   20     42  5.6293e-07  2.3643e-05
   20     43  2.4525e-07  1.0546e-05
   20     44  7.5080e-08  3.3035e-06
   20     46  9.8329e-08  4.5231e-06
   21     45  1.2844e-07  5.7796e-06
   22     47  1.4641e-07  6.8811e-06
   22     48  3.2247e-07  1.5478e-05
   22     49  2.9145e-07  1.4281e-05
   22     50  2.8079e-07  1.4040e-05
   23     51  4.7575e-08  2.4263e-06
   24     52  2.2659e-07  1.1783e-05
   24     53  1.7388e-07  9.2158e-06
   24     54  1.0292e-07  5.5577e-06
   25     55  1.3318e-07  7.3247e-06
   26     56  3.2866e-07  1.8405e-05
   26     57  4.7523e-07  2.7088e-05
   26     58  2.1469e-08  1.2452e-06
   27     59  2.3516e-08  1.3875e-06
   28     60  4.7607e-08  2.8564e-06
   28     61  7.9049e-08  4.8220e-06
   28     62  9.2977e-08  5.7646e-06
   28     64  2.8867e-07  1.8475e-05
   29     63  4.6824e-07  2.9499e-05
   29     65  2.1971e-07  1.4281e-05
   30     66  6.5830e-07  4.3448e-05
   30     67  2.2918e-07  1.5355e-05
   30     68  2.8287e-07  1.9235e-05
   30     70  6.2470e-07  4.3729e-05
   31     69  2.4421e-07  1.6850e-05
   31     71  8.4492e-08  5.9989e-06
   32     70  8.1465e-16  5.7025e-14
   32     72  1.7702e-07  1.2745e-05
   32     73  1.2540e-07  9.1545e-06
   32     74  8.0104e-07  5.9277e-05
   32     76  3.7204e-06  2.8275e-04
   33     75  3.4800e-06  2.6100e-04
   34     76  7.0517e-14  5.3593e-12
   34     77  3.2463e-06  2.4997e-04
   34     78  3.4584e-06  2.6976e-04
   34     80  1.2887e-05  1.0310e-03
   34     82  1.1257e-06  9.2310e-05
   35     79  4.6490e-06  3.6727e-04
   35     81  4.7805e-06  3.8722e-04
   36     82  1.0531e-13  8.6351e-12
   36     83  2.1728e-06  1.8034e-04
   36     84  1.0963e-06  9.2088e-05
   36     86  2.6744e-06  2.3000e-04
   37     85  1.0264e-06  8.7240e-05
   37     87  2.2953e-06  1.9969e-04
   38     87  1.6807e-08  1.4622e-06
   38     88  1.1401e-06  1.0033e-04
   39     89  2.9610e-07  2.6353e-05
   40     90  5.0356e-07  4.5320e-05
   40     91  1.8284e-07  1.6638e-05
   40     92  1.1339e-06  1.0431e-04
   40     94  1.9605e-06  1.8429e-04
   41     93  7.2539e-07  6.7461e-05
   42     95  1.0168e-06  9.6599e-05
   42     96  8.1880e-07  7.8605e-05
   42     97  4.5568e-07  4.4201e-05
   42     98  1.9579e-07  1.9188e-05
   42    100  2.9268e-07  2.9268e-05
   44     99  2.1327e-07  2.1114e-05
   44    100  1.3526e-14  1.3526e-12
   44    101  4.9810e-07  5.0308e-05
   44    102  4.1030e-07  4.1850e-05
   44    104  5.1502e-07  5.3562e-05
   45    103  4.2808e-07  4.4092e-05
   46    104  2.9715e-19  3.0904e-17
   46    105  5.1789e-07  5.4379e-05
   46    106  1.0565e-06  1.1198e-04
   46    108  1.7499e-06  1.8899e-04
   46    110  1.3166e-06  1.4482e-04
   47    107  1.0520e-06  1.1256e-04
   47    109  1.3170e-06  1.4355e-04
   48    110  9.4487e-15  1.0394e-12
   48    111  2.6174e-07  2.9054e-05
   48    112  4.6968e-07  5.2604e-05
   48    113  1.5918e-07  1.7988e-05
   48    114  9.8592e-08  1.1240e-05
   48    116  2.0652e-08  2.3956e-06
   49    113  7.0058e-15  7.9165e-13
   49    115  5.1230e-08  5.8914e-06
   50    115  4.0874e-14  4.7005e-12
   50    116  1.7617e-15  2.0436e-13
   50    117  4.9831e-08  5.8302e-06
   50    118  8.4454e-08  9.9656e-06
   50    119  8.5654e-08  1.0193e-05
   50    120  4.9077e-07  5.8892e-05
   50    122  1.8536e-06  2.2614e-04
   50    124  1.3044e-05  1.6175e-03
   51    121  6.7743e-07  8.1969e-05
   51    123  2.7396e-06  3.3697e-04
   52    122  3.2391e-15  3.9516e-13
   52    124  1.3649e-16  1.6925e-14
   52    125  2.2711e-05  2.8389e-03
   52    126  6.7181e-05  8.4648e-03
   52    128  1.0223e-04  1.3085e-02
   52    130  1.0180e-04  1.3234e-02
   53    127  6.1228e-05  7.7760e-03
   53    129  3.4576e-13  4.4603e-11
   54    128  5.1260e-16  6.5613e-14
   54    129  1.9746e-04  2.5472e-02
   54    130  9.2798e-14  1.2064e-11
   54    131  3.2887e-05  4.3082e-03
   54    132  2.0454e-05  2.6999e-03
   54    134  3.1529e-05  4.2249e-03
   54    136  1.4397e-05  1.9580e-03
   55    133  3.1759e-05  4.2240e-03
   56    134  7.0084e-18  9.3913e-16
   56    135  1.6132e-05  2.1778e-03
   56    136  4.5430e-15  6.1785e-13
   56    137  1.6071e-05  2.2017e-03
   56    138  1.6966e-05  2.3413e-03
   57    139  5.5263e-06  7.6815e-04
   58    140  8.5896e-06  1.2025e-03
   58    142  1.1689e-05  1.6598e-03
   59    141  3.0335e-05  4.2773e-03
   60    142  1.1729e-17  1.6656e-15
   60    143  2.0376e-06  2.9138e-04
   60    144  1.0442e-06  1.5037e-04
   60    145  7.3014e-07  1.0587e-04
   60    146  1.6881e-06  2.4646e-04
   60    148  3.9180e-06  5.7987e-04
   60    150  4.5239e-06  6.7859e-04
   62    147  2.2133e-06  3.2536e-04
   62    148  1.2577e-13  1.8615e-11
   62    149  2.9930e-06  4.4595e-04
   62    150  1.0558e-12  1.5837e-10
   62    152  5.9134e-06  8.9884e-04
   62    154  7.3743e-06  1.1356e-03
   63    151  4.6939e-06  7.0878e-04
   63    153  4.1479e-06  6.3463e-04
   64    154  1.7318e-14  2.6670e-12
   64    155  3.9809e-06  6.1705e-04
   64    156  9.6653e-06  1.5078e-03
   64    157  6.4270e-06  1.0090e-03
   64    158  1.1723e-05  1.8522e-03
   64    160  9.8535e-06  1.5766e-03
   65    159  6.3277e-06  1.0061e-03
   66    160  5.3431e-15  8.5490e-13
   66    161  4.9095e-06  7.9043e-04
   66    162  1.2615e-05  2.0436e-03
   66    163  7.5332e-06  1.2279e-03
   66    164  1.7634e-05  2.8920e-03
   67    165  8.6360e-06  1.4249e-03
   68    166  1.6158e-05  2.6823e-03
   68    167  6.7516e-06  1.1275e-03
   68    168  1.2445e-05  2.0907e-03
   68    170  8.0571e-06  1.3697e-03
   69    169  9.7606e-06  1.6495e-03
   70    170  1.5041e-15  2.5570e-13
   70    171  6.3415e-06  1.0844e-03
   70    172  4.9324e-06  8.4838e-04
   70    173  4.8099e-06  8.3212e-04
   70    174  5.9647e-06  1.0379e-03
   70    176  4.2645e-06  7.5056e-04
   71    175  4.3971e-06  7.6949e-04
   71    176  1.4039e-16  2.4708e-14
   72    176  1.3144e-18  2.3133e-16
   72    177  5.2208e-06  9.2408e-04
   72    178  4.8486e-06  8.6305e-04
   72    179  3.6983e-06  6.6199e-04
   72    180  2.8501e-06  5.1301e-04
   73    181  2.5523e-06  4.6197e-04
   74    182  2.9668e-06  5.3995e-04
   74    183  1.7370e-06  3.1787e-04
   74    184  3.2803e-06  6.0358e-04
   74    186  7.4639e-06  1.3883e-03
   75    185  2.5071e-06  4.6381e-04
   75    187  5.5715e-06  1.0419e-03
   76    186  1.1038e-18  2.0530e-16
   76    187  4.5281e-08  8.4676e-06
   76    188  1.3731e-05  2.5815e-03
   76    189  2.0619e-05  3.8971e-03
   76    190  4.0431e-05  7.6818e-03
   76    192  6.1949e-05  1.1894e-02
   77    191  4.1304e-05  7.8891e-03
   77    193  7.9910e-05  1.5423e-02
   78    192  6.4631e-16  1.2409e-13
   78    194  7.2353e-05  1.4037e-02
   78    195  5.1413e-05  1.0026e-02
   78    196  1.8978e-05  3.7198e-03
   78    198  1.0965e-06  2.1712e-04
   79    197  5.6766e-06  1.1183e-03
   80    198  4.9396e-17  9.7805e-15
   80    199  2.6195e-07  5.2128e-05
   80    200  1.8081e-07  3.6162e-05
   80    201  1.7474e-07  3.5122e-05
   80    202  3.3949e-07  6.8577e-05
   80    204  4.4537e-07  9.0856e-05
   81    203  3.9636e-07  8.0462e-05
   81    205  4.4716e-07  9.1667e-05
   82    206  4.8519e-06  9.9950e-04
   82    207  4.3064e-06  8.9143e-04
   82    208  4.4148e-06  9.1828e-04
   82    210  4.8104e-14  1.0102e-11
   82    211  1.6617e-19  3.5062e-17
   82    212  2.8113e-19  5.9599e-17
   82    214  2.2435e-20  4.8011e-18
   83    209  4.1612e-06  8.6968e-04
   83    210  1.0091e-18  2.1190e-16
   84    210  2.7861e-17  5.8507e-15
   86    222  7.6906e-19  1.7073e-16
   88    223  1.6245e-17  3.6227e-15
   88    224  7.2647e-19  1.6273e-16
   88    226  1.1768e-13  2.6595e-11
   88    228  2.3361e-12  5.3262e-10
   89    227  1.1297e-14  2.5644e-12
   89    228  5.1131e-20  1.1658e-17
   90    227  2.6110e-17  5.9269e-15
   90    228  1.3951e-16  3.1808e-14
   90    230  5.5461e-12  1.2756e-09
   90    231  1.5111e-18  3.4907e-16
   90    232  1.0226e-06  2.3724e-04
   90    234  1.8753e-18  4.3882e-16
   91    231  1.6937e-11  3.9124e-09
   91    234  5.6160e-20  1.3141e-17
   92    234  1.8060e-11  4.2260e-09
   92    235  3.6503e-07  8.5782e-05
   92    236  1.1173e-09  2.6369e-07
   92    238  3.2855e-07  7.8194e-05
   92    240  5.6068e-20  1.3456e-17
   94    239  3.1095e-19  7.4317e-17
   94    240  2.2114e-13  5.3075e-11
   94    244  2.6918e-09  6.5681e-07
   95    243  9.5058e-20  2.3099e-17
   96    244  7.3059e-19  1.7826e-16
   96    247  2.0063e-16  4.9555e-14
   97    246  4.3168e-11  1.0619e-08
  100    258  2.8412e-08  7.3304e-06
  100    260  1.5622e-08  4.0618e-06
  100    262  8.8060e-09  2.3072e-06
  102    261  9.0908e-09  2.3727e-06
  102    263  7.0625e-09  1.8574e-06
  102    264  5.6324e-09  1.4869e-06
  102    266  3.2137e-09  8.5484e-07
  103    265  2.9618e-09  7.8488e-07
  104    267  1.3833e-09  3.6935e-07
  104    268  1.0167e-09  2.7248e-07
  104    270  5.4584e-10  1.4738e-07
  104    272  2.2368e-10  6.0840e-08
  104    274  1.2224e-10  3.3494e-08
  105    269  1.2544e-09  3.3745e-07
  105    271  3.0330e-10  8.2194e-08
  106    273  1.4705e-10  4.0143e-08
  106    275  4.8348e-11  1.3296e-08
  106    276  3.8382e-11  1.0593e-08
  106    278  1.0206e-11  2.8372e-09
  106    280  9.3697e-13  2.6235e-10
  107    277  1.1302e-11  3.1306e-09
  108    279  2.8477e-12  7.9451e-10
  108    281  2.9669e-13  8.3369e-11
  108    282  2.3930e-13  6.7481e-11
  108    283  1.1557e-13  3.2707e-11
  108    284  1.6363e-13  4.6471e-11
  108    286  1.5187e-13  4.3434e-11
  110    285  1.5791e-13  4.5005e-11
  110    287  1.5877e-13  4.5566e-11
  110    288  1.1111e-13  3.2000e-11
  110    290  3.3454e-14  9.7017e-12
  111    289  4.8377e-14  1.3981e-11
  111    291  1.4373e-14  4.1826e-12
  111    292  9.7950e-14  2.8601e-11
  111    293  5.0901e-14  1.4914e-11
  111    294  6.8139e-14  2.0033e-11
  111    295  2.0415e-14  6.0225e-12
  111    296  3.3257e-14  9.8440e-12
  111    297  1.1136e-14  3.3074e-12
  111    298  1.3574e-15  4.0450e-13
  111    299  1.0610e-15  3.1723e-13
  111    300  3.2223e-16  9.6670e-14
  111    301  5.4328e-15  1.6353e-12
  111    302  1.0063e-14  3.0390e-12
  111    303  6.9551e-15  2.1074e-12
  111    304  3.8493e-15  1.1702e-12
  111    305  7.5682e-16  2.3083e-13
  111    306  1.1965e-15  3.6612e-13
  111    307  3.6965e-16  1.1348e-13
  111    308  7.5559e-16  2.3272e-13
  111    309  1.0760e-16  3.3247e-14
  111    310  8.3882e-17  2.6004e-14
  111    311  3.9020e-17  1.2135e-14
  111    312  9.7838e-17  3.0526e-14
  111    313  1.3304e-17  4.1640e-15
  111    314  1.0574e-16  3.3203e-14
  111    315  2.3021e-17  7.2516e-15
  111    316  2.5366e-17  8.0157e-15
  111    317  6.2794e-17  1.9906e-14
  111    318  1.0042e-17  3.1932e-15
  111    319  1.8459e-18  5.8886e-16
  111    320  2.9641e-18  9.4851e-16
  111    321  2.7892e-19  8.9533e-17
  111    322  1.6010e-19  5.1554e-17
  111    323  4.7207e-20  1.5248e-17
  111    324  4.0605e-20  1.3156e-17
  111    326  1.1667e-20  3.8036e-18
    1      1  1.0187e-09  1.0187e-09
    2      4  1.9027e-01  7.6106e-01


