    1      2  3.9431e-08  7.8863e-08
    2      3  2.1368e-09  6.4104e-09
    3      6  1.6607e-11  9.9639e-11
    3      7  1.5216e-09  1.0651e-08
    4      8  6.4042e-08  5.1233e-07
    4      9  3.0304e-08  2.7274e-07
    5     10  3.9048e-07  3.9048e-06
    5     11  7.7301e-10  8.5031e-09
    6     12  2.9888e-09  3.5866e-08
    6     13  5.9022e-09  7.6728e-08
    7     14  6.7183e-08  9.4057e-07
    7     15  7.8942e-06  1.1841e-04
    8     16  5.9819e-06  9.5710e-05
    8     17  2.3276e-07  3.9569e-06
    8     18  3.4273e-07  6.1691e-06
    9     19  7.0411e-07  1.3378e-05
   10     20  1.5842e-06  3.1685e-05
   10     21  1.6684e-06  3.5036e-05
   10     22  2.5463e-08  5.6018e-07
   11     23  5.4365e-07  1.2504e-05
   12     24  3.1800e-07  7.6319e-06
   12     25  2.1763e-07  5.4407e-06
   12     26  1.9787e-07  5.1445e-06
   13     27  8.7877e-08  2.3727e-06
   14     28  9.4978e-08  2.6594e-06
   14     29  4.7236e-08  1.3699e-06
   14     30  1.4355e-07  4.3066e-06
   15     31  2.1977e-08  6.8128e-07
   16     32  1.0242e-07  3.2773e-06
   16     33  1.2712e-07  4.1950e-06
   16     34  2.3960e-07  8.1464e-06
   16     36  4.5548e-08  1.6397e-06
   17     35  3.7847e-08  1.3246e-06
   17     37  3.0224e-09  1.1183e-07
   18     36  8.6784e-18  3.1242e-16
   18     38  9.0417e-09  3.4359e-07
   18     40  1.5838e-09  6.3353e-08
   19     39  7.5498e-09  2.9444e-07
   19     41  1.4262e-09  5.8475e-08
   20     42  6.1358e-09  2.5770e-07
   20     43  1.9063e-09  8.1972e-08
   20     44  6.1357e-09  2.6997e-07
   20     46  1.0432e-10  4.7988e-09
   21     45  5.4117e-09  2.4353e-07
   22     46  5.4531e-20  2.5084e-18
   22     47  1.9598e-10  9.2111e-09
   22     48  2.4338e-10  1.1682e-08
   22     49  2.0043e-10  9.8210e-09
   22     50  1.9995e-10  9.9977e-09
   23     51  2.9201e-10  1.4893e-08
   24     52  7.9957e-10  4.1578e-08
   24     53  1.5397e-09  8.1606e-08
   24     54  2.7245e-10  1.4712e-08
   25     55  4.1996e-11  2.3098e-09
   26     56  8.6845e-10  4.8633e-08
   26     57  5.9906e-10  3.4146e-08
   26     58  2.6692e-11  1.5482e-09
   27     59  2.0042e-11  1.1825e-09
   28     60  6.4217e-11  3.8530e-09
   28     61  5.9341e-11  3.6198e-09
   28     62  6.4645e-11  4.0080e-09
   28     64  4.6570e-10  2.9805e-08
   29     63  3.4761e-09  2.1899e-07
   29     65  1.0039e-09  6.5251e-08
   30     66  1.9453e-09  1.2839e-07
   30     67  8.7207e-09  5.8429e-07
   30     68  1.3886e-09  9.4425e-08
   30     70  3.7504e-09  2.6253e-07
   31     69  6.6009e-10  4.5547e-08
   31     71  1.0986e-09  7.7997e-08
   32     70  5.7051e-16  3.9935e-14
   32     72  2.8490e-09  2.0512e-07
   32     73  2.7518e-09  2.0088e-07
   32     74  9.8352e-09  7.2781e-07
   32     76  1.2393e-08  9.4186e-07
   33     75  2.4214e-08  1.8161e-06
   34     76  9.9011e-14  7.5248e-12
   34     77  2.9615e-08  2.2803e-06
   34     78  3.7742e-08  2.9439e-06
   34     80  2.5119e-07  2.0095e-05
   34     82  3.4015e-08  2.7892e-06
   35     79  4.1508e-08  3.2791e-06
   35     81  4.0449e-08  3.2764e-06
   36     82  2.1411e-13  1.7557e-11
   36     83  3.3520e-08  2.7822e-06
   36     84  8.9688e-09  7.5338e-07
   36     86  1.8026e-08  1.5502e-06
   37     85  1.2903e-08  1.0968e-06
   37     87  2.3594e-08  2.0527e-06
   38     86  2.5668e-20  2.2075e-18
   38     87  1.7276e-10  1.5030e-08
   38     88  1.1827e-08  1.0407e-06
   39     89  1.2109e-08  1.0777e-06
   40     90  8.5155e-09  7.6639e-07
   40     91  8.2008e-09  7.4627e-07
   40     92  7.6721e-09  7.0583e-07
   40     94  2.3312e-08  2.1913e-06
   41     93  7.7257e-09  7.1849e-07
   42     95  1.0062e-08  9.5589e-07
   42     96  3.9963e-09  3.8365e-07
   42     97  1.0872e-08  1.0546e-06
   42     98  2.2671e-09  2.2217e-07
   42    100  4.3879e-09  4.3879e-07
   44     99  2.9157e-09  2.8865e-07
   44    100  5.1075e-14  5.1075e-12
   44    101  3.3386e-09  3.3720e-07
   44    102  4.1210e-09  4.2034e-07
   44    104  1.6565e-09  1.7228e-07
   45    103  5.5889e-09  5.7566e-07
   46    104  2.4206e-18  2.5174e-16
   46    105  8.3671e-10  8.7855e-08
   46    106  4.0412e-09  4.2837e-07
   46    108  5.7061e-09  6.1626e-07
   46    110  1.1258e-08  1.2384e-06
   47    107  3.5628e-09  3.8122e-07
   47    109  8.0514e-09  8.7760e-07
   48    110  1.2273e-14  1.3501e-12
   48    111  1.7090e-09  1.8970e-07
   48    112  8.5533e-09  9.5797e-07
   48    113  6.9740e-09  7.8807e-07
   48    114  6.3332e-09  7.2199e-07
   48    116  4.2603e-10  4.9420e-08
   49    113  3.0693e-16  3.4683e-14
   49    115  7.8281e-09  9.0024e-07
   50    115  6.2457e-15  7.1826e-13
   50    116  5.0687e-14  5.8797e-12
   50    117  1.5912e-09  1.8617e-07
   50    118  4.6576e-10  5.4960e-08
   50    119  5.3865e-10  6.4099e-08
   50    120  3.9824e-09  4.7788e-07
   50    122  4.1494e-09  5.0622e-07
   50    124  2.1609e-08  2.6796e-06
   51    121  5.1144e-09  6.1884e-07
   51    123  5.6648e-09  6.9677e-07
   52    122  4.1839e-15  5.1043e-13
   52    124  4.7468e-17  5.8860e-15
   52    125  7.4024e-08  9.2530e-06
   52    126  1.7644e-07  2.2232e-05
   52    128  1.9844e-07  2.5400e-05
   52    130  2.1308e-07  2.7700e-05
   53    127  2.8931e-07  3.6743e-05
   53    129  2.2742e-15  2.9337e-13
   54    128  1.5484e-15  1.9820e-13
   54    129  3.3152e-07  4.2767e-05
   54    130  6.5056e-14  8.4572e-12
   54    131  1.2647e-07  1.6567e-05
   54    132  1.0695e-07  1.4118e-05
   54    134  4.6433e-08  6.2221e-06
   54    136  2.1913e-08  2.9802e-06
   55    133  5.6958e-08  7.5754e-06
   56    134  1.5874e-17  2.1271e-15
   56    135  1.7680e-08  2.3869e-06
   56    136  1.5271e-15  2.0769e-13
   56    137  1.0589e-08  1.4507e-06
   56    138  1.3190e-08  1.8202e-06
   57    139  4.5069e-09  6.2646e-07
   58    140  1.0546e-08  1.4764e-06
   58    142  1.5327e-08  2.1765e-06
   59    141  2.1882e-08  3.0853e-06
   60    142  4.1532e-18  5.8976e-16
   60    143  1.3390e-08  1.9148e-06
   60    144  1.3433e-08  1.9343e-06
   60    145  2.7046e-09  3.9217e-07
   60    146  7.5440e-09  1.1014e-06
   60    148  4.3063e-09  6.3734e-07
   60    150  1.4791e-09  2.2187e-07
   62    147  1.2218e-08  1.7960e-06
   62    148  1.8687e-13  2.7657e-11
   62    149  6.5788e-10  9.8024e-08
   62    150  4.1538e-14  6.2306e-12
   62    152  1.2131e-09  1.8440e-07
   62    154  6.1720e-10  9.5048e-08
   63    151  1.7510e-10  2.6441e-08
   63    153  1.2552e-09  1.9205e-07
   64    154  1.1698e-15  1.8015e-13
   64    155  9.8896e-09  1.5329e-06
   64    156  4.2394e-10  6.6134e-08
   64    157  1.5031e-09  2.3598e-07
   64    158  4.1172e-09  6.5051e-07
   64    160  2.2124e-10  3.5398e-08
   65    159  3.1216e-11  4.9633e-09
   66    160  1.0127e-17  1.6203e-15
   66    161  4.7162e-10  7.5931e-08
   66    162  2.6384e-10  4.2742e-08
   66    163  3.8471e-10  6.2707e-08
   66    164  4.2757e-10  7.0121e-08
   67    165  3.2046e-10  5.2876e-08
   68    166  1.1012e-09  1.8280e-07
   68    167  1.5701e-09  2.6221e-07
   68    168  1.0026e-09  1.6844e-07
   68    170  1.8135e-09  3.0829e-07
   69    169  8.1767e-09  1.3819e-06
   70    170  3.3775e-16  5.7417e-14
   70    171  3.6191e-09  6.1887e-07
   70    172  2.1840e-09  3.7564e-07
   70    173  1.4495e-09  2.5077e-07
   70    174  6.3575e-09  1.1062e-06
   70    176  4.0059e-09  7.0504e-07
   71    175  1.8872e-09  3.3026e-07
   71    176  1.8980e-17  3.3405e-15
   72    176  1.7770e-19  3.1275e-17
   72    177  1.8056e-08  3.1958e-06
   72    178  1.3086e-08  2.3293e-06
   72    179  7.1409e-09  1.2782e-06
   72    180  9.0343e-09  1.6262e-06
   73    181  1.3408e-08  2.4268e-06
   74    182  1.5530e-08  2.8264e-06
   74    183  1.2880e-08  2.3570e-06
   74    184  1.4095e-08  2.5935e-06
   74    186  6.6025e-09  1.2281e-06
   75    185  7.5202e-09  1.3912e-06
   75    187  7.4292e-09  1.3893e-06
   76    186  1.7450e-18  3.2456e-16
   76    187  6.0377e-11  1.1290e-08
   76    188  1.1843e-08  2.2266e-06
   76    189  6.0196e-09  1.1377e-06
   76    190  1.3416e-08  2.5490e-06
   76    192  4.7874e-09  9.1918e-07
   77    191  1.3960e-08  2.6663e-06
   77    193  2.3196e-09  4.4769e-07
   78    192  5.0102e-17  9.6197e-15
   78    194  7.2008e-09  1.3970e-06
   78    195  7.8228e-09  1.5254e-06
   78    196  3.7155e-08  7.2823e-06
   78    198  3.3903e-07  6.7127e-05
   79    197  1.0116e-07  1.9929e-05
   80    198  9.4930e-16  1.8796e-13
   80    199  2.2711e-07  4.5195e-05
   80    200  8.0911e-07  1.6182e-04
   80    201  2.4385e-07  4.9015e-05
   80    202  2.5638e-07  5.1790e-05
   80    204  2.0253e-08  4.1316e-06
   81    203  7.8370e-08  1.5909e-05
   81    205  6.8447e-09  1.4032e-06
   82    204  1.0439e-18  2.1296e-16
   82    206  8.8142e-08  1.8157e-05
   82    207  2.0044e-07  4.1491e-05
   82    208  5.4250e-08  1.1284e-05
   82    210  3.4890e-14  7.3269e-12
   82    211  1.1467e-19  2.4194e-17
   82    212  7.1100e-20  1.5073e-17
   82    214  1.6272e-20  3.4823e-18
   83    209  3.3493e-07  7.0001e-05
   83    210  7.3188e-19  1.5369e-16
   84    210  2.0208e-17  4.2436e-15
   86    222  5.5781e-19  1.2383e-16
   88    223  1.1210e-17  2.4998e-15
   88    224  1.8373e-19  4.1156e-17
   88    226  8.5353e-14  1.9290e-11
   88    228  5.9082e-13  1.3471e-10
   89    227  7.7955e-15  1.7696e-12
   89    228  1.2932e-20  2.9484e-18
   90    227  1.8017e-17  4.0898e-15
   90    228  3.5284e-17  8.0447e-15
   90    230  4.0227e-12  9.2521e-10
   90    231  1.0427e-18  2.4087e-16
   90    232  2.5862e-07  6.0000e-05
   90    234  1.3602e-18  3.1828e-16
   91    231  1.1687e-11  2.6997e-09
   91    234  4.0733e-20  9.5315e-18
   92    234  1.3099e-11  3.0651e-09
   92    235  2.5189e-07  5.9193e-05
   92    236  1.1111e-09  2.6221e-07
   92    238  2.3830e-07  5.6715e-05
   92    240  5.5766e-20  1.3384e-17
   94    239  2.5232e-18  6.0305e-16
   94    240  2.1996e-13  5.2789e-11
   94    244  2.6774e-09  6.5328e-07
   95    243  7.7135e-19  1.8744e-16
   96    244  7.2666e-19  1.7731e-16
   96    247  1.6280e-15  4.0212e-13
   97    246  4.2310e-11  1.0408e-08
  100    258  7.1473e-08  1.8440e-05
  100    260  1.2163e-07  3.1623e-05
  100    262  1.1020e-07  2.8872e-05
  102    261  1.4797e-07  3.8619e-05
  102    263  1.1592e-07  3.0488e-05
  102    264  1.2634e-07  3.3354e-05
  102    266  1.4392e-07  3.8283e-05
  103    265  1.1126e-07  2.9484e-05
  104    267  6.2766e-08  1.6759e-05
  104    268  7.5747e-08  2.0300e-05
  104    270  2.1813e-07  5.8896e-05
  104    272  3.1524e-07  8.5745e-05
  104    274  7.6949e-07  2.1084e-04
  105    269  2.2602e-07  6.0800e-05
  105    271  1.8770e-07  5.0867e-05
  106    273  3.8167e-07  1.0420e-04
  106    275  1.2837e-06  3.5302e-04
  106    276  1.9879e-06  5.4865e-04
  106    278  1.6112e-06  4.4791e-04
  106    280  9.6901e-07  2.7132e-04
  107    277  7.3105e-07  2.0250e-04
  108    279  1.4750e-06  4.1152e-04
  108    281  3.9499e-07  1.1099e-04
  108    282  5.3369e-07  1.5050e-04
  108    283  2.0959e-07  5.9314e-05
  108    284  1.9369e-07  5.5009e-05
  108    286  1.0201e-07  2.9174e-05
  110    285  1.2871e-07  3.6681e-05
  110    286  1.4586e-17  4.1716e-15
  110    287  1.5343e-07  4.4036e-05
  110    288  9.6607e-08  2.7823e-05
  110    290  1.0260e-07  2.9754e-05
  111    289  8.9385e-08  2.5832e-05
  111    290  7.1497e-18  2.0734e-15
  111    291  4.6774e-08  1.3611e-05
  111    292  3.6465e-07  1.0648e-04
  111    293  2.1507e-07  6.3015e-05
  111    294  3.8519e-07  1.1325e-04
  111    295  1.3598e-07  4.0115e-05
  111    296  2.9711e-07  8.7943e-05
  111    297  1.1694e-07  3.4730e-05
  111    298  1.3218e-08  3.9389e-06
  111    299  1.0041e-08  3.0022e-06
  111    300  2.4491e-09  7.3473e-07
  111    301  4.5208e-07  1.3608e-04
  111    302  2.7256e-07  8.2314e-05
  111    303  1.4900e-07  4.5147e-05
  111    304  1.8106e-07  5.5043e-05
  111    305  2.2155e-07  6.7573e-05
  111    306  1.9006e-07  5.8158e-05
  111    307  1.0311e-07  3.1655e-05
  111    308  1.7371e-07  5.3503e-05
  111    309  1.7715e-07  5.4740e-05
  111    310  1.8904e-07  5.8603e-05
  111    311  9.0941e-08  2.8283e-05
  111    312  2.3965e-07  7.4771e-05
  111    313  9.5010e-08  2.9738e-05
  111    314  1.4956e-07  4.6963e-05
  111    315  7.7992e-07  2.4568e-04
  111    316  1.0501e-06  3.3182e-04
  111    317  1.0937e-06  3.4671e-04
  111    318  2.9585e-05  9.4081e-03
  111    319  1.8842e-05  6.0106e-03
  111    320  2.8405e-05  9.0896e-03
  111    321  1.6189e-05  5.1966e-03
  111    322  2.1381e-05  6.8846e-03
  111    323  1.6913e-05  5.4628e-03
  111    324  3.3894e-05  1.0982e-02
  111    325  1.3399e-05  4.3546e-03
  111    326  1.7496e-05  5.7038e-03
  111    327  2.6368e-05  8.6222e-03
  111    328  2.5678e-05  8.4223e-03
  111    329  2.6732e-05  8.7947e-03
  111    330  1.4523e-05  4.7927e-03
  111    331  1.7277e-05  5.7188e-03
  111    332  1.7412e-05  5.7808e-03
  111    333  1.4991e-05  4.9920e-03
  111    334  8.8366e-06  2.9514e-03
  111    335  1.4695e-05  4.9228e-03
  111    336  1.1748e-05  3.9472e-03
  111    337  9.4469e-05  3.1836e-02
    1      1  5.8111e-08  5.8111e-08
    2      4  2.0970e-01  8.3879e-01


