1  3.7796e-10
2  2.0957e-09
3  1.2731e-10
4  1.5762e-01
5  0.0000e+00
6  5.8375e-12
7  2.1507e-10
8  7.0654e-10
9  1.7104e-10
10  1.7694e-10
11  1.8243e-10
12  2.6354e-09
13  1.6223e-07
14  2.8012e-07
15  9.0596e-06
16  3.9261e-07
17  2.8006e-09
18  1.8777e-08
19  1.2343e-06
20  1.6798e-06
21  3.1127e-07
22  3.5479e-09
23  8.9353e-07
24  2.6597e-07
25  2.7092e-07
26  1.3183e-08
27  3.3643e-07
28  9.9975e-07
29  9.6395e-08
30  8.5775e-08
31  1.1366e-07
32  1.1125e-07
33  1.1328e-06
34  8.6954e-07
35  3.6562e-08
36  2.5591e-08
37  8.8422e-08
38  1.8877e-07
39  2.6196e-07
40  4.2351e-07
41  1.0573e-07
42  4.6405e-07
43  1.9669e-07
44  9.4144e-08
45  1.5489e-07
46  1.2521e-07
47  1.7267e-07
48  3.8497e-07
49  3.0453e-07
50  2.7667e-07
51  5.3597e-08
52  2.8631e-07
53  2.2988e-07
54  1.2365e-07
55  1.7034e-07
56  4.8471e-07
57  5.1143e-07
58  3.0357e-08
59  3.0399e-08
60  6.8038e-08
61  9.9252e-08
62  1.1738e-07
63  3.5573e-07
64  2.4919e-07
65  1.4897e-07
66  3.4382e-07
67  1.1426e-07
68  2.6172e-07
69  3.4185e-07
70  6.7628e-07
71  1.0442e-07
72  3.9065e-07
73  3.5822e-07
74  1.2849e-06
75  3.3551e-06
76  5.0706e-06
77  4.4304e-06
78  3.3808e-06
79  4.2738e-06
80  1.3729e-05
81  8.0395e-06
82  3.5990e-06
83  3.2161e-06
84  2.0585e-06
85  2.2829e-06
86  5.3639e-06
87  7.1244e-06
88  7.4800e-06
89  6.4989e-07
90  1.2927e-06
91  1.1257e-06
92  3.3328e-06
93  3.5165e-06
94  9.1801e-06
95  1.4820e-06
96  2.5855e-06
97  2.1565e-06
98  8.1596e-07
99  1.3584e-06
100  1.8634e-06
101  2.1166e-06
102  1.1424e-06
103  1.1102e-06
104  1.4122e-06
105  1.7699e-06
106  4.5821e-06
107  4.0030e-06
108  1.0110e-05
109  5.1454e-05
110  8.4781e-05
111  1.2663e-05
112  4.8325e-05
113  3.1549e-05
114  3.0792e-05
115  2.1099e-05
116  3.9776e-06
117  3.3713e-06
118  1.7570e-06
119  1.2718e-06
120  5.9960e-06
121  1.9049e-06
122  2.5289e-06
123  4.0425e-06
124  1.9387e-05
125  2.8822e-05
126  6.6963e-05
127  6.7245e-05
128  1.0058e-04
129  1.4171e-04
130  1.1249e-04
131  4.6195e-05
132  2.4979e-05
133  2.1513e-05
134  3.4677e-05
135  3.6011e-05
136  5.4818e-05
137  4.7397e-05
138  2.6469e-05
139  1.9592e-05
140  4.4407e-05
141  1.0475e-04
142  3.7795e-05
143  1.1093e-05
144  1.2778e-05
145  1.4728e-06
146  3.9564e-06
147  6.5405e-06
148  1.2813e-05
149  9.5386e-06
150  4.1842e-05
151  3.6748e-05
152  2.2059e-05
153  1.0565e-05
154  1.3841e-05
155  9.4415e-06
156  2.1486e-05
157  1.3856e-05
158  2.5530e-05
159  1.3737e-05
160  2.2567e-05
161  1.1563e-05
162  2.5013e-05
163  1.3723e-05
164  3.0568e-05
165  1.5461e-05
166  2.9981e-05
167  1.3425e-05
168  2.5539e-05
169  2.3208e-05
170  2.1963e-05
171  2.0208e-05
172  1.9352e-05
173  2.1228e-05
174  2.7091e-05
175  2.2651e-05
176  1.9331e-05
177  1.8816e-05
178  1.4381e-05
179  9.9574e-06
180  7.1297e-06
181  4.8049e-06
182  4.0716e-06
183  2.1669e-06
184  3.1883e-06
185  2.0785e-06
186  4.8702e-06
187  3.0619e-06
188  8.1004e-06
189  1.6572e-05
190  2.9951e-05
191  3.6445e-05
192  5.3047e-05
193  6.7766e-05
194  6.6105e-05
195  5.2990e-05
196  2.2311e-05
197  7.8579e-06
198  1.8102e-06
199  5.6098e-07
200  1.7900e-07
201  5.6203e-08
202  8.2947e-08
203  1.0651e-07
204  1.4138e-07
205  1.0292e-07
206  3.7437e-07
207  3.5389e-07
208  4.0365e-07
209  3.3096e-07
210  4.5472e-16
211  1.8452e-21
212  4.4427e-21
213  3.7295e-44
214  2.3815e-22
215  5.0610e-26
216  5.1475e-27
217  1.4406e-99
218  4.0928e-24
219  7.1471e-25
220  1.9738e-24
221  1.3093e-320
222  7.2655e-21
223  1.7813e-19
224  1.1147e-20
225  2.2344e-40
226  1.1117e-15
227  1.2416e-16
228  3.5848e-14
229  8.3346e-30
230  5.2396e-14
231  1.8571e-13
232  1.5691e-08
233  2.9807e-27
234  1.7061e-13
235  4.0025e-09
236  9.1548e-12
237  -1.7025e-318
238  3.1039e-09
239  2.5658e-21
240  1.8116e-15
241  0.0000e+00
242  5.5484e-141
243  7.8435e-22
244  2.2052e-11
245  0.0000e+00
246  3.7541e-13
247  1.6555e-18
248  4.4577e-140
249  0.0000e+00
250  0.0000e+00
251  7.0042e-314
252  0.0000e+00
253  0.0000e+00
254  0.0000e+00
255  0.0000e+00
256  0.0000e+00
257  6.1636e-26
258  4.7910e-11
259  4.2413e-26
260  3.2463e-11
261  1.9232e-11
262  1.7602e-11
263  1.1781e-11
264  8.8764e-12
265  4.0900e-12
266  4.3337e-12
267  2.1291e-12
268  1.3369e-12
269  1.6225e-12
270  1.0213e-12
271  6.0513e-13
272  4.3640e-13
273  2.3558e-13
274  1.1192e-13
275  4.8229e-14
276  3.6695e-14
277  6.0669e-15
278  4.0544e-15
279  6.8308e-16
280  1.4078e-16
281  3.1713e-17
282  3.7361e-17
283  2.3313e-17
284  3.1184e-17
285  2.8824e-17
286  2.6841e-17
287  1.6697e-17
288  1.4717e-17
289  7.8238e-18
290  8.1642e-18
291  3.5707e-18
292  2.0059e-17
293  5.9762e-18
294  7.5342e-18
295  2.9880e-18
296  2.0010e-18
297  9.6845e-19
298  1.3074e-18
299  1.9259e-19
300  1.2411e-19
301  9.9153e-19
302  2.5970e-18
303  3.1358e-19
304  4.6920e-19
305  1.1302e-19
306  2.8313e-19
307  4.5748e-20
308  7.7952e-20
309  1.3422e-20
310  2.0843e-20
311  1.9283e-21
312  8.2711e-21
313  2.0059e-21
314  1.8639e-21
315  1.2788e-22
316  5.9458e-22
317  4.3728e-23
318  3.2259e-22
319  5.4484e-23
320  1.3294e-22
321  2.1322e-23
322  4.4422e-23
323  2.3486e-23
324  2.4205e-23
325  9.9849e-25
326  1.2912e-23
327  5.2601e-25
328  0.0000e+00
329  0.0000e+00
330  0.0000e+00
331  0.0000e+00
332  0.0000e+00
333  0.0000e+00
334  0.0000e+00
335  0.0000e+00
336  0.0000e+00
337  0.0000e+00

