1  2.7017e-09
2  8.7597e-09
3  9.5140e-10
4  1.8499e-01
5  0.0000e+00
6  3.0539e-11
7  2.1364e-09
8  5.1430e-08
9  2.2660e-08
10  3.9110e-07
11  3.1178e-09
12  1.7806e-08
13  2.1996e-07
14  1.1410e-07
15  2.1948e-05
16  4.6602e-07
17  1.4637e-08
18  8.7767e-08
19  1.7939e-06
20  2.5153e-06
21  8.6809e-07
22  6.8956e-09
23  1.4165e-06
24  4.5613e-07
25  5.0742e-07
26  5.4718e-08
27  1.0487e-07
28  2.0136e-07
29  4.7545e-08
30  4.6353e-08
31  4.1554e-08
32  5.5730e-08
33  2.7376e-07
34  2.0862e-07
35  8.6475e-09
36  7.1395e-09
37  5.2598e-09
38  2.0940e-08
39  1.6998e-08
40  7.5089e-09
41  3.9352e-08
42  1.0138e-07
43  1.6335e-08
44  2.8141e-08
45  2.8318e-08
46  1.2378e-08
47  1.7172e-08
48  3.0418e-08
49  2.0017e-08
50  1.8422e-08
51  9.5627e-09
52  3.9360e-08
53  2.6516e-08
54  1.3191e-08
55  6.6860e-09
56  2.1272e-08
57  6.3567e-08
58  1.9859e-09
59  3.0236e-09
60  6.0291e-09
61  9.4137e-09
62  8.3833e-09
63  5.0288e-08
64  2.2457e-08
65  2.1215e-08
66  4.2145e-08
67  2.9753e-08
68  1.3790e-08
69  8.8880e-09
70  3.4584e-08
71  9.4698e-09
72  3.9265e-08
73  2.1166e-08
74  5.8127e-08
75  1.3072e-07
76  1.4430e-07
77  1.4671e-07
78  9.8967e-08
79  8.4300e-08
80  3.2024e-07
81  1.8171e-07
82  1.7780e-07
83  2.1038e-07
84  7.5689e-08
85  5.6838e-08
86  1.1787e-07
87  1.0566e-07
88  9.6941e-08
89  6.8211e-08
90  1.0820e-07
91  2.9410e-08
92  6.3246e-08
93  5.6430e-08
94  1.7388e-07
95  1.1720e-07
96  1.0502e-07
97  1.1621e-07
98  2.0045e-08
99  2.5770e-08
100  3.5135e-08
101  4.0667e-08
102  2.7020e-08
103  3.4181e-08
104  3.8204e-08
105  3.7418e-08
106  8.2139e-08
107  8.2946e-08
108  4.4020e-07
109  4.3917e-06
110  9.3523e-06
111  1.5721e-06
112  6.6243e-06
113  3.9599e-06
114  4.4341e-06
115  3.8344e-06
116  4.1756e-07
117  6.5607e-07
118  3.5660e-07
119  2.1471e-07
120  8.2739e-07
121  4.3023e-07
122  6.6302e-07
123  4.9747e-07
124  2.0020e-06
125  2.2280e-06
126  4.7983e-06
127  5.7822e-06
128  7.5198e-06
129  7.2526e-06
130  4.2835e-06
131  2.7118e-06
132  2.1961e-06
133  1.7444e-06
134  1.8382e-06
135  1.2305e-06
136  2.2288e-06
137  2.1938e-06
138  1.8912e-06
139  8.6962e-07
140  1.2211e-06
141  2.4172e-06
142  1.1603e-06
143  1.2607e-06
144  2.2843e-06
145  1.1333e-06
146  1.2870e-06
147  1.1526e-06
148  6.2243e-07
149  3.1152e-07
150  5.4765e-07
151  4.1285e-07
152  8.3309e-07
153  4.7211e-07
154  9.3117e-07
155  8.0780e-07
156  6.6975e-07
157  7.3150e-07
158  1.4423e-06
159  2.1851e-07
160  1.0191e-06
161  7.9097e-07
162  7.0078e-07
163  5.1094e-07
164  1.4562e-06
165  9.4963e-07
166  2.1663e-06
167  1.3797e-06
168  1.1768e-06
169  2.1696e-06
170  8.1803e-07
171  8.5269e-07
172  1.0131e-06
173  8.2287e-07
174  2.0843e-06
175  1.3658e-06
176  2.3313e-06
177  3.2435e-06
178  2.2156e-06
179  1.2989e-06
180  1.7808e-06
181  1.9621e-06
182  1.5973e-06
183  9.0995e-07
184  6.3117e-07
185  3.2125e-07
186  3.7281e-07
187  1.9712e-07
188  3.5450e-07
189  4.1526e-07
190  2.0191e-06
191  4.1593e-06
192  9.1953e-06
193  1.1218e-05
194  2.5831e-05
195  3.4417e-05
196  4.0252e-05
197  3.5374e-05
198  2.1718e-05
199  9.2775e-06
200  5.6550e-06
201  1.2098e-06
202  1.3777e-06
203  1.0181e-06
204  1.4277e-06
205  1.6622e-06
206  4.5497e-05
207  5.0352e-05
208  3.1203e-05
209  8.0909e-05
210  6.1404e-12
211  1.7456e-17
212  1.8079e-17
213  3.8627e-44
214  3.2159e-18
215  4.8122e-24
216  2.0947e-23
217  5.4798e-96
218  5.5268e-20
219  6.7545e-21
220  8.0320e-21
221  -3.4288e-321
222  9.8111e-17
223  1.6851e-15
224  4.5362e-17
225  2.3280e-40
226  1.5013e-11
227  1.1746e-12
228  1.4588e-10
229  8.6833e-30
230  7.0754e-10
231  1.7568e-09
232  6.3851e-05
233  3.1032e-27
234  2.3039e-09
235  3.7865e-05
236  1.9718e-07
237  1.0569e-318
238  4.1913e-05
239  1.2406e-16
240  3.9033e-11
241  0.0000e+00
242  1.1274e-126
243  3.7927e-17
244  4.7513e-07
245  0.0000e+00
246  7.5982e-09
247  8.0048e-14
248  1.0003e-125
249  0.0000e+00
250  0.0000e+00
251  -2.7393e-314
252  0.0000e+00
253  0.0000e+00
254  0.0000e+00
255  0.0000e+00
256  0.0000e+00
257  5.2977e-26
258  1.0981e-05
259  6.9067e-26
260  1.2771e-05
261  1.0457e-05
262  1.2695e-05
263  1.2534e-05
264  1.5935e-05
265  1.2900e-05
266  1.6987e-05
267  9.6870e-06
268  8.0924e-06
269  1.7216e-05
270  1.9837e-05
271  1.9666e-05
272  3.3433e-05
273  4.0698e-05
274  3.9616e-05
275  3.3917e-05
276  4.2899e-05
277  1.1553e-05
278  1.5287e-05
279  5.5377e-06
280  1.7455e-06
281  4.5104e-07
282  5.8313e-07
283  4.7180e-07
284  8.2832e-07
285  9.7622e-07
286  1.1814e-06
287  1.1439e-06
288  1.2577e-06
289  7.3966e-07
290  8.9931e-07
291  4.1118e-07
292  3.0488e-06
293  1.3378e-06
294  2.6441e-06
295  1.5033e-06
296  1.3317e-06
297  7.6353e-07
298  1.1832e-06
299  1.8479e-07
300  1.1308e-07
301  3.1954e-06
302  3.1466e-06
303  2.3433e-06
304  2.1238e-06
305  8.9519e-07
306  1.8218e-06
307  1.1723e-06
308  5.7199e-07
309  5.6272e-07
310  7.1337e-07
311  3.6743e-07
312  2.9779e-07
313  2.5735e-07
314  2.2684e-07
315  1.9601e-07
316  2.2632e-07
317  1.0684e-07
318  1.9194e-07
319  1.0594e-07
320  1.2140e-07
321  7.8142e-08
322  5.6431e-08
323  1.6935e-07
324  9.2073e-08
325  1.1518e-08
326  8.6749e-08
327  9.3988e-08
328  1.5391e-08
329  5.1919e-08
330  4.1570e-08
331  1.4395e-08
332  2.6536e-08
333  4.4363e-09
334  2.8403e-09
335  1.9258e-10
336  6.9265e-09
337  3.9689e-09

