1  5.5877e-10
2  2.8535e-09
3  2.1688e-10
4  1.6605e-01
5  0.0000e+00
6  8.0468e-12
7  3.0829e-10
8  2.7276e-09
9  8.3452e-10
10  6.7050e-09
11  4.2748e-10
12  3.4868e-09
13  3.6940e-07
14  2.3602e-07
15  1.3387e-05
16  3.9157e-07
17  4.3719e-09
18  2.7770e-08
19  1.4867e-06
20  2.0322e-06
21  3.8628e-07
22  3.2828e-09
23  1.0922e-06
24  3.2987e-07
25  3.6754e-07
26  1.7297e-08
27  2.0921e-07
28  6.0301e-07
29  7.3613e-08
30  9.2514e-08
31  9.5265e-08
32  9.0590e-08
33  7.4898e-07
34  5.7280e-07
35  2.8471e-08
36  2.1411e-08
37  4.6786e-08
38  9.5626e-08
39  5.3338e-08
40  8.0683e-08
41  1.9312e-07
42  4.8836e-07
43  1.0592e-07
44  1.2076e-07
45  1.4428e-07
46  9.8265e-08
47  1.3364e-07
48  2.8220e-07
49  1.6285e-07
50  1.2209e-07
51  4.5698e-08
52  2.6122e-07
53  2.0161e-07
54  9.4170e-08
55  1.0801e-07
56  2.9329e-07
57  2.8080e-07
58  1.5733e-08
59  1.4774e-08
60  3.4013e-08
61  5.8243e-08
62  9.3340e-08
63  2.3927e-07
64  1.7615e-07
65  9.5655e-08
66  2.1044e-07
67  7.0545e-08
68  1.6083e-07
69  1.7281e-07
70  2.8538e-07
71  5.3471e-08
72  2.3991e-07
73  1.6807e-07
74  6.7319e-07
75  2.3806e-06
76  3.2166e-06
77  2.1260e-06
78  1.9197e-06
79  3.0096e-06
80  1.1303e-05
81  5.9421e-06
82  2.1446e-06
83  3.3576e-06
84  1.7801e-06
85  1.5768e-06
86  3.4124e-06
87  3.8453e-06
88  4.0261e-06
89  9.9909e-07
90  1.5718e-06
91  4.7027e-07
92  3.0449e-06
93  2.9096e-06
94  6.8774e-06
95  9.2345e-07
96  1.5374e-06
97  1.1230e-06
98  4.4536e-07
99  7.9609e-07
100  1.1154e-06
101  1.2863e-06
102  8.6315e-07
103  8.5864e-07
104  1.2347e-06
105  1.3450e-06
106  2.9527e-06
107  2.5379e-06
108  7.1393e-06
109  3.5859e-05
110  5.7496e-05
111  8.3498e-06
112  3.1942e-05
113  2.1764e-05
114  1.8915e-05
115  9.5402e-06
116  2.0510e-06
117  1.8281e-06
118  1.2671e-06
119  1.0444e-06
120  4.8339e-06
121  1.5690e-06
122  2.5191e-06
123  4.2887e-06
124  1.7614e-05
125  2.2826e-05
126  3.9600e-05
127  4.4109e-05
128  5.0549e-05
129  3.6373e-05
130  2.1156e-05
131  1.4845e-05
132  8.3540e-06
133  9.8001e-06
134  1.6070e-05
135  1.6130e-05
136  2.7781e-05
137  2.3565e-05
138  1.2393e-05
139  7.0433e-06
140  1.3535e-05
141  5.5555e-05
142  2.1647e-05
143  7.9953e-06
144  1.0677e-05
145  1.4972e-06
146  3.4830e-06
147  5.0502e-06
148  9.1764e-06
149  6.7852e-06
150  2.5223e-05
151  2.1875e-05
152  1.2212e-05
153  6.4593e-06
154  1.1331e-05
155  7.5822e-06
156  1.7344e-05
157  1.1420e-05
158  2.0666e-05
159  1.3227e-05
160  2.0296e-05
161  1.0621e-05
162  2.1262e-05
163  1.0843e-05
164  2.2007e-05
165  1.2061e-05
166  2.5381e-05
167  1.1981e-05
168  2.4232e-05
169  2.0368e-05
170  2.0869e-05
171  1.9086e-05
172  1.7691e-05
173  1.9935e-05
174  2.4039e-05
175  1.9828e-05
176  1.6541e-05
177  1.6942e-05
178  1.4288e-05
179  9.7052e-06
180  6.3016e-06
181  4.2645e-06
182  4.1727e-06
183  2.3351e-06
184  3.8155e-06
185  2.5705e-06
186  7.4600e-06
187  5.4569e-06
188  1.5805e-05
189  3.4218e-05
190  5.8545e-05
191  7.1216e-05
192  1.0609e-04
193  1.3577e-04
194  1.2158e-04
195  1.0537e-04
196  4.7699e-05
197  1.9372e-05
198  5.5388e-06
199  1.6558e-06
200  5.2823e-07
201  3.9882e-07
202  1.0960e-06
203  1.7407e-06
204  2.7912e-06
205  2.2798e-06
206  6.9369e-06
207  6.4251e-06
208  6.4084e-06
209  5.6834e-06
210  4.1633e-14
211  1.3560e-19
212  2.4621e-19
213  3.1062e-44
214  2.1804e-20
215  7.5747e-26
216  2.8527e-25
217  2.7259e-99
218  3.7473e-22
219  5.2522e-23
220  1.0939e-22
221  3.9036e-320
222  6.6521e-19
223  1.3090e-17
224  6.1777e-19
225  1.8610e-40
226  1.0179e-13
227  9.1238e-15
228  1.9867e-12
229  6.9417e-30
230  4.7972e-12
231  1.3647e-11
232  8.6957e-07
233  2.4864e-27
234  1.5621e-11
235  2.9413e-07
236  9.9082e-10
237  -1.4063e-319
238  2.8418e-07
239  3.7330e-19
240  1.9610e-13
241  0.0000e+00
242  2.2520e-133
243  1.1412e-19
244  2.3870e-09
245  0.0000e+00
246  4.0397e-11
247  2.4086e-16
248  1.9595e-132
249  0.0000e+00
250  0.0000e+00
251  -2.4849e-314
252  0.0000e+00
253  0.0000e+00
254  0.0000e+00
255  0.0000e+00
256  0.0000e+00
257  5.2623e-26
258  1.2966e-08
259  9.3241e-26
260  8.1721e-09
261  6.0055e-09
262  7.4281e-09
263  5.9443e-09
264  4.6399e-09
265  2.0207e-09
266  2.1335e-09
267  1.3067e-09
268  1.0338e-09
269  1.5046e-09
270  9.5376e-10
271  6.1036e-10
272  5.5318e-10
273  3.7829e-10
274  2.2035e-10
275  9.6158e-11
276  7.0478e-11
277  1.1456e-11
278  7.1654e-12
279  1.1553e-12
280  3.5133e-13
281  1.7342e-13
282  3.1635e-13
283  2.2134e-13
284  3.2530e-13
285  3.2632e-13
286  3.1541e-13
287  1.7829e-13
288  1.3042e-13
289  5.1642e-14
290  5.6459e-14
291  2.5965e-14
292  2.2299e-13
293  9.3476e-14
294  1.2365e-13
295  4.6173e-14
296  2.7704e-14
297  1.2208e-14
298  1.5123e-14
299  2.1548e-15
300  1.3235e-15
301  6.5975e-15
302  3.4417e-14
303  4.7465e-15
304  7.1410e-15
305  2.7461e-15
306  3.0057e-15
307  6.6680e-16
308  1.1336e-15
309  3.1083e-16
310  4.5277e-16
311  7.1979e-17
312  1.4114e-16
313  2.9634e-17
314  6.9377e-17
315  1.0751e-17
316  1.9181e-17
317  1.8165e-18
318  1.0898e-17
319  2.3902e-18
320  5.6229e-18
321  1.7838e-18
322  2.6627e-18
323  2.0083e-18
324  2.2276e-18
325  1.8748e-19
326  1.3513e-18
327  1.0863e-19
328  1.7553e-20
329  1.2237e-19
330  2.5828e-20
331  3.3211e-21
332  8.5900e-21
333  5.7132e-22
334  1.1545e-20
335  2.2695e-21
336  9.3838e-22
337  2.2109e-21

