1  1.4326e-09
2  1.3825e-01
3  3.9911e-11
4  2.5358e-11
5  4.8026e-11
6  7.8934e-09
7  2.0862e-06
8  1.0891e-07
9  5.2059e-07
10  9.6708e-07
11  2.1804e-07
12  2.7414e-07
13  4.1779e-07
14  1.4659e-06
15  1.0802e-07
16  3.4984e-06
17  1.5138e-07
18  1.5442e-06
19  8.1529e-07
20  3.2985e-06
21  3.1168e-07
22  2.8131e-06
23  4.1438e-07
24  8.5662e-07
25  2.3421e-07
26  3.9806e-06
27  1.2556e-07
28  1.4099e-06
29  1.5188e-06
30  2.6911e-06
31  5.1627e-07
32  7.3791e-06
33  3.4362e-06
34  5.1729e-05
35  2.5939e-05
36  1.7939e-05
37  1.1830e-05
38  1.1367e-05
39  3.0590e-06
40  1.7079e-05
41  1.3392e-06
42  2.8348e-05
43  3.3494e-31
44  2.3163e-05
45  8.2777e-06
46  1.9285e-04
47  8.9755e-05
48  2.9809e-04
49  9.7160e-05
50  6.5260e-05
51  9.4397e-06
52  5.7823e-04
53  1.5961e-04
54  1.0687e-03
55  1.3987e-04
56  3.0610e-04
57  6.9022e-05
58  8.6593e-05
59  4.5199e-05
60  1.9416e-05
61  3.6811e-316
62  2.0119e-05
63  9.3169e-06
64  2.9138e-05
65  1.5948e-07
66  9.6010e-06
67  1.7280e-06
68  1.4836e-05
69  8.4517e-06
70  6.8058e-06
71  6.1157e-07
72  4.8464e-06
73  5.5690e-07
74  9.1757e-07
75  9.7357e-08
76  3.3852e-07
77  2.7883e-07
78  5.9615e-07
79  1.2541e-07
80  3.3859e-08
81  4.6307e-11
82  1.0386e-11
83  1.9876e-12
84  1.3782e-16
85  5.8362e-36
86  2.4506e-19
87  3.6084e-30
88  1.4414e-17
89  1.3607e-22
90  2.1644e-14
91  2.0399e-19
92  6.2988e-15
93  2.5835e-29
94  6.9956e-18
95  1.1876e-30
96  3.0569e-25
97  1.1439e-19
98  7.2085e-314
99  -8.0533e-322
100  9.1193e-18
101  -5.7286e-313
102  1.6967e-18
103  1.3298e-19
104  5.5998e-20
105  2.1818e-20
106  2.2632e-21
107  8.7354e-24
108  1.5705e-24
109  0.0000e+00
110  0.0000e+00
111  0.0000e+00
112  0.0000e+00
113  0.0000e+00
114  0.0000e+00
115  0.0000e+00
116  0.0000e+00
117  0.0000e+00
118  0.0000e+00

