    1      2  8.0730e-17  1.6146e-16
    3      6  2.5898e-20  1.5539e-19
    4      9  1.7810e-19  1.6029e-18
    5     10  4.9000e-20  4.9000e-19
    6     12  4.9980e-08  5.9976e-07
    6     13  1.4656e-14  1.9053e-13
    7     14  4.7267e-19  6.6173e-18
    7     15  2.2049e-17  3.3073e-16
    8     16  1.4393e-09  2.3028e-08
    8     17  1.5900e-16  2.7029e-15
    8     18  3.9529e-18  7.1153e-17
    9     19  5.5498e-18  1.0545e-16
   10     20  1.3520e-09  2.7040e-08
   10     21  3.7044e-15  7.7791e-14
   10     22  1.3748e-18  3.0245e-17
   11     23  1.8838e-13  4.3328e-12
   12     24  8.2181e-10  1.9723e-08
   12     25  1.1148e-10  2.7871e-09
   12     26  1.3155e-10  3.4204e-09
   13     26  1.5151e-15  3.9394e-14
   13     27  7.0969e-11  1.9162e-09
   14     28  4.8210e-10  1.3499e-08
   14     29  4.8777e-10  1.4145e-08
   14     30  1.3035e-09  3.9105e-08
   15     31  1.0562e-09  3.2743e-08
   16     32  3.8723e-09  1.2391e-07
   16     33  1.5650e-09  5.1646e-08
   16     34  6.4961e-09  2.2087e-07
   16     36  1.6579e-09  5.9685e-08
   17     35  9.3874e-10  3.2856e-08
   17     37  2.8713e-09  1.0624e-07
   18     36  3.9632e-14  1.4267e-12
   18     38  5.0669e-09  1.9254e-07
   18     40  7.3629e-11  2.9452e-09
   19     39  8.6999e-10  3.3930e-08
   19     40  2.3251e-18  9.3003e-17
   19     41  1.1549e-10  4.7353e-09
   20     40  8.8930e-19  3.5572e-17
   20     42  5.8008e-08  2.4363e-06
   20     43  1.2283e-09  5.2815e-08
   20     44  2.3030e-09  1.0133e-07
   20     46  2.7169e-09  1.2498e-07
   21     45  8.4265e-10  3.7919e-08
   22     46  2.3092e-20  1.0623e-18
   22     47  4.4944e-08  2.1124e-06
   22     48  2.0340e-07  9.7631e-06
   22     49  7.9895e-09  3.9148e-07
   22     50  1.2983e-08  6.4914e-07
   23     51  1.2222e-07  6.2330e-06
   24     52  1.5576e-06  8.0995e-05
   24     53  1.3178e-07  6.9841e-06
   24     54  7.0853e-08  3.8261e-06
   25     55  2.6085e-09  1.4347e-07
   26     56  1.6101e-06  9.0164e-05
   26     57  6.6052e-08  3.7650e-06
   26     58  5.7314e-07  3.3242e-05
   27     59  6.0232e-07  3.5537e-05
   28     60  1.3571e-07  8.1426e-06
   28     61  5.7538e-08  3.5098e-06
   28     62  7.3721e-08  4.5707e-06
   28     64  1.5827e-06  1.0129e-04
   29     63  4.1654e-07  2.6242e-05
   29     65  9.9402e-07  6.4611e-05
   30     64  2.9916e-20  1.9146e-18
   30     66  4.1874e-07  2.7637e-05
   30     67  4.0458e-07  2.7107e-05
   30     68  4.4178e-08  3.0041e-06
   30     70  6.7115e-07  4.6980e-05
   31     69  3.0982e-07  2.1378e-05
   31     71  1.2975e-06  9.2123e-05
   32     70  2.5565e-15  1.7895e-13
   32     72  1.7416e-06  1.2539e-04
   32     73  1.1490e-06  8.3874e-05
   32     74  5.7256e-07  4.2369e-05
   32     76  1.8531e-06  1.4083e-04
   33     75  5.6862e-07  4.2647e-05
   34     76  4.0160e-14  3.0521e-12
   34     77  5.4258e-06  4.1779e-04
   34     78  8.3408e-06  6.5059e-04
   34     80  2.5481e-05  2.0385e-03
   34     82  3.5895e-07  2.9434e-05
   35     79  4.6106e-06  3.6423e-04
   35     81  1.3975e-06  1.1320e-04
   36     82  8.6534e-14  7.0958e-12
   36     83  5.7617e-06  4.7822e-04
   36     84  2.9032e-05  2.4387e-03
   36     86  8.3245e-07  7.1591e-05
   37     85  3.0177e-06  2.5650e-04
   37     87  1.0262e-05  8.9281e-04
   38     86  4.9205e-20  4.2316e-18
   38     87  7.5139e-08  6.5371e-06
   38     88  2.3693e-04  2.0849e-02
   39     89  1.7496e-05  1.5571e-03
   40     90  1.6776e-05  1.5098e-03
   40     91  4.6670e-05  4.2470e-03
   40     92  2.4049e-05  2.2125e-03
   40     94  9.8644e-04  9.2726e-02
   41     93  3.9185e-05  3.6442e-03
   42     95  3.1669e-05  3.0086e-03
   42     96  1.5400e-04  1.4784e-02
   42     97  6.5763e-05  6.3790e-03
   42     98  4.7980e-05  4.7021e-03
   42    100  1.9320e-04  1.9320e-02
   44     99  3.3749e-04  3.3412e-02
   44    100  4.7441e-11  4.7441e-09
   44    101  2.9155e-04  2.9447e-02
   44    102  1.8587e-03  1.8959e-01
   44    104  5.5173e-04  5.7380e-02
   45    103  2.8430e-04  2.9283e-02
   46    104  1.9828e-16  2.0622e-14
   46    105  3.3125e-04  3.4781e-02
   46    106  1.5348e-04  1.6268e-02
   46    108  5.6601e-04  6.1129e-02
   46    110  9.2126e-05  1.0134e-02
   47    107  1.0898e-04  1.1661e-02
   47    109  1.4691e-04  1.6013e-02
   48    110  2.8952e-12  3.1847e-10
   48    111  2.5818e-05  2.8659e-03
   48    112  1.3027e-04  1.4590e-02
   48    113  2.6500e-05  2.9945e-03
   48    114  8.1667e-05  9.3100e-03
   48    116  3.5488e-05  4.1167e-03
   49    113  1.1663e-12  1.3179e-10
   49    115  2.3441e-05  2.6957e-03
   50    115  1.8702e-11  2.1508e-09
   50    116  2.9876e-12  3.4656e-10
   50    117  2.9656e-05  3.4697e-03
   50    118  3.7100e-06  4.3778e-04
   50    119  2.3329e-06  2.7761e-04
   50    120  2.1889e-05  2.6267e-03
   50    122  3.6327e-06  4.4319e-04
   50    124  8.5126e-07  1.0556e-04
   51    121  8.1105e-06  9.8137e-04
   51    123  4.0616e-07  4.9958e-05
   52    122  1.8617e-13  2.2713e-11
   52    124  1.4440e-16  1.7905e-14
   52    125  1.4836e-07  1.8545e-05
   52    126  1.6897e-06  2.1290e-04
   52    128  1.3125e-06  1.6800e-04
   52    130  2.4841e-07  3.2294e-05
   53    127  6.4401e-07  8.1789e-05
   53    129  1.0356e-14  1.3359e-12
   54    128  7.2166e-18  9.2373e-16
   54    129  8.7273e-07  1.1258e-04
   54    130  7.1584e-16  9.3059e-14
   54    131  9.9680e-09  1.3058e-06
   54    132  5.8510e-10  7.7233e-08
   54    134  9.0058e-15  1.2068e-12
   54    136  6.6130e-15  8.9937e-13
   55    133  1.3912e-12  1.8504e-10
   56    135  1.7571e-16  2.3721e-14
   56    137  3.2904e-17  4.5079e-15
   56    138  3.7099e-17  5.1197e-15
   57    139  5.1564e-18  7.1674e-16
   58    140  5.8947e-19  8.2526e-17
   58    142  3.6108e-19  5.1273e-17
   59    141  2.9938e-20  4.2213e-18
    1      1  7.0281e-11  7.0281e-11
    2      4  7.0369e-02  2.8147e-01


