    4      8  7.1679e-19  5.7344e-18
    6     12  1.9678e-20  2.3614e-19
    7     14  8.3969e-19  1.1756e-17
   14     28  3.7196e-17  1.0415e-15
   14     29  2.2212e-19  6.4415e-18
   14     30  5.2698e-20  1.5809e-18
   15     31  3.6558e-18  1.1333e-16
   16     32  2.1268e-13  6.8057e-12
   16     33  1.0993e-16  3.6275e-15
   16     34  8.7749e-14  2.9835e-12
   16     36  1.7943e-13  6.4595e-12
   17     35  7.1361e-14  2.4976e-12
   17     37  5.2297e-17  1.9350e-15
   18     38  2.6817e-13  1.0191e-11
   18     40  2.2759e-13  9.1037e-12
   19     39  6.0694e-17  2.3671e-15
   19     41  2.4265e-15  9.9486e-14
   20     42  6.9941e-15  2.9375e-13
   20     43  4.8226e-13  2.0737e-11
   20     44  1.3833e-10  6.0864e-09
   20     46  1.4980e-08  6.8910e-07
   21     45  1.7332e-12  7.7993e-11
   22     47  8.3471e-07  3.9231e-05
   22     48  4.2894e-03  2.0589e-01
   22     49  9.5656e-05  4.6872e-03
   22     50  1.4137e-04  7.0683e-03
   23     51  5.3437e-05  2.7253e-03
   24     52  6.3780e-05  3.3165e-03
   24     53  7.0687e-06  3.7464e-04
   24     54  9.6637e-05  5.2184e-03
   25     55  7.5057e-06  4.1281e-04
   26     56  1.9532e-06  1.0938e-04
   26     57  1.4840e-07  8.4591e-06
   26     58  2.9293e-05  1.6990e-03
   27     59  9.2716e-07  5.4702e-05
   28     60  1.6312e-07  9.7873e-06
   28     61  4.4354e-06  2.7056e-04
   28     62  4.7768e-05  2.9616e-03
   28     64  5.6067e-05  3.5883e-03
   29     63  3.4958e-07  2.2023e-05
   29     65  9.2376e-06  6.0044e-04
   30     66  2.4111e-06  1.5913e-04
   30     67  3.0649e-05  2.0535e-03
   30     68  2.8470e-03  1.9359e-01
   30     70  6.2649e-04  4.3854e-02
   31     69  4.0249e-06  2.7772e-04
   31     71  2.4928e-05  1.7699e-03
   32     70  1.3354e-16  9.3481e-15
   32     72  4.0489e-06  2.9152e-04
   32     73  9.8270e-05  7.1737e-03
   32     74  1.1195e-04  8.2846e-03
   32     76  1.2347e-03  9.3836e-02
   33     75  6.0387e-06  4.5290e-04
   34     76  8.6025e-16  6.5379e-14
   34     77  1.6637e-05  1.2811e-03
   34     78  1.5168e-05  1.1831e-03
   34     80  2.3962e-03  1.9169e-01
   34     82  8.4108e-04  6.8969e-02
   35     79  2.9957e-04  2.3666e-02
   35     81  1.7185e-05  1.3920e-03
   36     82  3.3084e-15  2.7129e-13
   36     83  4.3568e-04  3.6162e-02
   36     84  9.9968e-04  8.3973e-02
   36     86  5.1665e-07  4.4432e-05
   37     85  8.4025e-06  7.1421e-04
   37     87  2.1242e-07  1.8481e-05
   38     87  1.5551e-09  1.3530e-07
   38     88  1.0499e-06  9.2394e-05
   39     89  9.7509e-09  8.6783e-07
   40     90  1.8793e-08  1.6914e-06
   40     91  1.6192e-09  1.4735e-07
   40     92  4.5977e-11  4.2299e-09
   40     94  3.1839e-11  2.9929e-09
   41     93  6.0969e-12  5.6701e-10
   42     95  1.7745e-13  1.6858e-11
   42     96  8.5273e-15  8.1862e-13
   42     97  7.2419e-16  7.0246e-14
   42     98  4.1692e-16  4.0858e-14
   42    100  7.2714e-18  7.2714e-16
   44     99  7.1244e-19  7.0532e-17
   44    101  5.7852e-20  5.8430e-18
   44    102  1.2267e-19  1.2513e-17
   44    104  1.7540e-20  1.8242e-18
   45    103  9.2737e-20  9.5519e-18
    1      1  2.7721e-15  2.7721e-15
    2      4  1.7813e-11  7.1251e-11


