1  8.2426e-09
2  1.2851e-08
3  6.9827e-10
4  1.8601e-01
5  0.0000e+00
6  2.6785e-11
7  2.8410e-09
8  6.4801e-08
9  2.9629e-08
10  4.0529e-07
11  2.1004e-09
12  1.5777e-08
13  7.8421e-08
14  8.6453e-08
15  2.1557e-05
16  6.4457e-07
17  2.4247e-08
18  1.3805e-07
19  1.7250e-06
20  2.5507e-06
21  1.2801e-06
22  1.2136e-08
23  1.3209e-06
24  4.6932e-07
25  5.1272e-07
26  9.9583e-08
27  1.3429e-07
28  2.2040e-07
29  6.6681e-08
30  5.4834e-08
31  3.1787e-08
32  7.8701e-08
33  2.6398e-07
34  2.0628e-07
35  9.3666e-09
36  1.0369e-08
37  3.6184e-09
38  1.7286e-08
39  1.4009e-08
40  5.9511e-09
41  1.6853e-08
42  7.0724e-08
43  1.4320e-08
44  2.0072e-08
45  1.9761e-08
46  1.6237e-09
47  2.4668e-09
48  2.5720e-09
49  1.7874e-09
50  1.3064e-09
51  1.5036e-09
52  4.0177e-09
53  8.0069e-09
54  1.1531e-09
55  2.5016e-10
56  1.0501e-08
57  1.7928e-08
58  7.9238e-10
59  1.0667e-10
60  4.1554e-10
61  3.1416e-10
62  3.4524e-10
63  3.3068e-08
64  2.1644e-09
65  5.1401e-09
66  9.8007e-09
67  6.9694e-08
68  7.1831e-09
69  3.4853e-09
70  2.5818e-08
71  8.7348e-09
72  1.8459e-08
73  2.2882e-08
74  7.9577e-08
75  2.1799e-07
76  7.0981e-08
77  2.2756e-07
78  2.1227e-07
79  1.5241e-07
80  9.5604e-07
81  1.8323e-07
82  2.2970e-07
83  3.5895e-07
84  7.4618e-08
85  8.6285e-08
86  6.2471e-08
87  5.3290e-08
88  1.7871e-08
89  2.0152e-08
90  1.6649e-08
91  2.0452e-08
92  2.6005e-08
93  3.0732e-08
94  9.4543e-08
95  3.9705e-08
96  1.1228e-08
97  4.5804e-08
98  7.1921e-09
99  9.7450e-09
100  1.7995e-08
101  1.0496e-08
102  1.4655e-08
103  2.2988e-08
104  4.4318e-09
105  1.8370e-09
106  1.0581e-08
107  9.7563e-09
108  1.6497e-08
109  2.5613e-08
110  3.5268e-08
111  4.7598e-09
112  2.9739e-08
113  3.0656e-08
114  3.5120e-08
115  5.6749e-08
116  2.4269e-09
117  7.6719e-09
118  1.4786e-09
119  1.8289e-09
120  1.9544e-08
121  2.8077e-08
122  1.4604e-08
123  2.2438e-08
124  6.0158e-08
125  2.2967e-07
126  4.3666e-07
127  1.1539e-06
128  8.3831e-07
129  1.5752e-06
130  5.6978e-07
131  2.9530e-07
132  2.6722e-07
133  1.7420e-07
134  1.5110e-07
135  8.8198e-08
136  1.7246e-07
137  1.2718e-07
138  1.7515e-07
139  3.8900e-08
140  8.9494e-08
141  1.0832e-07
142  8.6627e-08
143  8.6625e-08
144  8.1243e-08
145  1.1911e-08
146  4.7433e-08
147  8.3565e-08
148  2.3551e-08
149  2.5231e-09
150  6.2634e-09
151  6.8058e-10
152  4.5272e-09
153  4.6441e-09
154  2.2795e-09
155  4.3602e-08
156  1.7152e-09
157  6.8522e-09
158  2.1181e-08
159  1.0245e-10
160  9.5338e-10
161  1.9761e-09
162  1.0696e-09
163  1.8913e-09
164  2.0096e-09
165  1.3904e-09
166  6.6871e-09
167  7.6492e-09
168  5.0526e-09
169  5.3318e-08
170  1.5050e-08
171  2.4403e-08
172  1.7670e-08
173  1.1317e-08
174  5.0361e-08
175  1.3392e-08
176  3.2343e-08
177  1.5512e-07
178  5.8272e-08
179  3.6746e-08
180  6.7990e-08
181  1.1635e-07
182  1.4475e-07
183  1.2187e-07
184  1.5632e-07
185  1.0860e-07
186  9.6948e-08
187  9.4448e-08
188  1.2498e-07
189  6.4608e-08
190  1.9348e-07
191  1.9408e-07
192  2.6464e-07
193  7.0053e-08
194  1.5325e-07
195  1.4840e-07
196  2.9172e-07
197  6.4283e-07
198  1.3814e-06
199  8.8962e-07
200  4.1253e-06
201  2.0727e-06
202  3.8634e-06
203  1.4869e-06
204  5.6112e-07
205  2.5586e-07
206  1.8350e-06
207  3.5214e-06
208  1.0917e-06
209  5.8599e-06
210  5.0600e-13
211  1.7934e-18
212  1.1615e-18
213  3.9790e-44
214  2.6501e-19
215  4.9440e-25
216  1.3458e-24
217  2.5241e-94
218  4.5544e-21
219  6.9394e-22
220  5.1605e-22
221  -6.0622e-321
222  8.0849e-18
223  1.7313e-16
224  2.9145e-18
225  2.3981e-40
226  1.2371e-12
227  1.2067e-13
228  9.3725e-12
229  8.9447e-30
230  5.8305e-11
231  1.8049e-10
232  4.1024e-06
233  3.1966e-27
234  1.8986e-10
235  3.8901e-06
236  1.9820e-08
237  -1.9891e-318
238  3.4539e-06
239  2.7305e-17
240  3.9239e-12
241  0.0000e+00
242  1.8913e-114
243  8.3473e-18
244  4.7763e-08
245  0.0000e+00
246  7.9185e-10
247  1.7618e-14
248  1.2471e-113
249  0.0000e+00
250  0.0000e+00
251  3.7492e-314
252  0.0000e+00
253  0.0000e+00
254  0.0000e+00
255  0.0000e+00
256  0.0000e+00
257  6.8718e-26
258  1.5787e-06
259  4.7367e-26
260  1.3709e-06
261  1.0394e-06
262  9.2561e-07
263  1.2771e-06
264  1.8022e-06
265  2.3570e-06
266  2.9941e-06
267  1.4913e-06
268  1.8934e-06
269  6.0856e-06
270  6.1868e-06
271  4.6310e-06
272  6.2211e-06
273  1.0040e-05
274  1.4002e-05
275  1.4773e-05
276  2.1517e-05
277  5.3154e-06
278  5.6411e-06
279  4.6478e-06
280  2.3442e-06
281  8.8541e-07
282  2.4658e-06
283  2.8975e-06
284  3.3253e-06
285  4.2882e-06
286  6.3007e-06
287  7.3655e-06
288  7.4215e-06
289  6.4430e-06
290  1.3982e-05
291  1.1229e-05
292  7.7954e-05
293  3.8853e-05
294  5.2481e-05
295  2.2925e-05
296  9.0800e-06
297  2.9708e-06
298  9.2845e-07
299  1.4605e-10
300  1.6782e-09
301  2.3081e-05
302  2.0080e-05
303  9.6973e-06
304  2.6143e-05
305  3.1767e-05
306  3.8247e-05
307  1.5338e-05
308  1.5716e-05
309  8.9695e-06
310  1.7181e-05
311  1.1907e-05
312  7.1321e-06
313  7.0868e-06
314  8.3649e-06
315  6.2457e-06
316  8.1162e-06
317  6.5905e-06
318  1.1408e-05
319  1.5062e-05
320  1.2271e-05
321  5.1940e-06
322  1.1940e-05
323  1.4078e-05
324  2.0069e-05
325  2.8794e-06
326  1.8732e-05
327  2.1763e-05
328  3.6794e-06
329  1.5318e-05
330  1.5231e-06
331  4.1208e-06
332  2.7454e-06
333  4.0732e-07
334  1.6182e-07
335  6.0581e-08
336  5.8723e-08
337  2.9806e-06

