1  5.3129e-02
2  3.4259e-03
3  7.8174e-05
4  1.9259e-01
5  0.0000e+00
6  1.0595e-22
7  1.6030e-11
8  6.2663e-07
9  7.9274e-12
10  2.7606e-10
11  8.9683e-10
12  9.3144e-10
13  2.6760e-09
14  9.9758e-07
15  8.8615e-07
16  1.7590e-06
17  1.3430e-08
18  5.8557e-07
19  7.3050e-08
20  1.3700e-06
21  4.2147e-08
22  1.8994e-06
23  7.3912e-07
24  6.5784e-06
25  1.5221e-06
26  2.8667e-06
27  2.4545e-08
28  8.3131e-07
29  8.9422e-08
30  1.6952e-08
31  2.6888e-08
32  3.8913e-07
33  3.6504e-08
34  3.6933e-07
35  1.6024e-08
36  1.7196e-06
37  1.0231e-07
38  6.8401e-07
39  2.0919e-08
40  4.2886e-09
41  2.8753e-10
42  2.7684e-09
43  4.0318e-10
44  5.2838e-09
45  1.1331e-09
46  3.5579e-09
47  6.3027e-10
48  7.3105e-08
49  1.6164e-09
50  2.3914e-09
51  3.6966e-10
52  5.9105e-10
53  3.2543e-10
54  5.4330e-10
55  1.2810e-10
56  1.8984e-10
57  2.4986e-10
58  1.9032e-09
59  1.8099e-11
60  7.0715e-09
61  1.9266e-11
62  1.2896e-10
63  4.1573e-10
64  4.6583e-09
65  2.2628e-11
66  2.0433e-10
67  2.6485e-11
68  2.4318e-10
69  2.0484e-11
70  3.8340e-10
71  4.0931e-11
72  1.8626e-10
73  5.1857e-11
74  4.7702e-10
75  1.5735e-10
76  1.0233e-09
77  2.6172e-11
78  6.3683e-10
79  2.0661e-10
80  2.5669e-09
81  2.6937e-10
82  3.1180e-09
83  7.4879e-11
84  4.1375e-10
85  4.0196e-10
86  2.0397e-09
87  6.2638e-10
88  5.9802e-10
89  7.1776e-10
90  5.6526e-10
91  1.7162e-10
92  3.5767e-10
93  5.0617e-10
94  6.5453e-10
95  2.0699e-10
96  1.5750e-09
97  2.2564e-10
98  4.9566e-10
99  1.4398e-10
100  4.8950e-10
101  6.6609e-11
102  1.7259e-10
103  7.0358e-11
104  1.4224e-10
105  7.7934e-11
106  1.5220e-10
107  6.1229e-11
108  2.0661e-10
109  5.3020e-11
110  3.1977e-10
111  5.2281e-11
112  1.0981e-10
113  8.7813e-11
114  2.9196e-10
115  1.8715e-10
116  2.6445e-10
117  3.1215e-11
118  2.0141e-10
119  8.3317e-11
120  4.7278e-10
121  1.3055e-10
122  9.1971e-10
123  3.0683e-11
124  8.9406e-10
125  2.7150e-10
126  1.9089e-09
127  8.7877e-11
128  1.1474e-09
129  4.0878e-10
130  1.2255e-09
131  3.1369e-09
132  1.4426e-08
133  1.2846e-08
134  5.1474e-08
135  2.4155e-08
136  1.8615e-08
137  5.7796e-10
138  1.0281e-09
139  1.0434e-09
140  2.9706e-09
141  2.3212e-10
142  1.2418e-10
143  1.8450e-10
144  4.7695e-10
145  4.6594e-11
146  1.0490e-10
147  1.4562e-10
148  2.3638e-10
149  1.3816e-11
150  2.6765e-10
151  1.5989e-11
152  6.0673e-11
153  3.2851e-11
154  6.2999e-11
155  8.0001e-12
156  2.5201e-11
157  6.2039e-12
158  1.1153e-11
159  2.4483e-12
160  3.4345e-11
161  1.8634e-12
162  5.8526e-12
163  2.2422e-12
164  5.4541e-12
165  4.9025e-12
166  9.2129e-12
167  5.8787e-12
168  6.0487e-12
169  1.7546e-11
170  9.4072e-12
171  5.5065e-12
172  2.4856e-12
173  1.7676e-12
174  1.5487e-11
175  4.1058e-12
176  9.7378e-12
177  4.3186e-12
178  4.0236e-12
179  3.9230e-12
180  7.1826e-12
181  4.4162e-11
182  2.2942e-11
183  2.7568e-12
184  1.5966e-12
185  1.0383e-12
186  1.5996e-12
187  3.4263e-12
188  1.4873e-12
189  6.6860e-12
190  5.7223e-12
191  1.1181e-11
192  5.8731e-11
193  5.0426e-12
194  1.6777e-11
195  1.0519e-11
196  1.2167e-11
197  1.9859e-11
198  5.3422e-11
199  3.9077e-12
200  1.0733e-11
201  7.1660e-12
202  1.4729e-11
203  1.5957e-11
204  5.3950e-11
205  4.8961e-11
206  1.7113e-10
207  5.6246e-10
208  2.0016e-10
209  5.5732e-10
210  1.2371e-18
211  7.3771e-12
212  2.2766e-33
213  5.0891e-44
214  6.4708e-25
215  1.2253e-29
216  3.1420e-45
217  2.4361e-25
218  1.1121e-26
219  8.0942e-27
220  9.2735e-14
221  6.5044e-38
222  1.9740e-23
223  2.0194e-21
224  2.7158e-23
225  4.2763e-43
226  3.0206e-18
227  1.4075e-18
228  8.7334e-17
229  1.4552e-32
230  1.4236e-16
231  2.1053e-15
232  3.8227e-11
233  7.6777e-30
234  4.6356e-16
235  4.5375e-11
236  1.8794e-13
237  1.7588e-319
238  8.4331e-12
239  3.4512e-20
240  3.7187e-17
241  0.0000e+00
242  4.7209e-63
243  1.0550e-20
244  4.5265e-13
245  0.0000e+00
246  1.7971e-15
247  2.2267e-17
248  3.3394e-62
249  0.0000e+00
250  0.0000e+00
251  5.1120e-303
252  0.0000e+00
253  0.0000e+00
254  0.0000e+00
255  0.0000e+00
256  0.0000e+00
257  1.9479e-26
258  9.5105e-11
259  5.3293e-26
260  5.3599e-10
261  8.9999e-10
262  9.9461e-10
263  1.8529e-09
264  6.3616e-10
265  1.1507e-09
266  9.0333e-10
267  1.7410e-09
268  4.1712e-10
269  1.0278e-10
270  2.2943e-10
271  1.6876e-10
272  6.4812e-11
273  7.1993e-11
274  4.5201e-11
275  1.7458e-10
276  6.0615e-10
277  3.0767e-10
278  1.5520e-10
279  6.4321e-10
280  1.1201e-09
281  7.1993e-10
282  1.5594e-09
283  3.7042e-09
284  1.3140e-08
285  5.6740e-08
286  6.4354e-08
287  5.0836e-08
288  5.3575e-08
289  4.1017e-08
290  2.5108e-08
291  1.0774e-07
292  4.8271e-07
293  2.5088e-07
294  3.2130e-07
295  2.3272e-07
296  4.0814e-07
297  1.6673e-07
298  3.0946e-06
299  2.5708e-09
300  9.2284e-09
301  6.6269e-09
302  6.4318e-09
303  8.6165e-10
304  3.8808e-10
305  3.4582e-11
306  3.8932e-11
307  8.1189e-12
308  3.5504e-12
309  3.7280e-13
310  1.1245e-12
311  3.2590e-13
312  7.6463e-13
313  7.6612e-14
314  7.5598e-13
315  3.0517e-14
316  1.2733e-12
317  2.4969e-14
318  6.1529e-13
319  6.5562e-15
320  1.2073e-13
321  7.8336e-16
322  9.0595e-15
323  1.4416e-15
324  1.6446e-15
325  6.0939e-16
326  2.7678e-16
327  1.6972e-15
328  5.3614e-16
329  4.4135e-15
330  5.7899e-16
331  4.0837e-15
332  3.8976e-16
333  5.1895e-15
334  3.4108e-16
335  4.8882e-15
336  1.8042e-16
337  4.9623e-04

