1  1.1975e-11
2  7.7201e-02
3  7.9791e-21
4  3.0340e-18
5  1.5457e-20
6  3.0501e-08
7  1.7461e-13
8  1.6074e-09
9  1.6638e-14
10  9.6544e-10
11  8.4876e-14
12  6.9130e-10
13  2.9894e-10
14  1.1384e-09
15  9.8501e-10
16  3.5691e-08
17  3.7315e-09
18  2.5505e-09
19  9.3211e-10
20  3.3822e-07
21  3.5704e-09
22  9.7443e-07
23  1.9560e-07
24  4.2926e-06
25  2.2637e-08
26  1.6297e-06
27  8.5669e-07
28  1.8915e-06
29  9.3262e-07
30  2.7683e-06
31  2.0479e-07
32  7.6865e-06
33  2.5645e-06
34  5.7996e-05
35  1.1054e-05
36  3.5635e-05
37  1.4209e-05
38  5.3885e-06
39  3.7502e-05
40  2.1071e-04
41  1.6742e-05
42  3.2161e-04
43  1.4417e-29
44  2.6334e-03
45  2.7161e-04
46  1.6685e-03
47  4.0055e-04
48  4.3092e-04
49  4.1983e-05
50  1.2363e-04
51  2.3545e-05
52  1.9359e-04
53  5.6538e-05
54  1.5497e-05
55  2.1816e-12
56  4.8857e-14
57  1.2008e-16
58  3.8428e-16
59  3.3631e-16
60  1.2097e-16
61  2.7083e-26
62  9.8619e-18
63  1.9669e-18
64  7.9827e-19
65  3.5444e-21
66  9.6751e-21
67  6.4986e-22
68  1.1140e-21
69  7.0464e-23
70  3.9613e-24
71  0.0000e+00
72  0.0000e+00
73  0.0000e+00
74  0.0000e+00
75  0.0000e+00
76  0.0000e+00
77  0.0000e+00
78  0.0000e+00
79  0.0000e+00
80  0.0000e+00
81  0.0000e+00
82  0.0000e+00
83  0.0000e+00
84  0.0000e+00
85  0.0000e+00
86  0.0000e+00
87  0.0000e+00
88  0.0000e+00
89  0.0000e+00
90  0.0000e+00
91  0.0000e+00
92  0.0000e+00
93  0.0000e+00
94  0.0000e+00
95  0.0000e+00
96  0.0000e+00
97  0.0000e+00
98  0.0000e+00
99  0.0000e+00
100  0.0000e+00
101  0.0000e+00
102  0.0000e+00
103  0.0000e+00
104  0.0000e+00
105  0.0000e+00
106  0.0000e+00
107  0.0000e+00
108  0.0000e+00
109  0.0000e+00
110  0.0000e+00
111  0.0000e+00
112  0.0000e+00
113  0.0000e+00
114  0.0000e+00
115  0.0000e+00
116  0.0000e+00
117  0.0000e+00
118  0.0000e+00

