1  1.1408e-11
2  8.2072e-02
3  9.9425e-21
4  2.7327e-17
5  1.9540e-20
6  2.7547e-08
7  2.1841e-12
8  1.3937e-09
9  2.5158e-13
10  7.3208e-10
11  5.1420e-14
12  5.4549e-10
13  3.0440e-10
14  1.5441e-09
15  9.6897e-10
16  4.6748e-08
17  1.0109e-08
18  4.9747e-09
19  2.1419e-09
20  6.0080e-07
21  6.4846e-09
22  1.4200e-06
23  3.6600e-07
24  5.5610e-06
25  4.6555e-08
26  1.3751e-06
27  7.4514e-07
28  1.6572e-06
29  9.1151e-07
30  3.3690e-06
31  2.3614e-07
32  8.4431e-06
33  3.3134e-06
34  6.3690e-05
35  1.2163e-05
36  4.0347e-05
37  1.6350e-05
38  3.0882e-06
39  3.2105e-05
40  1.8664e-04
41  1.8470e-05
42  2.6665e-04
43  1.2932e-29
44  2.1575e-03
45  2.3676e-04
46  1.6701e-03
47  4.7104e-04
48  4.1642e-04
49  3.5136e-05
50  2.0784e-04
51  2.9808e-05
52  3.2890e-04
53  9.2749e-05
54  2.5274e-05
55  2.2530e-12
56  3.1866e-13
57  7.0563e-16
58  2.1979e-15
59  1.3474e-15
60  6.5771e-16
61  2.8976e-316
62  9.4043e-17
63  1.6777e-17
64  6.6167e-18
65  3.6201e-20
66  1.0009e-19
67  6.4701e-21
68  1.1831e-20
69  9.0166e-22
70  7.0083e-23
71  7.9338e-25
72  0.0000e+00
73  0.0000e+00
74  0.0000e+00
75  0.0000e+00
76  0.0000e+00
77  0.0000e+00
78  0.0000e+00
79  0.0000e+00
80  0.0000e+00
81  0.0000e+00
82  0.0000e+00
83  0.0000e+00
84  0.0000e+00
85  0.0000e+00
86  0.0000e+00
87  0.0000e+00
88  0.0000e+00
89  0.0000e+00
90  0.0000e+00
91  0.0000e+00
92  0.0000e+00
93  0.0000e+00
94  0.0000e+00
95  0.0000e+00
96  0.0000e+00
97  0.0000e+00
98  0.0000e+00
99  0.0000e+00
100  0.0000e+00
101  0.0000e+00
102  0.0000e+00
103  0.0000e+00
104  0.0000e+00
105  0.0000e+00
106  0.0000e+00
107  0.0000e+00
108  0.0000e+00
109  0.0000e+00
110  0.0000e+00
111  0.0000e+00
112  0.0000e+00
113  0.0000e+00
114  0.0000e+00
115  0.0000e+00
116  0.0000e+00
117  0.0000e+00
118  0.0000e+00

