    1      2  8.1641e-09  1.6328e-08
    2      3  6.7048e-10  2.0114e-09
    3      6  2.4756e-11  1.4854e-10
    3      7  2.0376e-09  1.4263e-08
    4      8  3.9903e-08  3.1923e-07
    4      9  1.7269e-08  1.5542e-07
    5     10  3.3368e-07  3.3368e-06
    5     11  2.9804e-09  3.2784e-08
    6     12  1.4337e-08  1.7205e-07
    6     13  1.9709e-07  2.5622e-06
    7     14  9.9780e-08  1.3969e-06
    7     15  2.1188e-05  3.1782e-04
    8     16  4.6327e-07  7.4123e-06
    8     17  1.4834e-08  2.5217e-07
    8     18  8.8858e-08  1.5994e-06
    9     19  1.7182e-06  3.2646e-05
   10     20  2.4202e-06  4.8404e-05
   10     21  8.8353e-07  1.8554e-05
   10     22  3.2721e-09  7.1987e-08
   11     23  7.9131e-07  1.8200e-05
   12     24  7.7752e-07  1.8661e-05
   12     25  7.4365e-07  1.8591e-05
   12     26  6.7326e-08  1.7505e-06
   13     26  2.2671e-19  5.8945e-18
   13     27  7.1661e-08  1.9348e-06
   14     28  1.6561e-07  4.6371e-06
   14     29  5.7726e-08  1.6740e-06
   14     30  6.9107e-08  2.0732e-06
   15     31  7.3836e-08  2.2889e-06
   16     32  6.6517e-08  2.1286e-06
   16     33  1.2235e-07  4.0375e-06
   16     34  1.2113e-07  4.1184e-06
   16     36  1.9197e-08  6.9111e-07
   17     35  3.1246e-09  1.0936e-07
   17     37  3.4301e-08  1.2691e-06
   18     36  2.1077e-19  7.5878e-18
   18     38  4.3282e-08  1.6447e-06
   18     40  1.7420e-08  6.9680e-07
   19     39  1.1076e-08  4.3195e-07
   19     41  9.8493e-08  4.0382e-06
   20     42  1.2950e-07  5.4389e-06
   20     43  1.6595e-08  7.1359e-07
   20     44  9.0485e-08  3.9813e-06
   20     46  4.1574e-08  1.9124e-06
   21     45  7.1448e-08  3.2152e-06
   22     46  2.7719e-18  1.2751e-16
   22     47  8.9699e-08  4.2159e-06
   22     48  1.0914e-07  5.2387e-06
   22     49  1.8298e-08  8.9659e-07
   22     50  6.9526e-08  3.4763e-06
   23     51  1.3991e-07  7.1352e-06
   24     52  2.2473e-07  1.1686e-05
   24     53  7.3190e-08  3.8791e-06
   24     54  4.9714e-08  2.6845e-06
   25     55  7.3822e-08  4.0602e-06
   26     56  7.9282e-08  4.4398e-06
   26     57  1.7720e-07  1.0100e-05
   26     58  1.3373e-09  7.7562e-08
   27     59  4.9372e-09  2.9130e-07
   28     60  9.0349e-09  5.4209e-07
   28     61  1.3769e-08  8.3990e-07
   28     62  3.8946e-08  2.4147e-06
   28     64  6.2231e-08  3.9828e-06
   29     63  7.6294e-07  4.8065e-05
   29     65  1.8996e-07  1.2347e-05
   30     64  3.8374e-19  2.4559e-17
   30     66  4.5329e-07  2.9917e-05
   30     67  4.1968e-07  2.8119e-05
   30     68  7.8983e-08  5.3709e-06
   30     70  1.0087e-07  7.0611e-06
   31     69  2.3183e-08  1.5996e-06
   31     71  4.5128e-08  3.2041e-06
   32     70  2.3910e-14  1.6737e-12
   32     72  1.6632e-07  1.1975e-05
   32     73  2.0230e-07  1.4768e-05
   32     74  1.0955e-06  8.1066e-05
   32     76  1.9820e-06  1.5063e-04
   33     75  3.6153e-06  2.7115e-04
   34     76  8.9795e-12  6.8245e-10
   34     77  3.2678e-06  2.5162e-04
   34     78  2.5381e-06  1.9797e-04
   34     80  3.6159e-06  2.8927e-04
   34     82  8.6833e-07  7.1203e-05
   35     79  1.8783e-06  1.4838e-04
   35     81  7.0616e-07  5.7199e-05
   36     82  7.9423e-12  6.5127e-10
   36     83  8.0089e-07  6.6474e-05
   36     84  3.9557e-07  3.3228e-05
   36     86  3.2848e-07  2.8249e-05
   37     85  1.5325e-07  1.3026e-05
   37     87  4.9119e-07  4.2734e-05
   38     86  3.7083e-18  3.1892e-16
   38     87  3.5966e-09  3.1291e-07
   38     88  7.2990e-07  6.4231e-05
   39     89  3.4877e-07  3.1041e-05
   40     90  4.9273e-07  4.4346e-05
   40     91  4.1118e-07  3.7418e-05
   40     92  6.9112e-07  6.3583e-05
   40     94  8.0203e-07  7.5391e-05
   41     93  1.2765e-06  1.1871e-04
   42     95  7.3295e-07  6.9630e-05
   42     96  3.0638e-07  2.9413e-05
   42     97  4.5922e-07  4.4545e-05
   42     98  2.7499e-07  2.6949e-05
   42    100  2.3395e-07  2.3395e-05
   44     99  1.8860e-07  1.8672e-05
   44    100  4.3452e-14  4.3452e-12
   44    101  1.2423e-07  1.2547e-05
   44    102  2.3965e-07  2.4444e-05
   44    104  1.9164e-07  1.9930e-05
   45    103  2.7762e-07  2.8595e-05
   46    104  2.8448e-15  2.9586e-13
   46    105  3.3804e-07  3.5495e-05
   46    106  2.3283e-07  2.4680e-05
   46    108  2.8459e-07  3.0736e-05
   46    110  5.6189e-07  6.1808e-05
   47    107  4.1056e-07  4.3930e-05
   47    109  3.9882e-07  4.3471e-05
   48    110  4.8019e-13  5.2821e-11
   48    111  7.0661e-08  7.8433e-06
   48    112  2.3951e-07  2.6825e-05
   48    113  1.9066e-07  2.1545e-05
   48    114  1.9085e-07  2.1757e-05
   48    116  2.0040e-08  2.3247e-06
   49    113  8.3911e-15  9.4819e-13
   49    115  1.6369e-07  1.8824e-05
   50    115  1.3060e-13  1.5019e-11
   50    116  5.2522e-15  6.0926e-13
   50    117  9.3366e-08  1.0924e-05
   50    118  7.3960e-08  8.7273e-06
   50    119  6.7572e-08  8.0411e-06
   50    120  3.2513e-07  3.9015e-05
   50    122  6.4602e-07  7.8814e-05
   50    124  5.1315e-06  6.3631e-04
   51    121  5.7788e-07  6.9923e-05
   51    123  1.2391e-06  1.5240e-04
   52    122  2.5698e-13  3.1351e-11
   52    124  3.7797e-15  4.6868e-13
   52    125  3.7962e-06  4.7452e-04
   52    126  9.1367e-06  1.1512e-03
   52    128  1.1302e-05  1.4466e-03
   52    130  2.2601e-06  2.9381e-04
   53    127  7.6158e-06  9.6721e-04
   53    129  2.7695e-14  3.5727e-12
   54    128  1.0861e-16  1.3903e-14
   54    129  1.1394e-05  1.4699e-03
   54    130  4.0934e-13  5.3214e-11
   54    131  3.1705e-06  4.1534e-04
   54    132  5.8257e-06  7.6899e-04
   54    134  2.6432e-06  3.5419e-04
   54    136  1.9605e-06  2.6663e-04
   55    133  3.1402e-06  4.1765e-04
   56    134  6.2545e-17  8.3810e-15
   56    135  9.3792e-07  1.2662e-04
   56    136  2.3796e-15  3.2363e-13
   56    137  1.5029e-06  2.0589e-04
   56    138  1.7827e-06  2.4602e-04
   57    139  4.9613e-07  6.8963e-05
   58    140  2.4974e-06  3.4963e-04
   58    142  1.7442e-06  2.4767e-04
   59    141  1.5183e-06  2.1408e-04
   60    142  8.1941e-18  1.1636e-15
   60    143  5.2255e-07  7.4725e-05
   60    144  1.1047e-06  1.5908e-04
   60    145  4.0191e-07  5.8276e-05
   60    146  9.8847e-07  1.4432e-04
   60    148  1.1301e-06  1.6726e-04
   60    150  4.7173e-07  7.0759e-05
   62    147  1.2711e-06  1.8685e-04
   62    148  1.0075e-14  1.4911e-12
   62    149  4.0700e-07  6.0644e-05
   62    150  8.0653e-12  1.2098e-09
   62    152  1.1103e-06  1.6877e-04
   62    154  9.9766e-07  1.5364e-04
   63    151  7.0132e-07  1.0590e-04
   63    153  6.1770e-07  9.4508e-05
   64    154  2.8647e-13  4.4116e-11
   64    155  1.1710e-06  1.8150e-04
   64    156  8.2229e-07  1.2828e-04
   64    157  5.9040e-07  9.2693e-05
   64    158  9.3181e-07  1.4723e-04
   64    160  1.0491e-06  1.6786e-04
   65    159  6.9830e-07  1.1103e-04
   66    160  1.6249e-13  2.5998e-11
   66    161  6.2196e-07  1.0014e-04
   66    162  5.8384e-07  9.4581e-05
   66    163  4.3136e-07  7.0311e-05
   66    164  1.5377e-06  2.5218e-04
   67    165  9.7578e-07  1.6100e-04
   68    166  1.2840e-06  2.1314e-04
   68    167  1.1740e-06  1.9605e-04
   68    168  1.5165e-06  2.5476e-04
   68    170  1.2154e-06  2.0662e-04
   69    169  2.1581e-06  3.6472e-04
   70    170  8.8873e-14  1.5108e-11
   70    171  9.8427e-07  1.6831e-04
   70    172  8.0669e-07  1.3875e-04
   70    173  8.7617e-07  1.5158e-04
   70    174  1.7126e-06  2.9799e-04
   70    176  1.3786e-06  2.4263e-04
   71    175  7.2379e-07  1.2666e-04
   71    176  1.7692e-14  3.1138e-12
   72    176  1.6564e-16  2.9153e-14
   72    177  8.3374e-07  1.4757e-04
   72    178  7.4968e-07  1.3344e-04
   72    179  6.5564e-07  1.1736e-04
   72    180  1.4234e-06  2.5621e-04
   72    182  1.7547e-20  3.1935e-18
   73    181  1.4983e-06  2.7120e-04
   74    182  2.6146e-06  4.7585e-04
   74    183  9.5535e-07  1.7483e-04
   74    184  2.6495e-06  4.8750e-04
   74    186  6.8936e-06  1.2822e-03
   75    185  1.4220e-06  2.6308e-04
   75    187  2.9340e-06  5.4866e-04
   76    186  5.1098e-16  9.5042e-14
   76    187  2.3845e-08  4.4590e-06
   76    188  1.0002e-05  1.8804e-03
   76    189  7.4799e-06  1.4137e-03
   76    190  3.9595e-05  7.5231e-03
   76    192  3.9164e-05  7.5195e-03
   77    191  4.6641e-05  8.9084e-03
   77    193  3.9770e-05  7.6755e-03
   78    192  1.0551e-12  2.0258e-10
   78    194  5.7990e-05  1.1250e-02
   78    195  4.5416e-05  8.8561e-03
   78    196  3.2826e-05  6.4338e-03
   78    198  9.4558e-06  1.8722e-03
   79    197  2.2517e-05  4.4359e-03
   80    198  3.0424e-12  6.0239e-10
   80    199  3.4640e-06  6.8935e-04
   80    200  1.0103e-06  2.0206e-04
   80    201  4.4826e-07  9.0100e-05
   80    202  1.3645e-06  2.7564e-04
   80    204  1.4403e-05  2.9382e-03
   81    203  4.8183e-06  9.7812e-04
   81    205  5.0829e-06  1.0420e-03
   81    207  5.3757e-19  1.1128e-16
   81    208  1.1547e-20  2.4018e-18
   82    204  4.5635e-15  9.3095e-13
   82    206  1.5620e-04  3.2178e-02
   82    207  1.1992e-04  2.4823e-02
   82    208  1.4740e-04  3.0660e-02
   82    210  2.1638e-13  4.5440e-11
   82    211  4.0903e-18  8.6304e-16
   82    212  6.7276e-18  1.4263e-15
   82    214  4.9689e-19  1.0633e-16
   83    209  1.3935e-04  2.9124e-02
   83    210  1.3366e-16  2.8069e-14
   83    211  2.4202e-19  5.1066e-17
   83    212  6.3783e-19  1.3522e-16
   83    214  3.6734e-19  7.8610e-17
   84    210  3.6905e-15  7.7500e-13
   84    218  5.7379e-20  1.2509e-17
   86    222  1.0187e-16  2.2615e-14
   87    223  3.4340e-20  7.6578e-18
   88    223  1.8622e-15  4.1527e-13
   88    224  5.5159e-17  1.2356e-14
   88    226  1.5588e-11  3.5229e-09
   88    228  3.1794e-14  7.2490e-12
   89    227  1.2950e-12  2.9396e-10
   89    228  3.8823e-18  8.8516e-16
   90    227  2.9929e-15  6.7940e-13
   90    228  1.0593e-14  2.4151e-12
   90    230  7.3465e-10  1.6897e-07
   90    231  1.7322e-16  4.0014e-14
   90    232  7.7641e-05  1.8013e-02
   90    234  6.4203e-16  1.5023e-13
   91    231  1.9415e-09  4.4848e-07
   91    234  7.4390e-18  1.7407e-15
   92    234  2.3922e-09  5.5978e-07
   92    235  4.1844e-05  9.8332e-03
   92    236  2.1646e-07  5.1086e-05
   92    238  4.3520e-05  1.0358e-02
   92    240  1.0503e-17  2.5207e-15
   93    240  7.6703e-19  1.8409e-16
   94    239  1.1788e-16  2.8174e-14
   94    240  4.2851e-11  1.0284e-08
   94    244  5.2160e-07  1.2727e-04
   95    243  3.6037e-17  8.7570e-15
   96    244  1.4157e-16  3.4542e-14
   96    247  7.6060e-14  1.8787e-11
   97    246  7.0285e-09  1.7290e-06
  100    258  1.4303e-05  3.6901e-03
  100    260  1.6509e-05  4.2923e-03
  100    262  1.4348e-05  3.7592e-03
  102    260  4.4952e-16  1.1687e-13
  102    261  1.2838e-05  3.3508e-03
  102    263  8.9262e-06  2.3476e-03
  102    264  1.1939e-05  3.1520e-03
  102    266  8.1058e-06  2.1561e-03
  103    265  7.6027e-06  2.0147e-03
  104    267  3.7970e-06  1.0138e-03
  104    268  2.2139e-06  5.9332e-04
  104    270  3.3107e-06  8.9389e-04
  104    272  4.7440e-07  1.2904e-04
  104    274  2.8690e-07  7.8611e-05
  105    269  4.7368e-06  1.2742e-03
  105    271  1.1342e-06  3.0737e-04
  106    273  3.5560e-07  9.7079e-05
  106    274  4.9726e-19  1.3625e-16
  106    275  8.1972e-08  2.2542e-05
  106    276  1.1354e-07  3.1336e-05
  106    278  1.1438e-07  3.1797e-05
  106    280  5.6500e-08  1.5820e-05
  107    277  3.2655e-08  9.0454e-06
  108    279  1.1063e-07  3.0866e-05
  108    281  6.3483e-08  1.7839e-05
  108    282  4.8438e-07  1.3659e-04
  108    283  6.2188e-08  1.7599e-05
  108    284  1.8612e-07  5.2859e-05
  108    286  1.4472e-07  4.1389e-05
  110    285  6.5896e-09  1.8780e-06
  110    286  8.0399e-18  2.2994e-15
  110    287  1.3713e-07  3.9357e-05
  110    288  2.8627e-08  8.2445e-06
  110    290  8.2829e-08  2.4020e-05
  111    289  2.6350e-08  7.6150e-06
  111    290  3.7801e-17  1.0962e-14
  111    291  1.3854e-12  4.0314e-10
  111    292  1.1630e-07  3.3958e-05
  111    293  6.5643e-09  1.9233e-06
  111    294  6.7411e-09  1.9819e-06
  111    295  1.2230e-09  3.6077e-07
  111    296  4.0275e-10  1.1922e-07
  111    297  2.8986e-10  8.6090e-08
  111    298  7.5266e-12  2.2429e-09
  111    299  7.5307e-14  2.2517e-11
  111    300  8.6188e-13  2.5856e-10
  111    301  9.9131e-09  2.9838e-06
  111    302  5.9042e-09  1.7831e-06
  111    303  4.0268e-09  1.2201e-06
  111    304  7.5398e-09  2.2921e-06
  111    305  5.5153e-09  1.6822e-06
  111    306  4.4265e-09  1.3545e-06
  111    307  9.0929e-10  2.7915e-07
  111    308  9.0911e-10  2.8001e-07
  111    309  5.0033e-10  1.5460e-07
  111    310  6.1277e-10  1.8996e-07
  111    311  3.9218e-10  1.2197e-07
  111    312  2.4254e-10  7.5674e-08
  111    313  2.0406e-10  6.3870e-08
  111    314  2.2884e-10  7.1856e-08
  111    315  1.2676e-10  3.9929e-08
  111    316  1.8986e-10  5.9996e-08
  111    317  1.0734e-10  3.4026e-08
  111    318  1.8237e-10  5.7992e-08
  111    319  1.7212e-10  5.4906e-08
  111    320  1.7127e-10  5.4805e-08
  111    321  5.8971e-11  1.8930e-08
  111    322  8.8051e-11  2.8352e-08
  111    323  9.1955e-11  2.9701e-08
  111    324  7.5147e-11  2.4348e-08
  111    325  8.5086e-12  2.7653e-09
  111    326  5.3361e-11  1.7396e-08
  111    327  5.3461e-11  1.7482e-08
  111    328  1.3055e-12  4.2820e-10
  111    329  2.6973e-11  8.8742e-09
  111    330  1.3398e-12  4.4213e-10
  111    331  1.5398e-12  5.0966e-10
  111    332  1.5390e-12  5.1095e-10
  111    333  1.2879e-13  4.2888e-11
  111    334  7.1384e-14  2.3842e-11
  111    335  1.5158e-14  5.0778e-12
  111    336  2.5789e-14  8.6650e-12
  111    337  7.6877e-13  2.5908e-10
    1      1  1.3052e-07  1.3052e-07
    2      4  1.7941e-01  7.1765e-01


