    1      2  4.0745e-03  8.1490e-03
    1      3  1.8841e-19  5.6524e-19
    2      3  9.6259e-05  2.8878e-04
    3      7  1.5700e-11  1.0990e-10
    4      8  9.5064e-07  7.6051e-06
    4      9  6.6997e-12  6.0297e-11
    5     10  2.6291e-10  2.6291e-09
    5     11  9.0482e-10  9.9530e-09
    6     12  9.7669e-10  1.1720e-08
    6     13  2.9375e-09  3.8188e-08
    7     14  9.8194e-07  1.3747e-05
    7     15  8.9363e-07  1.3404e-05
    8     16  1.6769e-06  2.6831e-05
    8     17  1.2573e-08  2.1374e-07
    8     18  5.5258e-07  9.9464e-06
    9     19  7.3978e-08  1.4056e-06
   10     20  8.5886e-08  1.7177e-06
   10     21  3.0158e-08  6.3333e-07
   10     22  4.4746e-06  9.8442e-05
   11     23  1.0495e-06  2.4139e-05
   12     24  3.7847e-06  9.0834e-05
   12     25  3.0421e-06  7.6053e-05
   12     26  4.7173e-06  1.2265e-04
   13     27  3.9341e-08  1.0622e-06
   14     28  1.1195e-06  3.1346e-05
   14     29  7.3483e-08  2.1310e-06
   14     30  1.6735e-08  5.0206e-07
   15     31  2.9821e-08  9.2444e-07
   16     32  4.1499e-07  1.3280e-05
   16     33  4.1685e-08  1.3756e-06
   16     34  9.9717e-08  3.3904e-06
   16     36  6.3565e-07  2.2883e-05
   17     35  4.8372e-08  1.6930e-06
   17     37  3.0319e-08  1.1218e-06
   18     36  2.5426e-13  9.1534e-12
   18     38  2.2432e-07  8.5242e-06
   18     40  1.2728e-09  5.0911e-08
   19     39  7.4924e-09  2.9220e-07
   19     40  6.5912e-19  2.6365e-17
   19     41  1.3061e-10  5.3552e-09
   20     40  1.8936e-19  7.5743e-18
   20     42  1.0086e-09  4.2360e-08
   20     43  1.8131e-10  7.7965e-09
   20     44  1.2387e-09  5.4504e-08
   20     46  1.4450e-09  6.6472e-08
   21     45  6.8128e-10  3.0657e-08
   22     46  2.1387e-16  9.8380e-15
   22     47  2.9466e-10  1.3849e-08
   22     48  2.6010e-08  1.2485e-06
   22     49  3.8231e-10  1.8733e-08
   22     50  6.4111e-10  3.2056e-08
   23     51  7.7579e-11  3.9565e-09
   24     52  3.4672e-11  1.8030e-09
   24     53  5.4057e-11  2.8650e-09
   24     54  1.3925e-10  7.5194e-09
   25     55  1.1593e-11  6.3762e-10
   26     56  1.0164e-11  5.6920e-10
   26     57  4.6565e-11  2.6542e-09
   26     58  4.5830e-10  2.6581e-08
   27     59  4.3133e-12  2.5449e-10
   28     60  2.1260e-09  1.2756e-07
   28     61  7.7313e-12  4.7161e-10
   28     62  2.7618e-11  1.7123e-09
   28     64  1.4612e-09  9.3518e-08
   29     63  7.4995e-11  4.7247e-09
   29     65  7.0807e-12  4.6024e-10
   30     64  1.5067e-19  9.6432e-18
   30     66  6.3032e-11  4.1601e-09
   30     67  8.8125e-12  5.9044e-10
   30     68  6.2392e-11  4.2427e-09
   30     70  8.8155e-11  6.1708e-09
   31     69  4.6895e-12  3.2357e-10
   31     71  1.0066e-11  7.1465e-10
   32     70  4.2033e-14  2.9423e-12
   32     72  4.2586e-11  3.0662e-09
   32     73  8.2410e-12  6.0160e-10
   32     74  1.4607e-11  1.0809e-09
   32     76  1.7371e-10  1.3202e-08
   33     75  1.1896e-11  8.9216e-10
   34     76  1.4156e-13  1.0758e-11
   34     77  5.5286e-12  4.2570e-10
   34     78  1.1474e-10  8.9495e-09
   34     80  2.0479e-10  1.6384e-08
   34     82  7.8309e-10  6.4213e-08
   35     79  2.9668e-11  2.3438e-09
   35     81  1.8747e-11  1.5185e-09
   36     82  1.0015e-12  8.2125e-11
   36     83  1.6160e-11  1.3413e-09
   36     84  2.7459e-11  2.3066e-09
   36     86  4.8774e-10  4.1945e-08
   37     85  1.3965e-10  1.1870e-08
   37     87  3.3881e-11  2.9476e-09
   38     86  5.8055e-17  4.9927e-15
   38     87  2.4804e-13  2.1579e-11
   38     88  1.7008e-10  1.4967e-08
   39     89  5.2019e-11  4.6297e-09
   40     90  1.0189e-10  9.1697e-09
   40     91  4.8021e-11  4.3699e-09
   40     92  2.1482e-10  1.9763e-08
   40     94  7.7137e-11  7.2509e-09
   41     93  6.5958e-11  6.1341e-09
   42     95  1.1359e-10  1.0791e-08
   42     96  6.8329e-10  6.5596e-08
   42     97  1.0020e-10  9.7192e-09
   42     98  1.4812e-10  1.4515e-08
   42    100  1.6516e-10  1.6516e-08
   44     99  6.7744e-11  6.7066e-09
   44    100  8.5412e-14  8.5412e-12
   44    101  2.1643e-11  2.1859e-09
   44    102  6.0680e-11  6.1893e-09
   44    104  3.4123e-11  3.5488e-09
   45    103  2.8794e-11  2.9657e-09
   46    104  1.7598e-15  1.8302e-13
   46    105  1.6156e-11  1.6964e-09
   46    106  4.0309e-11  4.2727e-09
   46    108  6.5440e-11  7.0675e-09
   46    110  1.0237e-10  1.1261e-08
   47    107  1.7691e-11  1.8929e-09
   47    109  1.6375e-11  1.7849e-09
   48    110  1.0563e-13  1.1620e-11
   48    111  1.6581e-11  1.8405e-09
   48    112  5.2551e-11  5.8858e-09
   48    113  1.9757e-11  2.2325e-09
   48    114  9.4065e-11  1.0723e-08
   48    116  5.3264e-11  6.1786e-09
   49    113  8.6951e-19  9.8255e-17
   49    115  4.0036e-11  4.6041e-09
   50    115  3.1943e-17  3.6734e-15
   50    116  5.2616e-14  6.1034e-12
   50    117  1.0174e-11  1.1903e-09
   50    118  6.1188e-11  7.2202e-09
   50    119  2.4471e-11  2.9120e-09
   50    120  1.6936e-10  2.0323e-08
   50    122  3.2775e-10  3.9986e-08
   50    124  3.3102e-10  4.1046e-08
   51    121  3.8623e-11  4.6734e-09
   51    123  1.0976e-11  1.3500e-09
   52    122  6.8657e-14  8.3762e-12
   52    124  9.6629e-15  1.1982e-12
   52    125  1.2655e-10  1.5819e-08
   52    126  8.5017e-10  1.0712e-07
   52    128  5.7584e-10  7.3707e-08
   52    130  1.4530e-09  1.8890e-07
   53    127  5.0263e-11  6.3834e-09
   53    129  1.1339e-16  1.4628e-14
   54    128  8.7073e-18  1.1145e-15
   54    129  2.7931e-10  3.6030e-08
   54    130  1.1384e-13  1.4800e-11
   54    131  3.8242e-09  5.0097e-07
   54    132  8.2302e-09  1.0864e-06
   54    134  3.3717e-08  4.5181e-06
   54    136  5.2117e-09  7.0879e-07
   55    133  1.3856e-08  1.8429e-06
   56    134  9.2479e-15  1.2392e-12
   56    135  9.1796e-09  1.2392e-06
   56    136  2.6325e-13  3.5802e-11
   56    137  2.0231e-10  2.7717e-08
   56    138  1.9167e-09  2.6451e-07
   57    139  5.2666e-10  7.3206e-08
   58    140  6.7792e-10  9.4909e-08
   58    142  3.0024e-10  4.2635e-08
   59    141  1.1722e-10  1.6527e-08
   60    142  9.9192e-18  1.4085e-15
   60    143  1.2119e-10  1.7330e-08
   60    144  1.8576e-10  2.6749e-08
   60    145  1.7210e-11  2.4954e-09
   60    146  7.4024e-11  1.0808e-08
   60    148  5.7928e-11  8.5734e-09
   60    150  1.1494e-10  1.7241e-08
   62    147  3.6381e-11  5.3481e-09
   62    148  8.5373e-16  1.2635e-13
   62    149  6.0784e-12  9.0568e-10
   62    150  1.3377e-13  2.0065e-11
   62    152  2.0464e-11  3.1105e-09
   62    154  2.0211e-11  3.1124e-09
   63    151  5.5714e-12  8.4128e-10
   63    153  9.0078e-12  1.3782e-09
   64    154  5.8063e-15  8.9418e-13
   64    155  2.8708e-12  4.4498e-10
   64    156  1.1864e-11  1.8508e-09
   64    157  2.3596e-12  3.7046e-10
   64    158  6.8871e-12  1.0882e-09
   64    160  1.4363e-11  2.2981e-09
   65    159  1.3499e-12  2.1463e-10
   66    160  2.5926e-16  4.1481e-14
   66    161  1.1514e-12  1.8537e-10
   66    162  2.7369e-12  4.4337e-10
   66    163  9.1658e-13  1.4940e-10
   66    164  2.2859e-12  3.7489e-10
   67    165  1.8117e-12  2.9893e-10
   68    166  6.3972e-12  1.0619e-09
   68    167  2.0811e-12  3.4754e-10
   68    168  3.2731e-12  5.4989e-10
   68    170  1.8113e-12  3.0791e-10
   69    169  3.4379e-12  5.8100e-10
   70    170  3.6948e-16  6.2811e-14
   70    171  1.4213e-12  2.4304e-10
   70    172  1.0259e-12  1.7645e-10
   70    173  5.4058e-13  9.3520e-11
   70    174  3.5446e-12  6.1676e-10
   70    176  3.2755e-12  5.7649e-10
   71    175  1.1177e-12  1.9559e-10
   71    176  1.2246e-16  2.1553e-14
   72    176  1.1463e-18  2.0174e-16
   72    177  1.3712e-12  2.4270e-10
   72    178  1.3859e-12  2.4668e-10
   72    179  8.6354e-13  1.5457e-10
   72    180  2.9807e-12  5.3652e-10
   73    181  3.3142e-12  5.9987e-10
   74    182  3.1042e-12  5.6496e-10
   74    183  2.0566e-12  3.7635e-10
   74    184  9.0254e-13  1.6607e-10
   74    186  1.0392e-12  1.9329e-10
   75    185  5.3947e-13  9.9803e-11
   75    187  1.5755e-12  2.9461e-10
   76    186  5.7274e-19  1.0653e-16
   76    187  1.2802e-14  2.3939e-12
   76    188  1.1777e-12  2.2140e-10
   76    189  3.8630e-12  7.3011e-10
   76    190  2.8022e-12  5.3242e-10
   76    192  2.7810e-11  5.3396e-09
   77    191  6.7570e-12  1.2906e-09
   77    193  2.0690e-12  3.9932e-10
   78    192  5.0328e-16  9.6629e-14
   78    194  6.3811e-12  1.2379e-09
   78    195  4.2896e-12  8.3648e-10
   78    196  6.7194e-12  1.3170e-09
   78    198  2.6037e-11  5.1553e-09
   79    197  8.0251e-12  1.5809e-09
   80    198  7.7022e-15  1.5250e-12
   80    199  4.5872e-12  9.1284e-10
   80    200  1.2241e-11  2.4483e-09
   80    201  1.9574e-12  3.9344e-10
   80    202  8.1784e-12  1.6520e-09
   80    204  1.7431e-11  3.5558e-09
   81    203  1.1994e-11  2.4348e-09
   81    205  2.9587e-11  6.0653e-09
   81    210  3.0989e-17  6.5078e-15
   82    204  9.7611e-17  1.9913e-14
   82    206  7.3555e-11  1.5152e-08
   82    207  1.9147e-10  3.9634e-08
   82    208  9.9126e-11  2.0618e-08
   83    209  3.2765e-10  6.8478e-08
   83    212  1.9308e-13  4.0932e-11
   84    214  1.5544e-13  3.3264e-11
   84    215  3.2608e-12  7.0107e-10
   86    220  6.7834e-14  1.4923e-11
   88    226  1.7406e-18  3.9337e-16
   88    228  1.0711e-20  2.4422e-18
   89    227  9.0609e-19  2.0568e-16
   90    230  8.2033e-17  1.8868e-14
   90    232  2.6158e-11  6.0686e-09
   91    231  1.3584e-15  3.1380e-13
   92    234  2.6712e-16  6.2507e-14
   92    235  2.9278e-11  6.8803e-09
   92    236  1.2877e-13  3.0390e-11
   92    238  4.8595e-12  1.1566e-09
   94    239  2.5152e-20  6.0114e-18
   94    240  2.5481e-17  6.1155e-15
   94    244  3.1016e-13  7.5680e-11
   96    247  1.6229e-17  4.0084e-15
   97    246  1.0581e-15  2.6030e-13
  100    258  5.8807e-11  1.5172e-08
  100    260  3.2937e-10  8.5636e-08
  100    262  2.7918e-10  7.3145e-08
  102    260  1.2637e-17  3.2856e-15
  102    261  2.7647e-10  7.2159e-08
  102    263  7.5153e-10  1.9765e-07
  102    264  3.6957e-10  9.7567e-08
  102    266  1.8449e-10  4.9074e-08
  103    265  1.2924e-10  3.4248e-08
  104    267  5.9766e-10  1.5957e-07
  104    268  5.6800e-10  1.5222e-07
  104    270  1.7346e-10  4.6834e-08
  104    272  5.2325e-11  1.4232e-08
  104    274  4.6225e-11  1.2666e-08
  105    269  1.5586e-10  4.1927e-08
  105    271  9.1783e-11  2.4873e-08
  106    273  2.6908e-11  7.3458e-09
  106    274  3.5877e-18  9.8304e-16
  106    275  1.1533e-10  3.1715e-08
  106    276  4.1383e-10  1.1422e-07
  106    278  1.7824e-10  4.9552e-08
  106    280  2.3383e-10  6.5474e-08
  107    277  7.8865e-11  2.1845e-08
  108    279  5.6392e-10  1.5733e-07
  108    280  5.1851e-20  1.4518e-17
  108    281  4.1064e-11  1.1539e-08
  108    282  1.4253e-09  4.0193e-07
  108    283  5.2696e-09  1.4913e-06
  108    284  1.3375e-07  3.7985e-05
  108    286  3.2209e-08  9.2118e-06
  110    285  1.7290e-08  4.9276e-06
  110    286  5.3299e-13  1.5244e-10
  110    287  1.4157e-07  4.0631e-05
  110    288  1.1283e-07  3.2495e-05
  110    290  1.6077e-07  4.6623e-05
  111    289  9.0588e-08  2.6180e-05
  111    290  2.9316e-12  8.5017e-10
  111    291  1.0081e-07  2.9337e-05
  111    292  6.6643e-07  1.9460e-04
  111    293  2.3864e-07  6.9923e-05
  111    294  3.5098e-07  1.0319e-04
  111    295  2.9973e-07  8.8420e-05
  111    296  6.2511e-07  1.8503e-04
  111    297  1.1726e-06  3.4825e-04
  111    298  3.0883e-06  9.2031e-04
  111    299  4.1287e-09  1.2345e-06
  111    300  1.3930e-08  4.1791e-06
  111    301  1.0804e-08  3.2520e-06
  111    302  1.1421e-08  3.4492e-06
  111    303  1.6954e-09  5.1370e-07
  111    304  7.4810e-10  2.2742e-07
  111    305  6.8519e-11  2.0898e-08
  111    306  7.1087e-11  2.1753e-08
  111    307  1.5537e-11  4.7700e-09
  111    308  6.9323e-12  2.1351e-09
  111    309  7.3868e-13  2.2825e-10
  111    310  2.0457e-12  6.3416e-10
  111    311  6.2105e-13  1.9315e-10
  111    312  1.3752e-12  4.2907e-10
  111    313  1.3288e-13  4.1591e-11
  111    314  1.3177e-12  4.1377e-10
  111    315  5.3072e-14  1.6718e-11
  111    316  2.2472e-12  7.1012e-10
  111    317  4.4081e-14  1.3974e-11
  111    318  1.0864e-12  3.4546e-10
  111    319  1.1576e-14  3.6926e-12
  111    320  2.1285e-13  6.8111e-11
  111    321  1.3810e-15  4.4330e-13
  111    322  1.5969e-14  5.1420e-12
  111    323  2.5411e-15  8.2076e-13
  111    324  2.8988e-15  9.3920e-13
  111    325  1.0741e-15  3.4908e-13
  111    326  4.8784e-16  1.5904e-13
  111    327  2.9914e-15  9.7819e-13
  111    328  9.4496e-16  3.0995e-13
  111    329  7.7784e-15  2.5591e-12
  111    330  1.0204e-15  3.3674e-13
  111    331  7.1968e-15  2.3821e-12
  111    332  6.8687e-16  2.2804e-13
  111    333  9.1446e-15  3.0452e-12
  111    334  6.0103e-16  2.0074e-13
  111    335  8.6130e-15  2.8853e-12
  111    336  3.1790e-16  1.0681e-13
  111    337  4.6271e-04  1.5593e-01
    1      1  6.0182e-02  6.0182e-02
    2      4  1.9318e-01  7.7270e-01


