    1      2  3.4076e-03  6.8152e-03
    1      3  1.5203e-19  4.5610e-19
    2      3  7.7673e-05  2.3302e-04
    3      7  2.0969e-11  1.4678e-10
    4      8  9.0002e-07  7.2001e-06
    4      9  9.5049e-12  8.5544e-11
    5     10  3.5390e-10  3.5390e-09
    5     11  1.1734e-09  1.2908e-08
    6     12  1.2249e-09  1.4699e-08
    6     13  3.5525e-09  4.6183e-08
    7     14  1.0711e-06  1.4995e-05
    7     15  9.6306e-07  1.4446e-05
    8     16  1.8890e-06  3.0224e-05
    8     17  1.4416e-08  2.4507e-07
    8     18  6.2357e-07  1.1224e-05
    9     19  7.7790e-08  1.4780e-06
   10     20  1.0234e-07  2.0467e-06
   10     21  3.8888e-08  8.1665e-07
   10     22  4.9139e-06  1.0811e-04
   11     23  1.1611e-06  2.6705e-05
   12     24  3.8042e-06  9.1301e-05
   12     25  3.0351e-06  7.5878e-05
   12     26  4.5891e-06  1.1932e-04
   13     27  3.8937e-08  1.0513e-06
   14     28  1.0995e-06  3.0785e-05
   14     29  7.1407e-08  2.0708e-06
   14     30  1.6248e-08  4.8744e-07
   15     31  2.9218e-08  9.0576e-07
   16     32  4.0117e-07  1.2837e-05
   16     33  4.0196e-08  1.3265e-06
   16     34  9.3527e-08  3.1799e-06
   16     36  6.0574e-07  2.1807e-05
   17     35  5.0780e-08  1.7773e-06
   17     37  2.8830e-08  1.0667e-06
   18     36  2.5450e-13  9.1621e-12
   18     38  2.1173e-07  8.0457e-06
   18     40  1.1661e-09  4.6645e-08
   19     39  6.9904e-09  2.7263e-07
   19     40  5.8791e-19  2.3517e-17
   19     41  1.2361e-10  5.0679e-09
   20     40  1.6889e-19  6.7558e-18
   20     42  9.4910e-10  3.9862e-08
   20     43  1.7125e-10  7.3637e-09
   20     44  1.1824e-09  5.2027e-08
   20     46  1.3423e-09  6.1747e-08
   21     45  6.4065e-10  2.8829e-08
   22     46  1.9497e-16  8.9686e-15
   22     47  2.8204e-10  1.3256e-08
   22     48  2.4043e-08  1.1541e-06
   22     49  3.6401e-10  1.7836e-08
   22     50  5.9368e-10  2.9684e-08
   23     51  7.3357e-11  3.7412e-09
   24     52  3.2867e-11  1.7091e-09
   24     53  5.1267e-11  2.7172e-09
   24     54  1.2948e-10  6.9919e-09
   25     55  1.0854e-11  5.9695e-10
   26     56  1.0010e-11  5.6059e-10
   26     57  4.4237e-11  2.5215e-09
   26     58  4.2687e-10  2.4759e-08
   27     59  4.0560e-12  2.3930e-10
   28     60  1.9653e-09  1.1792e-07
   28     61  7.1950e-12  4.3890e-10
   28     62  2.5606e-11  1.5876e-09
   28     64  1.3405e-09  8.5790e-08
   29     63  6.9468e-11  4.3765e-09
   29     65  6.5260e-12  4.2419e-10
   30     64  1.3673e-19  8.7505e-18
   30     66  5.8985e-11  3.8930e-09
   30     67  8.2555e-12  5.5312e-10
   30     68  5.7770e-11  3.9284e-09
   30     70  8.1830e-11  5.7281e-09
   31     69  4.4263e-12  3.0541e-10
   31     71  9.4408e-12  6.7029e-10
   32     70  3.8791e-14  2.7154e-12
   32     72  4.1012e-11  2.9528e-09
   32     73  7.9007e-12  5.7675e-10
   32     74  1.4025e-11  1.0379e-09
   32     76  1.6456e-10  1.2506e-08
   33     75  1.1689e-11  8.7666e-10
   34     76  1.3596e-13  1.0333e-11
   34     77  5.3503e-12  4.1198e-10
   34     78  1.1177e-10  8.7184e-09
   34     80  1.9490e-10  1.5592e-08
   34     82  7.3513e-10  6.0280e-08
   35     79  2.8605e-11  2.2598e-09
   35     81  1.8030e-11  1.4604e-09
   36     82  9.5300e-13  7.8146e-11
   36     83  1.5368e-11  1.2756e-09
   36     84  2.6242e-11  2.2044e-09
   36     86  4.5614e-10  3.9228e-08
   37     85  1.3456e-10  1.1438e-08
   37     87  3.3477e-11  2.9125e-09
   38     86  5.4530e-17  4.6896e-15
   38     87  2.4509e-13  2.1322e-11
   38     88  1.6192e-10  1.4249e-08
   39     89  4.9813e-11  4.4334e-09
   40     90  9.7245e-11  8.7521e-09
   40     91  4.5993e-11  4.1854e-09
   40     92  2.0464e-10  1.8827e-08
   40     94  7.3352e-11  6.8951e-09
   41     93  6.2659e-11  5.8273e-09
   42     95  1.0814e-10  1.0274e-08
   42     96  6.3395e-10  6.0859e-08
   42     97  9.3534e-11  9.0728e-09
   42     98  1.3737e-10  1.3462e-08
   42    100  1.5211e-10  1.5211e-08
   44     99  6.2662e-11  6.2036e-09
   44    100  7.7287e-14  7.7287e-12
   44    101  1.9956e-11  2.0155e-09
   44    102  5.5955e-11  5.7074e-09
   44    104  3.1172e-11  3.2419e-09
   45    103  2.6494e-11  2.7289e-09
   46    104  1.5771e-15  1.6402e-13
   46    105  1.5078e-11  1.5832e-09
   46    106  3.7446e-11  3.9693e-09
   46    108  6.0574e-11  6.5420e-09
   46    110  9.4296e-11  1.0373e-08
   47    107  1.6403e-11  1.7551e-09
   47    109  1.5192e-11  1.6559e-09
   48    110  9.5513e-14  1.0506e-11
   48    111  1.5256e-11  1.6935e-09
   48    112  4.8635e-11  5.4471e-09
   48    113  1.8215e-11  2.0583e-09
   48    114  8.6556e-11  9.8674e-09
   48    116  4.8295e-11  5.6022e-09
   49    113  8.0165e-19  9.0587e-17
   49    115  3.6595e-11  4.2084e-09
   50    115  2.9197e-17  3.3577e-15
   50    116  4.6726e-14  5.4202e-12
   50    117  9.4808e-12  1.1093e-09
   50    118  5.7069e-11  6.7341e-09
   50    119  2.2649e-11  2.6952e-09
   50    120  1.5530e-10  1.8636e-08
   50    122  2.9703e-10  3.6238e-08
   50    124  2.9800e-10  3.6952e-08
   51    121  3.5380e-11  4.2810e-09
   51    123  9.9675e-12  1.2260e-09
   52    122  6.1769e-14  7.5358e-12
   52    124  8.6005e-15  1.0665e-12
   52    125  1.1375e-10  1.4219e-08
   52    126  7.6214e-10  9.6030e-08
   52    128  5.2743e-10  6.7511e-08
   52    130  1.3910e-09  1.8083e-07
   53    127  4.5623e-11  5.7942e-09
   53    129  1.0728e-16  1.3839e-14
   54    128  7.6165e-18  9.7491e-16
   54    129  2.5965e-10  3.3494e-08
   54    130  1.0285e-13  1.3370e-11
   54    131  3.6280e-09  4.7526e-07
   54    132  7.9132e-09  1.0445e-06
   54    134  3.0666e-08  4.1093e-06
   54    136  4.5949e-09  6.2491e-07
   55    133  1.3374e-08  1.7787e-06
   56    134  8.5062e-15  1.1398e-12
   56    135  8.2514e-09  1.1139e-06
   56    136  2.2894e-13  3.1136e-11
   56    137  1.7944e-10  2.4583e-08
   56    138  1.7267e-09  2.3829e-07
   57    139  4.6767e-10  6.5007e-08
   58    140  5.9592e-10  8.3429e-08
   58    142  2.6965e-10  3.8290e-08
   59    141  1.0408e-10  1.4676e-08
   60    142  8.4572e-18  1.2009e-15
   60    143  1.0756e-10  1.5381e-08
   60    144  1.6309e-10  2.3485e-08
   60    145  1.5214e-11  2.2060e-09
   60    146  6.6064e-11  9.6453e-09
   60    148  5.0705e-11  7.5043e-09
   60    150  1.0086e-10  1.5129e-08
   62    147  3.2147e-11  4.7256e-09
   62    148  7.3447e-16  1.0870e-13
   62    149  5.3981e-12  8.0432e-10
   62    150  1.1692e-13  1.7538e-11
   62    152  1.8016e-11  2.7384e-09
   62    154  1.7564e-11  2.7049e-09
   63    151  4.8952e-12  7.3917e-10
   63    153  7.9032e-12  1.2092e-09
   64    154  4.9948e-15  7.6921e-13
   64    155  2.5275e-12  3.9176e-10
   64    156  1.0427e-11  1.6266e-09
   64    157  2.0820e-12  3.2687e-10
   64    158  6.0750e-12  9.5985e-10
   64    160  1.2384e-11  1.9815e-09
   65    159  1.1884e-12  1.8895e-10
   66    160  2.2243e-16  3.5590e-14
   66    161  1.0116e-12  1.6287e-10
   66    162  2.3824e-12  3.8595e-10
   66    163  7.9870e-13  1.3019e-10
   66    164  1.9705e-12  3.2317e-10
   67    165  1.5888e-12  2.6215e-10
   68    166  5.5427e-12  9.2009e-10
   68    167  1.8091e-12  3.0212e-10
   68    168  2.8121e-12  4.7244e-10
   68    170  1.5425e-12  2.6222e-10
   69    169  2.9629e-12  5.0073e-10
   70    170  3.1168e-16  5.2986e-14
   70    171  1.2371e-12  2.1154e-10
   70    172  8.9058e-13  1.5318e-10
   70    173  4.6790e-13  8.0946e-11
   70    174  3.0404e-12  5.2903e-10
   70    176  2.7850e-12  4.9017e-10
   71    175  9.5953e-13  1.6792e-10
   71    176  1.0150e-16  1.7864e-14
   72    176  9.5007e-19  1.6721e-16
   72    177  1.1924e-12  2.1105e-10
   72    178  1.2015e-12  2.1386e-10
   72    179  7.4555e-13  1.3345e-10
   72    180  2.5623e-12  4.6121e-10
   73    181  2.8349e-12  5.1312e-10
   74    182  2.6426e-12  4.8095e-10
   74    183  1.7837e-12  3.2642e-10
   74    184  7.8295e-13  1.4406e-10
   74    186  8.9781e-13  1.6699e-10
   75    185  4.6762e-13  8.6509e-11
   75    187  1.3613e-12  2.5457e-10
   76    186  4.7877e-19  8.9051e-17
   76    187  1.1062e-14  2.0685e-12
   76    188  1.0243e-12  1.9256e-10
   76    189  3.3365e-12  6.3060e-10
   76    190  2.4016e-12  4.5631e-10
   76    192  2.3725e-11  4.5552e-09
   77    191  5.8784e-12  1.1228e-09
   77    193  1.7596e-12  3.3960e-10
   78    192  4.2821e-16  8.2217e-14
   78    194  5.4290e-12  1.0532e-09
   78    195  3.7363e-12  7.2859e-10
   78    196  5.7779e-12  1.1325e-09
   78    198  2.2251e-11  4.4056e-09
   79    197  7.0344e-12  1.3858e-09
   80    198  6.5475e-15  1.2964e-12
   80    199  3.9827e-12  7.9256e-10
   80    200  1.0460e-11  2.0919e-09
   80    201  1.6708e-12  3.3582e-10
   80    202  6.8684e-12  1.3874e-09
   80    204  1.4707e-11  3.0003e-09
   81    203  1.0184e-11  2.0674e-09
   81    205  2.5413e-11  5.2097e-09
   82    204  7.9853e-17  1.6290e-14
   82    206  6.1638e-11  1.2697e-08
   82    207  1.6611e-10  3.4385e-08
   82    208  8.4944e-11  1.7668e-08
   83    209  2.7980e-10  5.8478e-08
   83    214  1.0527e-13  2.2527e-11
   84    216  1.2186e-13  2.6322e-11
   86    218  2.1039e-20  4.5865e-18
   88    226  1.4991e-18  3.3881e-16
   89    227  7.6570e-19  1.7381e-16
   90    230  7.0654e-17  1.6250e-14
   90    232  2.2318e-11  5.1777e-09
   91    231  1.1480e-15  2.6518e-13
   92    234  2.3007e-16  5.3836e-14
   92    235  2.4741e-11  5.8142e-09
   92    236  1.1060e-13  2.6102e-11
   92    238  4.1854e-12  9.9613e-10
   94    239  2.1616e-20  5.1663e-18
   94    240  2.1886e-17  5.2525e-15
   94    244  2.6640e-13  6.5001e-11
   96    247  1.3947e-17  3.4449e-15
   97    246  9.1465e-16  2.2500e-13
  100    258  4.9826e-11  1.2855e-08
  100    260  2.8026e-10  7.2867e-08
  100    262  2.4382e-10  6.3882e-08
  102    260  1.0112e-17  2.6290e-15
  102    261  2.4260e-10  6.3318e-08
  102    263  6.3911e-10  1.6809e-07
  102    264  3.1055e-10  8.1984e-08
  102    266  1.5693e-10  4.1742e-08
  103    265  1.1146e-10  2.9536e-08
  104    267  5.0094e-10  1.3375e-07
  104    268  4.5876e-10  1.2295e-07
  104    270  1.4576e-10  3.9355e-08
  104    272  4.2343e-11  1.1517e-08
  104    274  3.8826e-11  1.0638e-08
  105    269  1.2561e-10  3.3788e-08
  105    271  7.3935e-11  2.0036e-08
  106    273  2.2561e-11  6.1591e-09
  106    274  2.7755e-18  7.6048e-16
  106    275  9.6999e-11  2.6675e-08
  106    276  3.4874e-10  9.6252e-08
  106    278  1.5051e-10  4.1842e-08
  106    280  1.9783e-10  5.5391e-08
  107    277  6.6486e-11  1.8417e-08
  108    279  4.7701e-10  1.3309e-07
  108    280  4.0363e-20  1.1302e-17
  108    281  3.4719e-11  9.7559e-09
  108    282  1.2378e-09  3.4906e-07
  108    283  4.8010e-09  1.3587e-06
  108    284  1.2300e-07  3.4932e-05
  108    286  3.0457e-08  8.7106e-06
  110    285  1.5286e-08  4.3564e-06
  110    286  4.4971e-13  1.2862e-10
  110    287  1.3479e-07  3.8684e-05
  110    288  1.0765e-07  3.1003e-05
  110    290  1.5555e-07  4.5108e-05
  111    289  8.6676e-08  2.5049e-05
  111    290  2.6831e-12  7.7810e-10
  111    291  9.2719e-08  2.6981e-05
  111    292  6.5313e-07  1.9071e-04
  111    293  2.3157e-07  6.7850e-05
  111    294  3.5484e-07  1.0432e-04
  111    295  3.1709e-07  9.3542e-05
  111    296  6.6331e-07  1.9634e-04
  111    297  1.2348e-06  3.6672e-04
  111    298  3.1138e-06  9.2790e-04
  111    299  4.1106e-09  1.2291e-06
  111    300  1.5341e-08  4.6024e-06
  111    301  1.2086e-08  3.6377e-06
  111    302  1.2788e-08  3.8620e-06
  111    303  1.8508e-09  5.6080e-07
  111    304  8.1252e-10  2.4701e-07
  111    305  7.2556e-11  2.2130e-08
  111    306  7.8271e-11  2.3951e-08
  111    307  1.6720e-11  5.1330e-09
  111    308  7.2877e-12  2.2446e-09
  111    309  7.4950e-13  2.3160e-10
  111    310  2.1746e-12  6.7414e-10
  111    311  6.4827e-13  2.0161e-10
  111    312  1.4212e-12  4.4343e-10
  111    313  1.3987e-13  4.3779e-11
  111    314  1.3591e-12  4.2676e-10
  111    315  5.4806e-14  1.7264e-11
  111    316  2.2821e-12  7.2114e-10
  111    317  4.4751e-14  1.4186e-11
  111    318  1.1008e-12  3.5005e-10
  111    319  1.1729e-14  3.7416e-12
  111    320  2.1581e-13  6.9060e-11
  111    321  1.4002e-15  4.4948e-13
  111    322  1.6193e-14  5.2140e-12
  111    323  2.5766e-15  8.3226e-13
  111    324  2.9394e-15  9.5236e-13
  111    325  1.0892e-15  3.5398e-13
  111    326  4.9468e-16  1.6127e-13
  111    327  3.0334e-15  9.9192e-13
  111    328  9.5822e-16  3.1430e-13
  111    329  7.8878e-15  2.5951e-12
  111    330  1.0348e-15  3.4148e-13
  111    331  7.2982e-15  2.4157e-12
  111    332  6.9655e-16  2.3126e-13
  111    333  9.2739e-15  3.0882e-12
  111    334  6.0953e-16  2.0358e-13
  111    335  8.7351e-15  2.9263e-12
  111    336  3.2241e-16  1.0833e-13
  111    337  4.9512e-04  1.6685e-01
    1      1  5.2965e-02  5.2965e-02
    2      4  1.9259e-01  7.7035e-01


