    1      2  5.3030e-08  1.0606e-07
    2      3  3.1260e-10  9.3781e-10
    3      6  8.0644e-19  4.8386e-18
    3      7  1.1772e-09  8.2402e-09
    4      8  1.4229e-07  1.1383e-06
    4      9  5.8295e-08  5.2465e-07
    5     10  6.1608e-07  6.1608e-06
    5     11  5.4587e-10  6.0046e-09
    6     12  1.8236e-09  2.1883e-08
    6     13  2.6465e-09  3.4405e-08
    7     14  1.6872e-07  2.3621e-06
    7     15  6.5784e-06  9.8677e-05
    8     16  1.3648e-05  2.1836e-04
    8     17  5.5803e-07  9.4865e-06
    8     18  9.1123e-07  1.6402e-05
    9     19  9.6736e-07  1.8380e-05
   10     20  2.7140e-06  5.4281e-05
   10     21  3.0447e-06  6.3938e-05
   10     22  8.8578e-08  1.9487e-06
   11     23  6.5992e-07  1.5178e-05
   12     24  4.8036e-07  1.1529e-05
   12     25  3.0821e-07  7.7052e-06
   12     26  2.7168e-07  7.0637e-06
   13     27  7.4287e-08  2.0057e-06
   14     28  9.7582e-08  2.7323e-06
   14     29  4.0589e-08  1.1771e-06
   14     30  1.6616e-07  4.9848e-06
   15     31  5.2745e-08  1.6351e-06
   16     32  1.2676e-07  4.0564e-06
   16     33  1.1196e-07  3.6948e-06
   16     34  3.4390e-07  1.1693e-05
   16     36  7.8626e-08  2.8305e-06
   17     35  6.5652e-08  2.2978e-06
   17     37  1.2159e-09  4.4988e-08
   18     36  2.9437e-15  1.0597e-13
   18     38  8.5975e-09  3.2670e-07
   18     40  2.2430e-09  8.9721e-08
   19     39  1.2833e-09  5.0047e-08
   19     41  1.2531e-09  5.1375e-08
   20     42  3.6898e-09  1.5497e-07
   20     43  1.8215e-09  7.8323e-08
   20     44  4.1003e-09  1.8041e-07
   20     46  2.1126e-09  9.7182e-08
   21     45  1.9005e-09  8.5523e-08
   22     46  2.6955e-18  1.2400e-16
   22     47  7.9141e-10  3.7196e-08
   22     48  1.3822e-10  6.6348e-09
   22     49  1.7613e-11  8.6304e-10
   22     50  3.9552e-12  1.9776e-10
   23     51  7.6778e-12  3.9157e-10
   24     52  2.6915e-12  1.3996e-10
   24     53  1.8458e-10  9.7827e-09
   24     54  9.1421e-11  4.9367e-09
   25     55  1.1118e-11  6.1148e-10
   26     56  4.6000e-11  2.5760e-09
   26     57  5.3355e-12  3.0413e-10
   26     58  1.8571e-11  1.0771e-09
   27     59  4.6238e-12  2.7280e-10
   28     60  1.8547e-11  1.1128e-09
   28     61  2.4977e-13  1.5236e-11
   28     62  5.4718e-13  3.3925e-11
   28     64  1.8870e-11  1.2077e-09
   29     63  1.1168e-12  7.0358e-11
   29     65  1.0995e-12  7.1470e-11
   30     66  4.9191e-12  3.2466e-10
   30     67  3.1517e-12  2.1116e-10
   30     68  9.2291e-12  6.2758e-10
   30     70  2.5599e-12  1.7919e-10
   31     69  4.2343e-12  2.9217e-10
   31     71  1.5340e-12  1.0891e-10
   32     70  7.5683e-16  5.2978e-14
   32     72  1.1606e-12  8.3561e-11
   32     73  1.4580e-13  1.0643e-11
   32     74  3.7224e-11  2.7546e-09
   32     76  2.0335e-10  1.5454e-08
   33     75  4.2053e-11  3.1540e-09
   34     76  1.8198e-14  1.3831e-12
   34     77  5.7950e-11  4.4622e-09
   34     78  5.3297e-11  4.1572e-09
   34     80  8.7034e-11  6.9627e-09
   34     82  7.9903e-11  6.5521e-09
   35     79  8.5675e-12  6.7683e-10
   35     81  1.5512e-11  1.2564e-09
   36     82  9.6090e-15  7.8794e-13
   36     83  2.5636e-10  2.1278e-08
   36     84  4.2922e-11  3.6055e-09
   36     86  1.1948e-11  1.0276e-09
   37     85  8.5499e-11  7.2674e-09
   37     87  4.6186e-11  4.0182e-09
   38     86  2.0554e-20  1.7676e-18
   38     87  3.3815e-13  2.9419e-11
   38     88  6.4451e-12  5.6717e-10
   39     89  3.1293e-12  2.7851e-10
   40     90  4.3957e-12  3.9561e-10
   40     91  9.3525e-12  8.5108e-10
   40     92  5.7511e-11  5.2910e-09
   40     94  1.3953e-09  1.3115e-07
   41     93  1.1990e-10  1.1151e-08
   42     95  2.7890e-09  2.6496e-07
   42     96  3.4806e-09  3.3414e-07
   42     97  1.2429e-09  1.2057e-07
   42     98  1.7232e-09  1.6888e-07
   42    100  8.3897e-10  8.3897e-08
   44     99  3.9416e-10  3.9022e-08
   44    100  1.1483e-12  1.1483e-10
   44    101  2.6713e-10  2.6980e-08
   44    102  4.8778e-10  4.9754e-08
   44    104  4.1284e-10  4.2936e-08
   45    103  2.2845e-10  2.3530e-08
   46    104  1.2045e-17  1.2527e-15
   46    105  8.9265e-11  9.3729e-09
   46    106  9.0794e-11  9.6241e-09
   46    108  4.9122e-11  5.3052e-09
   46    110  3.5463e-11  3.9009e-09
   47    107  3.4470e-11  3.6883e-09
   47    109  1.1591e-11  1.2635e-09
   48    110  1.4867e-15  1.6353e-13
   48    111  8.0775e-12  8.9660e-10
   48    112  1.7269e-11  1.9341e-09
   48    113  4.6923e-12  5.3023e-10
   48    114  2.3831e-11  2.7168e-09
   48    116  3.8409e-11  4.4555e-09
   49    113  2.0651e-19  2.3336e-17
   49    115  1.3922e-11  1.6010e-09
   50    115  1.1108e-17  1.2774e-15
   50    116  9.0566e-15  1.0506e-12
   50    117  1.4996e-11  1.7545e-09
   50    118  1.1542e-11  1.3619e-09
   50    119  1.7460e-12  2.0777e-10
   50    120  3.0938e-12  3.7126e-10
   50    122  1.9033e-11  2.3220e-09
   50    124  3.1276e-12  3.8782e-10
   51    121  9.3396e-12  1.1301e-09
   51    123  2.3171e-12  2.8500e-10
   52    122  6.6926e-16  8.1650e-14
   52    124  1.6089e-17  1.9950e-15
   52    125  4.0718e-11  5.0897e-09
   52    126  3.5320e-11  4.4503e-09
   52    128  3.9110e-10  5.0061e-08
   52    130  1.8434e-08  2.3965e-06
   53    127  2.7804e-10  3.5312e-08
   53    129  1.6529e-15  2.1323e-13
   54    128  1.9629e-16  2.5125e-14
   54    129  3.5075e-08  4.5246e-06
   54    130  9.2642e-13  1.2043e-10
   54    131  2.0532e-08  2.6897e-06
   54    132  3.6714e-08  4.8462e-06
   54    134  1.1968e-09  1.6037e-07
   54    136  1.3618e-09  1.8521e-07
   55    133  8.7482e-09  1.1635e-06
   56    134  3.2370e-16  4.3375e-14
   56    135  9.8481e-11  1.3295e-08
   56    136  1.2941e-15  1.7600e-13
   56    137  8.7066e-10  1.1928e-07
   56    138  8.5216e-09  1.1760e-06
   57    139  2.6290e-10  3.6542e-08
   58    140  1.4731e-10  2.0623e-08
   58    142  9.7454e-10  1.3839e-07
   59    141  3.6771e-10  5.1847e-08
   60    142  9.7517e-18  1.3847e-15
   60    143  7.5571e-10  1.0807e-07
   60    144  9.3860e-10  1.3516e-07
   60    145  9.4740e-11  1.3737e-08
   60    146  2.1141e-10  3.0866e-08
   60    148  5.9277e-11  8.7729e-09
   60    150  2.5405e-11  3.8108e-09
   62    147  5.8934e-11  8.6632e-09
   62    148  1.4807e-13  2.1914e-11
   62    149  1.5853e-11  2.3621e-09
   62    150  4.8682e-14  7.3024e-12
   62    152  3.3985e-12  5.1657e-10
   62    154  6.0953e-13  9.3868e-11
   63    151  1.6765e-12  2.5316e-10
   63    153  7.1491e-13  1.0938e-10
   64    154  3.5897e-17  5.5282e-15
   64    155  1.2486e-12  1.9353e-10
   64    156  8.7112e-13  1.3590e-10
   64    157  3.2282e-13  5.0683e-11
   64    158  6.9392e-13  1.0964e-10
   64    160  7.1868e-14  1.1499e-11
   65    159  3.8173e-14  6.0695e-12
   66    160  1.4796e-19  2.3673e-17
   66    161  3.9596e-14  6.3750e-12
   66    162  2.2614e-14  3.6635e-12
   66    163  2.5091e-14  4.0899e-12
   66    164  1.3080e-14  2.1451e-12
   67    165  2.3584e-14  3.8914e-12
   68    166  6.9479e-15  1.1534e-12
   68    167  1.8968e-14  3.1676e-12
   68    168  9.9440e-15  1.6706e-12
   68    170  6.6030e-15  1.1225e-12
   69    169  1.3338e-13  2.2541e-11
   70    170  3.9465e-19  6.7091e-17
   70    171  5.7285e-14  9.7957e-12
   70    172  9.0853e-15  1.5627e-12
   70    173  5.4840e-15  9.4872e-13
   70    174  4.6551e-14  8.0999e-12
   70    176  8.9349e-15  1.5725e-12
   71    175  6.5796e-15  1.1514e-12
   72    177  7.2975e-14  1.2917e-11
   72    178  1.7180e-14  3.0580e-12
   72    179  1.2977e-14  2.3229e-12
   72    180  2.5977e-14  4.6758e-12
   73    181  6.5108e-14  1.1785e-11
   74    182  5.7084e-14  1.0389e-11
   74    183  8.4296e-14  1.5426e-11
   74    184  1.0839e-13  1.9943e-11
   74    186  4.4280e-14  8.2360e-12
   75    185  5.6133e-14  1.0385e-11
   75    187  8.8579e-14  1.6564e-11
   76    187  7.1982e-16  1.3461e-13
   76    188  1.0406e-13  1.9563e-11
   76    189  2.3611e-13  4.4625e-11
   76    190  2.0688e-13  3.9307e-11
   76    192  3.9376e-13  7.5603e-11
   77    191  7.7288e-13  1.4762e-10
   77    193  8.3153e-14  1.6049e-11
   78    192  1.7503e-19  3.3606e-17
   78    194  2.6343e-13  5.1105e-11
   78    195  4.3928e-13  8.5660e-11
   78    196  2.6306e-13  5.1560e-11
   78    198  5.8077e-13  1.1499e-10
   79    197  8.5495e-13  1.6843e-10
   80    198  7.9182e-19  1.5678e-16
   80    199  1.3203e-13  2.6275e-11
   80    200  7.1578e-13  1.4316e-10
   80    201  6.3943e-13  1.2853e-10
   80    202  1.5641e-12  3.1594e-10
   80    204  1.6774e-12  3.4219e-10
   80    206  1.7871e-20  3.6815e-18
   81    203  2.9239e-12  5.9354e-10
   81    205  1.1385e-12  2.3338e-10
   82    206  1.0585e-11  2.1805e-09
   82    207  2.0311e-11  4.2043e-09
   82    208  1.3843e-11  2.8794e-09
   82    210  1.5395e-18  3.2330e-16
   83    209  2.6038e-11  5.4420e-09
   83    210  3.1925e-14  6.7043e-12
   83    212  3.1863e-14  6.7550e-12
   86    219  1.8383e-13  4.0259e-11
   86    220  4.9541e-15  1.0899e-12
   88    226  1.0832e-18  2.4480e-16
   88    228  1.1686e-17  2.6645e-15
   89    227  2.9505e-19  6.6977e-17
   90    230  5.1051e-17  1.1742e-14
   90    232  5.1155e-12  1.1868e-09
   91    231  4.4235e-16  1.0218e-13
   92    234  1.6624e-16  3.8899e-14
   92    235  9.5338e-12  2.2404e-09
   92    236  2.4861e-14  5.8671e-12
   92    238  3.0242e-12  7.1976e-10
   94    240  4.9216e-18  1.1812e-15
   94    244  5.9908e-14  1.4617e-11
   96    247  5.8014e-19  1.4330e-16
   97    246  7.1913e-16  1.7691e-13
  100    258  6.2098e-12  1.6021e-09
  100    260  2.5213e-11  6.5554e-09
  100    262  1.6173e-10  4.2373e-08
  102    261  1.3481e-10  3.5185e-08
  102    263  2.8913e-10  7.6041e-08
  102    264  2.8978e-10  7.6502e-08
  102    266  3.4037e-10  9.0539e-08
  103    265  4.9618e-10  1.3149e-07
  104    267  4.7977e-11  1.2810e-08
  104    268  2.0648e-11  5.5338e-09
  104    270  2.0321e-10  5.4867e-08
  104    272  4.6465e-11  1.2638e-08
  104    274  5.7030e-11  1.5626e-08
  105    269  1.0220e-10  2.7492e-08
  105    271  1.4736e-10  3.9935e-08
  106    273  8.2363e-11  2.2485e-08
  106    275  2.9793e-10  8.1932e-08
  106    276  1.3775e-09  3.8020e-07
  106    278  4.5343e-10  1.2605e-07
  106    280  5.3387e-09  1.4948e-06
  107    277  8.4640e-10  2.3445e-07
  108    279  2.6498e-09  7.3929e-07
  108    281  3.4643e-09  9.7347e-07
  108    282  1.2659e-08  3.5698e-06
  108    283  1.9887e-08  5.6280e-06
  108    284  5.2850e-08  1.5009e-05
  108    286  2.6055e-07  7.4516e-05
  110    285  1.6823e-07  4.7946e-05
  110    286  8.7579e-14  2.5047e-11
  110    287  1.5602e-07  4.4778e-05
  110    288  9.7318e-08  2.8028e-05
  110    290  4.2865e-07  1.2431e-04
  111    289  1.0974e-07  3.1714e-05
  111    290  2.1740e-14  6.3045e-12
  111    291  3.7171e-07  1.0817e-04
  111    292  3.8113e-06  1.1129e-03
  111    293  2.6887e-06  7.8779e-04
  111    294  8.5673e-06  2.5188e-03
  111    295  7.5528e-06  2.2281e-03
  111    296  4.8033e-06  1.4218e-03
  111    297  2.1517e-06  6.3905e-04
  111    298  9.1301e-07  2.7208e-04
  111    299  2.5626e-10  7.6621e-08
  111    300  2.5688e-09  7.7064e-07
  111    301  3.6275e-08  1.0919e-05
  111    302  9.5782e-08  2.8926e-05
  111    303  4.2092e-08  1.2754e-05
  111    304  9.9485e-08  3.0244e-05
  111    305  8.5674e-08  2.6131e-05
  111    306  1.8796e-07  5.7514e-05
  111    307  1.9522e-07  5.9933e-05
  111    308  2.4130e-07  7.4319e-05
  111    309  2.4543e-07  7.5838e-05
  111    310  3.1286e-07  9.6987e-05
  111    311  2.4928e-07  7.7526e-05
  111    312  2.6250e-07  8.1899e-05
  111    313  2.1678e-07  6.7854e-05
  111    314  2.0838e-07  6.5430e-05
  111    315  1.9002e-07  5.9858e-05
  111    316  2.6290e-07  8.3077e-05
  111    317  2.4945e-07  7.9076e-05
  111    318  4.0159e-07  1.2771e-04
  111    319  4.2994e-07  1.3715e-04
  111    320  4.6717e-07  1.4950e-04
  111    321  4.8244e-07  1.5486e-04
  111    322  1.3242e-06  4.2639e-04
  111    323  1.1816e-06  3.8166e-04
  111    324  1.9454e-06  6.3032e-04
  111    325  1.4699e-06  4.7773e-04
  111    326  3.7703e-06  1.2291e-03
  111    327  3.3538e-05  1.0967e-02
  111    328  1.0898e-05  3.5745e-03
  111    329  3.6880e-05  1.2134e-02
  111    330  4.5299e-06  1.4949e-03
  111    331  2.1309e-05  7.0532e-03
  111    332  6.3061e-06  2.0936e-03
  111    333  3.1918e-05  1.0629e-02
  111    334  1.9877e-06  6.6389e-04
  111    335  7.6570e-06  2.5651e-03
  111    336  3.3031e-07  1.1099e-04
  111    337  5.3789e-04  1.8127e-01
    1      1  6.9442e-06  6.9442e-06
    2      4  1.8817e-01  7.5268e-01


