    1      2  1.7964e-08  3.5928e-08
    2      3  4.5356e-10  1.3607e-09
    3      6  1.4396e-11  8.6374e-11
    3      7  2.8875e-09  2.0213e-08
    4      8  9.2835e-08  7.4268e-07
    4      9  4.5032e-08  4.0529e-07
    5     10  4.9575e-07  4.9575e-06
    5     11  1.3652e-09  1.5017e-08
    6     12  1.3621e-08  1.6346e-07
    6     13  3.2685e-08  4.2490e-07
    7     14  6.6373e-08  9.2922e-07
    7     15  2.0982e-05  3.1473e-04
    8     16  1.3327e-06  2.1322e-05
    8     17  5.4462e-08  9.2585e-07
    8     18  2.1754e-07  3.9158e-06
    9     19  1.6071e-06  3.0535e-05
   10     20  2.5480e-06  5.0960e-05
   10     21  1.6432e-06  3.4506e-05
   10     22  1.8144e-08  3.9916e-07
   11     23  1.2060e-06  2.7737e-05
   12     24  4.6478e-07  1.1155e-05
   12     25  3.6929e-07  9.2322e-06
   12     26  1.5165e-07  3.9428e-06
   13     26  1.3023e-20  3.3860e-19
   13     27  1.5511e-07  4.1879e-06
   14     28  2.2810e-07  6.3868e-06
   14     29  8.3476e-08  2.4208e-06
   14     30  8.4936e-08  2.5481e-06
   15     31  2.7948e-08  8.6638e-07
   16     32  1.0545e-07  3.3744e-06
   16     33  2.6399e-07  8.7115e-06
   16     34  2.2492e-07  7.6473e-06
   16     36  1.7102e-08  6.1569e-07
   17     35  1.4350e-08  5.0226e-07
   17     37  3.1402e-09  1.1619e-07
   18     36  1.9194e-17  6.9099e-16
   18     38  1.6522e-08  6.2783e-07
   18     40  7.4048e-09  2.9619e-07
   19     39  1.2598e-08  4.9131e-07
   19     41  9.6913e-09  3.9734e-07
   20     42  4.6942e-08  1.9716e-06
   20     43  1.1879e-08  5.1081e-07
   20     44  1.7413e-08  7.6619e-07
   20     46  6.6594e-10  3.0633e-08
   21     45  1.6148e-08  7.2668e-07
   22     46  5.8426e-19  2.6876e-17
   22     47  4.9106e-10  2.3080e-08
   22     48  2.4236e-10  1.1633e-08
   22     49  1.9262e-10  9.4382e-09
   22     50  6.8733e-11  3.4367e-09
   23     51  2.4005e-10  1.2242e-08
   24     52  7.7265e-10  4.0178e-08
   24     53  4.7268e-09  2.5052e-07
   24     54  1.6821e-10  9.0834e-09
   25     55  1.3263e-11  7.2947e-10
   26     56  1.4485e-09  8.1116e-08
   26     57  8.3041e-10  4.7333e-08
   26     58  1.6684e-10  9.6765e-09
   27     59  6.7689e-12  3.9936e-10
   28     60  1.3713e-11  8.2278e-10
   28     61  5.1875e-12  3.1644e-10
   28     62  4.3559e-11  2.7007e-09
   28     64  1.1438e-09  7.3203e-08
   29     63  1.1709e-08  7.3769e-07
   29     65  4.6304e-10  3.0097e-08
   30     64  1.1140e-19  7.1294e-18
   30     66  5.5198e-10  3.6430e-08
   30     67  1.1568e-08  7.7507e-07
   30     68  9.3630e-10  6.3669e-08
   30     70  3.6428e-09  2.5500e-07
   31     69  2.8942e-10  1.9970e-08
   31     71  2.0552e-09  1.4592e-07
   32     70  9.0307e-16  6.3215e-14
   32     72  2.2311e-09  1.6064e-07
   32     73  6.7293e-09  4.9124e-07
   32     74  4.3317e-08  3.2054e-06
   32     76  1.0999e-08  8.3593e-07
   33     75  8.3528e-08  6.2646e-06
   34     76  1.4048e-12  1.0676e-10
   34     77  4.3443e-08  3.3451e-06
   34     78  3.0982e-08  2.4166e-06
   34     80  4.7610e-07  3.8088e-05
   34     82  1.4337e-07  1.1756e-05
   35     79  3.9211e-08  3.0977e-06
   35     81  7.8170e-08  6.3318e-06
   36     82  1.5052e-12  1.2343e-10
   36     83  2.1601e-07  1.7929e-05
   36     84  2.1669e-08  1.8202e-06
   36     86  4.9623e-08  4.2676e-06
   37     85  5.5415e-08  4.7103e-06
   37     87  9.5126e-08  8.2760e-06
   38     86  3.5619e-19  3.0633e-17
   38     87  6.9653e-10  6.0598e-08
   38     88  1.2456e-08  1.0961e-06
   39     89  2.8587e-08  2.5442e-06
   40     90  2.1304e-08  1.9174e-06
   40     91  3.9352e-08  3.5811e-06
   40     92  2.2061e-08  2.0296e-06
   40     94  4.2640e-08  4.0082e-06
   41     93  1.5062e-08  1.4007e-06
   42     95  1.8913e-08  1.7968e-06
   42     96  3.2546e-09  3.1245e-07
   42     97  1.7477e-08  1.6953e-06
   42     98  2.3177e-09  2.2713e-07
   42    100  5.2017e-09  5.2017e-07
   44     99  2.0211e-09  2.0009e-07
   44    100  1.1896e-13  1.1896e-11
   44    101  1.6178e-09  1.6340e-07
   44    102  2.8012e-09  2.8572e-07
   44    104  1.3945e-09  1.4502e-07
   45    103  5.8661e-09  6.0421e-07
   46    104  6.3884e-18  6.6439e-16
   46    105  2.1061e-10  2.2114e-08
   46    106  1.3394e-09  1.4198e-07
   46    108  2.7280e-09  2.9462e-07
   46    110  6.2915e-09  6.9206e-07
   47    107  1.2394e-09  1.3262e-07
   47    109  4.3352e-09  4.7254e-07
   48    110  2.5248e-14  2.7773e-12
   48    111  7.7985e-10  8.6564e-08
   48    112  4.5508e-09  5.0969e-07
   48    113  6.1392e-09  6.9373e-07
   48    114  1.2072e-08  1.3762e-06
   48    116  2.9519e-09  3.4242e-07
   49    113  2.7019e-16  3.0532e-14
   49    115  2.4711e-08  2.8418e-06
   50    115  1.9716e-14  2.2674e-12
   50    116  7.0879e-13  8.2220e-11
   50    117  1.7794e-09  2.0818e-07
   50    118  2.1663e-10  2.5562e-08
   50    119  1.9843e-10  2.3613e-08
   50    120  3.0115e-09  3.6138e-07
   50    122  2.2167e-09  2.7043e-07
   50    124  3.4951e-09  4.3339e-07
   51    121  1.0303e-08  1.2466e-06
   51    123  3.5156e-09  4.3241e-07
   52    122  4.0114e-14  4.8939e-12
   52    124  1.8174e-16  2.2535e-14
   52    125  6.1760e-08  7.7200e-06
   52    126  2.5223e-08  3.1781e-06
   52    128  1.9835e-07  2.5388e-05
   52    130  2.8193e-07  3.6650e-05
   53    127  2.2631e-07  2.8742e-05
   53    129  4.4134e-15  5.6933e-13
   54    128  3.0950e-15  3.9616e-13
   54    129  8.4564e-07  1.0909e-04
   54    130  4.7142e-13  6.1284e-11
   54    131  1.8461e-07  2.4184e-05
   54    132  1.7772e-07  2.3458e-05
   54    134  5.8187e-08  7.7971e-06
   54    136  4.9794e-08  6.7720e-06
   55    133  7.8065e-08  1.0383e-05
   56    134  5.0367e-17  6.7492e-15
   56    135  2.2817e-08  3.0803e-06
   56    136  6.4861e-15  8.8211e-13
   56    137  2.3393e-08  3.2049e-06
   56    138  6.3220e-08  8.7244e-06
   57    139  5.4337e-09  7.5528e-07
   58    140  1.7654e-08  2.4715e-06
   58    142  2.2285e-08  3.1645e-06
   59    141  2.7686e-08  3.9037e-06
   60    142  1.3475e-17  1.9134e-15
   60    143  1.8923e-08  2.7060e-06
   60    144  1.3198e-08  1.9005e-06
   60    145  9.0328e-10  1.3098e-07
   60    146  5.0566e-09  7.3827e-07
   60    148  2.6163e-09  3.8721e-07
   60    150  2.4969e-10  3.7454e-08
   62    147  9.1337e-09  1.3427e-06
   62    148  4.3634e-13  6.4578e-11
   62    149  2.1633e-10  3.2234e-08
   62    150  4.3213e-14  6.4820e-12
   62    152  5.6375e-11  8.5690e-09
   62    154  1.8136e-11  2.7929e-09
   63    151  1.3420e-11  2.0264e-09
   63    153  5.0204e-11  7.6812e-09
   64    154  1.5033e-16  2.3151e-14
   64    155  7.3930e-10  1.1459e-07
   64    156  6.7466e-11  1.0525e-08
   64    157  6.0183e-11  9.4487e-09
   64    158  2.3850e-10  3.7684e-08
   64    160  4.0223e-12  6.4357e-10
   65    159  2.4392e-12  3.8784e-10
   66    160  8.9451e-19  1.4312e-16
   66    161  4.6605e-12  7.5033e-10
   66    162  1.9870e-12  3.2190e-10
   66    163  5.0946e-12  8.3042e-10
   66    164  2.4465e-12  4.0122e-10
   67    165  2.3692e-12  3.9092e-10
   68    166  4.1424e-12  6.8764e-10
   68    167  7.3471e-12  1.2270e-09
   68    168  4.1032e-12  6.8934e-10
   68    170  8.6210e-12  1.4656e-09
   69    169  1.1329e-10  1.9147e-08
   70    170  1.3836e-17  2.3521e-15
   70    171  2.9704e-11  5.0794e-09
   70    172  1.2401e-11  2.1329e-09
   70    173  8.5089e-12  1.4720e-09
   70    174  5.7677e-11  1.0036e-08
   70    176  2.8748e-11  5.0596e-09
   71    175  1.1682e-11  2.0444e-09
   71    176  2.7213e-19  4.7895e-17
   72    177  3.2111e-10  5.6836e-08
   72    178  1.1458e-10  2.0395e-08
   72    179  8.0448e-11  1.4400e-08
   72    180  2.3144e-10  4.1659e-08
   73    181  4.6913e-10  8.4913e-08
   74    182  9.1380e-10  1.6631e-07
   74    183  1.0766e-09  1.9702e-07
   74    184  2.0443e-09  3.7616e-07
   74    186  1.7138e-09  3.1877e-07
   75    185  1.7070e-09  3.1579e-07
   75    187  2.3616e-09  4.4161e-07
   76    186  6.0341e-19  1.1223e-16
   76    187  1.9192e-11  3.5890e-09
   76    188  4.0496e-09  7.6133e-07
   76    189  2.8839e-09  5.4505e-07
   76    190  8.8987e-09  1.6908e-06
   76    192  1.7943e-08  3.4450e-06
   77    191  1.3980e-08  2.6702e-06
   77    193  4.6419e-09  8.9588e-07
   78    192  9.4499e-17  1.8144e-14
   78    194  1.0728e-08  2.0813e-06
   78    195  1.0210e-08  1.9909e-06
   78    196  1.3759e-08  2.6968e-06
   78    198  3.6414e-08  7.2100e-06
   79    197  2.7746e-08  5.4660e-06
   80    198  5.1696e-16  1.0236e-13
   80    199  1.3862e-08  2.7585e-06
   80    200  9.1092e-08  1.8218e-05
   80    201  5.6056e-08  1.1267e-05
   80    202  3.0376e-07  6.1359e-05
   80    204  1.5875e-07  3.2384e-05
   81    203  2.4986e-07  5.0722e-05
   81    205  8.4839e-08  1.7392e-05
   81    207  1.1420e-20  2.3640e-18
   82    204  7.2240e-18  1.4737e-15
   82    206  6.8515e-07  1.4114e-04
   82    207  1.3019e-06  2.6950e-04
   82    208  6.8351e-07  1.4217e-04
   82    210  3.8302e-14  8.0435e-12
   82    211  4.0467e-19  8.5385e-17
   82    212  1.0576e-19  2.2421e-17
   82    214  1.7864e-20  3.8229e-18
   83    209  1.2907e-06  2.6975e-04
   83    210  8.0345e-19  1.6873e-16
   84    210  2.2184e-17  4.6586e-15
   86    222  6.1236e-19  1.3594e-16
   88    223  3.9561e-17  8.8220e-15
   88    224  2.7329e-19  6.1218e-17
   88    226  9.3701e-14  2.1176e-11
   88    228  8.7882e-13  2.0037e-10
   89    227  2.7511e-14  6.2450e-12
   89    228  1.9235e-20  4.3857e-18
   90    227  6.3583e-17  1.4433e-14
   90    228  5.2483e-17  1.1966e-14
   90    230  4.4161e-12  1.0157e-09
   90    231  3.6799e-18  8.5006e-16
   90    232  3.8469e-07  8.9247e-05
   90    234  1.4932e-18  3.4941e-16
   91    231  4.1245e-11  9.5276e-09
   91    234  4.4717e-20  1.0464e-17
   92    234  1.4380e-11  3.3649e-09
   92    235  8.8894e-07  2.0890e-04
   92    236  2.0962e-09  4.9471e-07
   92    238  2.6160e-07  6.2261e-05
   92    240  1.0522e-19  2.5253e-17
   94    239  9.8916e-18  2.3641e-15
   94    240  4.1502e-13  9.9605e-11
   94    244  5.0518e-09  1.2326e-06
   95    243  3.0239e-18  7.3480e-16
   96    244  1.3711e-18  3.3455e-16
   96    247  6.3822e-15  1.5764e-12
   97    246  7.2661e-11  1.7875e-08
  100    258  6.0637e-07  1.5644e-04
  100    260  1.0051e-06  2.6133e-04
  100    262  3.1431e-07  8.2349e-05
  102    260  1.1799e-19  3.0678e-17
  102    261  1.0874e-06  2.8382e-04
  102    263  2.5070e-07  6.5935e-05
  102    264  2.7673e-07  7.3056e-05
  102    266  3.1941e-07  8.4964e-05
  103    265  2.9378e-07  7.7853e-05
  104    267  1.0615e-07  2.8343e-05
  104    268  1.3093e-07  3.5089e-05
  104    270  6.7191e-07  1.8142e-04
  104    272  5.1522e-07  1.4014e-04
  104    274  1.4292e-06  3.9159e-04
  105    269  5.3227e-07  1.4318e-04
  105    271  4.7145e-07  1.2776e-04
  106    273  8.9655e-07  2.4476e-04
  106    274  4.6798e-19  1.2823e-16
  106    275  2.8834e-06  7.9293e-04
  106    276  6.3857e-06  1.7625e-03
  106    278  3.0286e-06  8.4194e-04
  106    280  4.0819e-06  1.1429e-03
  107    277  2.2683e-06  6.2833e-04
  108    279  4.5351e-06  1.2653e-03
  108    280  6.8151e-20  1.9082e-17
  108    281  2.0250e-06  5.6903e-04
  108    282  1.9473e-06  5.4913e-04
  108    283  1.5172e-06  4.2938e-04
  108    284  1.5948e-06  4.5293e-04
  108    286  3.6483e-06  1.0434e-03
  110    285  2.4303e-06  6.9264e-04
  110    286  2.1145e-14  6.0474e-12
  110    287  3.0344e-06  8.7086e-04
  110    288  2.4635e-06  7.0949e-04
  110    290  5.6517e-06  1.6390e-03
  111    289  2.2004e-06  6.3592e-04
  111    290  7.4906e-15  2.1723e-12
  111    291  4.6404e-06  1.3504e-03
  111    292  3.6418e-05  1.0634e-02
  111    293  1.9891e-05  5.8281e-03
  111    294  2.9457e-05  8.6604e-03
  111    295  1.3837e-05  4.0819e-03
  111    296  5.7117e-06  1.6907e-03
  111    297  1.8955e-06  5.6297e-04
  111    298  5.9272e-07  1.7663e-04
  111    299  9.4039e-11  2.8118e-08
  111    300  1.0739e-09  3.2216e-07
  111    301  7.6986e-06  2.3173e-03
  111    302  9.0377e-06  2.7294e-03
  111    303  4.9043e-06  1.4860e-03
  111    304  1.2181e-05  3.7032e-03
  111    305  1.4613e-05  4.4569e-03
  111    306  2.0155e-05  6.1674e-03
  111    307  1.2036e-05  3.6950e-03
  111    308  1.0333e-05  3.1826e-03
  111    309  9.8436e-06  3.0417e-03
  111    310  1.3058e-05  4.0481e-03
  111    311  1.0232e-05  3.1822e-03
  111    312  7.7554e-06  2.4197e-03
  111    313  6.2143e-06  1.9451e-03
  111    314  7.7284e-06  2.4267e-03
  111    315  6.1992e-06  1.9527e-03
  111    316  8.8913e-06  2.8097e-03
  111    317  7.1776e-06  2.2753e-03
  111    318  1.4848e-05  4.7216e-03
  111    319  1.6619e-05  5.3015e-03
  111    320  1.5277e-05  4.8888e-03
  111    321  1.0773e-05  3.4582e-03
  111    322  1.6855e-05  5.4275e-03
  111    323  2.2878e-05  7.3894e-03
  111    324  4.8735e-05  1.5790e-02
  111    325  9.3726e-06  3.0461e-03
  111    326  4.9422e-05  1.6112e-02
  111    327  7.2209e-05  2.3612e-02
  111    328  2.9367e-05  9.6324e-03
  111    329  5.0798e-05  1.6712e-02
  111    330  4.1130e-06  1.3573e-03
  111    331  2.9727e-05  9.8397e-03
  111    332  1.8694e-05  6.2063e-03
  111    333  4.7622e-06  1.5858e-03
  111    334  1.2290e-06  4.1048e-04
  111    335  7.9642e-07  2.6680e-04
  111    336  3.9786e-07  1.3368e-04
  111    337  3.6024e-05  1.2140e-02
    1      1  1.1368e-07  1.1368e-07
    2      4  1.8708e-01  7.4830e-01


