    1      2  3.9174e-09  7.8347e-09
    2      3  3.2073e-10  9.6219e-10
    3      6  1.0869e-11  6.5211e-11
    3      7  3.7439e-10  2.6207e-09
    4      8  5.6479e-09  4.5183e-08
    4      9  1.8801e-09  1.6921e-08
    5     10  2.5597e-08  2.5597e-07
    5     11  1.2779e-09  1.4057e-08
    6     12  4.7322e-09  5.6787e-08
    6     13  4.7583e-07  6.1858e-06
    7     14  2.2307e-07  3.1230e-06
    7     15  1.5993e-05  2.3990e-04
    8     16  3.6035e-07  5.7656e-06
    8     17  6.0290e-09  1.0249e-07
    8     18  3.8126e-08  6.8628e-07
    9     19  1.7476e-06  3.3205e-05
   10     20  2.3993e-06  4.7986e-05
   10     21  5.1826e-07  1.0883e-05
   10     22  4.0955e-09  9.0101e-08
   11     23  1.2425e-06  2.8577e-05
   12     24  3.8149e-07  9.1557e-06
   12     25  4.4480e-07  1.1120e-05
   12     26  2.4279e-08  6.3126e-07
   13     26  1.8716e-19  4.8663e-18
   13     27  1.6154e-07  4.3615e-06
   14     28  4.4048e-07  1.2333e-05
   14     29  6.1955e-08  1.7967e-06
   14     30  7.6627e-08  2.2988e-06
   15     31  7.7787e-08  2.4114e-06
   16     32  7.9002e-08  2.5281e-06
   16     33  6.0934e-07  2.0108e-05
   16     34  4.6631e-07  1.5854e-05
   16     36  1.5868e-08  5.7125e-07
   17     35  2.1064e-08  7.3724e-07
   17     37  2.3389e-08  8.6538e-07
   18     36  2.0877e-19  7.5158e-18
   18     38  6.1928e-08  2.3533e-06
   18     40  3.0550e-08  1.2220e-06
   19     39  4.0038e-08  1.5615e-06
   19     41  1.3068e-07  5.3578e-06
   20     42  3.9494e-07  1.6588e-05
   20     43  7.3600e-08  3.1648e-06
   20     44  9.0804e-08  3.9954e-06
   20     46  5.1063e-08  2.3489e-06
   21     45  1.0456e-07  4.7052e-06
   22     46  3.7056e-20  1.7046e-18
   22     47  7.4331e-08  3.4935e-06
   22     48  1.5887e-07  7.6259e-06
   22     49  1.1762e-07  5.7633e-06
   22     50  1.0245e-07  5.1226e-06
   23     51  2.5900e-08  1.3209e-06
   24     52  1.1994e-07  6.2369e-06
   24     53  1.0891e-07  5.7722e-06
   24     54  6.1666e-08  3.3299e-06
   25     55  7.9908e-08  4.3949e-06
   26     56  3.6177e-07  2.0259e-05
   26     57  7.3038e-07  4.1631e-05
   26     58  1.9137e-08  1.1099e-06
   27     59  2.7457e-08  1.6200e-06
   28     60  4.5224e-08  2.7134e-06
   28     61  6.9685e-08  4.2508e-06
   28     62  6.7616e-08  4.1922e-06
   28     64  1.4891e-07  9.5302e-06
   29     63  3.6222e-07  2.2820e-05
   29     65  1.3047e-07  8.4806e-06
   30     64  2.4810e-20  1.5878e-18
   30     66  2.6331e-07  1.7378e-05
   30     67  1.4991e-07  1.0044e-05
   30     68  5.0033e-08  3.4022e-06
   30     70  8.9590e-08  6.2713e-06
   31     69  2.5352e-08  1.7493e-06
   31     71  2.5932e-08  1.8412e-06
   32     70  8.6283e-16  6.0398e-14
   32     72  1.2514e-07  9.0098e-06
   32     73  1.6049e-07  1.1716e-05
   32     74  1.1816e-06  8.7436e-05
   32     76  3.6463e-06  2.7712e-04
   33     75  5.0099e-06  3.7574e-04
   34     76  9.4031e-13  7.1463e-11
   34     77  3.0073e-06  2.3156e-04
   34     78  2.0092e-06  1.5672e-04
   34     80  5.4661e-06  4.3728e-04
   34     82  1.9859e-06  1.6285e-04
   35     79  2.0065e-06  1.5852e-04
   35     81  2.2919e-06  1.8565e-04
   36     82  5.0503e-13  4.1412e-11
   36     83  2.7099e-06  2.2492e-04
   36     84  7.9761e-07  6.6999e-05
   36     86  6.4483e-07  5.5455e-05
   37     85  3.4172e-07  2.9046e-05
   37     87  8.6896e-07  7.5600e-05
   38     86  2.3352e-20  2.0083e-18
   38     87  6.3627e-09  5.5356e-07
   38     88  1.1238e-06  9.8899e-05
   39     89  5.2809e-07  4.7000e-05
   40     90  8.9080e-07  8.0172e-05
   40     91  2.8123e-07  2.5592e-05
   40     92  7.4044e-07  6.8120e-05
   40     94  1.7562e-06  1.6508e-04
   41     93  5.6062e-07  5.2137e-05
   42     95  1.1806e-06  1.1216e-04
   42     96  8.4783e-07  8.1391e-05
   42     97  7.1760e-07  6.9607e-05
   42     98  2.5705e-07  2.5191e-05
   42    100  3.7302e-07  3.7302e-05
   44     99  3.1938e-07  3.1618e-05
   44    100  2.1021e-13  2.1021e-11
   44    101  4.1362e-07  4.1775e-05
   44    102  2.5025e-07  2.5525e-05
   44    104  2.5315e-07  2.6328e-05
   45    103  2.6660e-07  2.7460e-05
   46    104  2.1799e-18  2.2671e-16
   46    105  2.4468e-07  2.5691e-05
   46    106  4.5312e-07  4.8031e-05
   46    108  4.4880e-07  4.8470e-05
   46    110  6.3804e-07  7.0184e-05
   47    107  3.7123e-07  3.9722e-05
   47    109  4.6880e-07  5.1099e-05
   48    110  3.2531e-14  3.5784e-12
   48    111  1.3557e-07  1.5048e-05
   48    112  3.6384e-07  4.0750e-05
   48    113  1.5967e-07  1.8043e-05
   48    114  1.4824e-07  1.6899e-05
   48    116  6.7670e-08  7.8497e-06
   49    113  7.0272e-15  7.9407e-13
   49    115  1.4569e-07  1.6755e-05
   50    115  1.1624e-13  1.3368e-11
   50    116  4.4884e-14  5.2065e-12
   50    117  1.5259e-07  1.7853e-05
   50    118  1.7904e-07  2.1127e-05
   50    119  1.4301e-07  1.7018e-05
   50    120  8.1397e-07  9.7676e-05
   50    122  2.0171e-06  2.4609e-04
   50    124  8.8567e-06  1.0982e-03
   51    121  7.6282e-07  9.2302e-05
   51    123  2.1219e-06  2.6099e-04
   52    122  3.0288e-14  3.6952e-12
   52    124  7.6091e-16  9.4352e-14
   52    125  8.8142e-06  1.1018e-03
   52    126  1.3177e-05  1.6603e-03
   52    128  7.2595e-06  9.2921e-04
   52    130  1.4958e-06  1.9446e-04
   53    127  8.6670e-06  1.1007e-03
   53    129  1.5613e-14  2.0140e-12
   54    128  8.3203e-16  1.0650e-13
   54    129  5.4445e-06  7.0234e-04
   54    130  2.8048e-14  3.6463e-12
   54    131  1.6442e-06  2.1539e-04
   54    132  2.9645e-06  3.9131e-04
   54    134  3.1669e-06  4.2436e-04
   54    136  1.8890e-06  2.5690e-04
   55    133  3.8060e-06  5.0620e-04
   56    134  1.0113e-17  1.3552e-15
   56    135  1.1914e-06  1.6084e-04
   56    136  3.5372e-15  4.8106e-13
   56    137  2.4413e-06  3.3446e-04
   56    138  2.5886e-06  3.5722e-04
   57    139  1.4872e-06  2.0672e-04
   58    140  2.2085e-06  3.0919e-04
   58    142  1.0675e-06  1.5159e-04
   59    141  1.9793e-06  2.7909e-04
   60    142  9.0462e-18  1.2846e-15
   60    143  1.0634e-06  1.5207e-04
   60    144  1.3898e-06  2.0013e-04
   60    145  1.0420e-06  1.5109e-04
   60    146  1.6773e-06  2.4489e-04
   60    148  1.6115e-06  2.3851e-04
   60    150  1.2347e-06  1.8521e-04
   62    147  1.7261e-06  2.5374e-04
   62    148  1.0486e-12  1.5519e-10
   62    149  9.5354e-07  1.4208e-04
   62    150  2.9238e-12  4.3856e-10
   62    152  1.4876e-06  2.2611e-04
   62    154  1.9933e-06  3.0697e-04
   63    151  1.0097e-06  1.5246e-04
   63    153  8.9477e-07  1.3690e-04
   64    154  3.7001e-14  5.6982e-12
   64    155  1.4021e-06  2.1732e-04
   64    156  1.6592e-06  2.5884e-04
   64    157  1.2970e-06  2.0364e-04
   64    158  2.3547e-06  3.7205e-04
   64    160  1.7716e-06  2.8346e-04
   65    159  5.9612e-07  9.4784e-05
   66    160  5.3266e-15  8.5226e-13
   66    161  1.0232e-06  1.6474e-04
   66    162  1.2875e-06  2.0858e-04
   66    163  8.5971e-07  1.4013e-04
   66    164  2.5852e-06  4.2397e-04
   67    165  1.4869e-06  2.4534e-04
   68    166  3.3608e-06  5.5789e-04
   68    167  1.7767e-06  2.9671e-04
   68    168  2.1243e-06  3.5688e-04
   68    170  1.7316e-06  2.9437e-04
   69    169  2.9048e-06  4.9092e-04
   70    170  4.6876e-15  7.9690e-13
   70    171  1.4027e-06  2.3987e-04
   70    172  1.1967e-06  2.0583e-04
   70    173  9.6679e-07  1.6725e-04
   70    174  1.6160e-06  2.8118e-04
   70    176  1.1669e-06  2.0537e-04
   71    175  9.5114e-07  1.6645e-04
   71    176  3.3504e-16  5.8968e-14
   72    176  3.1368e-18  5.5208e-16
   72    177  1.3589e-06  2.4052e-04
   72    178  1.4600e-06  2.5988e-04
   72    179  1.4144e-06  2.5318e-04
   72    180  2.0669e-06  3.7205e-04
   73    181  2.3215e-06  4.2019e-04
   74    182  3.0894e-06  5.6227e-04
   74    183  1.9721e-06  3.6089e-04
   74    184  3.1500e-06  5.7959e-04
   74    186  4.8480e-06  9.0174e-04
   75    185  2.2104e-06  4.0893e-04
   75    187  3.5071e-06  6.5582e-04
   76    186  7.2478e-18  1.3481e-15
   76    187  2.8502e-08  5.3300e-06
   76    188  9.0006e-06  1.6921e-03
   76    189  9.4712e-06  1.7901e-03
   76    190  2.2719e-05  4.3165e-03
   76    192  5.4292e-05  1.0424e-02
   77    191  3.2380e-05  6.1845e-03
   77    193  6.4032e-05  1.2358e-02
   78    192  2.9848e-15  5.7309e-13
   78    194  7.3413e-05  1.4242e-02
   78    195  6.3413e-05  1.2366e-02
   78    196  3.7261e-05  7.3033e-03
   78    198  8.3835e-06  1.6599e-03
   79    197  2.2747e-05  4.4811e-03
   80    198  2.2503e-15  4.4556e-13
   80    199  4.1739e-06  8.3061e-04
   80    200  3.9884e-06  7.9769e-04
   80    201  3.4761e-06  6.9869e-04
   80    202  6.1012e-06  1.2324e-03
   80    204  9.6945e-06  1.9777e-03
   81    203  6.5118e-06  1.3219e-03
   81    205  1.0165e-05  2.0837e-03
   81    207  4.0305e-19  8.3430e-17
   82    204  1.0655e-18  2.1736e-16
   82    206  1.5885e-04  3.2724e-02
   82    207  1.3805e-04  2.8577e-02
   82    208  1.4811e-04  3.0807e-02
   82    210  4.9625e-12  1.0421e-09
   82    211  1.4282e-17  3.0134e-15
   82    212  1.5083e-17  3.1977e-15
   82    214  2.3145e-18  4.9530e-16
   83    209  1.5985e-04  3.3409e-02
   83    210  1.0410e-16  2.1860e-14
   83    211  1.8146e-19  3.8287e-17
   83    212  4.5071e-19  9.5551e-17
   83    214  2.8609e-19  6.1223e-17
   84    210  2.8742e-15  6.0358e-13
   84    218  4.4694e-20  9.7432e-18
   86    222  7.9339e-17  1.7613e-14
   87    223  2.5747e-20  5.7415e-18
   88    223  1.3962e-15  3.1135e-13
   88    224  3.8977e-17  8.7309e-15
   88    226  1.2140e-11  2.7437e-09
   88    228  1.2534e-10  2.8577e-08
   89    227  9.7093e-13  2.2040e-10
   89    228  2.7433e-18  6.2548e-16
   90    227  2.2440e-15  5.0938e-13
   90    228  7.4851e-15  1.7066e-12
   90    230  5.7216e-10  1.3160e-07
   90    231  1.2987e-16  3.0001e-14
   90    232  5.4864e-05  1.2728e-02
   90    234  1.9346e-16  4.5271e-14
   91    231  1.4556e-09  3.3625e-07
   91    234  5.7936e-18  1.3557e-15
   92    234  1.8631e-09  4.3597e-07
   92    235  3.1373e-05  7.3726e-03
   92    236  1.3815e-07  3.2603e-05
   92    238  3.3894e-05  8.0668e-03
   92    240  6.9333e-18  1.6640e-15
   93    240  4.8950e-19  1.1748e-16
   94    239  8.7055e-17  2.0806e-14
   94    240  2.7347e-11  6.5632e-09
   94    244  3.3287e-07  8.1221e-05
   95    243  2.6613e-17  6.4669e-15
   96    244  9.0344e-17  2.2044e-14
   96    247  5.6169e-14  1.3874e-11
   97    246  4.9409e-09  1.2155e-06
  100    258  8.7392e-06  2.2547e-03
  100    260  9.1642e-06  2.3827e-03
  100    262  8.5904e-06  2.2507e-03
  102    261  7.4643e-06  1.9482e-03
  102    263  8.5116e-06  2.2385e-03
  102    264  7.9367e-06  2.0953e-03
  102    266  5.8032e-06  1.5436e-03
  103    265  5.4936e-06  1.4558e-03
  104    267  2.6237e-06  7.0053e-04
  104    268  1.8415e-06  4.9352e-04
  104    270  1.6004e-06  4.3210e-04
  104    272  8.3205e-07  2.2632e-04
  104    274  2.2515e-07  6.1692e-05
  105    269  2.3253e-06  6.2551e-04
  105    271  1.2186e-06  3.3023e-04
  106    273  4.3507e-07  1.1877e-04
  106    275  6.9249e-08  1.9044e-05
  106    276  4.4742e-08  1.2349e-05
  106    278  5.9769e-08  1.6616e-05
  106    280  4.7663e-08  1.3346e-05
  107    277  1.9349e-08  5.3596e-06
  108    279  6.4795e-08  1.8078e-05
  108    281  2.9916e-08  8.4063e-06
  108    282  7.0134e-08  1.9778e-05
  108    283  6.8588e-08  1.9410e-05
  108    284  7.1662e-08  2.0352e-05
  108    286  5.9162e-08  1.6920e-05
  110    285  6.0258e-08  1.7173e-05
  110    286  2.8326e-18  8.1012e-16
  110    287  5.0936e-08  1.4619e-05
  110    288  3.6628e-08  1.0549e-05
  110    290  1.8603e-08  5.3950e-06
  111    289  1.9552e-08  5.6506e-06
  111    290  4.2596e-19  1.2353e-16
  111    291  1.2717e-08  3.7008e-06
  111    292  5.4662e-08  1.5961e-05
  111    293  1.9643e-08  5.7554e-06
  111    294  2.0535e-08  6.0373e-06
  111    295  7.5311e-09  2.2217e-06
  111    296  2.7039e-09  8.0035e-07
  111    297  8.4953e-10  2.5231e-07
  111    298  2.6402e-10  7.8679e-08
  111    299  4.2749e-14  1.2782e-11
  111    300  4.8853e-13  1.4656e-10
  111    301  1.6475e-09  4.9591e-07
  111    302  3.2757e-09  9.8925e-07
  111    303  2.1289e-09  6.4505e-07
  111    304  1.6712e-09  5.0805e-07
  111    305  3.5358e-10  1.0784e-07
  111    306  8.9428e-10  2.7365e-07
  111    307  1.1402e-10  3.5005e-08
  111    308  5.6475e-11  1.7394e-08
  111    309  1.8137e-11  5.6042e-09
  111    310  6.3179e-11  1.9585e-08
  111    311  1.6783e-11  5.2194e-09
  111    312  1.5461e-11  4.8239e-09
  111    313  8.6677e-12  2.7130e-09
  111    314  5.2734e-12  1.6559e-09
  111    315  4.0128e-12  1.2640e-09
  111    316  5.4261e-12  1.7147e-09
  111    317  2.2627e-12  7.1728e-10
  111    318  7.5131e-12  2.3892e-09
  111    319  3.4593e-12  1.1035e-09
  111    320  4.2157e-12  1.3490e-09
  111    321  1.9564e-12  6.2800e-10
  111    322  8.4368e-13  2.7167e-10
  111    323  3.4503e-13  1.1144e-10
  111    324  7.8147e-13  2.5320e-10
  111    325  3.3014e-14  1.0730e-11
  111    326  1.6088e-13  5.2446e-11
  111    327  6.8114e-13  2.2273e-10
  111    328  1.1501e-16  3.7722e-14
  111    329  2.8836e-14  9.4869e-12
  111    330  8.2241e-17  2.7140e-14
  111    331  8.4915e-16  2.8107e-13
  111    332  7.7064e-16  2.5585e-13
  111    333  1.2035e-16  4.0077e-14
  111    334  4.0791e-18  1.3624e-15
  111    335  2.0798e-17  6.9673e-15
  111    336  4.1641e-17  1.3991e-14
  111    337  1.8992e-15  6.4004e-13
    1      1  1.3492e-09  1.3492e-09
    2      4  1.7798e-01  7.1194e-01


