1  1.2179e-09
2  9.4011e-15
3  5.3579e-18
4  1.7533e-01
5  0.0000e+00
6  1.0570e-15
7  3.6126e-18
8  2.5444e-13
9  1.2551e-18
10  1.2913e-16
11  4.8628e-19
12  9.8369e-09
13  1.1375e-13
14  3.2198e-09
15  8.3519e-09
16  4.8798e-10
17  1.1122e-11
18  9.1592e-09
19  1.0349e-08
20  3.8141e-10
21  1.7532e-08
22  5.5368e-09
23  1.2446e-08
24  6.7475e-09
25  2.0135e-08
26  2.4538e-07
27  3.1694e-09
28  6.6213e-09
29  6.6709e-08
30  3.7563e-08
31  1.0881e-08
32  5.8815e-08
33  7.7418e-07
34  6.0245e-07
35  2.0637e-08
36  5.2411e-08
37  2.9001e-07
38  3.9301e-07
39  5.0572e-07
40  7.5076e-07
41  1.1931e-07
42  1.2437e-06
43  2.6216e-07
44  3.0238e-07
45  1.2550e-06
46  2.1323e-06
47  1.0542e-06
48  2.1648e-07
49  9.4142e-07
50  1.3664e-06
51  2.5074e-07
52  9.2021e-08
53  1.9311e-06
54  7.6518e-06
55  5.8457e-07
56  1.5240e-06
57  2.7928e-07
58  9.5584e-10
59  5.3585e-10
60  3.0938e-09
61  2.1405e-08
62  3.4188e-07
63  1.8271e-06
64  9.0908e-08
65  8.4155e-08
66  5.7102e-07
67  3.0080e-07
68  1.7012e-07
69  3.3899e-07
70  8.2532e-07
71  1.6937e-07
72  4.7303e-07
73  4.8351e-07
74  1.3657e-06
75  6.4266e-06
76  9.5194e-06
77  2.5017e-05
78  2.7549e-05
79  7.0238e-06
80  2.5308e-05
81  1.6233e-05
82  1.8250e-05
83  5.2797e-06
84  2.1241e-05
85  9.2524e-06
86  2.8444e-06
87  7.0988e-06
88  2.1289e-05
89  6.5292e-06
90  2.1530e-06
91  2.3033e-07
92  4.0356e-07
93  4.4955e-07
94  4.4972e-06
95  6.3449e-06
96  3.8379e-06
97  1.8640e-06
98  1.2171e-07
99  2.2277e-07
100  1.0019e-06
101  3.0516e-06
102  1.0060e-05
103  6.7802e-06
104  1.0080e-05
105  7.0410e-06
106  2.2141e-05
107  3.0123e-05
108  3.5920e-05
109  2.4693e-05
110  1.9209e-05
111  2.8328e-06
112  4.5402e-06
113  1.4692e-06
114  1.2481e-06
115  9.9530e-07
116  8.6512e-07
117  3.2216e-06
118  5.5919e-06
119  4.8663e-06
120  3.1585e-05
121  2.4146e-05
122  4.7444e-05
123  5.5404e-05
124  2.2178e-04
125  3.3084e-04
126  7.0374e-04
127  3.2830e-04
128  2.1471e-04
129  6.6099e-05
130  1.7618e-05
131  1.8645e-07
132  1.5380e-07
133  3.4177e-07
134  2.4736e-08
135  4.1991e-08
136  4.9151e-08
137  4.5309e-10
138  3.3040e-11
139  3.4344e-11
140  8.9128e-11
141  2.5438e-10
142  4.2195e-10
143  4.7219e-10
144  3.7406e-10
145  1.7337e-10
146  2.5902e-10
147  2.5106e-10
148  2.3491e-10
149  9.5111e-11
150  1.3730e-10
151  9.4052e-11
152  2.1023e-10
153  1.2004e-10
154  1.7770e-10
155  1.3216e-10
156  4.9135e-11
157  6.0181e-11
158  7.8001e-11
159  1.0071e-11
160  3.0672e-11
161  2.4471e-11
162  1.3295e-11
163  8.1947e-12
164  1.4055e-11
165  7.6083e-12
166  1.3508e-11
167  5.2207e-12
168  2.7071e-12
169  3.5153e-12
170  7.9647e-13
171  4.2025e-13
172  2.7995e-13
173  1.4804e-13
174  1.8398e-13
175  6.4467e-14
176  6.7751e-14
177  5.4831e-14
178  2.0969e-14
179  7.1327e-15
180  4.1129e-15
181  3.8229e-15
182  3.4362e-15
183  3.0250e-15
184  6.9649e-15
185  6.3278e-15
186  8.3575e-15
187  6.0521e-15
188  7.4511e-15
189  3.8194e-15
190  7.7417e-15
191  3.4508e-15
192  2.9828e-15
193  1.7419e-15
194  1.6820e-15
195  7.4907e-16
196  3.1126e-16
197  7.9669e-17
198  1.4528e-17
199  1.4886e-18
200  2.3512e-19
201  9.9431e-21
202  8.2376e-22
203  1.8997e-23
204  2.4500e-25
205  0.0000e+00
206  0.0000e+00
207  0.0000e+00
208  0.0000e+00
209  0.0000e+00
210  0.0000e+00
211  0.0000e+00
212  0.0000e+00
213  0.0000e+00
214  0.0000e+00
215  0.0000e+00
216  0.0000e+00
217  0.0000e+00
218  0.0000e+00
219  0.0000e+00
220  0.0000e+00
221  0.0000e+00
222  0.0000e+00
223  0.0000e+00
224  0.0000e+00
225  0.0000e+00
226  0.0000e+00
227  0.0000e+00
228  0.0000e+00
229  0.0000e+00
230  0.0000e+00
231  0.0000e+00
232  0.0000e+00
233  0.0000e+00
234  0.0000e+00
235  0.0000e+00
236  0.0000e+00
237  0.0000e+00
238  0.0000e+00
239  0.0000e+00
240  0.0000e+00
241  0.0000e+00
242  0.0000e+00
243  0.0000e+00
244  0.0000e+00
245  0.0000e+00
246  0.0000e+00
247  0.0000e+00
248  0.0000e+00
249  0.0000e+00
250  0.0000e+00
251  0.0000e+00
252  0.0000e+00
253  0.0000e+00
254  0.0000e+00
255  0.0000e+00
256  0.0000e+00
257  0.0000e+00
258  0.0000e+00
259  0.0000e+00
260  0.0000e+00
261  0.0000e+00
262  0.0000e+00
263  0.0000e+00
264  0.0000e+00
265  0.0000e+00
266  0.0000e+00
267  0.0000e+00
268  0.0000e+00
269  0.0000e+00
270  0.0000e+00
271  0.0000e+00
272  0.0000e+00
273  0.0000e+00
274  0.0000e+00
275  0.0000e+00
276  0.0000e+00
277  0.0000e+00
278  0.0000e+00
279  0.0000e+00
280  0.0000e+00
281  0.0000e+00
282  0.0000e+00
283  0.0000e+00
284  0.0000e+00
285  0.0000e+00
286  0.0000e+00
287  0.0000e+00
288  0.0000e+00
289  0.0000e+00
290  0.0000e+00
291  0.0000e+00
292  0.0000e+00
293  0.0000e+00
294  0.0000e+00
295  0.0000e+00
296  0.0000e+00
297  0.0000e+00
298  0.0000e+00
299  0.0000e+00
300  0.0000e+00
301  0.0000e+00
302  0.0000e+00
303  0.0000e+00
304  0.0000e+00
305  0.0000e+00
306  0.0000e+00
307  0.0000e+00
308  0.0000e+00
309  0.0000e+00
310  0.0000e+00
311  0.0000e+00
312  0.0000e+00
313  0.0000e+00
314  0.0000e+00
315  0.0000e+00
316  0.0000e+00
317  0.0000e+00
318  0.0000e+00
319  0.0000e+00
320  0.0000e+00
321  0.0000e+00
322  0.0000e+00
323  0.0000e+00
324  0.0000e+00
325  0.0000e+00
326  0.0000e+00
327  0.0000e+00
328  0.0000e+00
329  0.0000e+00
330  0.0000e+00
331  0.0000e+00
332  0.0000e+00
333  0.0000e+00
334  0.0000e+00
335  0.0000e+00
336  0.0000e+00
337  0.0000e+00

