1  3.4756e-09
2  1.9231e-01
3  2.1268e-10
4  1.7313e-10
5  2.2233e-10
6  5.3672e-08
7  3.7277e-06
8  1.9393e-07
9  5.4790e-07
10  1.0649e-06
11  6.8344e-07
12  4.3519e-07
13  3.8690e-07
14  1.3279e-06
15  1.1279e-07
16  2.9572e-06
17  1.1521e-07
18  7.0785e-07
19  3.3678e-07
20  1.1656e-06
21  1.2327e-07
22  1.3067e-06
23  5.8854e-08
24  5.1698e-07
25  1.5003e-07
26  9.4063e-07
27  2.6355e-08
28  5.0450e-07
29  6.9158e-07
30  1.9185e-06
31  3.5308e-07
32  4.2596e-06
33  2.9778e-06
34  2.3373e-05
35  1.0873e-05
36  6.2987e-06
37  3.6595e-06
38  1.4286e-06
39  3.6186e-07
40  3.7902e-06
41  6.9479e-07
42  2.9511e-06
43  1.8391e-32
44  1.5407e-06
45  3.8762e-07
46  4.7071e-06
47  2.4281e-06
48  1.2463e-06
49  6.9566e-08
50  1.6331e-05
51  2.8486e-06
52  3.9682e-04
53  8.3980e-05
54  3.5163e-04
55  3.3817e-05
56  4.5543e-05
57  4.9397e-06
58  1.9072e-05
59  2.8744e-05
60  1.2484e-05
61  1.5832e-84
62  1.5989e-05
63  7.6246e-06
64  3.6271e-05
65  5.4564e-06
66  3.6757e-05
67  7.5004e-06
68  3.8593e-05
69  8.8701e-06
70  2.3908e-05
71  3.9608e-06
72  1.5090e-05
73  2.3025e-06
74  1.0960e-05
75  5.2717e-06
76  9.3391e-05
77  8.6471e-05
78  1.1316e-04
79  4.9411e-06
80  4.2328e-07
81  2.1972e-07
82  2.0758e-06
83  5.9865e-07
84  2.6085e-18
85  6.4785e-27
86  7.2024e-20
87  2.8852e-23
88  2.6017e-13
89  1.0873e-15
90  1.0906e-07
91  1.6301e-12
92  6.5997e-08
93  3.5716e-22
94  2.4289e-10
95  8.3512e-21
96  1.7683e-17
97  3.8895e-12
98  5.1076e-315
99  9.4367e-322
100  5.0418e-09
101  3.8678e-313
102  2.3923e-09
103  2.8490e-10
104  2.9645e-10
105  1.4016e-10
106  2.0076e-11
107  9.4115e-13
108  3.3334e-13
109  4.0360e-319
110  2.6402e-14
111  1.4299e-14
112  0.0000e+00
113  0.0000e+00
114  0.0000e+00
115  0.0000e+00
116  0.0000e+00
117  0.0000e+00
118  0.0000e+00

