1  5.3382e-09
2  2.0201e-01
3  3.8917e-10
4  2.0635e-09
5  6.4275e-09
6  2.6617e-07
7  8.0630e-06
8  2.6482e-07
9  8.9177e-07
10  1.5718e-06
11  9.0286e-07
12  6.4457e-07
13  2.4277e-07
14  8.6272e-07
15  8.9506e-08
16  1.8648e-06
17  6.6329e-08
18  1.5431e-07
19  2.3573e-07
20  8.7228e-07
21  1.3760e-07
22  5.9265e-07
23  3.4591e-08
24  4.2680e-07
25  7.2376e-08
26  4.5197e-07
27  1.1744e-08
28  3.4894e-07
29  4.6401e-07
30  8.9583e-07
31  1.3435e-07
32  3.9008e-06
33  3.0486e-06
34  1.3283e-05
35  5.8411e-06
36  3.4217e-06
37  1.7840e-06
38  4.3673e-07
39  1.3209e-07
40  2.1344e-06
41  4.3585e-07
42  1.2689e-06
43  1.0762e-32
44  9.6437e-07
45  2.7462e-07
46  2.2294e-06
47  1.0942e-06
48  3.6439e-07
49  2.1569e-08
50  1.2051e-05
51  3.2194e-06
52  7.4121e-05
53  1.8845e-05
54  5.7674e-05
55  7.0760e-06
56  1.2754e-05
57  1.6048e-06
58  5.6891e-06
59  8.7463e-06
60  4.4557e-06
61  2.5790e-83
62  6.7422e-06
63  2.9486e-06
64  1.8181e-05
65  3.0272e-06
66  1.9457e-05
67  4.2373e-06
68  2.2379e-05
69  4.9074e-06
70  1.4246e-05
71  2.5969e-06
72  9.4630e-06
73  1.8240e-06
74  1.9191e-05
75  1.1413e-05
76  2.0291e-04
77  1.7028e-04
78  1.7872e-04
79  6.5176e-06
80  7.8727e-06
81  3.7706e-06
82  6.7866e-05
83  2.5588e-05
84  4.8539e-16
85  1.6206e-26
86  1.3401e-17
87  4.7080e-21
88  2.8985e-11
89  1.7754e-13
90  1.1790e-05
91  2.6617e-10
92  1.1491e-05
93  1.0629e-19
94  7.2280e-08
95  4.5618e-18
96  9.6451e-15
97  1.0363e-09
98  -6.7780e-314
99  -3.3102e-322
100  3.6256e-06
101  -1.3127e-313
102  3.2164e-06
103  5.5682e-07
104  1.3111e-06
105  7.3500e-07
106  2.2529e-07
107  1.0631e-08
108  3.8744e-09
109  4.3293e-319
110  1.4153e-09
111  2.9037e-09
112  0.0000e+00
113  0.0000e+00
114  0.0000e+00
115  0.0000e+00
116  0.0000e+00
117  0.0000e+00
118  0.0000e+00

