    1      2  1.7651e-15  3.5301e-15
    2      3  2.9362e-19  8.8086e-19
    3      6  5.6440e-17  3.3864e-16
    3      7  2.6359e-19  1.8451e-18
    4      8  1.2801e-14  1.0241e-13
    4      9  1.1744e-18  1.0570e-17
    5     10  9.6760e-18  9.6760e-17
    5     11  2.4467e-20  2.6914e-19
    6     12  2.6124e-08  3.1349e-07
    6     13  3.2120e-14  4.1756e-13
    7     14  3.2570e-13  4.5597e-12
    7     15  7.7893e-10  1.1684e-08
    8     16  1.3155e-09  2.1048e-08
    8     17  3.0252e-14  5.1428e-13
    8     18  2.4763e-10  4.4573e-09
    9     19  3.4507e-10  6.5562e-09
   10     20  1.9985e-10  3.9970e-09
   10     21  6.4455e-11  1.3535e-09
   10     22  9.8370e-11  2.1641e-09
   11     23  1.6723e-10  3.8462e-09
   12     24  2.2044e-10  5.2905e-09
   12     25  3.6898e-10  9.2245e-09
   12     26  1.4992e-09  3.8979e-08
   13     26  5.6595e-15  1.4715e-13
   13     27  9.9558e-10  2.6881e-08
   14     28  4.8295e-09  1.3523e-07
   14     29  3.6745e-09  1.0656e-07
   14     30  1.7160e-08  5.1479e-07
   15     31  2.1689e-09  6.7235e-08
   16     32  2.5527e-08  8.1688e-07
   16     33  7.0949e-08  2.3413e-06
   16     34  5.2816e-08  1.7957e-06
   16     36  5.4461e-08  1.9606e-06
   17     35  3.2334e-08  1.1317e-06
   17     37  2.4799e-07  9.1755e-06
   18     36  1.0689e-16  3.8479e-15
   18     38  4.8670e-07  1.8495e-05
   18     40  1.5578e-07  6.2310e-06
   19     39  1.5111e-07  5.8934e-06
   19     41  1.3631e-07  5.5887e-06
   20     42  3.5778e-07  1.5027e-05
   20     43  1.4014e-07  6.0261e-06
   20     44  3.3490e-07  1.4735e-05
   20     46  1.5584e-06  7.1685e-05
   21     45  5.5987e-07  2.5194e-05
   22     46  1.2322e-20  5.6679e-19
   22     47  1.1779e-06  5.5363e-05
   22     48  4.1779e-07  2.0054e-05
   22     49  1.4855e-06  7.2791e-05
   22     50  2.3185e-06  1.1592e-04
   23     51  8.5635e-07  4.3674e-05
   24     52  6.0326e-08  3.1370e-06
   24     53  1.9844e-06  1.0517e-04
   24     54  6.7423e-06  3.6408e-04
   25     55  3.0679e-07  1.6873e-05
   26     56  1.8735e-06  1.0492e-04
   26     57  2.2251e-07  1.2683e-05
   26     58  3.3106e-08  1.9201e-06
   27     59  3.1552e-08  1.8616e-06
   28     60  5.3877e-08  3.2326e-06
   28     61  1.4391e-07  8.7784e-06
   28     62  5.1197e-07  3.1742e-05
   28     64  9.9185e-08  6.3478e-06
   29     63  9.6697e-07  6.0919e-05
   29     65  7.2887e-08  4.7376e-06
   30     64  2.2154e-20  1.4179e-18
   30     66  3.9566e-07  2.6113e-05
   30     67  3.2498e-07  2.1774e-05
   30     68  1.2313e-06  8.3726e-05
   30     70  2.2163e-06  1.5514e-04
   31     69  1.3604e-06  9.3865e-05
   31     71  2.5083e-07  1.7809e-05
   32     70  2.0729e-15  1.4510e-13
   32     72  3.5566e-07  2.5608e-05
   32     73  1.9596e-06  1.4305e-04
   32     74  1.8381e-06  1.3602e-04
   32     76  1.0478e-05  7.9633e-04
   33     75  5.7500e-06  4.3125e-04
   34     76  8.0383e-14  6.1091e-12
   34     77  2.5082e-05  1.9314e-03
   34     78  3.3617e-05  2.6221e-03
   34     80  1.1403e-05  9.1221e-04
   34     82  3.2944e-05  2.7014e-03
   35     79  1.7097e-05  1.3507e-03
   35     81  1.9179e-05  1.5535e-03
   36     82  2.2551e-13  1.8492e-11
   36     83  7.0313e-06  5.8360e-04
   36     84  3.4795e-06  2.9228e-04
   36     86  3.7790e-05  3.2499e-03
   37     85  1.3898e-05  1.1813e-03
   37     87  3.3236e-06  2.8915e-04
   38     86  4.1929e-20  3.6059e-18
   38     87  2.4336e-08  2.1172e-06
   38     88  7.2793e-06  6.4058e-04
   39     89  4.6015e-06  4.0953e-04
   40     90  7.6325e-06  6.8693e-04
   40     91  5.9011e-06  5.3700e-04
   40     92  3.7356e-05  3.4368e-03
   40     94  4.2209e-06  3.9676e-04
   41     93  4.3232e-06  4.0205e-04
   42     95  3.4193e-06  3.2483e-04
   42     96  9.4063e-06  9.0300e-04
   42     97  4.8490e-06  4.7036e-04
   42     98  6.7178e-07  6.5834e-05
   42    100  1.2892e-05  1.2892e-03
   44     99  4.6687e-06  4.6220e-04
   44    100  1.1793e-13  1.1793e-11
   44    101  2.4687e-05  2.4934e-03
   44    102  2.8150e-05  2.8713e-03
   44    104  1.0263e-05  1.0673e-03
   45    103  9.8116e-06  1.0106e-03
   46    104  1.1668e-18  1.2135e-16
   46    105  6.6052e-05  6.9355e-03
   46    106  2.0539e-04  2.1771e-02
   46    108  1.3573e-04  1.4659e-02
   46    110  1.9055e-04  2.0961e-02
   47    107  1.2984e-04  1.3893e-02
   47    109  1.5976e-04  1.7414e-02
   48    110  5.0604e-13  5.5665e-11
   48    111  2.7788e-05  3.0845e-03
   48    112  4.7411e-05  5.3100e-03
   48    113  1.9790e-05  2.2363e-03
   48    114  2.1176e-05  2.4140e-03
   48    116  7.0806e-06  8.2135e-04
   49    113  8.7098e-13  9.8421e-11
   49    115  1.0215e-05  1.1747e-03
   50    115  8.1501e-12  9.3726e-10
   50    116  2.1097e-13  2.4473e-11
   50    117  1.3316e-05  1.5580e-03
   50    118  9.3977e-06  1.1089e-03
   50    119  4.8797e-06  5.8069e-04
   50    120  1.1564e-05  1.3876e-03
   50    122  5.8469e-05  7.1332e-03
   50    124  1.4038e-04  1.7408e-02
   51    121  1.4849e-05  1.7967e-03
   51    123  5.2586e-05  6.4681e-03
   52    122  6.1606e-14  7.5159e-12
   52    124  4.2948e-15  5.3256e-13
   52    125  2.3661e-04  2.9576e-02
   52    126  5.0527e-04  6.3665e-02
   52    128  1.3289e-04  1.7010e-02
   52    130  1.6553e-06  2.1519e-04
   53    127  2.2439e-04  2.8497e-02
   53    129  1.1622e-13  1.4992e-11
   54    128  4.2033e-16  5.3802e-14
   54    129  3.9813e-05  5.1359e-03
   54    130  5.8465e-15  7.6005e-13
   54    131  2.6852e-08  3.5176e-06
   54    132  2.4192e-08  3.1933e-06
   54    134  5.2205e-09  6.9955e-07
   54    136  2.8625e-11  3.8930e-09
   55    133  2.4830e-08  3.3024e-06
   56    135  2.2818e-10  3.0804e-08
   56    136  2.4994e-20  3.3991e-18
   56    137  8.3993e-13  1.1507e-10
   56    138  4.3809e-13  6.0457e-11
   57    139  4.9050e-12  6.8179e-10
   58    140  1.0405e-11  1.4566e-09
   58    142  8.6909e-13  1.2341e-10
   59    141  4.4909e-13  6.3322e-11
   60    143  7.6092e-13  1.0881e-10
   60    144  6.2895e-14  9.0569e-12
   60    145  8.2449e-15  1.1955e-12
   60    146  3.0870e-14  4.5070e-12
   60    148  1.3191e-13  1.9523e-11
   60    150  1.1253e-13  1.6879e-11
   62    147  5.8872e-14  8.6542e-12
   62    149  7.7564e-14  1.1557e-11
   62    150  2.2592e-20  3.3888e-18
   62    152  1.0119e-13  1.5380e-11
   62    154  4.4269e-14  6.8174e-12
   63    151  6.1201e-14  9.2414e-12
   63    153  4.6590e-14  7.1283e-12
   64    155  3.3063e-14  5.1247e-12
   64    156  1.4584e-14  2.2751e-12
   64    157  1.5458e-14  2.4269e-12
   64    158  1.5458e-14  2.4424e-12
   64    160  4.6658e-15  7.4653e-13
   65    159  2.6213e-15  4.1679e-13
   66    161  3.3419e-15  5.3805e-13
   66    162  1.9681e-15  3.1884e-13
   66    163  1.0453e-15  1.7039e-13
   66    164  1.7288e-15  2.8352e-13
   67    165  9.2273e-16  1.5225e-13
   68    166  1.4990e-15  2.4884e-13
   68    167  4.5799e-16  7.6485e-14
   68    168  2.8250e-16  4.7461e-14
   68    170  5.0251e-17  8.5427e-15
   69    169  2.6340e-16  4.4514e-14
   70    171  1.8161e-17  3.1055e-15
   70    172  1.1274e-17  1.9392e-15
   70    173  5.1004e-18  8.8237e-16
   70    174  4.5241e-18  7.8720e-16
   70    176  9.6194e-19  1.6930e-16
   71    175  1.3354e-18  2.3370e-16
   72    177  3.7770e-19  6.6854e-17
   72    178  8.9549e-20  1.5940e-17
   72    179  2.7898e-20  4.9938e-18
   72    180  1.4374e-20  2.5873e-18
   73    181  1.1291e-20  2.0436e-18
    1      1  5.2408e-10  5.2408e-10
    2      4  1.6762e-01  6.7049e-01


