    1      2  2.5612e-05  5.1224e-05
    2      3  2.1928e-07  6.5785e-07
    3      7  4.1611e-09  2.9128e-08
    4      8  8.1753e-08  6.5402e-07
    4      9  4.2835e-09  3.8551e-08
    5     10  1.0099e-07  1.0099e-06
    5     11  1.4171e-07  1.5589e-06
    6     12  6.1778e-08  7.4133e-07
    6     13  5.8368e-08  7.5879e-07
    7     14  1.3370e-06  1.8718e-05
    7     15  1.8229e-06  2.7344e-05
    8     16  7.7689e-06  1.2430e-04
    8     17  1.6525e-07  2.8093e-06
    8     18  1.0559e-06  1.9007e-05
    9     19  2.2487e-08  4.2726e-07
   10     20  1.5391e-06  3.0782e-05
   10     21  3.0426e-07  6.3894e-06
   10     22  1.8321e-06  4.0306e-05
   11     23  5.8333e-07  1.3417e-05
   12     24  4.9963e-07  1.1991e-05
   12     25  1.6960e-07  4.2400e-06
   12     26  2.7950e-07  7.2669e-06
   13     27  5.9960e-09  1.6189e-07
   14     28  2.3448e-07  6.5653e-06
   14     29  1.4471e-08  4.1967e-07
   14     30  2.9741e-09  8.9223e-08
   15     31  7.6353e-09  2.3669e-07
   16     32  1.1637e-07  3.7240e-06
   16     33  9.8511e-09  3.2509e-07
   16     34  1.8189e-07  6.1842e-06
   16     36  2.5354e-07  9.1274e-06
   17     35  5.7435e-08  2.0102e-06
   17     37  1.3954e-08  5.1630e-07
   18     36  8.4778e-14  3.0520e-12
   18     38  7.5933e-08  2.8855e-06
   18     40  1.7496e-10  6.9984e-09
   19     39  1.5830e-09  6.1735e-08
   19     40  8.7429e-20  3.4971e-18
   19     41  4.9393e-11  2.0251e-09
   20     40  2.5219e-20  1.0087e-18
   20     42  3.5546e-10  1.4929e-08
   20     43  6.2311e-11  2.6794e-09
   20     44  7.4720e-10  3.2877e-08
   20     46  4.0700e-10  1.8722e-08
   21     45  1.0960e-10  4.9320e-09
   22     46  5.3031e-18  2.4394e-16
   22     47  4.5725e-10  2.1491e-08
   22     48  4.0614e-09  1.9495e-07
   22     49  2.3339e-10  1.1436e-08
   22     50  2.0005e-10  1.0002e-08
   23     51  6.9918e-11  3.5658e-09
   24     52  1.0527e-10  5.4740e-09
   24     53  4.9772e-11  2.6379e-09
   24     54  4.8867e-11  2.6388e-09
   25     55  1.4767e-11  8.1217e-10
   26     56  5.3541e-11  2.9983e-09
   26     57  2.6351e-11  1.5020e-09
   26     58  1.2345e-10  7.1602e-09
   27     59  2.4767e-12  1.4612e-10
   28     60  3.3557e-10  2.0134e-08
   28     61  1.1909e-12  7.2645e-11
   28     62  1.2805e-11  7.9389e-10
   28     64  1.6612e-10  1.0632e-08
   29     63  1.7912e-11  1.1284e-09
   29     65  1.1521e-12  7.4888e-11
   30     64  1.6105e-20  1.0307e-18
   30     66  1.9054e-11  1.2576e-09
   30     67  2.3615e-12  1.5822e-10
   30     68  4.0099e-11  2.7267e-09
   30     70  3.7359e-11  2.6151e-09
   31     69  7.7246e-12  5.3300e-10
   31     71  9.6241e-12  6.8331e-10
   32     70  2.5531e-14  1.7871e-12
   32     72  5.9258e-11  4.2666e-09
   32     73  1.5093e-11  1.1018e-09
   32     74  9.1398e-11  6.7635e-09
   32     76  7.2099e-11  5.4795e-09
   33     75  2.1382e-11  1.6037e-09
   34     76  8.9527e-14  6.8041e-12
   34     77  6.8739e-12  5.2929e-10
   34     78  9.8439e-11  7.6783e-09
   34     80  1.4488e-10  1.1590e-08
   34     82  8.2104e-11  6.7325e-09
   35     79  2.8433e-11  2.2462e-09
   35     81  1.6690e-11  1.3519e-09
   36     82  2.5458e-13  2.0876e-11
   36     83  8.2017e-12  6.8074e-10
   36     84  1.5066e-11  1.2656e-09
   36     86  3.7835e-11  3.2538e-09
   37     85  3.0234e-11  2.5699e-09
   37     87  1.7108e-11  1.4884e-09
   38     86  5.0969e-19  4.3834e-17
   38     87  1.2526e-13  1.0898e-11
   38     88  1.5921e-11  1.4010e-09
   39     89  6.8651e-12  6.1099e-10
   40     90  6.7265e-12  6.0538e-10
   40     91  2.2663e-12  2.0623e-10
   40     92  7.4674e-12  6.8700e-10
   40     94  4.7585e-12  4.4729e-10
   41     93  5.0805e-12  4.7249e-10
   42     95  3.8382e-12  3.6463e-10
   42     96  3.0639e-11  2.9414e-09
   42     97  6.7777e-12  6.5744e-10
   42     98  1.3217e-11  1.2953e-09
   42    100  9.5803e-12  9.5803e-10
   44     99  3.3037e-12  3.2706e-10
   44    100  4.1038e-13  4.1038e-11
   44    101  1.4747e-12  1.4895e-10
   44    102  4.5655e-12  4.6568e-10
   44    104  5.1029e-12  5.3070e-10
   45    103  1.6926e-12  1.7434e-10
   46    104  6.1001e-18  6.3441e-16
   46    105  2.2419e-12  2.3540e-10
   46    106  3.9881e-12  4.2274e-10
   46    108  6.4797e-12  6.9980e-10
   46    110  7.4825e-12  8.2308e-10
   47    107  1.5202e-12  1.6266e-10
   47    109  1.6401e-12  1.7877e-10
   48    110  4.2267e-15  4.6494e-13
   48    111  1.2181e-12  1.3520e-10
   48    112  4.1117e-12  4.6051e-10
   48    113  1.9489e-12  2.2022e-10
   48    114  7.2997e-12  8.3216e-10
   48    116  3.7796e-12  4.3844e-10
   49    113  8.5771e-20  9.6921e-18
   49    115  3.5298e-12  4.0593e-10
   50    115  2.8163e-18  3.2387e-16
   50    116  3.7438e-14  4.3428e-12
   50    117  1.4196e-12  1.6610e-10
   50    118  6.8135e-12  8.0399e-10
   50    119  1.8226e-12  2.1689e-10
   50    120  6.7115e-12  8.0538e-10
   50    122  1.0236e-11  1.2488e-09
   50    124  9.4272e-12  1.1690e-09
   51    121  1.7499e-12  2.1174e-10
   51    123  4.2056e-13  5.1729e-11
   52    122  1.4078e-15  1.7176e-13
   52    124  1.2603e-16  1.5627e-14
   52    125  3.5264e-12  4.4080e-10
   52    126  1.7239e-11  2.1721e-09
   52    128  2.9817e-11  3.8166e-09
   52    130  3.0848e-10  4.0102e-08
   53    127  1.5331e-12  1.9471e-10
   53    129  1.8175e-18  2.3446e-16
   54    128  6.6738e-17  8.5425e-15
   54    129  3.0470e-11  3.9306e-09
   54    130  4.1824e-14  5.4372e-12
   54    131  6.1955e-10  8.1162e-08
   54    132  1.7610e-09  2.3246e-07
   54    134  1.0653e-09  1.4276e-07
   54    136  7.1619e-11  9.7402e-09
   55    133  1.8102e-09  2.4076e-07
   56    134  8.5096e-15  1.1403e-12
   56    135  2.4745e-10  3.3405e-08
   56    136  1.0093e-13  1.3727e-11
   56    137  2.9483e-12  4.0392e-10
   56    138  1.8476e-11  2.5497e-09
   57    139  8.8631e-12  1.2320e-09
   58    140  1.0842e-11  1.5179e-09
   58    142  4.3392e-13  6.1617e-11
   59    141  5.6560e-13  7.9750e-11
   60    142  8.7106e-19  1.2369e-16
   60    143  7.3180e-13  1.0465e-10
   60    144  2.5065e-12  3.6094e-10
   60    145  2.0337e-13  2.9489e-11
   60    146  8.1976e-13  1.1968e-10
   60    148  6.1841e-13  9.1525e-11
   60    150  1.0569e-12  1.5853e-10
   62    147  5.7259e-13  8.4171e-11
   62    148  1.4899e-14  2.2050e-12
   62    149  6.2016e-14  9.2403e-12
   62    150  2.7301e-15  4.0952e-13
   62    152  2.9378e-13  4.4654e-11
   62    154  1.4723e-13  2.2673e-11
   63    151  6.3201e-14  9.5434e-12
   63    153  1.1452e-13  1.7521e-11
   64    154  5.4408e-17  8.3788e-15
   64    155  3.2478e-14  5.0341e-12
   64    156  1.1355e-13  1.7714e-11
   64    157  3.0006e-14  4.7110e-12
   64    158  5.1820e-14  8.1876e-12
   64    160  6.6907e-14  1.0705e-11
   65    159  1.0503e-14  1.6700e-12
   66    160  1.0787e-18  1.7259e-16
   66    161  8.8960e-15  1.4322e-12
   66    162  1.7672e-14  2.8629e-12
   66    163  9.1562e-15  1.4925e-12
   66    164  1.2789e-14  2.0973e-12
   67    165  1.8901e-14  3.1187e-12
   68    166  1.6738e-14  2.7784e-12
   68    167  1.3690e-14  2.2862e-12
   68    168  9.9461e-15  1.6709e-12
   68    170  1.0554e-14  1.7941e-12
   69    169  3.8297e-14  6.4722e-12
   70    170  2.4124e-18  4.1010e-16
   70    171  1.7631e-14  3.0149e-12
   70    172  7.3835e-15  1.2700e-12
   70    173  4.4227e-15  7.6512e-13
   70    174  2.5839e-14  4.4960e-12
   70    176  9.0558e-15  1.5938e-12
   71    175  6.1131e-15  1.0698e-12
   71    176  2.1447e-19  3.7747e-17
   72    177  1.1589e-14  2.0513e-12
   72    178  7.3011e-15  1.2996e-12
   72    179  5.8187e-15  1.0416e-12
   72    180  7.5172e-15  1.3531e-12
   73    181  3.8541e-14  6.9760e-12
   74    182  1.3748e-14  2.5022e-12
   74    183  7.7012e-15  1.4093e-12
   74    184  3.6999e-15  6.8079e-13
   74    186  2.4818e-15  4.6162e-13
   75    185  2.1601e-15  3.9962e-13
   75    187  6.7826e-15  1.2683e-12
   76    187  5.5118e-17  1.0307e-14
   76    188  2.9979e-15  5.6360e-13
   76    189  1.5980e-14  3.0201e-12
   76    190  8.2014e-15  1.5583e-12
   76    192  7.2341e-14  1.3889e-11
   77    191  3.6510e-14  6.9734e-12
   77    193  6.2166e-15  1.1998e-12
   78    192  4.2366e-19  8.1342e-17
   78    194  1.8992e-14  3.6844e-12
   78    195  3.0019e-14  5.8536e-12
   78    196  1.8951e-14  3.7145e-12
   78    198  5.7177e-14  1.1321e-11
   79    197  5.8038e-14  1.1433e-11
   80    198  4.0639e-18  8.0465e-16
   80    199  4.4716e-15  8.8985e-13
   80    200  1.2791e-14  2.5582e-12
   80    201  1.4935e-14  3.0020e-12
   80    202  2.0232e-14  4.0868e-12
   80    204  8.1778e-14  1.6683e-11
   81    203  5.4166e-14  1.0996e-11
   81    205  7.5533e-14  1.5484e-11
   82    206  1.9894e-13  4.0982e-11
   82    208  3.5243e-13  7.3305e-11
   82    214  2.9441e-16  6.3004e-14
   83    209  5.9408e-09  1.2416e-06
   83    211  6.2200e-15  1.3124e-12
   84    216  2.7560e-16  5.9530e-14
   85    218  1.9301e-20  4.2077e-18
   86    219  1.1193e-15  2.4512e-13
   88    226  1.0285e-20  2.3243e-18
   88    228  1.9369e-19  4.4162e-17
   90    230  4.8471e-19  1.1148e-16
   90    232  8.4785e-14  1.9670e-11
   91    231  3.8491e-18  8.8915e-16
   92    234  1.5783e-18  3.6933e-16
   92    235  8.2959e-14  1.9495e-11
   92    236  3.9630e-16  9.3528e-14
   92    238  2.8713e-14  6.8338e-12
   92    240  1.1799e-16  2.8317e-14
   94    244  9.9386e-16  2.4250e-13
   97    246  6.7129e-18  1.6514e-15
  100    258  1.4494e-13  3.7394e-11
  100    260  5.5739e-13  1.4492e-10
  100    262  2.6706e-12  6.9971e-10
  102    261  2.1762e-12  5.6799e-10
  102    263  2.9476e-12  7.7522e-10
  102    264  1.6957e-12  4.4766e-10
  102    266  6.6094e-13  1.7581e-10
  103    265  2.1079e-12  5.5859e-10
  104    267  5.9914e-14  1.5997e-11
  104    268  2.3461e-14  6.2876e-12
  104    270  1.2063e-13  3.2570e-11
  104    272  4.6341e-14  1.2605e-11
  104    274  4.2749e-14  1.1713e-11
  105    269  8.8566e-14  2.3824e-11
  105    271  7.4840e-14  2.0282e-11
  106    273  5.9295e-14  1.6188e-11
  106    275  1.7584e-13  4.8356e-11
  106    276  4.6159e-13  1.2740e-10
  106    278  1.5695e-13  4.3632e-11
  106    280  1.2390e-12  3.4692e-10
  107    277  1.8124e-13  5.0203e-11
  108    279  8.8324e-13  2.4642e-10
  108    281  7.6298e-13  2.1440e-10
  108    282  7.2252e-12  2.0375e-09
  108    283  4.4808e-12  1.2681e-09
  108    284  5.7894e-13  1.6442e-10
  108    286  2.0700e-14  5.9202e-12
  110    285  3.0405e-11  8.6654e-09
  110    286  6.1945e-17  1.7716e-14
  110    287  1.7815e-12  5.1130e-10
  110    288  9.7881e-13  2.8190e-10
  110    290  1.4525e-10  4.2123e-08
  111    289  1.4700e-12  4.2483e-10
  111    290  8.6226e-19  2.5006e-16
  111    291  1.8625e-10  5.4198e-08
  111    292  6.2293e-10  1.8189e-07
  111    293  4.8976e-10  1.4350e-07
  111    294  2.7829e-09  8.1816e-07
  111    295  1.0751e-09  3.1716e-07
  111    296  1.8314e-08  5.4210e-06
  111    297  1.0911e-08  3.2406e-06
  111    298  2.0849e-08  6.2129e-06
  111    299  1.6189e-10  4.8405e-08
  111    300  4.2676e-11  1.2803e-08
  111    301  4.9848e-09  1.5004e-06
  111    302  2.9056e-09  8.7751e-07
  111    303  3.1478e-10  9.5377e-08
  111    304  4.6401e-10  1.4106e-07
  111    305  9.8408e-11  3.0014e-08
  111    306  1.3486e-10  4.1267e-08
  111    307  6.7856e-12  2.0832e-09
  111    308  6.2793e-12  1.9340e-09
  111    309  6.6590e-13  2.0576e-10
  111    310  3.2551e-12  1.0091e-09
  111    311  3.6857e-13  1.1462e-10
  111    312  8.2928e-13  2.5874e-10
  111    313  8.9197e-14  2.7919e-11
  111    314  6.8683e-13  2.1567e-10
  111    315  6.7231e-10  2.1178e-07
  111    316  4.1607e-10  1.3148e-07
  111    317  1.0069e-10  3.1919e-08
  111    318  1.4272e-06  4.5386e-04
  111    319  2.3123e-06  7.3763e-04
  111    320  5.7989e-06  1.8556e-03
  111    321  4.8095e-06  1.5439e-03
  111    322  7.7983e-06  2.5111e-03
  111    323  6.0701e-06  1.9606e-03
  111    324  9.1896e-06  2.9774e-03
  111    325  9.3397e-06  3.0354e-03
  111    326  1.3205e-05  4.3049e-03
  111    327  1.1001e-05  3.5972e-03
  111    328  1.4998e-05  4.9193e-03
  111    329  1.7822e-05  5.8635e-03
  111    330  1.0138e-05  3.3456e-03
  111    331  1.6761e-05  5.5478e-03
  111    332  1.1713e-05  3.8886e-03
  111    333  1.6698e-05  5.5604e-03
  111    334  5.5411e-06  1.8507e-03
  111    335  2.8598e-05  9.5803e-03
  111    336  5.1083e-05  1.7164e-02
  111    337  1.8971e-04  6.3931e-02
    1      1  1.9981e-03  1.9981e-03
    2      4  2.1323e-01  8.5293e-01


