    1      2  1.8043e-16  3.6086e-16
    5     10  2.2868e-20  2.2868e-19
    6     12  8.4428e-07  1.0131e-05
    6     13  4.4519e-12  5.7875e-11
    7     14  4.5044e-17  6.3062e-16
    7     15  1.4080e-20  2.1120e-19
    8     16  2.1852e-09  3.4963e-08
    8     17  9.2041e-18  1.5647e-16
    8     18  4.5087e-20  8.1156e-19
   10     20  1.7419e-09  3.4838e-08
   10     21  1.5041e-15  3.1586e-14
   10     22  1.7526e-19  3.8556e-18
   11     23  1.8930e-13  4.3539e-12
   12     24  1.8196e-09  4.3670e-08
   12     25  9.8683e-14  2.4671e-12
   12     26  3.6649e-12  9.5287e-11
   13     26  2.9878e-14  7.7684e-13
   13     27  2.9657e-10  8.0075e-09
   14     28  5.4931e-09  1.5381e-07
   14     29  6.5117e-11  1.8884e-09
   14     30  3.8589e-09  1.1577e-07
   15     31  9.6369e-10  2.9874e-08
   16     32  5.9427e-09  1.9017e-07
   16     33  3.0303e-10  1.0000e-08
   16     34  2.3789e-08  8.0883e-07
   16     36  5.5372e-09  1.9934e-07
   17     35  2.1631e-09  7.5708e-08
   17     37  7.1255e-10  2.6364e-08
   18     36  6.2848e-10  2.2625e-08
   18     38  2.8695e-08  1.0904e-06
   18     40  1.2331e-08  4.9326e-07
   19     39  7.2601e-09  2.8314e-07
   19     40  9.8766e-12  3.9506e-10
   19     41  1.7683e-09  7.2501e-08
   20     40  5.0090e-12  2.0036e-10
   20     42  4.1204e-09  1.7306e-07
   20     43  3.2726e-09  1.4072e-07
   20     44  2.4763e-08  1.0896e-06
   20     46  2.3706e-08  1.0905e-06
   21     45  3.3729e-09  1.5178e-07
   22     46  1.3387e-11  6.1578e-10
   22     47  1.0984e-08  5.1623e-07
   22     48  1.3722e-07  6.5865e-06
   22     49  2.1467e-08  1.0519e-06
   22     50  1.3139e-07  6.5694e-06
   23     51  3.1999e-08  1.6320e-06
   24     50  5.9333e-15  2.9667e-13
   24     52  1.2981e-08  6.7499e-07
   24     53  7.5361e-09  3.9941e-07
   24     54  6.2515e-07  3.3758e-05
   25     55  4.3444e-08  2.3894e-06
   26     54  4.5378e-19  2.4504e-17
   26     56  2.7380e-09  1.5333e-07
   26     57  5.3901e-09  3.0724e-07
   26     58  6.5015e-07  3.7709e-05
   27     59  5.7191e-10  3.3743e-08
   28     60  1.8766e-08  1.1259e-06
   28     61  3.7873e-08  2.3102e-06
   28     62  1.9617e-08  1.2163e-06
   28     64  9.7965e-07  6.2697e-05
   29     63  2.8994e-08  1.8266e-06
   29     65  1.4614e-09  9.4992e-08
   30     64  9.4882e-18  6.0724e-16
   30     66  2.7852e-07  1.8382e-05
   30     67  1.4326e-07  9.5982e-06
   30     68  1.9879e-07  1.3518e-05
   30     70  1.7463e-06  1.2224e-04
   31     69  5.5747e-09  3.8465e-07
   31     71  1.9293e-09  1.3698e-07
   32     70  1.3379e-17  9.3656e-16
   32     72  3.3984e-07  2.4468e-05
   32     73  6.6819e-08  4.8778e-06
   32     74  1.2716e-08  9.4097e-07
   32     76  2.9193e-06  2.2187e-04
   33     75  1.5080e-07  1.1310e-05
   34     76  1.6853e-15  1.2808e-13
   34     77  1.2481e-08  9.6105e-07
   34     78  1.0645e-06  8.3035e-05
   34     80  5.1092e-07  4.0873e-05
   34     82  7.9433e-06  6.5135e-04
   35     79  3.5201e-07  2.7809e-05
   35     81  6.7372e-08  5.4571e-06
   36     82  7.6186e-16  6.2473e-14
   36     83  2.3850e-06  1.9795e-04
   36     84  3.8582e-04  3.2409e-02
   36     86  1.4161e-05  1.2178e-03
   37     85  1.0042e-04  8.5359e-03
   37     87  1.0312e-04  8.9714e-03
   38     86  5.2105e-12  4.4811e-10
   38     87  7.5496e-07  6.5681e-05
   38     88  1.6305e-03  1.4348e-01
   39     89  8.3670e-05  7.4466e-03
   40     90  1.1993e-03  1.0794e-01
   40     91  6.0242e-04  5.4821e-02
   40     92  6.0352e-05  5.5524e-03
   40     94  2.2324e-03  2.0984e-01
   41     93  6.7160e-05  6.2459e-03
   42     94  1.9026e-17  1.7885e-15
   42     95  1.3629e-04  1.2948e-02
   42     96  3.4254e-05  3.2884e-03
   42     97  1.8561e-05  1.8005e-03
   42     98  8.6375e-05  8.4647e-03
   42    100  7.4666e-05  7.4666e-03
   44     98  1.3511e-20  1.3241e-18
   44     99  9.6673e-07  9.5707e-05
   44    100  2.9216e-14  2.9216e-12
   44    101  1.6188e-06  1.6350e-04
   44    102  5.2019e-05  5.3059e-03
   44    104  1.1013e-06  1.1453e-04
   45    103  1.3616e-05  1.4025e-03
   46    104  2.2701e-18  2.3609e-16
   46    105  8.0844e-07  8.4887e-05
   46    106  1.4972e-05  1.5870e-03
   46    107  1.0863e-20  1.1623e-18
   46    108  2.5355e-07  2.7384e-05
   46    110  1.3130e-07  1.4443e-05
   47    107  1.0267e-07  1.0986e-05
   47    109  8.1392e-07  8.8718e-05
   48    110  3.0483e-15  3.3531e-13
   48    111  2.9465e-08  3.2706e-06
   48    112  4.0093e-07  4.4904e-05
   48    113  2.3041e-08  2.6037e-06
   48    114  5.0853e-09  5.7972e-07
   48    116  3.0157e-09  3.4983e-07
   49    113  1.0141e-15  1.1459e-13
   49    115  6.9312e-08  7.9709e-06
   50    115  5.5301e-14  6.3597e-12
   50    116  1.4705e-15  1.7058e-13
   50    117  1.9321e-09  2.2605e-07
   50    118  8.3311e-09  9.8307e-07
   50    119  9.6969e-11  1.1539e-08
   50    120  8.7640e-10  1.0517e-07
   50    122  2.2816e-11  2.7836e-09
   50    124  6.2250e-11  7.7190e-09
   51    121  4.8030e-10  5.8116e-08
   51    123  1.7749e-10  2.1832e-08
   52    122  1.7941e-18  2.1888e-16
   52    125  6.1617e-11  7.7021e-09
   52    126  1.0597e-10  1.3352e-08
   52    128  1.6271e-11  2.0827e-09
   52    130  4.2911e-13  5.5785e-11
   53    127  8.7231e-13  1.1078e-10
   53    129  5.6557e-19  7.2958e-17
   54    129  3.9680e-12  5.1187e-10
   54    131  1.9163e-12  2.5104e-10
   54    132  8.8665e-13  1.1704e-10
   54    134  1.4690e-15  1.9684e-13
   54    136  5.4804e-20  7.4533e-18
   55    133  2.3995e-14  3.1913e-12
   56    135  1.2933e-17  1.7459e-15
    1      1  1.2201e-09  1.2201e-09
    2      4  9.2234e-02  3.6893e-01


