1  3.1954e-02
2  3.9132e+00
3  7.0117e-11
4  4.8518e-07
5  4.6832e-09
6  9.7945e-09
7  2.1182e-06
8  3.2197e-06
9  6.5195e-08
10  5.1487e-06
11  1.1689e-06
12  6.5195e-06
13  2.2071e-08
14  6.3166e-07
15  1.5422e-08
16  5.3981e-07
17  5.3219e-08
18  9.8342e-08
19  3.0784e-09
20  1.6714e-09
21  2.9203e-10
22  1.0481e-08
23  3.4448e-11
24  9.5446e-11
25  4.7928e-12
26  2.1155e-10
27  1.8664e-12
28  1.3526e-09
29  3.1813e-11
30  8.8993e-11
31  6.4090e-12
32  1.1192e-10
33  7.0422e-12
34  4.8774e-10
35  2.4381e-11
36  2.2006e-10
37  9.0942e-11
38  7.6058e-11
39  2.4367e-11
40  1.9900e-10
41  2.8922e-11
42  4.5824e-10
43  3.6951e-36
44  6.5992e-11
45  1.0207e-11
46  8.2676e-11
47  1.2791e-11
48  8.3818e-11
49  1.3745e-11
50  3.0494e-10
51  1.7036e-11
52  1.1981e-09
53  1.6675e-11
54  1.8497e-08
55  6.7465e-09
56  3.4288e-09
57  1.4746e-10
58  2.6811e-10
59  3.3000e-11
60  1.5183e-10
61  2.7061e-89
62  2.1765e-11
63  3.7544e-12
64  9.5148e-12
65  3.5186e-13
66  1.6940e-12
67  4.6047e-13
68  3.0808e-12
69  7.7390e-13
70  2.1492e-12
71  2.4414e-13
72  1.5082e-12
73  7.0834e-13
74  1.5770e-12
75  4.8541e-13
76  7.6235e-12
77  2.0585e-12
78  9.3961e-12
79  2.0439e-12
80  9.0517e-12
81  9.0236e-12
82  7.7322e-11
83  6.5125e-11
84  1.4879e-27
85  1.4227e-32
86  4.4093e-21
87  4.9151e-27
88  4.0301e-19
89  1.8534e-19
90  5.6489e-12
91  2.7787e-16
92  7.1334e-12
93  9.4810e-26
94  6.4110e-14
95  6.1892e-22
96  1.3063e-18
97  2.4925e-16
98  -1.3461e-314
99  1.0919e-321
100  1.4996e-10
101  5.3450e-206
102  3.3213e-10
103  2.9490e-11
104  2.4497e-10
105  3.6291e-11
106  1.9632e-10
107  1.5934e-11
108  6.5959e-08
109  -4.0442e-319
110  2.0853e-07
111  3.8290e-04
112  0.0000e+00
113  0.0000e+00
114  0.0000e+00
115  0.0000e+00
116  0.0000e+00
117  0.0000e+00
118  0.0000e+00

