1  5.4459e-09
2  7.5421e-02
3  2.1859e-20
4  4.8248e-20
5  5.2607e-20
6  3.6938e-07
7  8.2161e-17
8  9.4886e-10
9  2.9704e-21
10  7.8076e-10
11  8.8080e-14
12  8.5440e-10
13  1.5166e-10
14  6.5888e-09
15  6.3691e-10
16  3.7628e-08
17  4.5034e-09
18  1.2940e-08
19  2.9024e-09
20  8.8994e-08
21  2.3348e-09
22  3.2381e-07
23  1.1470e-08
24  4.7372e-07
25  2.7133e-09
26  1.4009e-07
27  4.1102e-10
28  4.7091e-07
29  7.3665e-08
30  1.6049e-06
31  2.0035e-07
32  2.8160e-06
33  3.2428e-07
34  1.7026e-05
35  6.7215e-07
36  4.6362e-04
37  8.3249e-05
38  3.3035e-05
39  9.8521e-05
40  5.2636e-03
41  6.1965e-04
42  3.6988e-04
43  4.0382e-31
44  5.2512e-04
45  5.9299e-06
46  6.6762e-05
47  2.6161e-06
48  4.3012e-06
49  5.5321e-08
50  3.2325e-07
51  1.3837e-08
52  6.6558e-09
53  3.4557e-10
54  9.5671e-11
55  1.0005e-13
56  2.2461e-17
57  6.3559e-35
58  2.8034e-317
59  0.0000e+00
60  0.0000e+00
61  0.0000e+00
62  0.0000e+00
63  0.0000e+00
64  0.0000e+00
65  0.0000e+00
66  0.0000e+00
67  0.0000e+00
68  0.0000e+00
69  0.0000e+00
70  0.0000e+00
71  0.0000e+00
72  0.0000e+00
73  0.0000e+00
74  0.0000e+00
75  0.0000e+00
76  0.0000e+00
77  0.0000e+00
78  0.0000e+00
79  0.0000e+00
80  0.0000e+00
81  0.0000e+00
82  0.0000e+00
83  0.0000e+00
84  0.0000e+00
85  0.0000e+00
86  0.0000e+00
87  0.0000e+00
88  0.0000e+00
89  0.0000e+00
90  0.0000e+00
91  0.0000e+00
92  0.0000e+00
93  0.0000e+00
94  0.0000e+00
95  0.0000e+00
96  0.0000e+00
97  0.0000e+00
98  0.0000e+00
99  0.0000e+00
100  0.0000e+00
101  0.0000e+00
102  0.0000e+00
103  0.0000e+00
104  0.0000e+00
105  0.0000e+00
106  0.0000e+00
107  0.0000e+00
108  0.0000e+00
109  0.0000e+00
110  0.0000e+00
111  0.0000e+00
112  0.0000e+00
113  0.0000e+00
114  0.0000e+00
115  0.0000e+00
116  0.0000e+00
117  0.0000e+00
118  0.0000e+00

