1  9.8387e-09
2  1.8711e-01
3  1.7177e-09
4  4.8088e-08
5  2.9667e-07
6  3.1452e-07
7  2.0082e-05
8  4.8747e-07
9  1.6738e-06
10  3.0917e-06
11  1.3354e-06
12  9.9417e-07
13  9.5238e-08
14  2.7534e-07
15  4.0854e-08
16  5.9047e-07
17  1.6158e-08
18  3.3444e-08
19  6.8536e-08
20  1.9998e-07
21  3.5420e-08
22  1.1671e-07
23  1.1932e-08
24  1.0523e-07
25  9.8295e-09
26  1.0957e-07
27  4.2124e-09
28  6.7944e-08
29  9.3232e-08
30  1.5297e-07
31  2.5944e-08
32  3.6637e-07
33  1.7814e-07
34  1.0231e-06
35  3.8453e-07
36  6.0970e-07
37  2.5927e-07
38  1.8105e-07
39  1.2594e-07
40  7.2748e-07
41  1.1511e-07
42  7.6555e-07
43  3.9282e-33
44  2.5354e-07
45  6.4659e-08
46  1.2813e-05
47  6.0918e-06
48  2.0205e-05
49  3.9543e-06
50  6.4530e-06
51  1.2354e-06
52  2.7906e-05
53  9.0959e-06
54  2.1340e-05
55  2.3801e-06
56  7.0027e-06
57  1.2741e-06
58  3.3161e-06
59  3.4144e-06
60  9.0286e-06
61  2.2293e-83
62  4.1849e-06
63  1.5004e-06
64  6.1293e-06
65  4.5883e-07
66  5.1412e-06
67  1.3284e-06
68  6.6341e-06
69  2.1730e-06
70  9.7389e-06
71  2.0638e-06
72  9.4541e-06
73  1.8981e-06
74  3.0223e-06
75  4.8408e-07
76  2.0634e-05
77  2.9451e-05
78  1.6764e-04
79  3.9706e-05
80  1.9416e-05
81  4.1903e-06
82  1.6650e-04
83  9.6071e-05
84  3.8476e-15
85  1.1771e-25
86  1.0622e-16
87  3.3175e-20
88  1.8201e-10
89  1.2511e-12
90  7.2558e-05
91  1.8756e-09
92  8.6006e-05
93  7.3454e-19
94  4.9953e-07
95  3.7484e-17
96  7.9232e-14
97  7.9986e-09
98  -5.5045e-314
99  -9.5355e-322
100  3.4978e-05
101  3.1793e-313
102  4.9479e-05
103  1.0928e-05
104  7.4995e-05
105  2.8029e-05
106  7.0422e-05
107  5.4005e-06
108  3.6771e-06
109  -2.9656e-319
110  1.6764e-06
111  7.8692e-06
112  0.0000e+00
113  0.0000e+00
114  0.0000e+00
115  0.0000e+00
116  0.0000e+00
117  0.0000e+00
118  0.0000e+00

