    1      2  6.5570e-09  1.3114e-08
    2      3  6.9492e-10  2.0848e-09
    3      6  2.1118e-11  1.2671e-10
    3      7  1.2459e-09  8.7214e-09
    4      8  2.3215e-08  1.8572e-07
    4      9  9.4402e-09  8.4962e-08
    5     10  2.1316e-07  2.1316e-06
    5     11  3.3487e-09  3.6836e-08
    6     12  1.0929e-08  1.3114e-07
    6     13  3.8294e-07  4.9783e-06
    7     14  8.7694e-08  1.2277e-06
    7     15  1.9140e-05  2.8710e-04
    8     16  3.6997e-07  5.9195e-06
    8     17  1.0127e-08  1.7216e-07
    8     18  6.3779e-08  1.1480e-06
    9     19  1.6521e-06  3.1390e-05
   10     20  2.2960e-06  4.5920e-05
   10     21  6.7053e-07  1.4081e-05
   10     22  5.1536e-09  1.1338e-07
   11     23  1.3098e-06  3.0126e-05
   12     24  4.1879e-07  1.0051e-05
   12     25  5.1848e-07  1.2962e-05
   12     26  4.1962e-08  1.0910e-06
   13     26  8.9150e-20  2.3179e-18
   13     27  9.0938e-08  2.4553e-06
   14     28  1.8720e-07  5.2416e-06
   14     29  4.0836e-08  1.1843e-06
   14     30  4.8546e-08  1.4564e-06
   15     31  4.3459e-08  1.3472e-06
   16     32  5.2589e-08  1.6829e-06
   16     33  3.4107e-07  1.1255e-05
   16     34  2.6123e-07  8.8818e-06
   16     36  8.8991e-09  3.2037e-07
   17     35  1.1904e-08  4.1664e-07
   17     37  7.6583e-09  2.8336e-07
   18     36  7.7986e-20  2.8075e-18
   18     38  2.8801e-08  1.0944e-06
   18     40  1.1716e-08  4.6864e-07
   19     39  2.2921e-08  8.9394e-07
   19     41  6.2286e-08  2.5537e-06
   20     42  1.6410e-07  6.8922e-06
   20     43  2.8195e-08  1.2124e-06
   20     44  4.2850e-08  1.8854e-06
   20     46  2.1469e-08  9.8758e-07
   21     45  4.4942e-08  2.0224e-06
   22     46  1.0815e-20  4.9751e-19
   22     47  2.8116e-08  1.3214e-06
   22     48  5.3260e-08  2.5565e-06
   22     49  3.9273e-08  1.9244e-06
   22     50  3.7952e-08  1.8976e-06
   23     51  1.4811e-08  7.5537e-07
   24     52  6.9883e-08  3.6339e-06
   24     53  4.8602e-08  2.5759e-06
   24     54  2.2357e-08  1.2073e-06
   25     55  1.3953e-08  7.6741e-07
   26     56  2.9797e-08  1.6686e-06
   26     57  1.0390e-07  5.9225e-06
   26     58  4.4248e-09  2.5664e-07
   27     59  5.6921e-09  3.3583e-07
   28     60  1.1429e-08  6.8575e-07
   28     61  1.9000e-08  1.1590e-06
   28     62  1.8756e-08  1.1629e-06
   28     64  4.8866e-08  3.1274e-06
   29     63  8.3239e-08  5.2440e-06
   29     65  3.6940e-08  2.4011e-06
   30     66  7.1738e-08  4.7347e-06
   30     67  3.2083e-08  2.1496e-06
   30     68  2.5465e-08  1.7316e-06
   30     70  6.3882e-08  4.4717e-06
   31     69  1.8908e-08  1.3047e-06
   31     71  1.7358e-08  1.2324e-06
   32     70  4.3781e-16  3.0647e-14
   32     72  7.2659e-08  5.2315e-06
   32     73  3.6427e-08  2.6591e-06
   32     74  1.0015e-07  7.4111e-06
   32     76  2.9286e-07  2.2257e-05
   33     75  2.3870e-07  1.7903e-05
   34     76  3.0446e-14  2.3139e-12
   34     77  2.5673e-07  1.9768e-05
   34     78  1.8560e-07  1.4477e-05
   34     80  7.0932e-07  5.6746e-05
   34     82  3.4625e-07  2.8392e-05
   35     79  1.9912e-07  1.5731e-05
   35     81  4.0306e-07  3.2648e-05
   36     82  6.0384e-14  4.9515e-12
   36     83  4.9123e-07  4.0772e-05
   36     84  1.9818e-07  1.6647e-05
   36     86  3.5198e-07  3.0270e-05
   37     85  1.5611e-07  1.3269e-05
   37     87  3.2638e-07  2.8395e-05
   38     87  2.3898e-09  2.0792e-07
   38     88  3.8780e-07  3.4127e-05
   39     89  2.7323e-07  2.4317e-05
   40     90  4.3128e-07  3.8815e-05
   40     91  9.8793e-08  8.9902e-06
   40     92  3.8509e-07  3.5428e-05
   40     94  7.6751e-07  7.2146e-05
   41     93  2.8579e-07  2.6579e-05
   42     95  4.9181e-07  4.6722e-05
   42     96  5.5366e-07  5.3151e-05
   42     97  4.5058e-07  4.3706e-05
   42     98  8.3118e-08  8.1455e-06
   42    100  1.2193e-07  1.2193e-05
   44     99  9.7006e-08  9.6036e-06
   44    100  4.3458e-14  4.3458e-12
   44    101  1.4670e-07  1.4817e-05
   44    102  1.0221e-07  1.0425e-05
   44    104  1.8399e-07  1.9135e-05
   45    103  1.3164e-07  1.3559e-05
   46    104  7.3690e-19  7.6638e-17
   46    105  1.8462e-07  1.9385e-05
   46    106  3.9776e-07  4.2162e-05
   46    108  1.4172e-06  1.5306e-04
   46    110  1.5911e-05  1.7503e-03
   47    107  4.6679e-07  4.9947e-05
   47    109  8.4908e-06  9.2549e-04
   48    110  4.0187e-13  4.4206e-11
   48    111  2.6071e-06  2.8939e-04
   48    112  1.0039e-05  1.1244e-03
   48    113  6.0876e-06  6.8789e-04
   48    114  6.3799e-06  7.2731e-04
   48    116  6.3103e-07  7.3199e-05
   49    113  2.6792e-13  3.0275e-11
   49    115  4.3110e-06  4.9576e-04
   50    115  3.4395e-12  3.9555e-10
   50    116  9.0078e-13  1.0449e-10
   50    117  8.0557e-07  9.4252e-05
   50    118  5.0046e-07  5.9054e-05
   50    119  3.4226e-07  4.0729e-05
   50    120  1.5525e-06  1.8630e-04
   50    122  9.8942e-07  1.2071e-04
   50    124  5.2062e-06  6.4557e-04
   51    121  7.2974e-07  8.8299e-05
   51    123  1.0799e-06  1.3282e-04
   52    122  1.9460e-14  2.3742e-12
   52    124  2.5792e-16  3.1982e-14
   52    125  6.2749e-06  7.8437e-04
   52    126  1.1841e-05  1.4920e-03
   52    128  1.4537e-05  1.8607e-03
   52    130  8.1405e-06  1.0583e-03
   53    127  1.3864e-05  1.7607e-03
   53    129  2.7431e-14  3.5386e-12
   54    128  9.1174e-16  1.1670e-13
   54    129  1.0592e-05  1.3664e-03
   54    130  3.7233e-14  4.8403e-12
   54    131  5.4480e-06  7.1368e-04
   54    132  3.4458e-06  4.5485e-04
   54    134  3.3140e-06  4.4408e-04
   54    136  3.8409e-06  5.2237e-04
   55    133  3.0976e-06  4.1197e-04
   56    134  6.0032e-18  8.0442e-16
   56    135  2.2295e-06  3.0099e-04
   56    136  4.5336e-15  6.1657e-13
   56    137  3.3894e-06  4.6435e-04
   56    138  3.1716e-06  4.3769e-04
   57    139  1.8135e-06  2.5208e-04
   58    140  2.5339e-06  3.5475e-04
   58    142  1.9867e-06  2.8211e-04
   59    141  4.5553e-06  6.4229e-04
   60    142  1.4312e-17  2.0322e-15
   60    143  1.9943e-06  2.8519e-04
   60    144  3.6369e-06  5.2371e-04
   60    145  1.7463e-06  2.5321e-04
   60    146  1.6179e-06  2.3621e-04
   60    148  1.0573e-06  1.5647e-04
   60    150  1.5288e-06  2.2932e-04
   62    147  1.2645e-06  1.8589e-04
   62    148  5.2414e-13  7.7573e-11
   62    149  6.4890e-07  9.6687e-05
   62    150  1.3488e-12  2.0232e-10
   62    152  1.6557e-06  2.5167e-04
   62    154  1.5539e-06  2.3930e-04
   63    151  1.3439e-06  2.0293e-04
   63    153  9.7206e-07  1.4872e-04
   64    154  2.7351e-14  4.2120e-12
   64    155  8.9698e-07  1.3903e-04
   64    156  1.4749e-06  2.3008e-04
   64    157  1.1507e-06  1.8066e-04
   64    158  2.2941e-06  3.6247e-04
   64    160  2.1485e-06  3.4376e-04
   65    159  8.2358e-07  1.3095e-04
   66    160  4.7266e-15  7.5625e-13
   66    161  1.1646e-06  1.8750e-04
   66    162  1.8541e-06  3.0037e-04
   66    163  1.1600e-06  1.8908e-04
   66    164  3.1374e-06  5.1454e-04
   67    165  1.6788e-06  2.7699e-04
   68    166  3.1161e-06  5.1727e-04
   68    167  1.4709e-06  2.4564e-04
   68    168  1.9142e-06  3.2158e-04
   68    170  1.7313e-06  2.9433e-04
   69    169  2.4642e-06  4.1645e-04
   70    170  2.8113e-15  4.7791e-13
   70    171  1.7292e-06  2.9570e-04
   70    172  2.0783e-06  3.5746e-04
   70    173  2.2282e-06  3.8548e-04
   70    174  3.8954e-06  6.7779e-04
   70    176  3.5358e-06  6.2230e-04
   71    175  3.0264e-06  5.2962e-04
   71    176  7.4675e-16  1.3143e-13
   72    176  6.9914e-18  1.2305e-15
   72    177  3.9602e-06  7.0095e-04
   72    178  3.1172e-06  5.5486e-04
   72    179  2.1969e-06  3.9325e-04
   72    180  2.2585e-06  4.0654e-04
   73    181  1.9167e-06  3.4693e-04
   74    182  1.3122e-06  2.3882e-04
   74    183  6.1105e-07  1.1182e-04
   74    184  4.6877e-07  8.6254e-05
   74    186  5.6140e-07  1.0442e-04
   75    185  2.6823e-07  4.9623e-05
   75    187  3.4761e-07  6.5003e-05
   76    186  1.2153e-18  2.2605e-16
   76    187  2.8251e-09  5.2829e-07
   76    188  1.1966e-06  2.2496e-04
   76    189  2.4131e-06  4.5607e-04
   76    190  7.5522e-06  1.4349e-03
   76    192  2.7317e-05  5.2449e-03
   77    191  1.3102e-05  2.5026e-03
   77    193  4.4082e-05  8.5078e-03
   78    192  1.4222e-15  2.7307e-13
   78    194  7.0786e-05  1.3732e-02
   78    195  8.3632e-05  1.6308e-02
   78    196  6.4268e-05  1.2597e-02
   78    198  2.1058e-05  4.1694e-03
   79    197  4.6218e-05  9.1050e-03
   80    198  5.2115e-15  1.0319e-12
   80    199  8.7707e-06  1.7454e-03
   80    200  5.6393e-06  1.1279e-03
   80    201  3.0210e-06  6.0722e-04
   80    202  3.6947e-06  7.4632e-04
   80    204  3.0034e-06  6.1269e-04
   81    203  2.3951e-06  4.8620e-04
   81    205  3.3219e-06  6.8100e-04
   81    207  4.8680e-19  1.0077e-16
   81    208  1.0789e-20  2.2442e-18
   82    204  2.8793e-19  5.8737e-17
   82    206  7.2785e-05  1.4994e-02
   82    207  7.4662e-05  1.5455e-02
   82    208  5.4594e-05  1.1356e-02
   82    210  6.2650e-12  1.3157e-09
   82    211  1.7250e-17  3.6397e-15
   82    212  1.9945e-17  4.2283e-15
   82    214  2.9219e-18  6.2529e-16
   83    209  1.0424e-04  2.1786e-02
   83    210  1.3142e-16  2.7598e-14
   83    211  2.1917e-19  4.6244e-17
   83    212  5.9598e-19  1.2635e-16
   83    214  3.6118e-19  7.7292e-17
   84    210  3.6286e-15  7.6200e-13
   84    218  5.6424e-20  1.2300e-17
   86    222  1.0016e-16  2.2236e-14
   87    223  3.1097e-20  6.9347e-18
   88    223  1.6863e-15  3.7605e-13
   88    224  5.1540e-17  1.1545e-14
   88    226  1.5326e-11  3.4638e-09
   88    228  1.6573e-10  3.7787e-08
   89    227  1.1727e-12  2.6620e-10
   89    228  3.6275e-18  8.2708e-16
   90    227  2.7103e-15  6.1524e-13
   90    228  9.8976e-15  2.2567e-12
   90    230  7.2233e-10  1.6614e-07
   90    231  1.5686e-16  3.6235e-14
   90    232  7.2547e-05  1.6831e-02
   90    234  2.4424e-16  5.7152e-14
   91    231  1.7581e-09  4.0613e-07
   91    234  7.3142e-18  1.7115e-15
   92    234  2.3521e-09  5.5039e-07
   92    235  3.7892e-05  8.9047e-03
   92    236  1.9078e-07  4.5023e-05
   92    238  4.2790e-05  1.0184e-02
   92    240  9.5747e-18  2.2979e-15
   93    240  6.7598e-19  1.6223e-16
   94    239  1.0686e-16  2.5540e-14
   94    240  3.7765e-11  9.0635e-09
   94    244  4.5968e-07  1.1216e-04
   95    243  3.2667e-17  7.9381e-15
   96    244  1.2476e-16  3.0442e-14
   96    247  6.8948e-14  1.7030e-11
   97    246  7.2917e-09  1.7938e-06
  100    258  9.4920e-06  2.4489e-03
  100    260  9.8122e-06  2.5512e-03
  100    262  8.9969e-06  2.3572e-03
  102    260  2.3097e-19  6.0051e-17
  102    261  7.4470e-06  1.9437e-03
  102    263  8.4783e-06  2.2298e-03
  102    264  1.0081e-05  2.6613e-03
  102    266  9.4170e-06  2.5049e-03
  103    265  7.3816e-06  1.9561e-03
  104    267  5.4785e-06  1.4628e-03
  104    268  4.5302e-06  1.2141e-03
  104    270  9.3379e-06  2.5212e-03
  104    272  1.1288e-05  3.0705e-03
  104    274  1.0207e-05  2.7968e-03
  105    269  8.9894e-06  2.4181e-03
  105    271  8.3204e-06  2.2548e-03
  106    273  1.1696e-05  3.1929e-03
  106    275  6.7257e-06  1.8496e-03
  106    276  7.0809e-06  1.9543e-03
  106    278  1.9755e-06  5.4919e-04
  106    280  1.7319e-07  4.8493e-05
  107    277  1.7545e-06  4.8599e-04
  108    279  5.7996e-07  1.6181e-04
  108    281  5.4437e-08  1.5297e-05
  108    282  9.3703e-08  2.6424e-05
  108    283  7.1308e-08  2.0180e-05
  108    284  1.0922e-07  3.1020e-05
  108    286  1.2836e-07  3.6710e-05
  110    285  1.1385e-07  3.2448e-05
  110    287  1.1699e-07  3.3575e-05
  110    288  1.2460e-07  3.5885e-05
  110    290  7.8962e-08  2.2899e-05
  111    289  7.1167e-08  2.0567e-05
  111    290  8.8839e-20  2.5763e-17
  111    291  3.5252e-08  1.0258e-05
  111    292  2.3164e-07  6.7638e-05
  111    293  9.3268e-08  2.7327e-05
  111    294  1.7457e-07  5.1325e-05
  111    295  9.3037e-08  2.7446e-05
  111    296  7.5212e-08  2.2263e-05
  111    297  3.9590e-08  1.1758e-05
  111    298  5.4398e-08  1.6211e-05
  111    299  7.7428e-09  2.3151e-06
  111    300  4.2774e-09  1.2832e-06
  111    301  1.3128e-07  3.9517e-05
  111    302  1.3694e-07  4.1357e-05
  111    303  3.8547e-08  1.1680e-05
  111    304  5.8458e-08  1.7771e-05
  111    305  1.7757e-08  5.4160e-06
  111    306  3.2102e-08  9.8232e-06
  111    307  1.9067e-08  5.8536e-06
  111    308  1.0050e-08  3.0954e-06
  111    309  4.6277e-09  1.4300e-06
  111    310  1.0144e-08  3.1447e-06
  111    311  3.5408e-09  1.1012e-06
  111    312  2.9016e-09  9.0529e-07
  111    313  1.9648e-09  6.1498e-07
  111    314  2.1323e-09  6.6956e-07
  111    315  1.0031e-09  3.1598e-07
  111    316  1.8299e-09  5.7824e-07
  111    317  5.8244e-10  1.8463e-07
  111    318  1.0322e-09  3.2824e-07
  111    319  4.9797e-10  1.5885e-07
  111    320  5.3336e-10  1.7068e-07
  111    321  3.8231e-10  1.2272e-07
  111    322  2.6338e-10  8.4809e-08
  111    323  6.3947e-10  2.0655e-07
  111    324  4.2588e-10  1.3798e-07
  111    325  4.1611e-11  1.3523e-08
  111    326  3.6656e-10  1.1950e-07
  111    327  2.8544e-10  9.3340e-08
  111    328  1.3606e-11  4.4627e-09
  111    329  1.5108e-10  4.9704e-08
  111    330  1.0381e-10  3.4258e-08
  111    331  1.3043e-11  4.3171e-09
  111    332  5.1320e-11  1.7038e-08
  111    333  8.6419e-12  2.8778e-09
  111    334  7.6136e-12  2.5429e-09
  111    335  3.6825e-13  1.2336e-10
  111    336  9.1266e-12  3.0665e-09
  111    337  5.1105e-12  1.7222e-09
    1      1  1.7390e-09  1.7390e-09
    2      4  1.8517e-01  7.4067e-01


