1  4.1827e-07
2  1.2397e-08
3  9.2748e-10
4  1.9419e-01
5  0.0000e+00
6  2.0455e-11
7  2.2425e-09
8  2.5316e-08
9  1.0985e-08
10  2.1747e-07
11  2.0868e-09
12  8.0819e-09
13  7.0850e-08
14  6.3346e-08
15  1.6054e-05
16  5.3982e-07
17  2.0758e-08
18  1.1693e-07
19  1.3207e-06
20  1.9971e-06
21  1.1606e-06
22  1.2222e-08
23  1.0225e-06
24  3.9251e-07
25  5.2808e-07
26  1.0953e-07
27  1.2094e-07
28  1.7944e-07
29  6.1446e-08
30  5.3348e-08
31  2.3691e-08
32  7.5687e-08
33  2.7858e-07
34  2.2632e-07
35  1.3235e-08
36  1.5635e-08
37  4.0932e-09
38  1.9314e-08
39  1.7340e-08
40  4.5209e-09
41  1.8722e-08
42  7.2928e-08
43  1.6449e-08
44  2.2865e-08
45  2.0820e-08
46  3.2587e-09
47  6.1505e-09
48  1.0259e-08
49  6.6672e-09
50  5.2677e-09
51  4.7582e-09
52  5.1428e-09
53  2.0038e-08
54  3.4710e-09
55  5.3344e-10
56  1.2798e-08
57  2.3668e-08
58  2.1551e-09
59  3.2142e-10
60  1.0432e-09
61  8.2375e-10
62  9.3146e-10
63  4.9044e-08
64  6.5481e-09
65  1.2208e-08
66  2.2119e-08
67  1.2336e-07
68  1.8696e-08
69  8.1058e-09
70  5.1436e-08
71  1.5863e-08
72  3.1097e-08
73  2.8136e-08
74  6.3790e-08
75  3.4412e-08
76  1.0139e-08
77  4.6010e-08
78  6.5380e-08
79  7.2899e-08
80  7.4306e-07
81  3.4350e-07
82  4.9282e-07
83  5.0811e-07
84  7.2531e-08
85  1.3742e-07
86  1.6054e-07
87  2.2882e-07
88  5.4397e-08
89  9.8605e-08
90  8.1171e-08
91  1.0640e-07
92  9.0049e-08
93  1.3422e-07
94  4.4530e-07
95  2.1719e-07
96  7.5695e-08
97  2.0944e-07
98  3.1738e-08
99  3.5446e-08
100  5.3612e-08
101  3.5750e-08
102  4.7017e-08
103  6.6850e-08
104  2.1487e-08
105  9.3175e-09
106  5.2145e-08
107  4.7708e-08
108  8.1356e-08
109  1.3111e-07
110  2.1026e-07
111  3.1046e-08
112  1.5411e-07
113  1.3213e-07
114  1.4427e-07
115  1.8643e-07
116  1.3368e-08
117  1.9641e-08
118  3.5808e-09
119  4.6754e-09
120  2.7549e-08
121  5.5467e-08
122  3.6063e-08
123  5.2198e-08
124  1.1413e-07
125  5.5438e-07
126  7.1564e-07
127  1.7892e-06
128  2.1432e-06
129  3.4128e-06
130  8.9002e-07
131  5.4142e-07
132  4.2499e-07
133  2.0720e-07
134  2.0983e-07
135  1.6898e-07
136  3.9304e-07
137  2.6650e-07
138  4.1621e-07
139  6.8496e-08
140  1.5821e-07
141  1.1603e-07
142  5.1386e-08
143  3.4450e-08
144  3.4825e-08
145  9.4380e-09
146  4.2437e-08
147  7.1580e-08
148  3.4975e-08
149  5.4712e-09
150  1.1753e-08
151  8.0041e-10
152  5.0964e-09
153  5.6201e-09
154  1.7583e-09
155  7.9910e-08
156  7.2306e-09
157  6.7784e-09
158  3.2005e-08
159  7.0257e-10
160  1.0942e-09
161  9.5520e-10
162  4.4775e-10
163  1.1026e-09
164  5.4993e-10
165  8.9178e-10
166  7.3542e-10
167  2.5972e-09
168  1.6768e-09
169  2.9137e-08
170  1.6748e-09
171  1.2567e-08
172  2.9844e-09
173  2.2108e-09
174  1.5654e-08
175  2.5858e-09
176  4.2272e-09
177  5.3028e-08
178  2.6388e-08
179  2.1110e-08
180  6.5874e-08
181  1.2700e-07
182  3.3000e-07
183  5.5673e-07
184  3.7125e-07
185  1.6422e-07
186  1.5202e-07
187  2.5872e-07
188  3.1448e-07
189  4.2519e-07
190  2.3604e-07
191  8.9734e-07
192  1.2611e-07
193  4.0676e-08
194  2.2360e-07
195  3.5262e-07
196  2.3938e-07
197  5.1911e-07
198  8.2828e-07
199  3.3851e-07
200  2.2554e-05
201  1.0528e-05
202  1.2422e-05
203  7.7387e-06
204  2.6292e-06
205  9.9888e-07
206  1.4391e-06
207  2.5444e-06
208  4.7614e-07
209  3.3944e-06
210  3.3027e-13
211  1.4796e-18
212  7.2268e-19
213  5.1349e-44
214  1.7297e-19
215  4.0791e-25
216  8.3733e-25
217  1.0299e-93
218  2.9727e-21
219  5.7254e-22
220  3.2108e-22
221  7.5666e-320
222  5.2771e-18
223  1.4284e-16
224  1.8133e-18
225  3.0947e-40
226  8.0748e-13
227  9.9560e-14
228  5.8314e-12
229  1.1543e-29
230  3.8056e-11
231  1.4892e-10
232  2.5524e-06
233  6.8984e-26
234  1.2392e-10
235  3.2096e-06
236  1.2219e-08
237  1.3102e-318
238  2.2544e-06
239  2.3601e-17
240  2.4192e-12
241  0.0000e+00
242  1.3003e-116
243  7.2150e-18
244  2.9447e-08
245  0.0000e+00
246  5.3150e-10
247  1.5228e-14
248  8.3341e-116
249  0.0000e+00
250  0.0000e+00
251  -7.4427e-314
252  0.0000e+00
253  0.0000e+00
254  0.0000e+00
255  0.0000e+00
256  0.0000e+00
257  7.1854e-26
258  1.6227e-06
259  8.8342e-26
260  2.2811e-06
261  1.3507e-06
262  1.1987e-06
263  1.0160e-06
264  1.2479e-06
265  1.4820e-06
266  1.7366e-06
267  1.4619e-06
268  2.4134e-06
269  7.5159e-06
270  7.8726e-06
271  7.6211e-06
272  1.3133e-05
273  1.4842e-05
274  3.8491e-05
275  7.1175e-05
276  1.4047e-04
277  4.6896e-05
278  1.1917e-04
279  8.5427e-05
280  3.8582e-05
281  1.3116e-05
282  1.8567e-05
283  2.0555e-06
284  3.6075e-07
285  1.3584e-08
286  5.3719e-09
287  3.5555e-09
288  2.2870e-09
289  1.2907e-09
290  7.1813e-09
291  4.6058e-10
292  4.4641e-08
293  1.7116e-08
294  8.9048e-08
295  7.1059e-08
296  4.9112e-08
297  1.5935e-08
298  3.3186e-08
299  4.6319e-15
300  1.5950e-09
301  7.3409e-07
302  2.3113e-07
303  2.6752e-07
304  4.1477e-07
305  5.8011e-07
306  1.2172e-06
307  5.8217e-07
308  7.0696e-07
309  1.3343e-06
310  8.1319e-07
311  1.1076e-06
312  8.8548e-07
313  9.5257e-07
314  6.7318e-07
315  8.5474e-07
316  1.2247e-06
317  1.3005e-06
318  1.3369e-06
319  1.5189e-06
320  2.3308e-06
321  1.1348e-06
322  1.5450e-06
323  2.2749e-06
324  1.9522e-06
325  1.2930e-06
326  2.7533e-06
327  2.3272e-06
328  5.1698e-06
329  1.2695e-05
330  1.1827e-06
331  4.3951e-06
332  5.8385e-06
333  2.2946e-06
334  4.8001e-07
335  9.2605e-07
336  3.0963e-07
337  1.6691e-05

