1  3.3398e-10
2  5.9325e-16
3  1.2753e-21
4  7.7564e-02
5  0.0000e+00
6  1.3618e-19
7  5.8678e-21
8  1.4593e-21
9  2.4849e-19
10  2.3517e-19
11  1.2388e-21
12  1.0140e-07
13  1.5032e-13
14  6.8846e-18
15  2.0739e-20
16  1.5854e-09
17  1.7396e-16
18  1.9900e-19
19  3.7676e-21
20  1.7471e-09
21  2.1448e-15
22  6.7195e-19
23  2.3974e-13
24  1.7168e-09
25  1.1614e-10
26  3.7765e-11
27  1.6759e-10
28  2.2674e-09
29  8.6029e-10
30  3.1529e-09
31  1.7867e-09
32  3.0741e-09
33  7.4926e-10
34  2.1940e-09
35  3.0386e-09
36  6.7516e-09
37  4.2580e-09
38  1.0960e-08
39  1.8876e-09
40  3.2466e-10
41  2.2300e-10
42  3.1366e-08
43  1.1027e-10
44  6.9322e-10
45  2.4128e-09
46  2.1547e-08
47  2.1473e-08
48  9.9902e-08
49  8.2812e-09
50  8.7398e-08
51  2.1464e-07
52  3.9584e-07
53  4.2798e-08
54  2.5079e-08
55  1.7479e-09
56  1.4276e-06
57  6.8378e-08
58  1.0966e-08
59  6.6183e-08
60  1.3203e-08
61  1.1079e-08
62  5.2149e-07
63  4.4891e-07
64  8.1073e-07
65  8.1408e-07
66  2.3646e-07
67  1.3313e-07
68  2.7164e-06
69  1.2349e-06
70  1.8580e-06
71  3.2748e-07
72  6.8126e-07
73  3.6844e-07
74  5.7318e-07
75  1.4908e-06
76  4.3484e-06
77  2.0573e-06
78  2.8773e-06
79  2.6469e-06
80  2.2046e-05
81  1.4487e-06
82  1.2187e-05
83  3.5874e-06
84  1.8549e-05
85  3.9298e-06
86  3.1252e-06
87  1.0058e-05
88  2.6936e-04
89  5.3730e-05
90  9.1806e-06
91  3.4747e-05
92  1.2152e-03
93  6.1039e-05
94  1.0806e-03
95  2.1509e-04
96  2.9294e-05
97  4.8551e-05
98  1.8896e-05
99  5.7208e-05
100  1.0908e-04
101  1.5502e-04
102  1.4975e-03
103  3.7439e-04
104  4.4932e-04
105  1.3774e-04
106  4.7654e-04
107  9.2472e-05
108  1.6483e-04
109  1.3756e-04
110  1.8119e-05
111  6.7406e-06
112  1.0607e-04
113  1.1342e-05
114  7.8679e-06
115  1.7204e-05
116  7.1486e-06
117  4.4259e-06
118  1.7752e-06
119  1.3061e-06
120  7.6234e-06
121  1.9822e-06
122  6.4923e-07
123  2.1551e-07
124  7.5861e-07
125  6.8640e-07
126  3.0911e-07
127  8.5953e-07
128  1.6566e-06
129  3.8918e-07
130  1.0098e-07
131  4.3551e-09
132  2.4882e-10
133  8.0517e-13
134  1.7556e-14
135  3.0073e-17
136  1.1902e-16
137  2.4019e-18
138  3.5647e-19
139  1.1690e-20
140  5.5316e-21
141  2.9849e-23
142  3.3385e-22
143  1.7423e-23
144  2.0105e-25
145  1.5577e-24
146  3.3273e-46
147  0.0000e+00
148  0.0000e+00
149  0.0000e+00
150  0.0000e+00
151  0.0000e+00
152  0.0000e+00
153  0.0000e+00
154  0.0000e+00
155  0.0000e+00
156  0.0000e+00
157  0.0000e+00
158  0.0000e+00
159  0.0000e+00
160  0.0000e+00
161  0.0000e+00
162  0.0000e+00
163  0.0000e+00
164  0.0000e+00
165  0.0000e+00
166  0.0000e+00
167  0.0000e+00
168  0.0000e+00
169  0.0000e+00
170  0.0000e+00
171  0.0000e+00
172  0.0000e+00
173  0.0000e+00
174  0.0000e+00
175  0.0000e+00
176  0.0000e+00
177  0.0000e+00
178  0.0000e+00
179  0.0000e+00
180  0.0000e+00
181  0.0000e+00
182  0.0000e+00
183  0.0000e+00
184  0.0000e+00
185  0.0000e+00
186  0.0000e+00
187  0.0000e+00
188  0.0000e+00
189  0.0000e+00
190  0.0000e+00
191  0.0000e+00
192  0.0000e+00
193  0.0000e+00
194  0.0000e+00
195  0.0000e+00
196  0.0000e+00
197  0.0000e+00
198  0.0000e+00
199  0.0000e+00
200  0.0000e+00
201  0.0000e+00
202  0.0000e+00
203  0.0000e+00
204  0.0000e+00
205  0.0000e+00
206  0.0000e+00
207  0.0000e+00
208  0.0000e+00
209  0.0000e+00
210  0.0000e+00
211  0.0000e+00
212  0.0000e+00
213  0.0000e+00
214  0.0000e+00
215  0.0000e+00
216  0.0000e+00
217  0.0000e+00
218  0.0000e+00
219  0.0000e+00
220  0.0000e+00
221  0.0000e+00
222  0.0000e+00
223  0.0000e+00
224  0.0000e+00
225  0.0000e+00
226  0.0000e+00
227  0.0000e+00
228  0.0000e+00
229  0.0000e+00
230  0.0000e+00
231  0.0000e+00
232  0.0000e+00
233  0.0000e+00
234  0.0000e+00
235  0.0000e+00
236  0.0000e+00
237  0.0000e+00
238  0.0000e+00
239  0.0000e+00
240  0.0000e+00
241  0.0000e+00
242  0.0000e+00
243  0.0000e+00
244  0.0000e+00
245  0.0000e+00
246  0.0000e+00
247  0.0000e+00
248  0.0000e+00
249  0.0000e+00
250  0.0000e+00
251  0.0000e+00
252  0.0000e+00
253  0.0000e+00
254  0.0000e+00
255  0.0000e+00
256  0.0000e+00
257  0.0000e+00
258  0.0000e+00
259  0.0000e+00
260  0.0000e+00
261  0.0000e+00
262  0.0000e+00
263  0.0000e+00
264  0.0000e+00
265  0.0000e+00
266  0.0000e+00
267  0.0000e+00
268  0.0000e+00
269  0.0000e+00
270  0.0000e+00
271  0.0000e+00
272  0.0000e+00
273  0.0000e+00
274  0.0000e+00
275  0.0000e+00
276  0.0000e+00
277  0.0000e+00
278  0.0000e+00
279  0.0000e+00
280  0.0000e+00
281  0.0000e+00
282  0.0000e+00
283  0.0000e+00
284  0.0000e+00
285  0.0000e+00
286  0.0000e+00
287  0.0000e+00
288  0.0000e+00
289  0.0000e+00
290  0.0000e+00
291  0.0000e+00
292  0.0000e+00
293  0.0000e+00
294  0.0000e+00
295  0.0000e+00
296  0.0000e+00
297  0.0000e+00
298  0.0000e+00
299  0.0000e+00
300  0.0000e+00
301  0.0000e+00
302  0.0000e+00
303  0.0000e+00
304  0.0000e+00
305  0.0000e+00
306  0.0000e+00
307  0.0000e+00
308  0.0000e+00
309  0.0000e+00
310  0.0000e+00
311  0.0000e+00
312  0.0000e+00
313  0.0000e+00
314  0.0000e+00
315  0.0000e+00
316  0.0000e+00
317  0.0000e+00
318  0.0000e+00
319  0.0000e+00
320  0.0000e+00
321  0.0000e+00
322  0.0000e+00
323  0.0000e+00
324  0.0000e+00
325  0.0000e+00
326  0.0000e+00
327  0.0000e+00
328  0.0000e+00
329  0.0000e+00
330  0.0000e+00
331  0.0000e+00
332  0.0000e+00
333  0.0000e+00
334  0.0000e+00
335  0.0000e+00
336  0.0000e+00
337  0.0000e+00

