1  3.4697e-02
2  2.0027e-01
3  4.5001e-11
4  4.0609e-07
5  3.0632e-09
6  6.8061e-09
7  2.1426e-06
8  3.1689e-06
9  7.0695e-08
10  3.9155e-06
11  9.5604e-07
12  8.4169e-06
13  2.0855e-08
14  8.0522e-07
15  2.2357e-08
16  1.8330e-06
17  8.9616e-08
18  3.9193e-07
19  1.1547e-08
20  6.8466e-09
21  6.3154e-10
22  3.9491e-08
23  2.1578e-10
24  8.4315e-10
25  7.1811e-11
26  1.2499e-09
27  9.9474e-12
28  5.8217e-09
29  2.1820e-10
30  4.5932e-10
31  3.6202e-11
32  1.0333e-09
33  9.8535e-11
34  3.4347e-09
35  2.8973e-10
36  1.2257e-09
37  5.4784e-10
38  3.2746e-10
39  3.3307e-10
40  7.9404e-10
41  2.2347e-10
42  1.3061e-09
43  1.2229e-35
44  2.5733e-10
45  3.1122e-11
46  3.3568e-10
47  5.1008e-11
48  3.4541e-10
49  8.0522e-11
50  1.0642e-09
51  6.7579e-11
52  2.0553e-09
53  3.5404e-11
54  4.0818e-08
55  8.1671e-09
56  1.1312e-08
57  4.4539e-10
58  1.1683e-09
59  8.3186e-11
60  4.7071e-10
61  1.7598e-89
62  1.0243e-10
63  1.6960e-11
64  2.9360e-11
65  8.8375e-13
66  5.3211e-12
67  1.7510e-12
68  9.8958e-12
69  5.7719e-12
70  1.1315e-11
71  1.3176e-12
72  6.3313e-12
73  1.3821e-11
74  1.0376e-11
75  1.0693e-12
76  2.0850e-11
77  4.5231e-12
78  2.7903e-11
79  6.0752e-12
80  2.4371e-11
81  1.7923e-11
82  2.9221e-10
83  1.9194e-10
84  1.5778e-12
85  2.5763e-25
86  8.1909e-24
87  1.1672e-26
88  3.3358e-17
89  4.4015e-19
90  1.4054e-11
91  6.5988e-16
92  1.7796e-11
93  2.7820e-25
94  1.8704e-13
95  3.6283e-21
96  7.6580e-18
97  7.8781e-16
98  1.1861e-292
99  1.2747e-321
100  1.7957e-09
101  1.7279e-187
102  1.5024e-09
103  4.1517e-10
104  1.2661e-11
105  1.1480e-11
106  2.3592e-10
107  8.1919e-12
108  5.6997e-08
109  4.1287e-319
110  1.5020e-07
111  4.8063e-04
112  0.0000e+00
113  0.0000e+00
114  0.0000e+00
115  0.0000e+00
116  0.0000e+00
117  0.0000e+00
118  0.0000e+00

