1  6.1757e-11
2  1.1519e-01
3  1.8866e-19
4  1.0548e-15
5  2.3258e-19
6  2.7123e-08
7  1.2549e-10
8  1.0609e-09
9  1.9019e-11
10  3.4858e-10
11  2.1622e-13
12  6.7303e-10
13  4.7674e-10
14  1.0591e-08
15  9.5582e-10
16  5.8418e-08
17  8.0207e-08
18  1.2038e-07
19  1.6344e-08
20  1.7186e-06
21  3.6652e-08
22  3.2696e-06
23  5.0703e-07
24  9.9078e-06
25  1.7399e-07
26  7.2425e-07
27  2.9065e-08
28  3.5992e-07
29  3.8370e-07
30  3.3069e-06
31  7.5392e-07
32  2.3944e-05
33  1.6418e-06
34  9.7348e-05
35  1.1789e-05
36  4.5495e-05
37  1.8029e-05
38  3.7343e-06
39  1.6755e-05
40  1.1043e-04
41  2.1324e-05
42  1.6742e-04
43  9.2027e-30
44  1.1039e-03
45  1.0741e-04
46  1.4367e-03
47  5.5477e-04
48  3.9906e-04
49  2.9196e-05
50  1.7182e-04
51  5.0144e-05
52  4.0826e-04
53  1.5309e-04
54  4.9842e-05
55  2.0539e-09
56  9.9599e-11
57  2.3053e-12
58  4.7026e-12
59  5.3512e-13
60  4.4570e-13
61  -1.4393e-316
62  1.7301e-13
63  2.3254e-14
64  1.5884e-14
65  1.0934e-16
66  3.7117e-16
67  2.9837e-17
68  6.0666e-17
69  5.4239e-18
70  6.9807e-19
71  2.6149e-20
72  1.0995e-20
73  6.5076e-23
74  1.8416e-23
75  6.1304e-25
76  1.6907e-27
77  0.0000e+00
78  0.0000e+00
79  0.0000e+00
80  0.0000e+00
81  0.0000e+00
82  0.0000e+00
83  0.0000e+00
84  0.0000e+00
85  0.0000e+00
86  0.0000e+00
87  0.0000e+00
88  0.0000e+00
89  0.0000e+00
90  0.0000e+00
91  0.0000e+00
92  0.0000e+00
93  0.0000e+00
94  0.0000e+00
95  0.0000e+00
96  0.0000e+00
97  0.0000e+00
98  0.0000e+00
99  0.0000e+00
100  0.0000e+00
101  0.0000e+00
102  0.0000e+00
103  0.0000e+00
104  0.0000e+00
105  0.0000e+00
106  0.0000e+00
107  0.0000e+00
108  0.0000e+00
109  0.0000e+00
110  0.0000e+00
111  0.0000e+00
112  0.0000e+00
113  0.0000e+00
114  0.0000e+00
115  0.0000e+00
116  0.0000e+00
117  0.0000e+00
118  0.0000e+00

