1  6.4754e-11
2  1.3122e-01
3  3.5845e-18
4  2.0630e-14
5  7.0382e-19
6  2.1857e-08
7  1.4148e-09
8  1.5006e-09
9  5.0725e-10
10  3.3079e-10
11  2.4291e-11
12  1.2460e-09
13  6.0817e-10
14  1.5585e-08
15  1.1570e-09
16  6.4150e-08
17  1.7144e-07
18  3.7096e-07
19  1.6344e-07
20  3.1551e-06
21  4.4159e-07
22  6.1919e-06
23  1.0749e-06
24  1.1774e-05
25  3.3529e-07
26  2.0020e-06
27  6.1414e-08
28  7.6081e-07
29  8.4345e-07
30  4.7481e-06
31  1.7665e-06
32  2.9906e-05
33  2.1312e-06
34  1.0963e-04
35  2.5351e-05
36  5.1739e-05
37  1.8289e-05
38  5.1971e-06
39  1.0541e-05
40  8.1867e-05
41  8.3780e-06
42  9.6510e-05
43  4.8497e-30
44  3.8798e-04
45  3.3276e-05
46  5.9819e-04
47  2.3925e-04
48  3.7276e-04
49  3.2996e-05
50  2.8866e-04
51  9.4706e-05
52  1.1403e-03
53  4.0430e-04
54  1.0522e-04
55  2.6076e-08
56  9.2576e-10
57  4.5847e-11
58  9.5749e-11
59  3.7584e-12
60  1.3502e-11
61  -1.0281e-315
62  4.8044e-12
63  7.7717e-13
64  6.1911e-13
65  9.0426e-15
66  3.5057e-14
67  3.3968e-15
68  8.5588e-15
69  1.2078e-15
70  2.8721e-16
71  1.8218e-17
72  9.3268e-18
73  5.5835e-20
74  2.5288e-20
75  2.6853e-21
76  4.5401e-21
77  6.8484e-22
78  2.6391e-22
79  7.0019e-24
80  0.0000e+00
81  0.0000e+00
82  0.0000e+00
83  0.0000e+00
84  0.0000e+00
85  0.0000e+00
86  0.0000e+00
87  0.0000e+00
88  0.0000e+00
89  0.0000e+00
90  0.0000e+00
91  0.0000e+00
92  0.0000e+00
93  0.0000e+00
94  0.0000e+00
95  0.0000e+00
96  0.0000e+00
97  0.0000e+00
98  0.0000e+00
99  0.0000e+00
100  0.0000e+00
101  0.0000e+00
102  0.0000e+00
103  0.0000e+00
104  0.0000e+00
105  0.0000e+00
106  0.0000e+00
107  0.0000e+00
108  0.0000e+00
109  0.0000e+00
110  0.0000e+00
111  0.0000e+00
112  0.0000e+00
113  0.0000e+00
114  0.0000e+00
115  0.0000e+00
116  0.0000e+00
117  0.0000e+00
118  0.0000e+00

