    1      2  5.1745e-10  1.0349e-09
    2      3  7.6753e-12  2.3026e-11
    3      6  1.4054e-12  8.4326e-12
    3      7  1.2237e-11  8.5662e-11
    4      8  1.1991e-11  9.5925e-11
    4      9  1.0096e-13  9.0865e-13
    5     10  3.6494e-12  3.6494e-11
    5     11  1.1921e-11  1.3113e-10
    6     12  2.3184e-09  2.7821e-08
    6     13  1.9628e-09  2.5517e-08
    7     14  6.3821e-07  8.9349e-06
    7     15  6.2147e-07  9.3220e-06
    8     16  3.5801e-08  5.7281e-07
    8     17  4.8808e-10  8.2974e-09
    8     18  7.6076e-08  1.3694e-06
    9     19  3.1702e-07  6.0234e-06
   10     20  4.3347e-07  8.6695e-06
   10     21  1.7369e-07  3.6474e-06
   10     22  1.1758e-08  2.5867e-07
   11     23  9.9618e-08  2.2912e-06
   12     24  7.9671e-08  1.9121e-06
   12     25  6.7530e-08  1.6883e-06
   12     26  1.9742e-07  5.1328e-06
   13     26  1.4807e-17  3.8498e-16
   13     27  4.1320e-07  1.1156e-05
   14     28  1.2848e-06  3.5975e-05
   14     29  1.2111e-07  3.5123e-06
   14     30  5.2172e-08  1.5652e-06
   15     31  1.1841e-07  3.6706e-06
   16     32  1.3861e-07  4.4357e-06
   16     33  1.9460e-06  6.4220e-05
   16     34  1.5054e-06  5.1184e-05
   16     36  2.4521e-08  8.8276e-07
   17     35  1.7502e-08  6.1256e-07
   17     37  1.5015e-07  5.5557e-06
   18     36  1.7537e-19  6.3133e-18
   18     38  3.2806e-07  1.2466e-05
   18     40  1.1966e-06  4.7865e-05
   19     39  5.7613e-07  2.2469e-05
   19     41  1.7287e-07  7.0878e-06
   20     42  1.7337e-06  7.2814e-05
   20     43  9.1248e-07  3.9237e-05
   20     44  2.1907e-07  9.6392e-06
   20     46  3.4858e-07  1.6035e-05
   21     45  4.9913e-07  2.2461e-05
   22     46  8.9049e-20  4.0963e-18
   22     47  3.6960e-07  1.7371e-05
   22     48  4.2020e-07  2.0170e-05
   22     49  8.3513e-07  4.0921e-05
   22     50  9.9007e-07  4.9503e-05
   23     51  1.9028e-07  9.7041e-06
   24     52  3.8726e-07  2.0137e-05
   24     53  1.5243e-07  8.0786e-06
   24     54  8.6286e-08  4.6594e-06
   25     55  1.6817e-07  9.2493e-06
   26     56  5.9727e-07  3.3447e-05
   26     57  1.0972e-06  6.2539e-05
   26     58  2.7275e-08  1.5820e-06
   27     59  4.3476e-08  2.5651e-06
   28     60  1.2775e-07  7.6649e-06
   28     61  2.1763e-07  1.3275e-05
   28     62  1.4746e-07  9.1427e-06
   28     64  2.4824e-07  1.5888e-05
   29     63  9.0134e-07  5.6784e-05
   29     65  2.5410e-07  1.6516e-05
   30     64  4.5867e-20  2.9355e-18
   30     66  8.3825e-07  5.5325e-05
   30     67  5.2212e-07  3.4982e-05
   30     68  3.2962e-07  2.2414e-05
   30     70  1.7966e-06  1.2576e-04
   31     69  3.8261e-07  2.6400e-05
   31     71  3.6676e-07  2.6040e-05
   32     70  6.1287e-15  4.2901e-13
   32     72  1.0494e-06  7.5554e-05
   32     73  8.7998e-07  6.4238e-05
   32     74  2.0894e-06  1.5462e-04
   32     76  2.0624e-07  1.5674e-05
   33     75  7.6047e-07  5.7035e-05
   34     76  7.6212e-14  5.7921e-12
   34     77  8.9425e-07  6.8857e-05
   34     78  4.1403e-06  3.2295e-04
   34     80  2.0332e-05  1.6265e-03
   34     82  6.9203e-06  5.6747e-04
   35     79  6.6597e-06  5.2611e-04
   35     81  9.4636e-06  7.6655e-04
   36     82  1.0168e-12  8.3380e-11
   36     83  5.7719e-06  4.7906e-04
   36     84  2.2168e-06  1.8621e-04
   36     86  4.0159e-06  3.4537e-04
   37     85  1.6428e-06  1.3963e-04
   37     87  4.8199e-06  4.1933e-04
   38     86  5.3599e-20  4.6095e-18
   38     87  3.5293e-08  3.0705e-06
   38     88  4.7197e-06  4.1534e-04
   39     89  1.4299e-06  1.2726e-04
   40     90  2.3880e-06  2.1492e-04
   40     91  9.2085e-07  8.3798e-05
   40     92  4.3409e-06  3.9937e-04
   40     94  6.1657e-06  5.7958e-04
   41     93  2.1062e-06  1.9588e-04
   42     95  4.9233e-06  4.6771e-04
   42     96  3.2701e-06  3.1393e-04
   42     97  3.5024e-06  3.3973e-04
   42     98  1.2012e-06  1.1772e-04
   42    100  2.1883e-06  2.1883e-04
   44     99  1.7045e-06  1.6875e-04
   44    100  5.1407e-13  5.1407e-11
   44    101  2.7100e-06  2.7371e-04
   44    102  1.6422e-06  1.6751e-04
   44    104  1.2583e-06  1.3087e-04
   45    103  1.8426e-06  1.8979e-04
   46    104  5.6994e-18  5.9273e-16
   46    105  1.1885e-06  1.2479e-04
   46    106  1.7215e-06  1.8247e-04
   46    108  1.5707e-06  1.6964e-04
   46    110  6.7046e-06  7.3751e-04
   47    107  1.3758e-06  1.4722e-04
   47    109  3.6806e-06  4.0119e-04
   48    110  1.2951e-13  1.4246e-11
   48    111  1.1196e-06  1.2427e-04
   48    112  3.7701e-06  4.2226e-04
   48    113  1.6961e-06  1.9165e-04
   48    114  1.6878e-06  1.9241e-04
   48    116  1.7706e-07  2.0539e-05
   49    113  7.4645e-14  8.4348e-12
   49    115  1.5198e-06  1.7478e-04
   50    115  1.2126e-12  1.3945e-10
   50    116  2.6075e-13  3.0247e-11
   50    117  2.8301e-07  3.3112e-05
   50    118  1.8304e-07  2.1599e-05
   50    119  1.2223e-07  1.4546e-05
   50    120  5.4193e-07  6.5032e-05
   50    122  7.4658e-07  9.1083e-05
   50    124  5.3302e-06  6.6094e-04
   51    121  3.4874e-07  4.2198e-05
   51    123  6.6416e-07  8.1692e-05
   52    122  8.5010e-15  1.0371e-12
   52    124  1.7359e-16  2.1525e-14
   52    125  1.3034e-05  1.6292e-03
   52    126  7.7644e-05  9.7831e-03
   52    128  2.1096e-04  2.7002e-02
   52    130  2.6633e-04  3.4623e-02
   53    127  1.0579e-04  1.3435e-02
   53    129  5.5272e-13  7.1301e-11
   54    128  4.0000e-15  5.1200e-13
   54    129  3.4174e-04  4.4085e-02
   54    130  7.4434e-13  9.6765e-11
   54    131  7.1217e-05  9.3294e-03
   54    132  1.6562e-04  2.1862e-02
   54    134  1.0100e-04  1.3534e-02
   54    136  1.3405e-04  1.8231e-02
   55    133  1.7475e-04  2.3242e-02
   56    134  1.3129e-16  1.7593e-14
   56    135  8.2114e-05  1.1085e-02
   56    136  1.1277e-13  1.5337e-11
   56    137  7.9760e-05  1.0927e-02
   56    138  4.1609e-05  5.7420e-03
   57    139  5.7680e-05  8.0175e-03
   58    140  1.4954e-04  2.0935e-02
   58    142  2.8570e-05  4.0570e-03
   59    141  9.5761e-05  1.3502e-02
   60    142  1.6234e-16  2.3052e-14
   60    143  8.4312e-06  1.2057e-03
   60    144  6.5482e-06  9.4294e-04
   60    145  4.9068e-06  7.1149e-04
   60    146  8.1300e-06  1.1870e-03
   60    148  8.0579e-06  1.1926e-03
   60    150  7.9098e-06  1.1865e-03
   62    147  7.5532e-06  1.1103e-03
   62    148  2.0175e-12  2.9860e-10
   62    149  5.5417e-06  8.2571e-04
   62    150  9.8290e-12  1.4744e-09
   62    152  1.0594e-05  1.6104e-03
   62    154  1.2050e-05  1.8557e-03
   63    151  6.1583e-06  9.2991e-04
   63    153  6.5446e-06  1.0013e-03
   64    152  1.1932e-20  1.8137e-18
   64    154  1.3255e-13  2.0412e-11
   64    155  7.4626e-06  1.1567e-03
   64    156  8.8829e-06  1.3857e-03
   64    157  8.3233e-06  1.3068e-03
   64    158  1.6591e-05  2.6214e-03
   64    160  1.0948e-05  1.7516e-03
   65    159  3.4563e-06  5.4955e-04
   66    160  1.6555e-14  2.6488e-12
   66    161  6.8861e-06  1.1087e-03
   66    162  7.0326e-06  1.1393e-03
   66    163  4.7938e-06  7.8139e-04
   66    164  1.3000e-05  2.1320e-03
   67    165  7.7094e-06  1.2721e-03
   68    166  1.6875e-05  2.8013e-03
   68    167  8.6707e-06  1.4480e-03
   68    168  1.0144e-05  1.7042e-03
   68    170  8.4988e-06  1.4448e-03
   69    169  1.7885e-05  3.0226e-03
   70    170  1.1999e-14  2.0398e-12
   70    171  7.4206e-06  1.2689e-03
   70    172  7.4487e-06  1.2812e-03
   70    173  7.6203e-06  1.3183e-03
   70    174  1.2227e-05  2.1276e-03
   70    176  8.3277e-06  1.4657e-03
   71    175  7.1097e-06  1.2442e-03
   71    176  1.0736e-15  1.8896e-13
   72    176  1.0052e-17  1.7691e-15
   72    177  9.7106e-06  1.7188e-03
   72    178  5.6909e-06  1.0130e-03
   72    179  3.3646e-06  6.0226e-04
   72    180  2.2193e-06  3.9947e-04
   73    181  1.3981e-06  2.5306e-04
   74    182  6.9707e-07  1.2687e-04
   74    183  3.2375e-07  5.9245e-05
   74    184  6.6590e-07  1.2253e-04
   74    186  1.1243e-06  2.0913e-04
   75    185  2.8521e-07  5.2764e-05
   75    187  8.7651e-07  1.6391e-04
   76    186  7.8526e-19  1.4606e-16
   76    187  7.1236e-09  1.3321e-06
   76    188  2.2005e-06  4.1370e-04
   76    189  1.4467e-06  2.7343e-04
   76    190  3.3291e-06  6.3252e-04
   76    192  2.5781e-06  4.9499e-04
   77    191  2.4433e-06  4.6667e-04
   77    193  1.6565e-06  3.1970e-04
   78    192  1.9504e-16  3.7447e-14
   78    194  2.4388e-06  4.7314e-04
   78    195  1.7261e-06  3.3659e-04
   78    196  1.5164e-06  2.9722e-04
   78    198  4.0642e-07  8.0471e-05
   79    197  8.5749e-07  1.6892e-04
   80    198  4.7590e-17  9.4228e-15
   80    199  7.9424e-08  1.5805e-05
   80    200  1.6724e-08  3.3448e-06
   80    201  4.7248e-10  9.4969e-08
   80    202  1.1305e-10  2.2836e-08
   80    204  9.8045e-11  2.0001e-08
   81    203  8.4703e-11  1.7195e-08
   81    205  5.9829e-11  1.2265e-08
   82    206  2.4583e-10  5.0642e-08
   82    207  1.8540e-10  3.8377e-08
   82    208  2.6997e-10  5.6154e-08
   82    210  7.8581e-19  1.6502e-16
   83    209  1.7574e-10  3.6731e-08
   83    210  8.8835e-15  1.8655e-12
   83    211  1.2159e-13  2.5655e-11
   86    219  2.2993e-14  5.0355e-12
   88    226  6.4930e-19  1.4674e-16
   88    228  2.8972e-17  6.6056e-15
   89    227  6.7695e-20  1.5367e-17
   90    230  3.0601e-17  7.0382e-15
   90    232  1.2682e-11  2.9422e-09
   91    231  1.0149e-16  2.3444e-14
   92    234  9.9645e-17  2.3317e-14
   92    235  2.1874e-12  5.1403e-10
   92    236  2.1182e-15  4.9989e-13
   92    238  1.8128e-12  4.3144e-10
   94    240  4.1884e-19  1.0052e-16
   94    244  5.0982e-15  1.2440e-12
   97    246  6.9240e-17  1.7033e-14
  100    258  2.7842e-14  7.1832e-12
  100    260  1.2397e-14  3.2233e-12
  100    262  7.5031e-15  1.9658e-12
  102    261  8.5226e-15  2.2244e-12
  102    263  4.6334e-15  1.2186e-12
  102    264  3.3211e-15  8.7677e-13
  102    266  1.7952e-15  4.7754e-13
  103    265  2.1463e-15  5.6878e-13
  104    267  8.7662e-16  2.3406e-13
  104    268  4.6325e-16  1.2415e-13
  104    270  2.9487e-16  7.9614e-14
  104    272  9.5831e-17  2.6066e-14
  104    274  2.9602e-17  8.1110e-15
  105    269  7.0449e-16  1.8951e-13
  105    271  1.6740e-16  4.5366e-14
  106    273  4.3768e-17  1.1949e-14
  106    275  1.1397e-17  3.1342e-15
  106    276  1.0375e-17  2.8636e-15
  106    278  2.4052e-18  6.6865e-16
  106    280  1.5833e-19  4.4332e-17
  107    277  2.2212e-18  6.1528e-16
  108    279  6.2536e-19  1.7447e-16
  108    281  3.3089e-20  9.2980e-18
  108    282  1.0190e-20  2.8737e-18
    1      1  4.7569e-10  4.7569e-10
    2      4  1.5922e-01  6.3689e-01


