    1      2  3.8327e-09  7.6654e-09
    2      3  2.9096e-10  8.7288e-10
    3      6  1.0374e-11  6.2246e-11
    3      7  3.0831e-10  2.1582e-09
    4      8  2.1326e-09  1.7061e-08
    4      9  6.6158e-10  5.9542e-09
    5     10  8.1620e-09  8.1620e-08
    5     11  8.7234e-10  9.5957e-09
    6     12  3.1446e-09  3.7735e-08
    6     13  3.0940e-07  4.0222e-06
    7     14  2.2412e-07  3.1377e-06
    7     15  1.0959e-05  1.6439e-04
    8     16  2.8577e-07  4.5723e-06
    8     17  4.6693e-09  7.9377e-08
    8     18  2.9523e-08  5.3141e-07
    9     19  1.3953e-06  2.6511e-05
   10     20  1.9222e-06  3.8443e-05
   10     21  4.7688e-07  1.0014e-05
   10     22  4.0524e-09  8.9153e-08
   11     23  1.0638e-06  2.4468e-05
   12     24  3.2972e-07  7.9132e-06
   12     25  3.8618e-07  9.6545e-06
   12     26  2.2997e-08  5.9791e-07
   13     26  2.4971e-19  6.4925e-18
   13     27  2.3646e-07  6.3843e-06
   14     28  6.7292e-07  1.8842e-05
   14     29  8.9392e-08  2.5924e-06
   14     30  7.2143e-08  2.1643e-06
   15     31  8.9817e-08  2.7843e-06
   16     32  1.0517e-07  3.3656e-06
   16     33  9.0053e-07  2.9718e-05
   16     34  6.9068e-07  2.3483e-05
   16     36  2.0464e-08  7.3672e-07
   17     35  2.3067e-08  8.0735e-07
   17     37  3.8302e-08  1.4172e-06
   18     36  2.1884e-19  7.8784e-18
   18     38  8.7800e-08  3.3364e-06
   18     40  4.7731e-08  1.9093e-06
   19     39  4.8760e-08  1.9017e-06
   19     41  1.4790e-07  6.0639e-06
   20     42  5.2542e-07  2.2068e-05
   20     43  1.0812e-07  4.6490e-06
   20     44  1.1189e-07  4.9233e-06
   20     46  5.2049e-08  2.3942e-06
   21     45  1.3012e-07  5.8554e-06
   22     46  6.3457e-20  2.9190e-18
   22     47  7.6291e-08  3.5857e-06
   22     48  1.5966e-07  7.6639e-06
   22     49  1.5303e-07  7.4986e-06
   22     50  1.5058e-07  7.5292e-06
   23     51  2.7266e-08  1.3906e-06
   24     52  1.1352e-07  5.9032e-06
   24     53  8.5530e-08  4.5331e-06
   24     54  4.9118e-08  2.6524e-06
   25     55  4.7095e-08  2.5902e-06
   26     56  1.4264e-07  7.9880e-06
   26     57  2.7141e-07  1.5471e-05
   26     58  7.9817e-09  4.6294e-07
   27     59  1.0552e-08  6.2258e-07
   28     60  1.8927e-08  1.1356e-06
   28     61  3.3074e-08  2.0175e-06
   28     62  4.3970e-08  2.7262e-06
   28     64  1.8965e-07  1.2138e-05
   29     63  3.7017e-07  2.3321e-05
   29     65  1.7622e-07  1.1454e-05
   30     64  2.3873e-20  1.5279e-18
   30     66  5.3347e-07  3.5209e-05
   30     67  2.9649e-07  1.9865e-05
   30     68  2.4669e-07  1.6775e-05
   30     70  6.4122e-07  4.4885e-05
   31     69  1.7661e-07  1.2186e-05
   31     71  1.4186e-07  1.0072e-05
   32     70  8.1606e-15  5.7124e-13
   32     72  4.4102e-07  3.1753e-05
   32     73  2.3942e-07  1.7478e-05
   32     74  5.1713e-07  3.8268e-05
   32     76  1.5744e-07  1.1966e-05
   33     75  1.5907e-07  1.1930e-05
   34     76  3.4007e-14  2.5845e-12
   34     77  5.1174e-07  3.9404e-05
   34     78  1.1165e-06  8.7087e-05
   34     80  8.7853e-06  7.0282e-04
   34     82  1.6408e-06  1.3454e-04
   35     79  1.6118e-06  1.2734e-04
   35     81  4.3519e-06  3.5250e-04
   36     82  1.2314e-12  1.0098e-10
   36     83  2.5644e-06  2.1284e-04
   36     84  9.1382e-07  7.6761e-05
   36     86  1.5589e-06  1.3407e-04
   37     85  6.3677e-07  5.4126e-05
   37     87  1.4110e-06  1.2276e-04
   38     86  6.3210e-20  5.4361e-18
   38     87  1.0332e-08  8.9887e-07
   38     88  8.4750e-07  7.4580e-05
   39     89  3.5783e-07  3.1847e-05
   40     90  6.2729e-07  5.6456e-05
   40     91  2.4651e-07  2.2433e-05
   40     92  1.6262e-06  1.4961e-04
   40     94  2.6212e-06  2.4639e-04
   41     93  9.7143e-07  9.0343e-05
   42     95  1.2586e-06  1.1957e-04
   42     96  9.0380e-07  8.6765e-05
   42     97  6.7577e-07  6.5550e-05
   42     98  3.0001e-07  2.9401e-05
   42    100  5.4120e-07  5.4120e-05
   44     99  4.2841e-07  4.2412e-05
   44    100  4.0017e-13  4.0017e-11
   44    101  6.4543e-07  6.5188e-05
   44    102  3.3994e-07  3.4674e-05
   44    104  2.8437e-07  2.9574e-05
   45    103  3.2782e-07  3.3765e-05
   46    104  5.9197e-18  6.1565e-16
   46    105  2.7069e-07  2.8422e-05
   46    106  4.5967e-07  4.8725e-05
   46    108  5.1956e-07  5.6112e-05
   46    110  1.1673e-06  1.2840e-04
   47    107  3.7654e-07  4.0289e-05
   47    109  8.0855e-07  8.8132e-05
   48    110  6.6936e-14  7.3630e-12
   48    111  1.9586e-07  2.1740e-05
   48    112  5.8924e-07  6.5995e-05
   48    113  2.9701e-07  3.3563e-05
   48    114  2.7698e-07  3.1576e-05
   48    116  3.9454e-08  4.5766e-06
   49    113  1.3072e-14  1.4771e-12
   49    115  2.0673e-07  2.3773e-05
   50    115  1.6494e-13  1.8968e-11
   50    116  6.9329e-14  8.0422e-12
   50    117  6.5946e-08  7.7157e-06
   50    118  7.2376e-08  8.5403e-06
   50    119  6.4016e-08  7.6179e-06
   50    120  3.3678e-07  4.0414e-05
   50    122  6.3214e-07  7.7121e-05
   50    124  3.0372e-06  3.7662e-04
   51    121  2.7665e-07  3.3475e-05
   51    123  6.3989e-07  7.8707e-05
   52    122  1.1089e-14  1.3528e-12
   52    124  2.1370e-16  2.6499e-14
   52    125  4.0796e-06  5.0995e-04
   52    126  8.8802e-06  1.1189e-03
   52    128  1.3704e-05  1.7541e-03
   52    130  1.9847e-06  2.5801e-04
   53    127  1.0129e-05  1.2863e-03
   53    129  2.5700e-14  3.3153e-12
   54    128  2.1532e-15  2.7561e-13
   54    129  8.9698e-06  1.1571e-03
   54    130  8.2103e-14  1.0673e-11
   54    131  2.1730e-06  2.8466e-04
   54    132  2.2660e-06  2.9911e-04
   54    134  1.8403e-06  2.4660e-04
   54    136  2.3422e-06  3.1854e-04
   55    133  1.7820e-06  2.3701e-04
   56    134  1.5959e-17  2.1385e-15
   56    135  1.3772e-06  1.8592e-04
   56    136  6.0317e-15  8.2031e-13
   56    137  1.9114e-06  2.6187e-04
   56    138  1.2786e-06  1.7645e-04
   57    139  1.0481e-06  1.4568e-04
   58    140  2.1136e-06  2.9591e-04
   58    142  3.2944e-07  4.6781e-05
   59    141  1.1872e-06  1.6740e-04
   60    142  1.0531e-17  1.4955e-15
   60    143  1.9450e-07  2.7813e-05
   60    144  3.1185e-07  4.4907e-05
   60    145  2.7416e-07  3.9753e-05
   60    146  4.7314e-07  6.9078e-05
   60    148  1.1799e-06  1.7462e-04
   60    150  8.9878e-07  1.3482e-04
   62    147  5.7110e-07  8.3951e-05
   62    148  4.8564e-13  7.1874e-11
   62    149  7.9521e-07  1.1849e-04
   62    150  2.5814e-12  3.8721e-10
   62    152  1.0919e-06  1.6596e-04
   62    154  1.2525e-06  1.9288e-04
   63    151  7.2755e-07  1.0986e-04
   63    153  6.9488e-07  1.0632e-04
   64    154  3.5837e-14  5.5189e-12
   64    155  7.2492e-07  1.1236e-04
   64    156  1.0179e-06  1.5879e-04
   64    157  8.3345e-07  1.3085e-04
   64    158  1.7508e-06  2.7662e-04
   64    160  1.3600e-06  2.1760e-04
   65    159  4.9662e-07  7.8962e-05
   66    160  5.4442e-15  8.7108e-13
   66    161  7.9058e-07  1.2728e-04
   66    162  1.1431e-06  1.8518e-04
   66    163  7.6182e-07  1.2418e-04
   66    164  2.3014e-06  3.7743e-04
   67    165  1.3586e-06  2.2418e-04
   68    166  2.8295e-06  4.6969e-04
   68    167  1.4201e-06  2.3716e-04
   68    168  1.8225e-06  3.0619e-04
   68    170  1.3790e-06  2.3444e-04
   69    169  2.5829e-06  4.3651e-04
   70    170  6.5162e-15  1.1078e-12
   70    171  1.2704e-06  2.1724e-04
   70    172  1.3356e-06  2.2973e-04
   70    173  1.5196e-06  2.6288e-04
   70    174  2.2193e-06  3.8616e-04
   70    176  1.4740e-06  2.5943e-04
   71    175  1.3815e-06  2.4176e-04
   71    176  7.9397e-16  1.3974e-13
   72    176  7.4335e-18  1.3083e-15
   72    177  1.7084e-06  3.0239e-04
   72    178  1.0660e-06  1.8974e-04
   72    179  7.1183e-07  1.2742e-04
   72    180  6.4668e-07  1.1640e-04
   73    181  6.5452e-07  1.1847e-04
   74    182  9.5067e-07  1.7302e-04
   74    183  6.7671e-07  1.2384e-04
   74    184  2.3539e-06  4.3312e-04
   74    186  5.6890e-06  1.0581e-03
   75    185  1.1383e-06  2.1059e-04
   75    187  4.9405e-06  9.2387e-04
   76    186  1.7464e-17  3.2483e-15
   76    187  4.0152e-08  7.5084e-06
   76    188  1.3368e-05  2.5131e-03
   76    189  1.2621e-05  2.3854e-03
   76    190  3.7390e-05  7.1041e-03
   76    192  7.7301e-05  1.4842e-02
   77    191  3.5959e-05  6.8682e-03
   77    193  7.5879e-05  1.4645e-02
   78    192  8.2068e-15  1.5757e-12
   78    194  1.4735e-04  2.8586e-02
   78    195  1.1167e-04  2.1776e-02
   78    196  8.2941e-05  1.6257e-02
   78    198  1.7654e-05  3.4955e-03
   79    197  4.0974e-05  8.0718e-03
   80    198  1.7141e-14  3.3938e-12
   80    199  4.4431e-06  8.8419e-04
   80    200  2.3923e-06  4.7846e-04
   80    201  1.0793e-06  2.1694e-04
   80    202  1.0893e-06  2.2003e-04
   80    204  2.3396e-06  4.7727e-04
   81    203  1.3517e-06  2.7439e-04
   81    205  1.8415e-06  3.7752e-04
   81    207  3.0299e-19  6.2718e-17
   82    204  7.3826e-19  1.5060e-16
   82    206  5.3149e-05  1.0949e-02
   82    207  4.2003e-05  8.6946e-03
   82    208  4.0474e-05  8.4185e-03
   82    210  3.4609e-12  7.2678e-10
   82    211  1.0736e-17  2.2653e-15
   82    212  1.2641e-17  2.6800e-15
   82    214  1.6141e-18  3.4542e-16
   83    209  6.0055e-05  1.2551e-02
   83    210  7.2597e-17  1.5245e-14
   83    211  1.3641e-19  2.8782e-17
   83    212  3.7775e-19  8.0083e-17
   83    214  1.9952e-19  4.2697e-17
   84    210  2.0045e-15  4.2093e-13
   84    218  3.1169e-20  6.7949e-18
   86    222  5.5331e-17  1.2283e-14
   87    223  1.9355e-20  4.3161e-18
   88    223  1.0496e-15  2.3406e-13
   88    224  3.2667e-17  7.3175e-15
   88    226  8.4665e-12  1.9134e-09
   88    228  1.0505e-10  2.3951e-08
   89    227  7.2989e-13  1.6569e-10
   89    228  2.2992e-18  5.2422e-16
   90    227  1.6869e-15  3.8293e-13
   90    228  6.2734e-15  1.4303e-12
   90    230  3.9902e-10  9.1775e-08
   90    231  9.7632e-17  2.2553e-14
   90    232  4.5982e-05  1.0668e-02
   90    234  1.3492e-16  3.1572e-14
   91    231  1.0943e-09  2.5277e-07
   91    234  4.0404e-18  9.4546e-16
   92    234  1.2993e-09  3.0404e-07
   92    235  2.3584e-05  5.5423e-03
   92    236  1.3345e-07  3.1494e-05
   92    238  2.3637e-05  5.6257e-03
   92    240  6.6979e-18  1.6075e-15
   93    240  4.7287e-19  1.1349e-16
   94    239  9.0163e-17  2.1549e-14
   94    240  2.6418e-11  6.3403e-09
   94    244  3.2157e-07  7.8462e-05
   95    243  2.7563e-17  6.6978e-15
   96    244  8.7276e-17  2.1295e-14
   96    247  5.8175e-14  1.4369e-11
   97    246  4.7120e-09  1.1591e-06
  100    258  9.6820e-06  2.4979e-03
  100    260  6.2126e-06  1.6153e-03
  100    262  7.8685e-06  2.0615e-03
  102    260  1.2235e-19  3.1812e-17
  102    261  6.1150e-06  1.5960e-03
  102    263  6.8877e-06  1.8115e-03
  102    264  8.0498e-06  2.1252e-03
  102    266  9.7738e-06  2.5998e-03
  103    265  8.2935e-06  2.1978e-03
  104    267  7.9702e-06  2.1280e-03
  104    268  6.6133e-06  1.7724e-03
  104    270  9.2868e-06  2.5074e-03
  104    272  6.3800e-06  1.7354e-03
  104    274  4.1249e-06  1.1302e-03
  105    269  1.4418e-05  3.8785e-03
  105    271  6.7878e-06  1.8395e-03
  106    273  4.6963e-06  1.2821e-03
  106    275  1.6884e-06  4.6432e-04
  106    276  1.4359e-06  3.9631e-04
  106    278  2.2696e-07  6.3095e-05
  106    280  9.2100e-09  2.5788e-06
  107    277  2.6385e-07  7.3085e-05
  108    279  4.4888e-08  1.2524e-05
  108    281  1.5529e-09  4.3635e-07
  108    282  3.8881e-10  1.0965e-07
  108    283  1.4189e-11  4.0153e-09
  108    284  9.3841e-12  2.6651e-09
  108    286  3.3617e-11  9.6145e-09
  110    285  9.5915e-12  2.7336e-09
  110    287  9.3037e-11  2.6702e-08
  110    288  6.0350e-11  1.7381e-08
  110    290  8.5627e-11  2.4832e-08
  111    289  3.3210e-11  9.5976e-09
  111    291  4.9826e-12  1.4499e-09
  111    292  2.1279e-10  6.2134e-08
  111    293  5.3100e-11  1.5558e-08
  111    294  2.0926e-10  6.1522e-08
  111    295  1.3533e-10  3.9921e-08
  111    296  8.5302e-11  2.5249e-08
  111    297  2.6692e-11  7.9274e-09
  111    298  5.5603e-11  1.6570e-08
  111    299  7.6395e-18  2.2842e-15
  111    300  2.7530e-12  8.2590e-10
  111    301  3.1045e-10  9.3444e-08
  111    302  7.5772e-11  2.2883e-08
  111    303  1.1167e-10  3.3835e-08
  111    304  1.4207e-10  4.3188e-08
  111    305  3.0058e-10  9.1678e-08
  111    306  2.8899e-10  8.8432e-08
  111    307  1.0033e-10  3.0801e-08
  111    308  7.0083e-11  2.1586e-08
  111    309  1.3342e-10  4.1228e-08
  111    310  1.0513e-10  3.2590e-08
  111    311  1.0043e-10  3.1233e-08
  111    312  4.7342e-11  1.4771e-08
  111    313  4.6845e-11  1.4662e-08
  111    314  4.2936e-11  1.3482e-08
  111    315  3.4713e-11  1.0935e-08
  111    316  3.4096e-11  1.0774e-08
  111    317  4.0793e-11  1.2931e-08
  111    318  2.2077e-11  7.0205e-09
  111    319  4.1419e-11  1.3213e-08
  111    320  2.8399e-11  9.0876e-09
  111    321  1.4168e-11  4.5479e-09
  111    322  2.0114e-11  6.4768e-09
  111    323  1.2030e-11  3.8857e-09
  111    324  1.5775e-11  5.1110e-09
  111    325  7.3359e-12  2.3842e-09
  111    326  6.5750e-12  2.1435e-09
  111    327  7.8939e-12  2.5813e-09
  111    328  1.1164e-13  3.6619e-11
  111    329  1.3655e-12  4.4925e-10
  111    330  6.9959e-14  2.3087e-11
  111    331  1.5918e-13  5.2687e-11
  111    332  3.4848e-14  1.1570e-11
  111    333  3.2542e-13  1.0836e-10
  111    334  5.3841e-15  1.7983e-12
  111    335  2.2918e-14  7.6775e-12
  111    336  3.0240e-15  1.0161e-12
  111    337  9.3737e-14  3.1590e-11
    1      1  2.3426e-09  2.3426e-09
    2      4  1.8745e-01  7.4979e-01


