    1      2  1.9419e-11  3.8838e-11
    2      3  1.3013e-14  3.9040e-14
    3      6  5.4107e-14  3.2464e-13
    3      7  2.9080e-14  2.0356e-13
    4      8  9.8799e-13  7.9040e-12
    4      9  2.2470e-18  2.0223e-17
    5     10  1.3081e-13  1.3081e-12
    5     11  1.8884e-14  2.0773e-13
    6     12  4.2899e-09  5.1479e-08
    6     13  3.7128e-12  4.8266e-11
    7     14  4.7736e-08  6.6830e-07
    7     15  3.4236e-08  5.1353e-07
    8     16  9.5876e-10  1.5340e-08
    8     17  8.3283e-11  1.4158e-09
    8     18  4.3591e-08  7.8464e-07
    9     19  3.8191e-08  7.2563e-07
   10     20  1.0575e-08  2.1150e-07
   10     21  3.3204e-08  6.9728e-07
   10     22  9.2852e-09  2.0428e-07
   11     23  1.8670e-08  4.2940e-07
   12     24  1.6367e-08  3.9281e-07
   12     25  3.9277e-08  9.8193e-07
   12     26  6.7431e-07  1.7532e-05
   13     26  6.4692e-15  1.6820e-13
   13     27  1.7110e-08  4.6196e-07
   14     28  4.7935e-08  1.3422e-06
   14     29  4.3204e-08  1.2529e-06
   14     30  2.3276e-08  6.9828e-07
   15     31  1.9273e-08  5.9746e-07
   16     32  5.7133e-08  1.8282e-06
   16     33  1.0016e-06  3.3054e-05
   16     34  7.7788e-07  2.6448e-05
   16     36  2.3087e-08  8.3114e-07
   17     35  1.1098e-08  3.8845e-07
   17     37  1.9820e-07  7.3332e-06
   18     36  2.3881e-18  8.5972e-17
   18     38  3.6410e-07  1.3836e-05
   18     40  8.0806e-07  3.2322e-05
   19     39  5.1413e-07  2.0051e-05
   19     41  9.8301e-08  4.0303e-06
   20     42  1.3137e-06  5.5176e-05
   20     43  5.4600e-07  2.3478e-05
   20     44  4.0075e-07  1.7633e-05
   20     46  2.6689e-06  1.2277e-04
   21     45  1.6442e-06  7.3991e-05
   22     46  1.2123e-18  5.5767e-17
   22     47  1.3043e-06  6.1301e-05
   22     48  1.4720e-07  7.0654e-06
   22     49  5.6866e-07  2.7864e-05
   22     50  8.2048e-07  4.1024e-05
   23     51  1.5277e-07  7.7914e-06
   24     52  7.8642e-08  4.0894e-06
   24     53  2.0028e-06  1.0615e-04
   24     54  7.8715e-06  4.2506e-04
   25     55  6.2111e-07  3.4161e-05
   26     56  2.6168e-06  1.4654e-04
   26     57  1.0214e-06  5.8221e-05
   26     58  9.5614e-09  5.5456e-07
   27     59  4.8121e-09  2.8392e-07
   28     60  1.2402e-08  7.4413e-07
   28     61  2.0169e-08  1.2303e-06
   28     62  1.3032e-07  8.0796e-06
   28     64  2.2882e-07  1.4644e-05
   29     63  2.1434e-06  1.3503e-04
   29     65  2.0199e-07  1.3129e-05
   30     64  6.9515e-19  4.4490e-17
   30     66  8.1727e-07  5.3940e-05
   30     67  5.9346e-07  3.9762e-05
   30     68  3.5569e-07  2.4187e-05
   30     70  2.0897e-06  1.4628e-04
   31     69  7.8984e-07  5.4499e-05
   31     71  3.3635e-07  2.3881e-05
   32     70  4.5793e-14  3.2055e-12
   32     72  9.3081e-07  6.7018e-05
   32     73  2.2764e-06  1.6618e-04
   32     74  5.9485e-06  4.4019e-04
   32     76  1.8257e-06  1.3875e-04
   33     75  1.1030e-06  8.2728e-05
   34     76  4.7614e-13  3.6187e-11
   34     77  1.6109e-05  1.2404e-03
   34     78  2.7162e-05  2.1186e-03
   34     80  2.1102e-05  1.6882e-03
   34     82  1.7912e-06  1.4688e-04
   35     79  1.2800e-05  1.0112e-03
   35     81  6.7943e-06  5.5034e-04
   36     82  2.7359e-12  2.2435e-10
   36     83  3.9953e-06  3.3161e-04
   36     84  1.0309e-05  8.6594e-04
   36     86  1.6504e-06  1.4193e-04
   37     85  5.4158e-06  4.6035e-04
   37     87  2.2987e-06  1.9998e-04
   38     86  6.1327e-19  5.2741e-17
   38     87  1.6832e-08  1.4644e-06
   38     88  6.3341e-06  5.5740e-04
   39     89  4.2741e-06  3.8040e-04
   40     90  8.8786e-06  7.9907e-04
   40     91  4.9250e-06  4.4817e-04
   40     92  8.2966e-06  7.6328e-04
   40     94  9.8538e-06  9.2626e-04
   41     93  3.7859e-06  3.5209e-04
   42     95  6.5978e-06  6.2679e-04
   42     96  9.0320e-06  8.6707e-04
   42     97  7.3737e-06  7.1525e-04
   42     98  2.4591e-06  2.4099e-04
   42    100  6.2903e-06  6.2903e-04
   44     99  2.7158e-06  2.6886e-04
   44    100  2.8552e-12  2.8552e-10
   44    101  1.0876e-05  1.0985e-03
   44    102  4.9425e-06  5.0413e-04
   44    104  6.3529e-06  6.6070e-04
   45    103  3.3352e-06  3.4353e-04
   46    104  2.6395e-17  2.7451e-15
   46    105  3.1954e-06  3.3552e-04
   46    106  3.7858e-06  4.0129e-04
   46    108  5.1962e-06  5.6119e-04
   46    110  6.7038e-06  7.3742e-04
   47    107  3.4797e-06  3.7233e-04
   47    109  5.5941e-06  6.0975e-04
   48    110  7.7307e-13  8.5038e-11
   48    111  1.2310e-06  1.3664e-04
   48    112  3.5759e-06  4.0051e-04
   48    113  1.8822e-06  2.1268e-04
   48    114  2.0701e-06  2.3599e-04
   48    116  1.1429e-06  1.3257e-04
   49    113  8.2835e-14  9.3603e-12
   49    115  2.0226e-06  2.3260e-04
   50    115  1.6138e-12  1.8558e-10
   50    116  1.5937e-12  1.8487e-10
   50    117  2.2269e-06  2.6055e-04
   50    118  2.0107e-06  2.3726e-04
   50    119  1.6279e-06  1.9372e-04
   50    120  9.3649e-06  1.1238e-03
   50    122  2.7887e-05  3.4022e-03
   50    124  6.4717e-05  8.0250e-03
   51    121  9.6171e-06  1.1637e-03
   51    123  2.3005e-05  2.8296e-03
   52    122  1.2497e-12  1.5246e-10
   52    124  3.9021e-14  4.8387e-12
   52    125  1.5102e-04  1.8877e-02
   52    126  6.2283e-04  7.8476e-02
   52    128  7.8116e-04  9.9988e-02
   52    130  1.8553e-04  2.4119e-02
   53    127  6.0150e-04  7.6390e-02
   53    129  6.0564e-13  7.8128e-11
   54    128  6.4156e-14  8.2119e-12
   54    129  3.8805e-04  5.0058e-02
   54    130  2.6440e-12  3.4372e-10
   54    131  1.6088e-05  2.1076e-03
   54    132  2.9323e-05  3.8707e-03
   54    134  1.3997e-05  1.8755e-03
   54    136  5.5297e-06  7.5203e-04
   55    133  4.1867e-05  5.5683e-03
   56    134  6.3943e-17  8.5683e-15
   56    135  4.7484e-06  6.4103e-04
   56    136  2.2459e-14  3.0545e-12
   56    137  1.4353e-06  1.9663e-04
   56    138  1.5711e-06  2.1681e-04
   57    139  1.1570e-06  1.6082e-04
   58    140  2.0806e-06  2.9128e-04
   58    142  1.0623e-07  1.5085e-05
   59    141  7.2835e-07  1.0270e-04
   60    142  2.7559e-18  3.9133e-16
   60    143  7.9688e-08  1.1395e-05
   60    144  2.7004e-07  3.8886e-05
   60    145  2.6267e-07  3.8087e-05
   60    146  3.1198e-07  4.5549e-05
   60    148  1.0595e-07  1.5681e-05
   60    150  5.8283e-08  8.7425e-06
   62    147  2.6279e-07  3.8631e-05
   62    148  2.1156e-13  3.1311e-11
   62    149  4.8464e-08  7.2211e-06
   62    150  4.1561e-13  6.2341e-11
   62    152  1.1232e-07  1.7073e-05
   62    154  9.7864e-08  1.5071e-05
   63    151  2.7034e-08  4.0821e-06
   63    153  7.3382e-08  1.1228e-05
   64    154  5.5689e-15  8.5762e-13
   64    155  1.5601e-07  2.4182e-05
   64    156  2.2919e-08  3.5754e-06
   64    157  6.7621e-08  1.0617e-05
   64    158  8.9207e-08  1.4095e-05
   64    160  1.4259e-08  2.2814e-06
   65    159  1.0074e-09  1.6018e-07
   66    160  8.0238e-17  1.2838e-14
   66    161  2.6657e-08  4.2917e-06
   66    162  1.3844e-08  2.2428e-06
   66    163  1.3191e-08  2.1502e-06
   66    164  1.8812e-08  3.0851e-06
   67    165  1.0499e-08  1.7324e-06
   68    166  2.7864e-08  4.6253e-06
   68    167  2.1693e-08  3.6228e-06
   68    168  1.0583e-08  1.7779e-06
   68    170  7.0171e-09  1.1929e-06
   69    169  3.2882e-08  5.5570e-06
   70    170  4.2136e-17  7.1631e-15
   70    171  6.3157e-09  1.0800e-06
   70    172  2.9250e-09  5.0310e-07
   70    173  1.6695e-09  2.8883e-07
   70    174  3.9454e-09  6.8650e-07
   70    176  1.7938e-09  3.1571e-07
   71    175  1.0731e-09  1.8780e-07
   71    176  4.2160e-19  7.4202e-17
   72    177  3.4861e-09  6.1704e-07
   72    178  8.9611e-10  1.5951e-07
   72    179  3.6636e-10  6.5579e-08
   72    180  3.3405e-10  6.0129e-08
   73    181  2.5683e-10  4.6486e-08
   74    182  2.0189e-10  3.6744e-08
   74    183  1.3976e-10  2.5576e-08
   74    184  1.2663e-10  2.3300e-08
   74    186  8.9239e-11  1.6598e-08
   75    185  3.7793e-11  6.9917e-09
   75    187  6.9185e-11  1.2938e-08
   76    187  5.6228e-13  1.0515e-10
   76    188  2.1267e-10  3.9982e-08
   76    189  1.0509e-10  1.9861e-08
   76    190  1.8330e-10  3.4826e-08
   76    192  7.9317e-11  1.5229e-08
   77    191  2.2852e-10  4.3648e-08
   77    193  3.7770e-11  7.2896e-09
   78    192  5.6394e-20  1.0828e-17
   78    194  5.4181e-11  1.0511e-08
   78    195  2.0446e-11  3.9870e-09
   78    196  7.6663e-12  1.5026e-09
   78    198  8.0922e-13  1.6023e-10
   79    197  2.9538e-12  5.8190e-10
   80    199  1.9991e-13  3.9782e-11
   80    200  1.6175e-13  3.2351e-11
   80    201  1.4389e-14  2.8923e-12
   80    202  2.5376e-15  5.1259e-13
   80    204  1.0027e-17  2.0455e-15
   81    203  1.7857e-16  3.6249e-14
   81    205  1.7044e-18  3.4941e-16
   82    206  2.5875e-18  5.3302e-16
   82    207  1.8427e-18  3.8143e-16
   82    208  2.1725e-18  4.5188e-16
   83    209  1.3496e-18  2.8207e-16
    1      1  1.3691e-09  1.3691e-09
    2      4  1.4815e-01  5.9262e-01


