1  7.1088e-11
2  8.3067e-17
3  1.4859e-22
4  7.0369e-02
5  0.0000e+00
6  2.6719e-20
7  9.2336e-22
8  9.2138e-21
9  1.7932e-19
10  5.0613e-20
11  4.6305e-23
12  5.0007e-08
13  1.4875e-14
14  4.8701e-19
15  1.9272e-17
16  1.4413e-09
17  1.6177e-16
18  3.2210e-18
19  4.5244e-18
20  1.3536e-09
21  3.8501e-15
22  1.3000e-18
23  1.8840e-13
24  8.2171e-10
25  1.1215e-10
26  1.3239e-10
27  7.0963e-11
28  4.8254e-10
29  4.8869e-10
30  1.3073e-09
31  1.0591e-09
32  3.8879e-09
33  1.5728e-09
34  6.4705e-09
35  9.4455e-10
36  1.6680e-09
37  2.8692e-09
38  5.0833e-09
39  8.7372e-10
40  7.3894e-11
41  1.1627e-10
42  5.7362e-08
43  1.1426e-09
44  2.1436e-09
45  8.1793e-10
46  2.6908e-09
47  4.3267e-08
48  1.9576e-07
49  7.6152e-09
50  1.2603e-08
51  1.2009e-07
52  1.5294e-06
53  1.3132e-07
54  6.8085e-08
55  2.5256e-09
56  1.6246e-06
57  6.6392e-08
58  5.6093e-07
59  5.9102e-07
60  1.3533e-07
61  5.8882e-08
62  7.3122e-08
63  4.1825e-07
64  1.5888e-06
65  9.9138e-07
66  4.2362e-07
67  4.1147e-07
68  1.6440e-08
69  7.4707e-08
70  1.6676e-07
71  4.7460e-07
72  1.2358e-06
73  2.3630e-06
74  7.5775e-07
75  6.3541e-07
76  2.1312e-06
77  5.5650e-06
78  8.4664e-06
79  4.6467e-06
80  2.5500e-05
81  1.3985e-06
82  3.6020e-07
83  5.7639e-06
84  2.9005e-05
85  3.0116e-06
86  8.4157e-07
87  1.0347e-05
88  2.3645e-04
89  1.7640e-05
90  1.7067e-05
91  4.6818e-05
92  2.5062e-05
93  4.0849e-05
94  1.0301e-03
95  3.2121e-05
96  1.5757e-04
97  6.6978e-05
98  4.5800e-05
99  3.2252e-04
100  1.8786e-04
101  2.8476e-04
102  1.8064e-03
103  2.7841e-04
104  5.5387e-04
105  3.3987e-04
106  1.5878e-04
107  1.1068e-04
108  5.7777e-04
109  1.4985e-04
110  9.3932e-05
111  2.6109e-05
112  1.2958e-04
113  2.6707e-05
114  8.2503e-05
115  2.3509e-05
116  3.5024e-05
117  2.9514e-05
118  3.5597e-06
119  1.3834e-06
120  9.8504e-06
121  2.3595e-06
122  1.2197e-06
123  6.2752e-07
124  1.4187e-06
125  3.5877e-06
126  7.6481e-06
127  7.0740e-06
128  6.5630e-06
129  1.6983e-06
130  3.1474e-07
131  1.2577e-08
132  7.2002e-10
133  1.4534e-12
134  9.0445e-15
135  1.7789e-16
136  6.5753e-15
137  3.2040e-17
138  3.6484e-17
139  5.0211e-18
140  5.7735e-19
141  2.9425e-20
142  3.1885e-19
143  3.1251e-21
144  8.4701e-21
145  2.9378e-21
146  4.0955e-22
147  8.1468e-23
148  7.4841e-24
149  4.2854e-24
150  1.1265e-22
151  4.1290e-23
152  3.3074e-23
153  9.0165e-24
154  5.6481e-24
155  2.5288e-24
156  4.1978e-25
157  5.2094e-25
158  0.0000e+00
159  0.0000e+00
160  0.0000e+00
161  0.0000e+00
162  0.0000e+00
163  0.0000e+00
164  0.0000e+00
165  0.0000e+00
166  0.0000e+00
167  0.0000e+00
168  0.0000e+00
169  0.0000e+00
170  0.0000e+00
171  0.0000e+00
172  0.0000e+00
173  0.0000e+00
174  0.0000e+00
175  0.0000e+00
176  0.0000e+00
177  0.0000e+00
178  0.0000e+00
179  0.0000e+00
180  0.0000e+00
181  0.0000e+00
182  0.0000e+00
183  0.0000e+00
184  0.0000e+00
185  0.0000e+00
186  0.0000e+00
187  0.0000e+00
188  0.0000e+00
189  0.0000e+00
190  0.0000e+00
191  0.0000e+00
192  0.0000e+00
193  0.0000e+00
194  0.0000e+00
195  0.0000e+00
196  0.0000e+00
197  0.0000e+00
198  0.0000e+00
199  0.0000e+00
200  0.0000e+00
201  0.0000e+00
202  0.0000e+00
203  0.0000e+00
204  0.0000e+00
205  0.0000e+00
206  0.0000e+00
207  0.0000e+00
208  0.0000e+00
209  0.0000e+00
210  0.0000e+00
211  0.0000e+00
212  0.0000e+00
213  0.0000e+00
214  0.0000e+00
215  0.0000e+00
216  0.0000e+00
217  0.0000e+00
218  0.0000e+00
219  0.0000e+00
220  0.0000e+00
221  0.0000e+00
222  0.0000e+00
223  0.0000e+00
224  0.0000e+00
225  0.0000e+00
226  0.0000e+00
227  0.0000e+00
228  0.0000e+00
229  0.0000e+00
230  0.0000e+00
231  0.0000e+00
232  0.0000e+00
233  0.0000e+00
234  0.0000e+00
235  0.0000e+00
236  0.0000e+00
237  0.0000e+00
238  0.0000e+00
239  0.0000e+00
240  0.0000e+00
241  0.0000e+00
242  0.0000e+00
243  0.0000e+00
244  0.0000e+00
245  0.0000e+00
246  0.0000e+00
247  0.0000e+00
248  0.0000e+00
249  0.0000e+00
250  0.0000e+00
251  0.0000e+00
252  0.0000e+00
253  0.0000e+00
254  0.0000e+00
255  0.0000e+00
256  0.0000e+00
257  0.0000e+00
258  0.0000e+00
259  0.0000e+00
260  0.0000e+00
261  0.0000e+00
262  0.0000e+00
263  0.0000e+00
264  0.0000e+00
265  0.0000e+00
266  0.0000e+00
267  0.0000e+00
268  0.0000e+00
269  0.0000e+00
270  0.0000e+00
271  0.0000e+00
272  0.0000e+00
273  0.0000e+00
274  0.0000e+00
275  0.0000e+00
276  0.0000e+00
277  0.0000e+00
278  0.0000e+00
279  0.0000e+00
280  0.0000e+00
281  0.0000e+00
282  0.0000e+00
283  0.0000e+00
284  0.0000e+00
285  0.0000e+00
286  0.0000e+00
287  0.0000e+00
288  0.0000e+00
289  0.0000e+00
290  0.0000e+00
291  0.0000e+00
292  0.0000e+00
293  0.0000e+00
294  0.0000e+00
295  0.0000e+00
296  0.0000e+00
297  0.0000e+00
298  0.0000e+00
299  0.0000e+00
300  0.0000e+00
301  0.0000e+00
302  0.0000e+00
303  0.0000e+00
304  0.0000e+00
305  0.0000e+00
306  0.0000e+00
307  0.0000e+00
308  0.0000e+00
309  0.0000e+00
310  0.0000e+00
311  0.0000e+00
312  0.0000e+00
313  0.0000e+00
314  0.0000e+00
315  0.0000e+00
316  0.0000e+00
317  0.0000e+00
318  0.0000e+00
319  0.0000e+00
320  0.0000e+00
321  0.0000e+00
322  0.0000e+00
323  0.0000e+00
324  0.0000e+00
325  0.0000e+00
326  0.0000e+00
327  0.0000e+00
328  0.0000e+00
329  0.0000e+00
330  0.0000e+00
331  0.0000e+00
332  0.0000e+00
333  0.0000e+00
334  0.0000e+00
335  0.0000e+00
336  0.0000e+00
337  0.0000e+00

