1  3.7842e-10
2  1.4387e-09
3  6.1884e-11
4  1.5283e-01
5  0.0000e+00
6  3.9494e-12
7  1.1041e-10
8  1.1540e-10
9  1.5709e-11
10  1.1200e-11
11  1.0165e-10
12  2.3698e-09
13  3.8259e-08
14  4.4294e-07
15  3.8101e-06
16  2.2945e-07
17  1.5213e-09
18  1.8131e-08
19  7.4213e-07
20  1.0097e-06
21  2.5490e-07
22  5.0318e-09
23  5.5994e-07
24  1.7213e-07
25  1.5595e-07
26  3.1921e-08
27  4.3666e-07
28  1.3052e-06
29  1.1215e-07
30  6.3172e-08
31  1.1638e-07
32  1.2900e-07
33  1.6436e-06
34  1.2668e-06
35  3.0393e-08
36  2.1655e-08
37  1.1168e-07
38  2.6255e-07
39  4.7630e-07
40  8.2403e-07
41  5.1376e-08
42  9.8009e-07
43  5.0017e-07
44  9.0583e-08
45  1.7551e-07
46  1.7320e-07
47  2.8948e-07
48  5.8543e-07
49  7.0407e-07
50  7.6181e-07
51  1.2100e-07
52  3.4755e-07
53  2.2641e-07
54  1.4450e-07
55  2.3133e-07
56  5.5120e-07
57  8.7558e-07
58  3.9712e-08
59  4.5086e-08
60  1.0658e-07
61  1.7382e-07
62  1.3839e-07
63  6.3013e-07
64  3.2968e-07
65  2.6317e-07
66  8.7335e-07
67  2.9588e-07
68  3.4297e-07
69  3.4069e-07
70  9.9037e-07
71  1.4517e-07
72  3.1689e-07
73  1.4069e-07
74  8.3613e-07
75  4.0286e-06
76  4.5581e-06
77  4.8945e-06
78  8.5715e-06
79  1.3372e-05
80  2.4510e-05
81  7.5558e-06
82  1.7166e-06
83  1.3080e-06
84  1.1753e-06
85  1.4624e-06
86  3.5250e-06
87  3.0199e-06
88  2.0676e-06
89  6.4328e-07
90  1.1307e-06
91  3.1313e-07
92  1.3829e-06
93  7.8535e-07
94  2.2678e-06
95  1.5278e-06
96  1.2496e-06
97  7.8686e-07
98  3.2645e-07
99  3.7383e-07
100  4.6647e-07
101  7.1988e-07
102  4.9962e-07
103  5.2442e-07
104  6.9474e-07
105  7.0738e-07
106  1.3714e-06
107  1.4689e-06
108  2.6948e-06
109  2.2447e-06
110  2.4768e-06
111  5.0252e-07
112  1.0186e-06
113  3.5618e-07
114  2.4141e-07
115  1.2929e-07
116  2.9610e-08
117  6.1083e-08
118  8.8829e-08
119  8.0571e-08
120  4.4721e-07
121  6.4662e-07
122  1.9601e-06
123  3.3298e-06
124  2.9287e-05
125  1.0031e-04
126  3.5063e-04
127  1.9537e-04
128  2.3277e-04
129  4.9320e-04
130  2.1779e-04
131  4.5769e-05
132  3.6510e-05
133  4.8324e-05
134  3.9168e-05
135  2.2359e-05
136  2.0948e-05
137  2.3644e-05
138  2.5776e-05
139  7.8129e-06
140  1.1351e-05
141  3.7817e-05
142  1.4929e-05
143  3.0712e-06
144  1.8366e-06
145  1.4681e-06
146  3.3212e-06
147  4.2873e-06
148  8.2740e-06
149  5.8450e-06
150  7.9025e-06
151  8.1224e-06
152  1.0447e-05
153  7.2192e-06
154  1.2090e-05
155  6.1854e-06
156  1.6006e-05
157  1.0811e-05
158  2.0914e-05
159  1.1228e-05
160  1.7055e-05
161  8.2972e-06
162  2.1017e-05
163  1.2599e-05
164  2.9486e-05
165  1.4420e-05
166  2.7583e-05
167  1.1593e-05
168  2.0727e-05
169  1.5493e-05
170  1.1920e-05
171  8.9214e-06
172  6.6355e-06
173  6.3795e-06
174  8.0930e-06
175  5.9954e-06
176  5.6538e-06
177  6.7715e-06
178  6.4083e-06
179  4.9739e-06
180  4.0087e-06
181  3.6453e-06
182  4.1187e-06
183  2.0766e-06
184  3.1320e-06
185  2.1997e-06
186  6.2664e-06
187  4.6187e-06
188  1.0851e-05
189  1.5681e-05
190  2.9584e-05
191  3.0008e-05
192  4.4435e-05
193  5.6865e-05
194  5.1258e-05
195  3.6229e-05
196  1.3541e-05
197  3.9908e-06
198  6.1592e-07
199  5.5362e-08
200  9.5529e-09
201  1.3368e-08
202  4.1566e-08
203  5.9878e-08
204  5.7523e-08
205  4.7431e-08
206  1.7830e-07
207  1.5755e-07
208  1.5974e-07
209  1.3464e-07
210  5.5400e-16
211  1.9349e-21
212  4.6187e-21
213  3.5721e-44
214  2.9014e-22
215  4.9488e-26
216  5.3514e-27
217  2.0030e-98
218  4.9864e-24
219  7.4945e-25
220  2.0520e-24
221  -1.2332e-320
222  8.8518e-21
223  1.8678e-19
224  1.1589e-20
225  2.1401e-40
226  1.3545e-15
227  1.3019e-16
228  3.7268e-14
229  7.9829e-30
230  6.3835e-14
231  1.9473e-13
232  1.6313e-08
233  2.8549e-27
234  2.0786e-13
235  4.1970e-09
236  1.0804e-11
237  -1.8048e-318
238  3.7815e-09
239  2.5465e-21
240  2.1382e-15
241  0.0000e+00
242  8.9293e-145
243  7.7847e-22
244  2.6027e-11
245  0.0000e+00
246  4.3274e-13
247  1.6430e-18
248  8.2865e-144
249  0.0000e+00
250  0.0000e+00
251  -3.1017e-314
252  0.0000e+00
253  0.0000e+00
254  0.0000e+00
255  0.0000e+00
256  0.0000e+00
257  7.5955e-26
258  2.2671e-10
259  6.4390e-26
260  1.1731e-10
261  6.3037e-11
262  5.7116e-11
263  4.3016e-11
264  3.2727e-11
265  1.6920e-11
266  1.6522e-11
267  5.7198e-12
268  3.5117e-12
269  3.8167e-12
270  1.6236e-12
271  8.6548e-13
272  5.2015e-13
273  2.5128e-13
274  1.6875e-13
275  6.9962e-14
276  5.9379e-14
277  1.7060e-14
278  1.5253e-14
279  4.7364e-15
280  1.7001e-15
281  4.8436e-16
282  2.3501e-16
283  8.3192e-17
284  1.0165e-16
285  8.6572e-17
286  7.5916e-17
287  7.6565e-17
288  5.2692e-17
289  2.2344e-17
290  1.4258e-17
291  5.8590e-18
292  2.1903e-17
293  6.9374e-18
294  8.6056e-18
295  2.6032e-18
296  4.6043e-18
297  1.6562e-18
298  2.0245e-19
299  1.5825e-19
300  4.8041e-20
301  1.4571e-18
302  2.0805e-18
303  1.8615e-19
304  3.9830e-19
305  1.8780e-19
306  8.0471e-20
307  3.3685e-21
308  2.0504e-20
309  4.3612e-21
310  4.5914e-21
311  3.0149e-21
312  2.7064e-21
313  2.6941e-22
314  3.8061e-22
315  3.1559e-22
316  3.3261e-22
317  1.1141e-21
318  1.0558e-22
319  7.6531e-24
320  2.8954e-23
321  1.9323e-24
322  2.4862e-25
323  0.0000e+00
324  0.0000e+00
325  0.0000e+00
326  0.0000e+00
327  0.0000e+00
328  0.0000e+00
329  0.0000e+00
330  0.0000e+00
331  0.0000e+00
332  0.0000e+00
333  0.0000e+00
334  0.0000e+00
335  0.0000e+00
336  0.0000e+00
337  0.0000e+00

