1  1.5361e-11
2  9.0081e-02
3  1.3582e-20
4  2.1877e-18
5  2.6721e-20
6  4.2379e-08
7  1.4205e-13
8  2.2693e-09
9  1.0628e-14
10  1.4682e-09
11  1.3526e-13
12  1.0508e-09
13  3.8769e-10
14  1.5299e-09
15  1.3355e-09
16  3.9117e-08
17  3.8718e-09
18  4.0142e-09
19  1.1453e-09
20  3.7875e-07
21  4.0657e-09
22  1.1305e-06
23  2.1000e-07
24  5.3078e-06
25  3.6409e-08
26  1.5210e-06
27  7.5589e-07
28  2.1158e-06
29  9.3827e-07
30  3.2965e-06
31  2.1562e-07
32  1.4555e-05
33  8.4173e-07
34  7.1480e-05
35  1.1820e-05
36  4.1243e-05
37  1.5301e-05
38  5.8875e-06
39  3.6840e-05
40  2.0936e-04
41  1.6488e-05
42  2.4528e-04
43  1.0769e-29
44  1.2000e-03
45  9.0831e-05
46  2.4463e-03
47  6.5401e-04
48  6.4980e-04
49  6.3514e-05
50  8.8481e-05
51  1.7525e-06
52  1.2188e-04
53  3.5598e-05
54  1.3641e-05
55  1.5793e-12
56  1.8599e-14
57  9.6022e-17
58  2.6900e-16
59  2.0072e-16
60  6.2955e-17
61  7.8050e-27
62  3.7500e-18
63  9.1250e-19
64  4.2372e-19
65  2.5145e-21
66  8.8304e-21
67  6.8604e-22
68  1.2703e-21
69  8.3917e-23
70  4.6269e-24
71  0.0000e+00
72  0.0000e+00
73  0.0000e+00
74  0.0000e+00
75  0.0000e+00
76  0.0000e+00
77  0.0000e+00
78  0.0000e+00
79  0.0000e+00
80  0.0000e+00
81  0.0000e+00
82  0.0000e+00
83  0.0000e+00
84  0.0000e+00
85  0.0000e+00
86  0.0000e+00
87  0.0000e+00
88  0.0000e+00
89  0.0000e+00
90  0.0000e+00
91  0.0000e+00
92  0.0000e+00
93  0.0000e+00
94  0.0000e+00
95  0.0000e+00
96  0.0000e+00
97  0.0000e+00
98  0.0000e+00
99  0.0000e+00
100  0.0000e+00
101  0.0000e+00
102  0.0000e+00
103  0.0000e+00
104  0.0000e+00
105  0.0000e+00
106  0.0000e+00
107  0.0000e+00
108  0.0000e+00
109  0.0000e+00
110  0.0000e+00
111  0.0000e+00
112  0.0000e+00
113  0.0000e+00
114  0.0000e+00
115  0.0000e+00
116  0.0000e+00
117  0.0000e+00
118  0.0000e+00

