    1      2  4.8656e-17  9.7313e-17
    3      6  3.6845e-20  2.2107e-19
    4      8  1.7762e-16  1.4209e-15
    4      9  5.6770e-19  5.1093e-18
    5     10  7.4528e-20  7.4528e-19
    6     12  3.0269e-08  3.6323e-07
    6     13  4.1652e-15  5.4147e-14
    7     14  8.0959e-18  1.1334e-16
    7     15  1.9133e-11  2.8699e-10
    8     16  1.2148e-09  1.9438e-08
    8     17  4.5870e-16  7.7980e-15
    8     18  1.6317e-12  2.9371e-11
    9     19  2.3761e-12  4.5147e-11
   10     20  5.7655e-10  1.1531e-08
   10     21  2.9758e-13  6.2493e-12
   10     22  3.3189e-13  7.3015e-12
   11     23  3.6237e-14  8.3346e-13
   12     24  1.3344e-10  3.2026e-09
   12     25  4.2206e-11  1.0552e-09
   12     26  2.9520e-10  7.6752e-09
   13     26  6.7035e-17  1.7429e-15
   13     27  3.1347e-10  8.4637e-09
   14     28  1.1907e-09  3.3339e-08
   14     29  6.3233e-10  1.8338e-08
   14     30  1.3954e-09  4.1861e-08
   15     31  1.0582e-09  3.2805e-08
   16     32  2.0660e-09  6.6112e-08
   16     33  2.9039e-09  9.5828e-08
   16     34  2.8469e-08  9.6795e-07
   16     36  2.3929e-08  8.6143e-07
   17     35  1.2906e-08  4.5171e-07
   17     37  1.9451e-08  7.1970e-07
   18     36  4.1823e-16  1.5056e-14
   18     38  3.2464e-08  1.2336e-06
   18     40  1.0111e-09  4.0444e-08
   19     39  1.4807e-09  5.7749e-08
   19     41  4.7281e-09  1.9385e-07
   20     42  1.5949e-08  6.6986e-07
   20     43  3.1017e-07  1.3338e-05
   20     44  5.6375e-07  2.4805e-05
   20     46  1.8907e-07  8.6972e-06
   21     45  1.1975e-08  5.3887e-07
   22     47  5.2162e-07  2.4516e-05
   22     48  1.5047e-06  7.2225e-05
   22     49  1.4851e-08  7.2768e-07
   22     50  1.8049e-07  9.0246e-06
   23     51  4.7191e-07  2.4068e-05
   24     52  1.7783e-06  9.2473e-05
   24     53  2.4892e-06  1.3193e-04
   24     54  3.8839e-06  2.0973e-04
   25     55  1.2852e-07  7.0685e-06
   26     56  2.8941e-07  1.6207e-05
   26     57  1.6211e-08  9.2401e-07
   26     58  3.1884e-08  1.8493e-06
   27     59  2.4640e-08  1.4537e-06
   28     60  1.5449e-08  9.2693e-07
   28     61  1.0822e-07  6.6014e-06
   28     62  2.1911e-07  1.3585e-05
   28     64  1.1195e-07  7.1647e-06
   29     63  2.4900e-07  1.5687e-05
   29     65  2.5321e-07  1.6458e-05
   30     66  1.4436e-06  9.5277e-05
   30     67  1.2262e-06  8.2158e-05
   30     68  4.2542e-07  2.8929e-05
   30     70  4.8339e-07  3.3837e-05
   31     69  1.8846e-07  1.3004e-05
   31     71  6.6553e-08  4.7252e-06
   32     70  2.7918e-16  1.9543e-14
   32     72  4.3825e-07  3.1554e-05
   32     73  1.0206e-05  7.4501e-04
   32     74  3.6761e-06  2.7203e-04
   32     76  4.4662e-06  3.3943e-04
   33     75  1.2410e-06  9.3074e-05
   34     76  2.0259e-14  1.5397e-12
   34     77  1.5996e-05  1.2317e-03
   34     78  2.3953e-05  1.8684e-03
   34     80  4.7575e-05  3.8060e-03
   34     82  1.9976e-06  1.6380e-04
   35     79  1.2663e-05  1.0004e-03
   35     81  1.7426e-06  1.4115e-04
   36     82  2.1211e-14  1.7393e-12
   36     83  3.4282e-06  2.8454e-04
   36     84  3.5482e-06  2.9805e-04
   36     86  3.6657e-05  3.1525e-03
   37     85  1.2666e-05  1.0766e-03
   37     87  5.4723e-06  4.7609e-04
   38     86  3.2233e-20  2.7720e-18
   38     87  4.0069e-08  3.4860e-06
   38     88  5.0021e-06  4.4019e-04
   39     89  2.2973e-05  2.0446e-03
   40     90  9.9568e-05  8.9611e-03
   40     91  1.0959e-05  9.9731e-04
   40     92  2.8642e-05  2.6350e-03
   40     94  6.2802e-06  5.9033e-04
   41     93  2.2812e-05  2.1215e-03
   42     95  1.3483e-07  1.2809e-05
   42     96  1.0937e-06  1.0499e-04
   42     97  4.6735e-06  4.5333e-04
   42     98  2.6541e-05  2.6010e-03
   42    100  1.0495e-04  1.0495e-02
   44     99  3.2744e-05  3.2416e-03
   44    100  7.1031e-13  7.1031e-11
   44    101  2.4344e-04  2.4587e-02
   44    102  7.3976e-05  7.5456e-03
   44    104  1.0210e-04  1.0618e-02
   45    103  1.8737e-05  1.9299e-03
   46    104  1.1917e-18  1.2394e-16
   46    105  5.0532e-04  5.3059e-02
   46    106  5.9051e-04  6.2594e-02
   46    108  3.1432e-04  3.3947e-02
   46    110  8.2543e-04  9.0797e-02
   47    107  2.2426e-04  2.3996e-02
   47    109  6.4162e-04  6.9937e-02
   48    110  1.3918e-12  1.5310e-10
   48    111  1.0856e-04  1.2050e-02
   48    112  2.1729e-04  2.4336e-02
   48    113  1.2634e-04  1.4276e-02
   48    114  2.2927e-04  2.6137e-02
   48    116  1.5033e-05  1.7439e-03
   49    113  5.5601e-12  6.2829e-10
   49    115  7.1010e-05  8.1661e-03
   50    115  5.6656e-11  6.5154e-09
   50    116  1.1440e-12  1.3271e-10
   50    117  5.6178e-05  6.5728e-03
   50    118  3.1208e-05  3.6825e-03
   50    119  1.3984e-05  1.6641e-03
   50    120  1.8429e-05  2.2115e-03
   50    122  3.8856e-06  4.7405e-04
   50    124  2.0743e-05  2.5721e-03
   51    121  4.9998e-06  6.0498e-04
   51    123  2.9061e-06  3.5746e-04
   52    122  1.8416e-14  2.2468e-12
   52    124  3.2104e-16  3.9809e-14
   52    125  7.9050e-05  9.8812e-03
   52    126  2.1942e-04  2.7647e-02
   52    128  9.1812e-05  1.1752e-02
   52    130  1.2760e-06  1.6587e-04
   53    127  1.1351e-04  1.4416e-02
   53    129  1.0038e-13  1.2949e-11
   54    128  1.3938e-16  1.7841e-14
   54    129  3.2319e-05  4.1692e-03
   54    130  3.8866e-15  5.0526e-13
   54    131  3.9369e-08  5.1574e-06
   54    132  2.3169e-09  3.0583e-07
   54    134  1.1406e-12  1.5284e-10
   54    136  1.0288e-13  1.3992e-11
   55    133  4.5420e-12  6.0409e-10
   56    135  2.2431e-12  3.0282e-10
   56    137  4.0643e-14  5.5680e-12
   56    138  1.0784e-13  1.4882e-11
   57    139  6.4634e-15  8.9841e-13
   58    140  1.4921e-14  2.0889e-12
   58    142  3.9739e-15  5.6430e-13
   59    141  7.0206e-15  9.8991e-13
   60    143  1.7828e-15  2.5495e-13
   60    144  1.5773e-15  2.2713e-13
   60    145  4.4312e-17  6.4252e-15
   60    146  1.0083e-16  1.4721e-14
   60    148  1.2887e-16  1.9073e-14
   60    150  8.2460e-17  1.2369e-14
   62    147  7.7338e-17  1.1369e-14
   62    149  8.1119e-17  1.2087e-14
   62    152  8.1085e-17  1.2325e-14
   62    154  3.8071e-17  5.8629e-15
   63    151  3.5243e-17  5.3216e-15
   63    153  4.2241e-17  6.4629e-15
   64    155  2.7874e-17  4.3205e-15
   64    156  4.7869e-18  7.4676e-16
   64    157  6.7636e-18  1.0619e-15
   64    158  4.9043e-18  7.7489e-16
   64    160  9.1036e-19  1.4566e-16
   65    159  4.7472e-19  7.5480e-17
   66    161  8.7120e-19  1.4026e-16
   66    162  3.9668e-19  6.4262e-17
   66    163  2.2453e-19  3.6598e-17
   66    164  3.2344e-19  5.3043e-17
   67    165  1.6932e-19  2.7938e-17
   68    166  2.7611e-19  4.5834e-17
   68    167  7.4443e-20  1.2432e-17
   68    168  4.0590e-20  6.8191e-18
   69    169  3.9177e-20  6.6210e-18
    1      1  2.1964e-11  2.1964e-11
    2      4  9.9364e-02  3.9746e-01


