    1      2  5.8211e-06  1.1642e-05
    2      3  4.0770e-08  1.2231e-07
    3      7  6.5615e-09  4.5931e-08
    4      8  1.4567e-07  1.1653e-06
    4      9  1.7678e-08  1.5911e-07
    5     10  3.5285e-07  3.5285e-06
    5     11  2.1296e-07  2.3426e-06
    6     12  5.5374e-08  6.6449e-07
    6     13  2.6801e-08  3.4842e-07
    7     14  1.4766e-06  2.0672e-05
    7     15  3.8901e-06  5.8352e-05
    8     16  1.3565e-05  2.1704e-04
    8     17  3.6152e-07  6.1459e-06
    8     18  1.3712e-06  2.4682e-05
    9     19  2.3239e-08  4.4153e-07
   10     20  2.8250e-06  5.6500e-05
   10     21  1.0525e-06  2.2103e-05
   10     22  2.4565e-06  5.4042e-05
   11     23  6.5723e-07  1.5116e-05
   12     24  6.2722e-07  1.5053e-05
   12     25  2.0081e-07  5.0203e-06
   12     26  3.8192e-07  9.9298e-06
   13     27  1.3020e-08  3.5154e-07
   14     28  3.0288e-07  8.4807e-06
   14     29  1.6920e-08  4.9067e-07
   14     30  4.4053e-09  1.3216e-07
   15     31  1.5046e-08  4.6644e-07
   16     32  1.6799e-07  5.3758e-06
   16     33  1.4261e-08  4.7060e-07
   16     34  3.4476e-07  1.1722e-05
   16     36  3.0456e-07  1.0964e-05
   17     35  1.2096e-07  4.2338e-06
   17     37  1.7141e-08  6.3422e-07
   18     36  1.1034e-13  3.9722e-12
   18     38  7.8011e-08  2.9644e-06
   18     40  1.6066e-10  6.4263e-09
   19     39  1.6543e-09  6.4519e-08
   19     40  5.0484e-20  2.0194e-18
   19     41  7.3695e-11  3.0215e-09
   20     40  1.4504e-20  5.8015e-19
   20     42  4.1524e-10  1.7440e-08
   20     43  7.9609e-11  3.4232e-09
   20     44  8.7073e-10  3.8312e-08
   20     46  5.6107e-10  2.5809e-08
   21     45  1.1958e-10  5.3812e-09
   22     46  3.7442e-18  1.7224e-16
   22     47  7.1845e-10  3.3767e-08
   22     48  3.3610e-09  1.6133e-07
   22     49  2.4193e-10  1.1854e-08
   22     50  2.0303e-10  1.0151e-08
   23     51  8.7344e-11  4.4546e-09
   24     52  1.0606e-10  5.5153e-09
   24     53  5.1703e-11  2.7403e-09
   24     54  4.8276e-11  2.6069e-09
   25     55  1.5855e-11  8.7201e-10
   26     56  6.6507e-11  3.7244e-09
   26     57  2.4253e-11  1.3824e-09
   26     58  9.9958e-11  5.7976e-09
   27     59  3.0497e-12  1.7993e-10
   28     60  2.5022e-10  1.5013e-08
   28     61  1.0507e-12  6.4092e-11
   28     62  1.1362e-11  7.0447e-10
   28     64  1.1767e-10  7.5310e-09
   29     63  1.2070e-11  7.6044e-10
   29     65  9.7407e-13  6.3315e-11
   30     66  1.9292e-11  1.2733e-09
   30     67  2.3913e-12  1.6022e-10
   30     68  4.4896e-11  3.0529e-09
   30     70  3.4890e-11  2.4423e-09
   31     69  1.0024e-11  6.9166e-10
   31     71  1.2754e-11  9.0551e-10
   32     70  2.1688e-14  1.5182e-12
   32     72  5.9461e-11  4.2812e-09
   32     73  1.4010e-11  1.0227e-09
   32     74  7.1915e-11  5.3217e-09
   32     76  5.1893e-11  3.9439e-09
   33     75  1.4734e-11  1.1050e-09
   34     76  4.5502e-14  3.4581e-12
   34     77  8.4234e-12  6.4860e-10
   34     78  7.6390e-11  5.9585e-09
   34     80  9.3289e-11  7.4631e-09
   34     82  4.9664e-11  4.0724e-09
   35     79  2.1092e-11  1.6662e-09
   35     81  1.1845e-11  9.5942e-10
   36     82  1.2634e-13  1.0360e-11
   36     83  8.1750e-12  6.7852e-10
   36     84  9.8260e-12  8.2538e-10
   36     86  1.7865e-11  1.5364e-09
   37     85  2.0517e-11  1.7439e-09
   37     87  9.4310e-12  8.2050e-10
   38     86  1.8631e-19  1.6022e-17
   38     87  6.9044e-14  6.0068e-12
   38     88  7.5339e-12  6.6298e-10
   39     89  2.5748e-12  2.2915e-10
   40     90  2.8119e-12  2.5307e-10
   40     91  1.1689e-12  1.0637e-10
   40     92  4.4431e-12  4.0877e-10
   40     94  2.2888e-12  2.1514e-10
   41     93  2.4985e-12  2.3236e-10
   42     95  3.1996e-12  3.0396e-10
   42     96  2.3500e-11  2.2560e-09
   42     97  5.8409e-12  5.6656e-10
   42     98  1.0917e-11  1.0698e-09
   42    100  7.4885e-12  7.4885e-10
   44     99  2.5640e-12  2.5384e-10
   44    100  2.0505e-13  2.0505e-11
   44    101  1.2322e-12  1.2445e-10
   44    102  3.9555e-12  4.0346e-10
   44    104  4.9218e-12  5.1187e-10
   45    103  1.4232e-12  1.4659e-10
   46    104  2.8526e-18  2.9667e-16
   46    105  1.9590e-12  2.0570e-10
   46    106  3.4667e-12  3.6747e-10
   46    108  5.8401e-12  6.3073e-10
   46    110  5.6793e-12  6.2472e-10
   47    107  1.3523e-12  1.4470e-10
   47    109  1.4141e-12  1.5414e-10
   48    110  2.4900e-15  2.7390e-13
   48    111  9.4499e-13  1.0489e-10
   48    112  3.4767e-12  3.8939e-10
   48    113  1.3913e-12  1.5722e-10
   48    114  5.4058e-12  6.1626e-10
   48    116  2.6650e-12  3.0914e-10
   49    113  6.1233e-20  6.9194e-18
   49    115  2.3107e-12  2.6572e-10
   50    115  1.8436e-18  2.1201e-16
   50    116  1.6844e-14  1.9539e-12
   50    117  1.3361e-12  1.5632e-10
   50    118  4.8409e-12  5.7122e-10
   50    119  1.1204e-12  1.3333e-10
   50    120  3.6124e-12  4.3349e-10
   50    122  6.1812e-12  7.5410e-10
   50    124  5.2154e-12  6.4672e-10
   51    121  9.5090e-13  1.1506e-10
   51    123  3.0212e-13  3.7160e-11
   52    122  5.7008e-16  6.9550e-14
   52    124  4.5651e-17  5.6607e-15
   52    125  2.2512e-12  2.8140e-10
   52    126  9.3664e-12  1.1802e-09
   52    128  2.1658e-11  2.7722e-09
   52    130  3.5929e-10  4.6707e-08
   53    127  1.3848e-12  1.7587e-10
   53    129  1.5748e-17  2.0315e-15
   54    128  3.5301e-17  4.5186e-15
   54    129  4.1337e-11  5.3325e-09
   54    130  3.4557e-14  4.4924e-12
   54    131  5.9128e-10  7.7457e-08
   54    132  1.5667e-09  2.0680e-07
   54    134  4.6375e-10  6.2142e-08
   54    136  1.9693e-11  2.6783e-09
   55    133  1.2839e-09  1.7075e-07
   56    134  3.0097e-15  4.0330e-13
   56    135  7.6348e-11  1.0307e-08
   56    136  1.9436e-14  2.6433e-12
   56    137  1.0580e-12  1.4494e-10
   56    138  9.4358e-12  1.3021e-09
   57    139  3.3058e-12  4.5950e-10
   58    140  3.3196e-12  4.6475e-10
   58    142  2.4770e-13  3.5173e-11
   59    141  1.7258e-13  2.4333e-11
   60    142  1.8014e-19  2.5580e-17
   60    143  3.8855e-13  5.5562e-11
   60    144  1.2003e-12  1.7284e-10
   60    145  9.1961e-14  1.3334e-11
   60    146  4.5764e-13  6.6816e-11
   60    148  2.5839e-13  3.8242e-11
   60    150  4.6969e-13  7.0454e-11
   62    147  2.4572e-13  3.6121e-11
   62    148  4.7196e-15  6.9850e-13
   62    149  3.7415e-14  5.5749e-12
   62    150  1.0469e-15  1.5703e-13
   62    152  1.3388e-13  2.0350e-11
   62    154  5.0695e-14  7.8070e-12
   63    151  2.8753e-14  4.3417e-12
   63    153  4.4653e-14  6.8319e-12
   64    154  1.5799e-17  2.4331e-15
   64    155  1.4012e-14  2.1718e-12
   64    156  4.6762e-14  7.2949e-12
   64    157  1.2424e-14  1.9506e-12
   64    158  2.2587e-14  3.5687e-12
   64    160  2.0760e-14  3.3217e-12
   65    159  4.1464e-15  6.5928e-13
   66    160  2.7332e-19  4.3731e-17
   66    161  3.7874e-15  6.0978e-13
   66    162  6.1177e-15  9.9107e-13
   66    163  3.4854e-15  5.6811e-13
   66    164  3.9883e-15  6.5408e-13
   67    165  6.6379e-15  1.0953e-12
   68    166  4.4205e-15  7.3380e-13
   68    167  4.1754e-15  6.9728e-13
   68    168  2.6859e-15  4.5123e-13
   68    170  2.6742e-15  4.5461e-13
   69    169  1.2694e-14  2.1454e-12
   70    170  5.4875e-19  9.3287e-17
   70    171  6.3595e-15  1.0875e-12
   70    172  2.3040e-15  3.9629e-13
   70    173  1.2956e-15  2.2414e-13
   70    174  7.2599e-15  1.2632e-12
   70    176  2.1220e-15  3.7347e-13
   71    175  1.5900e-15  2.7824e-13
   71    176  3.1487e-20  5.5417e-18
   72    177  3.8023e-15  6.7301e-13
   72    178  1.9907e-15  3.5434e-13
   72    179  1.5278e-15  2.7347e-13
   72    180  1.8925e-15  3.4066e-13
   73    181  9.3257e-15  1.6880e-12
   74    182  3.2680e-15  5.9477e-13
   74    183  2.7345e-15  5.0041e-13
   74    184  1.3086e-15  2.4077e-13
   74    186  7.7461e-16  1.4408e-13
   75    185  7.3524e-16  1.3602e-13
   75    187  2.1910e-15  4.0971e-13
   76    187  1.7803e-17  3.3291e-15
   76    188  9.9423e-16  1.8692e-13
   76    189  5.5977e-15  1.0580e-12
   76    190  2.4236e-15  4.6048e-13
   76    192  2.0874e-14  4.0079e-12
   77    191  1.5683e-14  2.9955e-12
   77    193  1.7923e-15  3.4592e-13
   78    192  1.1198e-19  2.1500e-17
   78    194  5.4096e-15  1.0495e-12
   78    195  1.1540e-14  2.2503e-12
   78    196  5.6941e-15  1.1160e-12
   78    198  1.5285e-14  3.0265e-12
   79    197  2.2147e-14  4.3630e-12
   80    198  8.7010e-19  1.7228e-16
   80    199  1.2739e-15  2.5350e-13
   80    200  4.2622e-15  8.5244e-13
   80    201  5.5666e-15  1.1189e-12
   80    202  7.5099e-15  1.5170e-12
   80    204  2.8332e-14  5.7796e-12
   81    203  2.4154e-14  4.9033e-12
   81    205  2.5713e-14  5.2711e-12
   82    206  7.2120e-14  1.4857e-11
   82    208  1.2307e-13  2.5599e-11
   82    210  3.9992e-16  8.3984e-14
   83    209  2.4741e-10  5.1708e-08
   88    228  7.0117e-20  1.5987e-17
   90    232  3.0693e-14  7.1207e-12
   90    234  1.0484e-16  2.4534e-14
   91    231  1.4399e-18  3.3262e-16
   92    235  3.1034e-14  7.2930e-12
   92    236  2.7340e-16  6.4523e-14
   92    238  1.1582e-14  2.7565e-12
   94    240  8.8032e-20  2.1128e-17
   94    244  4.3748e-16  1.0675e-13
   96    247  1.3028e-20  3.2179e-18
   97    246  2.7213e-18  6.6945e-16
  100    258  4.7336e-14  1.2213e-11
  100    260  1.6111e-13  4.1888e-11
  100    262  8.5210e-13  2.2325e-10
  102    261  6.8816e-13  1.7961e-10
  102    263  9.5628e-13  2.5150e-10
  102    264  5.6445e-13  1.4901e-10
  102    266  2.3886e-13  6.3536e-11
  103    265  7.5491e-13  2.0005e-10
  104    267  2.1291e-14  5.6848e-12
  104    268  8.3023e-15  2.2250e-12
  104    270  4.5748e-14  1.2352e-11
  104    272  1.7559e-14  4.7760e-12
  104    274  1.6225e-14  4.4457e-12
  105    269  3.2233e-14  8.6706e-12
  105    271  2.8628e-14  7.7582e-12
  106    273  2.2580e-14  6.1643e-12
  106    275  6.7526e-14  1.8570e-11
  106    276  1.8058e-13  4.9839e-11
  106    278  6.5050e-14  1.8084e-11
  106    280  5.7116e-13  1.5993e-10
  107    277  7.1697e-14  1.9860e-11
  108    279  3.9341e-13  1.0976e-10
  108    281  3.4390e-13  9.6635e-11
  108    282  4.6416e-12  1.3089e-09
  108    283  3.0607e-12  8.6617e-10
  108    284  9.6984e-13  2.7543e-10
  108    286  4.7031e-14  1.3451e-11
  110    285  7.3987e-11  2.1086e-08
  110    286  7.4987e-17  2.1446e-14
  110    287  1.1865e-11  3.4054e-09
  110    288  5.3758e-12  1.5482e-09
  110    290  4.9012e-10  1.4213e-07
  111    289  9.0209e-12  2.6070e-09
  111    290  2.8070e-18  8.1402e-16
  111    291  5.0321e-10  1.4643e-07
  111    292  1.3675e-09  3.9932e-07
  111    293  1.0312e-09  3.0213e-07
  111    294  4.3815e-09  1.2881e-06
  111    295  1.4961e-09  4.4135e-07
  111    296  1.6155e-08  4.7820e-06
  111    297  7.7404e-09  2.2989e-06
  111    298  1.0656e-08  3.1756e-06
  111    299  1.4304e-10  4.2770e-08
  111    300  4.1534e-11  1.2460e-08
  111    301  3.9130e-09  1.1778e-06
  111    302  2.2885e-09  6.9113e-07
  111    303  2.4470e-10  7.4145e-08
  111    304  3.5932e-10  1.0923e-07
  111    305  7.5621e-11  2.3064e-08
  111    306  1.0464e-10  3.2021e-08
  111    307  5.0418e-12  1.5478e-09
  111    308  4.9049e-12  1.5107e-09
  111    309  5.1113e-13  1.5794e-10
  111    310  2.5377e-12  7.8667e-10
  111    311  2.8348e-13  8.8161e-11
  111    312  6.5112e-13  2.0315e-10
  111    313  6.8178e-14  2.1340e-11
  111    314  5.4009e-13  1.6959e-10
  111    315  5.8320e-10  1.8371e-07
  111    316  6.4529e-10  2.0391e-07
  111    317  1.8908e-10  5.9939e-08
  111    318  4.5920e-06  1.4603e-03
  111    319  6.6096e-06  2.1085e-03
  111    320  1.2495e-05  3.9984e-03
  111    321  8.4310e-06  2.7063e-03
  111    322  1.2833e-05  4.1321e-03
  111    323  9.0888e-06  2.9357e-03
  111    324  1.5852e-05  5.1359e-03
  111    325  1.2635e-05  4.1063e-03
  111    326  1.7062e-05  5.5621e-03
  111    327  1.5507e-05  5.0708e-03
  111    328  2.3598e-05  7.7403e-03
  111    329  2.5823e-05  8.4958e-03
  111    330  1.3104e-05  4.3243e-03
  111    331  2.3971e-05  7.9345e-03
  111    332  1.4994e-05  4.9779e-03
  111    333  2.4569e-05  8.1816e-03
  111    334  8.8968e-06  2.9715e-03
  111    335  3.9174e-05  1.3123e-02
  111    336  5.9749e-05  2.0076e-02
  111    337  3.5080e-04  1.1822e-01
    1      1  7.2437e-04  7.2437e-04
    2      4  1.9135e-01  7.6540e-01


