    1      2  2.5544e-03  5.1088e-03
    1      3  1.0726e-19  3.2179e-19
    2      3  5.4799e-05  1.6440e-04
    3      7  2.4513e-11  1.7159e-10
    4      8  5.2128e-07  4.1702e-06
    4      9  1.4065e-11  1.2658e-10
    5     10  4.3276e-10  4.3276e-09
    5     11  1.3043e-09  1.4347e-08
    6     12  1.2746e-09  1.5296e-08
    6     13  3.4193e-09  4.4451e-08
    7     14  1.1187e-06  1.5661e-05
    7     15  9.6798e-07  1.4520e-05
    8     16  2.0889e-06  3.3423e-05
    8     17  1.6523e-08  2.8089e-07
    8     18  6.9396e-07  1.2491e-05
    9     19  7.6557e-08  1.4546e-06
   10     20  1.5564e-06  3.1129e-05
   10     21  4.8033e-08  1.0087e-06
   10     22  2.1443e-06  4.7175e-05
   11     23  8.7968e-07  2.0233e-05
   12     24  6.1542e-06  1.4770e-04
   12     25  1.5513e-06  3.8784e-05
   12     26  2.7633e-06  7.1846e-05
   13     27  2.4439e-08  6.5986e-07
   14     28  8.3487e-07  2.3376e-05
   14     29  8.6509e-08  2.5088e-06
   14     30  1.6385e-08  4.9154e-07
   15     31  2.6534e-08  8.2254e-07
   16     32  3.8561e-07  1.2339e-05
   16     33  3.5883e-08  1.1841e-06
   16     34  3.6231e-07  1.2318e-05
   16     36  1.5783e-06  5.6819e-05
   17     35  1.9185e-08  6.7146e-07
   17     37  9.3421e-08  3.4566e-06
   18     36  1.1426e-13  4.1134e-12
   18     38  5.8154e-07  2.2099e-05
   18     40  3.4452e-09  1.3781e-07
   19     39  1.7464e-08  6.8109e-07
   19     40  4.6495e-18  1.8598e-16
   19     41  2.4978e-10  1.0241e-08
   20     40  1.3359e-18  5.3438e-17
   20     42  2.3734e-09  9.9683e-08
   20     43  3.4938e-10  1.5023e-08
   20     44  4.5513e-09  2.0026e-07
   20     46  2.9442e-09  1.3543e-07
   21     45  9.5472e-10  4.2963e-08
   22     46  1.5114e-16  6.9526e-15
   22     47  5.8829e-10  2.7650e-08
   22     48  5.9115e-08  2.8375e-06
   22     49  1.3881e-09  6.8017e-08
   22     50  1.9684e-09  9.8419e-08
   23     51  3.1742e-10  1.6189e-08
   24     52  5.1560e-10  2.6811e-08
   24     53  2.8079e-10  1.4882e-08
   24     54  4.5152e-10  2.4382e-08
   25     55  1.0832e-10  5.9575e-09
   26     56  1.6936e-10  9.4841e-09
   26     57  2.1027e-10  1.1986e-08
   26     58  1.5592e-09  9.0433e-08
   27     59  1.5165e-11  8.9475e-10
   28     60  5.6897e-09  3.4138e-07
   28     61  1.5605e-11  9.5192e-10
   28     62  1.0736e-10  6.6561e-09
   28     64  3.6855e-09  2.3587e-07
   29     63  3.3449e-10  2.1073e-08
   29     65  1.8080e-11  1.1752e-09
   30     64  6.6888e-19  4.2808e-17
   30     66  1.6836e-10  1.1112e-08
   30     67  2.1811e-11  1.4614e-09
   30     68  2.0332e-10  1.3825e-08
   30     70  3.1625e-10  2.2137e-08
   31     69  1.8143e-11  1.2519e-09
   31     71  3.4731e-11  2.4659e-09
   32     70  1.7999e-13  1.2599e-11
   32     72  1.6730e-10  1.2045e-08
   32     73  4.6561e-11  3.3990e-09
   32     74  4.2990e-10  3.1813e-08
   32     76  8.6065e-10  6.5409e-08
   33     75  1.3903e-10  1.0427e-08
   34     76  1.3229e-12  1.0054e-10
   34     77  2.2963e-11  1.7681e-09
   34     78  5.7208e-10  4.4622e-08
   34     80  2.1978e-09  1.7582e-07
   34     82  2.5020e-09  2.0517e-07
   35     79  1.8620e-10  1.4710e-08
   35     81  2.3159e-10  1.8759e-08
   36     82  8.2013e-12  6.7251e-10
   36     83  6.3254e-11  5.2501e-09
   36     84  3.3501e-10  2.8141e-08
   36     86  1.6172e-09  1.3908e-07
   37     85  3.4209e-10  2.9078e-08
   37     87  5.0903e-10  4.4285e-08
   38     86  2.9571e-17  2.5431e-15
   38     87  3.7266e-12  3.2421e-10
   38     88  5.0299e-10  4.4263e-08
   39     89  5.6438e-10  5.0230e-08
   40     90  4.4973e-10  4.0476e-08
   40     91  1.3614e-10  1.2389e-08
   40     92  2.8836e-10  2.6529e-08
   40     94  4.8999e-10  4.6059e-08
   41     93  3.9021e-10  3.6289e-08
   42     95  1.6031e-10  1.5230e-08
   42     96  1.2095e-09  1.1611e-07
   42     97  1.7645e-10  1.7116e-08
   42     98  3.8551e-10  3.7780e-08
   42    100  3.3764e-10  3.3764e-08
   44     99  1.1166e-10  1.1054e-08
   44    100  3.8390e-11  3.8390e-09
   44    101  5.1192e-11  5.1704e-09
   44    102  1.3320e-10  1.3587e-08
   44    104  1.1158e-10  1.1604e-08
   45    103  5.4209e-11  5.5835e-09
   46    104  9.2056e-16  9.5738e-14
   46    105  6.0697e-11  6.3731e-09
   46    106  1.1753e-10  1.2458e-08
   46    108  1.5989e-10  1.7268e-08
   46    110  2.4499e-10  2.6949e-08
   47    107  4.7156e-11  5.0457e-09
   47    109  4.1202e-11  4.4910e-09
   48    110  2.7272e-13  2.9999e-11
   48    111  4.0050e-11  4.4456e-09
   48    112  8.6220e-11  9.6566e-09
   48    113  6.7097e-11  7.5820e-09
   48    114  2.2392e-10  2.5527e-08
   48    116  1.9240e-10  2.2319e-08
   49    113  2.9530e-18  3.3369e-16
   49    115  1.4239e-10  1.6374e-08
   50    115  1.1360e-16  1.3064e-14
   50    116  4.0118e-12  4.6537e-10
   50    117  2.4370e-11  2.8513e-09
   50    118  1.5854e-10  1.8707e-08
   50    119  6.4340e-11  7.6565e-09
   50    120  3.5699e-10  4.2839e-08
   50    122  6.7647e-10  8.2529e-08
   50    124  6.5422e-10  8.1123e-08
   51    121  9.8687e-11  1.1941e-08
   51    123  2.2670e-11  2.7884e-09
   52    122  1.7059e-13  2.0812e-11
   52    124  2.3744e-14  2.9443e-12
   52    125  2.0061e-10  2.5076e-08
   52    126  1.3828e-09  1.7424e-07
   52    128  8.7457e-10  1.1194e-07
   52    130  1.0490e-09  1.3637e-07
   53    127  6.4953e-11  8.2491e-09
   53    129  1.1936e-16  1.5397e-14
   54    128  1.0049e-14  1.2862e-12
   54    129  3.1607e-10  4.0773e-08
   54    130  1.2117e-12  1.5752e-10
   54    131  2.7318e-09  3.5787e-07
   54    132  1.2041e-08  1.5894e-06
   54    134  3.9828e-08  5.3369e-06
   54    136  1.3218e-08  1.7977e-06
   55    133  1.1390e-08  1.5148e-06
   56    134  3.1289e-13  4.1927e-11
   56    135  1.8313e-08  2.4722e-06
   56    136  2.4580e-11  3.3429e-09
   56    137  4.1605e-10  5.6999e-08
   56    138  7.9318e-10  1.0946e-07
   57    139  7.8134e-10  1.0861e-07
   58    140  2.1174e-09  2.9643e-07
   58    142  8.6444e-11  1.2275e-08
   59    141  1.6196e-10  2.2837e-08
   60    142  7.9524e-16  1.1292e-13
   60    143  1.2860e-10  1.8390e-08
   60    144  3.3740e-10  4.8585e-08
   60    145  3.2644e-11  4.7335e-09
   60    146  7.5423e-11  1.1012e-08
   60    148  1.5477e-10  2.2905e-08
   60    150  1.8383e-10  2.7574e-08
   62    147  1.0128e-10  1.4889e-08
   62    148  5.4307e-12  8.0374e-10
   62    149  9.4979e-12  1.4152e-09
   62    150  1.0110e-12  1.5166e-10
   62    152  4.2233e-11  6.4195e-09
   62    154  4.2239e-11  6.5047e-09
   63    151  1.1015e-11  1.6633e-09
   63    153  2.2542e-11  3.4489e-09
   64    152  2.7428e-20  4.1691e-18
   64    154  2.1125e-14  3.2533e-12
   64    155  5.5175e-12  8.5521e-10
   64    156  1.7555e-11  2.7387e-09
   64    157  4.3455e-12  6.8225e-10
   64    158  7.8230e-12  1.2360e-09
   64    160  2.3105e-11  3.6969e-09
   65    159  1.7213e-12  2.7368e-10
   66    160  4.9111e-16  7.8578e-14
   66    161  1.3037e-12  2.0990e-10
   66    162  4.0270e-12  6.5238e-10
   66    163  1.5638e-12  2.5491e-10
   66    164  3.7170e-12  6.0959e-10
   67    165  3.3934e-12  5.5991e-10
   68    166  6.1912e-12  1.0277e-09
   68    167  3.9745e-12  6.6374e-10
   68    168  4.0514e-12  6.8064e-10
   68    170  6.1301e-12  1.0421e-09
   69    169  1.1760e-11  1.9875e-09
   70    170  1.7356e-15  2.9505e-13
   70    171  3.7877e-12  6.4769e-10
   70    172  1.7314e-12  2.9779e-10
   70    173  1.2227e-12  2.1152e-10
   70    174  1.0335e-11  1.7982e-09
   70    176  6.3029e-12  1.1093e-09
   71    175  2.7344e-12  4.7852e-10
   71    176  4.3605e-16  7.6745e-14
   72    176  4.0816e-18  7.1837e-16
   72    177  2.9518e-12  5.2246e-10
   72    178  2.7248e-12  4.8501e-10
   72    179  2.6219e-12  4.6932e-10
   72    180  4.7033e-12  8.4659e-10
   73    181  2.8507e-11  5.1597e-09
   74    182  1.5117e-11  2.7513e-09
   74    183  1.9882e-12  3.6385e-10
   74    184  9.5482e-13  1.7569e-10
   74    186  9.9449e-13  1.8498e-10
   75    185  6.1345e-13  1.1349e-10
   75    187  2.0894e-12  3.9071e-10
   76    186  1.7410e-18  3.2382e-16
   76    187  1.6977e-14  3.1748e-12
   76    188  9.1633e-13  1.7227e-10
   76    189  4.1915e-12  7.9220e-10
   76    190  3.5686e-12  6.7803e-10
   76    192  4.0513e-11  7.7784e-09
   77    191  7.1141e-12  1.3588e-09
   77    193  3.5031e-12  6.7609e-10
   78    192  2.4793e-16  4.7603e-14
   78    194  1.1633e-11  2.2567e-09
   78    195  7.1048e-12  1.3854e-09
   78    196  7.9539e-12  1.5590e-09
   78    198  3.5369e-11  7.0031e-09
   79    197  1.3023e-11  2.5656e-09
   80    198  3.7337e-15  7.3926e-13
   80    199  2.5606e-12  5.0956e-10
   80    200  6.8369e-12  1.3674e-09
   80    201  4.4885e-12  9.0219e-10
   80    202  8.8609e-12  1.7899e-09
   80    204  3.2821e-11  6.6955e-09
   80    206  5.4135e-20  1.1152e-17
   81    203  1.0021e-11  2.0343e-09
   81    205  3.0400e-11  6.2320e-09
   82    204  6.7683e-18  1.3807e-15
   82    206  1.1053e-10  2.2770e-08
   82    207  3.7920e-10  7.8495e-08
   82    208  1.3485e-10  2.8049e-08
   82    210  1.8251e-18  3.8328e-16
   83    209  3.8815e-10  8.1123e-08
   83    210  9.6706e-14  2.0308e-11
   83    212  1.6163e-13  3.4266e-11
   84    215  2.5767e-12  5.5398e-10
   86    220  5.4173e-14  1.1918e-11
   88    226  2.0652e-18  4.6674e-16
   88    228  5.0014e-17  1.1403e-14
   89    227  7.3242e-19  1.6626e-16
   90    230  9.7334e-17  2.2387e-14
   90    232  2.1893e-11  5.0791e-09
   91    231  1.0981e-15  2.5365e-13
   92    234  3.1694e-16  7.4165e-14
   92    235  2.3666e-11  5.5615e-09
   92    236  1.0862e-13  2.5635e-11
   92    238  5.7659e-12  1.3723e-09
   94    239  1.6779e-20  4.0102e-18
   94    240  2.1494e-17  5.1585e-15
   94    244  2.6163e-13  6.3837e-11
   96    247  1.0826e-17  2.6740e-15
   97    246  1.2631e-15  3.1071e-13
  100    258  4.8995e-11  1.2641e-08
  100    260  2.3980e-10  6.2348e-08
  100    262  1.1906e-09  3.1195e-07
  102    260  2.0239e-19  5.2621e-17
  102    261  7.6208e-10  1.9890e-07
  102    263  1.4354e-09  3.7752e-07
  102    264  8.4218e-10  2.2234e-07
  102    266  2.3757e-10  6.3194e-08
  103    265  6.8836e-10  1.8241e-07
  104    267  2.7516e-11  7.3468e-09
  104    268  9.9048e-12  2.6545e-09
  104    270  3.4512e-11  9.3182e-09
  104    272  1.3211e-11  3.5934e-09
  104    274  1.2139e-11  3.3261e-09
  105    269  2.8220e-11  7.5911e-09
  105    271  2.0936e-11  5.6736e-09
  106    273  1.6666e-11  4.5497e-09
  106    275  4.8407e-11  1.3312e-08
  106    276  1.2197e-10  3.3664e-08
  106    278  3.7546e-11  1.0438e-08
  106    280  2.3018e-10  6.4450e-08
  107    277  4.6742e-11  1.2948e-08
  108    279  1.7933e-10  5.0034e-08
  108    281  1.5180e-10  4.2655e-08
  108    282  7.8358e-10  2.2097e-07
  108    283  4.7683e-10  1.3494e-07
  108    284  1.5042e-11  4.2720e-09
  108    286  4.9340e-13  1.4111e-10
  110    285  3.8427e-10  1.0952e-07
  110    286  4.6202e-15  1.3214e-12
  110    287  8.3658e-13  2.4010e-10
  110    288  2.0469e-13  5.8952e-11
  110    290  1.7399e-12  5.0457e-10
  111    289  2.0943e-13  6.0526e-11
  111    290  6.3707e-19  1.8475e-16
  111    291  3.8651e-12  1.1247e-09
  111    292  3.1961e-11  9.3326e-09
  111    293  3.2605e-11  9.5532e-09
  111    294  9.8906e-10  2.9078e-07
  111    295  5.9532e-10  1.7562e-07
  111    296  3.5624e-08  1.0545e-05
  111    297  4.6804e-08  1.3901e-05
  111    298  4.5429e-07  1.3538e-04
  111    299  1.6843e-09  5.0360e-07
  111    300  3.1949e-10  9.5847e-08
  111    301  3.3584e-08  1.0109e-05
  111    302  1.9949e-08  6.0245e-06
  111    303  2.4037e-09  7.2832e-07
  111    304  3.3783e-09  1.0270e-06
  111    305  7.3510e-10  2.2420e-07
  111    306  9.5645e-10  2.9267e-07
  111    307  5.5565e-11  1.7059e-08
  111    308  4.7073e-11  1.4498e-08
  111    309  5.4117e-12  1.6722e-09
  111    310  2.5725e-11  7.9748e-09
  111    311  3.0516e-12  9.4904e-10
  111    312  6.2959e-12  1.9643e-09
  111    313  6.8734e-13  2.1514e-10
  111    314  5.0478e-12  1.5850e-09
  111    315  3.7244e-09  1.1732e-06
  111    316  1.9189e-09  6.0637e-07
  111    317  4.2900e-10  1.3599e-07
  111    318  6.1279e-07  1.9487e-04
  111    319  1.8929e-07  6.0385e-05
  111    320  2.7740e-07  8.8769e-05
  111    321  4.4156e-07  1.4174e-04
  111    322  4.2959e-07  1.3833e-04
  111    323  3.3709e-07  1.0888e-04
  111    324  4.1527e-07  1.3455e-04
  111    325  4.0240e-07  1.3078e-04
  111    326  5.3696e-07  1.7505e-04
  111    327  3.6880e-07  1.2060e-04
  111    328  3.9384e-07  1.2918e-04
  111    329  3.3256e-07  1.0941e-04
  111    330  2.5952e-07  8.5641e-05
  111    331  3.0922e-07  1.0235e-04
  111    332  3.1740e-07  1.0538e-04
  111    333  2.8623e-07  9.5313e-05
  111    334  9.1002e-08  3.0395e-05
  111    335  3.9192e-07  1.3129e-04
  111    336  1.0213e-06  3.4317e-04
  111    337  4.9966e-04  1.6839e-01
    1      1  4.3528e-02  4.3528e-02
    2      4  1.9490e-01  7.7960e-01


