1  7.1609e-11
2  8.4800e-17
3  1.5214e-22
4  7.0369e-02
5  0.0000e+00
6  2.6984e-20
7  9.4243e-22
8  9.5801e-21
9  1.8120e-19
10  5.0961e-20
11  4.7243e-23
12  5.0223e-08
13  1.5074e-14
14  4.9948e-19
15  2.0100e-17
16  1.4413e-09
17  1.6269e-16
18  3.6808e-18
19  5.1608e-18
20  1.3566e-09
21  3.7485e-15
22  1.3301e-18
23  1.8912e-13
24  8.2870e-10
25  1.1192e-10
26  1.3051e-10
27  7.0674e-11
28  4.8967e-10
29  4.9143e-10
30  1.3147e-09
31  1.0601e-09
32  3.8694e-09
33  1.5599e-09
34  6.3689e-09
35  9.5194e-10
36  1.6850e-09
37  2.8750e-09
38  5.1078e-09
39  8.7774e-10
40  7.4470e-11
41  1.1607e-10
42  5.7584e-08
43  1.1500e-09
44  2.1598e-09
45  8.3490e-10
46  2.7607e-09
47  4.4345e-08
48  2.0075e-07
49  7.9651e-09
50  1.3040e-08
51  1.2333e-07
52  1.5413e-06
53  1.3433e-07
54  6.9315e-08
55  2.5394e-09
56  1.6452e-06
57  6.7107e-08
58  5.5043e-07
59  5.8836e-07
60  1.3366e-07
61  5.5442e-08
62  7.2932e-08
63  4.1746e-07
64  1.5857e-06
65  1.0076e-06
66  4.2462e-07
67  4.0475e-07
68  1.2678e-08
69  3.9381e-08
70  8.2099e-08
71  9.8280e-08
72  8.5264e-07
73  2.6182e-06
74  6.9186e-07
75  7.8484e-07
76  2.7522e-06
77  5.7169e-06
78  8.2439e-06
79  4.6192e-06
80  2.5514e-05
81  1.3980e-06
82  3.7411e-07
83  5.7614e-06
84  2.8999e-05
85  3.0782e-06
86  8.3063e-07
87  1.0311e-05
88  2.3696e-04
89  1.7893e-05
90  1.6485e-05
91  4.6706e-05
92  2.5705e-05
93  4.0735e-05
94  1.0237e-03
95  3.1008e-05
96  1.4858e-04
97  6.4330e-05
98  4.7463e-05
99  3.3282e-04
100  1.8868e-04
101  2.8535e-04
102  1.8456e-03
103  2.8601e-04
104  5.4859e-04
105  3.2940e-04
106  1.5610e-04
107  1.0872e-04
108  5.6358e-04
109  1.4849e-04
110  9.1361e-05
111  2.5445e-05
112  1.2927e-04
113  2.6093e-05
114  7.8540e-05
115  2.2219e-05
116  2.9203e-05
117  2.5152e-05
118  3.3600e-06
119  8.0839e-07
120  2.1045e-06
121  5.9626e-06
122  1.1731e-05
123  3.0852e-06
124  4.6865e-06
125  5.8396e-06
126  5.5316e-06
127  6.3673e-06
128  9.0228e-06
129  2.3047e-06
130  3.7276e-07
131  1.3935e-08
132  7.5741e-10
133  1.4665e-12
134  9.2181e-15
135  1.7400e-16
136  6.4122e-15
137  3.1452e-17
138  3.4070e-17
139  4.8930e-18
140  5.7280e-19
141  2.8002e-20
142  3.3646e-19
143  3.2260e-21
144  8.5343e-21
145  3.2103e-21
146  4.4719e-22
147  8.8708e-23
148  8.9235e-24
149  4.8706e-24
150  1.2679e-22
151  4.6717e-23
152  3.8006e-23
153  1.0376e-23
154  6.4018e-24
155  2.9127e-24
156  4.7723e-25
157  5.8707e-25
158  0.0000e+00
159  0.0000e+00
160  0.0000e+00
161  0.0000e+00
162  0.0000e+00
163  0.0000e+00
164  0.0000e+00
165  0.0000e+00
166  0.0000e+00
167  0.0000e+00
168  0.0000e+00
169  0.0000e+00
170  0.0000e+00
171  0.0000e+00
172  0.0000e+00
173  0.0000e+00
174  0.0000e+00
175  0.0000e+00
176  0.0000e+00
177  0.0000e+00
178  0.0000e+00
179  0.0000e+00
180  0.0000e+00
181  0.0000e+00
182  0.0000e+00
183  0.0000e+00
184  0.0000e+00
185  0.0000e+00
186  0.0000e+00
187  0.0000e+00
188  0.0000e+00
189  0.0000e+00
190  0.0000e+00
191  0.0000e+00
192  0.0000e+00
193  0.0000e+00
194  0.0000e+00
195  0.0000e+00
196  0.0000e+00
197  0.0000e+00
198  0.0000e+00
199  0.0000e+00
200  0.0000e+00
201  0.0000e+00
202  0.0000e+00
203  0.0000e+00
204  0.0000e+00
205  0.0000e+00
206  0.0000e+00
207  0.0000e+00
208  0.0000e+00
209  0.0000e+00
210  0.0000e+00
211  0.0000e+00
212  0.0000e+00
213  0.0000e+00
214  0.0000e+00
215  0.0000e+00
216  0.0000e+00
217  0.0000e+00
218  0.0000e+00
219  0.0000e+00
220  0.0000e+00
221  0.0000e+00
222  0.0000e+00
223  0.0000e+00
224  0.0000e+00
225  0.0000e+00
226  0.0000e+00
227  0.0000e+00
228  0.0000e+00
229  0.0000e+00
230  0.0000e+00
231  0.0000e+00
232  0.0000e+00
233  0.0000e+00
234  0.0000e+00
235  0.0000e+00
236  0.0000e+00
237  0.0000e+00
238  0.0000e+00
239  0.0000e+00
240  0.0000e+00
241  0.0000e+00
242  0.0000e+00
243  0.0000e+00
244  0.0000e+00
245  0.0000e+00
246  0.0000e+00
247  0.0000e+00
248  0.0000e+00
249  0.0000e+00
250  0.0000e+00
251  0.0000e+00
252  0.0000e+00
253  0.0000e+00
254  0.0000e+00
255  0.0000e+00
256  0.0000e+00
257  0.0000e+00
258  0.0000e+00
259  0.0000e+00
260  0.0000e+00
261  0.0000e+00
262  0.0000e+00
263  0.0000e+00
264  0.0000e+00
265  0.0000e+00
266  0.0000e+00
267  0.0000e+00
268  0.0000e+00
269  0.0000e+00
270  0.0000e+00
271  0.0000e+00
272  0.0000e+00
273  0.0000e+00
274  0.0000e+00
275  0.0000e+00
276  0.0000e+00
277  0.0000e+00
278  0.0000e+00
279  0.0000e+00
280  0.0000e+00
281  0.0000e+00
282  0.0000e+00
283  0.0000e+00
284  0.0000e+00
285  0.0000e+00
286  0.0000e+00
287  0.0000e+00
288  0.0000e+00
289  0.0000e+00
290  0.0000e+00
291  0.0000e+00
292  0.0000e+00
293  0.0000e+00
294  0.0000e+00
295  0.0000e+00
296  0.0000e+00
297  0.0000e+00
298  0.0000e+00
299  0.0000e+00
300  0.0000e+00
301  0.0000e+00
302  0.0000e+00
303  0.0000e+00
304  0.0000e+00
305  0.0000e+00
306  0.0000e+00
307  0.0000e+00
308  0.0000e+00
309  0.0000e+00
310  0.0000e+00
311  0.0000e+00
312  0.0000e+00
313  0.0000e+00
314  0.0000e+00
315  0.0000e+00
316  0.0000e+00
317  0.0000e+00
318  0.0000e+00
319  0.0000e+00
320  0.0000e+00
321  0.0000e+00
322  0.0000e+00
323  0.0000e+00
324  0.0000e+00
325  0.0000e+00
326  0.0000e+00
327  0.0000e+00
328  0.0000e+00
329  0.0000e+00
330  0.0000e+00
331  0.0000e+00
332  0.0000e+00
333  0.0000e+00
334  0.0000e+00
335  0.0000e+00
336  0.0000e+00
337  0.0000e+00

