    1      2  1.3726e-08  2.7452e-08
    2      3  9.5283e-10  2.8585e-09
    3      6  4.4131e-11  2.6479e-10
    3      7  3.1693e-09  2.2185e-08
    4      8  9.9523e-08  7.9619e-07
    4      9  4.8990e-08  4.4091e-07
    5     10  5.7990e-07  5.7990e-06
    5     11  1.8706e-09  2.0577e-08
    6     12  2.0456e-08  2.4548e-07
    6     13  5.8083e-08  7.5508e-07
    7     14  8.4067e-08  1.1769e-06
    7     15  2.1639e-05  3.2458e-04
    8     16  6.8369e-07  1.0939e-05
    8     17  2.8466e-08  4.8392e-07
    8     18  1.5928e-07  2.8670e-06
    9     19  1.6868e-06  3.2050e-05
   10     20  2.4395e-06  4.8791e-05
   10     21  1.2328e-06  2.5888e-05
   10     22  4.5696e-09  1.0053e-07
   11     23  7.2646e-07  1.6709e-05
   12     24  6.4567e-07  1.5496e-05
   12     25  3.6928e-07  9.2320e-06
   12     26  1.1643e-07  3.0272e-06
   13     26  5.6924e-20  1.4800e-18
   13     27  1.0852e-07  2.9301e-06
   14     28  2.2044e-07  6.1722e-06
   14     29  9.7117e-08  2.8164e-06
   14     30  1.0995e-07  3.2984e-06
   15     31  1.1086e-07  3.4367e-06
   16     32  1.1565e-07  3.7007e-06
   16     33  1.7397e-07  5.7409e-06
   16     34  1.6746e-07  5.6938e-06
   16     36  3.0136e-08  1.0849e-06
   17     35  4.7887e-09  1.6760e-07
   17     37  4.1614e-08  1.5397e-06
   18     36  2.7237e-19  9.8055e-18
   18     38  5.6690e-08  2.1542e-06
   18     40  1.6635e-08  6.6540e-07
   19     39  1.6728e-08  6.5238e-07
   19     41  9.0570e-08  3.7134e-06
   20     42  1.1636e-07  4.8870e-06
   20     43  1.5075e-08  6.4824e-07
   20     44  7.5643e-08  3.3283e-06
   20     46  1.7441e-08  8.0227e-07
   21     45  5.4495e-08  2.4523e-06
   22     46  1.1091e-18  5.1018e-17
   22     47  4.1916e-08  1.9701e-06
   22     48  4.7384e-08  2.2744e-06
   22     49  5.7160e-09  2.8008e-07
   22     50  2.1201e-08  1.0601e-06
   23     51  4.6928e-08  2.3933e-06
   24     52  7.6683e-08  3.9875e-06
   24     53  4.5133e-08  2.3920e-06
   24     54  1.7595e-08  9.5011e-07
   25     55  1.2898e-08  7.0939e-07
   26     56  5.2782e-08  2.9558e-06
   26     57  6.4100e-08  3.6537e-06
   26     58  5.6246e-10  3.2623e-08
   27     59  9.5981e-10  5.6628e-08
   28     60  1.9101e-09  1.1460e-07
   28     61  1.3395e-09  8.1711e-08
   28     62  6.8959e-09  4.2754e-07
   28     64  1.2339e-08  7.8969e-07
   29     63  2.7635e-07  1.7410e-05
   29     65  5.7619e-08  3.7453e-06
   30     64  1.1749e-19  7.5194e-18
   30     66  1.1780e-07  7.7749e-06
   30     67  2.4467e-07  1.6393e-05
   30     68  3.3138e-08  2.2534e-06
   30     70  5.2535e-08  3.6775e-06
   31     69  9.8923e-09  6.8257e-07
   31     71  2.1707e-08  1.5412e-06
   32     70  6.2905e-15  4.4034e-13
   32     72  6.2883e-08  4.5275e-06
   32     73  5.6894e-08  4.1532e-06
   32     74  3.9629e-07  2.9326e-05
   32     76  6.3402e-07  4.8186e-05
   33     75  1.3837e-06  1.0378e-04
   34     76  2.1693e-12  1.6486e-10
   34     77  1.5632e-06  1.2036e-04
   34     78  1.2467e-06  9.7239e-05
   34     80  2.2305e-06  1.7844e-04
   34     82  4.6215e-07  3.7896e-05
   35     79  8.5341e-07  6.7419e-05
   35     81  3.1547e-07  2.5553e-05
   36     82  2.8951e-12  2.3740e-10
   36     83  5.1505e-07  4.2749e-05
   36     84  2.2977e-07  1.9301e-05
   36     86  1.4736e-07  1.2673e-05
   37     85  1.0387e-07  8.8292e-06
   37     87  1.7153e-07  1.4923e-05
   38     86  1.3650e-18  1.1739e-16
   38     87  1.2560e-09  1.0927e-07
   38     88  1.8517e-07  1.6295e-05
   39     89  1.7036e-07  1.5162e-05
   40     90  1.9436e-07  1.7492e-05
   40     91  2.2521e-07  2.0494e-05
   40     92  3.0028e-07  2.7625e-05
   40     94  3.8971e-07  3.6632e-05
   41     93  6.5038e-07  6.0486e-05
   42     95  3.4152e-07  3.2445e-05
   42     96  1.0777e-07  1.0346e-05
   42     97  2.1002e-07  2.0372e-05
   42     98  9.2635e-08  9.0782e-06
   42    100  1.2690e-07  1.2690e-05
   44     99  8.2720e-08  8.1892e-06
   44    100  1.8291e-14  1.8291e-12
   44    101  3.6874e-08  3.7242e-06
   44    102  1.0815e-07  1.1031e-05
   44    104  6.8719e-08  7.1468e-06
   45    103  1.4576e-07  1.5013e-05
   46    104  8.4291e-16  8.7663e-14
   46    105  1.1414e-07  1.1985e-05
   46    106  1.0128e-07  1.0736e-05
   46    108  1.6422e-07  1.7736e-05
   46    110  3.5037e-07  3.8540e-05
   47    107  2.1751e-07  2.3273e-05
   47    109  2.6278e-07  2.8643e-05
   48    110  1.8581e-13  2.0440e-11
   48    111  3.5788e-08  3.9724e-06
   48    112  1.3356e-07  1.4959e-05
   48    113  1.5517e-07  1.7534e-05
   48    114  1.8852e-07  2.1491e-05
   48    116  6.0722e-09  7.0437e-07
   49    113  6.8291e-15  7.7169e-13
   49    115  1.6790e-07  1.9308e-05
   50    115  1.3396e-13  1.5405e-11
   50    116  2.7682e-15  3.2111e-13
   50    117  3.6398e-08  4.2585e-06
   50    118  2.1737e-08  2.5650e-06
   50    119  1.5159e-08  1.8040e-06
   50    120  6.3008e-08  7.5610e-06
   50    122  1.2635e-07  1.5414e-05
   50    124  1.7872e-06  2.2161e-04
   51    121  2.2961e-07  2.7783e-05
   51    123  3.5996e-07  4.4275e-05
   52    122  7.8856e-14  9.6204e-12
   52    124  1.2291e-15  1.5241e-13
   52    125  1.4631e-06  1.8289e-04
   52    126  3.1500e-06  3.9690e-04
   52    128  4.3569e-06  5.5768e-04
   52    130  1.3562e-06  1.7631e-04
   53    127  3.2113e-06  4.0784e-04
   53    129  1.2966e-14  1.6726e-12
   54    128  1.9917e-17  2.5494e-15
   54    129  5.5285e-06  7.1317e-04
   54    130  9.1376e-14  1.1879e-11
   54    131  1.0859e-06  1.4226e-04
   54    132  1.8387e-06  2.4271e-04
   54    134  8.1798e-07  1.0961e-04
   54    136  1.0910e-06  1.4838e-04
   55    133  7.8403e-07  1.0428e-04
   56    134  6.5583e-18  8.7881e-16
   56    135  5.4338e-07  7.3357e-05
   56    136  7.0599e-16  9.6014e-14
   56    137  5.9597e-07  8.1648e-05
   56    138  6.9659e-07  9.6129e-05
   57    139  1.2565e-07  1.7465e-05
   58    140  6.7567e-07  9.4594e-05
   58    142  6.0146e-07  8.5407e-05
   59    141  4.7221e-07  6.6582e-05
   60    142  1.0862e-18  1.5424e-16
   60    143  2.0872e-07  2.9847e-05
   60    144  4.3369e-07  6.2451e-05
   60    145  1.0522e-07  1.5258e-05
   60    146  2.9891e-07  4.3641e-05
   60    148  2.3767e-07  3.5175e-05
   60    150  6.4939e-08  9.7408e-06
   62    147  4.5078e-07  6.6265e-05
   62    148  1.7230e-15  2.5500e-13
   62    149  5.0682e-08  7.5516e-06
   62    150  6.5096e-13  9.7644e-11
   62    152  1.6089e-07  2.4455e-05
   62    154  1.8247e-07  2.8100e-05
   63    151  3.9695e-08  5.9940e-06
   63    153  1.2617e-07  1.9305e-05
   64    154  2.9984e-14  4.6176e-12
   64    155  6.7455e-07  1.0456e-04
   64    156  1.2581e-07  1.9626e-05
   64    157  1.5653e-07  2.4575e-05
   64    158  1.7262e-07  2.7273e-05
   64    160  2.7121e-07  4.3393e-05
   65    159  1.3543e-07  2.1534e-05
   66    160  1.6582e-14  2.6531e-12
   66    161  2.4830e-07  3.9976e-05
   66    162  1.1168e-07  1.8092e-05
   66    163  1.0579e-07  1.7244e-05
   66    164  2.3687e-07  3.8847e-05
   67    165  2.4450e-07  4.0342e-05
   68    166  2.7594e-07  4.5806e-05
   68    167  4.1704e-07  6.9645e-05
   68    168  3.4732e-07  5.8350e-05
   68    170  3.8283e-07  6.5081e-05
   69    169  1.0373e-06  1.7530e-04
   70    170  2.0676e-14  3.5148e-12
   70    171  3.4146e-07  5.8389e-05
   70    172  2.0540e-07  3.5330e-05
   70    173  2.6102e-07  4.5156e-05
   70    174  8.0502e-07  1.4007e-04
   70    176  1.1785e-06  2.0742e-04
   71    175  2.5502e-07  4.4628e-05
   71    176  2.9230e-15  5.1445e-13
   72    176  2.7367e-17  4.8166e-15
   72    177  9.8334e-07  1.7405e-04
   72    178  3.4942e-07  6.2196e-05
   72    179  2.0669e-07  3.6997e-05
   72    180  4.6519e-07  8.3734e-05
   73    181  5.7053e-07  1.0327e-04
   74    182  9.7292e-07  1.7707e-04
   74    183  4.3053e-07  7.8787e-05
   74    184  5.7831e-07  1.0641e-04
   74    186  7.7700e-07  1.4452e-04
   75    185  3.0168e-07  5.5811e-05
   75    187  2.9456e-07  5.5083e-05
   76    186  4.5540e-17  8.4704e-15
   76    187  2.3940e-09  4.4767e-07
   76    188  8.2121e-07  1.5439e-04
   76    189  2.7058e-07  5.1139e-05
   76    190  1.9647e-06  3.7330e-04
   76    192  4.6777e-06  8.9811e-04
   77    191  6.1782e-06  1.1800e-03
   77    193  3.9682e-06  7.6587e-04
   78    192  7.4699e-14  1.4342e-11
   78    194  1.2135e-05  2.3541e-03
   78    195  1.0718e-05  2.0900e-03
   78    196  1.1948e-05  2.3418e-03
   78    198  7.5374e-06  1.4924e-03
   79    197  1.2154e-05  2.3943e-03
   80    198  7.3230e-13  1.4500e-10
   80    199  3.9829e-06  7.9260e-04
   80    200  2.2106e-06  4.4211e-04
   80    201  8.6780e-07  1.7443e-04
   80    202  2.6337e-07  5.3201e-05
   80    204  8.6941e-07  1.7736e-04
   81    203  1.7032e-07  3.4574e-05
   81    205  4.9464e-07  1.0140e-04
   81    207  5.6389e-19  1.1673e-16
   82    204  8.6669e-17  1.7681e-14
   82    206  4.2998e-05  8.8576e-03
   82    207  4.8823e-05  1.0106e-02
   82    208  3.0128e-05  6.2667e-03
   82    210  1.9470e-13  4.0888e-11
   82    211  4.2906e-18  9.0531e-16
   82    212  4.7544e-18  1.0079e-15
   82    214  4.4710e-19  9.5680e-17
   83    209  7.4299e-05  1.5529e-02
   83    210  1.2027e-16  2.5256e-14
   83    211  2.5387e-19  5.3567e-17
   83    212  4.5075e-19  9.5560e-17
   83    214  3.3053e-19  7.0734e-17
   84    210  3.3207e-15  6.9735e-13
   84    218  5.1630e-20  1.1255e-17
   86    222  9.1664e-17  2.0349e-14
   87    223  3.6022e-20  8.0328e-18
   88    223  1.9534e-15  4.3561e-13
   88    224  3.8981e-17  8.7316e-15
   88    226  1.4026e-11  3.1699e-09
   88    228  2.2468e-14  5.1228e-12
   89    227  1.3584e-12  3.0836e-10
   89    228  2.7436e-18  6.2554e-16
   90    227  3.1395e-15  7.1267e-13
   90    228  7.4858e-15  1.7068e-12
   90    230  6.6104e-10  1.5204e-07
   90    231  1.8170e-16  4.1974e-14
   90    232  5.4868e-05  1.2729e-02
   90    234  5.7770e-16  1.3518e-13
   91    231  2.0365e-09  4.7044e-07
   91    234  6.6936e-18  1.5663e-15
   92    234  2.1525e-09  5.0369e-07
   92    235  4.3893e-05  1.0315e-02
   92    236  2.0104e-07  4.7446e-05
   92    238  3.9159e-05  9.3199e-03
   92    240  9.7554e-18  2.3413e-15
   93    240  7.1242e-19  1.7098e-16
   94    239  1.5807e-16  3.7780e-14
   94    240  3.9801e-11  9.5522e-09
   94    244  4.8447e-07  1.1821e-04
   95    243  4.8323e-17  1.1743e-14
   96    244  1.3149e-16  3.2083e-14
   96    247  1.0199e-13  2.5192e-11
   97    246  8.0133e-09  1.9713e-06
  100    258  1.6514e-05  4.2605e-03
  100    260  2.8327e-05  7.3650e-03
  100    262  3.5417e-05  9.2791e-03
  102    260  3.0391e-16  7.9018e-14
  102    261  2.6662e-05  6.9587e-03
  102    263  3.0949e-05  8.1397e-03
  102    264  5.2306e-05  1.3809e-02
  102    266  4.5697e-05  1.2155e-02
  103    265  3.8484e-05  1.0198e-02
  104    267  2.8274e-05  7.5492e-03
  104    268  1.9731e-05  5.2879e-03
  104    270  5.2917e-05  1.4288e-02
  104    272  1.7980e-05  4.8907e-03
  104    274  1.0784e-05  2.9549e-03
  105    269  5.6117e-05  1.5096e-02
  105    271  1.8797e-05  5.0941e-03
  106    273  1.4612e-05  3.9890e-03
  106    274  8.5984e-18  2.3560e-15
  106    275  1.8492e-06  5.0852e-04
  106    276  2.6538e-06  7.3245e-04
  106    278  2.6236e-06  7.2935e-04
  106    280  1.0854e-06  3.0391e-04
  107    277  6.4336e-07  1.7821e-04
  108    279  2.2031e-06  6.1467e-04
  108    281  1.1645e-06  3.2722e-04
  108    282  1.3545e-05  3.8198e-03
  108    283  2.3042e-06  6.5210e-04
  108    284  7.5169e-06  2.1348e-03
  108    286  5.7729e-06  1.6510e-03
  110    285  2.5063e-07  7.1429e-05
  110    286  1.3041e-16  3.7297e-14
  110    287  7.6650e-06  2.1999e-03
  110    288  1.7861e-06  5.1439e-04
  110    290  6.2807e-06  1.8214e-03
  111    289  1.6686e-06  4.8222e-04
  111    290  1.0245e-15  2.9711e-13
  111    291  6.0622e-11  1.7641e-08
  111    292  1.0483e-05  3.0610e-03
  111    293  8.4289e-07  2.4697e-04
  111    294  9.5717e-07  2.8141e-04
  111    295  1.9320e-07  5.6995e-05
  111    296  6.2262e-08  1.8429e-05
  111    297  4.4555e-08  1.3233e-05
  111    298  1.1223e-09  3.3443e-07
  111    299  1.1228e-11  3.3570e-09
  111    300  1.2814e-10  3.8442e-08
  111    301  1.5859e-06  4.7735e-04
  111    302  1.1389e-06  3.4394e-04
  111    303  6.1265e-07  1.8563e-04
  111    304  1.4474e-06  4.4002e-04
  111    305  9.9006e-07  3.0197e-04
  111    306  9.5156e-07  2.9118e-04
  111    307  4.1025e-07  1.2595e-04
  111    308  3.4513e-07  1.0630e-04
  111    309  2.2069e-07  6.8193e-05
  111    310  3.5924e-07  1.1136e-04
  111    311  2.0551e-07  6.3915e-05
  111    312  1.2724e-07  3.9700e-05
  111    313  1.1032e-07  3.4531e-05
  111    314  1.5013e-07  4.7140e-05
  111    315  9.8856e-08  3.1140e-05
  111    316  1.0256e-07  3.2410e-05
  111    317  9.4576e-08  2.9980e-05
  111    318  1.4193e-07  4.5135e-05
  111    319  1.5668e-07  4.9982e-05
  111    320  1.0565e-07  3.3807e-05
  111    321  5.2386e-08  1.6816e-05
  111    322  1.1872e-07  3.8229e-05
  111    323  1.1569e-07  3.7367e-05
  111    324  1.1244e-07  3.6432e-05
  111    325  2.5145e-08  8.1720e-06
  111    326  8.7346e-08  2.8475e-05
  111    327  9.2989e-08  3.0408e-05
  111    328  1.8797e-08  6.1654e-06
  111    329  5.3511e-08  1.7605e-05
  111    330  3.5100e-09  1.1583e-06
  111    331  1.9998e-08  6.6194e-06
  111    332  7.6625e-09  2.5439e-06
  111    333  7.7127e-10  2.5683e-07
  111    334  4.2254e-10  1.4113e-07
  111    335  1.1170e-10  3.7418e-08
  111    336  1.5699e-10  5.2750e-08
  111    337  5.2271e-09  1.7615e-06
    1      1  6.6495e-08  6.6495e-08
    2      4  1.8681e-01  7.4724e-01


