    1      2  6.5964e-16  1.3193e-15
    4      8  2.8564e-20  2.2851e-19
    6     12  4.9963e-09  5.9956e-08
    6     13  2.6801e-16  3.4842e-15
    7     15  1.2852e-20  1.9278e-19
    8     16  3.7213e-11  5.9540e-10
    8     17  9.7766e-19  1.6620e-17
   10     20  2.5738e-11  5.1477e-10
   10     21  9.2183e-18  1.9358e-16
   10     22  2.6794e-20  5.8946e-19
   11     23  7.3953e-15  1.7009e-13
   12     24  2.6632e-11  6.3917e-10
   12     25  4.2696e-14  1.0674e-12
   12     26  1.3048e-13  3.3925e-12
   13     26  5.6107e-16  1.4588e-14
   13     27  6.0802e-12  1.6417e-10
   14     28  6.4369e-11  1.8023e-09
   14     29  3.3695e-12  9.7716e-11
   14     30  9.8826e-11  2.9648e-09
   15     31  1.4718e-11  4.5624e-10
   16     32  3.4589e-11  1.1069e-09
   16     33  4.6823e-12  1.5452e-10
   16     34  2.2499e-10  7.6497e-09
   16     36  6.1947e-10  2.2301e-08
   17     35  7.9485e-11  2.7820e-09
   17     37  8.2739e-12  3.0613e-10
   18     36  4.9458e-13  1.7805e-11
   18     38  5.8582e-11  2.2261e-09
   18     40  7.9909e-11  3.1964e-09
   19     39  2.1945e-11  8.5587e-10
   19     40  6.8551e-16  2.7420e-14
   19     41  1.0382e-11  4.2567e-10
   20     40  3.2344e-16  1.2937e-14
   20     42  1.3847e-11  5.8159e-10
   20     43  3.5479e-11  1.5256e-09
   20     44  6.8208e-11  3.0012e-09
   20     46  1.6721e-09  7.6919e-08
   21     45  2.4997e-11  1.1249e-09
   22     46  2.6425e-16  1.2155e-14
   22     47  1.9073e-10  8.9645e-09
   22     48  1.4948e-10  7.1752e-09
   22     49  1.2816e-10  6.2797e-09
   22     50  4.7439e-09  2.3720e-07
   23     51  2.2737e-10  1.1596e-08
   24     52  4.0414e-11  2.1015e-09
   24     53  8.2509e-11  4.3730e-09
   24     54  7.6016e-09  4.1049e-07
   25     55  8.1932e-11  4.5062e-09
   26     56  4.4322e-11  2.4820e-09
   26     57  4.2816e-10  2.4405e-08
   26     58  5.2751e-09  3.0596e-07
   27     59  1.0570e-11  6.2362e-10
   28     60  5.0646e-09  3.0387e-07
   28     61  2.2073e-11  1.3465e-09
   28     62  9.0297e-11  5.5984e-09
   28     64  3.3284e-09  2.1302e-07
   29     63  9.5660e-10  6.0266e-08
   29     65  3.9468e-11  2.5654e-09
   30     66  2.9223e-08  1.9287e-06
   30     67  3.5717e-09  2.3930e-07
   30     68  1.4736e-10  1.0020e-08
   30     70  1.0881e-08  7.6168e-07
   31     69  2.2135e-09  1.5273e-07
   31     71  1.8276e-10  1.2976e-08
   32     70  4.3220e-15  3.0254e-13
   32     72  6.3034e-08  4.5385e-06
   32     73  6.2597e-10  4.5696e-08
   32     74  3.3806e-09  2.5016e-07
   32     76  1.1713e-08  8.9019e-07
   33     75  4.7157e-09  3.5368e-07
   34     76  2.3405e-14  1.7788e-12
   34     77  3.8867e-10  2.9927e-08
   34     78  1.5932e-07  1.2427e-05
   34     80  1.4185e-08  1.1348e-06
   34     82  4.6408e-06  3.8055e-04
   35     79  3.7010e-09  2.9238e-07
   35     81  1.1201e-08  9.0727e-07
   36     82  3.5609e-13  2.9199e-11
   36     83  5.9421e-05  4.9319e-03
   36     84  1.8751e-03  1.5751e-01
   36     86  9.5187e-04  8.1861e-02
   37     85  5.4647e-05  4.6450e-03
   37     87  3.8194e-04  3.3229e-02
   38     86  2.2114e-15  1.9018e-13
   38     87  2.7963e-06  2.4327e-04
   38     88  1.6969e-04  1.4933e-02
   39     89  1.5020e-04  1.3368e-02
   40     90  4.8097e-03  4.3287e-01
   40     91  1.4327e-04  1.3038e-02
   40     92  4.5693e-05  4.2038e-03
   40     94  1.4159e-03  1.3309e-01
   41     93  4.6396e-04  4.3148e-02
   42     95  6.5211e-06  6.1950e-04
   42     96  4.9896e-05  4.7900e-03
   42     97  1.7285e-05  1.6767e-03
   42     98  1.5127e-06  1.4824e-04
   42    100  2.8748e-06  2.8748e-04
   44     99  4.0891e-05  4.0482e-03
   44    100  2.8703e-11  2.8703e-09
   44    101  8.1303e-06  8.2116e-04
   44    102  7.5335e-05  7.6841e-03
   44    104  3.1974e-06  3.3253e-04
   45    103  1.9508e-06  2.0093e-04
   46    104  3.4540e-14  3.5921e-12
   46    105  3.6543e-06  3.8370e-04
   46    106  2.9390e-06  3.1154e-04
   46    107  1.0194e-20  1.0908e-18
   46    108  1.7009e-06  1.8370e-04
   46    110  1.5705e-08  1.7275e-06
   47    107  6.5771e-08  7.0375e-06
   47    109  1.0629e-07  1.1586e-05
   48    110  2.3704e-13  2.6074e-11
   48    111  1.5396e-07  1.7090e-05
   48    112  6.1572e-08  6.8961e-06
   48    113  1.7582e-09  1.9868e-07
   48    114  2.5805e-08  2.9418e-06
   48    116  1.8352e-09  2.1288e-07
   49    113  7.7380e-17  8.7440e-15
   49    115  4.8479e-09  5.5751e-07
   50    115  3.8680e-15  4.4482e-13
   50    116  1.9771e-16  2.2934e-14
   50    117  5.8219e-09  6.8116e-07
   50    118  4.0128e-10  4.7351e-08
   50    119  4.7923e-10  5.7028e-08
   50    120  9.5425e-10  1.1451e-07
   50    122  1.3458e-10  1.6419e-08
   50    124  1.9333e-11  2.3972e-09
   51    121  1.3452e-10  1.6277e-08
   51    123  4.2616e-11  5.2418e-09
   52    122  1.5659e-16  1.9104e-14
   52    124  4.2196e-19  5.2323e-17
   52    125  9.5310e-11  1.1914e-08
   52    126  8.1184e-12  1.0229e-09
   52    128  1.2005e-11  1.5366e-09
   52    130  1.4715e-12  1.9130e-10
   53    127  1.6594e-12  2.1075e-10
   53    129  8.3070e-20  1.0716e-17
   54    129  5.0857e-13  6.5605e-11
   54    130  1.5201e-20  1.9762e-18
   54    131  1.0401e-12  1.3625e-10
   54    132  7.1056e-14  9.3793e-12
   54    134  2.3300e-17  3.1223e-15
   55    133  8.1274e-16  1.0809e-13
   56    135  2.6478e-20  3.5746e-18
    1      1  7.2528e-09  7.2528e-09
    2      4  1.0246e-02  4.0983e-02


