1  2.7681e-08
2  1.1441e-08
3  9.2259e-10
4  2.0743e-01
5  0.0000e+00
6  2.5549e-11
7  2.2705e-09
8  2.3944e-08
9  1.0540e-08
10  2.2631e-07
11  2.7100e-09
12  9.0813e-09
13  1.1974e-07
14  7.3504e-08
15  1.3542e-05
16  3.7986e-07
17  1.3656e-08
18  7.8943e-08
19  1.0849e-06
20  1.5900e-06
21  7.7599e-07
22  7.3729e-09
23  9.2742e-07
24  3.3554e-07
25  4.5264e-07
26  7.2442e-08
27  9.9964e-08
28  1.6917e-07
29  5.0912e-08
30  4.2225e-08
31  2.6106e-08
32  6.5257e-08
33  3.0943e-07
34  2.4344e-07
35  1.1531e-08
36  1.2654e-08
37  4.7000e-09
38  2.1649e-08
39  1.8631e-08
40  6.3090e-09
41  2.6046e-08
42  1.0016e-07
43  2.0712e-08
44  2.8044e-08
45  2.7292e-08
46  4.3490e-09
47  7.2718e-09
48  1.2459e-08
49  8.7941e-09
50  7.4933e-09
51  5.2442e-09
52  1.2863e-08
53  1.5825e-08
54  4.2958e-09
55  1.0849e-09
56  1.3874e-08
57  3.3607e-08
58  8.1588e-10
59  6.1420e-10
60  1.6938e-09
61  1.9719e-09
62  1.8356e-09
63  5.3163e-08
64  9.4586e-09
65  1.6679e-08
66  3.8988e-08
67  1.0253e-07
68  1.7947e-08
69  9.1336e-09
70  4.8509e-08
71  1.3101e-08
72  3.6882e-08
73  2.7917e-08
74  9.8991e-08
75  3.4377e-07
76  2.3942e-07
77  4.9213e-07
78  4.9831e-07
79  4.5046e-07
80  2.5348e-06
81  6.5726e-07
82  3.2561e-07
83  3.6243e-07
84  1.1682e-07
85  1.5190e-07
86  2.9807e-07
87  3.2474e-07
88  1.3899e-07
89  9.9587e-08
90  9.3540e-08
91  6.3323e-08
92  6.1877e-08
93  6.8677e-08
94  2.1720e-07
95  1.0719e-07
96  4.9057e-08
97  1.0511e-07
98  1.9682e-08
99  2.4611e-08
100  3.4240e-08
101  3.2073e-08
102  3.2896e-08
103  4.2798e-08
104  1.7999e-08
105  1.2914e-08
106  5.2024e-08
107  5.2110e-08
108  8.3241e-08
109  1.2237e-07
110  1.9649e-07
111  3.2667e-08
112  1.5608e-07
113  1.0480e-07
114  8.9553e-08
115  1.0444e-07
116  7.4926e-09
117  2.6929e-08
118  1.2048e-08
119  1.0471e-08
120  6.0266e-08
121  5.4631e-08
122  7.1173e-08
123  8.5557e-08
124  5.6472e-07
125  1.3490e-06
126  3.8738e-06
127  4.9667e-06
128  3.6155e-06
129  4.5963e-06
130  3.1337e-06
131  1.6939e-06
132  9.5307e-07
133  6.4888e-07
134  5.3266e-07
135  1.7115e-07
136  2.7503e-07
137  2.1458e-07
138  2.3684e-07
139  1.0427e-07
140  1.9409e-07
141  2.6765e-07
142  1.3481e-07
143  7.2953e-08
144  5.7220e-08
145  1.6833e-08
146  3.8821e-08
147  5.7516e-08
148  2.7568e-08
149  6.9590e-09
150  1.5382e-08
151  3.2512e-09
152  1.9866e-08
153  1.7067e-08
154  1.4585e-08
155  9.2856e-08
156  6.7218e-09
157  2.2209e-08
158  4.9493e-08
159  4.2568e-10
160  5.1824e-09
161  1.1189e-08
162  6.5144e-09
163  7.9362e-09
164  1.0337e-08
165  7.8725e-09
166  2.4841e-08
167  3.9666e-08
168  2.7321e-08
169  1.8562e-07
170  4.1259e-08
171  8.7545e-08
172  5.1350e-08
173  3.5234e-08
174  1.5228e-07
175  4.8880e-08
176  9.5105e-08
177  3.9855e-07
178  2.6318e-07
179  1.4013e-07
180  1.7277e-07
181  2.4079e-07
182  2.6181e-07
183  1.9947e-07
184  1.9437e-07
185  9.7428e-08
186  8.5686e-08
187  9.8190e-08
188  1.3770e-07
189  6.7610e-08
190  1.2881e-07
191  1.1907e-07
192  7.7319e-08
193  4.7335e-08
194  3.6063e-07
195  8.6978e-07
196  3.7535e-06
197  7.1706e-06
198  1.1722e-05
199  5.5512e-06
200  9.2832e-06
201  2.1165e-06
202  1.1515e-06
203  2.4037e-07
204  4.1167e-08
205  1.5174e-08
206  2.8293e-06
207  4.4582e-06
208  1.3680e-06
209  7.7645e-06
210  7.5715e-13
211  2.5310e-18
212  1.7971e-18
213  3.7624e-44
214  3.9654e-19
215  6.9774e-25
216  2.0821e-24
217  1.9821e-95
218  6.8150e-21
219  9.7935e-22
220  7.9840e-22
221  3.8784e-320
222  1.2098e-17
223  2.4433e-16
224  4.5091e-18
225  2.2675e-40
226  1.8512e-12
227  1.7030e-13
228  1.4501e-11
229  8.4578e-30
230  8.7244e-11
231  2.5473e-10
232  6.3470e-06
233  3.0226e-27
234  2.8409e-10
235  5.4901e-06
236  2.0608e-08
237  1.5522e-318
238  5.1682e-06
239  2.8551e-17
240  4.0795e-12
241  0.0000e+00
242  7.0051e-118
243  8.7281e-18
244  4.9657e-08
245  0.0000e+00
246  8.4887e-10
247  1.8421e-14
248  4.1874e-117
249  0.0000e+00
250  0.0000e+00
251  -5.0104e-314
252  0.0000e+00
253  0.0000e+00
254  0.0000e+00
255  0.0000e+00
256  0.0000e+00
257  9.1932e-26
258  1.6622e-06
259  6.3656e-26
260  2.7591e-06
261  2.8889e-06
262  2.8685e-06
263  3.3178e-06
264  4.0676e-06
265  3.8453e-06
266  5.3619e-06
267  2.6396e-06
268  3.0729e-06
269  8.3218e-06
270  8.5599e-06
271  8.4001e-06
272  1.5197e-05
273  1.8707e-05
274  3.4070e-05
275  4.1849e-05
276  5.5796e-05
277  1.9279e-05
278  3.3530e-05
279  2.1458e-05
280  1.0683e-05
281  3.6234e-06
282  3.1627e-06
283  1.1759e-06
284  1.3182e-06
285  1.1331e-06
286  1.2520e-06
287  2.3900e-06
288  1.8892e-06
289  1.5912e-06
290  1.7546e-06
291  8.4695e-07
292  6.5226e-06
293  3.5964e-06
294  5.8797e-06
295  1.9983e-06
296  4.3907e-06
297  2.0011e-06
298  3.0181e-07
299  2.3234e-07
300  7.6199e-08
301  6.3102e-06
302  6.3646e-06
303  2.6418e-06
304  6.5032e-06
305  6.7663e-06
306  9.0678e-06
307  2.5766e-06
308  4.6038e-06
309  5.6693e-06
310  4.2601e-06
311  2.4047e-06
312  5.4863e-06
313  1.0519e-06
314  3.9227e-06
315  3.2301e-06
316  5.5360e-06
317  3.9748e-06
318  3.6152e-05
319  1.4818e-05
320  1.2400e-05
321  3.3074e-06
322  4.4819e-06
323  2.8359e-06
324  2.1574e-06
325  8.7847e-07
326  1.2282e-06
327  2.0460e-06
328  2.0566e-07
329  8.5531e-07
330  7.1011e-07
331  1.5341e-07
332  3.5568e-07
333  5.0539e-08
334  5.1473e-08
335  3.1225e-08
336  1.2874e-08
337  3.2556e-07

