1  3.7374e-15
2  2.7627e-32
3  7.2091e-26
4  4.9189e-03
5  0.0000e+00
6  1.2428e-35
7  2.2577e-31
8  2.4317e-20
9  5.8809e-34
10  3.3524e-21
11  1.0268e-26
12  3.5101e-09
13  3.8771e-19
14  5.7909e-33
15  3.0793e-19
16  1.7187e-11
17  1.0122e-25
18  1.0043e-31
19  5.1836e-20
20  7.9891e-12
21  1.6065e-22
22  3.4769e-19
23  3.9602e-15
24  6.0775e-12
25  8.1512e-17
26  5.3672e-14
27  1.3674e-12
28  7.6804e-12
29  6.1313e-13
30  1.2691e-11
31  1.7252e-12
32  2.5503e-11
33  4.7394e-12
34  3.7604e-11
35  1.5705e-11
36  1.8468e-11
37  4.2802e-12
38  1.6669e-10
39  9.8650e-12
40  6.0628e-12
41  3.0347e-12
42  2.3459e-10
43  3.1395e-11
44  2.8516e-11
45  4.2121e-11
46  9.1604e-11
47  7.0122e-11
48  7.7302e-11
49  7.4069e-11
50  2.5033e-10
51  1.0781e-10
52  7.4775e-11
53  1.0828e-10
54  4.5362e-09
55  4.9259e-09
56  5.4284e-08
57  4.3947e-08
58  1.2233e-05
59  5.3908e-07
60  5.5780e-07
61  3.6639e-06
62  1.2341e-03
63  3.1430e-05
64  2.0474e-03
65  7.3281e-05
66  4.4178e-05
67  4.8499e-05
68  9.2350e-04
69  3.0591e-06
70  7.4231e-05
71  1.8449e-05
72  1.5568e-05
73  2.9491e-06
74  2.2864e-04
75  3.0425e-06
76  4.5507e-05
77  2.1200e-05
78  1.2339e-05
79  3.6015e-06
80  1.0089e-04
81  3.0603e-06
82  2.2942e-05
83  4.7241e-05
84  5.4614e-05
85  8.7559e-06
86  5.6250e-04
87  6.3548e-04
88  6.1058e-03
89  4.0471e-05
90  4.6146e-06
91  3.9810e-07
92  5.2043e-07
93  6.9123e-09
94  1.6973e-09
95  3.4478e-11
96  6.6619e-11
97  1.3887e-12
98  1.9750e-12
99  1.0423e-14
100  4.0630e-15
101  2.1244e-16
102  1.3364e-15
103  5.1380e-18
104  1.1089e-17
105  3.3644e-19
106  2.2928e-19
107  4.9231e-21
108  2.7004e-20
109  1.2378e-22
110  1.1267e-22
111  5.9886e-24
112  8.2243e-24
113  1.2676e-25
114  4.1966e-25
115  5.6558e-27
116  4.6561e-28
117  1.1110e-26
118  2.0709e-27
119  0.0000e+00
120  0.0000e+00
121  0.0000e+00
122  0.0000e+00
123  0.0000e+00
124  0.0000e+00
125  0.0000e+00
126  0.0000e+00
127  0.0000e+00
128  0.0000e+00
129  0.0000e+00
130  0.0000e+00
131  0.0000e+00
132  0.0000e+00
133  0.0000e+00
134  0.0000e+00
135  0.0000e+00
136  0.0000e+00
137  0.0000e+00
138  0.0000e+00
139  0.0000e+00
140  0.0000e+00
141  0.0000e+00
142  0.0000e+00
143  0.0000e+00
144  0.0000e+00
145  0.0000e+00
146  0.0000e+00
147  0.0000e+00
148  0.0000e+00
149  0.0000e+00
150  0.0000e+00
151  0.0000e+00
152  0.0000e+00
153  0.0000e+00
154  0.0000e+00
155  0.0000e+00
156  0.0000e+00
157  0.0000e+00
158  0.0000e+00
159  0.0000e+00
160  0.0000e+00
161  0.0000e+00
162  0.0000e+00
163  0.0000e+00
164  0.0000e+00
165  0.0000e+00
166  0.0000e+00
167  0.0000e+00
168  0.0000e+00
169  0.0000e+00
170  0.0000e+00
171  0.0000e+00
172  0.0000e+00
173  0.0000e+00
174  0.0000e+00
175  0.0000e+00
176  0.0000e+00
177  0.0000e+00
178  0.0000e+00
179  0.0000e+00
180  0.0000e+00
181  0.0000e+00
182  0.0000e+00
183  0.0000e+00
184  0.0000e+00
185  0.0000e+00
186  0.0000e+00
187  0.0000e+00
188  0.0000e+00
189  0.0000e+00
190  0.0000e+00
191  0.0000e+00
192  0.0000e+00
193  0.0000e+00
194  0.0000e+00
195  0.0000e+00
196  0.0000e+00
197  0.0000e+00
198  0.0000e+00
199  0.0000e+00
200  0.0000e+00
201  0.0000e+00
202  0.0000e+00
203  0.0000e+00
204  0.0000e+00
205  0.0000e+00
206  0.0000e+00
207  0.0000e+00
208  0.0000e+00
209  0.0000e+00
210  0.0000e+00
211  0.0000e+00
212  0.0000e+00
213  0.0000e+00
214  0.0000e+00
215  0.0000e+00
216  0.0000e+00
217  0.0000e+00
218  0.0000e+00
219  0.0000e+00
220  0.0000e+00
221  0.0000e+00
222  0.0000e+00
223  0.0000e+00
224  0.0000e+00
225  0.0000e+00
226  0.0000e+00
227  0.0000e+00
228  0.0000e+00
229  0.0000e+00
230  0.0000e+00
231  0.0000e+00
232  0.0000e+00
233  0.0000e+00
234  0.0000e+00
235  0.0000e+00
236  0.0000e+00
237  0.0000e+00
238  0.0000e+00
239  0.0000e+00
240  0.0000e+00
241  0.0000e+00
242  0.0000e+00
243  0.0000e+00
244  0.0000e+00
245  0.0000e+00
246  0.0000e+00
247  0.0000e+00
248  0.0000e+00
249  0.0000e+00
250  0.0000e+00
251  0.0000e+00
252  0.0000e+00
253  0.0000e+00
254  0.0000e+00
255  0.0000e+00
256  0.0000e+00
257  0.0000e+00
258  0.0000e+00
259  0.0000e+00
260  0.0000e+00
261  0.0000e+00
262  0.0000e+00
263  0.0000e+00
264  0.0000e+00
265  0.0000e+00
266  0.0000e+00
267  0.0000e+00
268  0.0000e+00
269  0.0000e+00
270  0.0000e+00
271  0.0000e+00
272  0.0000e+00
273  0.0000e+00
274  0.0000e+00
275  0.0000e+00
276  0.0000e+00
277  0.0000e+00
278  0.0000e+00
279  0.0000e+00
280  0.0000e+00
281  0.0000e+00
282  0.0000e+00
283  0.0000e+00
284  0.0000e+00
285  0.0000e+00
286  0.0000e+00
287  0.0000e+00
288  0.0000e+00
289  0.0000e+00
290  0.0000e+00
291  0.0000e+00
292  0.0000e+00
293  0.0000e+00
294  0.0000e+00
295  0.0000e+00
296  0.0000e+00
297  0.0000e+00
298  0.0000e+00
299  0.0000e+00
300  0.0000e+00
301  0.0000e+00
302  0.0000e+00
303  0.0000e+00
304  0.0000e+00
305  0.0000e+00
306  0.0000e+00
307  0.0000e+00
308  0.0000e+00
309  0.0000e+00
310  0.0000e+00
311  0.0000e+00
312  0.0000e+00
313  0.0000e+00
314  0.0000e+00
315  0.0000e+00
316  0.0000e+00
317  0.0000e+00
318  0.0000e+00
319  0.0000e+00
320  0.0000e+00
321  0.0000e+00
322  0.0000e+00
323  0.0000e+00
324  0.0000e+00
325  0.0000e+00
326  0.0000e+00
327  0.0000e+00
328  0.0000e+00
329  0.0000e+00
330  0.0000e+00
331  0.0000e+00
332  0.0000e+00
333  0.0000e+00
334  0.0000e+00
335  0.0000e+00
336  0.0000e+00
337  0.0000e+00

