1  5.6394e-10
2  3.4930e-19
3  1.1459e-25
4  6.0016e-02
5  0.0000e+00
6  6.2345e-24
7  5.5403e-26
8  3.5874e-21
9  1.0050e-23
10  6.4957e-21
11  1.0281e-23
12  6.7123e-07
13  2.3927e-12
14  1.1336e-17
15  7.7021e-20
16  1.8361e-09
17  9.0233e-19
18  1.7590e-22
19  2.9273e-20
20  1.4306e-09
21  7.7850e-16
22  4.5035e-19
23  1.9523e-13
24  1.4789e-09
25  3.9526e-14
26  3.5693e-12
27  2.5317e-10
28  4.2387e-09
29  5.8094e-11
30  3.0657e-09
31  7.5569e-10
32  6.1782e-09
33  6.1290e-10
34  1.4579e-08
35  2.4709e-09
36  2.6980e-09
37  7.1989e-10
38  3.8596e-08
39  6.0168e-09
40  3.7639e-09
41  8.9218e-10
42  1.1518e-08
43  4.9640e-09
44  9.4371e-09
45  6.7003e-09
46  1.0541e-08
47  5.1103e-09
48  4.5004e-08
49  4.6362e-09
50  5.2094e-09
51  1.1663e-08
52  2.1134e-07
53  5.6279e-09
54  2.0809e-08
55  2.0400e-08
56  1.8754e-07
57  2.3740e-09
58  1.5575e-07
59  2.8850e-08
60  9.3328e-09
61  7.0088e-09
62  4.9926e-07
63  1.4428e-09
64  4.1236e-08
65  5.1749e-08
66  1.1615e-08
67  8.2025e-09
68  8.1702e-07
69  6.7348e-09
70  1.3297e-08
71  6.5943e-08
72  3.8543e-09
73  1.8546e-08
74  5.8375e-07
75  1.3988e-09
76  4.8286e-07
77  6.2907e-08
78  9.5697e-09
79  6.3556e-08
80  1.4803e-06
81  4.0514e-08
82  7.4414e-08
83  6.1026e-07
84  2.7601e-04
85  3.1605e-04
86  3.2062e-03
87  2.1450e-04
88  1.6788e-03
89  6.1020e-04
90  2.9787e-04
91  1.3862e-04
92  1.6233e-03
93  2.7742e-05
94  7.6947e-05
95  5.7621e-05
96  8.6564e-05
97  2.3601e-06
98  1.9452e-06
99  3.0489e-07
100  7.1740e-09
101  3.6044e-07
102  2.7425e-07
103  6.0111e-08
104  1.2296e-06
105  2.9165e-08
106  2.1894e-08
107  6.8298e-09
108  1.4070e-08
109  1.4943e-10
110  6.4645e-09
111  8.0523e-10
112  5.6518e-11
113  6.0984e-10
114  1.3775e-10
115  2.8361e-12
116  3.8706e-11
117  4.2182e-12
118  2.7839e-13
119  3.5474e-12
120  5.0831e-13
121  5.7359e-14
122  6.4141e-13
123  4.5580e-15
124  3.9078e-14
125  4.3149e-14
126  7.6457e-16
127  1.7724e-14
128  2.1513e-15
129  7.4917e-16
130  3.8469e-15
131  9.7341e-17
132  1.2800e-15
133  1.6467e-16
134  1.0775e-17
135  1.5574e-19
136  2.1071e-21
137  1.8795e-24
138  1.6661e-27
139  6.4942e-28
140  4.3759e-30
141  0.0000e+00
142  0.0000e+00
143  0.0000e+00
144  0.0000e+00
145  0.0000e+00
146  0.0000e+00
147  0.0000e+00
148  0.0000e+00
149  0.0000e+00
150  0.0000e+00
151  0.0000e+00
152  0.0000e+00
153  0.0000e+00
154  0.0000e+00
155  0.0000e+00
156  0.0000e+00
157  0.0000e+00
158  0.0000e+00
159  0.0000e+00
160  0.0000e+00
161  0.0000e+00
162  0.0000e+00
163  0.0000e+00
164  0.0000e+00
165  0.0000e+00
166  0.0000e+00
167  0.0000e+00
168  0.0000e+00
169  0.0000e+00
170  0.0000e+00
171  0.0000e+00
172  0.0000e+00
173  0.0000e+00
174  0.0000e+00
175  0.0000e+00
176  0.0000e+00
177  0.0000e+00
178  0.0000e+00
179  0.0000e+00
180  0.0000e+00
181  0.0000e+00
182  0.0000e+00
183  0.0000e+00
184  0.0000e+00
185  0.0000e+00
186  0.0000e+00
187  0.0000e+00
188  0.0000e+00
189  0.0000e+00
190  0.0000e+00
191  0.0000e+00
192  0.0000e+00
193  0.0000e+00
194  0.0000e+00
195  0.0000e+00
196  0.0000e+00
197  0.0000e+00
198  0.0000e+00
199  0.0000e+00
200  0.0000e+00
201  0.0000e+00
202  0.0000e+00
203  0.0000e+00
204  0.0000e+00
205  0.0000e+00
206  0.0000e+00
207  0.0000e+00
208  0.0000e+00
209  0.0000e+00
210  0.0000e+00
211  0.0000e+00
212  0.0000e+00
213  0.0000e+00
214  0.0000e+00
215  0.0000e+00
216  0.0000e+00
217  0.0000e+00
218  0.0000e+00
219  0.0000e+00
220  0.0000e+00
221  0.0000e+00
222  0.0000e+00
223  0.0000e+00
224  0.0000e+00
225  0.0000e+00
226  0.0000e+00
227  0.0000e+00
228  0.0000e+00
229  0.0000e+00
230  0.0000e+00
231  0.0000e+00
232  0.0000e+00
233  0.0000e+00
234  0.0000e+00
235  0.0000e+00
236  0.0000e+00
237  0.0000e+00
238  0.0000e+00
239  0.0000e+00
240  0.0000e+00
241  0.0000e+00
242  0.0000e+00
243  0.0000e+00
244  0.0000e+00
245  0.0000e+00
246  0.0000e+00
247  0.0000e+00
248  0.0000e+00
249  0.0000e+00
250  0.0000e+00
251  0.0000e+00
252  0.0000e+00
253  0.0000e+00
254  0.0000e+00
255  0.0000e+00
256  0.0000e+00
257  0.0000e+00
258  0.0000e+00
259  0.0000e+00
260  0.0000e+00
261  0.0000e+00
262  0.0000e+00
263  0.0000e+00
264  0.0000e+00
265  0.0000e+00
266  0.0000e+00
267  0.0000e+00
268  0.0000e+00
269  0.0000e+00
270  0.0000e+00
271  0.0000e+00
272  0.0000e+00
273  0.0000e+00
274  0.0000e+00
275  0.0000e+00
276  0.0000e+00
277  0.0000e+00
278  0.0000e+00
279  0.0000e+00
280  0.0000e+00
281  0.0000e+00
282  0.0000e+00
283  0.0000e+00
284  0.0000e+00
285  0.0000e+00
286  0.0000e+00
287  0.0000e+00
288  0.0000e+00
289  0.0000e+00
290  0.0000e+00
291  0.0000e+00
292  0.0000e+00
293  0.0000e+00
294  0.0000e+00
295  0.0000e+00
296  0.0000e+00
297  0.0000e+00
298  0.0000e+00
299  0.0000e+00
300  0.0000e+00
301  0.0000e+00
302  0.0000e+00
303  0.0000e+00
304  0.0000e+00
305  0.0000e+00
306  0.0000e+00
307  0.0000e+00
308  0.0000e+00
309  0.0000e+00
310  0.0000e+00
311  0.0000e+00
312  0.0000e+00
313  0.0000e+00
314  0.0000e+00
315  0.0000e+00
316  0.0000e+00
317  0.0000e+00
318  0.0000e+00
319  0.0000e+00
320  0.0000e+00
321  0.0000e+00
322  0.0000e+00
323  0.0000e+00
324  0.0000e+00
325  0.0000e+00
326  0.0000e+00
327  0.0000e+00
328  0.0000e+00
329  0.0000e+00
330  0.0000e+00
331  0.0000e+00
332  0.0000e+00
333  0.0000e+00
334  0.0000e+00
335  0.0000e+00
336  0.0000e+00
337  0.0000e+00

