1  4.1536e-08
2  2.5277e-08
3  1.5712e-09
4  2.0936e-01
5  0.0000e+00
6  2.6090e-11
7  2.2061e-09
8  5.2974e-08
9  2.6312e-08
10  3.5874e-07
11  1.1075e-09
12  6.2129e-09
13  1.6522e-08
14  4.9360e-08
15  1.1937e-05
16  2.3559e-06
17  9.0998e-08
18  1.9410e-07
19  8.8150e-07
20  1.5739e-06
21  1.3190e-06
22  1.6855e-08
23  6.9915e-07
24  3.2070e-07
25  2.5949e-07
26  1.7225e-07
27  1.1626e-07
28  1.3935e-07
29  6.3262e-08
30  1.0046e-07
31  1.8983e-08
32  9.3420e-08
33  1.8612e-07
34  2.0368e-07
35  2.1562e-08
36  2.6219e-08
37  3.0574e-09
38  1.3073e-08
39  1.1656e-08
40  2.8470e-09
41  4.6915e-09
42  2.1046e-08
43  5.5706e-09
44  1.1583e-08
45  1.0404e-08
46  2.9324e-10
47  4.9242e-10
48  5.2142e-10
49  4.5392e-10
50  4.3133e-10
51  6.2562e-10
52  2.6772e-09
53  3.0624e-09
54  5.6969e-10
55  1.2352e-10
56  1.9493e-09
57  1.2957e-09
58  3.8760e-11
59  4.4547e-11
60  1.3729e-10
61  1.5373e-10
62  1.7121e-10
63  1.0883e-08
64  1.2818e-09
65  2.7841e-09
66  7.0392e-09
67  2.3220e-08
68  4.2217e-09
69  2.0724e-09
70  1.1210e-08
71  3.1954e-09
72  9.4492e-09
73  8.2478e-09
74  2.4085e-08
75  5.6106e-08
76  3.1204e-08
77  7.4564e-08
78  9.4602e-08
79  9.1609e-08
80  5.0744e-07
81  1.0308e-07
82  1.0305e-07
83  1.0725e-07
84  2.7501e-08
85  2.7451e-08
86  3.6009e-08
87  4.7651e-08
88  3.8201e-08
89  2.8568e-08
90  2.6475e-08
91  2.0167e-08
92  2.0286e-08
93  1.8444e-08
94  5.4244e-08
95  2.2707e-08
96  9.3937e-09
97  2.4057e-08
98  5.1819e-09
99  6.8956e-09
100  1.0528e-08
101  9.2332e-09
102  1.0129e-08
103  1.3311e-08
104  4.5950e-09
105  2.8685e-09
106  1.1781e-08
107  1.0775e-08
108  1.6416e-08
109  2.3167e-08
110  3.3730e-08
111  5.3446e-09
112  2.6689e-08
113  1.9732e-08
114  1.7493e-08
115  2.1662e-08
116  1.3514e-09
117  5.3096e-09
118  2.2278e-09
119  1.9809e-09
120  1.3401e-08
121  1.2061e-08
122  1.2118e-08
123  1.3581e-08
124  6.5170e-08
125  1.8450e-07
126  6.0446e-07
127  8.5919e-07
128  7.0212e-07
129  1.1913e-06
130  7.1733e-07
131  4.7054e-07
132  4.1567e-07
133  2.4243e-07
134  2.0142e-07
135  6.8515e-08
136  8.3486e-08
137  4.3671e-08
138  5.4277e-08
139  2.3007e-08
140  4.4735e-08
141  7.8251e-08
142  4.5336e-08
143  2.8271e-08
144  2.2557e-08
145  5.9772e-09
146  1.5789e-08
147  2.4735e-08
148  1.0404e-08
149  2.1503e-09
150  5.0352e-09
151  1.0636e-09
152  6.3401e-09
153  5.3934e-09
154  4.7632e-09
155  3.0555e-08
156  2.2216e-09
157  7.1086e-09
158  1.5308e-08
159  1.4846e-10
160  1.8270e-09
161  3.7384e-09
162  2.1250e-09
163  2.4221e-09
164  3.3552e-09
165  2.4212e-09
166  8.1537e-09
167  1.1130e-08
168  7.4454e-09
169  4.4710e-08
170  1.0855e-08
171  1.9496e-08
172  1.2082e-08
173  8.0633e-09
174  3.1818e-08
175  1.0556e-08
176  2.0826e-08
177  7.3732e-08
178  4.8743e-08
179  2.5642e-08
180  3.0236e-08
181  4.4029e-08
182  4.8081e-08
183  3.7846e-08
184  3.8506e-08
185  2.0801e-08
186  1.8911e-08
187  2.0914e-08
188  2.9342e-08
189  1.3698e-08
190  3.0146e-08
191  2.5557e-08
192  1.4511e-08
193  8.2157e-09
194  4.2862e-08
195  9.4175e-08
196  4.9236e-07
197  1.0093e-06
198  2.0217e-06
199  1.1365e-06
200  2.0933e-06
201  4.8456e-07
202  3.0611e-07
203  7.0909e-08
204  2.2635e-08
205  1.1582e-08
206  3.3097e-07
207  6.3519e-07
208  1.8919e-07
209  1.0753e-06
210  1.1080e-13
211  3.5768e-19
212  2.4818e-19
213  5.6021e-44
214  5.8029e-20
215  1.3661e-25
216  2.8755e-25
217  1.7565e-92
218  9.9729e-22
219  1.3854e-22
220  1.1026e-22
221  -2.8853e-320
222  1.7704e-18
223  3.4529e-17
224  6.2272e-19
225  3.3763e-40
226  2.7089e-13
227  2.4067e-14
228  2.0026e-12
229  1.2594e-29
230  1.2767e-11
231  3.5998e-11
232  8.7653e-07
233  7.5261e-26
234  4.1573e-11
235  7.7585e-07
236  3.1857e-09
237  4.7599e-319
238  7.5631e-07
239  6.0308e-18
240  6.3064e-13
241  0.0000e+00
242  5.9846e-109
243  1.8436e-18
244  7.6763e-09
245  0.0000e+00
246  1.2922e-10
247  3.8912e-15
248  2.7049e-108
249  0.0000e+00
250  0.0000e+00
251  -8.5309e-314
252  0.0000e+00
253  0.0000e+00
254  0.0000e+00
255  0.0000e+00
256  0.0000e+00
257  6.0966e-26
258  2.3363e-07
259  3.9455e-26
260  3.9675e-07
261  4.0106e-07
262  3.6630e-07
263  3.9185e-07
264  4.3947e-07
265  3.9087e-07
266  5.1910e-07
267  2.3901e-07
268  2.7345e-07
269  7.3969e-07
270  6.5788e-07
271  5.7739e-07
272  9.5558e-07
273  1.1669e-06
274  2.3859e-06
275  3.6004e-06
276  5.7806e-06
277  2.4077e-06
278  5.4180e-06
279  4.4093e-06
280  2.7089e-06
281  1.0793e-06
282  1.1421e-06
283  4.0182e-07
284  3.6783e-07
285  2.5650e-07
286  2.2570e-07
287  3.2554e-07
288  2.4545e-07
289  2.0560e-07
290  2.6495e-07
291  1.3716e-07
292  1.2063e-06
293  6.7620e-07
294  1.0790e-06
295  3.6210e-07
296  7.6403e-07
297  3.2928e-07
298  4.5317e-08
299  3.4932e-08
300  1.0430e-08
301  8.5393e-07
302  6.2000e-07
303  5.7390e-07
304  5.9789e-07
305  7.0335e-07
306  8.6697e-07
307  4.1343e-07
308  5.7127e-07
309  5.0467e-07
310  5.5684e-07
311  3.4877e-07
312  7.5986e-07
313  2.4415e-07
314  4.4146e-07
315  2.2649e-06
316  4.2793e-06
317  3.2387e-06
318  5.7572e-05
319  3.8745e-05
320  4.0389e-05
321  2.1016e-05
322  2.7677e-05
323  2.0264e-05
324  3.4119e-05
325  1.1472e-05
326  1.3565e-05
327  2.5981e-05
328  1.7507e-05
329  2.3860e-05
330  9.5529e-06
331  1.2277e-05
332  1.6949e-05
333  6.9192e-06
334  4.9986e-06
335  5.5219e-06
336  3.3821e-06
337  4.1329e-05

