    1      2  1.5693e-16  3.1387e-16
    3      6  4.6006e-20  2.7604e-19
    4      8  1.7914e-20  1.4332e-19
    4      9  3.5352e-19  3.1817e-18
    5     10  9.6184e-20  9.6184e-19
    6     12  1.1567e-07  1.3881e-06
    6     13  2.8657e-14  3.7254e-13
    7     14  1.2315e-18  1.7241e-17
    7     15  4.3508e-16  6.5261e-15
    8     16  4.3031e-09  6.8850e-08
    8     17  5.5164e-16  9.3778e-15
    8     18  2.5532e-17  4.5957e-16
    9     19  3.8249e-17  7.2673e-16
   10     20  3.8569e-09  7.7138e-08
   10     21  1.9654e-14  4.1272e-13
   10     22  1.3408e-17  2.9498e-16
   11     23  4.2252e-13  9.7180e-12
   12     24  1.7862e-09  4.2868e-08
   12     25  3.2841e-10  8.2102e-09
   12     26  7.3436e-10  1.9093e-08
   13     26  3.1084e-15  8.0818e-14
   13     27  3.8974e-10  1.0523e-08
   14     28  7.9713e-10  2.2320e-08
   14     29  1.1402e-09  3.3067e-08
   14     30  3.0410e-09  9.1231e-08
   15     31  3.0651e-09  9.5018e-08
   16     32  1.2333e-08  3.9465e-07
   16     33  5.1789e-09  1.7090e-07
   16     34  2.8681e-08  9.7516e-07
   16     36  2.9344e-09  1.0564e-07
   17     35  1.5553e-09  5.4436e-08
   17     37  6.4138e-09  2.3731e-07
   18     36  2.7028e-14  9.7302e-13
   18     38  1.2033e-08  4.5725e-07
   18     40  1.4905e-10  5.9621e-09
   19     39  2.0539e-09  8.0102e-08
   19     40  9.3097e-19  3.7239e-17
   19     41  3.1184e-10  1.2785e-08
   20     40  3.2868e-19  1.3147e-17
   20     42  1.6595e-07  6.9698e-06
   20     43  1.6843e-08  7.2424e-07
   20     44  3.0426e-08  1.3387e-06
   20     46  6.2349e-09  2.8681e-07
   21     45  1.3524e-09  6.0858e-08
   22     47  1.4778e-07  6.9457e-06
   22     48  6.5000e-07  3.1200e-05
   22     49  8.9823e-09  4.4013e-07
   22     50  2.9110e-08  1.4555e-06
   23     51  1.4444e-07  7.3667e-06
   24     52  4.0312e-06  2.0962e-04
   24     53  5.8528e-07  3.1020e-05
   24     54  3.0059e-07  1.6232e-05
   25     55  1.2946e-08  7.1204e-07
   26     56  1.1111e-06  6.2223e-05
   26     57  1.1223e-07  6.3973e-06
   26     58  2.4036e-06  1.3941e-04
   27     59  1.6018e-06  9.4506e-05
   28     60  4.2552e-07  2.5531e-05
   28     61  8.0780e-07  4.9276e-05
   28     62  3.3317e-07  2.0657e-05
   28     64  2.2371e-06  1.4318e-04
   29     63  6.9323e-07  4.3673e-05
   29     65  9.6396e-07  6.2658e-05
   30     64  5.5448e-20  3.5487e-18
   30     66  5.8422e-07  3.8558e-05
   30     67  1.0689e-06  7.1619e-05
   30     68  2.9876e-07  2.0316e-05
   30     70  9.1871e-08  6.4310e-06
   31     69  6.0240e-08  4.1566e-06
   31     71  1.3590e-07  9.6487e-06
   32     70  3.7395e-16  2.6177e-14
   32     72  1.2528e-06  9.0199e-05
   32     73  6.9944e-06  5.1059e-04
   32     74  1.9128e-06  1.4155e-04
   32     76  3.6714e-06  2.7903e-04
   33     75  9.7768e-07  7.3326e-05
   34     76  5.6089e-14  4.2628e-12
   34     77  1.1269e-05  8.6772e-04
   34     78  1.7311e-05  1.3503e-03
   34     80  4.3819e-05  3.5055e-03
   34     82  1.4878e-07  1.2200e-05
   35     79  9.2774e-06  7.3291e-04
   35     81  3.3891e-06  2.7452e-04
   36     82  1.6296e-13  1.3363e-11
   36     83  8.3022e-06  6.8908e-04
   36     84  4.0137e-05  3.3715e-03
   36     86  4.7903e-06  4.1196e-04
   37     85  4.2251e-06  3.5914e-04
   37     87  8.7242e-06  7.5901e-04
   38     86  4.4080e-20  3.7909e-18
   38     87  6.3878e-08  5.5574e-06
   38     88  8.7389e-05  7.6902e-03
   39     89  3.1527e-05  2.8059e-03
   40     90  1.1138e-04  1.0025e-02
   40     91  3.4282e-05  3.1196e-03
   40     92  1.5281e-05  1.4058e-03
   40     94  5.9785e-05  5.6198e-03
   41     93  9.8789e-06  9.1874e-04
   42     95  1.3153e-05  1.2495e-03
   42     96  1.1732e-04  1.1263e-02
   42     97  5.5466e-05  5.3802e-03
   42     98  3.0654e-05  3.0040e-03
   42    100  1.9313e-04  1.9313e-02
   44     99  8.2769e-05  8.1942e-03
   44    100  8.5025e-12  8.5025e-10
   44    101  4.5357e-04  4.5811e-02
   44    102  1.1749e-03  1.1984e-01
   44    104  3.4337e-04  3.5710e-02
   45    103  1.6903e-04  1.7410e-02
   46    104  7.7869e-17  8.0984e-15
   46    105  3.6813e-04  3.8654e-02
   46    106  1.3538e-04  1.4351e-02
   46    108  4.3466e-04  4.6944e-02
   46    110  9.1858e-05  1.0104e-02
   47    107  6.8077e-05  7.2843e-03
   47    109  9.0493e-05  9.8638e-03
   48    110  1.2167e-12  1.3384e-10
   48    111  2.3751e-05  2.6364e-03
   48    112  4.5502e-05  5.0963e-03
   48    113  1.9570e-05  2.2114e-03
   48    114  8.9587e-05  1.0213e-02
   48    116  1.8406e-05  2.1352e-03
   49    113  8.6127e-13  9.7323e-11
   49    115  1.7420e-05  2.0033e-03
   50    115  1.3898e-11  1.5983e-09
   50    116  1.5627e-12  1.8127e-10
   50    117  2.0130e-05  2.3552e-03
   50    118  2.5444e-06  3.0024e-04
   50    119  5.5532e-07  6.6084e-05
   50    120  3.5951e-07  4.3141e-05
   50    122  9.0392e-08  1.1028e-05
   50    124  1.0849e-06  1.3453e-04
   51    121  9.9925e-08  1.2091e-05
   51    123  1.2537e-07  1.5421e-05
   52    122  1.6742e-15  2.0425e-13
   52    124  4.0536e-17  5.0265e-15
   52    125  4.6899e-06  5.8624e-04
   52    126  8.5578e-06  1.0783e-03
   52    128  3.8606e-06  4.9416e-04
   52    130  1.4249e-07  1.8524e-05
   53    127  4.6517e-06  5.9076e-04
   53    129  1.1444e-14  1.4763e-12
   54    128  3.5131e-17  4.4968e-15
   54    129  1.0848e-06  1.3994e-04
   54    130  6.4248e-16  8.3523e-14
   54    131  4.8589e-09  6.3652e-07
   54    132  2.3649e-10  3.1216e-08
   54    134  7.9438e-16  1.0645e-13
   54    136  4.3287e-15  5.8870e-13
   55    133  2.7532e-13  3.6618e-11
   56    135  2.3880e-16  3.2238e-14
   56    137  1.0209e-16  1.3987e-14
   56    138  2.6572e-16  3.6669e-14
   57    139  1.0231e-17  1.4221e-15
   58    140  2.8154e-18  3.9416e-16
   58    142  6.8983e-19  9.7956e-17
   59    141  2.0085e-18  2.8320e-16
   60    143  6.0852e-20  8.7018e-18
   60    144  2.4026e-19  3.4598e-17
   60    145  2.0237e-20  2.9344e-18
    1      1  8.9663e-11  8.9663e-11
    2      4  1.3234e-01  5.2934e-01


