1  3.1169e-10
2  1.0373e-15
3  5.0078e-19
4  1.4921e-01
5  0.0000e+00
6  1.1616e-16
7  2.9450e-19
8  4.9729e-14
9  9.4564e-19
10  1.2246e-17
11  2.3617e-20
12  1.9310e-08
13  1.6006e-14
14  6.6128e-13
15  2.2833e-09
16  8.8726e-10
17  5.4545e-14
18  1.0285e-09
19  1.4269e-09
20  1.2008e-10
21  1.2855e-10
22  2.3136e-10
23  3.0092e-10
24  2.4094e-10
25  5.5863e-10
26  2.1259e-09
27  9.9791e-10
28  4.1200e-09
29  5.4935e-09
30  1.7741e-08
31  2.0666e-09
32  2.6453e-08
33  1.2280e-07
34  9.0064e-08
35  3.9113e-08
36  6.7098e-08
37  2.3295e-07
38  4.7248e-07
39  2.7228e-07
40  2.8456e-07
41  2.0570e-07
42  6.0821e-07
43  1.4889e-07
44  3.5910e-07
45  7.6519e-07
46  1.8768e-06
47  1.3216e-06
48  4.8218e-07
49  1.8114e-06
50  2.8008e-06
51  9.6618e-07
52  6.4148e-08
53  2.0030e-06
54  6.9657e-06
55  3.4559e-07
56  1.8697e-06
57  2.3630e-07
58  2.3849e-08
59  2.3000e-08
60  4.8143e-08
61  1.3698e-07
62  5.4961e-07
63  1.0848e-06
64  1.2376e-07
65  8.7584e-08
66  4.6674e-07
67  3.5293e-07
68  1.2485e-06
69  1.4409e-06
70  2.4231e-06
71  2.7332e-07
72  3.8523e-07
73  1.7277e-06
74  1.8172e-06
75  6.3888e-06
76  1.1363e-05
77  2.6551e-05
78  3.5847e-05
79  1.9090e-05
80  1.2090e-05
81  2.1395e-05
82  3.6684e-05
83  7.4063e-06
84  4.5830e-06
85  1.4902e-05
86  3.9695e-05
87  3.9384e-06
88  8.3136e-06
89  4.0854e-06
90  5.1450e-06
91  4.9484e-06
92  3.5224e-05
93  5.2454e-06
94  4.7402e-06
95  3.3144e-06
96  9.0964e-06
97  4.8830e-06
98  5.0586e-07
99  3.3994e-06
100  1.0998e-05
101  2.2881e-05
102  2.5487e-05
103  9.2462e-06
104  1.0312e-05
105  6.8332e-05
106  2.1913e-04
107  1.4239e-04
108  1.3058e-04
109  1.3376e-04
110  1.5307e-04
111  2.3206e-05
112  4.4412e-05
113  2.0100e-05
114  2.1042e-05
115  1.0590e-05
116  8.0656e-06
117  1.4608e-05
118  1.0356e-05
119  5.3387e-06
120  1.3165e-05
121  1.9249e-05
122  7.8701e-05
123  7.2937e-05
124  2.0115e-04
125  3.3534e-04
126  7.2879e-04
127  3.2397e-04
128  1.9939e-04
129  6.2155e-05
130  3.1600e-06
131  4.6309e-08
132  5.8248e-08
133  6.4463e-08
134  1.4316e-08
135  6.9165e-10
136  1.4732e-10
137  2.8291e-12
138  1.3337e-12
139  1.5738e-11
140  3.3520e-11
141  1.3946e-12
142  3.1858e-12
143  2.8577e-12
144  2.6857e-13
145  6.9209e-14
146  2.6797e-13
147  4.0551e-13
148  7.4838e-13
149  4.6990e-13
150  7.3346e-13
151  4.2871e-13
152  6.4840e-13
153  2.9519e-13
154  2.8659e-13
155  1.9713e-13
156  1.0763e-13
157  1.0490e-13
158  1.0530e-13
159  1.9257e-14
160  3.3060e-14
161  2.1922e-14
162  1.3903e-14
163  7.2484e-15
164  1.2283e-14
165  6.4572e-15
166  9.9106e-15
167  2.9818e-15
168  1.8231e-15
169  1.6304e-15
170  3.2383e-16
171  1.2239e-16
172  7.9829e-17
173  3.8213e-17
174  3.5789e-17
175  1.1157e-17
176  7.9698e-18
177  3.2563e-18
178  9.7160e-19
179  3.7820e-19
180  2.1434e-19
181  1.7602e-19
182  6.9406e-20
183  2.7219e-20
184  1.3232e-20
185  8.3291e-21
186  1.6250e-20
187  1.1498e-20
188  2.2239e-20
189  2.0317e-20
190  5.8146e-20
191  2.8285e-20
192  2.6991e-20
193  1.5174e-20
194  1.5563e-20
195  8.5834e-21
196  3.7914e-21
197  9.9367e-22
198  1.8418e-22
199  1.9137e-23
200  2.2131e-24
201  1.5052e-43
202  0.0000e+00
203  0.0000e+00
204  0.0000e+00
205  0.0000e+00
206  0.0000e+00
207  0.0000e+00
208  0.0000e+00
209  0.0000e+00
210  0.0000e+00
211  0.0000e+00
212  0.0000e+00
213  0.0000e+00
214  0.0000e+00
215  0.0000e+00
216  0.0000e+00
217  0.0000e+00
218  0.0000e+00
219  0.0000e+00
220  0.0000e+00
221  0.0000e+00
222  0.0000e+00
223  0.0000e+00
224  0.0000e+00
225  0.0000e+00
226  0.0000e+00
227  0.0000e+00
228  0.0000e+00
229  0.0000e+00
230  0.0000e+00
231  0.0000e+00
232  0.0000e+00
233  0.0000e+00
234  0.0000e+00
235  0.0000e+00
236  0.0000e+00
237  0.0000e+00
238  0.0000e+00
239  0.0000e+00
240  0.0000e+00
241  0.0000e+00
242  0.0000e+00
243  0.0000e+00
244  0.0000e+00
245  0.0000e+00
246  0.0000e+00
247  0.0000e+00
248  0.0000e+00
249  0.0000e+00
250  0.0000e+00
251  0.0000e+00
252  0.0000e+00
253  0.0000e+00
254  0.0000e+00
255  0.0000e+00
256  0.0000e+00
257  0.0000e+00
258  0.0000e+00
259  0.0000e+00
260  0.0000e+00
261  0.0000e+00
262  0.0000e+00
263  0.0000e+00
264  0.0000e+00
265  0.0000e+00
266  0.0000e+00
267  0.0000e+00
268  0.0000e+00
269  0.0000e+00
270  0.0000e+00
271  0.0000e+00
272  0.0000e+00
273  0.0000e+00
274  0.0000e+00
275  0.0000e+00
276  0.0000e+00
277  0.0000e+00
278  0.0000e+00
279  0.0000e+00
280  0.0000e+00
281  0.0000e+00
282  0.0000e+00
283  0.0000e+00
284  0.0000e+00
285  0.0000e+00
286  0.0000e+00
287  0.0000e+00
288  0.0000e+00
289  0.0000e+00
290  0.0000e+00
291  0.0000e+00
292  0.0000e+00
293  0.0000e+00
294  0.0000e+00
295  0.0000e+00
296  0.0000e+00
297  0.0000e+00
298  0.0000e+00
299  0.0000e+00
300  0.0000e+00
301  0.0000e+00
302  0.0000e+00
303  0.0000e+00
304  0.0000e+00
305  0.0000e+00
306  0.0000e+00
307  0.0000e+00
308  0.0000e+00
309  0.0000e+00
310  0.0000e+00
311  0.0000e+00
312  0.0000e+00
313  0.0000e+00
314  0.0000e+00
315  0.0000e+00
316  0.0000e+00
317  0.0000e+00
318  0.0000e+00
319  0.0000e+00
320  0.0000e+00
321  0.0000e+00
322  0.0000e+00
323  0.0000e+00
324  0.0000e+00
325  0.0000e+00
326  0.0000e+00
327  0.0000e+00
328  0.0000e+00
329  0.0000e+00
330  0.0000e+00
331  0.0000e+00
332  0.0000e+00
333  0.0000e+00
334  0.0000e+00
335  0.0000e+00
336  0.0000e+00
337  0.0000e+00

