1  3.7828e-09
2  1.8659e-01
3  2.9724e-10
4  1.5513e-09
5  1.6475e-09
6  2.4342e-07
7  9.0043e-06
8  3.7008e-07
9  1.0603e-06
10  1.7694e-06
11  9.3569e-07
12  6.1202e-07
13  2.9445e-07
14  1.0474e-06
15  1.0620e-07
16  2.0460e-06
17  1.0712e-07
18  3.3866e-07
19  3.0265e-07
20  9.5610e-07
21  1.6335e-07
22  8.7607e-07
23  4.4383e-08
24  5.3914e-07
25  1.1041e-07
26  6.7190e-07
27  1.9836e-08
28  4.9410e-07
29  6.2382e-07
30  1.3052e-06
31  2.2646e-07
32  5.3422e-06
33  4.1065e-06
34  1.8245e-05
35  8.2850e-06
36  4.8187e-06
37  2.6035e-06
38  7.2741e-07
39  2.0909e-07
40  3.2354e-06
41  6.4091e-07
42  2.0274e-06
43  1.6875e-32
44  1.5512e-06
45  4.2454e-07
46  3.6527e-06
47  1.8101e-06
48  5.7484e-07
49  3.0478e-08
50  1.7321e-05
51  4.6187e-06
52  1.4981e-04
53  3.6600e-05
54  1.3498e-04
55  1.8057e-05
56  3.6013e-05
57  4.2444e-06
58  1.4158e-05
59  2.0738e-05
60  1.2571e-05
61  4.6523e-83
62  1.8177e-05
63  8.6257e-06
64  4.4257e-05
65  7.1923e-06
66  4.7913e-05
67  9.6420e-06
68  4.6803e-05
69  9.9789e-06
70  2.7815e-05
71  4.9643e-06
72  1.8053e-05
73  3.1270e-06
74  3.0531e-05
75  1.7292e-05
76  2.4716e-04
77  1.9350e-04
78  1.7871e-04
79  5.8049e-06
80  7.4954e-06
81  3.8164e-06
82  5.0786e-05
83  1.6952e-05
84  2.1616e-16
85  7.4503e-27
86  5.9681e-18
87  2.1865e-21
88  1.4581e-11
89  8.2456e-14
90  5.9828e-06
91  1.2362e-10
92  5.2252e-06
93  4.1374e-20
94  2.8137e-08
95  1.4488e-18
96  3.0645e-15
97  4.2817e-10
98  9.8153e-314
99  1.0968e-321
100  1.0556e-06
101  -1.8679e-313
102  7.1932e-07
103  1.0540e-07
104  1.7773e-07
105  9.4165e-08
106  1.8507e-08
107  7.6225e-10
108  2.3997e-10
109  9.2524e-320
110  5.7465e-11
111  7.4012e-11
112  0.0000e+00
113  0.0000e+00
114  0.0000e+00
115  0.0000e+00
116  0.0000e+00
117  0.0000e+00
118  0.0000e+00

