1  8.0782e-09
2  1.9717e-01
3  7.3059e-10
4  1.2054e-08
5  7.7720e-08
6  4.1048e-07
7  1.3811e-05
8  3.2981e-07
9  1.3000e-06
10  2.3129e-06
11  1.0888e-06
12  8.3029e-07
13  1.2025e-07
14  4.1326e-07
15  5.9660e-08
16  1.0207e-06
17  3.0040e-08
18  6.2980e-08
19  1.2667e-07
20  4.4164e-07
21  7.4310e-08
22  2.6025e-07
23  1.7595e-08
24  1.7297e-07
25  1.6739e-08
26  1.9710e-07
27  5.7979e-09
28  1.3593e-07
29  2.6656e-07
30  5.7564e-07
31  6.8497e-08
32  2.0739e-06
33  1.6332e-06
34  1.0279e-05
35  3.9584e-06
36  2.4136e-06
37  1.2888e-06
38  3.5198e-07
39  1.3496e-07
40  1.3156e-06
41  2.5071e-07
42  1.0413e-06
43  4.3477e-33
44  3.7176e-07
45  1.2696e-07
46  1.5287e-06
47  8.2081e-07
48  5.7493e-07
49  5.6908e-08
50  5.5840e-06
51  1.0517e-06
52  3.6931e-05
53  1.1003e-05
54  1.8004e-05
55  1.6841e-06
56  3.2969e-06
57  4.0809e-07
58  1.0508e-06
59  1.3531e-06
60  7.5257e-07
61  8.0743e-84
62  9.0663e-07
63  3.3067e-07
64  2.2435e-06
65  1.8892e-07
66  2.2005e-06
67  5.9613e-07
68  3.7587e-06
69  1.3232e-06
70  3.4613e-06
71  5.5193e-07
72  2.1156e-06
73  4.3833e-07
74  1.1980e-06
75  4.6198e-07
76  3.2383e-05
77  4.7342e-05
78  2.1907e-04
79  2.8711e-05
80  7.6611e-06
81  3.0970e-06
82  1.3225e-04
83  7.1502e-05
84  2.5632e-15
85  8.6459e-26
86  7.0765e-17
87  2.5200e-20
88  1.3091e-10
89  9.5034e-13
90  5.2566e-05
91  1.4248e-09
92  6.1103e-05
93  5.9565e-19
94  4.0507e-07
95  3.4046e-17
96  7.1954e-14
97  5.9074e-09
98  6.1875e-314
99  1.3933e-321
100  3.9773e-05
101  3.6403e-313
102  5.8308e-05
103  1.2877e-05
104  5.2750e-05
105  2.5206e-05
106  2.6681e-05
107  1.9750e-06
108  1.2846e-06
109  -3.1484e-319
110  6.5108e-07
111  3.5766e-06
112  0.0000e+00
113  0.0000e+00
114  0.0000e+00
115  0.0000e+00
116  0.0000e+00
117  0.0000e+00
118  0.0000e+00

