1  7.6494e-08
2  2.0327e-01
3  2.0382e-09
4  1.0927e-07
5  4.3425e-07
6  1.7271e-08
7  1.2176e-05
8  4.8901e-06
9  9.7972e-07
10  3.5239e-06
11  7.4022e-07
12  8.0820e-07
13  1.1891e-07
14  3.2809e-07
15  2.1352e-08
16  5.3977e-07
17  2.9900e-08
18  1.5177e-08
19  1.4692e-08
20  3.0294e-08
21  9.1802e-09
22  1.5174e-09
23  5.2263e-10
24  5.1499e-09
25  9.2563e-11
26  2.7375e-09
27  3.5637e-11
28  1.3419e-09
29  1.0629e-08
30  3.5945e-08
31  4.1354e-09
32  5.5811e-08
33  4.3396e-08
34  5.8714e-07
35  1.4347e-07
36  1.1836e-07
37  5.6762e-08
38  2.6179e-08
39  2.1252e-08
40  8.4878e-08
41  1.2899e-08
42  5.2320e-08
43  4.8216e-34
44  2.1890e-08
45  9.7227e-09
46  4.2793e-08
47  2.2581e-08
48  4.6531e-08
49  1.4672e-08
50  6.3400e-08
51  1.7737e-08
52  1.4507e-06
53  5.6180e-07
54  1.5931e-06
55  1.6262e-07
56  1.1104e-07
57  1.2115e-08
58  5.9469e-08
59  5.4959e-08
60  7.0905e-08
61  7.7200e-89
62  2.8603e-08
63  4.2866e-09
64  4.1260e-08
65  9.5494e-11
66  6.8173e-09
67  1.4133e-09
68  2.2396e-08
69  2.8488e-08
70  5.9285e-08
71  6.5751e-09
72  1.2318e-07
73  3.1197e-08
74  1.0506e-07
75  3.0964e-08
76  6.8382e-08
77  2.7049e-08
78  1.5521e-06
79  5.2814e-07
80  3.2504e-06
81  9.1881e-08
82  8.8493e-07
83  8.0543e-07
84  4.8087e-17
85  1.0798e-25
86  1.3276e-18
87  4.8041e-22
88  1.6584e-12
89  1.8116e-14
90  6.3700e-07
91  2.7160e-11
92  1.1549e-06
93  8.5961e-21
94  5.8452e-09
95  1.4815e-18
96  3.1282e-15
97  9.7093e-11
98  5.2858e-314
99  -6.3240e-322
100  7.4433e-07
101  5.8143e-313
102  1.3152e-06
103  2.8828e-07
104  3.3479e-06
105  9.9057e-07
106  1.3820e-05
107  1.7142e-06
108  6.0930e-06
109  2.5722e-319
110  9.5774e-07
111  5.3834e-04
112  0.0000e+00
113  0.0000e+00
114  0.0000e+00
115  0.0000e+00
116  0.0000e+00
117  0.0000e+00
118  0.0000e+00

