    1      2  1.1782e-15  2.3563e-15
    3      6  2.6769e-19  1.6062e-18
    3      7  1.2600e-20  8.8198e-20
    4      9  3.4016e-19  3.0615e-18
    5     10  4.6210e-19  4.6210e-18
    6     12  1.6194e-07  1.9433e-06
    6     13  3.7763e-13  4.9092e-12
    7     14  1.8636e-17  2.6090e-16
    7     15  1.4688e-20  2.2033e-19
    8     16  1.9299e-09  3.0879e-08
    8     17  2.1329e-16  3.6260e-15
    8     18  4.3051e-19  7.7492e-18
   10     20  2.2298e-09  4.4596e-08
   10     21  2.6848e-15  5.6381e-14
   10     22  9.4269e-19  2.0739e-17
   11     23  2.8773e-13  6.6178e-12
   12     24  2.4678e-09  5.9227e-08
   12     25  1.2464e-10  3.1159e-09
   12     26  2.9506e-11  7.6714e-10
   13     26  2.2781e-14  5.9230e-13
   13     27  2.8682e-10  7.7442e-09
   14     28  4.0426e-09  1.1319e-07
   14     29  1.1599e-09  3.3636e-08
   14     30  4.9738e-09  1.4921e-07
   15     31  2.5276e-09  7.8354e-08
   16     32  3.6811e-09  1.1779e-07
   16     33  8.0558e-10  2.6584e-08
   16     34  3.7375e-09  1.2708e-07
   16     36  1.1502e-08  4.1406e-07
   17     35  4.7631e-09  1.6671e-07
   17     37  6.4954e-09  2.4033e-07
   18     36  2.0503e-12  7.3812e-11
   18     38  1.6949e-08  6.4406e-07
   18     40  6.2517e-10  2.5007e-08
   19     39  2.8729e-09  1.1204e-07
   19     40  1.2781e-15  5.1122e-14
   19     41  3.5478e-10  1.4546e-08
   20     40  4.1561e-16  1.6625e-14
   20     42  3.5587e-08  1.4947e-06
   20     43  2.0346e-10  8.7489e-09
   20     44  1.2480e-09  5.4913e-08
   20     46  4.2157e-08  1.9392e-06
   21     45  4.2017e-09  1.8908e-07
   22     46  1.4074e-17  6.4741e-16
   22     47  2.6605e-08  1.2504e-06
   22     48  1.2501e-07  6.0003e-06
   22     49  1.2657e-08  6.2017e-07
   22     50  1.6615e-07  8.3077e-06
   23     51  2.9165e-07  1.4874e-05
   24     52  3.8470e-07  2.0004e-05
   24     53  4.4755e-08  2.3720e-06
   24     54  4.7680e-08  2.5747e-06
   25     55  2.7350e-09  1.5042e-07
   26     56  1.6247e-06  9.0984e-05
   26     57  1.0143e-07  5.7814e-06
   26     58  1.1718e-08  6.7965e-07
   27     59  6.3032e-08  3.7189e-06
   28     60  1.3410e-08  8.0462e-07
   28     61  1.8953e-08  1.1561e-06
   28     62  8.8324e-07  5.4761e-05
   28     64  7.2119e-07  4.6156e-05
   29     63  6.1159e-07  3.8530e-05
   29     65  7.8943e-07  5.1313e-05
   30     64  6.3100e-20  4.0384e-18
   30     66  4.3438e-07  2.8669e-05
   30     67  2.2770e-07  1.5256e-05
   30     68  4.3697e-06  2.9714e-04
   30     70  1.5184e-06  1.0629e-04
   31     69  1.1782e-06  8.1296e-05
   31     71  3.2119e-07  2.2804e-05
   32     70  1.5552e-14  1.0886e-12
   32     72  7.0391e-07  5.0681e-05
   32     73  3.7507e-07  2.7380e-05
   32     74  7.0094e-07  5.1869e-05
   32     76  6.2808e-06  4.7734e-04
   33     75  2.1714e-06  1.6285e-04
   34     76  2.4217e-13  1.8405e-11
   34     77  1.8528e-06  1.4267e-04
   34     78  2.4472e-06  1.9088e-04
   34     80  2.5371e-05  2.0297e-03
   34     82  2.0078e-05  1.6464e-03
   35     79  2.8183e-06  2.2264e-04
   35     81  1.9595e-06  1.5872e-04
   36     82  1.9335e-13  1.5854e-11
   36     83  3.1087e-06  2.5802e-04
   36     84  1.6189e-05  1.3599e-03
   36     86  5.4775e-06  4.7106e-04
   37     85  4.0122e-06  3.4103e-04
   37     87  9.6429e-06  8.3893e-04
   38     86  1.1950e-19  1.0277e-17
   38     87  7.0603e-08  6.1425e-06
   38     88  2.5909e-04  2.2800e-02
   39     89  6.6253e-05  5.8966e-03
   40     90  8.7375e-06  7.8638e-04
   40     91  2.5461e-05  2.3170e-03
   40     92  1.4110e-03  1.2981e-01
   40     94  6.6546e-04  6.2553e-02
   41     93  4.6534e-05  4.3277e-03
   42     95  3.1167e-04  2.9609e-02
   42     96  2.6310e-05  2.5258e-03
   42     97  3.1970e-05  3.1011e-03
   42     98  1.1065e-05  1.0844e-03
   42    100  1.5223e-04  1.5223e-02
   44     99  2.2147e-05  2.1925e-03
   44    100  5.0454e-12  5.0454e-10
   44    101  1.3486e-04  1.3621e-02
   44    102  1.3230e-03  1.3495e-01
   44    104  3.5073e-04  3.6476e-02
   45    103  3.6355e-04  3.7446e-02
   46    104  4.3549e-16  4.5290e-14
   46    105  9.9476e-05  1.0445e-02
   46    106  4.2968e-04  4.5547e-02
   46    107  1.6392e-20  1.7540e-18
   46    108  9.8025e-05  1.0587e-02
   46    110  1.1401e-05  1.2541e-03
   47    107  7.3823e-05  7.8991e-03
   47    109  1.0865e-04  1.1843e-02
   48    110  3.4945e-12  3.8440e-10
   48    111  4.5721e-06  5.0750e-04
   48    112  7.6434e-05  8.5606e-03
   48    113  8.0117e-06  9.0532e-04
   48    114  4.8306e-06  5.5069e-04
   48    116  3.6941e-06  4.2852e-04
   49    113  3.5260e-13  3.9844e-11
   49    115  1.3146e-05  1.5117e-03
   50    115  1.0488e-11  1.2062e-09
   50    116  2.6742e-12  3.1021e-10
   50    117  2.1404e-06  2.5043e-04
   50    118  1.6133e-06  1.9037e-04
   50    119  9.2750e-07  1.1037e-04
   50    120  4.3811e-06  5.2573e-04
   50    122  3.9368e-07  4.8029e-05
   50    124  1.8932e-07  2.3476e-05
   51    121  1.2069e-06  1.4603e-04
   51    123  6.8369e-08  8.4094e-06
   52    122  4.2939e-14  5.2386e-12
   52    124  3.6242e-17  4.4940e-15
   52    125  2.2456e-07  2.8070e-05
   52    126  5.2120e-07  6.5671e-05
   52    128  9.9295e-07  1.2710e-04
   52    130  5.9372e-08  7.7184e-06
   53    127  7.9421e-07  1.0086e-04
   53    129  4.3167e-15  5.5686e-13
   54    128  1.4743e-17  1.8871e-15
   54    129  2.2014e-07  2.8398e-05
   54    130  2.9402e-16  3.8222e-14
   54    131  2.5933e-09  3.3973e-07
   54    132  1.4214e-10  1.8763e-08
   54    134  1.3362e-14  1.7905e-12
   54    136  4.5255e-17  6.1547e-15
   55    133  4.4860e-13  5.9664e-11
   56    135  1.6819e-17  2.2705e-15
   56    137  1.6435e-18  2.2516e-16
   56    138  2.4055e-19  3.3195e-17
    1      1  6.1480e-10  6.1480e-10
    2      4  9.6060e-02  3.8424e-01


