    1      2  7.7107e-09  1.5421e-08
    2      3  6.8833e-10  2.0650e-09
    3      6  2.1815e-11  1.3089e-10
    3      7  1.3908e-09  9.7356e-09
    4      8  1.7499e-08  1.3999e-07
    4      9  7.1088e-09  6.3979e-08
    5     10  1.6263e-07  1.6263e-06
    5     11  3.4153e-09  3.7568e-08
    6     12  8.7334e-09  1.0480e-07
    6     13  3.0645e-07  3.9839e-06
    7     14  8.7431e-08  1.2240e-06
    7     15  1.5104e-05  2.2656e-04
    8     16  3.2951e-07  5.2722e-06
    8     17  9.9032e-09  1.6835e-07
    8     18  6.1110e-08  1.1000e-06
    9     19  1.3199e-06  2.5079e-05
   10     20  1.8625e-06  3.7250e-05
   10     21  6.4015e-07  1.3443e-05
   10     22  5.2714e-09  1.1597e-07
   11     23  1.0974e-06  2.5240e-05
   12     24  3.6684e-07  8.8041e-06
   12     25  4.8436e-07  1.2109e-05
   12     26  4.8701e-08  1.2662e-06
   13     26  1.0468e-19  2.7217e-18
   13     27  9.7427e-08  2.6305e-06
   14     28  1.9752e-07  5.5305e-06
   14     29  4.7757e-08  1.3850e-06
   14     30  4.6708e-08  1.4012e-06
   15     31  4.0109e-08  1.2434e-06
   16     32  6.4338e-08  2.0588e-06
   16     33  3.9025e-07  1.2878e-05
   16     34  2.9995e-07  1.0198e-05
   16     36  1.1016e-08  3.9657e-07
   17     35  1.2474e-08  4.3659e-07
   17     37  7.4139e-09  2.7431e-07
   18     36  5.9730e-19  2.1503e-17
   18     38  3.0049e-08  1.1418e-06
   18     40  1.0415e-08  4.1659e-07
   19     39  2.4579e-08  9.5860e-07
   19     41  5.2102e-08  2.1362e-06
   20     42  1.7665e-07  7.4194e-06
   20     43  3.3121e-08  1.4242e-06
   20     44  4.4228e-08  1.9460e-06
   20     46  1.2336e-08  5.6746e-07
   21     45  4.5337e-08  2.0402e-06
   22     46  9.7695e-20  4.4940e-18
   22     47  1.8733e-08  8.8043e-07
   22     48  3.7358e-08  1.7932e-06
   22     49  3.4377e-08  1.6845e-06
   22     50  3.4047e-08  1.7024e-06
   23     51  1.2170e-08  6.2068e-07
   24     52  3.4366e-08  1.7870e-06
   24     53  3.0091e-08  1.5948e-06
   24     54  1.2891e-08  6.9609e-07
   25     55  4.5006e-09  2.4753e-07
   26     56  2.7780e-08  1.5557e-06
   26     57  7.7499e-08  4.4175e-06
   26     58  1.3566e-09  7.8681e-08
   27     59  2.0579e-09  1.2142e-07
   28     60  4.9909e-09  2.9945e-07
   28     61  7.2094e-09  4.3977e-07
   28     62  6.4150e-09  3.9773e-07
   28     64  3.0305e-08  1.9395e-06
   29     63  1.0664e-07  6.7180e-06
   29     65  4.2286e-08  2.7486e-06
   30     64  3.6546e-20  2.3389e-18
   30     66  1.1047e-07  7.2910e-06
   30     67  1.5195e-07  1.0181e-05
   30     68  3.6281e-08  2.4671e-06
   30     70  8.9020e-08  6.2314e-06
   31     69  1.9338e-08  1.3343e-06
   31     71  2.1892e-08  1.5543e-06
   32     70  3.8510e-15  2.6957e-13
   32     72  6.7385e-08  4.8517e-06
   32     73  4.6246e-08  3.3760e-06
   32     74  2.0715e-07  1.5329e-05
   32     76  6.9969e-07  5.3177e-05
   33     75  8.5001e-07  6.3751e-05
   34     76  8.3210e-13  6.3239e-11
   34     77  1.0492e-06  8.0786e-05
   34     78  9.9752e-07  7.7807e-05
   34     80  4.6239e-06  3.6991e-04
   34     82  4.4513e-07  3.6501e-05
   35     79  9.6766e-07  7.6445e-05
   35     81  1.3842e-06  1.1212e-04
   36     82  1.7126e-12  1.4043e-10
   36     83  6.2014e-07  5.1472e-05
   36     84  2.6424e-07  2.2196e-05
   36     86  6.5721e-07  5.6520e-05
   37     85  2.8272e-07  2.4031e-05
   37     87  6.0059e-07  5.2251e-05
   38     86  1.2166e-19  1.0463e-17
   38     87  4.3977e-09  3.8260e-07
   38     88  2.5170e-07  2.2150e-05
   39     89  1.1284e-07  1.0043e-05
   40     90  1.4484e-07  1.3035e-05
   40     91  6.4353e-08  5.8562e-06
   40     92  1.2602e-07  1.1594e-05
   40     94  5.0857e-07  4.7806e-05
   41     93  1.5514e-07  1.4428e-05
   42     95  2.7789e-07  2.6399e-05
   42     96  1.5030e-07  1.4429e-05
   42     97  2.1719e-07  2.1067e-05
   42     98  3.2366e-08  3.1719e-06
   42    100  4.6986e-08  4.6986e-06
   44     99  3.7348e-08  3.6975e-06
   44    100  1.4860e-13  1.4860e-11
   44    101  5.3474e-08  5.4009e-06
   44    102  4.8963e-08  4.9942e-06
   44    104  4.7077e-08  4.8961e-06
   45    103  6.7532e-08  6.9558e-06
   46    104  5.0991e-18  5.3031e-16
   46    105  4.5390e-08  4.7660e-06
   46    106  1.3822e-07  1.4651e-05
   46    108  2.3655e-07  2.5548e-05
   46    110  4.1118e-07  4.5230e-05
   47    107  1.5188e-07  1.6252e-05
   47    109  2.9742e-07  3.2419e-05
   48    110  1.0994e-13  1.2094e-11
   48    111  7.2526e-08  8.0503e-06
   48    112  2.6192e-07  2.9335e-05
   48    113  1.3324e-07  1.5056e-05
   48    114  1.0203e-07  1.1631e-05
   48    116  1.2810e-08  1.4860e-06
   49    113  5.8638e-15  6.6261e-13
   49    115  1.0234e-07  1.1769e-05
   50    115  8.1649e-14  9.3896e-12
   50    116  1.5966e-13  1.8521e-11
   50    117  3.5515e-08  4.1552e-06
   50    118  2.4837e-08  2.9308e-06
   50    119  1.6973e-08  2.0198e-06
   50    120  1.0667e-07  1.2800e-05
   50    122  2.3865e-07  2.9115e-05
   50    124  2.1149e-06  2.6225e-04
   51    121  9.0659e-08  1.0970e-05
   51    123  2.8844e-07  3.5478e-05
   52    122  1.7779e-14  2.1690e-12
   52    124  5.0548e-16  6.2679e-14
   52    125  3.3052e-06  4.1315e-04
   52    126  8.6719e-06  1.0927e-03
   52    128  6.3817e-06  8.1686e-04
   52    130  5.2581e-06  6.8356e-04
   53    127  8.1733e-06  1.0380e-03
   53    129  2.0255e-14  2.6129e-12
   54    128  7.3995e-15  9.4714e-13
   54    129  6.7109e-06  8.6571e-04
   54    130  2.5781e-13  3.3515e-11
   54    131  2.6889e-06  3.5225e-04
   54    132  1.1992e-06  1.5830e-04
   54    134  8.7709e-07  1.1753e-04
   54    136  5.2215e-07  7.1012e-05
   55    133  9.7556e-07  1.2975e-04
   56    134  3.8703e-17  5.1862e-15
   56    135  3.4584e-07  4.6688e-05
   56    136  6.4583e-15  8.7833e-13
   56    137  5.9260e-07  8.1187e-05
   56    138  5.9938e-07  8.2715e-05
   57    139  2.0703e-07  2.8777e-05
   58    140  2.8544e-07  3.9962e-05
   58    142  2.7178e-07  3.8593e-05
   59    141  5.6157e-07  7.9182e-05
   60    142  2.0626e-17  2.9289e-15
   60    143  1.1518e-07  1.6471e-05
   60    144  7.8808e-08  1.1348e-05
   60    145  2.9547e-08  4.2844e-06
   60    146  5.3757e-08  7.8486e-06
   60    148  6.1673e-08  9.1276e-06
   60    150  5.6346e-08  8.4518e-06
   62    147  7.2130e-08  1.0603e-05
   62    148  2.5930e-13  3.8377e-11
   62    149  2.8055e-08  4.1802e-06
   62    150  4.3258e-13  6.4887e-11
   62    152  9.5715e-08  1.4549e-05
   62    154  9.9736e-08  1.5359e-05
   63    151  2.8274e-08  4.2694e-06
   63    153  5.7237e-08  8.7573e-06
   64    154  1.2981e-14  1.9991e-12
   64    155  1.8313e-07  2.8385e-05
   64    156  4.7521e-08  7.4133e-06
   64    157  9.0797e-08  1.4255e-05
   64    158  1.8611e-07  2.9406e-05
   64    160  7.8168e-08  1.2507e-05
   65    159  7.9620e-09  1.2660e-06
   66    160  6.0679e-16  9.7087e-14
   66    161  1.0193e-07  1.6410e-05
   66    162  6.6258e-08  1.0734e-05
   66    163  5.9421e-08  9.6856e-06
   66    164  1.3427e-07  2.2020e-05
   67    165  9.5400e-08  1.5741e-05
   68    166  3.4714e-07  5.7625e-05
   68    167  3.2026e-07  5.3483e-05
   68    168  2.4620e-07  4.1362e-05
   68    170  2.7145e-07  4.6147e-05
   69    169  8.4226e-07  1.4234e-04
   70    170  8.2481e-15  1.4022e-12
   70    171  3.2675e-07  5.5874e-05
   70    172  2.7932e-07  4.8044e-05
   70    173  1.9442e-07  3.3634e-05
   70    174  6.3539e-07  1.1056e-04
   70    176  4.7368e-07  8.3367e-05
   71    175  2.7832e-07  4.8706e-05
   71    176  6.4541e-16  1.1359e-13
   72    176  6.0426e-18  1.0635e-15
   72    177  8.7520e-07  1.5491e-04
   72    178  5.2340e-07  9.3165e-05
   72    179  2.7062e-07  4.8441e-05
   72    180  2.6990e-07  4.8582e-05
   73    181  3.7211e-07  6.7352e-05
   74    182  3.4172e-07  6.2194e-05
   74    183  2.3511e-07  4.3025e-05
   74    184  2.0508e-07  3.7735e-05
   74    186  1.0544e-07  1.9611e-05
   75    185  1.1832e-07  2.1889e-05
   75    187  8.8802e-08  1.6606e-05
   76    186  5.3683e-18  9.9851e-16
   76    187  7.2171e-10  1.3496e-07
   76    188  1.1013e-07  2.0705e-05
   76    189  6.4438e-08  1.2179e-05
   76    190  5.3843e-07  1.0230e-04
   76    192  1.7535e-06  3.3667e-04
   77    191  5.5544e-07  1.0609e-04
   77    193  2.2368e-06  4.3171e-04
   78    192  5.1482e-16  9.8846e-14
   78    194  1.0726e-05  2.0808e-03
   78    195  1.8539e-05  3.6152e-03
   78    196  3.1639e-05  6.2013e-03
   78    198  2.0407e-05  4.0407e-03
   79    197  2.9430e-05  5.7977e-03
   80    198  4.2051e-14  8.3261e-12
   80    199  6.3844e-06  1.2705e-03
   80    200  3.6513e-06  7.3026e-04
   80    201  4.6076e-07  9.2612e-05
   80    202  2.4904e-07  5.0306e-05
   80    204  3.3110e-07  6.7544e-05
   81    203  1.8181e-07  3.6908e-05
   81    205  3.0793e-07  6.3127e-05
   81    207  2.4939e-19  5.1623e-17
   82    204  3.9897e-19  8.1390e-17
   82    206  1.8691e-05  3.8504e-03
   82    207  2.0875e-05  4.3212e-03
   82    208  1.0877e-05  2.2624e-03
   82    210  2.4643e-12  5.1750e-10
   82    211  8.8369e-18  1.8646e-15
   82    212  7.2957e-18  1.5467e-15
   82    214  1.1493e-18  2.4596e-16
   83    209  3.3667e-05  7.0364e-03
   83    210  5.1693e-17  1.0856e-14
   83    211  1.1228e-19  2.3691e-17
   83    212  2.1801e-19  4.6218e-17
   83    214  1.4207e-19  3.0402e-17
   84    210  1.4273e-15  2.9973e-13
   84    218  2.2194e-20  4.8383e-18
   86    222  3.9398e-17  8.7464e-15
   87    223  1.5931e-20  3.5526e-18
   88    223  8.6390e-16  1.9265e-13
   88    224  1.8853e-17  4.2231e-15
   88    226  6.0286e-12  1.3625e-09
   88    228  6.0625e-11  1.3822e-08
   89    227  6.0077e-13  1.3637e-10
   89    228  1.3269e-18  3.0254e-16
   90    227  1.3885e-15  3.1519e-13
   90    228  3.6205e-15  8.2548e-13
   90    230  2.8412e-10  6.5349e-08
   90    231  8.0360e-17  1.8563e-14
   90    232  2.6537e-05  6.1567e-03
   90    234  9.6071e-17  2.2481e-14
   91    231  9.0068e-10  2.0806e-07
   91    234  2.8770e-18  6.7322e-16
   92    234  9.2518e-10  2.1649e-07
   92    235  1.9412e-05  4.5618e-03
   92    236  8.8486e-08  2.0883e-05
   92    238  1.6831e-05  4.0058e-03
   92    240  4.4412e-18  1.0659e-15
   93    240  3.1355e-19  7.5253e-17
   94    239  8.5619e-17  2.0463e-14
   94    240  1.7517e-11  4.2041e-09
   94    244  2.1322e-07  5.2027e-05
   95    243  2.6174e-17  6.3602e-15
   96    244  5.7871e-17  1.4120e-14
   96    247  5.5242e-14  1.3645e-11
   97    246  3.2917e-09  8.0976e-07
  100    258  8.3386e-06  2.1514e-03
  100    260  1.0880e-05  2.8288e-03
  100    262  1.1731e-05  3.0734e-03
  102    260  1.1126e-19  2.8927e-17
  102    261  9.5574e-06  2.4945e-03
  102    263  1.3702e-05  3.6037e-03
  102    264  1.7126e-05  4.5213e-03
  102    266  2.1026e-05  5.5928e-03
  103    265  1.5239e-05  4.0383e-03
  104    267  1.0806e-05  2.8852e-03
  104    268  1.1520e-05  3.0873e-03
  104    270  2.4528e-05  6.6225e-03
  104    272  3.4284e-05  9.3252e-03
  104    274  4.9185e-05  1.3477e-02
  105    269  2.6561e-05  7.1449e-03
  105    271  2.3484e-05  6.3641e-03
  106    273  3.6041e-05  9.8391e-03
  106    275  3.8898e-05  1.0697e-02
  106    276  4.1340e-05  1.1410e-02
  106    278  1.6508e-05  4.5894e-03
  106    280  2.9871e-06  8.3638e-04
  107    277  1.2845e-05  3.5580e-03
  108    279  7.4317e-06  2.0735e-03
  108    281  9.4888e-07  2.6663e-04
  108    282  9.8232e-07  2.7702e-04
  108    283  5.7359e-07  1.6233e-04
  108    284  8.7430e-07  2.4830e-04
  108    286  9.6942e-07  2.7726e-04
  110    285  8.8523e-07  2.5229e-04
  110    286  1.2516e-17  3.5797e-15
  110    287  1.4380e-06  4.1272e-04
  110    288  1.2016e-06  3.4605e-04
  110    290  8.5948e-07  2.4925e-04
  111    289  7.9158e-07  2.2877e-04
  111    290  8.0661e-18  2.3392e-15
  111    291  4.3757e-07  1.2733e-04
  111    292  3.1419e-06  9.1743e-04
  111    293  1.5965e-06  4.6777e-04
  111    294  2.5411e-06  7.4708e-04
  111    295  8.6413e-07  2.5492e-04
  111    296  1.9494e-06  5.7702e-04
  111    297  9.8456e-07  2.9241e-04
  111    298  1.6245e-07  4.8410e-05
  111    299  1.2652e-07  3.7831e-05
  111    300  4.3354e-08  1.3006e-05
  111    301  2.3294e-06  7.0114e-04
  111    302  2.8103e-06  8.4872e-04
  111    303  1.5554e-06  4.7129e-04
  111    304  1.8319e-06  5.5688e-04
  111    305  1.8058e-06  5.5077e-04
  111    306  2.6184e-06  8.0123e-04
  111    307  1.3708e-06  4.2084e-04
  111    308  1.0611e-06  3.2683e-04
  111    309  9.9740e-07  3.0820e-04
  111    310  1.3774e-06  4.2700e-04
  111    311  3.8204e-07  1.1881e-04
  111    312  8.5772e-07  2.6761e-04
  111    313  3.7524e-07  1.1745e-04
  111    314  9.4543e-07  2.9686e-04
  111    315  4.8569e-07  1.5299e-04
  111    316  6.6992e-07  2.1169e-04
  111    317  6.8783e-07  2.1804e-04
  111    318  3.2422e-06  1.0310e-03
  111    319  8.6030e-07  2.7443e-04
  111    320  1.1751e-06  3.7603e-04
  111    321  2.4340e-07  7.8132e-05
  111    322  2.1051e-07  6.7785e-05
  111    323  1.7199e-07  5.5552e-05
  111    324  1.3292e-07  4.3067e-05
  111    325  2.5441e-08  8.2684e-06
  111    326  7.1766e-08  2.3396e-05
  111    327  7.3635e-08  2.4079e-05
  111    328  2.8904e-09  9.4805e-07
  111    329  3.3512e-08  1.1025e-05
  111    330  2.1515e-08  7.1001e-06
  111    331  2.0234e-09  6.6974e-07
  111    332  6.0484e-09  2.0081e-06
  111    333  9.1777e-10  3.0562e-07
  111    334  8.8740e-10  2.9639e-07
  111    335  3.3195e-10  1.1120e-07
  111    336  1.4994e-10  5.0380e-08
  111    337  5.2687e-09  1.7755e-06
    1      1  8.2138e-09  8.2138e-09
    2      4  1.9933e-01  7.9733e-01


