1  1.0511e-09
2  1.8651e-01
3  1.3818e-15
4  2.4650e-13
5  1.3780e-16
6  1.0405e-08
7  1.7526e-08
8  1.4387e-08
9  1.2630e-08
10  3.9150e-08
11  1.5531e-08
12  5.0323e-07
13  5.8912e-09
14  1.3750e-07
15  1.7130e-08
16  1.8844e-06
17  2.7937e-07
18  1.1033e-06
19  5.8724e-07
20  3.4292e-06
21  1.0670e-06
22  2.0156e-06
23  8.0991e-08
24  7.5528e-06
25  2.5447e-07
26  2.0508e-06
27  8.4062e-10
28  5.4735e-07
29  8.1654e-07
30  3.1316e-06
31  1.3804e-06
32  1.1653e-05
33  2.1462e-06
34  6.6198e-05
35  1.0255e-05
36  5.2382e-05
37  2.0472e-05
38  3.1598e-05
39  6.3220e-06
40  1.8950e-05
41  9.4055e-06
42  8.7369e-05
43  2.4213e-30
44  1.0567e-04
45  7.3695e-06
46  4.5033e-04
47  2.7992e-04
48  3.4069e-04
49  4.2057e-05
50  1.3964e-04
51  3.8758e-05
52  3.6382e-04
53  1.3913e-04
54  3.8071e-05
55  2.9355e-07
56  9.2358e-08
57  7.7631e-11
58  1.5736e-09
59  2.4996e-09
60  7.1795e-10
61  1.0501e-315
62  4.5190e-10
63  1.3041e-10
64  1.6077e-10
65  2.8678e-12
66  2.1245e-11
67  2.8487e-12
68  1.1156e-11
69  2.7046e-12
70  7.5809e-13
71  4.4890e-14
72  6.1757e-14
73  2.2547e-15
74  2.5393e-15
75  3.4499e-16
76  6.8157e-16
77  3.6225e-16
78  9.5501e-17
79  5.3125e-18
80  4.9612e-19
81  8.3272e-23
82  0.0000e+00
83  0.0000e+00
84  0.0000e+00
85  0.0000e+00
86  0.0000e+00
87  0.0000e+00
88  0.0000e+00
89  0.0000e+00
90  0.0000e+00
91  0.0000e+00
92  0.0000e+00
93  0.0000e+00
94  0.0000e+00
95  0.0000e+00
96  0.0000e+00
97  0.0000e+00
98  0.0000e+00
99  0.0000e+00
100  0.0000e+00
101  0.0000e+00
102  0.0000e+00
103  0.0000e+00
104  0.0000e+00
105  0.0000e+00
106  0.0000e+00
107  0.0000e+00
108  0.0000e+00
109  0.0000e+00
110  0.0000e+00
111  0.0000e+00
112  0.0000e+00
113  0.0000e+00
114  0.0000e+00
115  0.0000e+00
116  0.0000e+00
117  0.0000e+00
118  0.0000e+00

