1  2.0284e-08
2  2.2002e-01
3  2.3358e-09
4  2.7024e-08
5  2.0988e-07
6  8.1701e-08
7  9.5591e-06
8  3.6677e-07
9  7.3583e-07
10  1.7128e-06
11  7.1615e-07
12  6.8563e-07
13  9.6323e-08
14  2.5275e-07
15  2.4384e-08
16  6.3969e-07
17  1.7687e-08
18  2.8429e-08
19  5.0437e-08
20  1.4264e-07
21  2.5680e-08
22  5.8536e-08
23  9.1791e-09
24  6.8849e-08
25  4.5161e-09
26  7.1193e-08
27  2.1429e-09
28  3.1599e-08
29  5.7512e-08
30  1.0816e-07
31  1.4727e-08
32  2.3632e-07
33  1.2849e-07
34  7.2794e-07
35  2.5395e-07
36  3.5370e-07
37  1.4790e-07
38  8.1233e-08
39  5.5769e-08
40  2.6791e-07
41  3.6511e-08
42  2.2775e-07
43  1.2616e-33
44  7.0839e-08
45  1.8824e-08
46  2.8175e-06
47  1.2083e-06
48  5.1618e-06
49  1.3449e-06
50  1.5503e-06
51  3.2380e-07
52  6.4464e-06
53  1.7203e-06
54  6.0338e-06
55  5.1529e-07
56  1.8686e-06
57  2.7559e-07
58  7.8382e-07
59  7.6956e-07
60  2.0974e-06
61  7.0644e-85
62  8.9209e-07
63  1.9114e-07
64  1.2405e-06
65  2.5348e-08
66  8.1701e-07
67  2.0858e-07
68  1.6698e-06
69  9.4532e-07
70  1.8500e-06
71  2.8263e-07
72  3.0354e-06
73  7.9451e-07
74  1.8487e-06
75  3.1252e-07
76  2.5371e-06
77  2.6423e-06
78  3.4324e-05
79  1.2590e-05
80  1.0508e-05
81  5.6648e-07
82  3.4949e-05
83  2.6087e-05
84  1.2471e-15
85  3.9611e-26
86  3.4430e-17
87  1.1314e-20
88  5.3692e-11
89  4.2668e-13
90  2.1197e-05
91  6.3968e-10
92  2.8569e-05
93  2.6535e-19
94  1.8045e-07
95  1.8218e-17
96  3.8492e-14
97  2.7694e-09
98  9.4571e-314
99  2.0257e-322
100  1.4640e-05
101  4.9233e-313
102  2.3428e-05
103  5.5771e-06
104  5.7428e-05
105  1.6853e-05
106  9.2291e-05
107  8.7612e-06
108  8.5648e-06
109  2.0343e-319
110  4.0965e-06
111  4.3013e-05
112  0.0000e+00
113  0.0000e+00
114  0.0000e+00
115  0.0000e+00
116  0.0000e+00
117  0.0000e+00
118  0.0000e+00

