    1      2  3.5277e-09  7.0554e-09
    2      3  2.7017e-10  8.1051e-10
    3      6  1.0054e-11  6.0322e-11
    3      7  3.7808e-10  2.6466e-09
    4      8  4.8334e-10  3.8667e-09
    4      9  1.4462e-10  1.3015e-09
    5     10  1.7430e-09  1.7430e-08
    5     11  4.8568e-10  5.3425e-09
    6     12  2.1220e-09  2.5464e-08
    6     13  1.3489e-07  1.7536e-06
    7     14  1.9546e-07  2.7364e-06
    7     15  4.6308e-06  6.9462e-05
    8     16  1.5860e-07  2.5377e-06
    8     17  2.6235e-09  4.4600e-08
    8     18  1.7613e-08  3.1704e-07
    9     19  5.8598e-07  1.1134e-05
   10     20  8.1062e-07  1.6212e-05
   10     21  3.1097e-07  6.5303e-06
   10     22  2.9691e-09  6.5321e-08
   11     23  8.0021e-07  1.8405e-05
   12     24  2.5089e-07  6.0214e-06
   12     25  2.9751e-07  7.4377e-06
   12     26  1.9877e-08  5.1681e-07
   13     26  3.1657e-19  8.2308e-18
   13     27  2.7599e-07  7.4517e-06
   14     28  7.9606e-07  2.2290e-05
   14     29  1.0920e-07  3.1668e-06
   14     30  6.4614e-08  1.9384e-06
   15     31  9.1847e-08  2.8473e-06
   16     32  1.2580e-07  4.0255e-06
   16     33  1.2170e-06  4.0160e-05
   16     34  9.3569e-07  3.1813e-05
   16     36  2.5816e-08  9.2939e-07
   17     35  2.4941e-08  8.7294e-07
   17     37  5.3553e-08  1.9814e-06
   18     36  4.1752e-20  1.5031e-18
   18     38  1.1546e-07  4.3875e-06
   18     40  7.7186e-08  3.0874e-06
   19     39  5.9425e-08  2.3176e-06
   19     41  1.8489e-07  7.5804e-06
   20     42  5.6119e-07  2.3570e-05
   20     43  1.4019e-07  6.0281e-06
   20     44  1.2089e-07  5.3192e-06
   20     46  8.0142e-08  3.6865e-06
   21     45  1.3788e-07  6.2048e-06
   22     47  1.0627e-07  4.9947e-06
   22     48  2.2883e-07  1.0984e-05
   22     49  1.4164e-07  6.9406e-06
   22     50  1.1120e-07  5.5599e-06
   23     51  3.4685e-08  1.7689e-06
   24     52  1.9995e-07  1.0397e-05
   24     53  1.5846e-07  8.3984e-06
   24     54  7.7470e-08  4.1834e-06
   25     55  8.9714e-08  4.9343e-06
   26     56  2.4500e-07  1.3720e-05
   26     57  2.5286e-07  1.4413e-05
   26     58  1.3098e-08  7.5971e-07
   27     59  1.2293e-08  7.2531e-07
   28     60  2.5928e-08  1.5557e-06
   28     61  4.4155e-08  2.6935e-06
   28     62  6.9993e-08  4.3396e-06
   28     64  1.4287e-07  9.1438e-06
   29     63  1.9796e-07  1.2472e-05
   29     65  8.0480e-08  5.2312e-06
   30     66  1.8337e-07  1.2103e-05
   30     67  6.3859e-08  4.2786e-06
   30     68  1.3983e-07  9.5081e-06
   30     70  2.7724e-07  1.9407e-05
   31     69  1.4855e-07  1.0250e-05
   31     71  5.1696e-08  3.6704e-06
   32     70  4.7474e-16  3.3232e-14
   32     72  2.2888e-07  1.6479e-05
   32     73  1.5737e-07  1.1488e-05
   32     74  5.6624e-07  4.1902e-05
   32     76  2.3772e-06  1.8067e-04
   33     75  1.7516e-06  1.3137e-04
   34     76  3.3362e-14  2.5355e-12
   34     77  1.6343e-06  1.2584e-04
   34     78  1.3471e-06  1.0507e-04
   34     80  6.7993e-06  5.4395e-04
   34     82  1.2212e-06  1.0014e-04
   35     79  1.8808e-06  1.4858e-04
   35     81  3.4093e-06  2.7616e-04
   36     82  7.1740e-14  5.8827e-12
   36     83  2.0035e-06  1.6629e-04
   36     84  1.1148e-06  9.3640e-05
   36     86  2.2932e-06  1.9722e-04
   37     85  1.0295e-06  8.7504e-05
   37     87  2.4632e-06  2.1430e-04
   38     87  1.8036e-08  1.5692e-06
   38     88  2.4753e-06  2.1782e-04
   39     89  6.8924e-07  6.1342e-05
   40     90  1.0878e-06  9.7898e-05
   40     91  2.8597e-07  2.6024e-05
   40     92  1.7479e-06  1.6081e-04
   40     94  4.2751e-06  4.0186e-04
   41     93  1.7590e-06  1.6359e-04
   42     95  6.2018e-07  5.8917e-05
   42     96  1.0660e-06  1.0233e-04
   42     97  8.3749e-07  8.1237e-05
   42     98  3.2194e-07  3.1550e-05
   42    100  7.7633e-07  7.7633e-05
   44     99  5.5917e-07  5.5357e-05
   44    100  3.4139e-14  3.4139e-12
   44    101  8.8063e-07  8.8944e-05
   44    102  5.0149e-07  5.1152e-05
   44    104  7.2329e-07  7.5222e-05
   45    103  4.9311e-07  5.0790e-05
   46    104  3.3951e-19  3.5309e-17
   46    105  8.0718e-07  8.4754e-05
   46    106  1.8401e-06  1.9505e-04
   46    108  4.1217e-06  4.4515e-04
   46    110  2.8341e-05  3.1175e-03
   47    107  1.6505e-06  1.7660e-04
   47    109  1.7556e-05  1.9136e-03
   48    110  1.2030e-13  1.3232e-11
   48    111  4.2212e-06  4.6856e-04
   48    112  1.5916e-05  1.7826e-03
   48    113  1.0569e-05  1.1943e-03
   48    114  9.5527e-06  1.0890e-03
   48    116  1.0964e-06  1.2718e-04
   49    113  4.6516e-13  5.2563e-11
   49    115  4.9134e-06  5.6505e-04
   50    115  3.9202e-12  4.5083e-10
   50    116  1.5805e-13  1.8334e-11
   50    117  1.0366e-06  1.2129e-04
   50    118  7.1396e-07  8.4247e-05
   50    119  5.7434e-07  6.8346e-05
   50    120  2.6931e-06  3.2318e-04
   50    122  1.3467e-06  1.6430e-04
   50    124  9.4006e-06  1.1657e-03
   51    121  8.8610e-07  1.0722e-04
   51    123  2.2015e-06  2.7078e-04
   52    122  3.8605e-15  4.7098e-13
   52    124  9.5316e-17  1.1819e-14
   52    125  1.2423e-05  1.5529e-03
   52    126  2.3001e-05  2.8981e-03
   52    128  3.3443e-05  4.2807e-03
   52    130  2.3278e-05  3.0262e-03
   53    127  2.6251e-05  3.3339e-03
   53    129  8.8927e-14  1.1472e-11
   54    128  2.1674e-16  2.7742e-14
   54    129  3.5345e-05  4.5596e-03
   54    130  1.6176e-14  2.1029e-12
   54    131  1.6527e-05  2.1650e-03
   54    132  7.6956e-06  1.0158e-03
   54    134  1.3174e-05  1.7653e-03
   54    136  2.0545e-05  2.7941e-03
   55    133  8.8874e-06  1.1820e-03
   56    134  2.2209e-18  2.9760e-16
   56    135  1.1942e-05  1.6122e-03
   56    136  3.2984e-15  4.4859e-13
   56    137  1.7816e-05  2.4408e-03
   56    138  9.7492e-06  1.3454e-03
   57    139  5.7401e-06  7.9788e-04
   58    140  1.0820e-05  1.5148e-03
   58    142  1.5358e-05  2.1808e-03
   59    141  3.9925e-05  5.6294e-03
   60    142  1.5335e-17  2.1775e-15
   60    143  4.7279e-06  6.7609e-04
   60    144  5.8370e-06  8.4053e-04
   60    145  8.3994e-07  1.2179e-04
   60    146  1.8562e-06  2.7101e-04
   60    148  4.8763e-06  7.2169e-04
   60    150  1.4135e-05  2.1202e-03
   62    147  2.6772e-06  3.9355e-04
   62    148  1.4830e-13  2.1948e-11
   62    149  3.6573e-06  5.4494e-04
   62    150  1.1968e-12  1.7953e-10
   62    152  7.3683e-06  1.1200e-03
   62    154  6.2463e-06  9.6193e-04
   63    151  1.2426e-05  1.8763e-03
   63    153  3.8726e-06  5.9251e-04
   64    154  1.5464e-14  2.3814e-12
   64    155  4.0492e-06  6.2762e-04
   64    156  9.7084e-06  1.5145e-03
   64    157  6.3000e-06  9.8910e-04
   64    158  1.1074e-05  1.7498e-03
   64    160  1.0941e-05  1.7505e-03
   65    159  6.7047e-06  1.0660e-03
   66    160  5.3036e-15  8.4857e-13
   66    161  5.7050e-06  9.1851e-04
   66    162  1.1766e-05  1.9062e-03
   66    163  6.1289e-06  9.9900e-04
   66    164  1.2268e-05  2.0120e-03
   67    165  6.1676e-06  1.0177e-03
   68    166  1.2169e-05  2.0201e-03
   68    167  5.6122e-06  9.3723e-04
   68    168  1.1320e-05  1.9018e-03
   68    170  9.7306e-06  1.6542e-03
   69    169  9.9064e-06  1.6742e-03
   70    170  1.5274e-15  2.5967e-13
   70    171  8.9668e-06  1.5333e-03
   70    172  8.4849e-06  1.4594e-03
   70    173  9.6202e-06  1.6643e-03
   70    174  1.1929e-05  2.0756e-03
   70    176  8.8603e-06  1.5594e-03
   71    175  1.0006e-05  1.7510e-03
   71    176  3.2601e-16  5.7379e-14
   72    176  3.0523e-18  5.3721e-16
   72    177  9.5167e-06  1.6845e-03
   72    178  8.2759e-06  1.4731e-03
   72    179  5.8344e-06  1.0444e-03
   72    180  3.9697e-06  7.1454e-04
   73    181  2.6177e-06  4.7380e-04
   74    182  2.1379e-06  3.8909e-04
   74    183  1.0955e-06  2.0048e-04
   74    184  1.6197e-06  2.9802e-04
   74    186  2.8560e-06  5.3122e-04
   75    185  1.0671e-06  1.9742e-04
   75    187  1.9652e-06  3.6749e-04
   76    186  6.0153e-19  1.1188e-16
   76    187  1.5972e-08  2.9867e-06
   76    188  5.5779e-06  1.0487e-03
   76    189  1.1810e-05  2.2321e-03
   76    190  2.0913e-05  3.9735e-03
   76    192  3.7706e-05  7.2396e-03
   77    191  2.5880e-05  4.9430e-03
   77    193  4.7992e-05  9.2624e-03
   78    192  3.9843e-16  7.6498e-14
   78    194  4.3382e-05  8.4162e-03
   78    195  3.6775e-05  7.1711e-03
   78    196  1.6423e-05  3.2189e-03
   78    198  1.8011e-06  3.5661e-04
   79    197  6.6002e-06  1.3002e-03
   80    198  8.8347e-17  1.7493e-14
   80    199  5.1709e-07  1.0290e-04
   80    200  1.5059e-07  3.0118e-05
   80    201  8.4674e-08  1.7019e-05
   80    202  2.0906e-07  4.2231e-05
   80    204  5.6434e-07  1.1513e-04
   81    203  3.3660e-07  6.8329e-05
   81    205  4.7314e-07  9.6993e-05
   82    206  1.2697e-06  2.6155e-04
   82    207  1.1729e-06  2.4279e-04
   82    208  1.1894e-06  2.4740e-04
   82    210  3.9491e-15  8.2932e-13
   82    211  1.3542e-20  2.8574e-18
   82    212  2.6782e-20  5.6778e-18
   83    209  9.9842e-07  2.0867e-04
   83    210  8.2840e-20  1.7396e-17
   84    210  2.2873e-18  4.8032e-16
   86    222  6.3137e-20  1.4016e-17
   88    223  1.3239e-18  2.9523e-16
   88    224  6.9208e-20  1.5503e-17
   88    226  9.6610e-15  2.1834e-12
   88    228  2.2255e-13  5.0741e-11
   89    227  9.2066e-16  2.0899e-13
   90    227  2.1278e-18  4.8301e-16
   90    228  1.3291e-17  3.0303e-15
   90    230  4.5532e-13  1.0472e-10
   90    231  1.2315e-19  2.8448e-17
   90    232  9.7416e-08  2.2601e-05
   90    234  1.5396e-19  3.6026e-17
   91    231  1.3803e-12  3.1884e-10
   92    234  1.4826e-12  3.4694e-10
   92    235  2.9749e-08  6.9909e-06
   92    236  8.4355e-11  1.9908e-08
   92    238  2.6972e-08  6.4194e-06
   94    239  3.1468e-20  7.5210e-18
   94    240  1.6694e-14  4.0066e-12
   94    244  2.0321e-10  4.9582e-08
   96    244  5.5152e-20  1.3457e-17
   96    247  2.0304e-17  5.0151e-15
   97    246  3.4946e-12  8.5968e-10
  100    258  8.9172e-10  2.3006e-07
  100    260  5.2264e-10  1.3589e-07
  100    262  3.9993e-10  1.0478e-07
  102    261  3.4760e-10  9.0725e-08
  102    263  3.0919e-10  8.1318e-08
  102    264  2.3933e-10  6.3182e-08
  102    266  9.7566e-11  2.5952e-08
  103    265  1.0161e-10  2.6928e-08
  104    267  5.4113e-11  1.4448e-08
  104    268  4.1110e-11  1.1017e-08
  104    270  3.5202e-11  9.5046e-09
  104    272  1.7445e-11  4.7450e-09
  104    274  6.2026e-12  1.6995e-09
  105    269  5.8408e-11  1.5712e-08
  105    271  2.0938e-11  5.6742e-09
  106    273  1.1280e-11  3.0795e-09
  106    275  2.5846e-12  7.1077e-10
  106    276  1.8562e-12  5.1232e-10
  106    278  1.9388e-13  5.3900e-11
  106    280  6.6704e-15  1.8677e-12
  107    277  3.0087e-13  8.3341e-11
  108    279  3.0432e-14  8.4906e-12
  108    281  1.9287e-15  5.4197e-13
  108    282  2.6943e-15  7.5980e-13
  108    283  1.8246e-15  5.1636e-13
  108    284  2.6767e-15  7.6019e-13
  108    286  2.6300e-15  7.5217e-13
  110    285  2.6990e-15  7.6920e-13
  110    287  1.5027e-15  4.3127e-13
  110    288  1.1045e-15  3.1809e-13
  110    290  4.4457e-16  1.2893e-13
  111    289  4.3429e-16  1.2551e-13
  111    291  2.0100e-16  5.8492e-14
  111    292  1.7002e-15  4.9646e-13
  111    293  7.1685e-16  2.1004e-13
  111    294  9.2734e-16  2.7264e-13
  111    295  3.3047e-16  9.7487e-14
  111    296  1.8344e-16  5.4300e-14
  111    297  7.4353e-17  2.2083e-14
  111    298  8.3064e-17  2.4753e-14
  111    299  1.1217e-17  3.3540e-15
  111    300  6.8599e-18  2.0580e-15
  111    301  2.5218e-17  7.5908e-15
  111    302  1.6262e-16  4.9110e-14
  111    303  2.0111e-17  6.0937e-15
  111    304  2.3254e-17  7.0692e-15
  111    305  8.3954e-18  2.5606e-15
  111    306  1.0340e-17  3.1640e-15
  111    307  1.3970e-18  4.2888e-16
  111    308  3.1999e-18  9.8556e-16
  111    309  6.9828e-19  2.1577e-16
  111    310  9.4201e-19  2.9202e-16
  111    311  1.2258e-19  3.8123e-17
  111    312  3.2425e-19  1.0117e-16
  111    313  4.1670e-20  1.3043e-17
  111    314  1.0126e-19  3.1794e-17
  111    315  1.2364e-20  3.8946e-18
  111    316  2.4712e-20  7.8091e-18
  111    318  1.4439e-20  4.5916e-18
    1      1  1.7077e-09  1.7077e-09
    2      4  2.0916e-01  8.3666e-01


