    1      2  1.3956e-09  2.7911e-09
    2      3  4.8093e-11  1.4428e-10
    3      6  3.9692e-12  2.3815e-11
    3      7  9.8682e-11  6.9077e-10
    4      8  1.2877e-11  1.0302e-10
    4      9  9.7983e-13  8.8185e-12
    5     10  1.1305e-11  1.1305e-10
    5     11  9.5527e-11  1.0508e-09
    6     12  2.2644e-09  2.7173e-08
    6     13  4.2064e-09  5.4683e-08
    7     14  8.3729e-07  1.1722e-05
    7     15  6.6722e-07  1.0008e-05
    8     16  3.8940e-08  6.2304e-07
    8     17  8.6541e-10  1.4712e-08
    8     18  2.8435e-08  5.1184e-07
    9     19  2.2882e-07  4.3477e-06
   10     20  3.2355e-07  6.4710e-06
   10     21  3.5293e-07  7.4116e-06
   10     22  5.5774e-09  1.2270e-07
   11     23  2.6094e-07  6.0015e-06
   12     24  9.7441e-08  2.3386e-06
   12     25  9.2606e-08  2.3152e-06
   12     26  5.5609e-08  1.4458e-06
   13     26  6.9865e-19  1.8165e-17
   13     27  3.9195e-07  1.0583e-05
   14     28  1.1593e-06  3.2461e-05
   14     29  1.4991e-07  4.3473e-06
   14     30  6.6384e-08  1.9915e-06
   15     31  1.0948e-07  3.3938e-06
   16     32  1.5425e-07  4.9361e-06
   16     33  1.6353e-06  5.3964e-05
   16     34  1.2568e-06  4.2733e-05
   16     36  2.3225e-08  8.3612e-07
   17     35  1.6247e-08  5.6866e-07
   17     37  9.6854e-08  3.5836e-06
   18     36  3.1067e-19  1.1184e-17
   18     38  2.4836e-07  9.4377e-06
   18     40  7.9798e-07  3.1919e-05
   19     39  4.8571e-07  1.8943e-05
   19     41  4.6622e-08  1.9115e-06
   20     42  1.2858e-06  5.4004e-05
   20     43  6.5991e-07  2.8376e-05
   20     44  8.5560e-08  3.7647e-06
   20     46  1.9914e-07  9.1605e-06
   21     45  1.9783e-07  8.9023e-06
   22     46  7.4520e-20  3.4279e-18
   22     47  2.3505e-07  1.1047e-05
   22     48  4.5808e-07  2.1988e-05
   22     49  4.8299e-07  2.3667e-05
   22     50  5.0828e-07  2.5414e-05
   23     51  1.0731e-07  5.4730e-06
   24     52  2.2636e-07  1.1771e-05
   24     53  1.8962e-07  1.0050e-05
   24     54  1.1316e-07  6.1106e-06
   25     55  1.5265e-07  8.3958e-06
   26     56  7.0041e-07  3.9223e-05
   26     57  1.0282e-06  5.8610e-05
   26     58  3.8425e-08  2.2286e-06
   27     59  5.6257e-08  3.3192e-06
   28     60  1.3595e-07  8.1571e-06
   28     61  1.9141e-07  1.1676e-05
   28     62  1.2080e-07  7.4896e-06
   28     64  1.6897e-07  1.0814e-05
   29     63  4.5674e-07  2.8775e-05
   29     65  1.4117e-07  9.1758e-06
   30     64  5.2980e-20  3.3907e-18
   30     66  3.2555e-07  2.1486e-05
   30     67  1.9440e-07  1.3025e-05
   30     68  1.4896e-07  1.0129e-05
   30     70  6.2305e-07  4.3614e-05
   31     69  1.7420e-07  1.2020e-05
   31     71  1.1231e-07  7.9743e-06
   32     70  5.7222e-15  4.0056e-13
   32     72  3.2876e-07  2.3671e-05
   32     73  2.9766e-07  2.1729e-05
   32     74  9.9482e-07  7.3617e-05
   32     76  2.8359e-06  2.1553e-04
   33     75  2.0336e-06  1.5252e-04
   34     76  4.3733e-13  3.3237e-11
   34     77  3.8729e-06  2.9822e-04
   34     78  6.9945e-06  5.4557e-04
   34     80  1.4632e-05  1.1706e-03
   34     82  5.2371e-06  4.2944e-04
   35     79  1.0881e-05  8.5957e-04
   35     81  4.2926e-06  3.4770e-04
   36     82  9.6408e-13  7.9054e-11
   36     83  4.1067e-06  3.4086e-04
   36     84  3.1178e-06  2.6189e-04
   36     86  4.5592e-06  3.9209e-04
   37     85  2.8132e-06  2.3912e-04
   37     87  4.5985e-06  4.0007e-04
   38     86  1.8778e-19  1.6149e-17
   38     87  3.3672e-08  2.9295e-06
   38     88  5.1808e-06  4.5591e-04
   39     89  1.1300e-06  1.0057e-04
   40     90  2.7608e-06  2.4848e-04
   40     91  2.2169e-06  2.0174e-04
   40     92  2.8606e-06  2.6317e-04
   40     94  3.5276e-06  3.3159e-04
   41     93  1.3700e-06  1.2741e-04
   42     95  1.6413e-06  1.5593e-04
   42     96  3.7040e-06  3.5558e-04
   42     97  5.2246e-06  5.0679e-04
   42     98  1.3937e-06  1.3658e-04
   42    100  2.7275e-06  2.7275e-04
   44     99  1.9265e-06  1.9072e-04
   44    100  1.1835e-12  1.1835e-10
   44    101  3.5408e-06  3.5762e-04
   44    102  3.4958e-06  3.5657e-04
   44    104  2.0772e-06  2.1603e-04
   45    103  3.4743e-06  3.5785e-04
   46    104  2.0905e-17  2.1742e-15
   46    105  2.0213e-06  2.1224e-04
   46    106  5.2008e-06  5.5129e-04
   46    108  1.1014e-05  1.1895e-03
   46    110  6.5813e-05  7.2394e-03
   47    107  6.0158e-06  6.4369e-04
   47    109  3.5750e-05  3.8968e-03
   48    110  2.6456e-12  2.9102e-10
   48    111  1.0884e-05  1.2081e-03
   48    112  4.2237e-05  4.7305e-03
   48    113  2.4317e-05  2.7478e-03
   48    114  2.9050e-05  3.3117e-03
   48    116  4.0822e-06  4.7353e-04
   49    113  1.0702e-12  1.2093e-10
   49    115  3.1523e-05  3.6252e-03
   50    115  2.5151e-11  2.8924e-09
   50    116  1.1782e-11  1.3667e-09
   50    117  5.1849e-06  6.0664e-04
   50    118  2.3299e-06  2.7492e-04
   50    119  1.3316e-06  1.5846e-04
   50    120  5.3780e-06  6.4536e-04
   50    122  2.2387e-06  2.7312e-04
   50    124  1.1270e-05  1.3974e-03
   51    121  2.0984e-06  2.5391e-04
   51    123  1.8548e-06  2.2814e-04
   52    122  1.1451e-13  1.3970e-11
   52    124  1.1354e-15  1.4079e-13
   52    125  1.6231e-05  2.0288e-03
   52    126  5.5726e-05  7.0215e-03
   52    128  1.2700e-04  1.6256e-02
   52    130  8.6000e-05  1.1180e-02
   53    127  7.2719e-05  9.2353e-03
   53    129  4.4158e-13  5.6964e-11
   54    128  5.4483e-15  6.9739e-13
   54    129  2.4661e-04  3.1812e-02
   54    130  1.0731e-12  1.3951e-10
   54    131  2.6009e-05  3.4072e-03
   54    132  4.0266e-05  5.3151e-03
   54    134  5.1644e-05  6.9203e-03
   54    136  2.3530e-05  3.2001e-03
   55    133  4.4500e-05  5.9186e-03
   56    134  8.5927e-17  1.1514e-14
   56    135  3.3419e-05  4.5116e-03
   56    136  9.0459e-14  1.2302e-11
   56    137  3.5344e-05  4.8422e-03
   56    138  5.2730e-05  7.2767e-03
   57    139  3.5159e-05  4.8871e-03
   58    140  4.9127e-05  6.8777e-03
   58    142  1.2414e-05  1.7628e-03
   59    141  3.7114e-05  5.2331e-03
   60    142  1.2025e-16  1.7075e-14
   60    143  6.8515e-06  9.7976e-04
   60    144  7.9776e-06  1.1488e-03
   60    145  4.9094e-07  7.1187e-05
   60    146  3.8601e-07  5.6357e-05
   60    148  1.7264e-06  2.5551e-04
   60    150  8.0088e-06  1.2013e-03
   62    147  6.2792e-07  9.2304e-05
   62    148  3.3589e-13  4.9712e-11
   62    149  1.4068e-06  2.0962e-04
   62    150  5.5095e-12  8.2642e-10
   62    152  9.4703e-06  1.4395e-03
   62    154  6.1283e-06  9.4375e-04
   63    151  5.9294e-06  8.9534e-04
   63    153  4.8175e-06  7.3707e-04
   64    152  2.2771e-20  3.4612e-18
   64    154  2.0243e-13  3.1174e-11
   64    155  4.2502e-06  6.5877e-04
   64    156  3.5736e-06  5.5749e-04
   64    157  4.6952e-06  7.3715e-04
   64    158  6.2490e-06  9.8735e-04
   64    160  3.2831e-06  5.2529e-04
   65    159  5.0723e-07  8.0650e-05
   66    160  7.4312e-15  1.1890e-12
   66    161  3.0023e-06  4.8337e-04
   66    162  2.1516e-06  3.4857e-04
   66    163  1.7567e-06  2.8634e-04
   66    164  4.5158e-06  7.4060e-04
   67    165  2.8540e-06  4.7091e-04
   68    166  6.5971e-06  1.0951e-03
   68    167  4.1402e-06  6.9142e-04
   68    168  2.4577e-06  4.1289e-04
   68    170  1.3764e-06  2.3399e-04
   69    169  4.8675e-06  8.2261e-04
   70    170  5.7805e-15  9.8269e-13
   70    171  1.2982e-06  2.2198e-04
   70    172  1.1263e-06  1.9372e-04
   70    173  7.9590e-07  1.3769e-04
   70    174  1.7050e-06  2.9667e-04
   70    176  1.3127e-06  2.3103e-04
   71    175  8.2389e-07  1.4418e-04
   71    176  2.6523e-16  4.6680e-14
   72    176  2.4833e-18  4.3705e-16
   72    177  1.7875e-06  3.1639e-04
   72    178  8.4223e-07  1.4992e-04
   72    179  4.3233e-07  7.7388e-05
   72    180  5.2281e-07  9.4106e-05
   73    181  5.2171e-07  9.4429e-05
   74    182  3.4592e-07  6.2958e-05
   74    183  1.7083e-07  3.1262e-05
   74    184  1.0010e-07  1.8419e-05
   74    186  5.3935e-08  1.0032e-05
   75    185  4.3216e-08  7.9950e-06
   75    187  3.2695e-08  6.1140e-06
   76    186  1.7554e-19  3.2650e-17
   76    187  2.6572e-10  4.9690e-08
   76    188  5.7594e-08  1.0828e-05
   76    189  4.6425e-08  8.7743e-06
   76    190  1.4910e-07  2.8328e-05
   76    192  2.1342e-07  4.0977e-05
   77    191  2.0799e-07  3.9727e-05
   77    193  1.5822e-07  3.0536e-05
   78    192  3.2525e-17  6.2448e-15
   78    194  2.6096e-07  5.0627e-05
   78    195  2.2554e-07  4.3981e-05
   78    196  1.8000e-07  3.5279e-05
   78    198  3.6469e-08  7.2209e-06
   79    197  1.0168e-07  2.0032e-05
   80    198  1.0981e-17  2.1742e-15
   80    199  9.3423e-09  1.8591e-06
   80    200  4.0589e-09  8.1178e-07
   80    201  3.2153e-10  6.4628e-08
   80    202  5.6786e-11  1.1471e-08
   80    204  1.7136e-12  3.4957e-10
   81    203  5.2413e-12  1.0640e-09
   81    205  1.4599e-12  2.9929e-10
   82    206  6.4192e-12  1.3224e-09
   82    207  6.2153e-12  1.2866e-09
   82    208  7.3960e-12  1.5384e-09
   82    210  2.6605e-17  5.5870e-15
   82    214  7.2895e-17  1.5600e-14
   83    209  5.1044e-12  1.0668e-09
   84    215  5.7610e-16  1.2386e-13
   84    216  2.2492e-16  4.8583e-14
   88    228  1.7782e-19  4.0544e-17
   90    230  2.1983e-19  5.0560e-17
   90    232  7.7839e-14  1.8059e-11
   91    231  6.6860e-19  1.5445e-16
   92    234  7.1979e-19  1.6843e-16
   92    235  1.4410e-14  3.3864e-12
   92    236  9.9761e-18  2.3544e-15
   92    238  6.3916e-15  1.5212e-12
   92    240  4.6497e-18  1.1159e-15
   94    244  2.7800e-17  6.7831e-15
   97    246  4.5244e-19  1.1130e-16
  100    258  3.3051e-17  8.5272e-15
  100    260  1.3443e-17  3.4952e-15
  100    262  4.3792e-18  1.1473e-15
  102    261  6.3601e-18  1.6600e-15
  102    263  2.5414e-18  6.6839e-16
  102    264  2.0055e-18  5.2944e-16
  102    266  7.7081e-19  2.0504e-16
  103    265  9.4134e-19  2.4945e-16
  104    267  2.5618e-19  6.8399e-17
  104    268  1.2709e-19  3.4060e-17
  104    270  6.9698e-20  1.8819e-17
  104    272  2.5464e-20  6.9261e-18
  105    269  1.2995e-19  3.4956e-17
  105    271  3.8536e-20  1.0443e-17
  106    273  1.3835e-20  3.7768e-18
    1      1  1.5319e-09  1.5319e-09
    2      4  1.9947e-01  7.9787e-01


