    1      2  1.3884e-08  2.7767e-08
    2      3  9.5608e-10  2.8682e-09
    3      6  2.5590e-11  1.5354e-10
    3      7  2.5802e-09  1.8061e-08
    4      8  2.6808e-08  2.1447e-07
    4      9  1.2840e-08  1.1556e-07
    5     10  2.6652e-07  2.6652e-06
    5     11  2.0098e-09  2.2108e-08
    6     12  8.1902e-09  9.8283e-08
    6     13  5.6415e-08  7.3339e-07
    7     14  5.7210e-08  8.0094e-07
    7     15  1.2014e-05  1.8022e-04
    8     16  4.0365e-07  6.4585e-06
    8     17  1.6204e-08  2.7547e-07
    8     18  9.1390e-08  1.6450e-06
    9     19  9.1523e-07  1.7389e-05
   10     20  1.3666e-06  2.7332e-05
   10     21  8.3041e-07  1.7439e-05
   10     22  3.3506e-09  7.3714e-08
   11     23  4.3973e-07  1.0114e-05
   12     24  4.8743e-07  1.1698e-05
   12     25  5.4058e-07  1.3515e-05
   12     26  1.0383e-07  2.6996e-06
   13     26  1.2119e-19  3.1510e-18
   13     27  8.7167e-08  2.3535e-06
   14     28  1.3321e-07  3.7298e-06
   14     29  7.3436e-08  2.1296e-06
   14     30  7.1371e-08  2.1411e-06
   15     31  6.2119e-08  1.9257e-06
   16     32  7.7413e-08  2.4772e-06
   16     33  9.8133e-08  3.2384e-06
   16     34  9.1166e-08  3.0997e-06
   16     36  2.1341e-08  7.6828e-07
   17     35  3.3664e-09  1.1782e-07
   17     37  2.1463e-08  7.9412e-07
   18     36  7.2885e-20  2.6239e-18
   18     38  3.2129e-08  1.2209e-06
   18     40  9.8206e-09  3.9282e-07
   19     39  1.1692e-08  4.5599e-07
   19     41  5.2315e-08  2.1449e-06
   20     42  8.0527e-08  3.3821e-06
   20     43  1.2456e-08  5.3561e-07
   20     44  4.8899e-08  2.1516e-06
   20     46  1.2868e-08  5.9194e-07
   21     45  3.5620e-08  1.6029e-06
   22     46  2.8174e-19  1.2960e-17
   22     47  3.4338e-08  1.6139e-06
   22     48  3.9762e-08  1.9086e-06
   22     49  4.7739e-09  2.3392e-07
   22     50  1.7919e-08  8.9593e-07
   23     51  4.0244e-08  2.0525e-06
   24     52  7.2556e-08  3.7729e-06
   24     53  3.7398e-08  1.9821e-06
   24     54  1.4640e-08  7.9054e-07
   25     55  1.1438e-08  6.2912e-07
   26     56  3.8627e-08  2.1631e-06
   26     57  4.0869e-08  2.3295e-06
   26     58  3.2852e-10  1.9054e-08
   27     59  8.3897e-10  4.9499e-08
   28     60  1.6320e-09  9.7918e-08
   28     61  1.4526e-09  8.8611e-08
   28     62  6.8580e-09  4.2520e-07
   28     64  1.1919e-08  7.6284e-07
   29     63  2.5754e-07  1.6225e-05
   29     65  5.5740e-08  3.6231e-06
   30     64  4.0860e-20  2.6150e-18
   30     66  1.2905e-07  8.5174e-06
   30     67  2.2693e-07  1.5205e-05
   30     68  4.3227e-08  2.9394e-06
   30     70  9.6294e-08  6.7406e-06
   31     69  1.5095e-08  1.0415e-06
   31     71  4.4116e-08  3.1322e-06
   32     70  3.6263e-15  2.5384e-13
   32     72  1.4167e-07  1.0200e-05
   32     73  8.7904e-08  6.4170e-06
   32     74  2.2605e-07  1.6728e-05
   32     76  1.2548e-07  9.5367e-06
   33     75  1.8473e-07  1.3854e-05
   34     76  1.0865e-13  8.2574e-12
   34     77  5.1653e-07  3.9773e-05
   34     78  8.7686e-07  6.8395e-05
   34     80  6.1205e-06  4.8964e-04
   34     82  2.1223e-06  1.7403e-04
   35     79  1.1837e-06  9.3512e-05
   35     81  1.7383e-06  1.4080e-04
   36     82  5.8147e-12  4.7681e-10
   36     83  1.0803e-06  8.9667e-05
   36     84  6.8674e-07  5.7686e-05
   36     86  1.0660e-06  9.1680e-05
   37     85  5.3621e-07  4.5578e-05
   37     87  6.8166e-07  5.9305e-05
   38     86  2.7253e-18  2.3438e-16
   38     87  4.9913e-09  4.3424e-07
   38     88  6.2460e-07  5.4965e-05
   39     89  4.6580e-07  4.1456e-05
   40     90  4.2610e-07  3.8349e-05
   40     91  4.0439e-07  3.6799e-05
   40     92  7.2690e-07  6.6875e-05
   40     94  1.3686e-06  1.2864e-04
   41     93  2.3735e-06  2.2074e-04
   42     95  8.7682e-07  8.3298e-05
   42     96  2.5425e-07  2.4408e-05
   42     97  4.4805e-07  4.3461e-05
   42     98  1.9090e-07  1.8708e-05
   42    100  2.0848e-07  2.0848e-05
   44     99  1.5573e-07  1.5417e-05
   44    100  1.2789e-14  1.2789e-12
   44    101  7.3622e-08  7.4358e-06
   44    102  2.0108e-07  2.0510e-05
   44    104  1.5085e-07  1.5689e-05
   45    103  2.6921e-07  2.7728e-05
   46    104  5.9316e-16  6.1688e-14
   46    105  2.5770e-07  2.7059e-05
   46    106  2.2255e-07  2.3590e-05
   46    108  3.3412e-07  3.6085e-05
   46    110  8.5498e-07  9.4048e-05
   47    107  4.5490e-07  4.8674e-05
   47    109  5.6164e-07  6.1218e-05
   48    110  1.5011e-13  1.6512e-11
   48    111  9.2679e-08  1.0287e-05
   48    112  4.1242e-07  4.6191e-05
   48    113  4.6498e-07  5.2543e-05
   48    114  5.5368e-07  6.3120e-05
   48    116  1.4610e-08  1.6948e-06
   49    113  2.0464e-14  2.3124e-12
   49    115  4.6686e-07  5.3689e-05
   50    115  3.7249e-13  4.2836e-11
   50    116  2.9980e-15  3.4777e-13
   50    117  6.6356e-08  7.7636e-06
   50    118  3.6895e-08  4.3537e-06
   50    119  2.5492e-08  3.0335e-06
   50    120  8.7813e-08  1.0538e-05
   50    122  1.3936e-07  1.7002e-05
   50    124  1.4605e-06  1.8111e-04
   51    121  2.4624e-07  2.9795e-05
   51    123  3.3151e-07  4.0776e-05
   52    122  3.0529e-14  3.7245e-12
   52    124  4.4023e-16  5.4588e-14
   52    125  1.3578e-06  1.6972e-04
   52    126  3.9046e-06  4.9198e-04
   52    128  9.3135e-06  1.1921e-03
   52    130  1.5070e-06  1.9591e-04
   53    127  5.0056e-06  6.3571e-04
   53    129  2.9840e-14  3.8493e-12
   54    128  1.2639e-17  1.6179e-15
   54    129  9.0919e-06  1.1728e-03
   54    130  6.0171e-14  7.8223e-12
   54    131  1.1102e-06  1.4544e-04
   54    132  1.0067e-06  1.3288e-04
   54    134  5.9853e-07  8.0203e-05
   54    136  1.2062e-06  1.6404e-04
   55    133  4.3952e-07  5.8456e-05
   56    134  1.5199e-18  2.0366e-16
   56    135  5.1013e-07  6.8868e-05
   56    136  2.5875e-16  3.5190e-14
   56    137  7.5353e-07  1.0323e-04
   56    138  9.4010e-07  1.2973e-04
   57    139  1.3959e-07  1.9403e-05
   58    140  5.9134e-07  8.2787e-05
   58    142  1.0894e-07  1.5470e-05
   59    141  1.2308e-07  1.7355e-05
   60    142  1.1564e-19  1.6421e-17
   60    143  5.4903e-08  7.8512e-06
   60    144  1.6161e-07  2.3272e-05
   60    145  5.4938e-08  7.9660e-06
   60    146  1.7367e-07  2.5355e-05
   60    148  1.9387e-07  2.8693e-05
   60    150  5.6293e-08  8.4440e-06
   62    147  2.6667e-07  3.9201e-05
   62    148  4.0320e-16  5.9673e-14
   62    149  4.8064e-08  7.1615e-06
   62    150  2.3230e-13  3.4845e-11
   62    152  1.4179e-07  2.1553e-05
   62    154  1.6874e-07  2.5986e-05
   63    151  4.1407e-08  6.2525e-06
   63    153  1.1336e-07  1.7344e-05
   64    154  1.0511e-14  1.6187e-12
   64    155  5.4259e-07  8.4101e-05
   64    156  1.2784e-07  1.9942e-05
   64    157  1.4002e-07  2.1983e-05
   64    158  1.6180e-07  2.5564e-05
   64    160  2.5867e-07  4.1387e-05
   65    159  2.1599e-07  3.4342e-05
   66    160  9.5924e-15  1.5348e-12
   66    161  1.9856e-07  3.1968e-05
   66    162  1.1119e-07  1.8013e-05
   66    163  9.7687e-08  1.5923e-05
   66    164  2.8711e-07  4.7086e-05
   67    165  2.0446e-07  3.3736e-05
   68    166  3.4974e-07  5.8057e-05
   68    167  3.8370e-07  6.4078e-05
   68    168  4.0067e-07  6.7313e-05
   68    170  4.1708e-07  7.0904e-05
   69    169  9.5985e-07  1.6221e-04
   70    170  7.6270e-15  1.2966e-12
   70    171  2.6314e-07  4.4997e-05
   70    172  1.8935e-07  3.2569e-05
   70    173  2.1450e-07  3.7108e-05
   70    174  5.8138e-07  1.0116e-04
   70    176  1.3647e-06  2.4019e-04
   71    175  2.6413e-07  4.6223e-05
   71    176  1.2134e-15  2.1356e-13
   72    176  1.1360e-17  1.9994e-15
   72    177  9.7949e-07  1.7337e-04
   72    178  6.8960e-07  1.2275e-04
   72    179  4.0593e-07  7.2662e-05
   72    180  5.9032e-07  1.0626e-04
   72    182  1.1319e-20  2.0601e-18
   73    181  7.4636e-07  1.3509e-04
   74    182  8.2194e-07  1.4959e-04
   74    183  2.6738e-07  4.8930e-05
   74    184  1.3194e-07  2.4276e-05
   74    186  7.6973e-08  1.4317e-05
   75    185  3.9507e-08  7.3087e-06
   75    187  4.2627e-08  7.9712e-06
   76    186  2.4513e-18  4.5595e-16
   76    187  3.4643e-10  6.4783e-08
   76    188  2.1560e-07  4.0533e-05
   76    189  8.3186e-08  1.5722e-05
   76    190  8.3851e-07  1.5932e-04
   76    192  3.4783e-06  6.6784e-04
   77    191  2.2323e-06  4.2637e-04
   77    193  3.3317e-06  6.4301e-04
   78    192  1.0499e-14  2.0157e-12
   78    194  1.1396e-05  2.2109e-03
   78    195  9.6116e-06  1.8743e-03
   78    196  1.6342e-05  3.2030e-03
   78    198  3.8889e-05  7.7000e-03
   79    197  1.5938e-05  3.1399e-03
   80    198  3.9054e-13  7.7327e-11
   80    199  2.7120e-05  5.3968e-03
   80    200  4.0904e-05  8.1808e-03
   80    201  1.0009e-05  2.0119e-03
   80    202  2.3777e-06  4.8030e-04
   80    204  3.8495e-07  7.8531e-05
   80    206  7.0273e-19  1.4476e-16
   81    203  3.5270e-07  7.1598e-05
   81    205  8.6604e-08  1.7754e-05
   81    207  1.2371e-19  2.5607e-17
   82    204  6.8107e-17  1.3894e-14
   82    206  9.0309e-06  1.8604e-03
   82    207  1.0753e-05  2.2259e-03
   82    208  6.6623e-06  1.3857e-03
   82    210  4.0942e-14  8.5979e-12
   82    211  9.4126e-19  1.9861e-16
   82    212  1.1663e-18  2.4726e-16
   82    214  9.4017e-20  2.0120e-17
   83    209  1.7225e-05  3.6000e-03
   83    210  2.5290e-17  5.3109e-15
   83    211  5.5694e-20  1.1751e-17
   83    212  1.1058e-19  2.3442e-17
   83    214  6.9505e-20  1.4874e-17
   84    210  6.9828e-16  1.4664e-13
   84    218  1.0857e-20  2.3668e-18
   86    222  1.9275e-17  4.2791e-15
   88    223  4.2853e-16  9.5562e-14
   88    224  9.5626e-18  2.1420e-15
   88    226  2.9494e-12  6.6657e-10
   88    228  5.5119e-15  1.2567e-12
   89    227  2.9800e-13  6.7647e-11
   89    228  6.7305e-19  1.5345e-16
   90    227  6.8874e-16  1.5634e-13
   90    228  1.8364e-15  4.1870e-13
   90    230  1.3900e-10  3.1971e-08
   90    231  3.9862e-17  9.2080e-15
   90    232  1.3460e-05  3.1228e-03
   90    234  1.2148e-16  2.8426e-14
   91    231  4.4677e-10  1.0320e-07
   91    234  1.4075e-18  3.2936e-16
   92    234  4.5264e-10  1.0592e-07
   92    235  9.6291e-06  2.2628e-03
   92    236  4.4053e-08  1.0397e-05
   92    238  8.2344e-06  1.9598e-03
   92    240  2.1375e-18  5.1301e-16
   93    240  1.5610e-19  3.7464e-17
   94    239  4.3723e-17  1.0450e-14
   94    240  8.7209e-12  2.0930e-09
   94    244  1.0615e-07  2.5901e-05
   95    243  1.3366e-17  3.2480e-15
   96    244  2.8811e-17  7.0299e-15
   96    247  2.8211e-14  6.9680e-12
   97    246  1.4812e-09  3.6438e-07
  100    258  3.9401e-06  1.0165e-03
  100    260  4.5758e-06  1.1897e-03
  100    262  4.9313e-06  1.2920e-03
  102    260  2.3061e-17  5.9959e-15
  102    261  3.7187e-06  9.7058e-04
  102    263  4.3974e-06  1.1565e-03
  102    264  8.9638e-06  2.3665e-03
  102    266  1.2083e-05  3.2141e-03
  103    265  7.5506e-06  2.0009e-03
  104    267  1.0623e-05  2.8364e-03
  104    268  8.8918e-06  2.3830e-03
  104    270  3.6073e-05  9.7396e-03
  104    272  2.4299e-05  6.6094e-03
  104    274  5.8017e-05  1.5897e-02
  105    269  3.0806e-05  8.2869e-03
  105    271  2.2386e-05  6.0666e-03
  106    273  3.0294e-05  8.2702e-03
  106    275  3.0115e-05  8.2815e-03
  106    276  4.4277e-05  1.2220e-02
  106    278  1.3208e-05  3.6718e-03
  106    280  7.1990e-07  2.0157e-04
  107    277  7.8980e-06  2.1878e-03
  108    279  4.3500e-06  1.2136e-03
  108    281  2.0274e-07  5.6970e-05
  108    282  1.4673e-07  4.1379e-05
  108    283  4.9232e-10  1.3933e-07
  108    284  1.8801e-10  5.3394e-08
  108    286  1.3827e-10  3.9546e-08
  110    285  5.4082e-12  1.5413e-09
  110    287  2.8567e-10  8.1986e-08
  110    288  7.8370e-11  2.2571e-08
  110    290  4.3223e-10  1.2535e-07
  111    289  7.6564e-11  2.2127e-08
  111    291  2.1383e-17  6.2224e-15
  111    292  2.3401e-09  6.8331e-07
  111    293  9.1219e-10  2.6727e-07
  111    294  2.1320e-09  6.2680e-07
  111    295  5.0392e-10  1.4866e-07
  111    296  1.3458e-10  3.9837e-08
  111    297  9.4288e-11  2.8003e-08
  111    298  2.2621e-12  6.7412e-10
  111    299  2.2635e-14  6.7677e-12
  111    300  2.6348e-13  7.9043e-11
  111    301  8.7389e-09  2.6304e-06
  111    302  5.7714e-09  1.7430e-06
  111    303  3.6061e-09  1.0926e-06
  111    304  7.3057e-09  2.2209e-06
  111    305  8.7701e-09  2.6749e-06
  111    306  2.9958e-08  9.1671e-06
  111    307  1.4790e-08  4.5406e-06
  111    308  2.1068e-08  6.4891e-06
  111    309  2.7011e-08  8.3463e-06
  111    310  2.5817e-08  8.0032e-06
  111    311  2.6328e-08  8.1880e-06
  111    312  3.7996e-08  1.1855e-05
  111    313  3.4530e-08  1.0808e-05
  111    314  2.9344e-08  9.2142e-06
  111    315  3.5443e-08  1.1165e-05
  111    316  6.9683e-08  2.2020e-05
  111    317  4.6392e-08  1.4706e-05
  111    318  6.8815e-08  2.1883e-05
  111    319  5.2336e-08  1.6695e-05
  111    320  1.1489e-07  3.6764e-05
  111    321  4.0050e-08  1.2856e-05
  111    322  7.3022e-08  2.3513e-05
  111    323  9.9177e-08  3.2034e-05
  111    324  8.5518e-08  2.7708e-05
  111    325  8.8062e-08  2.8620e-05
  111    326  1.4081e-07  4.5905e-05
  111    327  1.4088e-07  4.6067e-05
  111    328  1.6611e-07  5.4485e-05
  111    329  4.4073e-07  1.4500e-04
  111    330  7.0248e-08  2.3182e-05
  111    331  2.0292e-07  6.7165e-05
  111    332  3.1590e-07  1.0488e-04
  111    333  7.5637e-08  2.5187e-05
  111    334  1.6555e-08  5.5295e-06
  111    335  1.8855e-08  6.3163e-06
  111    336  8.6333e-09  2.9008e-06
  111    337  2.2399e-07  7.5484e-05
    1      1  3.1986e-08  3.1986e-08
    2      4  2.0859e-01  8.3437e-01


