    1      2  8.9908e-09  1.7982e-08
    2      3  7.2508e-10  2.1752e-09
    3      6  2.1803e-11  1.3082e-10
    3      7  1.6860e-09  1.1802e-08
    4      8  1.0445e-08  8.3557e-08
    4      9  4.4669e-09  4.0202e-08
    5     10  1.3849e-07  1.3849e-06
    5     11  3.0059e-09  3.3065e-08
    6     12  5.9985e-09  7.1982e-08
    6     13  1.4138e-07  1.8379e-06
    7     14  5.9419e-08  8.3187e-07
    7     15  1.0795e-05  1.6192e-04
    8     16  2.7242e-07  4.3587e-06
    8     17  9.4061e-09  1.5990e-07
    8     18  5.6139e-08  1.0105e-06
    9     19  9.1386e-07  1.7363e-05
   10     20  1.3141e-06  2.6282e-05
   10     21  6.1516e-07  1.2918e-05
   10     22  2.4684e-09  5.4304e-08
   11     23  4.9484e-07  1.1381e-05
   12     24  5.5198e-07  1.3247e-05
   12     25  6.7209e-07  1.6802e-05
   12     26  5.6890e-08  1.4791e-06
   13     26  3.2014e-19  8.3235e-18
   13     27  5.5786e-08  1.5062e-06
   14     28  1.0863e-07  3.0418e-06
   14     29  4.6578e-08  1.3508e-06
   14     30  4.9192e-08  1.4758e-06
   15     31  4.9669e-08  1.5397e-06
   16     32  5.2999e-08  1.6960e-06
   16     33  1.0530e-07  3.4747e-06
   16     34  1.0466e-07  3.5584e-06
   16     36  2.2130e-08  7.9669e-07
   17     35  3.3969e-09  1.1889e-07
   17     37  2.9758e-08  1.1011e-06
   18     36  6.0599e-20  2.1816e-18
   18     38  4.0508e-08  1.5393e-06
   18     40  1.7367e-08  6.9470e-07
   19     39  1.2535e-08  4.8885e-07
   19     41  9.9398e-08  4.0753e-06
   20     42  1.5739e-07  6.6102e-06
   20     43  2.1939e-08  9.4337e-07
   20     44  9.5498e-08  4.2019e-06
   20     46  3.9184e-08  1.8025e-06
   21     45  7.6349e-08  3.4357e-06
   22     46  6.7193e-19  3.0909e-17
   22     47  9.4919e-08  4.4612e-06
   22     48  1.1922e-07  5.7224e-06
   22     49  2.0092e-08  9.8449e-07
   22     50  7.0934e-08  3.5467e-06
   23     51  1.3021e-07  6.6408e-06
   24     52  2.2291e-07  1.1591e-05
   24     53  6.2586e-08  3.3171e-06
   24     54  4.7141e-08  2.5456e-06
   25     55  6.4908e-08  3.5699e-06
   26     56  5.7045e-08  3.1945e-06
   26     57  1.2560e-07  7.1592e-06
   26     58  1.3937e-09  8.0832e-08
   27     59  5.0296e-09  2.9675e-07
   28     60  7.7744e-09  4.6646e-07
   28     61  1.4817e-08  9.0381e-07
   28     62  3.9470e-08  2.4471e-06
   28     64  7.1562e-08  4.5800e-06
   29     63  6.9069e-07  4.3514e-05
   29     65  1.9348e-07  1.2576e-05
   30     64  9.2071e-20  5.8926e-18
   30     66  5.0749e-07  3.3494e-05
   30     67  3.6948e-07  2.4755e-05
   30     68  1.4142e-07  9.6167e-06
   30     70  2.8395e-07  1.9876e-05
   31     69  5.4896e-08  3.7878e-06
   31     71  1.2302e-07  8.7344e-06
   32     70  1.3624e-14  9.5370e-13
   32     72  4.3863e-07  3.1581e-05
   32     73  2.6663e-07  1.9464e-05
   32     74  5.3305e-07  3.9446e-05
   32     76  4.7765e-07  3.6301e-05
   33     75  4.1143e-07  3.0857e-05
   34     76  2.4823e-13  1.8865e-11
   34     77  1.4643e-06  1.1275e-04
   34     78  2.1429e-06  1.6714e-04
   34     80  1.0665e-05  8.5319e-04
   34     82  2.3657e-06  1.9399e-04
   35     79  2.9177e-06  2.3050e-04
   35     81  2.1078e-06  1.7073e-04
   36     82  6.2506e-12  5.1255e-10
   36     83  1.5432e-06  1.2808e-04
   36     84  1.1794e-06  9.9066e-05
   36     86  2.1108e-06  1.8153e-04
   37     85  9.1829e-07  7.8055e-05
   37     87  5.8494e-07  5.0890e-05
   38     86  5.1691e-18  4.4454e-16
   38     87  4.2831e-09  3.7263e-07
   38     88  6.6914e-07  5.8885e-05
   39     89  4.0631e-07  3.6162e-05
   40     90  5.3164e-07  4.7848e-05
   40     91  4.5077e-07  4.1021e-05
   40     92  1.2494e-06  1.1495e-04
   40     94  1.7140e-06  1.6112e-04
   41     93  3.0180e-06  2.8068e-04
   42     95  1.1168e-06  1.0610e-04
   42     96  4.1552e-07  3.9890e-05
   42     97  4.7083e-07  4.5670e-05
   42     98  2.7588e-07  2.7036e-05
   42    100  2.3569e-07  2.3569e-05
   44     99  1.6422e-07  1.6258e-05
   44    100  1.0372e-14  1.0372e-12
   44    101  1.7240e-07  1.7413e-05
   44    102  3.0536e-07  3.1147e-05
   44    104  3.2122e-07  3.3407e-05
   45    103  3.5955e-07  3.7034e-05
   46    104  8.6891e-16  9.0367e-14
   46    105  5.0594e-07  5.3123e-05
   46    106  3.8831e-07  4.1161e-05
   46    108  3.9577e-07  4.2743e-05
   46    110  9.3248e-07  1.0257e-04
   47    107  5.7343e-07  6.1357e-05
   47    109  5.7114e-07  6.2255e-05
   48    110  1.6421e-13  1.8063e-11
   48    111  1.2734e-07  1.4134e-05
   48    112  5.8680e-07  6.5721e-05
   48    113  3.9217e-07  4.4315e-05
   48    114  3.0150e-07  3.4370e-05
   48    116  2.1439e-08  2.4869e-06
   49    113  1.7260e-14  1.9503e-12
   49    115  2.0374e-07  2.3430e-05
   50    115  1.6256e-13  1.8694e-11
   50    116  1.4736e-15  1.7094e-13
   50    117  7.4027e-08  8.6611e-06
   50    118  6.4034e-08  7.5560e-06
   50    119  6.3467e-08  7.5526e-06
   50    120  2.4113e-07  2.8936e-05
   50    122  4.1001e-07  5.0022e-05
   50    124  2.4010e-06  2.9772e-04
   51    121  3.4249e-07  4.1441e-05
   51    123  6.4105e-07  7.8849e-05
   52    122  3.9423e-14  4.8097e-12
   52    124  5.6201e-16  6.9690e-14
   52    125  2.4069e-06  3.0086e-04
   52    126  6.9570e-06  8.7658e-04
   52    128  1.4244e-05  1.8233e-03
   52    130  2.1562e-06  2.8031e-04
   53    127  8.2496e-06  1.0477e-03
   53    129  3.0822e-14  3.9760e-12
   54    128  2.4730e-17  3.1655e-15
   54    129  1.0621e-05  1.3701e-03
   54    130  8.2359e-14  1.0707e-11
   54    131  1.8959e-06  2.4837e-04
   54    132  1.9259e-06  2.5422e-04
   54    134  1.2101e-06  1.6216e-04
   54    136  2.6830e-06  3.6488e-04
   55    133  6.3914e-07  8.5006e-05
   56    134  2.6759e-18  3.5858e-16
   56    135  1.2005e-06  1.6207e-04
   56    136  6.8427e-16  9.3060e-14
   56    137  1.4967e-06  2.0505e-04
   56    138  1.3893e-06  1.9172e-04
   57    139  2.1745e-07  3.0226e-05
   58    140  5.9228e-07  8.2919e-05
   58    142  1.3075e-07  1.8566e-05
   59    141  9.2358e-08  1.3022e-05
   60    142  1.0392e-19  1.4756e-17
   60    143  1.3269e-07  1.8975e-05
   60    144  4.1076e-07  5.9150e-05
   60    145  2.1569e-07  3.1275e-05
   60    146  5.2479e-07  7.6619e-05
   60    148  6.4157e-07  9.4952e-05
   60    150  2.6442e-07  3.9664e-05
   62    147  6.1097e-07  8.9812e-05
   62    148  1.0698e-15  1.5833e-13
   62    149  2.3886e-07  3.5591e-05
   62    150  1.1575e-12  1.7363e-10
   62    152  6.5505e-07  9.9567e-05
   62    154  6.5664e-07  1.0112e-04
   63    151  3.7514e-07  5.6646e-05
   63    153  4.0384e-07  6.1787e-05
   64    154  4.2584e-14  6.5580e-12
   64    155  6.8713e-07  1.0650e-04
   64    156  6.4093e-07  9.9986e-05
   64    157  4.5885e-07  7.2039e-05
   64    158  7.3101e-07  1.1550e-04
   64    160  7.0207e-07  1.1233e-04
   65    159  6.6348e-07  1.0549e-04
   66    160  3.3881e-14  5.4209e-12
   66    161  4.0407e-07  6.5056e-05
   66    162  5.4042e-07  8.7548e-05
   66    163  3.9059e-07  6.3665e-05
   66    164  1.4334e-06  2.3509e-04
   67    165  7.3117e-07  1.2064e-04
   68    166  1.2538e-06  2.0814e-04
   68    167  9.1871e-07  1.5343e-04
   68    168  1.2495e-06  2.0991e-04
   68    170  9.2394e-07  1.5707e-04
   69    169  1.6127e-06  2.7255e-04
   70    170  1.5034e-14  2.5558e-12
   70    171  6.0568e-07  1.0357e-04
   70    172  4.8291e-07  8.3060e-05
   70    173  7.0865e-07  1.2260e-04
   70    174  1.6239e-06  2.8255e-04
   70    176  1.6192e-06  2.8498e-04
   71    175  8.7469e-07  1.5307e-04
   71    176  4.7012e-15  8.2741e-13
   72    176  4.4015e-17  7.7466e-15
   72    177  9.8195e-07  1.7380e-04
   72    178  7.4867e-07  1.3326e-04
   72    179  4.7573e-07  8.5155e-05
   72    180  5.5451e-07  9.9813e-05
   73    181  5.5253e-07  1.0001e-04
   74    182  6.2777e-07  1.1425e-04
   74    183  1.8874e-07  3.4540e-05
   74    184  7.6242e-07  1.4029e-04
   74    186  2.2546e-06  4.1935e-04
   75    185  3.5367e-07  6.5428e-05
   75    187  1.6898e-06  3.1600e-04
   76    186  2.7186e-17  5.0565e-15
   76    187  1.3733e-08  2.5682e-06
   76    188  4.7498e-06  8.9297e-04
   76    189  3.4949e-06  6.6053e-04
   76    190  1.9955e-05  3.7915e-03
   76    192  2.5170e-05  4.8326e-03
   77    191  2.1671e-05  4.1391e-03
   77    193  2.3919e-05  4.6164e-03
   78    192  1.1346e-13  2.1785e-11
   78    194  4.8521e-05  9.4130e-03
   78    195  4.5849e-05  8.9405e-03
   78    196  5.9614e-05  1.1684e-02
   78    198  5.4496e-05  1.0790e-02
   79    197  5.2546e-05  1.0352e-02
   80    198  1.5290e-12  3.0275e-10
   80    199  1.9843e-05  3.9488e-03
   80    200  7.3764e-06  1.4753e-03
   80    201  7.7499e-07  1.5577e-04
   80    202  4.3554e-07  8.7979e-05
   80    204  1.1617e-06  2.3699e-04
   81    203  9.3353e-07  1.8951e-04
   81    205  1.8247e-07  3.7406e-05
   81    207  1.8985e-19  3.9300e-17
   82    204  2.0753e-16  4.2337e-14
   82    206  2.2436e-05  4.6218e-03
   82    207  2.2261e-05  4.6081e-03
   82    208  1.6838e-05  3.5022e-03
   82    210  6.7242e-14  1.4121e-11
   82    211  1.4446e-18  3.0480e-16
   82    212  2.2159e-18  4.6978e-16
   82    214  1.5441e-19  3.3044e-17
   83    209  3.0197e-05  6.3112e-03
   83    210  4.1536e-17  8.7225e-15
   83    211  8.5475e-20  1.8035e-17
   83    212  2.1009e-19  4.4539e-17
   83    214  1.1415e-19  2.4428e-17
   84    210  1.1468e-15  2.4083e-13
   84    218  1.7831e-20  3.8871e-18
   86    222  3.1657e-17  7.0278e-15
   87    223  1.2128e-20  2.7045e-18
   88    223  6.5767e-16  1.4666e-13
   88    224  1.8168e-17  4.0697e-15
   88    226  4.8440e-12  1.0947e-09
   88    228  1.0472e-14  2.3876e-12
   89    227  4.5735e-13  1.0382e-10
   89    228  1.2787e-18  2.9155e-16
   90    227  1.0570e-15  2.3994e-13
   90    228  3.4890e-15  7.9549e-13
   90    230  2.2830e-10  5.2508e-08
   90    231  6.1177e-17  1.4132e-14
   90    232  2.5573e-05  5.9330e-03
   90    234  1.9951e-16  4.6686e-14
   91    231  6.8567e-10  1.5839e-07
   91    234  2.3117e-18  5.4094e-16
   92    234  7.4339e-10  1.7395e-07
   92    235  1.4778e-05  3.4728e-03
   92    236  8.3487e-08  1.9703e-05
   92    238  1.3524e-05  3.2187e-03
   92    240  4.0510e-18  9.7224e-16
   93    240  2.9584e-19  7.1002e-17
   94    239  6.0406e-17  1.4437e-14
   94    240  1.6528e-11  3.9666e-09
   94    244  2.0118e-07  4.9088e-05
   95    243  1.8466e-17  4.4873e-15
   96    244  5.4602e-17  1.3323e-14
   96    247  3.8975e-14  9.6268e-12
   97    246  2.8934e-09  7.1177e-07
  100    258  5.5086e-06  1.4212e-03
  100    260  6.1765e-06  1.6059e-03
  100    262  6.1314e-06  1.6064e-03
  102    260  3.5059e-17  9.1153e-15
  102    261  4.9210e-06  1.2844e-03
  102    263  5.0367e-06  1.3246e-03
  102    264  1.0760e-05  2.8407e-03
  102    266  1.4662e-05  3.9000e-03
  103    265  9.1777e-06  2.4321e-03
  104    267  1.2310e-05  3.2869e-03
  104    268  8.3247e-06  2.2310e-03
  104    270  2.1387e-05  5.7745e-03
  104    272  9.0246e-06  2.4547e-03
  104    274  1.2996e-05  3.5610e-03
  105    269  2.2573e-05  6.0722e-03
  105    271  1.1997e-05  3.2512e-03
  106    273  9.7065e-06  2.6499e-03
  106    275  3.5546e-06  9.7751e-04
  106    276  4.2236e-06  1.1657e-03
  106    278  6.5414e-07  1.8185e-04
  106    280  1.4383e-08  4.0273e-06
  107    277  5.8401e-07  1.6177e-04
  108    279  1.2391e-07  3.4571e-05
  108    281  2.3961e-09  6.7331e-07
  108    282  1.0450e-09  2.9469e-07
  108    283  8.5134e-12  2.4093e-09
  108    284  2.8075e-11  7.9734e-09
  108    286  5.6281e-11  1.6096e-08
  110    285  2.1112e-12  6.0169e-10
  110    287  7.8638e-11  2.2569e-08
  110    288  1.7995e-11  5.1825e-09
  110    290  9.2811e-11  2.6915e-08
  111    289  1.7752e-11  5.1302e-09
  111    291  1.4407e-18  4.1923e-16
  111    292  3.5069e-10  1.0240e-07
  111    293  9.3386e-11  2.7362e-08
  111    294  2.3227e-10  6.8288e-08
  111    295  5.5096e-11  1.6253e-08
  111    296  1.5059e-11  4.4575e-09
  111    297  1.0560e-11  3.1363e-09
  111    298  2.5172e-13  7.5014e-11
  111    299  2.5187e-15  7.5309e-13
  111    300  2.9205e-14  8.7615e-12
  111    301  7.1194e-10  2.1430e-07
  111    302  3.6063e-10  1.0891e-07
  111    303  3.2337e-10  9.7981e-08
  111    304  6.5097e-10  1.9789e-07
  111    305  7.6324e-10  2.3279e-07
  111    306  2.2718e-09  6.9518e-07
  111    307  1.1192e-09  3.4360e-07
  111    308  1.3435e-09  4.1381e-07
  111    309  1.5593e-09  4.8183e-07
  111    310  1.4013e-09  4.3441e-07
  111    311  1.5519e-09  4.8265e-07
  111    312  1.9035e-09  5.9391e-07
  111    313  1.4331e-09  4.4856e-07
  111    314  1.4542e-09  4.5660e-07
  111    315  1.4644e-09  4.6127e-07
  111    316  2.4281e-09  7.6727e-07
  111    317  1.6318e-09  5.1729e-07
  111    318  1.8802e-09  5.9790e-07
  111    319  2.2655e-09  7.2268e-07
  111    320  3.8291e-09  1.2253e-06
  111    321  1.4364e-09  4.6108e-07
  111    322  2.5297e-09  8.1457e-07
  111    323  2.6080e-09  8.4238e-07
  111    324  2.7575e-09  8.9344e-07
  111    325  1.7540e-09  5.7005e-07
  111    326  2.7215e-09  8.8721e-07
  111    327  1.9884e-09  6.5019e-07
  111    328  3.3707e-09  1.1056e-06
  111    329  4.0031e-09  1.3170e-06
  111    330  3.3509e-10  1.1058e-07
  111    331  3.7081e-09  1.2274e-06
  111    332  1.9735e-09  6.5520e-07
  111    333  3.9056e-10  1.3006e-07
  111    334  8.7582e-11  2.9252e-08
  111    335  1.5205e-10  5.0938e-08
  111    336  2.2306e-11  7.4948e-09
  111    337  5.8948e-10  1.9866e-07
    1      1  3.3212e-08  3.3212e-08
    2      4  2.0636e-01  8.2545e-01


