1  2.6359e-10
2  4.2729e-16
3  1.0456e-21
4  1.5582e-01
5  0.0000e+00
6  1.4086e-19
7  6.5180e-21
8  2.1969e-21
9  5.0058e-19
10  2.8481e-19
11  5.1637e-22
12  1.9065e-07
13  1.1600e-13
14  4.8547e-18
15  9.5001e-17
16  4.6593e-09
17  5.5244e-16
18  2.4080e-18
19  3.7189e-18
20  5.0194e-09
21  1.1857e-14
22  3.7884e-18
23  5.6790e-13
24  3.3709e-09
25  4.3949e-10
26  4.6813e-10
27  2.5397e-10
28  2.1665e-09
29  1.9865e-09
30  5.2612e-09
31  4.1113e-09
32  1.4561e-08
33  5.7938e-09
34  2.1397e-08
35  3.8306e-09
36  6.7804e-09
37  1.0670e-08
38  1.9980e-08
39  3.4385e-09
40  2.8312e-10
41  4.8262e-10
42  2.0246e-07
43  6.1847e-09
44  1.1412e-08
45  2.8455e-09
46  9.8014e-09
47  1.3947e-07
48  6.2473e-07
49  1.7236e-08
50  2.9358e-08
51  2.0533e-07
52  3.5017e-06
53  3.5813e-07
54  1.7118e-07
55  6.4088e-09
56  2.3158e-06
57  1.1707e-07
58  1.4296e-06
59  1.3024e-06
60  3.2836e-07
61  2.3989e-07
62  1.6763e-07
63  7.2384e-07
64  2.6515e-06
65  1.3628e-06
66  6.8632e-07
67  9.5744e-07
68  3.9436e-08
69  3.8634e-08
70  9.3931e-08
71  5.1478e-07
72  1.9513e-06
73  5.4151e-06
74  1.5589e-06
75  1.0203e-06
76  3.5259e-06
77  9.8195e-06
78  1.5026e-05
79  8.1231e-06
80  3.9536e-05
81  3.9078e-06
82  3.2776e-07
83  8.1662e-06
84  4.0426e-05
85  3.9077e-06
86  1.5843e-06
87  1.0520e-05
88  1.7863e-04
89  1.7317e-05
90  2.7198e-05
91  4.9360e-05
92  9.5863e-06
93  1.5173e-05
94  3.7714e-04
95  2.1635e-05
96  1.3359e-04
97  5.2739e-05
98  2.1552e-05
99  1.5436e-04
100  1.3566e-04
101  2.1535e-04
102  9.7995e-04
103  1.4567e-04
104  2.7801e-04
105  1.9868e-04
106  7.7417e-05
107  4.4223e-05
108  2.3910e-04
109  5.4895e-05
110  4.2068e-05
111  1.1147e-05
112  3.4109e-05
113  9.2613e-06
114  3.4289e-05
115  7.7408e-06
116  9.6384e-06
117  8.9627e-06
118  1.1098e-06
119  2.5735e-07
120  6.7662e-07
121  2.0381e-07
122  1.7524e-07
123  1.5475e-07
124  5.0062e-07
125  1.4751e-06
126  2.5516e-06
127  1.5946e-06
128  1.2973e-06
129  3.2048e-07
130  4.4460e-08
131  1.4883e-09
132  6.8186e-11
133  7.4350e-14
134  7.6681e-16
135  2.7449e-17
136  1.1041e-15
137  7.1683e-18
138  1.3087e-17
139  1.5987e-18
140  2.0019e-19
141  2.1251e-20
142  8.3632e-20
143  1.6226e-21
144  5.5799e-21
145  1.0213e-21
146  1.5952e-22
147  3.5588e-23
148  1.9545e-24
149  1.4307e-24
150  4.1713e-23
151  1.3834e-23
152  1.3897e-23
153  4.0585e-24
154  2.6721e-24
155  1.5581e-24
156  0.0000e+00
157  0.0000e+00
158  0.0000e+00
159  0.0000e+00
160  0.0000e+00
161  0.0000e+00
162  0.0000e+00
163  0.0000e+00
164  0.0000e+00
165  0.0000e+00
166  0.0000e+00
167  0.0000e+00
168  0.0000e+00
169  0.0000e+00
170  0.0000e+00
171  0.0000e+00
172  0.0000e+00
173  0.0000e+00
174  0.0000e+00
175  0.0000e+00
176  0.0000e+00
177  0.0000e+00
178  0.0000e+00
179  0.0000e+00
180  0.0000e+00
181  0.0000e+00
182  0.0000e+00
183  0.0000e+00
184  0.0000e+00
185  0.0000e+00
186  0.0000e+00
187  0.0000e+00
188  0.0000e+00
189  0.0000e+00
190  0.0000e+00
191  0.0000e+00
192  0.0000e+00
193  0.0000e+00
194  0.0000e+00
195  0.0000e+00
196  0.0000e+00
197  0.0000e+00
198  0.0000e+00
199  0.0000e+00
200  0.0000e+00
201  0.0000e+00
202  0.0000e+00
203  0.0000e+00
204  0.0000e+00
205  0.0000e+00
206  0.0000e+00
207  0.0000e+00
208  0.0000e+00
209  0.0000e+00
210  0.0000e+00
211  0.0000e+00
212  0.0000e+00
213  0.0000e+00
214  0.0000e+00
215  0.0000e+00
216  0.0000e+00
217  0.0000e+00
218  0.0000e+00
219  0.0000e+00
220  0.0000e+00
221  0.0000e+00
222  0.0000e+00
223  0.0000e+00
224  0.0000e+00
225  0.0000e+00
226  0.0000e+00
227  0.0000e+00
228  0.0000e+00
229  0.0000e+00
230  0.0000e+00
231  0.0000e+00
232  0.0000e+00
233  0.0000e+00
234  0.0000e+00
235  0.0000e+00
236  0.0000e+00
237  0.0000e+00
238  0.0000e+00
239  0.0000e+00
240  0.0000e+00
241  0.0000e+00
242  0.0000e+00
243  0.0000e+00
244  0.0000e+00
245  0.0000e+00
246  0.0000e+00
247  0.0000e+00
248  0.0000e+00
249  0.0000e+00
250  0.0000e+00
251  0.0000e+00
252  0.0000e+00
253  0.0000e+00
254  0.0000e+00
255  0.0000e+00
256  0.0000e+00
257  0.0000e+00
258  0.0000e+00
259  0.0000e+00
260  0.0000e+00
261  0.0000e+00
262  0.0000e+00
263  0.0000e+00
264  0.0000e+00
265  0.0000e+00
266  0.0000e+00
267  0.0000e+00
268  0.0000e+00
269  0.0000e+00
270  0.0000e+00
271  0.0000e+00
272  0.0000e+00
273  0.0000e+00
274  0.0000e+00
275  0.0000e+00
276  0.0000e+00
277  0.0000e+00
278  0.0000e+00
279  0.0000e+00
280  0.0000e+00
281  0.0000e+00
282  0.0000e+00
283  0.0000e+00
284  0.0000e+00
285  0.0000e+00
286  0.0000e+00
287  0.0000e+00
288  0.0000e+00
289  0.0000e+00
290  0.0000e+00
291  0.0000e+00
292  0.0000e+00
293  0.0000e+00
294  0.0000e+00
295  0.0000e+00
296  0.0000e+00
297  0.0000e+00
298  0.0000e+00
299  0.0000e+00
300  0.0000e+00
301  0.0000e+00
302  0.0000e+00
303  0.0000e+00
304  0.0000e+00
305  0.0000e+00
306  0.0000e+00
307  0.0000e+00
308  0.0000e+00
309  0.0000e+00
310  0.0000e+00
311  0.0000e+00
312  0.0000e+00
313  0.0000e+00
314  0.0000e+00
315  0.0000e+00
316  0.0000e+00
317  0.0000e+00
318  0.0000e+00
319  0.0000e+00
320  0.0000e+00
321  0.0000e+00
322  0.0000e+00
323  0.0000e+00
324  0.0000e+00
325  0.0000e+00
326  0.0000e+00
327  0.0000e+00
328  0.0000e+00
329  0.0000e+00
330  0.0000e+00
331  0.0000e+00
332  0.0000e+00
333  0.0000e+00
334  0.0000e+00
335  0.0000e+00
336  0.0000e+00
337  0.0000e+00

