1  1.7877e-09
2  3.9081e-09
3  3.0967e-10
4  2.0942e-01
5  0.0000e+00
6  1.0904e-11
7  3.8592e-10
8  1.0117e-09
9  3.1888e-10
10  3.9554e-09
11  6.8412e-10
12  2.3943e-09
13  2.0459e-07
14  2.1997e-07
15  5.9776e-06
16  1.9138e-07
17  3.1439e-09
18  2.0622e-08
19  7.0565e-07
20  9.7794e-07
21  3.1119e-07
22  2.8131e-09
23  8.3663e-07
24  2.6395e-07
25  3.1943e-07
26  2.1565e-08
27  2.5100e-07
28  7.1694e-07
29  1.0226e-07
30  6.7300e-08
31  8.6224e-08
32  1.1763e-07
33  1.0595e-06
34  8.1376e-07
35  2.4461e-08
36  2.4015e-08
37  4.2366e-08
38  9.9245e-08
39  5.4599e-08
40  5.8256e-08
41  1.7488e-07
42  5.4648e-07
43  1.2957e-07
44  1.1669e-07
45  1.3233e-07
46  7.2782e-08
47  9.8344e-08
48  2.0900e-07
49  1.3472e-07
50  1.0842e-07
51  3.1654e-08
52  1.7472e-07
53  1.4427e-07
54  7.2850e-08
55  6.7842e-08
56  1.7409e-07
57  2.3304e-07
58  9.7347e-09
59  1.0791e-08
60  2.2392e-08
61  4.0014e-08
62  6.3494e-08
63  2.9071e-07
64  1.9766e-07
65  1.4118e-07
66  3.6105e-07
67  1.3068e-07
68  1.4614e-07
69  9.6337e-08
70  2.1626e-07
71  3.1634e-08
72  8.7403e-08
73  1.0307e-07
74  6.6305e-07
75  2.6902e-06
76  2.6239e-06
77  1.8839e-06
78  1.9479e-06
79  2.9016e-06
80  7.5746e-06
81  2.2949e-06
82  4.5447e-07
83  1.1173e-06
84  6.1629e-07
85  5.6699e-07
86  1.3552e-06
87  1.0527e-06
88  3.9265e-07
89  1.1828e-07
90  2.1053e-07
91  1.0031e-07
92  6.2002e-07
93  3.9872e-07
94  1.0134e-06
95  4.3012e-07
96  3.1555e-07
97  1.6044e-07
98  8.8048e-08
99  1.0424e-07
100  1.5546e-07
101  2.6028e-07
102  2.2306e-07
103  2.4751e-07
104  2.8801e-07
105  2.8394e-07
106  5.7150e-07
107  5.1009e-07
108  7.2357e-07
109  4.8581e-07
110  4.5234e-07
111  9.0330e-08
112  1.4831e-07
113  5.0347e-08
114  3.0670e-08
115  1.9935e-08
116  1.9100e-08
117  4.6714e-08
118  8.2096e-08
119  9.1170e-08
120  5.1228e-07
121  6.5510e-07
122  1.6077e-06
123  2.1704e-06
124  8.2765e-06
125  1.0864e-05
126  2.2774e-05
127  1.7551e-05
128  2.0023e-05
129  3.6242e-05
130  1.9982e-05
131  1.0582e-05
132  5.5874e-06
133  8.1190e-06
134  8.6076e-06
135  4.2250e-06
136  4.0323e-06
137  4.8054e-06
138  5.0896e-06
139  1.7564e-06
140  2.7019e-06
141  1.0393e-05
142  3.9149e-06
143  5.7096e-07
144  3.0158e-07
145  2.5443e-07
146  5.9447e-07
147  7.9677e-07
148  1.3537e-06
149  1.0272e-06
150  1.4625e-06
151  1.5224e-06
152  2.0102e-06
153  1.4780e-06
154  2.9631e-06
155  1.6786e-06
156  3.8526e-06
157  2.6083e-06
158  5.2796e-06
159  3.0650e-06
160  4.7762e-06
161  2.3559e-06
162  5.6868e-06
163  3.2554e-06
164  8.1201e-06
165  4.2086e-06
166  8.6096e-06
167  3.5783e-06
168  6.2413e-06
169  4.8113e-06
170  3.8144e-06
171  3.0308e-06
172  2.5683e-06
173  2.6999e-06
174  3.5374e-06
175  2.6091e-06
176  2.4131e-06
177  2.8696e-06
178  2.6206e-06
179  2.0744e-06
180  1.7389e-06
181  1.7428e-06
182  2.5368e-06
183  1.7609e-06
184  3.7757e-06
185  2.9705e-06
186  9.1570e-06
187  7.0686e-06
188  1.7712e-05
189  2.6624e-05
190  5.1097e-05
191  4.9960e-05
192  7.0312e-05
193  8.6770e-05
194  7.3256e-05
195  4.9887e-05
196  1.7532e-05
197  5.0945e-06
198  1.2442e-06
199  1.1073e-06
200  1.0172e-06
201  7.6741e-07
202  1.1919e-06
203  1.2777e-06
204  1.4552e-06
205  1.3841e-06
206  1.7885e-05
207  1.6294e-05
208  1.4983e-05
209  1.8280e-05
210  5.7623e-13
211  1.8091e-18
212  2.3193e-18
213  4.7296e-44
214  3.0178e-19
215  4.9873e-25
216  2.6872e-24
217  5.8209e-96
218  5.1865e-21
219  7.0002e-22
220  1.0304e-21
221  -7.0745e-320
222  9.2069e-18
223  1.7464e-16
224  5.8194e-18
225  2.8504e-40
226  1.4088e-12
227  1.2173e-13
228  1.8714e-11
229  1.0632e-29
230  6.6397e-11
231  1.8207e-10
232  8.1913e-06
233  6.3539e-26
234  2.1620e-10
235  3.9242e-06
236  2.0240e-08
237  8.2930e-319
238  3.9332e-06
239  9.8791e-18
240  4.0067e-12
241  0.0000e+00
242  6.1346e-129
243  3.0200e-18
244  4.8771e-08
245  0.0000e+00
246  7.0389e-10
247  6.3741e-15
248  6.1878e-128
249  0.0000e+00
250  0.0000e+00
251  4.7148e-314
252  0.0000e+00
253  0.0000e+00
254  0.0000e+00
255  0.0000e+00
256  0.0000e+00
257  6.7578e-26
258  1.0014e-06
259  6.7102e-26
260  7.5017e-07
261  4.9613e-07
262  5.4745e-07
263  5.1211e-07
264  5.0156e-07
265  3.2273e-07
266  4.0928e-07
267  2.0731e-07
268  1.7883e-07
269  2.8021e-07
270  1.7277e-07
271  1.1767e-07
272  9.5855e-08
273  6.5054e-08
274  5.7508e-08
275  2.4201e-08
276  1.9056e-08
277  5.1685e-09
278  3.9783e-09
279  9.3549e-10
280  3.1265e-10
281  1.3151e-10
282  1.8333e-10
283  1.1259e-10
284  1.6392e-10
285  1.5774e-10
286  1.5483e-10
287  1.7035e-10
288  1.3212e-10
289  7.0124e-11
290  7.1235e-11
291  3.6246e-11
292  2.6007e-10
293  1.2147e-10
294  1.5577e-10
295  4.5810e-11
296  7.3336e-11
297  2.4854e-11
298  3.1160e-12
299  2.4355e-12
300  7.4357e-13
301  1.5999e-11
302  3.0025e-11
303  2.3343e-11
304  2.1293e-11
305  3.5239e-12
306  1.2016e-11
307  3.5477e-12
308  4.9067e-12
309  1.2430e-12
310  2.1064e-12
311  1.1453e-12
312  5.9758e-13
313  3.1818e-13
314  9.9899e-13
315  2.1252e-13
316  1.1164e-12
317  6.3762e-13
318  2.2709e-13
319  2.2523e-13
320  1.1224e-13
321  8.8468e-15
322  7.0413e-15
323  2.2831e-15
324  3.1300e-15
325  4.0025e-16
326  5.6805e-16
327  8.1970e-17
328  5.2531e-18
329  3.1196e-17
330  7.7910e-18
331  9.8821e-19
332  1.0071e-18
333  2.4929e-19
334  1.2561e-18
335  1.7702e-19
336  8.0950e-20
337  1.5190e-18

