1  5.1235e-03
2  1.0391e-04
3  1.1300e-06
4  2.1974e-01
5  0.0000e+00
6  1.7864e-23
7  1.2413e-09
8  8.4979e-08
9  1.1839e-09
10  1.6226e-08
11  4.5684e-08
12  2.9302e-08
13  5.1119e-08
14  1.3885e-06
15  1.1034e-06
16  5.2298e-06
17  8.4949e-08
18  1.0971e-06
19  3.4701e-08
20  1.4348e-06
21  1.1640e-07
22  1.7076e-06
23  6.7784e-07
24  7.5232e-07
25  2.9518e-07
26  3.5090e-07
27  5.1156e-09
28  2.1172e-07
29  1.4881e-08
30  2.8709e-09
31  6.1477e-09
32  9.8383e-08
33  8.4264e-09
34  1.1413e-07
35  2.7275e-08
36  2.2796e-07
37  1.2162e-08
38  6.3391e-08
39  1.4195e-09
40  1.8404e-10
41  3.2571e-11
42  2.7156e-10
43  4.4527e-11
44  5.6210e-10
45  9.1485e-11
46  2.8511e-10
47  2.1869e-10
48  4.0973e-09
49  1.8608e-10
50  1.7457e-10
51  4.7798e-11
52  8.0709e-11
53  3.9131e-11
54  4.3205e-11
55  1.2059e-11
56  3.4754e-11
57  2.2959e-11
58  1.2368e-10
59  1.8017e-12
60  3.6753e-10
61  1.1545e-12
62  1.1309e-11
63  2.0908e-11
64  1.9584e-10
65  1.1746e-12
66  1.6137e-11
67  2.0300e-12
68  2.8468e-11
69  4.5342e-12
70  3.2260e-11
71  5.8917e-12
72  4.0858e-11
73  1.0914e-11
74  8.0128e-11
75  2.1091e-11
76  7.9537e-11
77  4.4767e-12
78  9.3838e-11
79  2.8646e-11
80  1.8149e-10
81  1.9852e-11
82  1.1689e-10
83  6.8516e-12
84  1.8580e-11
85  3.3707e-11
86  6.2909e-11
87  2.5685e-11
88  2.5837e-11
89  1.4597e-11
90  1.3139e-11
91  4.0256e-12
92  1.1151e-11
93  9.3381e-12
94  9.2058e-12
95  5.0289e-12
96  3.9484e-11
97  7.6199e-12
98  1.5429e-11
99  4.1029e-12
100  1.2594e-11
101  1.7734e-12
102  5.1740e-12
103  1.9977e-12
104  5.2808e-12
105  2.5427e-12
106  4.5642e-12
107  1.7483e-12
108  6.8740e-12
109  1.7866e-12
110  9.0366e-12
111  1.4629e-12
112  4.3464e-12
113  2.4324e-12
114  8.7768e-12
115  4.7482e-12
116  5.2279e-12
117  1.3454e-12
118  7.9431e-12
119  2.4618e-12
120  1.0342e-11
121  2.7619e-12
122  1.5757e-11
123  5.8384e-13
124  1.4865e-11
125  5.1355e-12
126  2.8271e-11
127  1.8886e-12
128  3.5720e-11
129  2.2190e-11
130  2.0597e-10
131  4.8235e-10
132  1.5365e-09
133  1.8122e-09
134  1.7463e-09
135  5.3850e-10
136  1.9584e-10
137  7.1092e-12
138  3.1249e-11
139  1.9764e-11
140  3.0240e-11
141  1.7529e-12
142  1.0259e-12
143  1.6152e-12
144  5.3225e-12
145  4.5649e-13
146  1.5036e-12
147  1.3373e-12
148  1.6146e-12
149  1.2083e-13
150  2.3729e-12
151  1.3973e-13
152  6.1605e-13
153  2.7244e-13
154  3.9604e-13
155  7.1868e-14
156  2.5266e-13
157  6.6126e-14
158  1.1217e-13
159  2.4073e-14
160  1.9524e-13
161  1.9095e-14
162  4.5133e-14
163  2.1279e-14
164  3.5838e-14
165  4.6160e-14
166  5.3065e-14
167  3.9203e-14
168  3.2003e-14
169  1.0672e-13
170  3.7026e-14
171  4.3716e-14
172  1.9986e-14
173  1.2700e-14
174  8.0846e-14
175  2.0194e-14
176  3.4086e-14
177  3.1667e-14
178  2.3330e-14
179  1.9515e-14
180  2.7240e-14
181  1.4624e-13
182  5.6317e-14
183  2.0010e-14
184  9.7723e-15
185  5.9262e-15
186  7.5195e-15
187  1.9570e-14
188  8.5515e-15
189  4.2855e-14
190  2.6084e-14
191  8.4173e-14
192  2.3879e-13
193  2.0557e-14
194  6.4218e-14
195  7.3330e-14
196  5.8060e-14
197  1.4269e-13
198  1.9657e-13
199  1.4886e-14
200  3.9367e-14
201  3.9402e-14
202  5.6864e-14
203  1.1565e-13
204  2.2432e-13
205  2.0868e-13
206  6.2464e-13
207  -3.4876e-12
208  1.0551e-12
209  3.4942e-12
210  7.0056e-25
211  1.5393e-16
212  1.9083e-25
213  -1.0739e-24
214  9.9476e-16
215  5.2221e-32
216  2.1211e-31
217  0.0000e+00
218  6.5196e-20
219  1.1611e-28
220  8.1333e-29
221  -1.8809e-320
222  1.6131e-25
223  9.7646e-24
224  1.5823e-25
225  -1.9092e-40
226  2.4683e-20
227  6.8060e-21
228  5.0883e-19
229  5.2026e-32
230  1.1633e-18
231  1.0180e-17
232  2.2272e-13
233  2.7299e-29
234  3.7880e-18
235  2.1941e-13
236  8.2244e-16
237  1.1107e-318
238  6.8912e-14
239  1.5535e-22
240  8.3404e-16
241  0.0000e+00
242  4.2121e-62
243  4.7490e-23
244  3.0150e-15
245  0.0000e+00
246  1.5912e-17
247  1.0023e-19
248  2.0750e-61
249  0.0000e+00
250  0.0000e+00
251  1.2644e-290
252  0.0000e+00
253  0.0000e+00
254  0.0000e+00
255  0.0000e+00
256  0.0000e+00
257  9.9354e-26
258  4.1550e-13
259  7.7988e-26
260  1.7997e-12
261  6.6386e-12
262  8.2125e-12
263  8.9491e-12
264  5.0374e-12
265  5.6605e-12
266  1.7873e-12
267  1.6768e-13
268  6.5170e-14
269  2.3577e-13
270  3.0916e-13
271  1.9028e-13
272  1.1877e-13
273  1.5122e-13
274  1.0952e-13
275  4.4555e-13
276  1.1514e-12
277  4.4785e-13
278  3.7490e-13
279  1.9812e-12
280  2.7008e-12
281  1.6871e-12
282  1.2238e-11
283  7.1878e-12
284  4.9571e-13
285  1.8796e-11
286  1.4432e-14
287  1.9155e-13
288  1.1510e-13
289  1.6366e-13
290  2.4137e-11
291  3.8067e-11
292  1.6258e-10
293  1.3529e-10
294  1.1995e-09
295  5.2636e-10
296  1.4025e-08
297  1.0587e-08
298  3.0559e-08
299  1.6688e-10
300  4.1312e-11
301  5.1120e-09
302  2.9840e-09
303  3.2875e-10
304  4.7603e-10
305  1.0131e-10
306  1.3797e-10
307  7.2390e-12
308  6.3984e-12
309  6.9063e-13
310  3.3291e-12
311  3.8228e-13
312  8.4275e-13
313  9.2998e-14
314  6.9863e-13
315  6.8088e-10
316  3.7405e-10
317  8.1903e-11
318  3.3831e-07
319  4.3393e-07
320  1.2292e-06
321  1.2763e-06
322  2.1975e-06
323  2.0042e-06
324  2.6386e-06
325  3.3907e-06
326  5.6618e-06
327  4.7977e-06
328  6.0159e-06
329  7.1652e-06
330  5.0189e-06
331  7.8664e-06
332  6.9159e-06
333  8.7879e-06
334  2.8564e-06
335  1.7574e-05
336  5.0462e-05
337  2.0799e-04

