1  2.6766e-09
2  5.7342e-09
3  5.2896e-10
4  2.1368e-01
5  0.0000e+00
6  1.6214e-11
7  6.1075e-10
8  3.1313e-09
9  1.1423e-09
10  3.1668e-08
11  2.5000e-09
12  3.2806e-09
13  2.5382e-07
14  1.4806e-07
15  7.9181e-06
16  1.8199e-07
17  4.8934e-09
18  3.2974e-08
19  7.9483e-07
20  1.1134e-06
21  3.9182e-07
22  3.4217e-09
23  8.4610e-07
24  2.7893e-07
25  3.7696e-07
26  3.2868e-08
27  1.6077e-07
28  4.1782e-07
29  7.8101e-08
30  6.1420e-08
31  6.3065e-08
32  9.8035e-08
33  7.1339e-07
34  5.4865e-07
35  2.0935e-08
36  1.8775e-08
37  1.4664e-08
38  5.6203e-08
39  4.5057e-08
40  2.1363e-08
41  1.0561e-07
42  3.4877e-07
43  7.5662e-08
44  8.0862e-08
45  8.5560e-08
46  3.4217e-08
47  4.7984e-08
48  1.0159e-07
49  7.4351e-08
50  6.5509e-08
51  1.8937e-08
52  9.2238e-08
53  7.5721e-08
54  3.7736e-08
55  2.3227e-08
56  5.8862e-08
57  1.5358e-07
58  4.9945e-09
59  6.9188e-09
60  1.3722e-08
61  2.2808e-08
62  2.6042e-08
63  1.8843e-07
64  1.0772e-07
65  9.5186e-08
66  2.3427e-07
67  1.2045e-07
68  7.3446e-08
69  4.3098e-08
70  1.3926e-07
71  2.8675e-08
72  8.7960e-08
73  6.4127e-08
74  3.7352e-07
75  1.5520e-06
76  1.4924e-06
77  1.3468e-06
78  1.3991e-06
79  1.9614e-06
80  5.7330e-06
81  1.5933e-06
82  3.6117e-07
83  7.7984e-07
84  3.9620e-07
85  3.6790e-07
86  8.9991e-07
87  7.1324e-07
88  2.6143e-07
89  1.0053e-07
90  1.6735e-07
91  5.6559e-08
92  2.3507e-07
93  2.2449e-07
94  6.7303e-07
95  3.3197e-07
96  2.2574e-07
97  1.5345e-07
98  4.4517e-08
99  4.7960e-08
100  5.9194e-08
101  8.6564e-08
102  8.1747e-08
103  1.1691e-07
104  1.3334e-07
105  1.3932e-07
106  2.9742e-07
107  2.9305e-07
108  4.1509e-07
109  3.5101e-07
110  3.8510e-07
111  7.6067e-08
112  1.6123e-07
113  5.8492e-08
114  4.0035e-08
115  2.6220e-08
116  8.3343e-09
117  2.0230e-08
118  3.0041e-08
119  2.8288e-08
120  1.9423e-07
121  2.3193e-07
122  6.5653e-07
123  8.6030e-07
124  4.1413e-06
125  5.6666e-06
126  1.2528e-05
127  8.7557e-06
128  7.4367e-06
129  9.4748e-06
130  7.4656e-06
131  3.9157e-06
132  1.6188e-06
133  1.7974e-06
134  1.7516e-06
135  7.8125e-07
136  9.1960e-07
137  1.1316e-06
138  1.1391e-06
139  3.8424e-07
140  4.9048e-07
141  1.7502e-06
142  7.1336e-07
143  1.5187e-07
144  8.1214e-08
145  5.0155e-08
146  1.0042e-07
147  1.3326e-07
148  2.0832e-07
149  1.4514e-07
150  2.0797e-07
151  1.8392e-07
152  2.7273e-07
153  1.7846e-07
154  3.9574e-07
155  2.5584e-07
156  4.3912e-07
157  3.4030e-07
158  7.6149e-07
159  2.8583e-07
160  6.5515e-07
161  3.4719e-07
162  6.4597e-07
163  3.9618e-07
164  1.1365e-06
165  6.1805e-07
166  1.3811e-06
167  6.2531e-07
168  9.2598e-07
169  1.1170e-06
170  7.6302e-07
171  6.3276e-07
172  5.8288e-07
173  5.4242e-07
174  8.1894e-07
175  5.1230e-07
176  5.0930e-07
177  6.2962e-07
178  5.6643e-07
179  4.5504e-07
180  3.7569e-07
181  3.7880e-07
182  3.5833e-07
183  2.0636e-07
184  3.0709e-07
185  2.4595e-07
186  7.3378e-07
187  6.3516e-07
188  2.0839e-06
189  3.5640e-06
190  1.2505e-05
191  1.4991e-05
192  3.2386e-05
193  5.2246e-05
194  7.3417e-05
195  7.0110e-05
196  3.9131e-05
197  1.5720e-05
198  4.1206e-06
199  1.3031e-06
200  1.0486e-06
201  6.8233e-07
202  9.1069e-07
203  1.0796e-06
204  1.5642e-06
205  1.5123e-06
206  3.4730e-05
207  3.3936e-05
208  2.6645e-05
209  4.5708e-05
210  2.4750e-12
211  7.4866e-18
212  8.4950e-18
213  4.9264e-44
214  1.2962e-18
215  2.0639e-24
216  9.8427e-24
217  8.0320e-95
218  2.2277e-20
219  2.8969e-21
220  3.7742e-21
221  -1.9807e-320
222  3.9546e-17
223  7.2273e-16
224  2.1315e-17
225  2.9691e-40
226  6.0512e-12
227  5.0375e-13
228  6.8547e-11
229  1.1075e-29
230  2.8519e-10
231  7.5349e-10
232  3.0003e-05
233  6.6183e-26
234  9.2865e-10
235  1.6240e-05
236  9.1631e-08
237  1.0113e-318
238  1.6894e-05
239  6.2546e-17
240  1.8140e-11
241  0.0000e+00
242  9.6252e-125
243  1.9120e-17
244  2.2080e-07
245  0.0000e+00
246  3.1718e-09
247  4.0355e-14
248  9.2512e-124
249  0.0000e+00
250  0.0000e+00
251  -2.9660e-314
252  0.0000e+00
253  0.0000e+00
254  0.0000e+00
255  0.0000e+00
256  0.0000e+00
257  6.5383e-26
258  6.0958e-06
259  6.9232e-26
260  5.9019e-06
261  4.4418e-06
262  5.3749e-06
263  5.5672e-06
264  6.2723e-06
265  4.7372e-06
266  6.3878e-06
267  3.3296e-06
268  3.0599e-06
269  5.4094e-06
270  4.1777e-06
271  3.6259e-06
272  4.0515e-06
273  3.4564e-06
274  3.7771e-06
275  2.0846e-06
276  1.9044e-06
277  5.5405e-07
278  4.9434e-07
279  1.4295e-07
280  4.8637e-08
281  1.7598e-08
282  2.9265e-08
283  2.2175e-08
284  3.4624e-08
285  3.4361e-08
286  3.5453e-08
287  4.4237e-08
288  3.7220e-08
289  2.1915e-08
290  2.5274e-08
291  1.3377e-08
292  9.7722e-08
293  4.7084e-08
294  6.8106e-08
295  2.1862e-08
296  4.3504e-08
297  1.9729e-08
298  3.0745e-09
299  2.4027e-09
300  8.0751e-10
301  3.9072e-08
302  4.6867e-08
303  3.0103e-08
304  2.5175e-08
305  1.5812e-08
306  3.1475e-08
307  1.7246e-08
308  1.0850e-08
309  3.0737e-09
310  9.3951e-09
311  4.7121e-09
312  3.9542e-09
313  4.2376e-09
314  6.0639e-09
315  1.7826e-09
316  7.7218e-09
317  3.8408e-09
318  6.2364e-09
319  2.4343e-09
320  3.1992e-09
321  3.5654e-10
322  1.8922e-10
323  1.1106e-10
324  1.3063e-10
325  1.4384e-11
326  2.7605e-11
327  1.7471e-11
328  4.6884e-13
329  5.3837e-12
330  1.5100e-12
331  1.8040e-13
332  1.9739e-13
333  6.7052e-14
334  8.1878e-14
335  1.6402e-14
336  8.1493e-15
337  2.3833e-13

