1  1.7422e-09
2  1.7063e-14
3  5.6206e-18
4  1.8826e-01
5  0.0000e+00
6  9.7356e-16
7  5.2265e-18
8  2.0142e-13
9  1.4278e-18
10  1.6928e-16
11  8.9195e-19
12  9.5566e-09
13  1.5710e-13
14  6.5690e-09
15  6.2959e-09
16  5.2116e-10
17  1.8561e-11
18  9.5489e-09
19  8.5389e-09
20  3.7424e-10
21  2.2643e-08
22  6.1753e-09
23  1.4811e-08
24  7.4277e-09
25  2.4011e-08
26  3.0937e-07
27  3.4488e-09
28  6.8570e-09
29  5.9189e-08
30  3.4224e-08
31  1.0874e-08
32  5.6208e-08
33  7.6591e-07
34  5.9536e-07
35  1.5630e-08
36  4.0390e-08
37  2.7523e-07
38  3.9150e-07
39  4.4240e-07
40  6.6958e-07
41  9.8225e-08
42  1.0988e-06
43  2.7565e-07
44  2.6990e-07
45  1.1180e-06
46  1.8696e-06
47  8.9870e-07
48  1.6130e-07
49  6.9938e-07
50  1.0055e-06
51  1.5670e-07
52  7.9036e-08
53  1.7333e-06
54  6.8458e-06
55  5.4271e-07
56  1.3763e-06
57  2.7540e-07
58  1.0280e-09
59  5.7999e-10
60  2.3709e-09
61  1.5420e-08
62  2.4035e-07
63  1.6667e-06
64  1.0390e-07
65  8.7991e-08
66  5.1471e-07
67  2.6627e-07
68  1.3456e-07
69  2.7534e-07
70  6.9591e-07
71  1.5845e-07
72  4.6198e-07
73  3.8556e-07
74  1.2284e-06
75  5.7291e-06
76  8.3373e-06
77  2.2273e-05
78  2.4339e-05
79  6.0291e-06
80  2.3325e-05
81  1.3634e-05
82  1.3506e-05
83  4.3866e-06
84  1.9826e-05
85  8.7326e-06
86  2.2187e-06
87  5.8355e-06
88  1.8027e-05
89  5.9438e-06
90  2.4262e-06
91  3.3102e-07
92  2.6027e-07
93  2.1999e-07
94  3.2587e-06
95  4.9091e-06
96  3.2753e-06
97  1.6726e-06
98  2.4725e-07
99  4.1996e-07
100  1.0701e-06
101  2.5720e-06
102  8.1014e-06
103  5.8385e-06
104  8.5012e-06
105  4.8869e-06
106  1.2208e-05
107  1.8725e-05
108  2.6017e-05
109  1.8019e-05
110  1.3537e-05
111  1.9928e-06
112  3.4834e-06
113  1.3496e-06
114  1.2166e-06
115  9.2269e-07
116  6.1750e-07
117  2.0703e-06
118  3.5515e-06
119  3.3698e-06
120  2.3475e-05
121  1.8371e-05
122  3.5587e-05
123  4.3911e-05
124  1.8640e-04
125  2.7709e-04
126  5.8839e-04
127  2.7669e-04
128  1.7993e-04
129  5.5462e-05
130  1.5529e-05
131  3.7995e-07
132  2.1157e-07
133  3.0690e-07
134  3.7641e-08
135  4.4343e-08
136  5.0655e-08
137  9.5916e-10
138  7.7540e-11
139  1.8910e-11
140  5.1302e-11
141  3.2349e-10
142  3.8242e-10
143  3.9171e-10
144  3.4260e-10
145  2.0136e-10
146  3.5367e-10
147  3.8121e-10
148  3.8937e-10
149  1.5710e-10
150  1.7340e-10
151  1.0701e-10
152  2.4618e-10
153  1.4310e-10
154  2.4126e-10
155  1.9915e-10
156  7.3201e-11
157  9.3712e-11
158  1.1640e-10
159  1.4074e-11
160  4.4649e-11
161  3.7207e-11
162  1.9823e-11
163  1.2306e-11
164  2.1022e-11
165  1.1532e-11
166  2.1890e-11
167  8.7732e-12
168  4.7107e-12
169  6.4172e-12
170  1.4760e-12
171  7.9504e-13
172  5.5888e-13
173  3.0294e-13
174  3.8672e-13
175  1.2963e-13
176  1.3588e-13
177  1.1675e-13
178  5.4263e-14
179  2.1490e-14
180  1.3177e-14
181  1.2068e-14
182  6.7847e-15
183  4.3625e-15
184  8.8813e-15
185  8.7927e-15
186  1.4998e-14
187  1.1893e-14
188  1.7208e-14
189  9.7055e-15
190  2.1075e-14
191  8.7876e-15
192  6.5980e-15
193  3.6187e-15
194  3.5143e-15
195  1.5664e-15
196  6.7383e-16
197  1.7889e-16
198  3.4010e-17
199  3.5957e-18
200  5.9742e-19
201  2.6716e-20
202  2.3407e-21
203  5.6604e-23
204  1.0734e-24
205  0.0000e+00
206  0.0000e+00
207  0.0000e+00
208  0.0000e+00
209  0.0000e+00
210  0.0000e+00
211  0.0000e+00
212  0.0000e+00
213  0.0000e+00
214  0.0000e+00
215  0.0000e+00
216  0.0000e+00
217  0.0000e+00
218  0.0000e+00
219  0.0000e+00
220  0.0000e+00
221  0.0000e+00
222  0.0000e+00
223  0.0000e+00
224  0.0000e+00
225  0.0000e+00
226  0.0000e+00
227  0.0000e+00
228  0.0000e+00
229  0.0000e+00
230  0.0000e+00
231  0.0000e+00
232  0.0000e+00
233  0.0000e+00
234  0.0000e+00
235  0.0000e+00
236  0.0000e+00
237  0.0000e+00
238  0.0000e+00
239  0.0000e+00
240  0.0000e+00
241  0.0000e+00
242  0.0000e+00
243  0.0000e+00
244  0.0000e+00
245  0.0000e+00
246  0.0000e+00
247  0.0000e+00
248  0.0000e+00
249  0.0000e+00
250  0.0000e+00
251  0.0000e+00
252  0.0000e+00
253  0.0000e+00
254  0.0000e+00
255  0.0000e+00
256  0.0000e+00
257  0.0000e+00
258  0.0000e+00
259  0.0000e+00
260  0.0000e+00
261  0.0000e+00
262  0.0000e+00
263  0.0000e+00
264  0.0000e+00
265  0.0000e+00
266  0.0000e+00
267  0.0000e+00
268  0.0000e+00
269  0.0000e+00
270  0.0000e+00
271  0.0000e+00
272  0.0000e+00
273  0.0000e+00
274  0.0000e+00
275  0.0000e+00
276  0.0000e+00
277  0.0000e+00
278  0.0000e+00
279  0.0000e+00
280  0.0000e+00
281  0.0000e+00
282  0.0000e+00
283  0.0000e+00
284  0.0000e+00
285  0.0000e+00
286  0.0000e+00
287  0.0000e+00
288  0.0000e+00
289  0.0000e+00
290  0.0000e+00
291  0.0000e+00
292  0.0000e+00
293  0.0000e+00
294  0.0000e+00
295  0.0000e+00
296  0.0000e+00
297  0.0000e+00
298  0.0000e+00
299  0.0000e+00
300  0.0000e+00
301  0.0000e+00
302  0.0000e+00
303  0.0000e+00
304  0.0000e+00
305  0.0000e+00
306  0.0000e+00
307  0.0000e+00
308  0.0000e+00
309  0.0000e+00
310  0.0000e+00
311  0.0000e+00
312  0.0000e+00
313  0.0000e+00
314  0.0000e+00
315  0.0000e+00
316  0.0000e+00
317  0.0000e+00
318  0.0000e+00
319  0.0000e+00
320  0.0000e+00
321  0.0000e+00
322  0.0000e+00
323  0.0000e+00
324  0.0000e+00
325  0.0000e+00
326  0.0000e+00
327  0.0000e+00
328  0.0000e+00
329  0.0000e+00
330  0.0000e+00
331  0.0000e+00
332  0.0000e+00
333  0.0000e+00
334  0.0000e+00
335  0.0000e+00
336  0.0000e+00
337  0.0000e+00

