1  5.1000e-09
2  2.0761e-01
3  3.5080e-10
4  8.0177e-10
5  1.8091e-09
6  1.6040e-07
7  5.3984e-06
8  2.1621e-07
9  6.5146e-07
10  1.1995e-06
11  8.1591e-07
12  5.6639e-07
13  2.8478e-07
14  1.0009e-06
15  9.3546e-08
16  2.2712e-06
17  8.7339e-08
18  2.3110e-07
19  2.4349e-07
20  9.1922e-07
21  1.4056e-07
22  6.4371e-07
23  3.3506e-08
24  4.1181e-07
25  8.1701e-08
26  4.9703e-07
27  1.3210e-08
28  3.6372e-07
29  4.8659e-07
30  1.0506e-06
31  1.7009e-07
32  3.7683e-06
33  2.8573e-06
34  1.3273e-05
35  5.8516e-06
36  3.5680e-06
37  1.9066e-06
38  5.1862e-07
39  1.4326e-07
40  2.3424e-06
41  4.7530e-07
42  1.4376e-06
43  1.1859e-32
44  1.0710e-06
45  2.9587e-07
46  2.5843e-06
47  1.2814e-06
48  4.4722e-07
49  2.4085e-08
50  1.1750e-05
51  3.0520e-06
52  1.1175e-04
53  2.5001e-05
54  1.1332e-04
55  1.4303e-05
56  2.5104e-05
57  2.9944e-06
58  1.1181e-05
59  1.7291e-05
60  7.3059e-06
61  1.8309e-83
62  1.0476e-05
63  4.8638e-06
64  2.6257e-05
65  4.3312e-06
66  2.7970e-05
67  5.8268e-06
68  2.9788e-05
69  6.4261e-06
70  1.8846e-05
71  3.3803e-06
72  1.1811e-05
73  2.0364e-06
74  1.7673e-05
75  9.8465e-06
76  1.5119e-04
77  1.2292e-04
78  1.2455e-04
79  4.2806e-06
80  4.2959e-06
81  2.1025e-06
82  3.3053e-05
83  1.1318e-05
84  1.5864e-16
85  3.5038e-25
86  4.3798e-18
87  1.5588e-21
88  1.0404e-11
89  5.8782e-14
90  4.2607e-06
91  8.8127e-11
92  3.7789e-06
93  3.0982e-20
94  2.1070e-08
95  1.0788e-18
96  2.2818e-15
97  3.1521e-10
98  -9.6690e-314
99  8.0533e-322
100  7.8764e-07
101  -3.4631e-313
102  5.3718e-07
103  7.9507e-08
104  1.3610e-07
105  7.3595e-08
106  1.5259e-08
107  6.5060e-10
108  1.8681e-10
109  2.3960e-319
110  4.0274e-11
111  4.9799e-11
112  0.0000e+00
113  0.0000e+00
114  0.0000e+00
115  0.0000e+00
116  0.0000e+00
117  0.0000e+00
118  0.0000e+00

