1  1.1034e-10
2  1.7424e-01
3  3.8916e-19
4  1.3049e-16
5  6.4253e-19
6  5.2978e-08
7  4.2880e-11
8  2.3104e-09
9  2.9854e-12
10  8.1671e-10
11  1.9062e-13
12  1.2685e-09
13  9.2912e-10
14  1.7585e-08
15  1.8513e-09
16  1.1275e-07
17  1.1676e-07
18  1.6268e-07
19  1.9853e-08
20  1.8935e-06
21  4.2116e-08
22  3.3518e-06
23  6.2106e-07
24  1.0838e-05
25  2.4863e-07
26  8.8363e-07
27  3.5465e-08
28  3.4976e-07
29  4.7746e-07
30  3.8534e-06
31  3.7810e-07
32  2.0997e-05
33  1.6189e-06
34  1.0009e-04
35  1.6585e-05
36  4.3493e-05
37  1.7738e-05
38  7.0375e-06
39  1.7074e-05
40  1.0392e-04
41  1.9482e-05
42  6.3270e-05
43  3.3685e-30
44  1.8828e-04
45  9.0805e-06
46  9.2683e-04
47  3.9782e-04
48  2.2152e-04
49  1.5903e-05
50  1.1918e-04
51  2.7769e-05
52  3.5173e-04
53  9.4466e-05
54  1.6247e-05
55  1.2864e-10
56  3.2248e-12
57  3.4866e-14
58  7.8064e-14
59  8.7153e-15
60  5.4971e-15
61  -8.2598e-316
62  8.3156e-16
63  1.4704e-16
64  8.5305e-17
65  7.4961e-19
66  3.4515e-18
67  3.8214e-19
68  1.1355e-18
69  1.5978e-19
70  2.0132e-20
71  4.1314e-22
72  1.2901e-22
73  5.4277e-25
74  0.0000e+00
75  0.0000e+00
76  0.0000e+00
77  0.0000e+00
78  0.0000e+00
79  0.0000e+00
80  0.0000e+00
81  0.0000e+00
82  0.0000e+00
83  0.0000e+00
84  0.0000e+00
85  0.0000e+00
86  0.0000e+00
87  0.0000e+00
88  0.0000e+00
89  0.0000e+00
90  0.0000e+00
91  0.0000e+00
92  0.0000e+00
93  0.0000e+00
94  0.0000e+00
95  0.0000e+00
96  0.0000e+00
97  0.0000e+00
98  0.0000e+00
99  0.0000e+00
100  0.0000e+00
101  0.0000e+00
102  0.0000e+00
103  0.0000e+00
104  0.0000e+00
105  0.0000e+00
106  0.0000e+00
107  0.0000e+00
108  0.0000e+00
109  0.0000e+00
110  0.0000e+00
111  0.0000e+00
112  0.0000e+00
113  0.0000e+00
114  0.0000e+00
115  0.0000e+00
116  0.0000e+00
117  0.0000e+00
118  0.0000e+00

