    1      2  2.1966e-08  4.3933e-08
    2      3  1.4543e-09  4.3628e-09
    3      6  2.3138e-11  1.3883e-10
    3      7  2.3292e-09  1.6304e-08
    4      8  3.0107e-08  2.4085e-07
    4      9  1.4953e-08  1.3458e-07
    5     10  2.5508e-07  2.5508e-06
    5     11  1.3444e-09  1.4788e-08
    6     12  5.9161e-09  7.0993e-08
    6     13  2.3152e-08  3.0098e-07
    7     14  4.2098e-08  5.8938e-07
    7     15  9.8966e-06  1.4845e-04
    8     16  9.1156e-07  1.4585e-05
    8     17  3.6162e-08  6.1475e-07
    8     18  1.2141e-07  2.1854e-06
    9     19  6.9376e-07  1.3181e-05
   10     20  1.1760e-06  2.3519e-05
   10     21  9.5139e-07  1.9979e-05
   10     22  1.1991e-08  2.6381e-07
   11     23  6.0423e-07  1.3897e-05
   12     24  2.6512e-07  6.3630e-06
   12     25  2.7678e-07  6.9196e-06
   12     26  1.3783e-07  3.5836e-06
   13     26  1.1151e-20  2.8992e-19
   13     27  1.0455e-07  2.8229e-06
   14     28  1.3038e-07  3.6506e-06
   14     29  5.6098e-08  1.6268e-06
   14     30  7.4740e-08  2.2422e-06
   15     31  1.6455e-08  5.1010e-07
   16     32  7.8231e-08  2.5034e-06
   16     33  2.0126e-07  6.6416e-06
   16     34  1.9957e-07  6.7853e-06
   16     36  2.3562e-08  8.4825e-07
   17     35  1.9020e-08  6.6569e-07
   17     37  3.1808e-09  1.1769e-07
   18     36  2.9417e-18  1.0590e-16
   18     38  1.4194e-08  5.3936e-07
   18     40  3.2497e-09  1.2999e-07
   19     39  1.2722e-08  4.9616e-07
   19     41  6.7158e-09  2.7535e-07
   20     42  3.0116e-08  1.2649e-06
   20     43  7.7719e-09  3.3419e-07
   20     44  1.3839e-08  6.0893e-07
   20     46  5.0832e-10  2.3383e-08
   21     45  1.2546e-08  5.6456e-07
   22     46  9.5892e-20  4.4110e-18
   22     47  8.2769e-10  3.8902e-08
   22     48  1.0080e-09  4.8382e-08
   22     49  7.8844e-10  3.8633e-08
   22     50  7.2171e-10  3.6085e-08
   23     51  9.3010e-10  4.7435e-08
   24     52  3.6961e-09  1.9220e-07
   24     53  4.3099e-09  2.2843e-07
   24     54  8.6222e-10  4.6560e-08
   25     55  1.8347e-10  1.0091e-08
   26     56  2.7638e-09  1.5477e-07
   26     57  2.0035e-09  1.1420e-07
   26     58  6.0624e-11  3.5162e-09
   27     59  6.9999e-11  4.1299e-09
   28     60  2.1459e-10  1.2875e-08
   28     61  2.4350e-10  1.4854e-08
   28     62  2.6734e-10  1.6575e-08
   28     64  2.0095e-09  1.2861e-07
   29     63  1.5490e-08  9.7589e-07
   29     65  4.2109e-09  2.7371e-07
   30     64  1.7333e-20  1.1093e-18
   30     66  1.0486e-08  6.9209e-07
   30     67  3.3323e-08  2.2326e-06
   30     68  5.9973e-09  4.0782e-07
   30     70  1.5345e-08  1.0741e-06
   31     69  2.8973e-09  1.9991e-07
   31     71  4.3042e-09  3.0560e-07
   32     70  1.9431e-15  1.3602e-13
   32     72  1.2567e-08  9.0481e-07
   32     73  1.0751e-08  7.8484e-07
   32     74  3.2822e-08  2.4289e-06
   32     76  5.0222e-08  3.8168e-06
   33     75  8.3656e-08  6.2742e-06
   34     76  2.6281e-13  1.9973e-11
   34     77  1.1871e-07  9.1409e-06
   34     78  1.4141e-07  1.1030e-05
   34     80  7.1429e-07  5.7144e-05
   34     82  1.4840e-07  1.2169e-05
   35     79  1.3370e-07  1.0562e-05
   35     81  1.4581e-07  1.1811e-05
   36     82  6.0031e-13  4.9226e-11
   36     83  1.5636e-07  1.2978e-05
   36     84  3.9674e-08  3.3327e-06
   36     86  5.2122e-08  4.4825e-06
   37     85  3.9512e-08  3.3585e-06
   37     87  6.8135e-08  5.9278e-06
   38     86  6.0251e-20  5.1816e-18
   38     87  4.9890e-10  4.3404e-08
   38     88  5.4704e-08  4.8140e-06
   39     89  4.1339e-08  3.6792e-06
   40     90  3.8984e-08  3.5085e-06
   40     91  2.9466e-08  2.6814e-06
   40     92  3.0055e-08  2.7651e-06
   40     94  7.8612e-08  7.3896e-06
   41     93  2.6909e-08  2.5025e-06
   42     95  3.2010e-08  3.0409e-06
   42     96  1.3560e-08  1.3017e-06
   42     97  3.3662e-08  3.2652e-06
   42     98  7.4336e-09  7.2849e-07
   42    100  1.4814e-08  1.4814e-06
   44     99  9.8385e-09  9.7401e-07
   44    100  1.3383e-13  1.3383e-11
   44    101  1.3154e-08  1.3286e-06
   44    102  1.4307e-08  1.4593e-06
   44    104  6.7232e-09  6.9922e-07
   45    103  1.8807e-08  1.9371e-06
   46    104  6.0839e-18  6.3272e-16
   46    105  4.2902e-09  4.5047e-07
   46    106  1.7559e-08  1.8612e-06
   46    108  2.4949e-08  2.6945e-06
   46    110  5.1981e-08  5.7179e-06
   47    107  1.6276e-08  1.7415e-06
   47    109  3.5303e-08  3.8481e-06
   48    110  4.2151e-14  4.6367e-12
   48    111  8.2953e-09  9.2078e-07
   48    112  4.0926e-08  4.5837e-06
   48    113  2.9720e-08  3.3584e-06
   48    114  2.6089e-08  2.9742e-06
   48    116  2.0398e-09  2.3662e-07
   49    113  1.3080e-15  1.4780e-13
   49    115  3.1909e-08  3.6696e-06
   50    115  2.5459e-14  2.9278e-12
   50    116  1.5857e-13  1.8394e-11
   50    117  7.9206e-09  9.2671e-07
   50    118  3.3634e-09  3.9688e-07
   50    119  2.9869e-09  3.5544e-07
   50    120  1.9580e-08  2.3496e-06
   50    122  1.8114e-08  2.2100e-06
   50    124  1.0191e-07  1.2637e-05
   51    121  1.7594e-08  2.1289e-06
   51    123  2.0319e-08  2.4993e-06
   52    122  1.0783e-14  1.3156e-12
   52    124  1.1390e-16  1.4123e-14
   52    125  2.8300e-07  3.5375e-05
   52    126  9.2506e-07  1.1656e-04
   52    128  9.9654e-07  1.2756e-04
   52    130  9.2833e-07  1.2068e-04
   53    127  1.3054e-06  1.6579e-04
   53    129  7.7576e-15  1.0007e-12
   54    128  5.1874e-15  6.6399e-13
   54    129  1.5558e-06  2.0070e-04
   54    130  2.3155e-13  3.0102e-11
   54    131  6.1534e-07  8.0609e-05
   54    132  5.4582e-07  7.2048e-05
   54    134  2.5272e-07  3.3865e-05
   54    136  9.6327e-08  1.3100e-05
   55    133  3.1629e-07  4.2067e-05
   56    134  6.3764e-17  8.5443e-15
   56    135  7.5618e-08  1.0208e-05
   56    136  5.0347e-15  6.8472e-13
   56    137  5.8959e-08  8.0774e-06
   56    138  8.0080e-08  1.1051e-05
   57    139  3.5974e-08  5.0003e-06
   58    140  6.8378e-08  9.5729e-06
   58    142  5.5803e-08  7.9241e-06
   59    141  1.0210e-07  1.4396e-05
   60    142  1.4740e-17  2.0931e-15
   60    143  3.3029e-08  4.7231e-06
   60    144  2.5841e-08  3.7212e-06
   60    145  6.9639e-09  1.0098e-06
   60    146  1.7886e-08  2.6114e-06
   60    148  1.1759e-08  1.7404e-06
   60    150  5.7678e-09  8.6516e-07
   62    147  2.7717e-08  4.0744e-06
   62    148  3.3495e-13  4.9573e-11
   62    149  2.5041e-09  3.7311e-07
   62    150  1.2175e-13  1.8263e-11
   62    152  7.2549e-09  1.1027e-06
   62    154  5.3971e-09  8.3115e-07
   63    151  1.2089e-09  1.8254e-07
   63    153  6.1965e-09  9.4807e-07
   64    154  4.5522e-15  7.0105e-13
   64    155  3.4966e-08  5.4197e-06
   64    156  2.5213e-09  3.9332e-07
   64    157  8.1302e-09  1.2764e-06
   64    158  1.7648e-08  2.7883e-06
   64    160  2.0026e-09  3.2042e-07
   65    159  1.6234e-10  2.5813e-08
   66    160  5.4734e-17  8.7574e-15
   66    161  4.1950e-09  6.7540e-07
   66    162  2.4026e-09  3.8922e-07
   66    163  2.7989e-09  4.5623e-07
   66    164  3.7844e-09  6.2063e-07
   67    165  2.7724e-09  4.5744e-07
   68    166  9.0224e-09  1.4977e-06
   68    167  1.2988e-08  2.1690e-06
   68    168  8.6992e-09  1.4615e-06
   68    170  1.2641e-08  2.1490e-06
   69    169  5.3909e-08  9.1106e-06
   70    170  1.7741e-15  3.0159e-13
   70    171  2.4024e-08  4.1080e-06
   70    172  1.4478e-08  2.4902e-06
   70    173  9.7467e-09  1.6862e-06
   70    174  3.9612e-08  6.8926e-06
   70    176  2.5337e-08  4.4594e-06
   71    175  1.2937e-08  2.2641e-06
   71    176  1.0666e-16  1.8772e-14
   72    176  9.9860e-19  1.7575e-16
   72    177  9.5502e-08  1.6904e-05
   72    178  6.3322e-08  1.1271e-05
   72    179  3.3497e-08  5.9959e-06
   72    180  4.0253e-08  7.2455e-06
   73    181  5.7959e-08  1.0491e-05
   74    182  6.3582e-08  1.1572e-05
   74    183  4.9665e-08  9.0887e-06
   74    184  4.9959e-08  9.1924e-06
   74    186  2.3706e-08  4.4093e-06
   75    185  2.6325e-08  4.8701e-06
   75    187  2.6449e-08  4.9460e-06
   76    186  4.7390e-18  8.8145e-16
   76    187  2.1495e-10  4.0197e-08
   76    188  3.7656e-08  7.0794e-06
   76    189  1.7945e-08  3.3916e-06
   76    190  3.7459e-08  7.1172e-06
   76    192  1.8202e-08  3.4948e-06
   77    191  3.2661e-08  6.2383e-06
   77    193  1.0342e-08  1.9960e-06
   78    192  9.4560e-17  1.8155e-14
   78    194  5.8251e-08  1.1301e-05
   78    195  1.3227e-07  2.5793e-05
   78    196  6.7231e-07  1.3177e-04
   78    198  2.6487e-06  5.2444e-04
   79    197  1.3706e-06  2.7001e-04
   80    198  9.4064e-15  1.8625e-12
   80    199  1.4381e-06  2.8618e-04
   80    200  2.6468e-06  5.2936e-04
   80    201  6.1677e-07  1.2397e-04
   80    202  3.7826e-07  7.6408e-05
   80    204  2.0987e-08  4.2813e-06
   80    206  5.7192e-16  1.1782e-13
   81    203  8.5506e-08  1.7358e-05
   81    205  9.1466e-09  1.8750e-06
   81    207  1.2320e-20  2.5502e-18
   82    204  8.2574e-19  1.6845e-16
   82    206  3.6724e-07  7.5651e-05
   82    207  7.3757e-07  1.5268e-04
   82    208  1.7835e-07  3.7096e-05
   82    210  1.3754e-13  2.8884e-11
   82    211  4.3654e-19  9.2111e-17
   82    212  3.0012e-19  6.3625e-17
   82    214  6.4148e-20  1.3728e-17
   83    209  1.3034e-06  2.7241e-04
   83    210  2.8852e-18  6.0588e-16
   83    215  5.4212e-15  1.1656e-12
   84    210  7.9661e-17  1.6729e-14
   86    222  2.1990e-18  4.8817e-16
   88    223  4.2677e-17  9.5170e-15
   88    224  7.7555e-19  1.7372e-16
   88    226  3.3648e-13  7.6044e-11
   88    228  2.4939e-12  5.6861e-10
   89    227  2.9678e-14  6.7369e-12
   89    228  5.4586e-20  1.2446e-17
   90    227  6.8591e-17  1.5570e-14
   90    228  1.4894e-16  3.3957e-14
   90    230  1.5858e-11  3.6473e-09
   90    231  3.9698e-18  9.1702e-16
   90    232  1.0917e-06  2.5326e-04
   90    234  5.3621e-18  1.2547e-15
   91    231  4.4494e-11  1.0278e-08
   91    234  1.6058e-19  3.7575e-17
   92    234  5.1638e-11  1.2083e-08
   92    235  9.5896e-07  2.2536e-04
   92    236  3.8862e-09  9.1714e-07
   92    238  9.3940e-07  2.2358e-04
   92    240  1.9505e-19  4.6811e-17
   93    240  1.3770e-20  3.3049e-18
   94    239  6.7151e-18  1.6049e-15
   94    240  7.6930e-13  1.8463e-10
   94    244  9.3642e-09  2.2849e-06
   95    243  2.0528e-18  4.9883e-16
   96    244  2.5415e-18  6.2013e-16
   96    247  4.3327e-15  1.0702e-12
   97    246  1.5883e-10  3.9073e-08
  100    258  2.8401e-07  7.3275e-05
  100    260  4.7697e-07  1.2401e-04
  100    262  4.4114e-07  1.1558e-04
  102    260  2.3822e-20  6.1936e-18
  102    261  4.8175e-07  1.2574e-04
  102    263  4.7504e-07  1.2493e-04
  102    264  5.3677e-07  1.4171e-04
  102    266  6.3476e-07  1.6885e-04
  103    265  4.7808e-07  1.2669e-04
  104    267  2.9266e-07  7.8140e-05
  104    268  3.3321e-07  8.9301e-05
  104    270  8.1918e-07  2.2118e-04
  104    272  1.2778e-06  3.4757e-04
  104    274  3.4350e-06  9.4118e-04
  105    269  8.9794e-07  2.4155e-04
  105    271  7.3861e-07  2.0016e-04
  106    273  1.6053e-06  4.3825e-04
  106    275  5.2726e-06  1.4500e-03
  106    276  8.5527e-06  2.3605e-03
  106    278  7.9232e-06  2.2027e-03
  106    280  3.7401e-06  1.0472e-03
  107    277  3.5855e-06  9.9319e-04
  108    279  6.2636e-06  1.7475e-03
  108    281  1.4485e-06  4.0704e-04
  108    282  1.3976e-06  3.9413e-04
  108    283  4.5600e-07  1.2905e-04
  108    284  4.0091e-07  1.1386e-04
  108    286  2.5631e-07  7.3305e-05
  110    285  2.7710e-07  7.8974e-05
  110    286  2.2370e-17  6.3979e-15
  110    287  4.1147e-07  1.1809e-04
  110    288  3.2350e-07  9.3169e-05
  110    290  3.8440e-07  1.1148e-04
  111    289  2.8149e-07  8.1350e-05
  111    290  1.6131e-17  4.6780e-15
  111    291  2.0232e-07  5.8874e-05
  111    292  1.8919e-06  5.5243e-04
  111    293  1.0893e-06  3.1918e-04
  111    294  1.7415e-06  5.1201e-04
  111    295  5.8459e-07  1.7245e-04
  111    296  1.2601e-06  3.7300e-04
  111    297  5.7457e-07  1.7065e-04
  111    298  8.5805e-08  2.5570e-05
  111    299  6.6163e-08  1.9783e-05
  111    300  2.1028e-08  6.3083e-06
  111    301  1.1866e-06  3.5718e-04
  111    302  9.1858e-07  2.7741e-04
  111    303  1.0390e-06  3.1481e-04
  111    304  1.0765e-06  3.2727e-04
  111    305  1.5199e-06  4.6358e-04
  111    306  1.3927e-06  4.2617e-04
  111    307  6.7970e-07  2.0867e-04
  111    308  1.1430e-06  3.5203e-04
  111    309  9.3282e-07  2.8824e-04
  111    310  1.0960e-06  3.3977e-04
  111    311  7.6047e-07  2.3651e-04
  111    312  1.4220e-06  4.4368e-04
  111    313  4.3364e-07  1.3573e-04
  111    314  8.1623e-07  2.5630e-04
  111    315  3.2285e-06  1.0170e-03
  111    316  6.0894e-06  1.9242e-03
  111    317  4.0597e-06  1.2869e-03
  111    318  6.5678e-05  2.0886e-02
  111    319  4.0691e-05  1.2980e-02
  111    320  3.5917e-05  1.1493e-02
  111    321  1.6580e-05  5.3221e-03
  111    322  2.1298e-05  6.8579e-03
  111    323  1.4002e-05  4.5227e-03
  111    324  1.9392e-05  6.2829e-03
  111    325  6.8216e-06  2.2170e-03
  111    326  6.9876e-06  2.2779e-03
  111    327  1.4325e-05  4.6843e-03
  111    328  8.0043e-06  2.6254e-03
  111    329  1.0304e-05  3.3900e-03
  111    330  4.2323e-06  1.3967e-03
  111    331  5.3478e-06  1.7701e-03
  111    332  7.1115e-06  2.3610e-03
  111    333  2.2081e-06  7.3530e-04
  111    334  1.6771e-06  5.6014e-04
  111    335  1.5909e-06  5.3295e-04
  111    336  8.4764e-07  2.8481e-04
  111    337  1.1072e-05  3.7312e-03
    1      1  4.1611e-08  4.1611e-08
    2      4  2.1855e-01  8.7419e-01


