1  1.8715e-09
2  2.0447e-09
3  8.9759e-11
4  2.2188e-01
5  0.0000e+00
6  5.6884e-12
7  1.7911e-10
8  2.5603e-11
9  3.9446e-12
10  1.6663e-11
11  1.5096e-10
12  2.1836e-09
13  9.9204e-09
14  8.2962e-07
15  8.3621e-07
16  6.0639e-08
17  1.1479e-09
18  2.2301e-08
19  2.2575e-07
20  3.1689e-07
21  3.8425e-07
22  5.0956e-09
23  3.6714e-07
24  1.2197e-07
25  1.1446e-07
26  3.0230e-08
27  3.5196e-07
28  1.0326e-06
29  1.2595e-07
30  5.6392e-08
31  1.0074e-07
32  1.2996e-07
33  1.3158e-06
34  1.0101e-06
35  1.3122e-08
36  1.7937e-08
37  7.2103e-08
38  1.7619e-07
39  3.0827e-07
40  5.1846e-07
41  3.4577e-08
42  9.5009e-07
43  4.8653e-07
44  5.6175e-08
45  1.2523e-07
46  1.2072e-07
47  1.5571e-07
48  3.3829e-07
49  3.5418e-07
50  3.6530e-07
51  5.4143e-08
52  1.6277e-07
53  1.2720e-07
54  8.0163e-08
55  2.1147e-07
56  6.7004e-07
57  8.4005e-07
58  4.5297e-08
59  5.0484e-08
60  1.1532e-07
61  1.6149e-07
62  1.0668e-07
63  2.7733e-07
64  1.4831e-07
65  9.3908e-08
66  1.9795e-07
67  5.8567e-08
68  6.9860e-08
69  5.4074e-08
70  1.2480e-07
71  2.2182e-08
72  7.8897e-08
73  9.0177e-08
74  6.9708e-07
75  3.0635e-06
76  2.6791e-06
77  2.1178e-06
78  2.1013e-06
79  3.2970e-06
80  5.9974e-06
81  3.2090e-06
82  1.7880e-06
83  2.5454e-06
84  9.7170e-07
85  4.8895e-07
86  1.0192e-06
87  1.5132e-06
88  1.7788e-06
89  2.8646e-07
90  5.1711e-07
91  3.3699e-07
92  1.7664e-06
93  8.6810e-07
94  2.3408e-06
95  1.4157e-06
96  1.1500e-06
97  5.8003e-07
98  3.8664e-07
99  5.0923e-07
100  6.0195e-07
101  6.9857e-07
102  3.6129e-07
103  3.0366e-07
104  3.1627e-07
105  2.7780e-07
106  4.9530e-07
107  4.2124e-07
108  6.4360e-07
109  5.2297e-07
110  6.4830e-07
111  1.5876e-07
112  2.9307e-07
113  1.2839e-07
114  1.3570e-07
115  1.3184e-07
116  1.1979e-07
117  1.8854e-07
118  2.2166e-07
119  1.7885e-07
120  6.1233e-07
121  6.5746e-07
122  1.5535e-06
123  2.1364e-06
124  1.0007e-05
125  2.0744e-05
126  5.2072e-05
127  2.5544e-05
128  2.3622e-05
129  2.4343e-05
130  1.6608e-05
131  5.5265e-06
132  8.7095e-06
133  9.8978e-06
134  7.7989e-06
135  6.5817e-06
136  1.2081e-05
137  1.3290e-05
138  1.0453e-05
139  5.4266e-06
140  6.7976e-06
141  9.9796e-06
142  8.9040e-06
143  1.2684e-05
144  1.8249e-05
145  1.3084e-05
146  1.4392e-05
147  7.5552e-06
148  6.8627e-06
149  5.1309e-06
150  8.4364e-06
151  9.9798e-06
152  1.2894e-05
153  8.5786e-06
154  1.3111e-05
155  6.4763e-06
156  1.2569e-05
157  7.8561e-06
158  1.4138e-05
159  6.9442e-06
160  1.0895e-05
161  4.9550e-06
162  1.0411e-05
163  6.3595e-06
164  1.5032e-05
165  7.3077e-06
166  1.4737e-05
167  6.6699e-06
168  9.0886e-06
169  5.8530e-06
170  4.1722e-06
171  3.2751e-06
172  3.2001e-06
173  3.2166e-06
174  4.3062e-06
175  3.0420e-06
176  3.3652e-06
177  3.8781e-06
178  5.1920e-06
179  4.4726e-06
180  5.2904e-06
181  5.2523e-06
182  7.7909e-06
183  4.5648e-06
184  7.6444e-06
185  4.3701e-06
186  8.3969e-06
187  4.9142e-06
188  9.9690e-06
189  8.4804e-06
190  9.8241e-06
191  7.7574e-06
192  8.6667e-06
193  9.0400e-06
194  7.4702e-06
195  4.5842e-06
196  1.4117e-06
197  4.3903e-07
198  8.2471e-08
199  3.3745e-08
200  1.6627e-08
201  8.5021e-09
202  1.8373e-08
203  3.9891e-08
204  7.4370e-08
205  7.1520e-08
206  1.3525e-07
207  1.1937e-07
208  1.1055e-07
209  8.9967e-08
210  7.8009e-18
211  8.9474e-34
212  2.5506e-32
213  9.9707e-46
214  4.0858e-24
215  2.8532e-12
216  3.5200e-44
217  1.1077e-96
218  7.0219e-26
219  2.4267e-26
220  1.9399e-13
221  -2.6388e-320
222  1.2464e-22
223  2.6042e-21
224  1.3083e-22
225  2.1618e-40
226  1.9072e-17
227  1.8151e-18
228  4.2072e-16
229  8.0638e-30
230  8.9887e-16
231  2.7150e-15
232  1.8415e-10
233  2.8718e-27
234  2.9270e-15
235  5.8515e-11
236  1.5254e-13
237  -1.6000e-318
238  5.3248e-11
239  6.4555e-23
240  3.0186e-17
241  0.0000e+00
242  2.3187e-130
243  1.9735e-23
244  3.6743e-13
245  0.0000e+00
246  5.6645e-15
247  4.1652e-20
248  8.4905e-130
249  0.0000e+00
250  0.0000e+00
251  -5.0218e-314
252  0.0000e+00
253  0.0000e+00
254  0.0000e+00
255  0.0000e+00
256  0.0000e+00
257  8.2854e-26
258  1.0292e-12
259  9.6472e-26
260  7.7214e-13
261  4.4551e-13
262  2.8175e-13
263  1.4879e-13
264  1.0091e-13
265  4.6449e-14
266  2.6915e-14
267  5.6704e-15
268  2.5028e-15
269  1.7726e-15
270  4.6125e-16
271  9.8421e-17
272  3.2675e-17
273  1.3149e-17
274  4.6553e-18
275  5.5096e-19
276  2.2202e-19
277  5.2862e-20
278  3.1440e-20
279  2.6560e-20
280  5.2618e-20
281  6.2980e-20
282  1.3634e-19
283  1.1831e-19
284  1.1984e-19
285  8.9272e-20
286  6.4047e-20
287  3.7049e-20
288  1.9991e-20
289  8.4343e-21
290  4.9585e-21
291  2.8385e-21
292  6.1435e-21
293  1.2630e-21
294  1.0700e-21
295  3.3974e-22
296  1.0184e-22
297  2.5391e-23
298  5.8364e-24
299  0.0000e+00
300  0.0000e+00
301  1.8385e-23
302  9.6739e-24
303  2.4115e-24
304  4.6526e-24
305  0.0000e+00
306  0.0000e+00
307  0.0000e+00
308  0.0000e+00
309  0.0000e+00
310  0.0000e+00
311  0.0000e+00
312  0.0000e+00
313  0.0000e+00
314  0.0000e+00
315  0.0000e+00
316  0.0000e+00
317  0.0000e+00
318  0.0000e+00
319  0.0000e+00
320  0.0000e+00
321  0.0000e+00
322  0.0000e+00
323  0.0000e+00
324  0.0000e+00
325  0.0000e+00
326  0.0000e+00
327  0.0000e+00
328  0.0000e+00
329  0.0000e+00
330  0.0000e+00
331  0.0000e+00
332  0.0000e+00
333  0.0000e+00
334  0.0000e+00
335  0.0000e+00
336  0.0000e+00
337  0.0000e+00

