1  2.1728e-02
2  9.2569e-04
3  1.5861e-05
4  2.3328e-01
5  0.0000e+00
6  6.2144e-23
7  6.1542e-11
8  1.6536e-07
9  6.8690e-11
10  1.2370e-09
11  2.8135e-09
12  2.2268e-09
13  4.6954e-09
14  6.6118e-07
15  5.7678e-07
16  1.5315e-06
17  1.4426e-08
18  4.7310e-07
19  3.4252e-08
20  9.0277e-07
21  3.0335e-08
22  1.1444e-06
23  5.0343e-07
24  1.7157e-06
25  5.5847e-07
26  8.2396e-07
27  8.2119e-09
28  2.8490e-07
29  2.6067e-08
30  4.9173e-09
31  8.5686e-09
32  1.2552e-07
33  1.1324e-08
34  1.0926e-07
35  1.0359e-08
36  3.7945e-07
37  2.1796e-08
38  1.0995e-07
39  3.0785e-09
40  5.3221e-10
41  4.9430e-11
42  4.5685e-10
43  6.8984e-11
44  8.9187e-10
45  1.7446e-10
46  5.1144e-10
47  1.4987e-10
48  9.4575e-09
49  2.7263e-10
50  3.3625e-10
51  6.2307e-11
52  1.0587e-10
53  5.5612e-11
54  7.9530e-11
55  1.9966e-11
56  3.7102e-11
57  3.8565e-11
58  2.6040e-10
59  2.7406e-12
60  8.9338e-10
61  2.5071e-12
62  1.9116e-11
63  5.2672e-11
64  5.4504e-10
65  2.7831e-12
66  2.8935e-11
67  3.7317e-12
68  3.7450e-11
69  3.9725e-12
70  5.4817e-11
71  6.6747e-12
72  3.8271e-11
73  1.0586e-11
74  9.6220e-11
75  2.9698e-11
76  1.5589e-10
77  4.7793e-12
78  1.2627e-10
79  4.0894e-11
80  4.0639e-10
81  4.3094e-11
82  3.8015e-10
83  1.1394e-11
84  5.1490e-11
85  6.3511e-11
86  2.3454e-10
87  8.1720e-11
88  8.4250e-11
89  7.6948e-11
90  6.2965e-11
91  1.8849e-11
92  4.2116e-11
93  4.9737e-11
94  5.6851e-11
95  2.0827e-11
96  1.5548e-10
97  2.4325e-11
98  5.2175e-11
99  1.4900e-11
100  4.8417e-11
101  6.6082e-12
102  1.7544e-11
103  7.0615e-12
104  1.5440e-11
105  8.2478e-12
106  1.5530e-11
107  6.1417e-12
108  2.1319e-11
109  5.5374e-12
110  3.1654e-11
111  5.1499e-12
112  1.2062e-11
113  8.6327e-12
114  2.9288e-11
115  1.8067e-11
116  2.3007e-11
117  3.3833e-12
118  2.2620e-11
119  8.6056e-12
120  4.4259e-11
121  1.2190e-11
122  7.7180e-11
123  2.6315e-12
124  7.3602e-11
125  2.3259e-11
126  1.5009e-10
127  7.6113e-12
128  1.1406e-10
129  4.4508e-11
130  2.1289e-10
131  5.6698e-10
132  2.2427e-09
133  2.5027e-09
134  5.8043e-09
135  2.4630e-09
136  1.4320e-09
137  4.6479e-11
138  1.1266e-10
139  1.0091e-10
140  2.3123e-10
141  1.6333e-11
142  8.7384e-12
143  1.3079e-11
144  3.6018e-11
145  3.3881e-12
146  8.4582e-12
147  1.0334e-11
148  1.5049e-11
149  9.1412e-13
150  1.8343e-11
151  1.0836e-12
152  4.3095e-12
153  2.2087e-12
154  3.8673e-12
155  5.4377e-13
156  1.8077e-12
157  4.5736e-13
158  7.9540e-13
159  1.7499e-13
160  2.0595e-12
161  1.3294e-13
162  3.8537e-13
163  1.5806e-13
164  3.4427e-13
165  3.5111e-13
166  5.6826e-13
167  3.7866e-13
168  3.6340e-13
169  1.0758e-12
170  5.0651e-13
171  3.6516e-13
172  1.7161e-13
173  1.1833e-13
174  9.1261e-13
175  2.3961e-13
176  5.0675e-13
177  2.8685e-13
178  2.5334e-13
179  2.3310e-13
180  3.8445e-13
181  2.2608e-12
182  1.0179e-12
183  1.6877e-13
184  1.0645e-13
185  6.7489e-14
186  9.4281e-14
187  2.1601e-13
188  9.5254e-14
189  4.3459e-13
190  3.3494e-13
191  7.4749e-13
192  3.0497e-12
193  2.6172e-13
194  8.6338e-13
195  6.6640e-13
196  6.9722e-13
197  1.2937e-12
198  2.7275e-12
199  2.0553e-13
200  5.6078e-13
201  4.4488e-13
202  7.9537e-13
203  1.0377e-12
204  2.8523e-12
205  2.5710e-12
206  8.1221e-12
207  1.6436e-08
208  -2.1275e-10
209  1.5707e-09
210  3.1525e-28
211  2.2957e-13
212  3.3538e-34
213  2.5742e-44
214  7.3059e-15
215  9.5667e-31
216  4.5316e-46
217  0.0000e+00
218  4.7880e-22
219  4.4605e-28
220  2.1121e-15
221  -3.1126e-321
222  1.2118e-24
223  1.1128e-22
224  1.5518e-24
225  1.0894e-40
226  1.8543e-19
227  7.7565e-20
228  4.9905e-18
229  7.1824e-31
230  8.7392e-18
231  1.1602e-16
232  2.1844e-12
233  5.0113e-29
234  2.8457e-17
235  2.5005e-12
236  8.9326e-15
237  -1.4492e-318
238  5.1769e-13
239  1.6772e-22
240  1.7682e-18
241  0.0000e+00
242  1.7273e-81
243  5.1272e-23
244  2.1523e-14
245  0.0000e+00
246  1.1251e-16
247  1.0822e-19
248  1.4557e-80
249  0.0000e+00
250  0.0000e+00
251  2.7518e-314
252  0.0000e+00
253  0.0000e+00
254  0.0000e+00
255  0.0000e+00
256  0.0000e+00
257  9.1342e-26
258  5.2217e-12
259  6.3451e-26
260  3.0383e-11
261  5.9589e-11
262  6.1601e-11
263  9.7364e-11
264  3.5768e-11
265  6.8159e-11
266  4.7976e-11
267  7.2779e-11
268  1.4685e-11
269  6.2682e-12
270  1.2996e-11
271  8.9160e-12
272  3.1978e-12
273  4.1371e-12
274  2.6035e-12
275  1.0212e-11
276  3.6042e-11
277  1.8555e-11
278  9.2581e-12
279  3.9653e-11
280  7.0120e-11
281  4.4961e-11
282  1.1565e-10
283  3.3864e-10
284  1.4747e-09
285  6.2553e-09
286  7.9329e-09
287  6.1431e-09
288  6.5779e-09
289  5.5615e-09
290  4.8609e-09
291  1.4895e-08
292  8.8003e-08
293  4.1899e-08
294  6.8428e-08
295  7.6643e-08
296  1.6943e-07
297  1.2052e-07
298  1.3672e-06
299  1.3651e-09
300  8.7558e-09
301  7.3149e-09
302  7.7109e-09
303  9.2384e-10
304  4.0815e-10
305  3.1160e-11
306  4.3569e-11
307  7.3892e-12
308  2.7029e-12
309  2.2307e-13
310  9.1113e-13
311  2.1875e-13
312  4.4760e-13
313  5.0957e-14
314  3.7914e-13
315  1.5569e-14
316  5.1705e-13
317  1.0078e-14
318  2.3896e-13
319  2.5453e-15
320  4.6817e-14
321  3.0376e-16
322  3.5127e-15
323  5.5896e-16
324  6.3765e-16
325  2.3627e-16
326  1.0731e-16
327  6.5804e-16
328  2.0787e-16
329  1.7111e-15
330  2.2448e-16
331  1.5832e-15
332  1.5111e-16
333  2.0119e-15
334  1.3224e-16
335  1.8954e-15
336  6.9960e-17
337  1.2576e-04

