1  2.4011e-10
2  5.0137e-16
3  1.3546e-21
4  1.9479e-01
5  0.0000e+00
6  1.4404e-19
7  8.9840e-21
8  2.0928e-21
9  6.4753e-19
10  3.0007e-19
11  4.7189e-22
12  2.2428e-07
13  1.0403e-13
14  5.4252e-18
15  1.0356e-15
16  6.7188e-09
17  9.1075e-16
18  4.1208e-18
19  1.3405e-17
20  6.7251e-09
21  2.1940e-14
22  1.4166e-17
23  7.0127e-13
24  3.6553e-09
25  5.8706e-10
26  1.0022e-09
27  4.9146e-10
28  1.8059e-09
29  2.2468e-09
30  5.8203e-09
31  5.2956e-09
32  2.0657e-08
33  8.6070e-09
34  4.7010e-08
35  3.3290e-09
36  6.0144e-09
37  1.3057e-08
38  2.2752e-08
39  3.8497e-09
40  2.8986e-10
41  5.8199e-10
42  2.7422e-07
43  3.7358e-08
44  6.7691e-08
45  3.3724e-09
46  1.2722e-08
47  2.0943e-07
48  9.1660e-07
49  1.4375e-08
50  4.0001e-08
51  1.6816e-07
52  3.8917e-06
53  5.8245e-07
54  2.8042e-07
55  1.1208e-08
56  8.5964e-07
57  9.8213e-08
58  2.1217e-06
59  1.5340e-06
60  4.0737e-07
61  6.1772e-07
62  2.6294e-07
63  6.1530e-07
64  2.0099e-06
65  8.4606e-07
66  4.8694e-07
67  1.0185e-06
68  1.7931e-07
69  3.5926e-08
70  5.2978e-08
71  2.7511e-08
72  7.4066e-07
73  3.9784e-06
74  1.3918e-06
75  1.8400e-06
76  4.8114e-06
77  9.7336e-06
78  1.3850e-05
79  7.6023e-06
80  3.2220e-05
81  4.2476e-06
82  1.8953e-07
83  5.9637e-06
84  2.8728e-05
85  3.0862e-06
86  2.7500e-06
87  8.1975e-06
88  7.4069e-05
89  1.8930e-05
90  5.8334e-05
91  3.7766e-05
92  1.2852e-05
93  6.9812e-06
94  3.4953e-05
95  9.9952e-06
96  8.2782e-05
97  3.5979e-05
98  1.5061e-05
99  5.6529e-05
100  1.1183e-04
101  2.3257e-04
102  6.1940e-04
103  9.1694e-05
104  1.4110e-04
105  1.2921e-04
106  4.8601e-05
107  2.0826e-05
108  1.1922e-04
109  2.5647e-05
110  2.3978e-05
111  6.1392e-06
112  1.2049e-05
113  4.4598e-06
114  1.9018e-05
115  3.7478e-06
116  2.3571e-06
117  2.8029e-06
118  9.2205e-07
119  3.7183e-07
120  2.2833e-07
121  2.3772e-07
122  5.4042e-07
123  5.5816e-07
124  1.4475e-06
125  6.8471e-07
126  8.4775e-07
127  9.4549e-07
128  7.4745e-07
129  1.6979e-07
130  1.4224e-08
131  3.7942e-10
132  1.4284e-11
133  8.7853e-15
134  1.6705e-17
135  4.3653e-18
136  8.5835e-17
137  2.3624e-18
138  6.0320e-18
139  4.4083e-19
140  9.4682e-20
141  4.6507e-20
142  3.8784e-20
143  3.4816e-21
144  1.3745e-20
145  1.5424e-21
146  2.9250e-22
147  9.4273e-23
148  4.4692e-24
149  5.0463e-24
150  1.1530e-22
151  3.0887e-23
152  4.8263e-23
153  1.8030e-23
154  1.0495e-23
155  7.4417e-24
156  6.0560e-25
157  1.1376e-24
158  4.9098e-25
159  0.0000e+00
160  0.0000e+00
161  0.0000e+00
162  0.0000e+00
163  0.0000e+00
164  0.0000e+00
165  0.0000e+00
166  0.0000e+00
167  0.0000e+00
168  0.0000e+00
169  0.0000e+00
170  0.0000e+00
171  0.0000e+00
172  0.0000e+00
173  0.0000e+00
174  0.0000e+00
175  0.0000e+00
176  0.0000e+00
177  0.0000e+00
178  0.0000e+00
179  0.0000e+00
180  0.0000e+00
181  0.0000e+00
182  0.0000e+00
183  0.0000e+00
184  0.0000e+00
185  0.0000e+00
186  0.0000e+00
187  0.0000e+00
188  0.0000e+00
189  0.0000e+00
190  0.0000e+00
191  0.0000e+00
192  0.0000e+00
193  0.0000e+00
194  0.0000e+00
195  0.0000e+00
196  0.0000e+00
197  0.0000e+00
198  0.0000e+00
199  0.0000e+00
200  0.0000e+00
201  0.0000e+00
202  0.0000e+00
203  0.0000e+00
204  0.0000e+00
205  0.0000e+00
206  0.0000e+00
207  0.0000e+00
208  0.0000e+00
209  0.0000e+00
210  0.0000e+00
211  0.0000e+00
212  0.0000e+00
213  0.0000e+00
214  0.0000e+00
215  0.0000e+00
216  0.0000e+00
217  0.0000e+00
218  0.0000e+00
219  0.0000e+00
220  0.0000e+00
221  0.0000e+00
222  0.0000e+00
223  0.0000e+00
224  0.0000e+00
225  0.0000e+00
226  0.0000e+00
227  0.0000e+00
228  0.0000e+00
229  0.0000e+00
230  0.0000e+00
231  0.0000e+00
232  0.0000e+00
233  0.0000e+00
234  0.0000e+00
235  0.0000e+00
236  0.0000e+00
237  0.0000e+00
238  0.0000e+00
239  0.0000e+00
240  0.0000e+00
241  0.0000e+00
242  0.0000e+00
243  0.0000e+00
244  0.0000e+00
245  0.0000e+00
246  0.0000e+00
247  0.0000e+00
248  0.0000e+00
249  0.0000e+00
250  0.0000e+00
251  0.0000e+00
252  0.0000e+00
253  0.0000e+00
254  0.0000e+00
255  0.0000e+00
256  0.0000e+00
257  0.0000e+00
258  0.0000e+00
259  0.0000e+00
260  0.0000e+00
261  0.0000e+00
262  0.0000e+00
263  0.0000e+00
264  0.0000e+00
265  0.0000e+00
266  0.0000e+00
267  0.0000e+00
268  0.0000e+00
269  0.0000e+00
270  0.0000e+00
271  0.0000e+00
272  0.0000e+00
273  0.0000e+00
274  0.0000e+00
275  0.0000e+00
276  0.0000e+00
277  0.0000e+00
278  0.0000e+00
279  0.0000e+00
280  0.0000e+00
281  0.0000e+00
282  0.0000e+00
283  0.0000e+00
284  0.0000e+00
285  0.0000e+00
286  0.0000e+00
287  0.0000e+00
288  0.0000e+00
289  0.0000e+00
290  0.0000e+00
291  0.0000e+00
292  0.0000e+00
293  0.0000e+00
294  0.0000e+00
295  0.0000e+00
296  0.0000e+00
297  0.0000e+00
298  0.0000e+00
299  0.0000e+00
300  0.0000e+00
301  0.0000e+00
302  0.0000e+00
303  0.0000e+00
304  0.0000e+00
305  0.0000e+00
306  0.0000e+00
307  0.0000e+00
308  0.0000e+00
309  0.0000e+00
310  0.0000e+00
311  0.0000e+00
312  0.0000e+00
313  0.0000e+00
314  0.0000e+00
315  0.0000e+00
316  0.0000e+00
317  0.0000e+00
318  0.0000e+00
319  0.0000e+00
320  0.0000e+00
321  0.0000e+00
322  0.0000e+00
323  0.0000e+00
324  0.0000e+00
325  0.0000e+00
326  0.0000e+00
327  0.0000e+00
328  0.0000e+00
329  0.0000e+00
330  0.0000e+00
331  0.0000e+00
332  0.0000e+00
333  0.0000e+00
334  0.0000e+00
335  0.0000e+00
336  0.0000e+00
337  0.0000e+00

