1  3.5221e-09
2  5.8531e-09
3  5.2919e-10
4  2.2864e-01
5  0.0000e+00
6  1.6138e-11
7  5.4640e-10
8  8.3793e-10
9  2.9737e-10
10  9.8573e-09
11  2.2348e-09
12  2.0163e-09
13  1.2968e-07
14  1.2366e-07
15  3.9046e-06
16  1.0530e-07
17  3.2734e-09
18  2.2527e-08
19  4.4711e-07
20  6.3327e-07
21  3.4829e-07
22  3.5788e-09
23  6.7087e-07
24  2.2659e-07
25  3.0645e-07
26  3.2103e-08
27  1.7475e-07
28  4.5542e-07
29  9.2692e-08
30  5.7804e-08
31  5.5511e-08
32  1.0948e-07
33  8.0750e-07
34  6.2461e-07
35  2.3005e-08
36  2.4233e-08
37  1.4784e-08
38  5.9440e-08
39  4.8814e-08
40  2.0595e-08
41  9.6777e-08
42  3.4485e-07
43  8.4797e-08
44  7.6359e-08
45  8.0228e-08
46  3.2394e-08
47  4.3404e-08
48  9.0192e-08
49  6.3505e-08
50  5.4490e-08
51  1.6471e-08
52  7.7452e-08
53  6.9047e-08
54  3.6149e-08
55  3.1532e-08
56  1.2096e-07
57  3.3910e-07
58  9.4759e-09
59  1.3993e-08
60  2.6140e-08
61  4.2199e-08
62  4.0604e-08
63  2.2306e-07
64  9.3749e-08
65  8.2666e-08
66  1.6159e-07
67  9.1679e-08
68  2.7412e-08
69  1.2079e-08
70  4.1388e-08
71  1.3866e-08
72  7.2734e-08
73  8.3391e-08
74  5.0567e-07
75  1.9236e-06
76  1.3585e-06
77  1.0831e-06
78  8.5386e-07
79  1.0295e-06
80  2.7027e-06
81  1.0699e-06
82  9.0275e-07
83  1.0162e-06
84  2.9127e-07
85  1.1736e-07
86  1.9532e-07
87  2.5975e-07
88  3.5573e-07
89  1.8739e-07
90  3.1440e-07
91  9.7683e-08
92  2.5230e-07
93  1.9530e-07
94  5.7303e-07
95  2.8844e-07
96  2.0062e-07
97  1.9078e-07
98  9.5871e-08
99  1.1119e-07
100  1.2066e-07
101  1.2937e-07
102  7.7146e-08
103  8.4775e-08
104  8.0561e-08
105  7.6796e-08
106  1.3715e-07
107  1.0820e-07
108  1.2582e-07
109  1.3280e-07
110  1.8339e-07
111  3.9209e-08
112  1.0678e-07
113  4.7537e-08
114  4.4820e-08
115  4.4723e-08
116  2.0895e-08
117  4.7083e-08
118  5.4756e-08
119  4.3885e-08
120  2.5311e-07
121  2.3476e-07
122  6.1224e-07
123  6.3297e-07
124  2.5754e-06
125  2.5299e-06
126  3.9268e-06
127  2.8525e-06
128  2.3410e-06
129  1.6822e-06
130  6.9164e-07
131  6.5300e-07
132  9.9945e-07
133  1.2008e-06
134  1.0123e-06
135  4.0297e-07
136  6.2392e-07
137  7.2857e-07
138  6.8444e-07
139  3.7385e-07
140  6.0486e-07
141  6.5894e-07
142  4.0180e-07
143  4.1374e-07
144  5.1936e-07
145  3.7820e-07
146  6.0703e-07
147  6.0923e-07
148  5.3122e-07
149  3.1419e-07
150  4.0805e-07
151  3.3028e-07
152  4.8388e-07
153  2.8845e-07
154  6.3825e-07
155  4.5309e-07
156  5.2827e-07
157  4.2009e-07
158  7.6576e-07
159  1.9047e-07
160  5.7085e-07
161  3.3250e-07
162  4.0568e-07
163  2.7108e-07
164  8.1018e-07
165  4.6863e-07
166  1.0723e-06
167  5.6978e-07
168  6.9537e-07
169  9.7975e-07
170  5.9461e-07
171  4.8443e-07
172  4.1435e-07
173  3.2915e-07
174  5.4377e-07
175  3.1478e-07
176  3.8804e-07
177  4.5269e-07
178  4.8448e-07
179  4.6879e-07
180  6.8184e-07
181  7.6207e-07
182  9.9342e-07
183  6.3092e-07
184  9.9111e-07
185  6.9381e-07
186  1.5059e-06
187  1.0949e-06
188  2.6956e-06
189  2.7656e-06
190  6.4275e-06
191  9.0250e-06
192  1.5432e-05
193  1.8480e-05
194  2.0887e-05
195  1.7585e-05
196  1.0101e-05
197  6.3962e-06
198  2.5585e-06
199  1.0376e-06
200  6.7579e-07
201  5.7765e-07
202  1.2633e-06
203  1.7865e-06
204  3.0802e-06
205  3.2799e-06
206  4.4912e-05
207  3.9818e-05
208  4.1106e-05
209  4.5908e-05
210  1.5957e-12
211  4.5940e-18
212  4.8317e-18
213  5.8049e-44
214  8.3571e-19
215  1.2665e-24
216  5.5982e-24
217  7.0251e-94
218  1.4363e-20
219  1.7776e-21
220  2.1467e-21
221  7.8650e-320
222  2.5496e-17
223  4.4349e-16
224  1.2124e-17
225  3.4985e-40
226  3.9013e-12
227  3.0912e-13
228  3.8987e-11
229  1.3049e-29
230  1.8387e-10
231  4.6236e-10
232  1.7065e-05
233  7.2018e-26
234  5.9872e-10
235  9.9652e-06
236  4.6577e-08
237  1.9922e-318
238  1.0892e-05
239  3.6885e-17
240  9.2203e-12
241  0.0000e+00
242  2.7031e-120
243  1.1276e-17
244  1.1223e-07
245  0.0000e+00
246  1.7023e-09
247  2.3799e-14
248  1.6150e-119
249  0.0000e+00
250  0.0000e+00
251  4.3875e-314
252  0.0000e+00
253  0.0000e+00
254  0.0000e+00
255  0.0000e+00
256  0.0000e+00
257  9.2481e-26
258  2.8022e-06
259  4.7223e-26
260  3.1470e-06
261  2.5715e-06
262  2.9805e-06
263  3.0869e-06
264  3.1047e-06
265  2.1853e-06
266  2.2335e-06
267  1.0251e-06
268  7.5427e-07
269  9.5879e-07
270  6.0079e-07
271  4.5458e-07
272  3.3757e-07
273  1.9586e-07
274  1.1090e-07
275  4.4688e-08
276  3.4723e-08
277  8.9087e-09
278  1.8581e-08
279  2.1004e-08
280  1.7502e-08
281  1.2172e-08
282  2.6990e-08
283  2.6194e-08
284  2.7680e-08
285  2.2825e-08
286  2.2697e-08
287  2.1911e-08
288  1.7224e-08
289  9.7672e-09
290  9.2821e-09
291  6.3028e-09
292  2.6016e-08
293  9.2091e-09
294  9.2858e-09
295  3.1721e-09
296  1.0163e-09
297  2.7546e-10
298  7.1198e-11
299  4.8655e-15
300  5.5354e-14
301  2.8947e-10
302  5.9913e-10
303  2.5442e-10
304  2.7231e-10
305  1.3884e-10
306  1.9326e-10
307  2.1355e-11
308  1.1371e-11
309  5.9029e-12
310  1.3683e-11
311  2.0749e-12
312  3.2800e-12
313  9.2341e-13
314  1.0703e-12
315  4.9760e-13
316  7.2856e-13
317  4.9481e-13
318  1.1252e-12
319  2.1280e-13
320  7.8939e-13
321  1.9501e-13
322  9.5970e-14
323  2.3082e-14
324  6.7043e-14
325  2.4427e-15
326  1.3918e-14
327  5.3040e-14
328  7.3129e-18
329  7.0927e-16
330  3.6185e-18
331  2.0655e-17
332  2.0689e-17
333  1.3892e-17
334  4.2037e-19
335  3.0186e-18
336  1.2929e-18
337  1.3965e-16

