1  3.6428e-09
2  6.1402e-10
3  8.5703e-12
4  2.1431e-01
5  0.0000e+00
6  1.7262e-12
7  1.6292e-11
8  1.0136e-13
9  5.1041e-18
10  4.6035e-12
11  1.5893e-11
12  5.6092e-09
13  9.5807e-12
14  6.9154e-08
15  3.5618e-09
16  1.0415e-09
17  6.2277e-11
18  2.5354e-08
19  4.4997e-09
20  5.9166e-09
21  1.9337e-08
22  6.2855e-09
23  1.6617e-08
24  1.4912e-08
25  3.5424e-08
26  5.3237e-07
27  5.6577e-09
28  1.1450e-08
29  1.6306e-08
30  1.3799e-08
31  5.9124e-09
32  3.1759e-08
33  5.2482e-07
34  4.0813e-07
35  8.0801e-09
36  1.5208e-08
37  1.6299e-07
38  2.9031e-07
39  2.2299e-07
40  3.3914e-07
41  3.9074e-08
42  5.5883e-07
43  2.8217e-07
44  1.7564e-07
45  6.8863e-07
46  9.3445e-07
47  4.1479e-07
48  2.4268e-07
49  1.4267e-07
50  2.5283e-07
51  1.8723e-07
52  5.3503e-08
53  4.4647e-07
54  1.5870e-06
55  2.8251e-07
56  1.8890e-06
57  2.1479e-06
58  3.1740e-08
59  3.0711e-08
60  3.1258e-08
61  3.0658e-08
62  4.7338e-08
63  7.1720e-07
64  4.5589e-08
65  3.7756e-08
66  9.9428e-08
67  6.4859e-08
68  2.4341e-08
69  3.4103e-08
70  1.3009e-07
71  4.6650e-08
72  2.4648e-07
73  2.6633e-07
74  1.3045e-06
75  4.5244e-06
76  4.6095e-06
77  6.2358e-06
78  8.8817e-06
79  1.3796e-05
80  1.3443e-05
81  3.1391e-06
82  1.1888e-06
83  5.4145e-06
84  5.5673e-06
85  3.6775e-06
86  4.5118e-06
87  2.4274e-06
88  7.6431e-06
89  5.7285e-06
90  4.2477e-06
91  1.2704e-06
92  8.4300e-06
93  1.2509e-06
94  2.7562e-06
95  3.5298e-06
96  3.2162e-06
97  2.8594e-06
98  1.7871e-06
99  1.7761e-06
100  1.7602e-06
101  2.0751e-06
102  2.2530e-06
103  2.1702e-06
104  1.6049e-06
105  1.0135e-06
106  1.2558e-06
107  7.6076e-07
108  9.9368e-07
109  1.1834e-06
110  1.5580e-06
111  3.0644e-07
112  8.7768e-07
113  4.3181e-07
114  4.9801e-07
115  4.6262e-07
116  1.9104e-07
117  4.6286e-07
118  5.0246e-07
119  4.5387e-07
120  2.6546e-06
121  2.1680e-06
122  4.7451e-06
123  6.0036e-06
124  4.1591e-05
125  1.0702e-04
126  3.4905e-04
127  2.2089e-04
128  1.7183e-04
129  7.6609e-05
130  1.9880e-05
131  1.3795e-06
132  3.7318e-06
133  6.4657e-06
134  2.6761e-06
135  9.2977e-07
136  7.0380e-07
137  1.8373e-07
138  3.7737e-07
139  3.5829e-07
140  6.2392e-07
141  3.4971e-07
142  9.6165e-08
143  2.5872e-08
144  2.4954e-08
145  3.0781e-08
146  6.8767e-08
147  7.2557e-08
148  5.1516e-08
149  2.1668e-08
150  2.0420e-08
151  8.5111e-09
152  2.2243e-08
153  1.2196e-08
154  1.7380e-08
155  2.3567e-08
156  4.8723e-09
157  1.1294e-08
158  1.2038e-08
159  2.8422e-10
160  2.7338e-09
161  4.0560e-09
162  2.0712e-09
163  1.7502e-09
164  2.7212e-09
165  1.5278e-09
166  4.0752e-09
167  2.8336e-09
168  1.4459e-09
169  3.7094e-09
170  8.2766e-10
171  6.4966e-10
172  3.5372e-10
173  1.9396e-10
174  3.7307e-10
175  1.1044e-10
176  1.7174e-10
177  2.6678e-10
178  7.5737e-11
179  4.3442e-11
180  5.9493e-11
181  8.0649e-11
182  6.3549e-11
183  3.7706e-11
184  3.0991e-11
185  1.6634e-11
186  1.3139e-11
187  9.5983e-12
188  1.0392e-11
189  5.3239e-12
190  1.0005e-11
191  5.4092e-12
192  2.9664e-12
193  7.4850e-13
194  8.3592e-13
195  4.6312e-13
196  2.7698e-13
197  1.0498e-13
198  2.3657e-14
199  3.6259e-15
200  1.4710e-15
201  1.5751e-16
202  3.1663e-17
203  2.7576e-18
204  6.4459e-19
205  3.8816e-19
206  8.4043e-19
207  6.7630e-19
208  6.5158e-19
209  4.5631e-19
210  8.5838e-32
211  9.5574e-35
212  0.0000e+00
213  0.0000e+00
214  0.0000e+00
215  0.0000e+00
216  0.0000e+00
217  0.0000e+00
218  0.0000e+00
219  0.0000e+00
220  0.0000e+00
221  0.0000e+00
222  0.0000e+00
223  0.0000e+00
224  0.0000e+00
225  0.0000e+00
226  0.0000e+00
227  0.0000e+00
228  6.0125e-26
229  0.0000e+00
230  0.0000e+00
231  1.8622e-319
232  2.6433e-24
233  0.0000e+00
234  0.0000e+00
235  0.0000e+00
236  0.0000e+00
237  0.0000e+00
238  0.0000e+00
239  0.0000e+00
240  0.0000e+00
241  0.0000e+00
242  0.0000e+00
243  0.0000e+00
244  0.0000e+00
245  0.0000e+00
246  0.0000e+00
247  0.0000e+00
248  0.0000e+00
249  0.0000e+00
250  0.0000e+00
251  0.0000e+00
252  0.0000e+00
253  0.0000e+00
254  0.0000e+00
255  0.0000e+00
256  0.0000e+00
257  0.0000e+00
258  0.0000e+00
259  0.0000e+00
260  0.0000e+00
261  0.0000e+00
262  0.0000e+00
263  0.0000e+00
264  0.0000e+00
265  0.0000e+00
266  0.0000e+00
267  0.0000e+00
268  0.0000e+00
269  0.0000e+00
270  0.0000e+00
271  0.0000e+00
272  0.0000e+00
273  0.0000e+00
274  0.0000e+00
275  0.0000e+00
276  0.0000e+00
277  0.0000e+00
278  0.0000e+00
279  0.0000e+00
280  0.0000e+00
281  0.0000e+00
282  0.0000e+00
283  0.0000e+00
284  0.0000e+00
285  0.0000e+00
286  0.0000e+00
287  0.0000e+00
288  0.0000e+00
289  0.0000e+00
290  0.0000e+00
291  0.0000e+00
292  0.0000e+00
293  0.0000e+00
294  0.0000e+00
295  0.0000e+00
296  0.0000e+00
297  0.0000e+00
298  0.0000e+00
299  0.0000e+00
300  0.0000e+00
301  0.0000e+00
302  0.0000e+00
303  0.0000e+00
304  0.0000e+00
305  0.0000e+00
306  0.0000e+00
307  0.0000e+00
308  0.0000e+00
309  0.0000e+00
310  0.0000e+00
311  0.0000e+00
312  0.0000e+00
313  0.0000e+00
314  0.0000e+00
315  0.0000e+00
316  0.0000e+00
317  0.0000e+00
318  0.0000e+00
319  0.0000e+00
320  0.0000e+00
321  0.0000e+00
322  0.0000e+00
323  0.0000e+00
324  0.0000e+00
325  0.0000e+00
326  0.0000e+00
327  0.0000e+00
328  0.0000e+00
329  0.0000e+00
330  0.0000e+00
331  0.0000e+00
332  0.0000e+00
333  0.0000e+00
334  0.0000e+00
335  0.0000e+00
336  0.0000e+00
337  0.0000e+00

