1  5.2497e-09
2  2.2453e-01
3  3.2467e-10
4  1.2598e-10
5  3.3201e-10
6  4.1450e-08
7  2.4175e-06
8  1.2292e-07
9  3.4196e-07
10  8.6986e-07
11  5.8604e-07
12  3.8820e-07
13  3.1127e-07
14  1.0831e-06
15  9.2563e-08
16  2.4359e-06
17  8.4417e-08
18  4.2587e-07
19  2.3225e-07
20  1.0555e-06
21  1.1046e-07
22  9.0023e-07
23  3.9129e-08
24  4.2224e-07
25  2.0970e-07
26  1.6050e-06
27  4.4008e-08
28  4.5698e-07
29  3.8646e-07
30  4.3023e-07
31  7.6289e-08
32  3.3349e-06
33  2.9742e-06
34  9.3089e-06
35  4.5787e-06
36  3.6558e-06
37  1.4400e-06
38  1.2361e-06
39  1.8413e-07
40  2.9460e-06
41  5.3464e-07
42  2.2620e-06
43  1.8361e-32
44  9.7244e-07
45  1.8409e-07
46  1.1029e-06
47  4.9787e-07
48  4.1025e-07
49  6.4824e-08
50  8.6521e-06
51  2.2134e-06
52  4.2806e-05
53  1.3466e-05
54  2.2337e-05
55  4.4278e-06
56  1.1996e-05
57  2.3117e-06
58  5.1023e-06
59  2.8758e-06
60  2.6675e-05
61  1.7708e-84
62  1.8679e-05
63  7.6420e-06
64  2.7493e-05
65  3.7748e-06
66  2.3244e-05
67  4.6606e-06
68  2.4629e-05
69  4.7593e-06
70  1.6880e-05
71  3.0691e-06
72  2.0612e-05
73  6.5129e-06
74  3.9541e-05
75  1.5065e-05
76  9.6303e-05
77  5.4039e-05
78  4.4980e-05
79  2.0347e-06
80  4.0994e-06
81  2.0938e-06
82  1.3017e-05
83  3.4023e-06
84  1.9366e-18
85  4.0081e-27
86  5.3468e-20
87  1.7844e-23
88  1.3170e-13
89  6.7225e-16
90  5.4070e-08
91  1.0078e-12
92  4.4626e-08
93  2.3162e-22
94  1.5751e-10
95  8.9892e-21
96  1.9010e-17
97  2.2289e-12
98  7.7628e-314
99  -7.4110e-322
100  1.8852e-09
101  6.6146e-313
102  7.1314e-10
103  5.7734e-11
104  1.8518e-11
105  4.4376e-12
106  7.1747e-14
107  2.7163e-15
108  1.8718e-14
109  3.6883e-319
110  5.1070e-15
111  1.1122e-15
112  0.0000e+00
113  0.0000e+00
114  0.0000e+00
115  0.0000e+00
116  0.0000e+00
117  0.0000e+00
118  0.0000e+00

