    1      2  6.0644e-15  1.2129e-14
    2      3  2.6668e-20  8.0005e-20
    3      6  1.4434e-18  8.6604e-18
    3      7  9.4840e-20  6.6388e-19
    4      9  8.7814e-19  7.9032e-18
    5     10  2.5993e-18  2.5993e-17
    5     11  9.2862e-20  1.0215e-18
    6     12  4.9634e-07  5.9561e-06
    6     13  2.7397e-12  3.5616e-11
    7     14  1.7388e-16  2.4343e-15
    7     15  5.7116e-20  8.5673e-19
    8     16  4.2738e-09  6.8381e-08
    8     17  5.4108e-16  9.1984e-15
    8     18  3.0632e-18  5.5138e-17
   10     20  5.3121e-09  1.0624e-07
   10     21  9.4815e-15  1.9911e-13
   10     22  4.9040e-18  1.0789e-16
   11     23  5.8326e-13  1.3415e-11
   12     24  6.5384e-09  1.5692e-07
   12     25  2.8059e-10  7.0147e-09
   12     26  5.2831e-11  1.3736e-09
   13     26  1.3463e-13  3.5005e-12
   13     27  8.3068e-10  2.2428e-08
   14     28  1.3266e-08  3.7146e-07
   14     29  3.1315e-09  9.0812e-08
   14     30  1.5127e-08  4.5381e-07
   15     31  6.9993e-09  2.1698e-07
   16     32  9.2528e-09  2.9609e-07
   16     33  1.9771e-09  6.5246e-08
   16     34  1.2685e-08  4.3128e-07
   16     36  3.5493e-08  1.2778e-06
   17     35  1.4193e-08  4.9676e-07
   17     37  1.9653e-08  7.2717e-07
   18     36  9.6785e-12  3.4843e-10
   18     38  5.0033e-08  1.9012e-06
   18     40  1.9656e-09  7.8623e-08
   19     39  8.5821e-09  3.3470e-07
   19     40  1.3141e-14  5.2564e-13
   19     41  1.1156e-09  4.5739e-08
   20     40  4.0317e-15  1.6127e-13
   20     42  8.4688e-08  3.5569e-06
   20     43  8.1947e-10  3.5237e-08
   20     44  4.7296e-09  2.0810e-07
   20     46  1.3389e-07  6.1590e-06
   21     45  1.5151e-08  6.8179e-07
   22     46  1.0602e-16  4.8769e-15
   22     47  6.9852e-08  3.2831e-06
   22     48  3.3361e-07  1.6013e-05
   22     49  4.3372e-08  2.1252e-06
   22     50  3.5485e-07  1.7743e-05
   23     51  6.7581e-07  3.4466e-05
   24     52  9.2005e-07  4.7843e-05
   24     53  1.2975e-07  6.8767e-06
   24     54  1.0757e-07  5.8090e-06
   25     55  5.1038e-09  2.8071e-07
   26     56  3.0208e-06  1.6917e-04
   26     57  2.0318e-07  1.1581e-05
   26     58  2.6308e-08  1.5258e-06
   27     59  1.6964e-07  1.0009e-05
   28     60  3.7113e-08  2.2268e-06
   28     61  2.7638e-08  1.6859e-06
   28     62  1.2596e-06  7.8093e-05
   28     64  1.0980e-06  7.0275e-05
   29     63  9.7026e-07  6.1126e-05
   29     65  1.2672e-06  8.2371e-05
   30     64  1.3479e-19  8.6264e-18
   30     66  5.9974e-07  3.9583e-05
   30     67  3.3013e-07  2.2119e-05
   30     68  5.1538e-06  3.5046e-04
   30     70  2.5271e-06  1.7690e-04
   31     69  1.7931e-06  1.2373e-04
   31     71  4.3975e-07  3.1223e-05
   32     70  3.2658e-14  2.2860e-12
   32     72  4.0002e-07  2.8801e-05
   32     73  2.5760e-07  1.8805e-05
   32     74  4.7178e-07  3.4912e-05
   32     76  7.7326e-06  5.8768e-04
   33     75  2.6486e-06  1.9865e-04
   34     76  4.0514e-13  3.0791e-11
   34     77  2.7085e-06  2.0856e-04
   34     78  3.5147e-06  2.7415e-04
   34     80  2.5216e-05  2.0173e-03
   34     82  1.7244e-05  1.4140e-03
   35     79  3.6787e-06  2.9062e-04
   35     81  3.7476e-06  3.0356e-04
   36     82  5.1014e-13  4.1831e-11
   36     83  2.8471e-06  2.3631e-04
   36     84  1.5181e-05  1.2752e-03
   36     86  2.9402e-06  2.5286e-04
   37     85  4.7934e-06  4.0744e-04
   37     87  5.4309e-06  4.7248e-04
   38     86  1.9505e-19  1.6774e-17
   38     87  3.9762e-08  3.4593e-06
   38     88  1.4303e-04  1.2587e-02
   39     89  5.1267e-05  4.5628e-03
   40     90  8.8963e-06  8.0066e-04
   40     91  3.1552e-05  2.8712e-03
   40     92  5.7984e-04  5.3345e-02
   40     94  2.9518e-04  2.7747e-02
   41     93  2.0298e-05  1.8877e-03
   42     95  1.6375e-04  1.5556e-02
   42     96  1.7182e-05  1.6495e-03
   42     97  2.4863e-05  2.4117e-03
   42     98  7.6439e-06  7.4910e-04
   42    100  5.8121e-05  5.8121e-03
   44     99  1.9411e-05  1.9217e-03
   44    100  6.1101e-12  6.1101e-10
   44    101  4.8895e-05  4.9384e-03
   44    102  4.7685e-04  4.8638e-02
   44    104  1.4348e-04  1.4922e-02
   45    103  1.2872e-04  1.3258e-02
   46    104  2.1605e-16  2.2469e-14
   46    105  3.8725e-05  4.0661e-03
   46    106  1.1022e-04  1.1683e-02
   46    107  7.3246e-20  7.8373e-18
   46    108  2.4858e-05  2.6847e-03
   46    110  3.1916e-06  3.5108e-04
   47    107  2.0125e-05  2.1534e-03
   47    109  2.4618e-05  2.6833e-03
   48    110  1.0970e-12  1.2067e-10
   48    111  8.1541e-07  9.0510e-05
   48    112  1.0401e-05  1.1649e-03
   48    113  1.2453e-06  1.4072e-04
   48    114  7.0027e-07  7.9831e-05
   48    116  4.8929e-07  5.6757e-05
   49    113  5.4807e-14  6.1932e-12
   49    115  1.4820e-06  1.7043e-04
   50    115  1.1824e-12  1.3598e-10
   50    116  4.1560e-13  4.8210e-11
   50    117  3.1553e-07  3.6917e-05
   50    118  8.8155e-08  1.0402e-05
   50    119  5.2169e-08  6.2081e-06
   50    120  2.7637e-07  3.3165e-05
   50    122  1.1437e-07  1.3953e-05
   50    124  2.7414e-08  3.3993e-06
   51    121  1.1689e-07  1.4143e-05
   51    123  3.2898e-08  4.0464e-06
   52    122  5.7324e-15  6.9935e-13
   52    124  2.3629e-17  2.9300e-15
   52    125  6.9423e-08  8.6778e-06
   52    126  5.3566e-08  6.7493e-06
   52    128  9.3066e-08  1.1913e-05
   52    130  3.3382e-09  4.3397e-07
   53    127  5.2475e-08  6.6643e-06
   53    129  9.6476e-16  1.2445e-13
   54    128  1.3665e-18  1.7491e-16
   54    129  1.9668e-08  2.5372e-06
   54    130  3.6423e-17  4.7350e-15
   54    131  1.0429e-10  1.3662e-08
   54    132  3.6696e-12  4.8439e-10
   54    134  1.4711e-16  1.9712e-14
   54    136  5.7176e-19  7.7759e-17
   55    133  4.6304e-15  6.1584e-13
   56    135  7.0741e-19  9.5500e-17
   56    137  5.0948e-19  6.9799e-17
   56    138  8.8134e-20  1.2162e-17
    1      1  2.5186e-09  2.5186e-09
    2      4  1.8786e-01  7.5144e-01


