    1      2  1.0211e-03  2.0422e-03
    1      3  3.4891e-20  1.0467e-19
    2      3  1.7826e-05  5.3477e-05
    3      7  5.7198e-11  4.0039e-10
    4      8  1.7571e-07  1.4057e-06
    4      9  6.0452e-11  5.4407e-10
    5     10  1.1368e-09  1.1368e-08
    5     11  2.6456e-09  2.9101e-08
    6     12  2.1302e-09  2.5563e-08
    6     13  4.5802e-09  5.9543e-08
    7     14  6.4300e-07  9.0020e-06
    7     15  5.6048e-07  8.4073e-06
    8     16  1.4622e-06  2.3395e-05
    8     17  1.3530e-08  2.3000e-07
    8     18  4.5384e-07  8.1691e-06
    9     19  3.4030e-08  6.4658e-07
   10     20  8.7727e-07  1.7545e-05
   10     21  2.9086e-08  6.1081e-07
   10     22  1.1205e-06  2.4652e-05
   11     23  4.9081e-07  1.1289e-05
   12     24  1.7705e-06  4.2492e-05
   12     25  5.6594e-07  1.4148e-05
   12     26  8.4861e-07  2.2064e-05
   13     27  8.3616e-09  2.2576e-07
   14     28  2.8993e-07  8.1179e-06
   14     29  2.6818e-08  7.7772e-07
   14     30  5.0600e-09  1.5180e-07
   15     31  8.7582e-09  2.7150e-07
   16     32  1.2825e-07  4.1041e-06
   16     33  1.1603e-08  3.8292e-07
   16     34  1.1210e-07  3.8115e-06
   16     36  3.9734e-07  1.4304e-05
   17     35  1.0137e-08  3.5478e-07
   17     37  2.2902e-08  8.4736e-07
   18     36  4.7633e-14  1.7148e-12
   18     38  1.1734e-07  4.4588e-06
   18     40  5.7861e-10  2.3144e-08
   19     39  3.3081e-09  1.2902e-07
   19     40  6.5936e-19  2.6374e-17
   19     41  5.2540e-11  2.1541e-09
   20     40  1.8402e-19  7.3606e-18
   20     42  4.8696e-10  2.0452e-08
   20     43  7.3341e-11  3.1536e-09
   20     44  9.4903e-10  4.1757e-08
   20     46  5.4959e-10  2.5281e-08
   21     45  1.8686e-10  8.4086e-09
   22     46  2.3978e-17  1.1030e-15
   22     47  1.5531e-10  7.2995e-09
   22     48  1.0238e-08  4.9143e-07
   22     49  2.8980e-10  1.4200e-08
   22     50  3.6184e-10  1.8092e-08
   23     51  6.6178e-11  3.3751e-09
   24     52  1.1209e-10  5.8287e-09
   24     53  5.9072e-11  3.1308e-09
   24     54  8.5380e-11  4.6105e-09
   25     55  2.1349e-11  1.1742e-09
   26     56  3.9046e-11  2.1866e-09
   26     57  4.1255e-11  2.3515e-09
   26     58  2.8085e-10  1.6289e-08
   27     59  2.9315e-12  1.7296e-10
   28     60  9.6886e-10  5.8132e-08
   28     61  2.7119e-12  1.6543e-10
   28     62  2.0480e-11  1.2697e-09
   28     64  5.9427e-10  3.8033e-08
   29     63  5.7123e-11  3.5988e-09
   29     65  3.0219e-12  1.9642e-10
   30     64  1.0019e-19  6.4124e-18
   30     66  3.1103e-11  2.0528e-09
   30     67  4.0136e-12  2.6891e-10
   30     68  3.9940e-11  2.7159e-09
   30     70  5.8813e-11  4.1169e-09
   31     69  4.1686e-12  2.8763e-10
   31     71  7.0904e-12  5.0342e-10
   32     70  3.5150e-14  2.4605e-12
   32     72  4.0073e-11  2.8853e-09
   32     73  1.1091e-11  8.0967e-10
   32     74  1.0116e-10  7.4857e-09
   32     76  1.6683e-10  1.2679e-08
   33     75  3.1376e-11  2.3532e-09
   34     76  2.6004e-13  1.9763e-11
   34     77  5.0468e-12  3.8861e-10
   34     78  1.3303e-10  1.0376e-08
   34     80  4.3570e-10  3.4856e-08
   34     82  4.1315e-10  3.3878e-08
   35     79  4.3117e-11  3.4063e-09
   35     81  4.6174e-11  3.7401e-09
   36     82  1.4415e-12  1.1820e-10
   36     83  1.2209e-11  1.0133e-09
   36     84  5.6018e-11  4.7055e-09
   36     86  2.5673e-10  2.2079e-08
   37     85  6.7908e-11  5.7722e-09
   37     87  8.8147e-11  7.6688e-09
   38     86  4.6227e-18  3.9755e-16
   38     87  5.8817e-13  5.1170e-11
   38     88  9.1308e-11  8.0351e-09
   39     89  8.4964e-11  7.5618e-09
   40     90  6.9346e-11  6.2411e-09
   40     91  2.0776e-11  1.8906e-09
   40     92  4.6157e-11  4.2464e-09
   40     94  6.3568e-11  5.9754e-09
   41     93  5.5197e-11  5.1333e-09
   42     95  2.3032e-11  2.1881e-09
   42     96  1.7194e-10  1.6507e-08
   42     97  2.6719e-11  2.5918e-09
   42     98  5.7418e-11  5.6269e-09
   42    100  4.8681e-11  4.8681e-09
   44     99  1.6424e-11  1.6260e-09
   44    100  4.8576e-12  4.8576e-10
   44    101  7.3044e-12  7.3775e-10
   44    102  1.9350e-11  1.9737e-09
   44    104  1.6946e-11  1.7623e-09
   45    103  7.7965e-12  8.0304e-10
   46    104  1.0206e-16  1.0614e-14
   46    105  9.0738e-12  9.5275e-10
   46    106  1.7126e-11  1.8153e-09
   46    108  2.3472e-11  2.5350e-09
   46    110  3.4920e-11  3.8412e-09
   47    107  6.7814e-12  7.2561e-10
   47    109  6.0925e-12  6.6408e-10
   48    110  3.4857e-14  3.8343e-12
   48    111  5.6884e-12  6.3141e-10
   48    112  1.3213e-11  1.4799e-09
   48    113  9.5339e-12  1.0773e-09
   48    114  3.2278e-11  3.6797e-09
   48    116  2.5128e-11  2.9149e-09
   49    113  4.2238e-19  4.7729e-17
   49    115  1.9974e-11  2.2970e-09
   50    115  1.5796e-17  1.8165e-15
   50    116  4.8147e-13  5.5850e-11
   50    117  3.7022e-12  4.3316e-10
   50    118  2.4734e-11  2.9186e-09
   50    119  9.4697e-12  1.1269e-09
   50    120  4.9047e-11  5.8857e-09
   50    122  8.6121e-11  1.0507e-08
   50    124  8.2226e-11  1.0196e-08
   51    121  1.3516e-11  1.6355e-09
   51    123  2.9316e-12  3.6059e-10
   52    122  2.0751e-14  2.5316e-12
   52    124  2.6879e-15  3.3331e-13
   52    125  2.5911e-11  3.2389e-09
   52    126  1.6817e-10  2.1189e-08
   52    128  1.2558e-10  1.6074e-08
   52    130  2.2461e-10  2.9199e-08
   53    127  8.4629e-12  1.0748e-09
   53    129  3.6304e-19  4.6832e-17
   54    128  1.0630e-15  1.3606e-13
   54    129  4.8565e-11  6.2649e-09
   54    130  1.6033e-13  2.0843e-11
   54    131  5.9883e-10  7.8446e-08
   54    132  2.3907e-09  3.1557e-07
   54    134  6.3448e-09  8.5021e-07
   54    136  1.6062e-09  2.1845e-07
   55    133  2.6395e-09  3.5105e-07
   56    134  5.4272e-14  7.2724e-12
   56    135  2.7149e-09  3.6652e-07
   56    136  3.0095e-12  4.0929e-10
   56    137  5.2072e-11  7.1339e-09
   56    138  1.2348e-10  1.7041e-08
   57    139  1.1169e-10  1.5525e-08
   58    140  2.5987e-10  3.6381e-08
   58    142  9.8866e-12  1.4039e-09
   59    141  1.8489e-11  2.6069e-09
   60    142  7.3992e-17  1.0507e-14
   60    143  1.4782e-11  2.1139e-09
   60    144  4.0517e-11  5.8344e-09
   60    145  3.8227e-12  5.5429e-10
   60    146  9.4652e-12  1.3819e-09
   60    148  1.6571e-11  2.4526e-09
   60    150  2.0660e-11  3.0990e-09
   62    147  1.1677e-11  1.7166e-09
   62    148  5.6007e-13  8.2891e-11
   62    149  1.0368e-12  1.5448e-10
   62    150  1.0046e-13  1.5069e-11
   62    152  4.8634e-12  7.3924e-10
   62    154  4.4093e-12  6.7903e-10
   63    151  1.2272e-12  1.8531e-10
   63    153  2.5031e-12  3.8297e-10
   64    154  2.0981e-15  3.2311e-13
   64    155  6.1554e-13  9.5408e-11
   64    156  2.0393e-12  3.1812e-10
   64    157  5.1505e-13  8.0862e-11
   64    158  8.9780e-13  1.4185e-10
   64    160  2.3539e-12  3.7663e-10
   65    159  1.9753e-13  3.1408e-11
   66    160  4.7807e-17  7.6492e-15
   66    161  1.4999e-13  2.4148e-11
   66    162  4.3740e-13  7.0859e-11
   66    163  1.7853e-13  2.9100e-11
   66    164  3.9210e-13  6.4305e-11
   67    165  3.9627e-13  6.5385e-11
   68    166  6.4844e-13  1.0764e-10
   68    167  4.3070e-13  7.1927e-11
   68    168  4.1559e-13  6.9820e-11
   68    170  5.8345e-13  9.9186e-11
   69    169  1.2275e-12  2.0744e-10
   70    170  1.5762e-16  2.6795e-14
   70    171  4.1425e-13  7.0836e-11
   70    172  1.9436e-13  3.3431e-11
   70    173  1.3436e-13  2.3244e-11
   70    174  1.0446e-12  1.8176e-10
   70    176  5.8535e-13  1.0302e-10
   71    175  2.7455e-13  4.8046e-11
   71    176  3.4102e-17  6.0019e-15
   72    176  3.6349e-19  6.3975e-17
   72    177  3.2560e-13  5.7632e-11
   72    178  2.8894e-13  5.1431e-11
   72    179  2.6691e-13  4.7776e-11
   72    180  4.4330e-13  7.9794e-11
   73    181  2.6154e-12  4.7339e-10
   74    182  1.1894e-12  2.1647e-10
   74    183  1.9246e-13  3.5220e-11
   74    184  1.2080e-13  2.2227e-11
   74    186  1.0795e-13  2.0079e-11
   75    185  7.6764e-14  1.4201e-11
   75    187  2.4430e-13  4.5684e-11
   76    186  1.4732e-19  2.7401e-17
   76    187  1.6789e-15  3.1395e-13
   76    188  1.0847e-13  2.0393e-11
   76    189  4.9419e-13  9.3402e-11
   76    190  3.8380e-13  7.2922e-11
   76    192  3.5231e-12  6.7643e-10
   77    191  8.4804e-13  1.6198e-10
   77    193  3.0234e-13  5.8351e-11
   78    192  2.3457e-17  4.5037e-15
   78    194  9.9793e-13  1.9360e-10
   78    195  7.5824e-13  1.4786e-10
   78    196  7.9977e-13  1.5675e-10
   78    198  3.1540e-12  6.2448e-10
   79    197  1.4703e-12  2.8965e-10
   80    198  3.2207e-16  6.3770e-14
   80    199  2.3717e-13  4.7197e-11
   80    200  6.4709e-13  1.2942e-10
   80    201  5.0739e-13  1.0198e-10
   80    202  9.1572e-13  1.8498e-10
   80    204  3.2872e-12  6.7060e-10
   81    203  1.1790e-12  2.3933e-10
   81    205  2.9644e-12  6.0770e-10
   81    210  3.7306e-19  7.8344e-17
   82    204  5.6123e-19  1.1449e-16
   82    206  6.4396e-09  1.3266e-06
   82    207  5.7465e-10  1.1895e-07
   83    209  2.6411e-07  5.5200e-05
   83    212  2.2610e-15  4.7934e-13
   84    214  9.7358e-13  2.0835e-10
   84    215  4.4762e-14  9.6239e-12
   84    218  7.3790e-16  1.6086e-13
   86    220  9.8831e-16  2.1743e-13
   88    226  2.1227e-19  4.7973e-17
   88    228  5.6845e-18  1.2961e-15
   89    227  8.8277e-20  2.0039e-17
   90    230  1.0004e-17  2.3008e-15
   90    232  2.4883e-12  5.7728e-10
   91    231  1.3235e-16  3.0572e-14
   92    234  3.2536e-17  7.6133e-15
   92    235  2.8524e-12  6.7032e-10
   92    236  3.2901e-15  7.7646e-13
   92    238  5.9189e-13  1.4087e-10
   96    247  3.8712e-20  9.5618e-18
   97    246  1.2780e-16  3.1440e-14
  100    258  5.9811e-12  1.5431e-09
  100    260  3.4760e-11  9.0376e-09
  100    262  7.0312e-11  1.8422e-08
  102    260  2.0130e-20  5.2338e-18
  102    261  6.7721e-11  1.7675e-08
  102    263  1.1215e-10  2.9496e-08
  102    264  4.0907e-11  1.0799e-08
  102    266  5.5100e-11  1.4657e-08
  103    265  7.7823e-11  2.0623e-08
  104    267  8.5064e-11  2.2712e-08
  104    268  1.7348e-11  4.6494e-09
  104    270  1.4856e-11  4.0110e-09
  104    272  3.6833e-12  1.0019e-09
  104    274  2.9726e-12  8.1449e-10
  105    269  7.1263e-12  1.9170e-09
  105    271  1.0233e-11  2.7730e-09
  106    273  4.7242e-12  1.2897e-09
  106    274  2.2817e-19  6.2518e-17
  106    275  1.1646e-11  3.2028e-09
  106    276  4.1048e-11  1.1329e-08
  106    278  1.0540e-11  2.9301e-09
  106    280  7.9517e-11  2.2265e-08
  107    277  2.1108e-11  5.8469e-09
  108    279  4.5024e-11  1.2562e-08
  108    280  6.9480e-20  1.9454e-17
  108    281  5.0991e-11  1.4328e-08
  108    282  1.2937e-10  3.6482e-08
  108    283  3.7251e-10  1.0542e-07
  108    284  1.6007e-09  4.5461e-07
  108    286  8.5592e-09  2.4479e-06
  110    285  6.7958e-09  1.9368e-06
  110    286  8.7835e-13  2.5121e-10
  110    287  6.6249e-09  1.9013e-06
  110    288  7.0641e-09  2.0345e-06
  110    290  5.0488e-09  1.4642e-06
  111    289  5.9127e-09  1.7088e-06
  111    290  2.5489e-13  7.3919e-11
  111    291  1.5817e-08  4.6028e-06
  111    292  9.1461e-08  2.6707e-05
  111    293  4.3687e-08  1.2800e-05
  111    294  6.9705e-08  2.0493e-05
  111    295  7.4676e-08  2.2029e-05
  111    296  1.6185e-07  4.7908e-05
  111    297  1.1076e-07  3.2897e-05
  111    298  1.2974e-06  3.8663e-04
  111    299  1.2870e-09  3.8482e-07
  111    300  8.1064e-09  2.4319e-06
  111    301  6.7337e-09  2.0269e-06
  111    302  7.1211e-09  2.1506e-06
  111    303  8.7224e-10  2.6429e-07
  111    304  3.8222e-10  1.1620e-07
  111    305  2.9427e-11  8.9752e-09
  111    306  4.0316e-11  1.2337e-08
  111    307  6.9923e-12  2.1466e-09
  111    308  2.5843e-12  7.9596e-10
  111    309  2.1452e-13  6.6288e-11
  111    310  8.5338e-13  2.6455e-10
  111    311  2.0956e-13  6.5174e-11
  111    312  4.2560e-13  1.3279e-10
  111    313  4.7932e-14  1.5003e-11
  111    314  3.6361e-13  1.1417e-10
  111    315  1.4907e-14  4.6958e-12
  111    316  5.0222e-13  1.5870e-10
  111    317  9.7940e-15  3.1047e-12
  111    318  2.3275e-13  7.4016e-11
  111    319  2.4792e-15  7.9088e-13
  111    320  4.5614e-14  1.4596e-11
  111    321  2.9595e-16  9.5001e-14
  111    322  3.4225e-15  1.1020e-12
  111    323  5.4461e-16  1.7591e-13
  111    324  6.2128e-16  2.0130e-13
  111    325  2.3021e-16  7.4819e-14
  111    326  1.0456e-16  3.4086e-14
  111    327  6.4116e-16  2.0966e-13
  111    328  2.0254e-16  6.6432e-14
  111    329  1.6673e-15  5.4853e-13
  111    330  2.1872e-16  7.2178e-14
  111    331  1.5427e-15  5.1062e-13
  111    332  1.4723e-16  4.8882e-14
  111    333  1.9604e-15  6.5281e-13
  111    334  1.2885e-16  4.3035e-14
  111    335  1.8468e-15  6.1867e-13
  111    336  6.8163e-17  2.2903e-14
  111    337  1.1924e-04  4.0184e-02
    1      1  2.3304e-02  2.3304e-02
    2      4  3.1904e+05  1.2761e+06


