    1      2  1.2212e-09  2.4424e-09
    2      3  3.3280e-11  9.9840e-11
    3      6  3.4500e-12  2.0700e-11
    3      7  6.4737e-11  4.5316e-10
    4      8  1.7841e-12  1.4273e-11
    4      9  5.8774e-14  5.2896e-13
    5     10  9.6816e-12  9.6816e-11
    5     11  6.6582e-11  7.3240e-10
    6     12  2.6432e-09  3.1719e-08
    6     13  3.4010e-10  4.4213e-09
    7     14  6.7188e-07  9.4064e-06
    7     15  6.5371e-08  9.8057e-07
    8     16  7.9315e-09  1.2690e-07
    8     17  4.2219e-10  7.1772e-09
    8     18  4.2601e-08  7.6681e-07
    9     19  5.1831e-08  9.8479e-07
   10     20  8.1250e-08  1.6250e-06
   10     21  1.8613e-07  3.9087e-06
   10     22  4.8647e-09  1.0702e-07
   11     23  5.2302e-08  1.2029e-06
   12     24  4.1801e-08  1.0032e-06
   12     25  4.6423e-08  1.1606e-06
   12     26  2.9709e-07  7.7244e-06
   13     26  3.2037e-18  8.3296e-17
   13     27  2.4007e-07  6.4820e-06
   14     28  7.1282e-07  1.9959e-05
   14     29  1.0398e-07  3.0155e-06
   14     30  4.5738e-08  1.3721e-06
   15     31  7.1193e-08  2.2070e-06
   16     32  9.4711e-08  3.0308e-06
   16     33  8.3571e-07  2.7578e-05
   16     34  6.4175e-07  2.1820e-05
   16     36  1.3666e-08  4.9199e-07
   17     35  8.5888e-09  3.0061e-07
   17     37  6.1645e-08  2.2809e-06
   18     36  9.1247e-20  3.2849e-18
   18     38  1.4459e-07  5.4943e-06
   18     40  4.5747e-07  1.8299e-05
   19     39  2.5872e-07  1.0090e-05
   19     41  4.1642e-08  1.7073e-06
   20     42  6.8706e-07  2.8857e-05
   20     43  3.5748e-07  1.5372e-05
   20     44  6.5730e-08  2.8921e-06
   20     46  1.4796e-07  6.8061e-06
   21     45  1.5688e-07  7.0594e-06
   22     46  1.5702e-20  7.2230e-19
   22     47  1.5810e-07  7.4306e-06
   22     48  2.6168e-07  1.2561e-05
   22     49  3.4934e-07  1.7118e-05
   22     50  4.0525e-07  2.0263e-05
   23     51  9.5199e-08  4.8551e-06
   24     52  1.5193e-07  7.9003e-06
   24     53  8.7971e-08  4.6625e-06
   24     54  6.9064e-08  3.7295e-06
   25     55  1.7602e-07  9.6813e-06
   26     56  5.8768e-07  3.2910e-05
   26     57  1.0035e-06  5.7199e-05
   26     58  3.7634e-08  2.1828e-06
   27     59  5.0693e-08  2.9909e-06
   28     60  1.3982e-07  8.3891e-06
   28     61  2.1990e-07  1.3414e-05
   28     62  1.3310e-07  8.2525e-06
   28     64  1.6470e-07  1.0541e-05
   29     63  4.6607e-07  2.9362e-05
   29     65  1.2827e-07  8.3378e-06
   30     64  1.3000e-20  8.3202e-19
   30     66  3.2343e-07  2.1346e-05
   30     67  1.4243e-07  9.5428e-06
   30     68  9.5106e-08  6.4672e-06
   30     70  1.9095e-07  1.3367e-05
   31     69  5.6709e-08  3.9129e-06
   31     71  3.4391e-08  2.4418e-06
   32     70  5.0509e-16  3.5356e-14
   32     72  9.9979e-08  7.1985e-06
   32     73  8.2268e-08  6.0056e-06
   32     74  6.0450e-07  4.4733e-05
   32     76  2.6594e-06  2.0211e-04
   33     75  2.8354e-06  2.1265e-04
   34     76  1.5921e-13  1.2100e-11
   34     77  2.8899e-06  2.2252e-04
   34     78  4.3937e-06  3.4271e-04
   34     80  1.0745e-05  8.5960e-04
   34     82  2.3873e-06  1.9576e-04
   35     79  6.6907e-06  5.2857e-04
   35     81  4.2957e-06  3.4796e-04
   36     82  2.5659e-13  2.1040e-11
   36     83  2.3755e-06  1.9717e-04
   36     84  1.6113e-06  1.3535e-04
   36     86  2.7372e-06  2.3540e-04
   37     85  1.3065e-06  1.1105e-04
   37     87  3.4454e-06  2.9975e-04
   38     86  2.3801e-20  2.0469e-18
   38     87  2.5228e-08  2.1949e-06
   38     88  3.7418e-06  3.2928e-04
   39     89  8.5810e-07  7.6371e-05
   40     90  1.9337e-06  1.7404e-04
   40     91  1.3173e-06  1.1987e-04
   40     92  3.4635e-06  3.1864e-04
   40     94  2.6749e-06  2.5144e-04
   41     93  1.1060e-06  1.0286e-04
   42     95  1.6869e-06  1.6025e-04
   42     96  1.3039e-06  1.2517e-04
   42     97  1.0605e-06  1.0287e-04
   42     98  5.4354e-07  5.3267e-05
   42    100  1.1207e-06  1.1207e-04
   44     99  8.4196e-07  8.3354e-05
   44    100  1.4142e-13  1.4142e-11
   44    101  1.3791e-06  1.3929e-04
   44    102  5.9542e-07  6.0733e-05
   44    104  4.8131e-07  5.0057e-05
   45    103  5.0314e-07  5.1823e-05
   46    104  8.8456e-19  9.1994e-17
   46    105  4.2839e-07  4.4981e-05
   46    106  6.5262e-07  6.9178e-05
   46    108  8.3869e-07  9.0579e-05
   46    110  1.3255e-06  1.4581e-04
   47    107  5.8490e-07  6.2585e-05
   47    109  8.8563e-07  9.6534e-05
   48    110  1.7410e-14  1.9151e-12
   48    111  3.0768e-07  3.4153e-05
   48    112  7.7703e-07  8.7027e-05
   48    113  3.2158e-07  3.6339e-05
   48    114  3.1499e-07  3.5909e-05
   48    116  1.4160e-07  1.6426e-05
   49    113  1.4153e-14  1.5993e-12
   49    115  2.7906e-07  3.2092e-05
   50    115  2.2265e-13  2.5605e-11
   50    116  2.6991e-14  3.1310e-12
   50    117  2.6313e-07  3.0786e-05
   50    118  2.7368e-07  3.2295e-05
   50    119  1.9187e-07  2.2832e-05
   50    120  6.7085e-07  8.0502e-05
   50    122  1.1664e-06  1.4230e-04
   50    124  1.3857e-05  1.7183e-03
   51    121  5.0156e-07  6.0689e-05
   51    123  1.4839e-06  1.8252e-04
   52    122  6.9053e-15  8.4245e-13
   52    124  2.1801e-16  2.7034e-14
   52    125  4.6321e-05  5.7901e-03
   52    126  1.7960e-04  2.2630e-02
   52    128  8.7956e-05  1.1258e-02
   52    130  5.8886e-05  7.6552e-03
   53    127  1.1123e-04  1.4126e-02
   53    129  2.8485e-13  3.6745e-11
   54    128  2.3961e-15  3.0671e-13
   54    129  1.3611e-04  1.7558e-02
   54    130  1.6615e-13  2.1599e-11
   54    131  1.0916e-05  1.4299e-03
   54    132  1.1517e-05  1.5202e-03
   54    134  1.2902e-05  1.7288e-03
   54    136  1.8778e-05  2.5538e-03
   55    133  1.4112e-05  1.8769e-03
   56    134  7.2602e-18  9.7286e-16
   56    135  1.3060e-05  1.7631e-03
   56    136  9.9715e-15  1.3561e-12
   56    137  1.1079e-05  1.5178e-03
   56    138  6.4964e-06  8.9650e-04
   57    139  3.2220e-06  4.4786e-04
   58    140  6.1955e-06  8.6737e-04
   58    142  1.1326e-05  1.6083e-03
   59    141  1.5807e-05  2.2288e-03
   60    142  1.5267e-17  2.1680e-15
   60    143  1.1105e-05  1.5880e-03
   60    144  1.1920e-05  1.7165e-03
   60    145  4.6820e-06  6.7889e-04
   60    146  5.5903e-06  8.1618e-04
   60    148  4.0702e-06  6.0239e-04
   60    150  4.6119e-06  6.9178e-04
   62    147  3.9941e-06  5.8713e-04
   62    148  5.9195e-13  8.7609e-11
   62    149  2.9804e-06  4.4407e-04
   62    150  2.9771e-12  4.4656e-10
   62    152  6.5036e-06  9.8854e-04
   62    154  7.0701e-06  1.0888e-03
   63    151  4.4140e-06  6.6652e-04
   63    153  4.2085e-06  6.4390e-04
   64    154  4.7606e-14  7.3313e-12
   64    155  3.8456e-06  5.9607e-04
   64    156  6.0632e-06  9.4585e-04
   64    157  4.1180e-06  6.4652e-04
   64    158  7.1065e-06  1.1228e-03
   64    160  4.5906e-06  7.3450e-04
   65    159  2.2882e-06  3.6383e-04
   66    160  5.7317e-15  9.1707e-13
   66    161  2.1637e-06  3.4836e-04
   66    162  3.1566e-06  5.1136e-04
   66    163  1.9495e-06  3.1776e-04
   66    164  4.9604e-06  8.1350e-04
   67    165  2.4972e-06  4.1203e-04
   68    166  4.9053e-06  8.1428e-04
   68    167  2.2364e-06  3.7347e-04
   68    168  3.0022e-06  5.0436e-04
   68    170  1.9057e-06  3.2397e-04
   69    169  3.0970e-06  5.2339e-04
   70    170  1.1596e-15  1.9712e-13
   70    171  1.3453e-06  2.3004e-04
   70    172  1.0630e-06  1.8283e-04
   70    173  8.3518e-07  1.4449e-04
   70    174  1.0533e-06  1.8327e-04
   70    176  6.7043e-07  1.1800e-04
   71    175  6.1106e-07  1.0693e-04
   71    176  5.1939e-17  9.1412e-15
   72    176  4.8628e-19  8.5585e-17
   72    177  7.5410e-07  1.3347e-04
   72    178  8.4813e-07  1.5097e-04
   72    179  7.3362e-07  1.3132e-04
   72    180  8.2364e-07  1.4825e-04
   73    181  7.6921e-07  1.3923e-04
   74    182  9.3671e-07  1.7048e-04
   74    183  5.3822e-07  9.8495e-05
   74    184  7.8557e-07  1.4455e-04
   74    186  7.6392e-07  1.4209e-04
   75    185  4.6537e-07  8.6094e-05
   75    187  4.4961e-07  8.4077e-05
   76    186  2.9565e-19  5.4991e-17
   76    187  3.6541e-09  6.8331e-07
   76    188  7.2503e-07  1.3631e-04
   76    189  5.4143e-07  1.0233e-04
   76    190  6.1465e-07  1.1678e-04
   76    192  4.0025e-07  7.6848e-05
   77    191  4.5976e-07  8.7814e-05
   77    193  3.3343e-07  6.4352e-05
   78    192  1.0148e-17  1.9484e-15
   78    194  2.9094e-07  5.6443e-05
   78    195  2.1552e-07  4.2026e-05
   78    196  9.4405e-08  1.8503e-05
   78    198  8.9130e-09  1.7648e-06
   79    197  4.0162e-08  7.9119e-06
   80    198  7.6645e-19  1.5176e-16
   80    199  1.6096e-09  3.2031e-07
   80    200  2.3162e-10  4.6325e-08
   80    201  2.6483e-11  5.3230e-09
   80    202  3.3220e-11  6.7104e-09
   80    204  1.0534e-10  2.1490e-08
   81    203  6.1950e-11  1.2576e-08
   81    205  8.8177e-11  1.8076e-08
   82    206  1.2188e-10  2.5107e-08
   82    207  9.5404e-11  1.9749e-08
   82    208  9.2665e-11  1.9274e-08
   82    211  1.9347e-16  4.0821e-14
   82    212  9.6258e-17  2.0407e-14
   83    209  7.2684e-11  1.5191e-08
   84    214  2.1643e-17  4.6316e-15
   84    218  9.8516e-18  2.1476e-15
   88    224  1.2164e-17  2.7247e-15
   88    228  7.0367e-20  1.6044e-17
   90    230  1.3070e-19  3.0061e-17
   90    232  3.0802e-14  7.1460e-12
   91    231  1.6954e-19  3.9163e-17
   92    234  4.3136e-19  1.0094e-16
   92    235  3.6539e-15  8.5868e-13
   92    236  3.9648e-18  9.3569e-16
   92    238  2.0415e-15  4.8588e-13
   92    240  6.4175e-19  1.5402e-16
   94    244  9.2757e-18  2.2633e-15
   97    246  1.5850e-19  3.8991e-17
  100    258  9.7355e-18  2.5118e-15
  100    260  7.7443e-18  2.0135e-15
  100    262  2.8693e-18  7.5177e-16
  102    261  4.2124e-18  1.0994e-15
  102    263  1.6508e-18  4.3417e-16
  102    264  1.0135e-18  2.6756e-16
  102    266  2.1123e-19  5.6187e-17
  103    265  3.8294e-19  1.0148e-16
  104    267  4.3877e-20  1.1715e-17
  104    268  2.0953e-20  5.6153e-18
  105    269  1.2787e-20  3.4396e-18
    1      1  1.8845e-09  1.8845e-09
    2      4  2.1744e-01  8.6975e-01


