1  4.4388e-09
2  1.8823e-01
3  1.9453e-10
4  7.3591e-10
5  8.3181e-10
6  1.5282e-07
7  6.9409e-06
8  2.7799e-07
9  8.8419e-07
10  1.5654e-06
11  5.6524e-07
12  9.3858e-07
13  7.1822e-08
14  5.3262e-07
15  1.1913e-07
16  1.3768e-06
17  2.6133e-07
18  6.5566e-07
19  7.2611e-07
20  2.3794e-06
21  6.2998e-07
22  3.8994e-06
23  7.5604e-07
24  4.0707e-06
25  2.0712e-07
26  4.7377e-07
27  2.3895e-08
28  9.6985e-07
29  3.7288e-06
30  5.5040e-06
31  1.0100e-06
32  6.2287e-06
33  7.1479e-07
34  3.1546e-05
35  8.2921e-06
36  1.0515e-05
37  2.9441e-06
38  1.5678e-06
39  7.4960e-07
40  1.1532e-05
41  5.0783e-06
42  6.4669e-06
43  4.0140e-32
44  2.7585e-06
45  7.5674e-07
46  6.2726e-06
47  2.7515e-06
48  3.6521e-06
49  3.5918e-07
50  1.0884e-05
51  2.6800e-06
52  1.4955e-04
53  5.2838e-05
54  1.3547e-04
55  1.5203e-05
56  3.1549e-05
57  2.2339e-06
58  1.1799e-05
59  3.9460e-06
60  3.2178e-05
61  2.6769e-84
62  2.9235e-05
63  1.2711e-05
64  5.1263e-05
65  8.7947e-06
66  5.6668e-05
67  9.6934e-06
68  7.0665e-05
69  1.2818e-05
70  7.3350e-05
71  9.4947e-06
72  2.5223e-05
73  5.8551e-06
74  1.4407e-04
75  4.8652e-05
76  2.1719e-04
77  7.1699e-05
78  1.1242e-04
79  1.7688e-05
80  1.7959e-06
81  2.4145e-07
82  1.8804e-06
83  4.3302e-07
84  2.1529e-18
85  2.0037e-27
86  5.9444e-20
87  2.2999e-23
88  9.1291e-15
89  8.6656e-16
90  8.3953e-08
91  1.2992e-12
92  5.3493e-08
93  3.6886e-22
94  2.5085e-10
95  1.0535e-20
96  2.2293e-17
97  4.3340e-12
98  2.9820e-314
99  -9.3378e-322
100  4.1586e-09
101  -5.3223e-313
102  2.5490e-09
103  4.4120e-10
104  5.2396e-10
105  3.0319e-10
106  2.3582e-11
107  1.9616e-13
108  1.4770e-14
109  7.7875e-320
110  5.4861e-18
111  5.6457e-17
112  0.0000e+00
113  0.0000e+00
114  0.0000e+00
115  0.0000e+00
116  0.0000e+00
117  0.0000e+00
118  0.0000e+00

