    1      2  7.5268e-20  1.5054e-19
    6     12  2.7760e-07  3.3312e-06
    6     13  2.9875e-13  3.8838e-12
    7     14  4.4001e-19  6.1601e-18
    7     15  8.5622e-20  1.2843e-18
    8     16  7.9155e-10  1.2665e-08
    8     17  9.9424e-20  1.6902e-18
    9     19  2.5939e-20  4.9285e-19
   10     20  5.8975e-10  1.1795e-08
   10     21  9.7620e-17  2.0500e-15
   10     22  3.1923e-19  7.0232e-18
   11     23  9.5394e-14  2.1941e-12
   12     24  5.9482e-10  1.4276e-08
   12     25  4.6348e-15  1.1587e-13
   12     26  1.6709e-12  4.3443e-11
   13     26  1.7670e-14  4.5942e-13
   13     27  1.0652e-10  2.8761e-09
   14     28  1.5285e-09  4.2797e-08
   14     29  2.6533e-11  7.6945e-10
   14     30  1.2490e-09  3.7469e-08
   15     31  2.8000e-10  8.6799e-09
   16     32  2.4445e-09  7.8225e-08
   16     33  2.9706e-10  9.8030e-09
   16     34  5.5003e-09  1.8701e-07
   16     36  8.4184e-11  3.0306e-09
   17     35  1.1206e-09  3.9221e-08
   17     37  3.0485e-10  1.1279e-08
   18     36  1.1870e-09  4.2733e-08
   18     38  1.6286e-08  6.1888e-07
   18     40  9.0189e-10  3.6076e-08
   19     39  2.1538e-09  8.4000e-08
   19     40  2.7023e-11  1.0809e-09
   19     41  3.0316e-10  1.2429e-08
   20     40  3.7218e-11  1.4887e-09
   20     42  6.2612e-09  2.6297e-07
   20     43  2.4499e-09  1.0535e-07
   20     44  4.3044e-09  1.8939e-07
   20     46  4.3157e-09  1.9852e-07
   21     45  2.9985e-09  1.3493e-07
   22     46  3.7677e-10  1.7331e-08
   22     47  1.9214e-09  9.0307e-08
   22     48  1.0910e-08  5.2369e-07
   22     49  2.9114e-09  1.4266e-07
   22     50  4.3939e-09  2.1969e-07
   23     51  3.6423e-09  1.8576e-07
   24     50  2.3870e-12  1.1935e-10
   24     52  7.0218e-08  3.6513e-06
   24     53  2.6733e-09  1.4169e-07
   24     54  1.6226e-09  8.7621e-08
   25     55  5.3043e-09  2.9174e-07
   26     54  2.6368e-15  1.4239e-13
   26     56  1.1049e-07  6.1872e-06
   26     57  5.3197e-10  3.0322e-08
   26     58  7.6499e-09  4.4369e-07
   27     59  1.1023e-08  6.5034e-07
   28     58  1.9767e-18  1.1465e-16
   28     60  3.4633e-08  2.0780e-06
   28     61  7.5329e-10  4.5951e-08
   28     62  1.6460e-07  1.0205e-05
   28     64  1.3317e-09  8.5229e-08
   29     63  3.6098e-09  2.2742e-07
   29     65  1.5513e-08  1.0083e-06
   30     64  4.8876e-16  3.1281e-14
   30     66  5.0606e-08  3.3400e-06
   30     67  1.7619e-09  1.1805e-07
   30     68  2.4515e-07  1.6670e-05
   30     70  4.1583e-10  2.9108e-08
   31     69  1.9509e-08  1.3461e-06
   31     71  1.5890e-08  1.1282e-06
   32     70  1.3626e-15  9.5380e-14
   32     72  3.1275e-08  2.2518e-06
   32     73  7.8384e-10  5.7220e-08
   32     74  3.1891e-07  2.3599e-05
   32     76  2.2555e-08  1.7142e-06
   33     75  5.4172e-09  4.0629e-07
   34     76  1.9042e-16  1.4472e-14
   34     77  4.2952e-08  3.3073e-06
   34     78  2.8891e-08  2.2535e-06
   34     80  3.6145e-07  2.8916e-05
   34     82  3.2326e-07  2.6507e-05
   35     79  4.9552e-09  3.9146e-07
   35     81  1.6358e-07  1.3250e-05
   36     80  1.9176e-19  1.5341e-17
   36     82  1.1686e-12  9.5828e-11
   36     83  2.1462e-07  1.7814e-05
   36     84  1.2423e-04  1.0435e-02
   36     86  6.4450e-03  5.5427e-01
   37     85  2.5539e-04  2.1708e-02
   37     87  3.3749e-04  2.9362e-02
   38     86  1.3327e-08  1.1461e-06
   38     87  2.4712e-06  2.1499e-04
   38     88  3.3369e-04  2.9364e-02
   39     89  4.8116e-04  4.2823e-02
   40     90  1.1484e-03  1.0335e-01
   40     91  1.1421e-04  1.0393e-02
   40     92  5.0993e-04  4.6914e-02
   40     94  6.0968e-06  5.7310e-04
   41     93  1.2195e-05  1.1342e-03
   42     94  2.4476e-14  2.3007e-12
   42     95  8.1753e-06  7.7666e-04
   42     96  3.0283e-05  2.9072e-03
   42     97  3.1390e-07  3.0448e-05
   42     98  5.8711e-08  5.7537e-06
   42    100  8.6850e-09  8.6850e-07
   44     98  1.1073e-18  1.0851e-16
   44     99  2.0835e-08  2.0627e-06
   44    100  1.2070e-15  1.2070e-13
   44    101  2.0407e-09  2.0611e-07
   44    102  6.7591e-08  6.8943e-06
   44    104  2.2788e-08  2.3700e-06
   45    103  8.1572e-10  8.4019e-08
   46    104  1.2897e-20  1.3413e-18
   46    105  1.2788e-09  1.3428e-07
   46    106  1.2613e-10  1.3370e-08
   46    108  3.4434e-10  3.7188e-08
   46    110  1.2645e-11  1.3910e-09
   47    107  2.8384e-11  3.0370e-09
   47    109  2.7663e-12  3.0152e-10
   48    111  8.2289e-12  9.1341e-10
   48    112  6.7108e-13  7.5161e-11
   48    113  4.8088e-13  5.4340e-11
   48    114  1.0022e-12  1.1425e-10
   48    116  2.2248e-14  2.5808e-12
   49    113  2.1164e-20  2.3915e-18
   49    115  1.3984e-14  1.6082e-12
   50    115  1.1157e-20  1.2831e-18
   50    117  2.3873e-14  2.7931e-12
   50    118  1.5116e-15  1.7837e-13
   50    119  1.5514e-15  1.8461e-13
   50    120  3.1521e-15  3.7825e-13
   50    122  3.1663e-16  3.8628e-14
   50    124  2.4564e-18  3.0459e-16
   51    121  1.9592e-17  2.3706e-15
   51    123  1.0580e-16  1.3014e-14
   52    125  7.7622e-17  9.7027e-15
   52    126  3.9392e-18  4.9634e-16
   52    128  9.2892e-18  1.1890e-15
   52    130  1.7980e-18  2.3374e-16
   53    127  2.7280e-18  3.4645e-16
   54    129  1.8437e-19  2.3784e-17
   54    131  1.4857e-19  1.9463e-17
   54    132  6.1765e-20  8.1530e-18
   55    133  5.1072e-20  6.7926e-18
    1      1  1.2900e-10  1.2900e-10
    2      4  3.6386e-02  1.4554e-01


