1  9.6726e-09
2  4.6216e-09
3  3.5460e-10
4  1.8000e-01
5  0.0000e+00
6  1.2655e-11
7  4.6537e-10
8  7.5787e-09
9  2.6841e-09
10  4.6397e-08
11  2.0790e-09
12  5.4640e-09
13  4.6626e-07
14  2.1797e-07
15  1.6000e-05
16  3.3511e-07
17  6.8973e-09
18  4.3651e-08
19  1.7716e-06
20  2.4478e-06
21  5.7938e-07
22  4.5010e-09
23  1.2838e-06
24  4.0197e-07
25  4.8185e-07
26  3.0899e-08
27  1.4297e-07
28  3.6923e-07
29  6.0499e-08
30  7.2196e-08
31  6.9823e-08
32  7.9175e-08
33  5.6105e-07
34  4.2916e-07
35  1.8663e-08
36  1.4236e-08
37  1.6808e-08
38  5.1453e-08
39  3.6486e-08
40  2.1042e-08
41  1.0131e-07
42  3.5726e-07
43  6.3284e-08
44  7.8199e-08
45  8.8158e-08
46  2.8809e-08
47  4.6982e-08
48  9.1209e-08
49  9.7822e-08
50  9.9643e-08
51  2.3794e-08
52  6.7103e-08
53  4.9196e-08
54  2.4252e-08
55  1.3832e-08
56  5.5463e-08
57  1.4703e-07
58  2.6983e-09
59  4.2031e-09
60  9.2513e-09
61  1.5394e-08
62  1.5145e-08
63  2.4444e-07
64  7.1824e-08
65  9.4675e-08
66  3.2396e-07
67  3.1830e-07
68  1.2841e-07
69  7.7591e-08
70  3.5951e-07
71  9.3898e-08
72  3.4598e-07
73  2.1460e-07
74  4.1618e-07
75  1.5875e-07
76  6.9212e-08
77  2.7052e-07
78  6.1735e-07
79  8.8466e-07
80  6.9951e-06
81  3.4540e-06
82  1.5323e-06
83  2.1967e-06
84  7.9042e-07
85  5.8113e-07
86  1.2838e-06
87  1.1977e-06
88  6.8881e-07
89  3.2896e-07
90  5.4853e-07
91  2.2396e-07
92  9.3467e-07
93  8.1415e-07
94  2.4967e-06
95  1.2968e-06
96  7.4078e-07
97  9.4973e-07
98  1.9339e-07
99  3.1268e-07
100  4.6858e-07
101  5.4987e-07
102  3.3989e-07
103  3.3641e-07
104  1.8725e-07
105  1.7806e-07
106  3.5154e-07
107  3.1479e-07
108  3.9841e-07
109  6.5577e-07
110  1.0266e-06
111  1.7209e-07
112  6.7252e-07
113  3.5730e-07
114  3.4779e-07
115  3.4036e-07
116  3.1567e-08
117  6.1279e-08
118  4.2748e-08
119  2.9624e-08
120  1.9359e-07
121  1.4530e-07
122  3.5189e-07
123  3.1806e-07
124  1.7765e-06
125  2.4061e-06
126  6.0362e-06
127  7.0324e-06
128  1.1475e-05
129  9.3834e-06
130  2.2235e-06
131  1.7020e-06
132  1.7006e-06
133  1.1353e-06
134  1.1386e-06
135  8.7903e-07
136  1.7146e-06
137  1.5509e-06
138  1.0915e-06
139  6.4555e-07
140  1.1926e-06
141  6.4356e-07
142  2.1225e-07
143  1.3773e-07
144  1.9442e-07
145  1.3650e-07
146  2.7154e-07
147  3.2747e-07
148  3.9343e-07
149  2.3866e-07
150  3.8247e-07
151  2.5118e-07
152  6.2666e-07
153  3.5994e-07
154  7.4507e-07
155  7.9776e-07
156  3.8075e-07
157  5.4475e-07
158  9.4700e-07
159  5.9692e-08
160  4.7162e-07
161  4.9767e-07
162  3.2426e-07
163  2.6411e-07
164  6.5473e-07
165  4.6747e-07
166  1.3108e-06
167  1.1563e-06
168  8.9997e-07
169  2.5507e-06
170  7.7054e-07
171  9.5679e-07
172  7.5302e-07
173  6.3157e-07
174  1.6390e-06
175  8.1812e-07
176  1.3308e-06
177  2.2612e-06
178  1.1876e-06
179  7.4218e-07
180  8.1227e-07
181  7.2567e-07
182  5.3242e-07
183  3.0060e-07
184  4.1569e-07
185  1.6046e-07
186  5.8496e-07
187  5.5041e-07
188  2.1711e-06
189  1.5283e-06
190  7.2215e-06
191  1.0558e-05
192  2.3781e-05
193  2.2086e-05
194  7.2318e-05
195  6.6074e-05
196  8.2057e-05
197  6.4603e-05
198  4.7515e-05
199  1.5505e-05
200  9.0892e-06
201  8.8011e-07
202  4.9532e-07
203  3.9500e-07
204  7.5818e-07
205  6.0924e-07
206  3.8470e-05
207  3.6058e-05
208  2.6990e-05
209  5.6105e-05
210  3.8653e-12
211  1.3727e-17
212  1.3421e-17
213  3.4616e-44
214  2.0243e-18
215  3.7841e-24
216  1.5551e-23
217  1.6625e-95
218  3.4790e-20
219  5.3114e-21
220  5.9629e-21
221  1.0662e-320
222  6.1759e-17
223  1.3251e-15
224  3.3677e-17
225  2.0863e-40
226  9.4502e-12
227  9.2361e-13
228  1.0830e-10
229  7.7817e-30
230  4.4538e-10
231  1.3815e-09
232  4.7403e-05
233  2.7810e-27
234  1.4503e-09
235  2.9775e-05
236  1.4623e-07
237  -1.1816e-318
238  2.6384e-05
239  1.0737e-16
240  2.8948e-11
241  0.0000e+00
242  5.3071e-128
243  3.2824e-17
244  3.5236e-07
245  0.0000e+00
246  4.7163e-09
247  6.9279e-14
248  7.1381e-127
249  0.0000e+00
250  0.0000e+00
251  -7.0727e-314
252  0.0000e+00
253  0.0000e+00
254  0.0000e+00
255  0.0000e+00
256  0.0000e+00
257  8.6017e-26
258  1.6076e-05
259  5.6919e-26
260  1.0821e-05
261  1.0519e-05
262  1.4494e-05
263  1.3434e-05
264  1.6761e-05
265  1.8971e-05
266  2.3356e-05
267  2.1321e-05
268  2.0863e-05
269  5.1486e-05
270  4.1474e-05
271  3.4944e-05
272  3.9774e-05
273  3.4433e-05
274  3.7384e-05
275  1.9654e-05
276  1.9982e-05
277  4.4134e-06
278  4.9170e-06
279  1.3587e-06
280  3.6421e-07
281  8.2206e-08
282  3.0577e-08
283  1.4773e-09
284  3.3702e-10
285  1.9091e-10
286  6.7586e-10
287  1.9685e-09
288  1.3625e-09
289  7.7415e-10
290  2.4612e-09
291  1.4838e-10
292  7.7001e-09
293  1.9079e-09
294  7.3804e-09
295  4.7939e-09
296  3.0124e-09
297  9.3177e-10
298  1.9333e-09
299  2.6495e-16
300  9.5843e-11
301  1.4268e-08
302  3.6527e-09
303  5.7023e-09
304  6.4512e-09
305  1.3671e-08
306  1.8070e-08
307  7.2099e-09
308  6.3144e-09
309  9.4205e-09
310  7.1647e-09
311  9.0157e-09
312  5.2406e-09
313  4.7286e-09
314  3.9169e-09
315  3.7199e-09
316  4.1943e-09
317  3.7470e-09
318  2.7586e-09
319  4.8538e-09
320  4.1562e-09
321  1.7613e-09
322  2.7538e-09
323  1.8563e-09
324  2.3108e-09
325  1.2233e-09
326  2.0393e-09
327  1.7181e-09
328  4.7889e-11
329  1.2494e-09
330  7.9227e-11
331  5.3995e-11
332  2.3131e-11
333  9.1497e-11
334  1.2092e-11
335  1.4873e-11
336  1.1428e-11
337  5.7767e-11

