1  1.0474e-10
2  1.7640e-16
3  2.2409e-22
4  3.5329e-02
5  0.0000e+00
6  2.4777e-20
7  1.0274e-21
8  7.0576e-21
9  9.6165e-20
10  3.9119e-20
11  1.1172e-22
12  3.3806e-08
13  2.5404e-14
14  1.2129e-18
15  4.9687e-21
16  4.2679e-10
17  4.5206e-17
18  2.3643e-20
19  1.4214e-21
20  4.2143e-10
21  3.4481e-16
22  5.0022e-20
23  7.2753e-14
24  4.6615e-10
25  1.3570e-11
26  2.9543e-12
27  7.0285e-11
28  8.3880e-10
29  1.7002e-10
30  9.8028e-10
31  4.1208e-10
32  5.2943e-10
33  1.0563e-10
34  8.9756e-10
35  9.1870e-10
36  3.1296e-09
37  1.1046e-09
38  3.2227e-09
39  4.6571e-10
40  2.3602e-10
41  6.1641e-11
42  3.7129e-09
43  5.9113e-11
44  2.4783e-10
45  7.7800e-10
46  1.4211e-08
47  3.0643e-09
48  1.4532e-08
49  2.1092e-09
50  8.0876e-08
51  3.0804e-08
52  9.8534e-09
53  2.5146e-09
54  7.1905e-08
55  1.1299e-09
56  1.8089e-07
57  2.0478e-08
58  9.4535e-10
59  6.1655e-10
60  4.1621e-09
61  8.6168e-09
62  2.8331e-07
63  1.3936e-07
64  2.1880e-08
65  5.1642e-08
66  9.7526e-07
67  3.5153e-07
68  6.2532e-07
69  5.7755e-08
70  2.6896e-08
71  8.0446e-08
72  5.4353e-08
73  7.7920e-08
74  1.1386e-06
75  4.5259e-07
76  1.2616e-06
77  1.5020e-07
78  1.6325e-07
79  4.3568e-07
80  6.7673e-06
81  3.4227e-07
82  1.1910e-05
83  1.1138e-06
84  2.8533e-06
85  3.8985e-06
86  1.0767e-04
87  1.5365e-05
88  3.2900e-04
89  1.3263e-04
90  6.7464e-05
91  7.6702e-06
92  3.3046e-03
93  2.1407e-04
94  1.2862e-04
95  4.3834e-04
96  2.1693e-05
97  4.2637e-06
98  3.1837e-04
99  4.2031e-05
100  1.1738e-03
101  1.1828e-04
102  1.0055e-03
103  2.7035e-04
104  1.0314e-04
105  6.9760e-05
106  5.4575e-04
107  7.4569e-05
108  6.2582e-05
109  1.2129e-04
110  7.5935e-06
111  7.3070e-06
112  9.9981e-05
113  9.3332e-06
114  6.5973e-06
115  1.8284e-05
116  3.0712e-06
117  1.9087e-06
118  5.7441e-06
119  1.4783e-06
120  1.3271e-06
121  1.3675e-06
122  7.1453e-07
123  8.6368e-08
124  1.1360e-07
125  6.2491e-08
126  4.2575e-07
127  2.1885e-07
128  3.0554e-07
129  8.1389e-08
130  4.3869e-08
131  2.8101e-09
132  2.1069e-10
133  1.0460e-12
134  1.3248e-14
135  4.3102e-18
136  2.2058e-18
137  9.0431e-20
138  1.2589e-20
139  1.2346e-23
140  2.0401e-22
141  1.8416e-24
142  4.8566e-25
143  0.0000e+00
144  0.0000e+00
145  0.0000e+00
146  0.0000e+00
147  0.0000e+00
148  0.0000e+00
149  0.0000e+00
150  0.0000e+00
151  0.0000e+00
152  0.0000e+00
153  0.0000e+00
154  0.0000e+00
155  0.0000e+00
156  0.0000e+00
157  0.0000e+00
158  0.0000e+00
159  0.0000e+00
160  0.0000e+00
161  0.0000e+00
162  0.0000e+00
163  0.0000e+00
164  0.0000e+00
165  0.0000e+00
166  0.0000e+00
167  0.0000e+00
168  0.0000e+00
169  0.0000e+00
170  0.0000e+00
171  0.0000e+00
172  0.0000e+00
173  0.0000e+00
174  0.0000e+00
175  0.0000e+00
176  0.0000e+00
177  0.0000e+00
178  0.0000e+00
179  0.0000e+00
180  0.0000e+00
181  0.0000e+00
182  0.0000e+00
183  0.0000e+00
184  0.0000e+00
185  0.0000e+00
186  0.0000e+00
187  0.0000e+00
188  0.0000e+00
189  0.0000e+00
190  0.0000e+00
191  0.0000e+00
192  0.0000e+00
193  0.0000e+00
194  0.0000e+00
195  0.0000e+00
196  0.0000e+00
197  0.0000e+00
198  0.0000e+00
199  0.0000e+00
200  0.0000e+00
201  0.0000e+00
202  0.0000e+00
203  0.0000e+00
204  0.0000e+00
205  0.0000e+00
206  0.0000e+00
207  0.0000e+00
208  0.0000e+00
209  0.0000e+00
210  0.0000e+00
211  0.0000e+00
212  0.0000e+00
213  0.0000e+00
214  0.0000e+00
215  0.0000e+00
216  0.0000e+00
217  0.0000e+00
218  0.0000e+00
219  0.0000e+00
220  0.0000e+00
221  0.0000e+00
222  0.0000e+00
223  0.0000e+00
224  0.0000e+00
225  0.0000e+00
226  0.0000e+00
227  0.0000e+00
228  0.0000e+00
229  0.0000e+00
230  0.0000e+00
231  0.0000e+00
232  0.0000e+00
233  0.0000e+00
234  0.0000e+00
235  0.0000e+00
236  0.0000e+00
237  0.0000e+00
238  0.0000e+00
239  0.0000e+00
240  0.0000e+00
241  0.0000e+00
242  0.0000e+00
243  0.0000e+00
244  0.0000e+00
245  0.0000e+00
246  0.0000e+00
247  0.0000e+00
248  0.0000e+00
249  0.0000e+00
250  0.0000e+00
251  0.0000e+00
252  0.0000e+00
253  0.0000e+00
254  0.0000e+00
255  0.0000e+00
256  0.0000e+00
257  0.0000e+00
258  0.0000e+00
259  0.0000e+00
260  0.0000e+00
261  0.0000e+00
262  0.0000e+00
263  0.0000e+00
264  0.0000e+00
265  0.0000e+00
266  0.0000e+00
267  0.0000e+00
268  0.0000e+00
269  0.0000e+00
270  0.0000e+00
271  0.0000e+00
272  0.0000e+00
273  0.0000e+00
274  0.0000e+00
275  0.0000e+00
276  0.0000e+00
277  0.0000e+00
278  0.0000e+00
279  0.0000e+00
280  0.0000e+00
281  0.0000e+00
282  0.0000e+00
283  0.0000e+00
284  0.0000e+00
285  0.0000e+00
286  0.0000e+00
287  0.0000e+00
288  0.0000e+00
289  0.0000e+00
290  0.0000e+00
291  0.0000e+00
292  0.0000e+00
293  0.0000e+00
294  0.0000e+00
295  0.0000e+00
296  0.0000e+00
297  0.0000e+00
298  0.0000e+00
299  0.0000e+00
300  0.0000e+00
301  0.0000e+00
302  0.0000e+00
303  0.0000e+00
304  0.0000e+00
305  0.0000e+00
306  0.0000e+00
307  0.0000e+00
308  0.0000e+00
309  0.0000e+00
310  0.0000e+00
311  0.0000e+00
312  0.0000e+00
313  0.0000e+00
314  0.0000e+00
315  0.0000e+00
316  0.0000e+00
317  0.0000e+00
318  0.0000e+00
319  0.0000e+00
320  0.0000e+00
321  0.0000e+00
322  0.0000e+00
323  0.0000e+00
324  0.0000e+00
325  0.0000e+00
326  0.0000e+00
327  0.0000e+00
328  0.0000e+00
329  0.0000e+00
330  0.0000e+00
331  0.0000e+00
332  0.0000e+00
333  0.0000e+00
334  0.0000e+00
335  0.0000e+00
336  0.0000e+00
337  0.0000e+00

