1  7.2950e-11
2  2.0590e-16
3  2.1711e-19
4  1.1736e-01
5  0.0000e+00
6  4.9401e-17
7  9.7794e-20
8  1.2136e-13
9  6.1506e-19
10  4.2459e-18
11  5.3171e-21
12  1.4755e-08
13  4.0674e-15
14  1.2372e-13
15  5.5004e-09
16  7.5780e-10
17  1.3789e-14
18  2.6334e-09
19  3.6525e-09
20  1.2042e-10
21  1.9206e-10
22  3.7587e-10
23  7.8618e-11
24  2.3032e-10
25  3.4668e-10
26  8.8572e-10
27  5.0083e-10
28  2.4851e-09
29  1.5260e-09
30  1.0650e-08
31  1.2901e-09
32  1.5772e-08
33  5.4194e-08
34  4.0800e-08
35  3.4810e-08
36  5.8978e-08
37  1.7168e-07
38  3.8077e-07
39  2.8152e-07
40  2.4153e-07
41  2.1338e-07
42  5.7488e-07
43  3.2231e-07
44  7.0478e-07
45  8.2893e-07
46  2.4191e-06
47  1.9132e-06
48  8.2539e-07
49  2.0030e-06
50  3.1695e-06
51  1.2953e-06
52  1.2260e-07
53  2.7868e-06
54  7.7049e-06
55  3.5058e-07
56  2.1321e-06
57  2.2357e-07
58  5.4131e-08
59  4.3554e-08
60  3.7697e-08
61  1.2974e-07
62  7.6005e-07
63  1.1578e-06
64  4.3657e-08
65  6.2977e-08
66  5.1668e-07
67  3.6438e-07
68  2.0273e-06
69  1.8222e-06
70  2.8251e-06
71  3.2106e-07
72  8.6575e-07
73  1.5522e-05
74  8.4589e-06
75  2.0189e-06
76  5.1534e-06
77  1.8976e-05
78  2.7341e-05
79  7.2557e-06
80  2.9185e-05
81  2.1562e-05
82  3.2361e-05
83  9.1784e-06
84  1.8538e-06
85  1.2830e-05
86  3.6554e-05
87  3.4111e-06
88  6.5031e-06
89  7.2140e-06
90  2.1599e-05
91  6.6281e-06
92  3.0306e-05
93  4.2512e-06
94  7.3285e-06
95  5.7982e-06
96  8.4003e-06
97  4.3442e-06
98  2.8739e-06
99  2.0004e-05
100  5.2991e-05
101  9.7875e-05
102  1.9190e-05
103  1.9596e-05
104  1.0112e-04
105  6.7643e-05
106  8.8239e-05
107  7.0377e-05
108  3.4588e-05
109  8.0983e-05
110  1.6245e-04
111  3.8181e-05
112  9.6281e-05
113  4.8508e-05
114  7.0770e-05
115  2.7961e-05
116  2.6949e-06
117  7.3958e-06
118  3.9958e-06
119  4.3338e-06
120  1.0107e-04
121  6.7611e-05
122  1.4152e-04
123  6.3178e-05
124  1.2424e-04
125  3.1075e-04
126  8.9328e-04
127  6.0966e-04
128  5.2923e-04
129  1.6777e-04
130  7.5965e-06
131  1.3739e-07
132  1.1621e-07
133  1.2717e-07
134  4.9012e-08
135  3.6477e-09
136  5.8722e-10
137  5.8816e-10
138  1.9189e-10
139  1.7678e-10
140  3.5504e-10
141  1.0555e-11
142  9.6936e-12
143  1.1247e-11
144  1.5403e-11
145  6.9224e-12
146  1.4815e-11
147  1.4102e-11
148  1.5114e-11
149  7.7961e-12
150  6.9320e-12
151  3.3740e-12
152  5.9080e-12
153  2.9906e-12
154  3.7839e-12
155  2.6838e-12
156  8.4582e-13
157  9.2906e-13
158  8.9545e-13
159  1.3590e-13
160  2.7524e-13
161  2.0329e-13
162  1.0858e-13
163  5.8128e-14
164  9.0643e-14
165  4.7403e-14
166  8.0369e-14
167  2.5499e-14
168  1.7000e-14
169  2.0341e-14
170  4.8603e-15
171  2.1546e-15
172  1.6272e-15
173  9.9778e-16
174  1.1714e-15
175  4.9914e-16
176  4.5765e-16
177  1.9603e-16
178  3.5501e-17
179  8.8552e-18
180  3.5839e-18
181  1.7473e-18
182  9.0004e-19
183  5.2555e-19
184  7.0841e-19
185  2.6453e-19
186  5.5240e-19
187  3.0174e-19
188  4.9796e-19
189  1.7574e-19
190  4.5535e-19
191  3.6851e-19
192  3.7472e-19
193  1.9024e-19
194  1.6070e-19
195  5.2325e-20
196  2.1764e-20
197  6.0107e-21
198  1.5871e-21
199  2.5723e-22
200  5.7233e-23
201  1.7958e-24
202  1.6635e-39
203  0.0000e+00
204  0.0000e+00
205  0.0000e+00
206  0.0000e+00
207  0.0000e+00
208  0.0000e+00
209  0.0000e+00
210  0.0000e+00
211  0.0000e+00
212  0.0000e+00
213  0.0000e+00
214  0.0000e+00
215  0.0000e+00
216  0.0000e+00
217  0.0000e+00
218  0.0000e+00
219  0.0000e+00
220  0.0000e+00
221  0.0000e+00
222  0.0000e+00
223  0.0000e+00
224  0.0000e+00
225  0.0000e+00
226  0.0000e+00
227  0.0000e+00
228  0.0000e+00
229  0.0000e+00
230  0.0000e+00
231  0.0000e+00
232  0.0000e+00
233  0.0000e+00
234  0.0000e+00
235  0.0000e+00
236  0.0000e+00
237  0.0000e+00
238  0.0000e+00
239  0.0000e+00
240  0.0000e+00
241  0.0000e+00
242  0.0000e+00
243  0.0000e+00
244  0.0000e+00
245  0.0000e+00
246  0.0000e+00
247  0.0000e+00
248  0.0000e+00
249  0.0000e+00
250  0.0000e+00
251  0.0000e+00
252  0.0000e+00
253  0.0000e+00
254  0.0000e+00
255  0.0000e+00
256  0.0000e+00
257  0.0000e+00
258  0.0000e+00
259  0.0000e+00
260  0.0000e+00
261  0.0000e+00
262  0.0000e+00
263  0.0000e+00
264  0.0000e+00
265  0.0000e+00
266  0.0000e+00
267  0.0000e+00
268  0.0000e+00
269  0.0000e+00
270  0.0000e+00
271  0.0000e+00
272  0.0000e+00
273  0.0000e+00
274  0.0000e+00
275  0.0000e+00
276  0.0000e+00
277  0.0000e+00
278  0.0000e+00
279  0.0000e+00
280  0.0000e+00
281  0.0000e+00
282  0.0000e+00
283  0.0000e+00
284  0.0000e+00
285  0.0000e+00
286  0.0000e+00
287  0.0000e+00
288  0.0000e+00
289  0.0000e+00
290  0.0000e+00
291  0.0000e+00
292  0.0000e+00
293  0.0000e+00
294  0.0000e+00
295  0.0000e+00
296  0.0000e+00
297  0.0000e+00
298  0.0000e+00
299  0.0000e+00
300  0.0000e+00
301  0.0000e+00
302  0.0000e+00
303  0.0000e+00
304  0.0000e+00
305  0.0000e+00
306  0.0000e+00
307  0.0000e+00
308  0.0000e+00
309  0.0000e+00
310  0.0000e+00
311  0.0000e+00
312  0.0000e+00
313  0.0000e+00
314  0.0000e+00
315  0.0000e+00
316  0.0000e+00
317  0.0000e+00
318  0.0000e+00
319  0.0000e+00
320  0.0000e+00
321  0.0000e+00
322  0.0000e+00
323  0.0000e+00
324  0.0000e+00
325  0.0000e+00
326  0.0000e+00
327  0.0000e+00
328  0.0000e+00
329  0.0000e+00
330  0.0000e+00
331  0.0000e+00
332  0.0000e+00
333  0.0000e+00
334  0.0000e+00
335  0.0000e+00
336  0.0000e+00
337  0.0000e+00

