1  3.3054e-07
2  1.8401e-01
3  2.1474e-09
4  4.2348e-08
5  2.3204e-07
6  1.1363e-07
7  1.9341e-05
8  7.1758e-07
9  1.6363e-06
10  3.6653e-06
11  1.2206e-06
12  1.1467e-06
13  1.2422e-07
14  3.0461e-07
15  2.7228e-08
16  5.8661e-07
17  1.5289e-08
18  2.4352e-08
19  3.8614e-08
20  1.2697e-07
21  2.2201e-08
22  3.4881e-08
23  5.7392e-09
24  3.0647e-08
25  6.1045e-10
26  4.3627e-08
27  3.4263e-10
28  1.0147e-08
29  6.8235e-08
30  2.4046e-07
31  2.7437e-08
32  1.5828e-07
33  4.0152e-08
34  1.7259e-06
35  5.5798e-07
36  9.4301e-07
37  4.6485e-07
38  8.1254e-08
39  1.2275e-07
40  9.2168e-07
41  1.7450e-07
42  8.1957e-07
43  4.5025e-33
44  1.8762e-07
45  8.7997e-08
46  4.5765e-07
47  2.3455e-07
48  6.0318e-07
49  2.3288e-07
50  3.0046e-07
51  1.3349e-07
52  5.6954e-06
53  2.2841e-06
54  6.6493e-06
55  2.8833e-07
56  1.1134e-06
57  9.1442e-08
58  2.6053e-07
59  1.3839e-07
60  2.2051e-07
61  2.9057e-87
62  1.1602e-07
63  1.1571e-08
64  2.0538e-07
65  1.1246e-09
66  6.8835e-09
67  2.1845e-09
68  1.8011e-08
69  6.9111e-08
70  9.4922e-08
71  6.6086e-09
72  4.0992e-07
73  2.8340e-07
74  2.3635e-06
75  6.0573e-07
76  1.3643e-06
77  9.7440e-07
78  2.9645e-06
79  9.5748e-07
80  6.5216e-05
81  8.9520e-06
82  6.0222e-06
83  5.1436e-06
84  2.8274e-16
85  1.2365e-26
86  7.8059e-18
87  3.8701e-21
88  1.0112e-11
89  1.4594e-13
90  3.9036e-06
91  2.1880e-10
92  8.0674e-06
93  6.1469e-20
94  4.1799e-08
95  9.1827e-18
96  1.9391e-14
97  7.2542e-10
98  -4.5019e-314
99  -6.2746e-322
100  7.2605e-06
101  5.5415e-313
102  7.8310e-06
103  2.1839e-06
104  9.2709e-05
105  2.2547e-05
106  4.6056e-04
107  5.6177e-05
108  1.2184e-04
109  2.7114e-319
110  3.5413e-08
111  7.8564e-05
112  0.0000e+00
113  0.0000e+00
114  0.0000e+00
115  0.0000e+00
116  0.0000e+00
117  0.0000e+00
118  0.0000e+00

