1  8.9540e-11
2  5.1671e-02
3  3.1565e-20
4  1.4435e-19
5  5.5686e-20
6  3.9001e-08
7  1.0086e-18
8  9.5987e-10
9  3.2381e-20
10  9.3261e-10
11  1.4384e-13
12  8.1953e-10
13  5.0716e-11
14  2.1330e-09
15  7.8003e-10
16  6.2383e-09
17  2.8846e-09
18  4.2685e-09
19  8.1317e-10
20  2.8991e-08
21  6.4522e-10
22  1.1614e-07
23  1.1254e-07
24  4.9381e-07
25  7.8866e-10
26  1.1771e-06
27  7.3410e-08
28  9.2698e-07
29  8.9295e-07
30  2.0543e-06
31  1.0447e-06
32  3.2697e-06
33  6.5717e-07
34  2.3856e-05
35  3.1015e-06
36  2.3026e-05
37  1.4608e-05
38  2.8877e-04
39  3.7101e-05
40  2.5967e-03
41  9.5499e-05
42  2.4633e-04
43  4.5157e-29
44  2.6292e-03
45  3.5096e-04
46  1.0273e-03
47  3.0667e-04
48  2.3344e-04
49  2.3680e-05
50  3.8006e-05
51  4.1988e-06
52  6.0110e-06
53  1.6753e-06
54  8.7893e-07
55  1.6238e-12
56  6.1793e-17
57  1.3463e-19
58  3.1694e-20
59  3.3790e-22
60  8.4551e-23
61  1.1680e-45
62  3.6380e-25
63  0.0000e+00
64  0.0000e+00
65  0.0000e+00
66  0.0000e+00
67  0.0000e+00
68  0.0000e+00
69  0.0000e+00
70  0.0000e+00
71  0.0000e+00
72  0.0000e+00
73  0.0000e+00
74  0.0000e+00
75  0.0000e+00
76  0.0000e+00
77  0.0000e+00
78  0.0000e+00
79  0.0000e+00
80  0.0000e+00
81  0.0000e+00
82  0.0000e+00
83  0.0000e+00
84  0.0000e+00
85  0.0000e+00
86  0.0000e+00
87  0.0000e+00
88  0.0000e+00
89  0.0000e+00
90  0.0000e+00
91  0.0000e+00
92  0.0000e+00
93  0.0000e+00
94  0.0000e+00
95  0.0000e+00
96  0.0000e+00
97  0.0000e+00
98  0.0000e+00
99  0.0000e+00
100  0.0000e+00
101  0.0000e+00
102  0.0000e+00
103  0.0000e+00
104  0.0000e+00
105  0.0000e+00
106  0.0000e+00
107  0.0000e+00
108  0.0000e+00
109  0.0000e+00
110  0.0000e+00
111  0.0000e+00
112  0.0000e+00
113  0.0000e+00
114  0.0000e+00
115  0.0000e+00
116  0.0000e+00
117  0.0000e+00
118  0.0000e+00

