1  8.1073e-10
2  1.5233e-01
3  2.8602e-11
4  5.2835e-11
5  2.9551e-11
6  1.6330e-08
7  3.4290e-06
8  2.4316e-07
9  8.3400e-07
10  1.3674e-06
11  2.8547e-07
12  3.6489e-07
13  5.4837e-07
14  1.8951e-06
15  1.3543e-07
16  4.0141e-06
17  2.0410e-07
18  2.0016e-06
19  1.0427e-06
20  3.8657e-06
21  4.0306e-07
22  3.3605e-06
23  2.4992e-07
24  7.6556e-07
25  3.2773e-07
26  2.0605e-06
27  7.9499e-08
28  1.5318e-06
29  1.3982e-06
30  4.5752e-06
31  1.3105e-06
32  4.2165e-06
33  4.5198e-07
34  2.8656e-05
35  1.8497e-05
36  1.0876e-05
37  5.8406e-06
38  4.0086e-06
39  1.3701e-06
40  1.4700e-05
41  1.8661e-06
42  1.2675e-05
43  1.2238e-31
44  7.6131e-06
45  2.0485e-06
46  9.8931e-06
47  4.5298e-06
48  4.7285e-06
49  5.2256e-07
50  1.3449e-05
51  2.5119e-06
52  3.4677e-04
53  9.1438e-05
54  3.3251e-04
55  5.0187e-05
56  1.4365e-04
57  6.6495e-05
58  2.0123e-04
59  9.5030e-05
60  8.3083e-05
61  5.0980e-86
62  7.7808e-05
63  3.7757e-05
64  1.8991e-04
65  2.4969e-05
66  1.6358e-04
67  3.6986e-05
68  1.9038e-04
69  4.7821e-05
70  1.2137e-04
71  1.5891e-05
72  2.9656e-05
73  4.3886e-06
74  5.1011e-05
75  2.1320e-05
76  6.4762e-05
77  1.6319e-05
78  1.6260e-05
79  6.9022e-07
80  2.5541e-08
81  4.9196e-09
82  2.1310e-08
83  5.6874e-09
84  6.7491e-21
85  5.5550e-32
86  1.5417e-13
87  6.8136e-26
88  6.4064e-16
89  2.5693e-18
90  2.6795e-10
91  3.8520e-15
92  1.6275e-10
93  4.8831e-25
94  3.3208e-13
95  1.5454e-23
96  3.2696e-20
97  6.5726e-15
98  1.2607e-314
99  1.8083e-321
100  6.1967e-12
101  -1.9004e-313
102  3.4947e-12
103  5.1452e-13
104  5.9940e-13
105  3.3623e-13
106  2.6550e-14
107  5.5976e-16
108  9.6173e-17
109  0.0000e+00
110  0.0000e+00
111  0.0000e+00
112  0.0000e+00
113  0.0000e+00
114  0.0000e+00
115  0.0000e+00
116  0.0000e+00
117  0.0000e+00
118  0.0000e+00

