    1      2  3.3567e-09  6.7135e-09
    2      3  2.4463e-10  7.3390e-10
    3      6  9.0340e-12  5.4204e-11
    3      7  2.6337e-10  1.8436e-09
    4      8  2.3073e-09  1.8458e-08
    4      9  6.8402e-10  6.1562e-09
    5     10  5.7766e-09  5.7766e-08
    5     11  5.9981e-10  6.5980e-09
    6     12  3.3640e-09  4.0368e-08
    6     13  3.3739e-07  4.3861e-06
    7     14  2.5047e-07  3.5066e-06
    7     15  1.2895e-05  1.9343e-04
    8     16  3.5553e-07  5.6886e-06
    8     17  4.8214e-09  8.1964e-08
    8     18  3.0265e-08  5.4478e-07
    9     19  1.6716e-06  3.1760e-05
   10     20  2.2935e-06  4.5869e-05
   10     21  4.9677e-07  1.0432e-05
   10     22  4.2565e-09  9.3642e-08
   11     23  1.1430e-06  2.6290e-05
   12     24  3.4856e-07  8.3655e-06
   12     25  3.8984e-07  9.7459e-06
   12     26  2.0693e-08  5.3802e-07
   13     26  2.2337e-19  5.8075e-18
   13     27  2.4209e-07  6.5365e-06
   14     28  6.9540e-07  1.9471e-05
   14     29  8.5133e-08  2.4689e-06
   14     30  7.6230e-08  2.2869e-06
   15     31  9.3461e-08  2.8973e-06
   16     32  9.9391e-08  3.1805e-06
   16     33  8.5041e-07  2.8063e-05
   16     34  6.5144e-07  2.2149e-05
   16     36  1.9513e-08  7.0247e-07
   17     35  2.2591e-08  7.9068e-07
   17     37  4.7094e-08  1.7425e-06
   18     36  1.7389e-19  6.2600e-18
   18     38  9.3772e-08  3.5633e-06
   18     40  6.6621e-08  2.6648e-06
   19     39  4.8862e-08  1.9056e-06
   19     41  1.4429e-07  5.9157e-06
   20     42  5.1407e-07  2.1591e-05
   20     43  1.0902e-07  4.6877e-06
   20     44  1.1099e-07  4.8835e-06
   20     46  5.7260e-08  2.6340e-06
   21     45  1.3351e-07  6.0080e-06
   22     46  5.0052e-20  2.3024e-18
   22     47  8.3072e-08  3.9044e-06
   22     48  1.7453e-07  8.3775e-06
   22     49  1.6967e-07  8.3136e-06
   22     50  1.6805e-07  8.4024e-06
   23     51  2.9121e-08  1.4852e-06
   24     52  1.2448e-07  6.4728e-06
   24     53  9.3197e-08  4.9394e-06
   24     54  5.4129e-08  2.9229e-06
   25     55  5.7042e-08  3.1373e-06
   26     56  1.7393e-07  9.7399e-06
   26     57  3.0182e-07  1.7204e-05
   26     58  9.1964e-09  5.3339e-07
   27     59  1.1794e-08  6.9585e-07
   28     60  2.1126e-08  1.2675e-06
   28     61  3.7313e-08  2.2761e-06
   28     62  5.2066e-08  3.2281e-06
   28     64  2.1920e-07  1.4029e-05
   29     63  4.0958e-07  2.5804e-05
   29     65  1.9646e-07  1.2770e-05
   30     64  2.1368e-20  1.3675e-18
   30     66  5.9195e-07  3.9068e-05
   30     67  3.1314e-07  2.0980e-05
   30     68  2.9355e-07  1.9962e-05
   30     70  7.9435e-07  5.5604e-05
   31     69  2.2828e-07  1.5751e-05
   31     71  1.6219e-07  1.1516e-05
   32     70  8.1713e-15  5.7199e-13
   32     72  4.7494e-07  3.4196e-05
   32     73  2.6685e-07  1.9480e-05
   32     74  5.9281e-07  4.3868e-05
   32     76  1.8641e-07  1.4167e-05
   33     75  1.7909e-07  1.3432e-05
   34     76  3.0303e-14  2.3031e-12
   34     77  5.9365e-07  4.5711e-05
   34     78  1.3101e-06  1.0218e-04
   34     80  1.0285e-05  8.2276e-04
   34     82  1.8599e-06  1.5252e-04
   35     79  1.9344e-06  1.5282e-04
   35     81  5.1060e-06  4.1359e-04
   36     82  1.1262e-12  9.2345e-11
   36     83  2.9907e-06  2.4823e-04
   36     84  1.0717e-06  9.0026e-05
   36     86  1.8492e-06  1.5903e-04
   37     85  7.4616e-07  6.3423e-05
   37     87  1.6914e-06  1.4715e-04
   38     86  5.6655e-20  4.8723e-18
   38     87  1.2385e-08  1.0775e-06
   38     88  1.0337e-06  9.0966e-05
   39     89  4.1257e-07  3.6719e-05
   40     90  7.2174e-07  6.4957e-05
   40     91  2.9239e-07  2.6607e-05
   40     92  2.0248e-06  1.8629e-04
   40     94  3.0762e-06  2.8917e-04
   41     93  1.1590e-06  1.0778e-04
   42     95  1.4782e-06  1.4043e-04
   42     96  1.0869e-06  1.0434e-04
   42     97  7.6991e-07  7.4681e-05
   42     98  3.8149e-07  3.7386e-05
   42    100  6.3769e-07  6.3769e-05
   44     99  5.2305e-07  5.1782e-05
   44    100  3.7646e-13  3.7646e-11
   44    101  7.5579e-07  7.6335e-05
   44    102  3.9252e-07  4.0037e-05
   44    104  3.4112e-07  3.5476e-05
   45    103  3.7721e-07  3.8852e-05
   46    104  4.9425e-18  5.1402e-16
   46    105  3.2284e-07  3.3898e-05
   46    106  5.4179e-07  5.7430e-05
   46    108  6.1203e-07  6.6099e-05
   46    110  1.3959e-06  1.5354e-04
   47    107  4.3673e-07  4.6730e-05
   47    109  9.6771e-07  1.0548e-04
   48    110  6.3059e-14  6.9365e-12
   48    111  2.3125e-07  2.5669e-05
   48    112  6.6808e-07  7.4825e-05
   48    113  3.3524e-07  3.7882e-05
   48    114  3.1217e-07  3.5588e-05
   48    116  4.6299e-08  5.3707e-06
   49    113  1.4754e-14  1.6672e-12
   49    115  2.2770e-07  2.6186e-05
   50    115  1.8168e-13  2.0893e-11
   50    116  6.0727e-14  7.0443e-12
   50    117  7.5374e-08  8.8187e-06
   50    118  8.6447e-08  1.0201e-05
   50    119  7.8919e-08  9.3914e-06
   50    120  4.0223e-07  4.8267e-05
   50    122  7.5911e-07  9.2611e-05
   50    124  3.7704e-06  4.6753e-04
   51    121  3.3491e-07  4.0524e-05
   51    123  7.9399e-07  9.7661e-05
   52    122  1.0754e-14  1.3120e-12
   52    124  2.1435e-16  2.6580e-14
   52    125  5.1299e-06  6.4124e-04
   52    126  1.1209e-05  1.4123e-03
   52    128  1.6661e-05  2.1326e-03
   52    130  2.4530e-06  3.1889e-04
   53    127  1.2803e-05  1.6259e-03
   53    129  3.0160e-14  3.8906e-12
   54    128  1.9652e-15  2.5154e-13
   54    129  1.0831e-05  1.3971e-03
   54    130  7.3969e-14  9.6160e-12
   54    131  2.5988e-06  3.4044e-04
   54    132  2.8183e-06  3.7202e-04
   54    134  2.5017e-06  3.3522e-04
   54    136  2.8732e-06  3.9076e-04
   55    133  2.4188e-06  3.2170e-04
   56    134  1.4932e-17  2.0009e-15
   56    135  1.7865e-06  2.4117e-04
   56    136  5.9805e-15  8.1334e-13
   56    137  2.2233e-06  3.0459e-04
   56    138  1.5471e-06  2.1350e-04
   57    139  1.3621e-06  1.8933e-04
   58    140  2.7821e-06  3.8949e-04
   58    142  4.4042e-07  6.2540e-05
   59    141  1.5989e-06  2.2544e-04
   60    142  1.0501e-17  1.4911e-15
   60    143  2.4754e-07  3.5398e-05
   60    144  3.9759e-07  5.7253e-05
   60    145  3.5726e-07  5.1803e-05
   60    146  6.1091e-07  8.9193e-05
   60    148  1.6108e-06  2.3840e-04
   60    150  1.1571e-06  1.7356e-04
   62    147  7.4808e-07  1.0997e-04
   62    148  4.9177e-13  7.2782e-11
   62    149  1.0756e-06  1.6026e-04
   62    150  2.7853e-12  4.1780e-10
   62    152  1.3482e-06  2.0492e-04
   62    154  1.5297e-06  2.3557e-04
   63    151  9.4155e-07  1.4217e-04
   63    153  8.6890e-07  1.3294e-04
   64    154  3.5063e-14  5.3998e-12
   64    155  8.5741e-07  1.3290e-04
   64    156  1.3803e-06  2.1533e-04
   64    157  1.0978e-06  1.7236e-04
   64    158  2.3565e-06  3.7233e-04
   64    160  1.7835e-06  2.8536e-04
   65    159  7.3049e-07  1.1615e-04
   66    160  6.1158e-15  9.7853e-13
   66    161  9.9373e-07  1.5999e-04
   66    162  1.5247e-06  2.4701e-04
   66    163  9.9248e-07  1.6177e-04
   66    164  2.9547e-06  4.8456e-04
   67    165  1.7086e-06  2.8191e-04
   68    166  3.4984e-06  5.8073e-04
   68    167  1.6848e-06  2.8136e-04
   68    168  2.3564e-06  3.9588e-04
   68    170  1.7815e-06  3.0286e-04
   69    169  3.1185e-06  5.2703e-04
   70    170  6.0487e-15  1.0283e-12
   70    171  1.6157e-06  2.7628e-04
   70    172  1.7079e-06  2.9375e-04
   70    173  1.9721e-06  3.4118e-04
   70    174  2.7331e-06  4.7556e-04
   70    176  1.7982e-06  3.1648e-04
   71    175  1.7375e-06  3.0407e-04
   71    176  7.5310e-16  1.3254e-13
   72    176  7.0509e-18  1.2410e-15
   72    177  2.0513e-06  3.6307e-04
   72    178  1.2724e-06  2.2649e-04
   72    179  8.5107e-07  1.5234e-04
   72    180  7.8623e-07  1.4152e-04
   73    181  8.1643e-07  1.4777e-04
   74    182  1.2905e-06  2.3487e-04
   74    183  9.3441e-07  1.7100e-04
   74    184  3.4205e-06  6.2938e-04
   74    186  9.0664e-06  1.6864e-03
   75    185  1.7162e-06  3.1750e-04
   75    187  7.8545e-06  1.4688e-03
   76    186  1.9447e-17  3.6172e-15
   76    187  6.3835e-08  1.1937e-05
   76    188  2.0143e-05  3.7869e-03
   76    189  1.9197e-05  3.6282e-03
   76    190  5.1918e-05  9.8644e-03
   76    192  1.0241e-04  1.9663e-02
   77    191  4.8175e-05  9.2014e-03
   77    193  9.9983e-05  1.9297e-02
   78    192  8.4651e-15  1.6253e-12
   78    194  1.8399e-04  3.5695e-02
   78    195  1.3519e-04  2.6361e-02
   78    196  9.4091e-05  1.8442e-02
   78    198  1.8696e-05  3.7019e-03
   79    197  4.4272e-05  8.7217e-03
   80    198  1.3179e-14  2.6095e-12
   80    199  5.1750e-06  1.0298e-03
   80    200  3.1485e-06  6.2969e-04
   80    201  1.6223e-06  3.2608e-04
   80    202  1.6752e-06  3.3840e-04
   80    204  3.6202e-06  7.3853e-04
   81    203  2.1314e-06  4.3268e-04
   81    205  2.8012e-06  5.7426e-04
   81    207  3.2264e-19  6.6787e-17
   82    204  8.1268e-19  1.6579e-16
   82    206  6.5752e-05  1.3545e-02
   82    207  5.0770e-05  1.0509e-02
   82    208  5.1264e-05  1.0663e-02
   82    210  3.7409e-12  7.8558e-10
   82    211  1.1433e-17  2.4123e-15
   82    212  1.3977e-17  2.9632e-15
   82    214  1.7447e-18  3.7337e-16
   83    209  7.0007e-05  1.4631e-02
   83    210  7.8471e-17  1.6479e-14
   83    211  1.4526e-19  3.0649e-17
   83    212  4.1767e-19  8.8546e-17
   83    214  2.1566e-19  4.6151e-17
   84    210  2.1666e-15  4.5499e-13
   84    218  3.3691e-20  7.3447e-18
   86    222  5.9808e-17  1.3277e-14
   87    223  2.0610e-20  4.5961e-18
   88    223  1.1177e-15  2.4924e-13
   88    224  3.6120e-17  8.0908e-15
   88    226  9.1515e-12  2.0682e-09
   88    228  1.1615e-10  2.6482e-08
   89    227  7.7723e-13  1.7643e-10
   89    228  2.5422e-18  5.7963e-16
   90    227  1.7963e-15  4.0777e-13
   90    228  6.9364e-15  1.5815e-12
   90    230  4.3131e-10  9.9201e-08
   90    231  1.0396e-16  2.4016e-14
   90    232  5.0842e-05  1.1795e-02
   90    234  1.4584e-16  3.4126e-14
   91    231  1.1652e-09  2.6917e-07
   91    234  4.3674e-18  1.0220e-15
   92    234  1.4045e-09  3.2864e-07
   92    235  2.5114e-05  5.9018e-03
   92    236  1.4180e-07  3.3464e-05
   92    238  2.5550e-05  6.0809e-03
   92    240  7.1168e-18  1.7080e-15
   93    240  5.0245e-19  1.2059e-16
   94    239  9.1805e-17  2.1941e-14
   94    240  2.8070e-11  6.7369e-09
   94    244  3.4168e-07  8.3370e-05
   95    243  2.8065e-17  6.8198e-15
   96    244  9.2735e-17  2.2627e-14
   96    247  5.9234e-14  1.4631e-11
   97    246  5.1314e-09  1.2623e-06
  100    258  9.7906e-06  2.5260e-03
  100    260  6.3502e-06  1.6510e-03
  100    262  7.8688e-06  2.0616e-03
  102    260  8.5202e-20  2.2153e-17
  102    261  6.2301e-06  1.6260e-03
  102    263  6.7785e-06  1.7827e-03
  102    264  7.7838e-06  2.0549e-03
  102    266  9.2747e-06  2.4671e-03
  103    265  7.8960e-06  2.0924e-03
  104    267  7.4383e-06  1.9860e-03
  104    268  6.0094e-06  1.6105e-03
  104    270  7.8951e-06  2.1317e-03
  104    272  5.0749e-06  1.3804e-03
  104    274  3.1292e-06  8.5740e-04
  105    269  1.2799e-05  3.4428e-03
  105    271  5.6043e-06  1.5188e-03
  106    273  3.6427e-06  9.9445e-04
  106    275  1.2488e-06  3.4342e-04
  106    276  1.0407e-06  2.8724e-04
  106    278  1.5538e-07  4.3194e-05
  106    280  5.8409e-09  1.6355e-06
  107    277  1.8664e-07  5.1701e-05
  108    279  2.9459e-08  8.2190e-06
  108    281  9.4930e-10  2.6675e-07
  108    282  2.2834e-10  6.4393e-08
  108    283  8.9912e-12  2.5445e-09
  108    284  1.0438e-11  2.9643e-09
  108    286  3.4598e-11  9.8950e-09
  110    285  1.1102e-11  3.1640e-09
  110    287  8.5454e-11  2.4525e-08
  110    288  5.1742e-11  1.4902e-08
  110    290  6.8497e-11  1.9864e-08
  111    289  2.7654e-11  7.9920e-09
  111    291  3.9538e-12  1.1506e-09
  111    292  1.7418e-10  5.0859e-08
  111    293  4.3432e-11  1.2725e-08
  111    294  1.6614e-10  4.8846e-08
  111    295  1.0396e-10  3.0670e-08
  111    296  6.4207e-11  1.9005e-08
  111    297  1.9751e-11  5.8661e-09
  111    298  4.0805e-11  1.2160e-08
  111    299  5.5639e-18  1.6636e-15
  111    300  1.9925e-12  5.9774e-10
  111    301  2.1337e-10  6.4223e-08
  111    302  5.1567e-11  1.5573e-08
  111    303  7.3418e-11  2.2246e-08
  111    304  9.5197e-11  2.8940e-08
  111    305  2.2033e-10  6.7202e-08
  111    306  2.0033e-10  6.1302e-08
  111    307  6.0490e-11  1.8571e-08
  111    308  3.9593e-11  1.2195e-08
  111    309  8.8028e-11  2.7201e-08
  111    310  6.2172e-11  1.9273e-08
  111    311  5.4574e-11  1.6972e-08
  111    312  2.6447e-11  8.2515e-09
  111    313  2.5881e-11  8.1007e-09
  111    314  2.4156e-11  7.5849e-09
  111    315  2.0740e-11  6.5332e-09
  111    316  1.9435e-11  6.1415e-09
  111    317  2.5526e-11  8.0918e-09
  111    318  1.2292e-11  3.9089e-09
  111    319  2.3277e-11  7.4253e-09
  111    320  1.5593e-11  4.9899e-09
  111    321  7.3687e-12  2.3653e-09
  111    322  1.0162e-11  3.2720e-09
  111    323  6.5344e-12  2.1106e-09
  111    324  7.2886e-12  2.3615e-09
  111    325  3.3765e-12  1.0974e-09
  111    326  3.7009e-12  1.2065e-09
  111    327  3.2821e-12  1.0733e-09
  111    328  3.8811e-14  1.2730e-11
  111    329  5.8970e-13  1.9401e-10
  111    330  2.2596e-14  7.4566e-12
  111    331  6.4659e-14  2.1402e-11
  111    332  1.5435e-14  5.1245e-12
  111    333  1.3891e-13  4.6256e-11
  111    334  5.7664e-16  1.9260e-13
  111    335  8.0657e-15  2.7020e-12
  111    336  4.0848e-16  1.3725e-13
  111    337  3.5843e-14  1.2079e-11
    1      1  1.5638e-09  1.5638e-09
    2      4  1.7559e-01  7.0236e-01


