    1      2  2.6040e-08  5.2079e-08
    2      3  1.6156e-09  4.8469e-09
    3      6  1.3605e-11  8.1628e-11
    3      7  2.2153e-09  1.5507e-08
    4      8  9.9027e-08  7.9221e-07
    4      9  5.0416e-08  4.5375e-07
    5     10  4.7841e-07  4.7841e-06
    5     11  9.1419e-10  1.0056e-08
    6     12  6.9482e-09  8.3379e-08
    6     13  1.5345e-08  1.9949e-07
    7     14  7.4923e-08  1.0489e-06
    7     15  1.3037e-05  1.9556e-04
    8     16  7.1032e-06  1.1365e-04
    8     17  2.7756e-07  4.7185e-06
    8     18  4.0895e-07  7.3611e-06
    9     19  1.4956e-06  2.8417e-05
   10     20  2.4753e-06  4.9506e-05
   10     21  2.1034e-06  4.4172e-05
   10     22  2.9030e-08  6.3866e-07
   11     23  1.0330e-06  2.3758e-05
   12     24  4.3083e-07  1.0340e-05
   12     25  2.1484e-07  5.3710e-06
   12     26  1.8624e-07  4.8423e-06
   13     27  1.5764e-07  4.2563e-06
   14     28  2.1877e-07  6.1256e-06
   14     29  9.0670e-08  2.6294e-06
   14     30  1.1266e-07  3.3799e-06
   15     31  2.8762e-08  8.9163e-07
   16     32  1.2999e-07  4.1597e-06
   16     33  2.7784e-07  9.1686e-06
   16     34  2.5888e-07  8.8018e-06
   16     36  2.8781e-08  1.0361e-06
   17     35  2.3056e-08  8.0694e-07
   17     37  4.2064e-09  1.5564e-07
   18     36  1.3424e-16  4.8326e-15
   18     38  1.8947e-08  7.1998e-07
   18     40  4.0546e-09  1.6218e-07
   19     39  1.6976e-08  6.6207e-07
   19     41  9.7436e-09  3.9949e-07
   20     42  3.7072e-08  1.5570e-06
   20     43  7.3764e-09  3.1719e-07
   20     44  1.8031e-08  7.9335e-07
   20     46  1.8207e-09  8.3754e-08
   21     45  1.5429e-08  6.9431e-07
   22     46  5.1221e-18  2.3562e-16
   22     47  1.4299e-09  6.7207e-08
   22     48  1.4742e-09  7.0759e-08
   22     49  1.2013e-09  5.8864e-08
   22     50  1.0791e-09  5.3953e-08
   23     51  1.5921e-09  8.1198e-08
   24     52  8.0329e-10  4.1771e-08
   24     53  1.1142e-08  5.9055e-07
   24     54  1.4665e-09  7.9191e-08
   25     55  1.6770e-10  9.2237e-09
   26     56  4.6251e-09  2.5901e-07
   26     57  2.1838e-09  1.2448e-07
   26     58  1.1266e-09  6.5344e-08
   27     59  1.3179e-10  7.7757e-09
   28     60  2.8741e-10  1.7245e-08
   28     61  1.2048e-10  7.3493e-09
   28     62  2.5339e-10  1.5710e-08
   28     64  5.7371e-09  3.6718e-07
   29     63  2.2017e-08  1.3871e-06
   29     65  4.5330e-09  2.9464e-07
   30     64  8.5701e-19  5.4849e-17
   30     66  6.9298e-09  4.5736e-07
   30     67  5.5884e-08  3.7442e-06
   30     68  1.5718e-08  1.0688e-06
   30     70  2.7145e-08  1.9001e-06
   31     69  4.5935e-09  3.1695e-07
   31     71  1.0161e-08  7.2142e-07
   32     70  1.3836e-13  9.6850e-12
   32     72  9.5952e-09  6.9085e-07
   32     73  1.1268e-08  8.2259e-07
   32     74  5.9964e-08  4.4373e-06
   32     76  6.8037e-09  5.1708e-07
   33     75  2.3577e-08  1.7683e-06
   34     76  2.7704e-12  2.1055e-10
   34     77  1.6152e-08  1.2437e-06
   34     78  1.2684e-08  9.8934e-07
   34     80  1.8601e-07  1.4881e-05
   34     82  1.1702e-07  9.5954e-06
   35     79  2.1259e-08  1.6795e-06
   35     81  6.2905e-08  5.0953e-06
   36     82  1.0663e-11  8.7433e-10
   36     83  1.2572e-07  1.0435e-05
   36     84  8.5729e-09  7.2013e-07
   36     86  1.5578e-08  1.3397e-06
   37     85  2.9224e-08  2.4840e-06
   37     87  4.8630e-08  4.2308e-06
   38     86  1.9398e-18  1.6682e-16
   38     87  3.5607e-10  3.0979e-08
   38     88  4.2834e-09  3.7694e-07
   39     89  1.4118e-08  1.2565e-06
   40     90  1.4486e-08  1.3037e-06
   40     91  3.1032e-08  2.8239e-06
   40     92  2.4238e-08  2.2299e-06
   40     94  7.0486e-08  6.6257e-06
   41     93  2.2780e-08  2.1186e-06
   42     95  4.3117e-08  4.0961e-06
   42     96  1.4534e-08  1.3952e-06
   42     97  3.5071e-08  3.4019e-06
   42     98  8.4330e-09  8.2644e-07
   42    100  1.1032e-08  1.1032e-06
   44     99  5.9432e-09  5.8837e-07
   44    100  3.5186e-12  3.5186e-10
   44    101  5.2833e-09  5.3361e-07
   44    102  8.6083e-09  8.7805e-07
   44    104  6.8806e-09  7.1558e-07
   45    103  1.1130e-08  1.1464e-06
   46    104  1.7473e-16  1.8172e-14
   46    105  1.2246e-09  1.2858e-07
   46    106  6.0379e-09  6.4002e-07
   46    108  1.2444e-08  1.3439e-06
   46    110  3.4732e-08  3.8206e-06
   47    107  5.0090e-09  5.3596e-07
   47    109  1.4147e-08  1.5420e-06
   48    110  6.5003e-13  7.1503e-11
   48    111  6.2587e-09  6.9472e-07
   48    112  2.0097e-08  2.2509e-06
   48    113  1.5486e-08  1.7500e-06
   48    114  2.8151e-08  3.2092e-06
   48    116  7.4816e-09  8.6787e-07
   49    113  6.8156e-16  7.7017e-14
   49    115  2.3509e-08  2.7035e-06
   50    115  1.8757e-14  2.1570e-12
   50    116  4.3732e-12  5.0729e-10
   50    117  2.7751e-09  3.2469e-07
   50    118  7.3415e-10  8.6630e-08
   50    119  4.2298e-10  5.0334e-08
   50    120  2.2734e-09  2.7281e-07
   50    122  6.1636e-09  7.5196e-07
   50    124  4.5821e-09  5.6819e-07
   51    121  1.1781e-08  1.4255e-06
   51    123  6.0771e-09  7.4749e-07
   52    122  2.4846e-13  3.0313e-11
   52    124  1.5098e-15  1.8721e-13
   52    125  7.3625e-08  9.2031e-06
   52    126  5.2682e-08  6.6379e-06
   52    128  2.8331e-07  3.6263e-05
   52    130  1.4852e-07  1.9307e-05
   53    127  2.3842e-07  3.0280e-05
   53    129  3.1854e-15  4.1091e-13
   54    128  4.6385e-14  5.9373e-12
   54    129  5.3879e-07  6.9504e-05
   54    130  3.7315e-12  4.8510e-10
   54    131  7.1146e-08  9.3201e-06
   54    132  5.9311e-08  7.8291e-06
   54    134  2.8447e-08  3.8119e-06
   54    136  4.1604e-08  5.6581e-06
   55    133  3.3819e-08  4.4980e-06
   56    134  3.5728e-16  4.7876e-14
   56    135  1.7174e-08  2.3184e-06
   56    136  5.1318e-14  6.9792e-12
   56    137  1.5668e-08  2.1465e-06
   56    138  6.2451e-08  8.6183e-06
   57    139  6.0889e-09  8.4636e-07
   58    140  2.1415e-08  2.9982e-06
   58    142  1.9389e-08  2.7532e-06
   59    141  3.3887e-08  4.7781e-06
   60    142  2.3280e-16  3.3057e-14
   60    143  1.1231e-08  1.6060e-06
   60    144  9.2410e-09  1.3307e-06
   60    145  1.2413e-09  1.7999e-07
   60    146  4.7563e-09  6.9443e-07
   60    148  4.2164e-09  6.2403e-07
   60    150  7.3978e-10  1.1097e-07
   62    147  6.4431e-09  9.4714e-07
   62    148  3.2080e-12  4.7479e-10
   62    149  6.8265e-10  1.0171e-07
   62    150  7.7852e-13  1.1678e-10
   62    152  1.4810e-10  2.2511e-08
   62    154  5.9291e-11  9.1308e-09
   63    151  4.3873e-11  6.6248e-09
   63    153  7.8699e-11  1.2041e-08
   64    154  1.9048e-15  2.9334e-13
   64    155  1.4766e-09  2.2888e-07
   64    156  4.7353e-10  7.3870e-08
   64    157  1.7724e-10  2.7827e-08
   64    158  6.4460e-10  1.0185e-07
   64    160  3.4518e-11  5.5228e-09
   65    159  2.2035e-11  3.5036e-09
   66    160  3.5374e-17  5.6599e-15
   66    161  2.1602e-11  3.4779e-09
   66    162  1.0186e-11  1.6501e-09
   66    163  1.3165e-11  2.1459e-09
   66    164  6.5537e-12  1.0748e-09
   67    165  1.0132e-11  1.6717e-09
   68    166  4.0202e-12  6.6735e-10
   68    167  1.2226e-11  2.0417e-09
   68    168  6.8008e-12  1.1425e-09
   68    170  4.2437e-12  7.2143e-10
   69    169  9.5575e-11  1.6152e-08
   70    170  1.1159e-16  1.8970e-14
   70    171  3.3907e-11  5.7981e-09
   70    172  5.7208e-12  9.8398e-10
   70    173  3.8016e-12  6.5768e-10
   70    174  2.8063e-11  4.8830e-09
   70    176  5.2311e-12  9.2067e-10
   71    175  4.0323e-12  7.0565e-10
   71    176  1.0463e-18  1.8414e-16
   72    177  4.6774e-11  8.2790e-09
   72    178  1.3556e-11  2.4129e-09
   72    179  1.0142e-11  1.8154e-09
   72    180  2.5829e-11  4.6493e-09
   73    181  4.8457e-11  8.7707e-09
   74    182  1.3210e-10  2.4042e-08
   74    183  4.2120e-10  7.7079e-08
   74    184  2.8074e-10  5.1657e-08
   74    186  1.5200e-10  2.8272e-08
   75    185  1.4803e-10  2.7386e-08
   75    187  3.6801e-10  6.8819e-08
   76    186  9.3574e-19  1.7405e-16
   76    187  2.9909e-12  5.5929e-10
   76    188  5.0222e-10  9.4418e-08
   76    189  1.2930e-09  2.4437e-07
   76    190  6.5409e-10  1.2428e-07
   76    192  1.2229e-09  2.3480e-07
   77    191  8.5958e-09  1.6418e-06
   77    193  2.4617e-10  4.7511e-08
   78    192  8.8286e-16  1.6951e-13
   78    194  1.7700e-09  3.4338e-07
   78    195  5.2390e-09  1.0216e-06
   78    196  3.2070e-09  6.2858e-07
   78    198  5.6314e-09  1.1150e-06
   79    197  1.3446e-08  2.6489e-06
   80    198  4.5911e-15  9.0903e-13
   80    199  1.3721e-09  2.7306e-07
   80    200  9.2169e-07  1.8434e-04
   80    201  5.8054e-07  1.1669e-04
   80    202  1.2493e-06  2.5236e-04
   80    204  1.1041e-06  2.2524e-04
   80    206  1.9486e-17  4.0142e-15
   81    203  1.4963e-06  3.0374e-04
   81    205  6.7280e-07  1.3793e-04
   82    204  6.2526e-16  1.2755e-13
   82    206  1.8956e-06  3.9050e-04
   82    207  3.1002e-06  6.4173e-04
   82    208  1.6677e-06  3.4688e-04
   82    210  4.3429e-15  9.1200e-13
   82    211  2.0790e-19  4.3868e-17
   82    212  1.5677e-20  3.3234e-18
   83    209  1.7413e-06  3.6393e-04
   83    210  9.1099e-20  1.9131e-17
   84    210  2.5153e-18  5.2821e-16
   86    222  6.9432e-20  1.5414e-17
   88    223  2.0325e-17  4.5325e-15
   88    224  4.0511e-20  9.0744e-18
   88    226  1.0624e-14  2.4011e-12
   88    228  1.3027e-13  2.9701e-11
   89    227  1.4134e-14  3.2085e-12
   90    227  3.2667e-17  7.4153e-15
   90    228  7.7796e-18  1.7737e-15
   90    230  5.0072e-13  1.1516e-10
   90    231  1.8906e-18  4.3673e-16
   90    232  5.7022e-08  1.3229e-05
   90    234  1.6931e-19  3.9618e-17
   91    231  2.1190e-11  4.8949e-09
   92    234  1.6305e-12  3.8153e-10
   92    235  4.5670e-07  1.0733e-04
   92    236  3.3092e-10  7.8097e-08
   92    238  2.9662e-08  7.0595e-06
   92    240  1.6611e-20  3.9867e-18
   94    239  6.0402e-18  1.4436e-15
   94    240  6.5519e-14  1.5725e-11
   94    244  7.9752e-10  1.9459e-07
   95    243  1.8465e-18  4.4870e-16
   96    244  2.1645e-19  5.2814e-17
   96    247  3.8972e-15  9.6262e-13
   97    246  8.7559e-12  2.1540e-09
  100    258  3.3752e-07  8.7079e-05
  100    260  1.0956e-06  2.8485e-04
  100    262  4.2429e-07  1.1116e-04
  102    260  1.2386e-17  3.2204e-15
  102    261  7.8470e-07  2.0481e-04
  102    263  2.0341e-07  5.3497e-05
  102    264  2.3696e-07  6.2558e-05
  102    266  2.7379e-07  7.2829e-05
  103    265  2.6198e-07  6.9426e-05
  104    267  1.9818e-07  5.2913e-05
  104    268  3.5307e-07  9.4622e-05
  104    270  9.2515e-07  2.4979e-04
  104    272  1.2932e-06  3.5176e-04
  104    274  3.9386e-06  1.0792e-03
  105    269  1.0801e-06  2.9054e-04
  105    271  7.9657e-07  2.1587e-04
  106    273  1.2666e-06  3.4578e-04
  106    275  1.3492e-05  3.7104e-03
  106    276  3.7135e-05  1.0249e-02
  106    278  5.0553e-05  1.4054e-02
  106    280  3.3070e-05  9.2595e-03
  107    277  1.4239e-05  3.9442e-03
  108    279  5.9507e-05  1.6602e-02
  108    281  1.1484e-05  3.2270e-03
  108    282  2.8691e-05  8.0910e-03
  108    283  3.7998e-06  1.0754e-03
  108    284  7.2552e-07  2.0605e-04
  108    286  5.8292e-09  1.6672e-06
  110    285  2.8902e-08  8.2370e-06
  110    287  1.4234e-09  4.0850e-07
  110    288  6.6587e-10  1.9177e-07
  110    290  1.5291e-09  4.4343e-07
  111    289  3.2478e-10  9.3862e-08
  111    291  9.6605e-11  2.8112e-08
  111    292  1.1086e-08  3.2372e-06
  111    293  4.6302e-09  1.3566e-06
  111    294  2.7246e-08  8.0104e-06
  111    295  2.2936e-08  6.7662e-06
  111    296  1.5768e-08  4.6673e-06
  111    297  5.0449e-09  1.4983e-06
  111    298  1.0543e-08  3.1418e-06
  111    299  1.5678e-15  4.6877e-13
  111    300  5.2347e-10  1.5704e-07
  111    301  2.3686e-07  7.1295e-05
  111    302  8.7468e-08  2.6415e-05
  111    303  9.5468e-08  2.8927e-05
  111    304  1.7367e-07  5.2795e-05
  111    305  3.2497e-07  9.9116e-05
  111    306  7.0157e-07  2.1468e-04
  111    307  4.6238e-07  1.4195e-04
  111    308  6.0154e-07  1.8528e-04
  111    309  1.2476e-06  3.8549e-04
  111    310  7.3829e-07  2.2887e-04
  111    311  9.7432e-07  3.0301e-04
  111    312  7.0663e-07  2.2047e-04
  111    313  7.9781e-07  2.4971e-04
  111    314  4.8835e-07  1.5334e-04
  111    315  6.3304e-07  1.9941e-04
  111    316  9.1369e-07  2.8873e-04
  111    317  1.1726e-06  3.7172e-04
  111    318  1.2473e-06  3.9663e-04
  111    319  1.5154e-06  4.8342e-04
  111    320  2.2715e-06  7.2688e-04
  111    321  1.2337e-06  3.9600e-04
  111    322  1.8168e-06  5.8500e-04
  111    323  2.3948e-06  7.7353e-04
  111    324  1.8087e-06  5.8601e-04
  111    325  1.8175e-06  5.9069e-04
  111    326  4.2503e-06  1.3856e-03
  111    327  6.9003e-06  2.2564e-03
  111    328  3.5801e-06  1.1743e-03
  111    329  3.9833e-05  1.3105e-02
  111    330  6.0513e-06  1.9969e-03
  111    331  7.9723e-06  2.6388e-03
  111    332  1.8561e-05  6.1622e-03
  111    333  1.0285e-05  3.4250e-03
  111    334  3.2657e-06  1.0908e-03
  111    335  3.6245e-06  1.2142e-03
  111    336  1.2641e-06  4.2475e-04
  111    337  3.8880e-04  1.3102e-01
    1      1  1.6133e-06  1.6133e-06
    2      4  1.8706e-01  7.4825e-01


