1  1.7695e-02
2  6.7446e-04
3  1.0758e-05
4  1.1461e+03
5  0.0000e+00
6  5.2697e-23
7  7.8371e-11
8  1.2024e-07
9  1.1062e-10
10  1.6562e-09
11  3.4306e-09
12  2.5373e-09
13  4.9710e-09
14  4.9684e-07
15  4.4650e-07
16  1.2351e-06
17  1.2528e-08
18  3.7064e-07
19  2.3424e-08
20  6.6725e-07
21  2.3994e-08
22  8.1734e-07
23  3.6486e-07
24  1.0002e-06
25  3.4609e-07
26  4.8100e-07
27  5.0357e-09
28  1.7567e-07
29  1.5392e-08
30  2.9065e-09
31  5.2047e-09
32  7.6534e-08
33  6.8344e-09
34  6.6858e-08
35  7.6626e-09
36  2.1341e-07
37  1.2081e-08
38  5.8198e-08
39  1.5816e-09
40  2.6115e-10
41  2.6717e-11
42  2.4290e-10
43  3.7185e-11
44  4.7801e-10
45  9.0900e-11
46  2.6441e-10
47  9.0923e-11
48  4.7411e-09
49  1.4709e-10
50  1.7285e-10
51  3.3914e-11
52  5.8093e-11
53  3.0117e-11
54  4.1181e-11
55  1.0528e-11
56  2.0929e-11
57  2.0274e-11
58  1.3243e-10
59  1.4516e-12
60  4.4528e-10
61  1.2663e-12
62  1.0060e-11
63  2.6188e-11
64  2.6592e-10
65  1.3832e-12
66  1.4989e-11
67  1.9290e-12
68  2.0155e-11
69  2.3015e-12
70  2.8596e-11
71  3.6660e-12
72  2.2134e-11
73  6.1075e-12
74  5.4400e-11
75  1.6366e-11
76  8.1268e-11
77  2.6939e-12
78  7.0547e-11
79  2.2775e-11
80  2.1025e-10
81  2.2401e-11
82  1.8399e-10
83  6.0114e-12
84  2.5399e-11
85  3.3473e-11
86  1.1163e-10
87  4.0008e-11
88  4.1565e-11
89  3.5061e-11
90  2.9103e-11
91  8.7017e-12
92  1.9996e-11
93  2.2364e-11
94  2.4869e-11
95  9.5966e-12
96  7.1700e-11
97  1.1542e-11
98  2.4559e-11
99  6.9526e-12
100  2.2334e-11
101  3.0551e-12
102  8.1936e-12
103  3.2854e-12
104  7.3794e-12
105  3.8861e-12
106  7.2504e-12
107  2.8569e-12
108  1.0063e-11
109  2.6229e-12
110  1.4741e-11
111  2.3960e-12
112  5.8207e-12
113  4.0115e-12
114  1.3748e-11
115  8.3547e-12
116  1.0378e-11
117  1.6544e-12
118  1.0967e-11
119  4.0574e-12
120  2.0223e-11
121  5.5597e-12
122  3.4348e-11
123  1.1814e-12
124  3.2678e-11
125  1.0462e-11
126  6.5978e-11
127  3.4617e-12
128  5.3767e-11
129  2.1978e-11
130  1.1973e-10
131  3.1530e-10
132  1.2006e-09
133  1.3826e-09
134  2.7699e-09
135  1.1324e-09
136  6.1157e-10
137  2.0142e-11
138  5.3562e-11
139  4.5671e-11
140  9.8385e-11
141  6.7608e-12
142  3.6280e-12
143  5.4367e-12
144  1.5359e-11
145  1.4245e-12
146  3.7025e-12
147  4.3138e-12
148  6.0900e-12
149  3.8069e-13
150  7.6284e-12
151  4.4999e-13
152  1.8164e-12
153  9.1279e-13
154  1.5550e-12
155  2.2711e-13
156  7.6058e-13
157  1.9357e-13
158  3.3703e-13
159  7.4201e-14
160  8.2657e-13
161  5.6277e-14
162  1.5915e-13
163  6.6505e-14
164  1.4031e-13
165  1.4640e-13
166  2.2751e-13
167  1.5307e-13
168  1.4436e-13
169  4.3187e-13
170  1.9588e-13
171  1.5131e-13
172  7.1387e-14
173  4.8624e-14
174  3.6158e-13
175  9.4445e-14
176  1.9242e-13
177  1.1693e-13
178  1.0121e-13
179  9.1662e-14
180  1.5009e-13
181  8.9922e-13
182  5.1008e-13
183  8.0038e-14
184  3.3286e-14
185  1.8770e-14
186  2.8138e-14
187  6.1785e-14
188  2.6840e-14
189  1.3079e-13
190  1.0249e-13
191  2.4156e-13
192  1.1566e-12
193  1.0048e-13
194  3.3162e-13
195  2.4532e-13
196  2.4836e-13
197  4.7851e-13
198  1.0660e-12
199  7.7792e-14
200  2.0087e-13
201  1.5205e-13
202  2.5973e-13
203  3.5590e-13
204  9.6199e-13
205  9.1022e-13
206  1.3854e-09
207  -1.1247e-09
208  1.0630e-10
209  7.5154e-11
210  3.6175e-15
211  1.6741e-13
212  -5.9511e-16
213  1.0124e-46
214  1.2978e-15
215  4.7452e-14
216  4.9118e-15
217  0.0000e+00
218  -6.2835e-21
219  3.6763e-28
220  2.0373e-28
221  -5.3073e-320
222  6.7288e-25
223  4.8462e-23
224  7.8030e-25
225  5.7138e-40
226  1.0296e-19
227  3.3765e-20
228  2.5097e-18
229  3.2868e-30
230  4.8524e-18
231  5.0523e-17
232  1.0986e-12
233  1.6185e-27
234  1.5801e-17
235  1.0875e-12
236  5.4592e-15
237  1.6423e-318
238  2.8740e-13
239  1.8790e-22
240  1.0899e-18
241  0.0000e+00
242  4.2115e-71
243  5.7470e-23
244  1.3108e-14
245  0.0000e+00
246  6.6003e-17
247  1.1525e-19
248  1.7117e-70
249  0.0000e+00
250  0.0000e+00
251  2.0543e-298
252  0.0000e+00
253  0.0000e+00
254  0.0000e+00
255  0.0000e+00
256  0.0000e+00
257  8.4062e-26
258  1.5742e-12
259  5.9297e-26
260  2.0675e-11
261  3.6117e-11
262  1.0212e-10
263  3.8034e-11
264  3.0816e-11
265  3.1114e-11
266  2.1474e-12
267  1.9742e-13
268  2.6101e-13
269  7.3249e-13
270  1.9563e-13
271  1.0855e-13
272  1.7688e-13
273  1.3845e-13
274  1.0136e-13
275  6.1260e-13
276  2.2238e-12
277  6.2116e-13
278  8.6593e-13
279  9.1139e-12
280  1.5823e-11
281  8.3564e-12
282  2.3453e-10
283  1.4822e-10
284  3.5796e-09
285  8.9561e-09
286  3.8659e-09
287  5.8909e-09
288  2.5036e-09
289  1.2729e-09
290  2.4721e-09
291  1.8628e-10
292  3.1559e-09
293  2.9444e-10
294  3.4258e-10
295  6.7968e-11
296  2.3057e-11
297  2.7184e-12
298  2.8811e-12
299  1.7277e-16
300  2.2192e-14
301  1.0461e-13
302  3.1145e-13
303  3.8225e-14
304  6.3634e-14
305  2.1255e-15
306  1.0197e-14
307  2.2593e-16
308  1.8804e-16
309  1.3636e-17
310  9.4598e-18
311  3.4917e-18
312  1.8975e-18
313  4.8183e-19
314  3.5689e-18
315  3.7314e-19
316  3.5593e-19
317  1.0766e-19
318  1.9417e-14
319  2.1408e-16
320  2.5329e-15
321  1.6375e-17
322  2.1478e-16
323  3.4982e-17
324  4.1313e-17
325  1.5522e-17
326  7.0962e-18
327  4.7963e-17
328  1.5711e-17
329  2.2612e-14
330  3.4111e-15
331  1.3187e-13
332  1.3647e-14
333  9.9692e-13
334  6.9226e-14
335  2.8404e-12
336  1.0741e-13
337  7.2959e-05

