1  1.2725e-02
2  4.2617e-04
3  6.2535e-06
4  2.3870e-01
5  0.0000e+00
6  4.2509e-23
7  1.0499e-10
8  9.4083e-08
9  1.8374e-10
10  2.2795e-09
11  4.3923e-09
12  3.0534e-09
13  5.7459e-09
14  5.4997e-07
15  4.9215e-07
16  1.4823e-06
17  1.6538e-08
18  4.3020e-07
19  2.3312e-08
20  7.2097e-07
21  2.8770e-08
22  8.5426e-07
23  3.8110e-07
24  8.3173e-07
25  3.0533e-07
26  3.9773e-07
27  4.4144e-09
28  1.5592e-07
29  1.3012e-08
30  2.4588e-09
31  4.5516e-09
32  6.7525e-08
33  5.9600e-09
34  6.0334e-08
35  8.3521e-09
36  1.7519e-07
37  9.7488e-09
38  4.5629e-08
39  1.1932e-09
40  1.8698e-10
41  2.1257e-11
42  1.9082e-10
43  2.9579e-11
44  3.7894e-10
45  6.9858e-11
46  2.0246e-10
47  8.2620e-11
48  3.5147e-09
49  1.1840e-10
50  1.3200e-10
51  2.7615e-11
52  4.7679e-11
53  2.4347e-11
54  3.1779e-11
55  8.2687e-12
56  1.7718e-11
57  1.5909e-11
58  1.0003e-10
59  1.1475e-12
60  3.2797e-10
61  9.4687e-13
62  7.8735e-12
63  1.9243e-11
64  1.9101e-10
65  1.0169e-12
66  1.1556e-11
67  1.4818e-12
68  1.6304e-11
69  2.0029e-12
70  2.2270e-11
71  3.0284e-12
72  1.9280e-11
73  5.2981e-12
74  4.5923e-11
75  1.3480e-11
76  6.2873e-11
77  2.2693e-12
78  5.8699e-11
79  1.8806e-11
80  1.6041e-10
81  1.7145e-11
82  1.3050e-10
83  4.7047e-12
84  1.8362e-11
85  2.6152e-11
86  7.7712e-11
87  2.8683e-11
88  2.9852e-11
89  2.3158e-11
90  1.9483e-11
91  5.8195e-12
92  1.3806e-11
93  1.4568e-11
94  1.5710e-11
95  6.4257e-12
96  4.8288e-11
97  8.0465e-12
98  1.6956e-11
99  4.7525e-12
100  1.5065e-11
101  2.0674e-12
102  5.6217e-12
103  2.2408e-12
104  5.1905e-12
105  2.6955e-12
106  4.9828e-12
107  1.9516e-12
108  7.0000e-12
109  1.8280e-12
110  1.0089e-11
111  1.6380e-12
112  4.1429e-12
113  2.7445e-12
114  9.5072e-12
115  5.6711e-12
116  6.8352e-12
117  1.1899e-12
118  7.8247e-12
119  2.8015e-12
120  1.3488e-11
121  3.6908e-12
122  2.2232e-11
123  7.7302e-13
124  2.1102e-11
125  6.8517e-12
126  4.2096e-11
127  2.3006e-12
128  3.7416e-11
129  1.6255e-11
130  1.0193e-10
131  2.6496e-10
132  9.7233e-10
133  1.1539e-09
134  1.9764e-09
135  7.7124e-10
136  3.8225e-10
137  1.2791e-11
138  3.7723e-11
139  3.0548e-11
140  6.1256e-11
141  4.0659e-12
142  2.1968e-12
143  3.3051e-12
144  9.6147e-12
145  8.7841e-13
146  2.3826e-12
147  2.6431e-12
148  3.6109e-12
149  2.3113e-13
150  4.6572e-12
151  2.7418e-13
152  1.1263e-12
153  5.5352e-13
154  9.1394e-13
155  1.3888e-13
156  4.7156e-13
157  1.2089e-13
158  2.0867e-13
159  4.5861e-14
160  4.8006e-13
161  3.4929e-14
162  9.5734e-14
163  4.0983e-14
164  8.2888e-14
165  9.0291e-14
166  1.3276e-13
167  9.0776e-14
168  8.3321e-14
169  2.5307e-13
170  1.0916e-13
171  9.1316e-14
172  4.3150e-14
173  2.9008e-14
174  2.0826e-13
175  5.4045e-14
176  1.0593e-13
177  7.0084e-14
178  5.9045e-14
179  5.2535e-14
180  8.3339e-14
181  4.9219e-13
182  2.6966e-13
183  4.7914e-14
184  1.9605e-14
185  1.0927e-14
186  1.5922e-14
187  3.6164e-14
188  1.5698e-14
189  7.7770e-14
190  5.8493e-14
191  1.4599e-13
192  6.4240e-13
193  5.5793e-14
194  1.8268e-13
195  1.4572e-13
196  1.4167e-13
197  2.8771e-13
198  5.9085e-13
199  4.3251e-14
200  1.1076e-13
201  8.8224e-14
202  1.4442e-13
203  2.1264e-13
204  5.4107e-13
205  5.1496e-13
206  1.7686e-12
207  7.0086e-12
208  2.6055e-12
209  8.4051e-12
210  1.0939e-18
211  1.0511e-37
212  1.6263e-36
213  -2.1966e-20
214  5.4868e-15
215  6.4237e-14
216  3.1796e-15
217  4.4825e-29
218  2.3548e-28
219  3.2197e-28
220  2.2376e-28
221  5.5546e-47
222  4.1800e-25
223  2.9270e-23
224  4.7208e-25
225  9.1514e-43
226  6.3961e-20
227  2.0402e-20
228  1.5181e-18
229  4.5407e-32
230  3.0144e-18
231  3.0516e-17
232  6.6450e-13
233  2.3845e-29
234  9.8158e-18
235  6.5770e-13
236  3.8576e-15
237  1.2186e-318
238  1.7857e-13
239  6.0192e-22
240  7.6366e-19
241  0.0000e+00
242  4.8126e-59
243  1.8401e-22
244  9.2955e-15
245  0.0000e+00
246  4.1317e-17
247  3.8836e-19
248  2.6207e-58
249  0.0000e+00
250  0.0000e+00
251  2.7007e-255
252  0.0000e+00
253  0.0000e+00
254  0.0000e+00
255  0.0000e+00
256  0.0000e+00
257  4.7989e-26
258  9.2488e-13
259  5.5895e-26
260  1.1918e-11
261  2.0520e-11
262  5.8284e-11
263  2.2156e-11
264  1.8265e-11
265  1.8641e-11
266  1.2913e-12
267  1.1692e-13
268  1.5433e-13
269  4.3343e-13
270  1.1603e-13
271  6.4346e-14
272  1.0543e-13
273  8.2661e-14
274  6.0378e-14
275  3.6747e-13
276  1.3384e-12
277  3.7377e-13
278  5.2571e-13
279  5.7713e-12
280  1.0084e-11
281  5.3387e-12
282  1.5620e-10
283  1.0206e-10
284  2.9093e-09
285  6.8854e-09
286  3.1316e-09
287  4.7215e-09
288  2.0637e-09
289  1.0427e-09
290  2.0797e-09
291  1.5200e-10
292  2.6656e-09
293  2.4350e-10
294  2.8726e-10
295  5.6891e-11
296  1.8639e-11
297  2.2533e-12
298  2.4055e-12
299  1.1699e-16
300  2.4318e-14
301  8.5723e-14
302  2.5243e-13
303  3.1017e-14
304  5.1472e-14
305  1.7217e-15
306  8.1455e-15
307  1.8077e-16
308  1.5087e-16
309  1.0819e-17
310  7.4656e-18
311  2.7469e-18
312  1.4896e-18
313  3.8017e-19
314  2.7989e-18
315  3.0633e-19
316  2.5932e-19
317  9.4306e-20
318  1.5704e-14
319  1.7533e-16
320  1.9895e-15
321  1.2857e-17
322  1.8044e-16
323  2.9706e-17
324  3.5665e-17
325  1.3489e-17
326  6.1860e-18
327  4.5975e-17
328  1.5580e-17
329  3.7850e-14
330  5.7115e-15
331  2.1194e-13
332  2.1916e-14
333  1.4796e-12
334  1.0264e-13
335  4.0173e-12
336  1.5181e-13
337  9.3326e-05

