1  2.3021e-08
2  7.0431e-17
3  3.2946e-22
4  1.9325e-01
5  0.0000e+00
6  4.0685e-21
7  3.2739e-22
8  1.4620e-22
9  5.2730e-22
10  5.7418e-21
11  7.3914e-20
12  3.7161e-06
13  1.9747e-10
14  1.4043e-14
15  2.0967e-21
16  1.5429e-08
17  1.3410e-16
18  1.7740e-19
19  7.3830e-22
20  9.1058e-09
21  7.5904e-14
22  9.6248e-18
23  8.1817e-13
24  9.1554e-09
25  4.1910e-12
26  1.6443e-11
27  1.4170e-09
28  2.9506e-08
29  2.8852e-10
30  1.7546e-08
31  5.0654e-09
32  3.9189e-08
33  3.2148e-09
34  8.7841e-08
35  1.6363e-08
36  1.5492e-08
37  4.1800e-09
38  2.3094e-07
39  3.9020e-08
40  2.2274e-08
41  6.4804e-09
42  6.4481e-08
43  2.8629e-08
44  5.5201e-08
45  3.6682e-08
46  5.6451e-08
47  3.6254e-08
48  2.4241e-07
49  3.9708e-08
50  3.6450e-08
51  1.3572e-07
52  8.6476e-07
53  5.6259e-08
54  3.4316e-07
55  3.4884e-07
56  3.6093e-07
57  1.2612e-08
58  1.2314e-06
59  3.2560e-07
60  3.4710e-08
61  3.2498e-07
62  1.8507e-06
63  2.0376e-08
64  6.5229e-07
65  6.7283e-07
66  3.7413e-08
67  4.1307e-07
68  3.7573e-06
69  4.2285e-08
70  2.6050e-07
71  6.7418e-07
72  1.4611e-08
73  7.7654e-07
74  1.1840e-06
75  2.3048e-08
76  4.1025e-06
77  3.1108e-07
78  4.6390e-08
79  1.3755e-06
80  7.2333e-06
81  6.2676e-08
82  8.0877e-07
83  2.8206e-06
84  5.0285e-05
85  6.6162e-05
86  3.6697e-04
87  4.6467e-05
88  8.3855e-04
89  2.0233e-04
90  4.2600e-05
91  9.0669e-05
92  5.8220e-04
93  1.8430e-05
94  1.1532e-04
95  4.7476e-05
96  3.9920e-05
97  2.2242e-06
98  4.0570e-06
99  1.2285e-07
100  2.7010e-08
101  6.8621e-07
102  6.6986e-08
103  4.5260e-07
104  8.3115e-07
105  1.9854e-08
106  6.5936e-08
107  1.9006e-08
108  3.7995e-09
109  8.2825e-10
110  7.1777e-09
111  2.3631e-10
112  1.6375e-10
113  8.5515e-10
114  3.6976e-11
115  1.3788e-11
116  4.4373e-11
117  6.5559e-13
118  9.6594e-13
119  2.4544e-12
120  5.5770e-14
121  1.5975e-13
122  2.4521e-13
123  7.4169e-16
124  6.3924e-14
125  4.7099e-15
126  1.5543e-15
127  8.2480e-15
128  3.8591e-16
129  1.3594e-15
130  5.9119e-16
131  2.8559e-17
132  6.7582e-16
133  3.0776e-17
134  1.4208e-18
135  2.5477e-20
136  4.0874e-22
137  6.2158e-25
138  5.4948e-28
139  1.4736e-28
140  1.1853e-30
141  0.0000e+00
142  0.0000e+00
143  0.0000e+00
144  0.0000e+00
145  0.0000e+00
146  0.0000e+00
147  0.0000e+00
148  0.0000e+00
149  0.0000e+00
150  0.0000e+00
151  0.0000e+00
152  0.0000e+00
153  0.0000e+00
154  0.0000e+00
155  0.0000e+00
156  0.0000e+00
157  0.0000e+00
158  0.0000e+00
159  0.0000e+00
160  0.0000e+00
161  0.0000e+00
162  0.0000e+00
163  0.0000e+00
164  0.0000e+00
165  0.0000e+00
166  0.0000e+00
167  0.0000e+00
168  0.0000e+00
169  0.0000e+00
170  0.0000e+00
171  0.0000e+00
172  0.0000e+00
173  0.0000e+00
174  0.0000e+00
175  0.0000e+00
176  0.0000e+00
177  0.0000e+00
178  0.0000e+00
179  0.0000e+00
180  0.0000e+00
181  0.0000e+00
182  0.0000e+00
183  0.0000e+00
184  0.0000e+00
185  0.0000e+00
186  0.0000e+00
187  0.0000e+00
188  0.0000e+00
189  0.0000e+00
190  0.0000e+00
191  0.0000e+00
192  0.0000e+00
193  0.0000e+00
194  0.0000e+00
195  0.0000e+00
196  0.0000e+00
197  0.0000e+00
198  0.0000e+00
199  0.0000e+00
200  0.0000e+00
201  0.0000e+00
202  0.0000e+00
203  0.0000e+00
204  0.0000e+00
205  0.0000e+00
206  0.0000e+00
207  0.0000e+00
208  0.0000e+00
209  0.0000e+00
210  0.0000e+00
211  0.0000e+00
212  0.0000e+00
213  0.0000e+00
214  0.0000e+00
215  0.0000e+00
216  0.0000e+00
217  0.0000e+00
218  0.0000e+00
219  0.0000e+00
220  0.0000e+00
221  0.0000e+00
222  0.0000e+00
223  0.0000e+00
224  0.0000e+00
225  0.0000e+00
226  0.0000e+00
227  0.0000e+00
228  0.0000e+00
229  0.0000e+00
230  0.0000e+00
231  0.0000e+00
232  0.0000e+00
233  0.0000e+00
234  0.0000e+00
235  0.0000e+00
236  0.0000e+00
237  0.0000e+00
238  0.0000e+00
239  0.0000e+00
240  0.0000e+00
241  0.0000e+00
242  0.0000e+00
243  0.0000e+00
244  0.0000e+00
245  0.0000e+00
246  0.0000e+00
247  0.0000e+00
248  0.0000e+00
249  0.0000e+00
250  0.0000e+00
251  0.0000e+00
252  0.0000e+00
253  0.0000e+00
254  0.0000e+00
255  0.0000e+00
256  0.0000e+00
257  0.0000e+00
258  0.0000e+00
259  0.0000e+00
260  0.0000e+00
261  0.0000e+00
262  0.0000e+00
263  0.0000e+00
264  0.0000e+00
265  0.0000e+00
266  0.0000e+00
267  0.0000e+00
268  0.0000e+00
269  0.0000e+00
270  0.0000e+00
271  0.0000e+00
272  0.0000e+00
273  0.0000e+00
274  0.0000e+00
275  0.0000e+00
276  0.0000e+00
277  0.0000e+00
278  0.0000e+00
279  0.0000e+00
280  0.0000e+00
281  0.0000e+00
282  0.0000e+00
283  0.0000e+00
284  0.0000e+00
285  0.0000e+00
286  0.0000e+00
287  0.0000e+00
288  0.0000e+00
289  0.0000e+00
290  0.0000e+00
291  0.0000e+00
292  0.0000e+00
293  0.0000e+00
294  0.0000e+00
295  0.0000e+00
296  0.0000e+00
297  0.0000e+00
298  0.0000e+00
299  0.0000e+00
300  0.0000e+00
301  0.0000e+00
302  0.0000e+00
303  0.0000e+00
304  0.0000e+00
305  0.0000e+00
306  0.0000e+00
307  0.0000e+00
308  0.0000e+00
309  0.0000e+00
310  0.0000e+00
311  0.0000e+00
312  0.0000e+00
313  0.0000e+00
314  0.0000e+00
315  0.0000e+00
316  0.0000e+00
317  0.0000e+00
318  0.0000e+00
319  0.0000e+00
320  0.0000e+00
321  0.0000e+00
322  0.0000e+00
323  0.0000e+00
324  0.0000e+00
325  0.0000e+00
326  0.0000e+00
327  0.0000e+00
328  0.0000e+00
329  0.0000e+00
330  0.0000e+00
331  0.0000e+00
332  0.0000e+00
333  0.0000e+00
334  0.0000e+00
335  0.0000e+00
336  0.0000e+00
337  0.0000e+00

