1  5.5151e-10
2  2.1661e-01
3  1.1499e-18
4  1.7734e-18
5  2.1981e-18
6  7.7732e-08
7  1.5174e-12
8  3.5423e-09
9  6.7779e-14
10  1.2604e-09
11  2.6542e-13
12  1.7844e-09
13  1.3155e-09
14  2.5271e-08
15  2.5263e-09
16  2.0135e-07
17  9.9323e-08
18  7.6024e-08
19  8.8356e-09
20  9.7429e-07
21  2.8673e-08
22  1.5573e-06
23  3.3786e-07
24  5.6060e-06
25  9.4342e-08
26  3.7811e-07
27  1.4948e-08
28  2.0510e-07
29  1.9357e-07
30  2.0737e-06
31  6.7230e-07
32  1.3583e-05
33  9.6347e-07
34  4.9629e-05
35  7.1269e-06
36  2.2351e-05
37  8.8327e-06
38  2.8228e-06
39  9.5142e-06
40  6.1193e-05
41  1.1424e-05
42  6.9352e-05
43  3.9423e-30
44  4.1434e-04
45  3.5612e-05
46  3.5370e-04
47  1.1647e-04
48  6.2127e-05
49  4.0202e-06
50  1.1798e-05
51  3.3244e-06
52  2.2669e-05
53  8.3191e-06
54  1.8455e-06
55  1.6394e-11
56  1.5327e-13
57  2.4638e-15
58  4.8842e-15
59  3.0417e-16
60  3.2668e-16
61  4.3303e-316
62  8.8498e-17
63  9.8577e-18
64  7.2817e-18
65  3.0680e-20
66  1.0904e-19
67  9.8351e-21
68  2.1478e-20
69  1.8750e-21
70  1.7090e-22
71  3.6933e-24
72  9.1660e-25
73  0.0000e+00
74  0.0000e+00
75  0.0000e+00
76  0.0000e+00
77  0.0000e+00
78  0.0000e+00
79  0.0000e+00
80  0.0000e+00
81  0.0000e+00
82  0.0000e+00
83  0.0000e+00
84  0.0000e+00
85  0.0000e+00
86  0.0000e+00
87  0.0000e+00
88  0.0000e+00
89  0.0000e+00
90  0.0000e+00
91  0.0000e+00
92  0.0000e+00
93  0.0000e+00
94  0.0000e+00
95  0.0000e+00
96  0.0000e+00
97  0.0000e+00
98  0.0000e+00
99  0.0000e+00
100  0.0000e+00
101  0.0000e+00
102  0.0000e+00
103  0.0000e+00
104  0.0000e+00
105  0.0000e+00
106  0.0000e+00
107  0.0000e+00
108  0.0000e+00
109  0.0000e+00
110  0.0000e+00
111  0.0000e+00
112  0.0000e+00
113  0.0000e+00
114  0.0000e+00
115  0.0000e+00
116  0.0000e+00
117  0.0000e+00
118  0.0000e+00

