1  9.2378e-09
2  2.3496e-01
3  4.7024e-10
4  2.1886e-10
5  3.2172e-09
6  4.7765e-08
7  2.0607e-06
8  8.8593e-08
9  2.4705e-07
10  8.3676e-07
11  4.7255e-07
12  4.0687e-07
13  1.6436e-07
14  5.9597e-07
15  4.3672e-08
16  1.5092e-06
17  3.8322e-08
18  6.9687e-08
19  1.1082e-07
20  4.8514e-07
21  6.8268e-08
22  1.8102e-07
23  1.0876e-08
24  1.3287e-07
25  1.9340e-08
26  1.3825e-07
27  4.2831e-09
28  1.8049e-07
29  2.8827e-07
30  6.6603e-07
31  1.1280e-07
32  4.5146e-07
33  4.8577e-08
34  3.6055e-06
35  1.7323e-06
36  1.3923e-06
37  5.4201e-07
38  2.1769e-07
39  1.1131e-07
40  1.2980e-06
41  2.4185e-07
42  7.8709e-07
43  8.4256e-33
44  4.5505e-07
45  9.8140e-08
46  7.0212e-07
47  3.2840e-07
48  4.1260e-07
49  5.1650e-08
50  1.5968e-06
51  4.0724e-07
52  8.3016e-06
53  2.6132e-06
54  5.0800e-06
55  3.7842e-07
56  1.4120e-06
57  2.7017e-07
58  6.5240e-07
59  2.9182e-07
60  9.6444e-07
61  8.3576e-85
62  1.1699e-06
63  5.0190e-07
64  1.7984e-06
65  2.1983e-07
66  1.9887e-06
67  4.7360e-07
68  2.4983e-06
69  7.2491e-07
70  2.7376e-06
71  4.4181e-07
72  1.3239e-06
73  2.6240e-07
74  3.9369e-06
75  2.2814e-06
76  4.8949e-05
77  3.8648e-05
78  1.0735e-04
79  9.0955e-06
80  1.4872e-06
81  2.8279e-07
82  1.6278e-05
83  7.9816e-06
84  2.9014e-16
85  9.5848e-27
86  8.0103e-18
87  2.7747e-21
88  1.6334e-11
89  1.0464e-13
90  6.6134e-06
91  1.5687e-10
92  6.8250e-06
93  7.9152e-20
94  5.3826e-08
95  6.2440e-18
96  1.3191e-14
97  7.3104e-10
98  -5.5464e-314
99  -6.3734e-322
100  3.3418e-06
101  -5.3627e-313
102  4.2159e-06
103  1.0790e-06
104  4.2817e-06
105  2.6621e-06
106  8.9719e-07
107  2.4644e-08
108  3.7438e-09
109  -4.0321e-320
110  1.7489e-12
111  6.1165e-11
112  0.0000e+00
113  0.0000e+00
114  0.0000e+00
115  0.0000e+00
116  0.0000e+00
117  0.0000e+00
118  0.0000e+00

