    1      2  4.2617e-04  8.5234e-04
    1      3  1.2240e-20  3.6721e-20
    2      3  6.2535e-06  1.8760e-05
    3      7  1.0499e-10  7.3493e-10
    4      8  9.4083e-08  7.5267e-07
    4      9  1.8374e-10  1.6537e-09
    5     10  2.2795e-09  2.2795e-08
    5     11  4.3923e-09  4.8316e-08
    6     12  3.0534e-09  3.6641e-08
    6     13  5.7459e-09  7.4696e-08
    7     14  5.4997e-07  7.6996e-06
    7     15  4.9215e-07  7.3822e-06
    8     16  1.4823e-06  2.3717e-05
    8     17  1.6538e-08  2.8115e-07
    8     18  4.3020e-07  7.7436e-06
    9     19  2.3312e-08  4.4293e-07
   10     20  7.2097e-07  1.4419e-05
   10     21  2.8770e-08  6.0417e-07
   10     22  8.5426e-07  1.8794e-05
   11     23  3.8110e-07  8.7654e-06
   12     24  8.3173e-07  1.9962e-05
   12     25  3.0533e-07  7.6333e-06
   12     26  3.9773e-07  1.0341e-05
   13     27  4.4144e-09  1.1919e-07
   14     28  1.5592e-07  4.3659e-06
   14     29  1.3012e-08  3.7736e-07
   14     30  2.4588e-09  7.3765e-08
   15     31  4.5516e-09  1.4110e-07
   16     32  6.7525e-08  2.1608e-06
   16     33  5.9600e-09  1.9668e-07
   16     34  6.0334e-08  2.0514e-06
   16     36  1.7519e-07  6.3068e-06
   17     35  8.3521e-09  2.9232e-07
   17     37  9.7488e-09  3.6071e-07
   18     36  3.0837e-14  1.1101e-12
   18     38  4.5629e-08  1.7339e-06
   18     40  1.8698e-10  7.4793e-09
   19     39  1.1932e-09  4.6535e-08
   19     40  1.8927e-19  7.5709e-18
   19     41  2.1257e-11  8.7154e-10
   20     40  5.4372e-20  2.1749e-18
   20     42  1.9082e-10  8.0144e-09
   20     43  2.9579e-11  1.2719e-09
   20     44  3.7894e-10  1.6674e-08
   20     46  2.0246e-10  9.3130e-09
   21     45  6.9858e-11  3.1436e-09
   22     46  7.4651e-18  3.4339e-16
   22     47  8.2620e-11  3.8832e-09
   22     48  3.5147e-09  1.6871e-07
   22     49  1.1840e-10  5.8017e-09
   22     50  1.3200e-10  6.5998e-09
   23     51  2.7615e-11  1.4083e-09
   24     52  4.7679e-11  2.4793e-09
   24     53  2.4347e-11  1.2904e-09
   24     54  3.1779e-11  1.7161e-09
   25     55  8.2687e-12  4.5478e-10
   26     56  1.7718e-11  9.9221e-10
   26     57  1.5909e-11  9.0680e-10
   26     58  1.0003e-10  5.8019e-09
   27     59  1.1475e-12  6.7704e-11
   28     60  3.2797e-10  1.9678e-08
   28     61  9.4687e-13  5.7759e-11
   28     62  7.8735e-12  4.8815e-10
   28     64  1.9101e-10  1.2225e-08
   29     63  1.9243e-11  1.2123e-09
   29     65  1.0169e-12  6.6098e-11
   30     64  2.9706e-20  1.9012e-18
   30     66  1.1556e-11  7.6271e-10
   30     67  1.4818e-12  9.9282e-11
   30     68  1.6304e-11  1.1087e-09
   30     70  2.2256e-11  1.5579e-09
   31     69  2.0029e-12  1.3820e-10
   31     71  3.0284e-12  2.1502e-10
   32     70  1.4073e-14  9.8509e-13
   32     72  1.9280e-11  1.3881e-09
   32     73  5.2981e-12  3.8676e-10
   32     74  4.5923e-11  3.3983e-09
   32     76  6.2775e-11  4.7709e-09
   33     75  1.3480e-11  1.0110e-09
   34     76  9.8344e-14  7.4741e-12
   34     77  2.2693e-12  1.7474e-10
   34     78  5.8699e-11  4.5785e-09
   34     80  1.6041e-10  1.2833e-08
   34     82  1.3003e-10  1.0662e-08
   35     79  1.8806e-11  1.4857e-09
   35     81  1.7145e-11  1.3888e-09
   36     82  4.6834e-13  3.8404e-11
   36     83  4.7047e-12  3.9049e-10
   36     84  1.8362e-11  1.5424e-09
   36     86  7.7712e-11  6.6832e-09
   37     85  2.6152e-11  2.2229e-09
   37     87  2.8474e-11  2.4773e-09
   38     86  1.3826e-18  1.1890e-16
   38     87  2.0846e-13  1.8136e-11
   38     88  2.9852e-11  2.6269e-09
   39     89  2.3158e-11  2.0611e-09
   40     90  1.9483e-11  1.7535e-09
   40     91  5.8195e-12  5.2958e-10
   40     92  1.3806e-11  1.2701e-09
   40     94  1.5710e-11  1.4768e-09
   41     93  1.4568e-11  1.3548e-09
   42     95  6.4257e-12  6.1044e-10
   42     96  4.8288e-11  4.6356e-09
   42     97  8.0465e-12  7.8051e-10
   42     98  1.6956e-11  1.6616e-09
   42    100  1.3870e-11  1.3870e-09
   44     99  4.7525e-12  4.7050e-10
   44    100  1.1957e-12  1.1957e-10
   44    101  2.0674e-12  2.0881e-10
   44    102  5.6217e-12  5.7341e-10
   44    104  5.1905e-12  5.3981e-10
   45    103  2.2408e-12  2.3080e-10
   46    104  2.3164e-17  2.4090e-15
   46    105  2.6955e-12  2.8303e-10
   46    106  4.9828e-12  5.2817e-10
   46    108  7.0000e-12  7.5600e-10
   46    110  1.0080e-11  1.1088e-09
   47    107  1.9516e-12  2.0882e-10
   47    109  1.8280e-12  1.9926e-10
   48    110  9.0389e-15  9.9427e-13
   48    111  1.6380e-12  1.8182e-10
   48    112  4.1429e-12  4.6400e-10
   48    113  2.7445e-12  3.1013e-10
   48    114  9.5072e-12  1.0838e-09
   48    116  6.7183e-12  7.7932e-10
   49    113  1.2079e-19  1.3649e-17
   49    115  5.6711e-12  6.5218e-10
   50    115  4.5247e-18  5.2034e-16
   50    116  1.1690e-13  1.3561e-11
   50    117  1.1899e-12  1.3922e-10
   50    118  7.8247e-12  9.2332e-10
   50    119  2.8015e-12  3.3338e-10
   50    120  1.3488e-11  1.6185e-09
   50    122  2.2226e-11  2.7116e-09
   50    124  2.1101e-11  2.6165e-09
   51    121  3.6908e-12  4.4659e-10
   51    123  7.7302e-13  9.5081e-11
   52    122  5.0248e-15  6.1303e-13
   52    124  5.9891e-16  7.4265e-14
   52    125  6.8517e-12  8.5647e-10
   52    126  4.2096e-11  5.3041e-09
   52    128  3.7416e-11  4.7893e-09
   52    130  1.0188e-10  1.3244e-08
   53    127  2.3006e-12  2.9218e-10
   53    129  7.1854e-18  9.2692e-16
   54    128  2.4246e-16  3.1035e-14
   54    129  1.6255e-11  2.0970e-09
   54    130  4.6844e-14  6.0897e-12
   54    131  2.6496e-10  3.4709e-08
   54    132  9.7233e-10  1.2835e-07
   54    134  1.9764e-09  2.6484e-07
   54    136  3.8154e-10  5.1889e-08
   55    133  1.1539e-09  1.5347e-07
   56    134  1.8208e-14  2.4398e-12
   56    135  7.7124e-10  1.0412e-07
   56    136  7.1468e-13  9.7196e-11
   56    137  1.2791e-11  1.7524e-09
   56    138  3.7723e-11  5.2058e-09
   57    139  3.0548e-11  4.2461e-09
   58    140  6.1256e-11  8.5758e-09
   58    142  2.1968e-12  3.1194e-10
   59    141  4.0659e-12  5.7330e-10
   60    142  1.3549e-17  1.9240e-15
   60    143  3.3051e-12  4.7262e-10
   60    144  9.6147e-12  1.3845e-09
   60    145  8.7841e-13  1.2737e-10
   60    146  2.3826e-12  3.4786e-10
   60    148  3.4969e-12  5.1754e-10
   60    150  4.6372e-12  6.9558e-10
   62    147  2.6431e-12  3.8854e-10
   62    148  1.1400e-13  1.6872e-11
   62    149  2.3113e-13  3.4438e-11
   62    150  1.9957e-14  2.9935e-12
   62    152  1.1263e-12  1.7120e-10
   62    154  9.1352e-13  1.4068e-10
   63    151  2.7418e-13  4.1401e-11
   63    153  5.5352e-13  8.4688e-11
   64    154  4.2250e-16  6.5065e-14
   64    155  1.3888e-13  2.1526e-11
   64    156  4.7156e-13  7.3563e-11
   64    157  1.2089e-13  1.8979e-11
   64    158  2.0867e-13  3.2969e-11
   64    160  4.8005e-13  7.6809e-11
   65    159  4.5861e-14  7.2919e-12
   66    160  9.6565e-18  1.5450e-15
   66    161  3.4929e-14  5.6236e-12
   66    162  9.5734e-14  1.5509e-11
   66    163  4.0983e-14  6.6802e-12
   66    164  8.2888e-14  1.3594e-11
   67    165  9.0291e-14  1.4898e-11
   68    166  1.3276e-13  2.2037e-11
   68    167  9.0776e-14  1.5160e-11
   68    168  8.3321e-14  1.3998e-11
   68    170  1.0913e-13  1.8551e-11
   69    169  2.5307e-13  4.2768e-11
   70    170  2.9045e-17  4.9376e-15
   70    171  9.1316e-14  1.5615e-11
   70    172  4.3150e-14  7.4218e-12
   70    173  2.9008e-14  5.0184e-12
   70    174  2.0826e-13  3.6237e-11
   70    176  1.0592e-13  1.8643e-11
   71    175  5.4045e-14  9.4579e-12
   71    176  5.3820e-18  9.4723e-16
   72    176  5.0377e-20  8.8664e-18
   72    177  7.0084e-14  1.2405e-11
   72    178  5.9045e-14  1.0510e-11
   72    179  5.2535e-14  9.4038e-12
   72    180  8.3339e-14  1.5001e-11
   73    181  4.9219e-13  8.9087e-11
   74    182  2.6966e-13  4.9078e-11
   74    183  4.7914e-14  8.7683e-12
   74    184  1.9605e-14  3.6073e-12
   74    186  1.5922e-14  2.9615e-12
   75    185  1.0927e-14  2.0216e-12
   75    187  3.5872e-14  6.7081e-12
   76    186  2.0600e-20  3.8317e-18
   76    187  2.9148e-16  5.4507e-14
   76    188  1.5698e-14  2.9511e-12
   76    189  7.7770e-14  1.4699e-11
   76    190  5.8493e-14  1.1114e-11
   76    192  6.4240e-13  1.2334e-10
   77    191  1.4599e-13  2.7883e-11
   77    193  5.5793e-14  1.0768e-11
   78    192  3.7692e-18  7.2369e-16
   78    194  1.8268e-13  3.5440e-11
   78    195  1.4572e-13  2.8416e-11
   78    196  1.4167e-13  2.7766e-11
   78    198  5.9079e-13  1.1698e-10
   79    197  2.8771e-13  5.6680e-11
   80    198  5.4608e-17  1.0812e-14
   80    199  4.3251e-14  8.6069e-12
   80    200  1.1076e-13  2.2151e-11
   80    201  8.8224e-14  1.7733e-11
   80    202  1.4442e-13  2.9173e-11
   80    204  5.4107e-13  1.1038e-10
   81    203  2.1264e-13  4.3167e-11
   81    205  5.1496e-13  1.0557e-10
   81    210  1.0939e-18  2.2971e-16
   82    204  7.7850e-20  1.5881e-17
   82    206  1.7686e-12  3.6434e-10
   82    207  7.0086e-12  1.4508e-09
   82    208  2.6055e-12  5.4194e-10
   83    209  8.4051e-12  1.7567e-09
   84    214  5.4868e-15  1.1742e-12
   84    215  6.4237e-14  1.3811e-11
   84    216  3.1796e-15  6.8679e-13
   88    226  6.3961e-20  1.4455e-17
   88    228  1.5180e-18  3.4611e-16
   89    227  2.0355e-20  4.6205e-18
   90    230  3.0144e-18  6.9332e-16
   90    232  6.6450e-13  1.5416e-10
   91    231  3.0516e-17  7.0492e-15
   92    234  9.8158e-18  2.2969e-15
   92    235  6.5770e-13  1.5456e-10
   92    236  3.8576e-15  9.1039e-13
   92    238  1.7857e-13  4.2500e-11
   94    240  7.6366e-19  1.8328e-16
   94    244  9.2955e-15  2.2681e-12
   96    247  3.8836e-19  9.5926e-17
   97    246  4.1317e-17  1.0164e-14
  100    258  9.2488e-13  2.3862e-10
  100    260  1.1918e-11  3.0987e-09
  100    262  5.8284e-11  1.5271e-08
  102    260  1.6809e-20  4.3705e-18
  102    261  2.0520e-11  5.3558e-09
  102    263  2.2156e-11  5.8270e-09
  102    264  1.8265e-11  4.8219e-09
  102    266  1.2913e-12  3.4349e-10
  103    265  1.8641e-11  4.9400e-09
  104    267  1.1692e-13  3.1218e-11
  104    268  1.5433e-13  4.1361e-11
  104    270  1.1603e-13  3.1328e-11
  104    272  1.0543e-13  2.8678e-11
  104    274  6.0378e-14  1.6544e-11
  105    269  4.3343e-13  1.1659e-10
  105    271  6.4346e-14  1.7438e-11
  106    273  8.2661e-14  2.2566e-11
  106    275  3.6747e-13  1.0106e-10
  106    276  1.3384e-12  3.6939e-10
  106    278  5.2571e-13  1.4615e-10
  106    280  1.0084e-11  2.8236e-09
  107    277  3.7377e-13  1.0354e-10
  108    279  5.7713e-12  1.6102e-09
  108    281  5.3387e-12  1.5002e-09
  108    282  1.5620e-10  4.4048e-08
  108    283  1.0206e-10  2.8884e-08
  108    284  2.9093e-09  8.2626e-07
  108    286  3.1316e-09  8.9564e-07
  110    285  6.8854e-09  1.9623e-06
  110    286  1.1325e-20  3.2389e-18
  110    287  4.7215e-09  1.3551e-06
  110    288  2.0637e-09  5.9435e-07
  110    290  2.0797e-09  6.0311e-07
  111    289  1.0427e-09  3.0134e-07
  111    290  3.6863e-17  1.0690e-14
  111    291  1.5200e-10  4.4232e-08
  111    292  2.6656e-09  7.7834e-07
  111    293  2.4350e-10  7.1346e-08
  111    294  2.8726e-10  8.4454e-08
  111    295  5.6891e-11  1.6783e-08
  111    296  1.8639e-11  5.5170e-09
  111    297  2.2533e-12  6.6922e-10
  111    298  2.4055e-12  7.1684e-10
  111    299  1.1699e-16  3.4980e-14
  111    300  2.4318e-14  7.2954e-12
  111    301  8.5723e-14  2.5803e-11
  111    302  2.5243e-13  7.6234e-11
  111    303  3.1017e-14  9.3981e-12
  111    304  5.1472e-14  1.5647e-11
  111    305  1.7217e-15  5.2513e-13
  111    306  8.1455e-15  2.4925e-12
  111    307  1.8077e-16  5.5497e-14
  111    308  1.5087e-16  4.6469e-14
  111    309  1.0819e-17  3.3431e-15
  111    310  7.4656e-18  2.3143e-15
  111    311  2.7469e-18  8.5427e-16
  111    312  1.4896e-18  4.6475e-16
  111    313  3.8017e-19  1.1899e-16
  111    314  2.7989e-18  8.7884e-16
  111    315  3.0633e-19  9.6495e-17
  111    316  2.5932e-19  8.1946e-17
  111    317  9.4306e-20  2.9895e-17
  111    318  1.5704e-14  4.9939e-12
  111    319  1.7533e-16  5.5931e-14
  111    320  1.9895e-15  6.3665e-13
  111    321  1.2857e-17  4.1270e-15
  111    322  1.8044e-16  5.8101e-14
  111    323  2.9706e-17  9.5951e-15
  111    324  3.5665e-17  1.1556e-14
  111    325  1.3489e-17  4.3840e-15
  111    326  6.1860e-18  2.0166e-15
  111    327  4.5975e-17  1.5034e-14
  111    328  1.5580e-17  5.1104e-15
  111    329  3.7850e-14  1.2453e-11
  111    330  5.7115e-15  1.8848e-12
  111    331  2.1194e-13  7.0152e-11
  111    332  2.1916e-14  7.2760e-12
  111    333  1.4796e-12  4.9271e-10
  111    334  1.0264e-13  3.4280e-11
  111    335  4.0173e-12  1.3458e-09
  111    336  1.5181e-13  5.1009e-11
  111    337  9.3326e-05  3.1451e-02
    1      1  1.2725e-02  1.2725e-02
    2      4  2.3870e-01  9.5480e-01


