    1      2  2.6879e-09  5.3759e-09
    2      3  1.4283e-10  4.2850e-10
    3      6  7.4024e-12  4.4414e-11
    3      7  2.3371e-10  1.6360e-09
    4      8  2.5614e-11  2.0492e-10
    4      9  4.8823e-12  4.3941e-11
    5     10  2.2665e-11  2.2665e-10
    5     11  2.0283e-10  2.2312e-09
    6     12  1.8081e-09  2.1697e-08
    6     13  9.9212e-09  1.2898e-07
    7     14  8.5634e-07  1.1989e-05
    7     15  6.2516e-07  9.3774e-06
    8     16  4.6266e-08  7.4026e-07
    8     17  1.2796e-09  2.1752e-08
    8     18  1.8073e-08  3.2532e-07
    9     19  1.7721e-07  3.3670e-06
   10     20  2.5542e-07  5.1084e-06
   10     21  4.0697e-07  8.5463e-06
   10     22  5.2196e-09  1.1483e-07
   11     23  3.1294e-07  7.1976e-06
   12     24  1.0433e-07  2.5039e-06
   12     25  1.0665e-07  2.6663e-06
   12     26  2.0232e-08  5.2602e-07
   13     26  3.6353e-19  9.4518e-18
   13     27  2.7927e-07  7.5404e-06
   14     28  7.9636e-07  2.2298e-05
   14     29  1.2991e-07  3.7675e-06
   14     30  6.2417e-08  1.8725e-06
   15     31  7.7560e-08  2.4044e-06
   16     32  1.2847e-07  4.1112e-06
   16     33  1.0367e-06  3.4210e-05
   16     34  7.9529e-07  2.7040e-05
   16     36  1.9184e-08  6.9063e-07
   17     35  1.3385e-08  4.6848e-07
   17     37  5.4383e-08  2.0122e-06
   18     36  3.7735e-20  1.3585e-18
   18     38  1.2635e-07  4.8012e-06
   18     40  3.2625e-07  1.3050e-05
   19     39  1.9058e-07  7.4326e-06
   19     41  1.8335e-08  7.5173e-07
   20     42  7.1255e-07  2.9927e-05
   20     43  3.6081e-07  1.5515e-05
   20     44  4.7909e-08  2.1080e-06
   20     46  9.2998e-08  4.2779e-06
   21     45  1.1373e-07  5.1177e-06
   22     47  1.0340e-07  4.8596e-06
   22     48  2.2009e-07  1.0564e-05
   22     49  2.4410e-07  1.1961e-05
   22     50  2.5404e-07  1.2702e-05
   23     51  3.0081e-08  1.5341e-06
   24     52  1.0890e-07  5.6628e-06
   24     53  7.7656e-08  4.1157e-06
   24     54  4.5775e-08  2.4718e-06
   25     55  6.5797e-08  3.6188e-06
   26     56  1.6594e-07  9.2927e-06
   26     57  2.1354e-07  1.2172e-05
   26     58  1.1051e-08  6.4094e-07
   27     59  1.1855e-08  6.9946e-07
   28     60  2.7515e-08  1.6509e-06
   28     61  4.5365e-08  2.7672e-06
   28     62  5.4744e-08  3.3941e-06
   28     64  1.7679e-07  1.1314e-05
   29     63  2.6018e-07  1.6391e-05
   29     65  1.2421e-07  8.0739e-06
   30     66  3.4749e-07  2.2934e-05
   30     67  1.1394e-07  7.6337e-06
   30     68  1.9417e-07  1.3204e-05
   30     70  5.0591e-07  3.5414e-05
   31     69  2.2201e-07  1.5319e-05
   31     71  7.4502e-08  5.2897e-06
   32     70  1.4459e-16  1.0121e-14
   32     72  1.9758e-07  1.4226e-05
   32     73  1.3092e-07  9.5572e-06
   32     74  3.1541e-07  2.3341e-05
   32     76  7.4239e-08  5.6421e-06
   33     75  6.9852e-08  5.2389e-06
   34     76  2.9460e-16  2.2390e-14
   34     77  2.1241e-07  1.6355e-05
   34     78  6.1227e-07  4.7757e-05
   34     80  3.6891e-06  2.9513e-04
   34     82  1.0557e-06  8.6570e-05
   35     79  1.0510e-06  8.3026e-05
   35     81  2.1158e-06  1.7138e-04
   36     82  9.2545e-15  7.5887e-13
   36     83  1.1579e-06  9.6107e-05
   36     84  4.4860e-07  3.7682e-05
   36     86  8.2841e-07  7.1244e-05
   37     85  3.3192e-07  2.8213e-05
   37     87  7.9118e-07  6.8833e-05
   38     87  5.7931e-09  5.0400e-07
   38     88  5.7427e-07  5.0536e-05
   39     89  1.9224e-07  1.7109e-05
   40     90  3.3323e-07  2.9991e-05
   40     91  1.2625e-07  1.1489e-05
   40     92  9.8884e-07  9.0973e-05
   40     94  1.2484e-06  1.1735e-04
   41     93  4.8688e-07  4.5279e-05
   42     95  6.8914e-07  6.5468e-05
   42     96  5.6908e-07  5.4632e-05
   42     97  2.8123e-07  2.7279e-05
   42     98  2.3587e-07  2.3116e-05
   42    100  3.2771e-07  3.2771e-05
   44     99  2.9634e-07  2.9338e-05
   44    100  3.6220e-15  3.6220e-13
   44    101  3.8131e-07  3.8512e-05
   44    102  2.0290e-07  2.0696e-05
   44    104  2.6785e-07  2.7856e-05
   45    103  2.3523e-07  2.4228e-05
   46    104  2.8824e-20  2.9977e-18
   46    105  2.3899e-07  2.5094e-05
   46    106  3.6159e-07  3.8329e-05
   46    108  3.7804e-07  4.0828e-05
   46    110  9.4374e-07  1.0381e-04
   47    107  2.5126e-07  2.6884e-05
   47    109  6.5240e-07  7.1112e-05
   48    110  9.3018e-16  1.0232e-13
   48    111  1.5450e-07  1.7149e-05
   48    112  3.9009e-07  4.3690e-05
   48    113  1.9817e-07  2.2393e-05
   48    114  1.7923e-07  2.0433e-05
   48    116  3.4777e-08  4.0342e-06
   49    113  8.7215e-15  9.8553e-13
   49    115  1.1173e-07  1.2849e-05
   50    115  8.9145e-14  1.0252e-11
   50    116  7.9764e-16  9.2526e-14
   50    117  4.8294e-08  5.6504e-06
   50    118  6.9745e-08  8.2299e-06
   50    119  7.3616e-08  8.7603e-06
   50    120  2.6268e-07  3.1521e-05
   50    122  4.4103e-07  5.3805e-05
   50    124  2.5814e-06  3.2010e-04
   51    121  2.2020e-07  2.6644e-05
   51    123  5.6415e-07  6.9391e-05
   52    122  2.2996e-16  2.8055e-14
   52    124  7.0637e-18  8.7590e-16
   52    125  3.8072e-06  4.7591e-04
   52    126  7.9843e-06  1.0060e-03
   52    128  1.3775e-05  1.7632e-03
   52    130  4.6774e-06  6.0806e-04
   53    127  9.3972e-06  1.1934e-03
   53    129  4.8109e-14  6.2061e-12
   54    128  1.4188e-17  1.8161e-15
   54    129  9.7320e-06  1.2554e-03
   54    130  8.4990e-16  1.1049e-13
   54    131  2.0866e-06  2.7335e-04
   54    132  2.2934e-06  3.0273e-04
   54    134  4.1735e-06  5.5925e-04
   54    136  5.9575e-06  8.1022e-04
   55    133  2.8720e-06  3.8198e-04
   56    134  1.1768e-19  1.5770e-17
   56    135  4.4363e-06  5.9890e-04
   56    136  2.4368e-16  3.3140e-14
   56    137  2.9284e-06  4.0119e-04
   56    138  1.7788e-06  2.4548e-04
   57    139  2.7165e-06  3.7759e-04
   58    140  6.7752e-06  9.4853e-04
   58    142  7.0466e-07  1.0006e-04
   59    141  3.5183e-06  4.9608e-04
   60    142  2.3048e-19  3.2729e-17
   60    143  2.8354e-07  4.0546e-05
   60    144  5.0034e-07  7.2049e-05
   60    145  5.8198e-07  8.4387e-05
   60    146  9.2702e-07  1.3534e-04
   60    148  2.3396e-06  3.4626e-04
   60    150  1.5226e-06  2.2840e-04
   62    147  1.0324e-06  1.5176e-04
   62    148  1.0920e-14  1.6162e-12
   62    149  1.5020e-06  2.2379e-04
   62    150  1.1380e-13  1.7071e-11
   62    152  2.1517e-06  3.2706e-04
   62    154  2.1068e-06  3.2445e-04
   63    151  1.6459e-06  2.4853e-04
   63    153  1.4712e-06  2.2509e-04
   64    154  1.2024e-15  1.8517e-13
   64    155  1.1124e-06  1.7242e-04
   64    156  3.4036e-06  5.3096e-04
   64    157  2.3786e-06  3.7343e-04
   64    158  4.4803e-06  7.0789e-04
   64    160  3.0915e-06  4.9465e-04
   65    159  2.1201e-06  3.3710e-04
   66    160  3.5930e-16  5.7487e-14
   66    161  1.8243e-06  2.9371e-04
   66    162  4.0656e-06  6.5863e-04
   66    163  2.4971e-06  4.0704e-04
   66    164  6.0747e-06  9.9625e-04
   67    165  3.5750e-06  5.8988e-04
   68    166  7.3006e-06  1.2119e-03
   68    167  3.2687e-06  5.4588e-04
   68    168  7.7916e-06  1.3090e-03
   68    170  5.0497e-06  8.5845e-04
   69    169  5.7399e-06  9.7004e-04
   70    170  1.6467e-16  2.7994e-14
   70    171  4.2440e-06  7.2573e-04
   70    172  4.8610e-06  8.3610e-04
   70    173  6.0198e-06  1.0414e-03
   70    174  6.9979e-06  1.2176e-03
   70    176  4.7112e-06  8.2917e-04
   71    175  4.9092e-06  8.5911e-04
   71    176  2.9716e-17  5.2300e-15
   72    176  2.7821e-19  4.8965e-17
   72    177  4.6473e-06  8.2257e-04
   72    178  2.7073e-06  4.8190e-04
   72    179  1.8747e-06  3.3557e-04
   72    180  2.1742e-06  3.9135e-04
   73    181  2.1340e-06  3.8625e-04
   74    182  3.8284e-06  6.9676e-04
   74    183  2.5390e-06  4.6463e-04
   74    184  9.3470e-06  1.7198e-03
   74    186  1.9474e-05  3.6222e-03
   75    185  4.7039e-06  8.7023e-04
   75    187  1.2982e-05  2.4277e-03
   76    186  5.4479e-19  1.0133e-16
   76    187  1.0551e-07  1.9730e-05
   76    188  1.9514e-05  3.6686e-03
   76    189  1.6172e-05  3.0565e-03
   76    190  1.7629e-05  3.3496e-03
   76    192  1.5299e-05  2.9374e-03
   77    191  1.0616e-05  2.0277e-03
   77    193  1.2108e-05  2.3368e-03
   78    192  3.5550e-17  6.8257e-15
   78    194  1.4694e-05  2.8507e-03
   78    195  8.0534e-06  1.5704e-03
   78    196  3.4528e-06  6.7675e-04
   78    198  1.9580e-07  3.8769e-05
   79    197  1.0115e-06  1.9927e-04
   80    198  2.2437e-18  4.4425e-16
   80    199  2.3646e-08  4.7055e-06
   80    200  8.3523e-09  1.6705e-06
   80    201  6.5535e-09  1.3173e-06
   80    202  7.1608e-09  1.4465e-06
   80    204  7.0367e-09  1.4355e-06
   80    206  4.5924e-18  9.4603e-16
   81    203  6.7174e-09  1.3636e-06
   81    205  4.2098e-09  8.6301e-07
   82    206  4.5569e-08  9.3872e-06
   82    207  3.4961e-08  7.2369e-06
   82    208  4.5560e-08  9.4765e-06
   82    210  5.4288e-16  1.1400e-13
   83    209  3.6119e-08  7.5489e-06
   83    210  1.1388e-20  2.3914e-18
   84    210  3.1442e-19  6.6029e-17
   88    223  1.4838e-19  3.3089e-17
   88    226  1.3281e-15  3.0014e-13
   88    228  2.2457e-14  5.1203e-12
   89    227  1.0319e-16  2.3423e-14
   90    227  2.3848e-19  5.4135e-17
   90    228  1.3412e-18  3.0578e-16
   90    230  6.2591e-14  1.4396e-11
   90    231  1.3802e-20  3.1883e-18
   90    232  9.8302e-09  2.2806e-06
   90    234  2.1164e-20  4.9524e-18
   91    231  1.5470e-13  3.5735e-11
   92    234  2.0381e-13  4.7693e-11
   92    235  3.3342e-09  7.8353e-07
   92    236  1.4101e-11  3.3279e-09
   92    238  3.7078e-09  8.8246e-07
   94    239  1.2578e-20  3.0061e-18
   94    240  2.7908e-15  6.6978e-13
   94    244  3.3970e-11  8.2886e-09
   96    247  8.1154e-18  2.0045e-15
   97    246  5.8350e-13  1.4354e-10
  100    258  4.9396e-10  1.2744e-07
  100    260  2.5981e-10  6.7550e-08
  100    262  2.1248e-10  5.5671e-08
  102    261  2.1057e-10  5.4960e-08
  102    263  1.5123e-10  3.9774e-08
  102    264  1.3505e-10  3.5653e-08
  102    266  9.9587e-11  2.6490e-08
  103    265  1.0250e-10  2.7163e-08
  104    267  6.3163e-11  1.6865e-08
  104    268  4.0469e-11  1.0846e-08
  104    270  3.1083e-11  8.3924e-09
  104    272  1.0653e-11  2.8977e-09
  104    274  3.8635e-12  1.0586e-09
  105    269  7.0423e-11  1.8944e-08
  105    271  1.7165e-11  4.6517e-09
  106    273  5.6076e-12  1.5309e-09
  106    275  1.2935e-12  3.5572e-10
  106    276  9.6403e-13  2.6607e-10
  106    278  1.0401e-13  2.8915e-11
  106    280  2.4071e-15  6.7399e-13
  107    277  1.5117e-13  4.1873e-11
  108    279  1.5165e-14  4.2310e-12
  108    281  3.0651e-16  8.6130e-14
  108    282  5.4396e-17  1.5340e-14
  108    283  1.1452e-18  3.2410e-16
  108    284  1.7781e-19  5.0499e-17
  108    286  1.7188e-19  4.9159e-17
  110    285  7.4051e-20  2.1105e-17
  110    287  3.2752e-19  9.3998e-17
  110    288  1.7009e-19  4.8986e-17
  110    290  2.7448e-19  7.9600e-17
  111    289  8.5546e-20  2.4723e-17
  111    291  1.6554e-20  4.8173e-18
  111    292  9.4216e-19  2.7511e-16
  111    293  1.8072e-19  5.2951e-17
  111    294  5.1871e-19  1.5250e-16
  111    295  2.7829e-19  8.2095e-17
  111    296  1.6324e-19  4.8320e-17
  111    297  4.8619e-20  1.4440e-17
  111    298  9.9547e-20  2.9665e-17
  111    301  2.8332e-19  8.5281e-17
  111    302  2.3092e-20  6.9738e-18
  111    303  1.0529e-19  3.1903e-17
  111    304  9.7879e-20  2.9755e-17
  111    305  1.2800e-19  3.9041e-17
  111    306  7.9324e-20  2.4273e-17
  111    307  1.6657e-20  5.1136e-18
  111    309  1.7828e-20  5.5087e-18
    1      1  2.4996e-09  2.4996e-09
    2      4  2.3291e-01  9.3164e-01


