    1      2  1.2927e-14  2.5855e-14
    2      3  4.6154e-19  1.3846e-18
    3      6  3.0437e-17  1.8262e-16
    3      7  1.7509e-18  1.2256e-17
    4      8  5.9512e-16  4.7609e-15
    4      9  1.8647e-18  1.6782e-17
    5     10  4.2320e-17  4.2320e-16
    5     11  2.8185e-19  3.1004e-18
    6     12  3.6562e-08  4.3874e-07
    6     13  1.8430e-13  2.3958e-12
    7     14  6.7328e-13  9.4260e-12
    7     15  6.5549e-11  9.8323e-10
    8     16  1.9433e-09  3.1093e-08
    8     17  2.4726e-14  4.2034e-13
    8     18  1.6135e-11  2.9043e-10
    9     19  2.2307e-11  4.2382e-10
   10     20  2.8971e-10  5.7941e-09
   10     21  1.1049e-10  2.3202e-09
   10     22  1.4996e-10  3.2990e-09
   11     23  3.6664e-10  8.4327e-09
   12     24  4.3102e-10  1.0345e-08
   12     25  6.5167e-10  1.6292e-08
   12     26  2.3886e-09  6.2105e-08
   13     26  3.7194e-14  9.6704e-13
   13     27  1.3095e-09  3.5356e-08
   14     28  6.7117e-09  1.8793e-07
   14     29  3.6995e-09  1.0729e-07
   14     30  2.2881e-08  6.8644e-07
   15     31  2.9401e-09  9.1142e-08
   16     32  3.2222e-08  1.0311e-06
   16     33  3.2040e-08  1.0573e-06
   16     34  2.8463e-08  9.6775e-07
   16     36  4.0362e-08  1.4530e-06
   17     35  2.4698e-08  8.6445e-07
   17     37  2.4016e-07  8.8859e-06
   18     36  6.6754e-17  2.4031e-15
   18     38  4.6127e-07  1.7528e-05
   18     40  3.4839e-08  1.3935e-06
   19     39  2.3228e-08  9.0588e-07
   19     41  4.2973e-08  1.7619e-06
   20     42  1.0607e-07  4.4550e-06
   20     43  4.5300e-08  1.9479e-06
   20     44  1.3945e-07  6.1360e-06
   20     46  9.8706e-07  4.5405e-05
   21     45  3.1750e-07  1.4287e-05
   22     46  1.0635e-20  4.8923e-19
   22     47  7.8485e-07  3.6888e-05
   22     48  1.9219e-07  9.2250e-06
   22     49  7.0075e-07  3.4337e-05
   22     50  1.0947e-06  5.4734e-05
   23     51  4.3991e-07  2.2435e-05
   24     52  1.9158e-08  9.9621e-07
   24     53  9.8411e-07  5.2158e-05
   24     54  3.8904e-06  2.1008e-04
   25     55  1.7698e-07  9.7337e-06
   26     56  1.1183e-06  6.2623e-05
   26     57  1.3164e-07  7.5035e-06
   26     58  3.7489e-09  2.1744e-07
   27     59  3.8678e-09  2.2820e-07
   28     60  2.0207e-08  1.2124e-06
   28     61  4.6984e-08  2.8661e-06
   28     62  2.3064e-07  1.4299e-05
   28     64  3.5643e-08  2.2812e-06
   29     63  5.2735e-07  3.3223e-05
   29     65  2.9274e-08  1.9028e-06
   30     64  1.8281e-20  1.1700e-18
   30     66  1.8091e-07  1.1940e-05
   30     67  1.3920e-07  9.3267e-06
   30     68  4.4479e-07  3.0246e-05
   30     70  1.1804e-06  8.2625e-05
   31     69  6.9093e-07  4.7674e-05
   31     71  1.4647e-07  1.0399e-05
   32     70  1.6180e-15  1.1326e-13
   32     72  4.2061e-07  3.0284e-05
   32     73  5.7700e-06  4.2121e-04
   32     74  4.3110e-06  3.1901e-04
   32     76  2.3150e-06  1.7594e-04
   33     75  1.0233e-06  7.6749e-05
   34     76  2.1882e-14  1.6630e-12
   34     77  9.2445e-06  7.1183e-04
   34     78  1.3223e-05  1.0314e-03
   34     80  8.4901e-06  6.7921e-04
   34     82  1.3730e-05  1.1259e-03
   35     79  3.4395e-06  2.7172e-04
   35     81  9.2671e-06  7.5064e-04
   36     82  1.6400e-13  1.3448e-11
   36     83  2.3603e-06  1.9591e-04
   36     84  3.2532e-06  2.7327e-04
   36     86  1.3992e-05  1.2033e-03
   37     85  5.9886e-06  5.0903e-04
   37     87  1.6801e-06  1.4617e-04
   38     86  2.7191e-20  2.3384e-18
   38     87  1.2302e-08  1.0703e-06
   38     88  2.9524e-06  2.5981e-04
   39     89  1.3019e-06  1.1587e-04
   40     90  1.3313e-06  1.1982e-04
   40     91  1.7695e-06  1.6102e-04
   40     92  1.7882e-05  1.6452e-03
   40     94  4.3604e-06  4.0988e-04
   41     93  4.6344e-06  4.3100e-04
   42     95  2.8809e-06  2.7368e-04
   42     96  8.4680e-06  8.1293e-04
   42     97  4.3818e-06  4.2504e-04
   42     98  1.7783e-06  1.7427e-04
   42    100  2.4330e-05  2.4330e-03
   44     99  8.0317e-06  7.9514e-04
   44    100  3.1244e-13  3.1244e-11
   44    101  4.2950e-05  4.3380e-03
   44    102  9.9663e-06  1.0166e-03
   44    104  2.1999e-05  2.2878e-03
   45    103  5.7187e-06  5.8903e-04
   46    104  1.1319e-18  1.1772e-16
   46    105  9.2363e-06  9.6982e-04
   46    106  2.2250e-05  2.3586e-03
   46    108  1.8753e-05  2.0253e-03
   46    110  6.9966e-05  7.6962e-03
   47    107  3.1427e-05  3.3627e-03
   47    109  4.1709e-05  4.5463e-03
   48    110  2.0312e-13  2.2344e-11
   48    111  1.2190e-05  1.3531e-03
   48    112  3.3272e-05  3.7264e-03
   48    113  2.0611e-05  2.3291e-03
   48    114  2.5879e-05  2.9502e-03
   48    116  1.0472e-06  1.2147e-04
   49    113  9.0711e-13  1.0250e-10
   49    115  1.1077e-05  1.2738e-03
   50    115  8.8375e-12  1.0163e-09
   50    116  3.4605e-13  4.0142e-11
   50    117  1.7475e-06  2.0446e-04
   50    118  1.1385e-06  1.3434e-04
   50    119  9.3738e-07  1.1155e-04
   50    120  1.0594e-05  1.2712e-03
   50    122  2.9173e-05  3.5591e-03
   50    124  2.0942e-05  2.5969e-03
   51    121  1.0246e-05  1.2397e-03
   51    123  1.4689e-05  1.8068e-03
   52    122  6.3407e-14  7.7357e-12
   52    124  1.7840e-15  2.2121e-13
   52    125  4.5071e-05  5.6339e-03
   52    126  1.2566e-04  1.5834e-02
   52    128  5.8834e-05  7.5307e-03
   52    130  2.5621e-07  3.3307e-05
   53    127  8.3677e-05  1.0627e-02
   53    129  6.7930e-14  8.7629e-12
   54    128  2.5388e-16  3.2497e-14
   54    129  1.6347e-05  2.1088e-03
   54    130  3.7589e-15  4.8865e-13
   54    131  2.9481e-09  3.8620e-07
   54    132  1.8995e-09  2.5074e-07
   54    134  5.4545e-10  7.3091e-08
   54    136  9.2008e-11  1.2513e-08
   55    133  2.3113e-09  3.0740e-07
   56    135  8.5043e-11  1.1481e-08
   56    136  1.4666e-20  1.9945e-18
   56    137  1.4480e-10  1.9838e-08
   56    138  4.4745e-11  6.1748e-09
   57    139  2.8059e-12  3.9002e-10
   58    140  4.0114e-12  5.6160e-10
   58    142  7.4257e-14  1.0544e-11
   59    141  2.3296e-13  3.2847e-11
   60    143  8.0427e-14  1.1501e-11
   60    144  2.5453e-13  3.6652e-11
   60    145  1.1056e-13  1.6031e-11
   60    146  1.6311e-13  2.3814e-11
   60    148  1.0657e-13  1.5773e-11
   60    150  5.8250e-14  8.7376e-12
   62    147  1.4169e-13  2.0829e-11
   62    149  5.7206e-14  8.5238e-12
   62    150  2.5133e-20  3.7699e-18
   62    152  5.1209e-14  7.7838e-12
   62    154  2.6175e-14  4.0309e-12
   63    151  2.5067e-14  3.7851e-12
   63    153  2.5726e-14  3.9361e-12
   64    155  2.4767e-14  3.8388e-12
   64    156  4.7083e-15  7.3449e-13
   64    157  5.6385e-15  8.8525e-13
   64    158  6.3182e-15  9.9827e-13
   64    160  1.8582e-15  2.9730e-13
   65    159  9.7363e-16  1.5481e-13
   66    161  1.5360e-15  2.4730e-13
   66    162  7.9995e-16  1.2959e-13
   66    163  4.4512e-16  7.2554e-14
   66    164  6.8670e-16  1.1262e-13
   67    165  3.6675e-16  6.0514e-14
   68    166  6.5695e-16  1.0905e-13
   68    167  2.1764e-16  3.6346e-14
   68    168  1.4843e-16  2.4936e-14
   68    170  3.9032e-17  6.6354e-15
   69    169  1.7419e-16  2.9438e-14
   70    171  1.6343e-17  2.7946e-15
   70    172  1.0819e-17  1.8608e-15
   70    173  5.8612e-18  1.0140e-15
   70    174  6.1815e-18  1.0756e-15
   70    176  2.4227e-18  4.2639e-16
   71    175  2.5364e-18  4.4387e-16
   72    177  1.1286e-18  1.9977e-16
   72    178  2.2025e-19  3.9205e-17
   72    179  5.8354e-20  1.0445e-17
   72    180  2.5794e-20  4.6429e-18
   73    181  1.3241e-20  2.3966e-18
    1      1  2.9041e-09  2.9041e-09
    2      4  2.2238e-01  8.8952e-01


