1  5.1998e-09
2  1.1557e-08
3  1.2443e-09
4  1.9656e-01
5  0.0000e+00
6  3.7092e-11
7  2.6033e-09
8  5.3802e-08
9  2.4977e-08
10  4.0914e-07
11  2.5430e-09
12  1.5793e-08
13  1.0987e-07
14  9.7955e-08
15  1.8388e-05
16  4.7003e-07
17  1.6896e-08
18  9.8673e-08
19  1.4521e-06
20  2.0776e-06
21  9.1187e-07
22  8.0265e-09
23  1.1839e-06
24  3.9786e-07
25  4.2986e-07
26  6.7238e-08
27  1.1215e-07
28  2.0198e-07
29  5.3713e-08
30  4.4399e-08
31  3.5170e-08
32  6.3995e-08
33  2.7316e-07
34  2.0944e-07
35  8.7578e-09
36  8.6150e-09
37  4.5187e-09
38  1.9473e-08
39  1.6471e-08
40  6.0205e-09
41  3.0788e-08
42  8.2544e-08
43  1.4120e-08
44  2.4766e-08
45  2.3474e-08
46  8.4227e-09
47  1.2922e-08
48  2.2202e-08
49  1.2612e-08
50  1.0733e-08
51  8.0355e-09
52  2.9056e-08
53  2.1973e-08
54  1.0408e-08
55  4.0017e-09
56  1.8405e-08
57  4.8039e-08
58  1.2667e-09
59  2.0088e-09
60  4.1115e-09
61  5.9672e-09
62  5.1321e-09
63  3.8901e-08
64  1.4286e-08
65  1.5620e-08
66  3.1122e-08
67  3.1395e-08
68  1.0614e-08
69  6.0981e-09
70  2.5381e-08
71  6.9572e-09
72  2.7928e-08
73  1.6775e-08
74  4.7373e-08
75  1.0100e-07
76  1.0164e-07
77  1.1604e-07
78  7.8505e-08
79  5.9976e-08
80  2.5265e-07
81  1.3835e-07
82  1.3753e-07
83  1.5401e-07
84  5.2597e-08
85  4.0840e-08
86  7.8321e-08
87  7.1692e-08
88  5.9908e-08
89  4.4070e-08
90  6.9236e-08
91  2.3085e-08
92  3.1335e-08
93  3.1845e-08
94  1.0312e-07
95  6.8290e-08
96  4.9213e-08
97  6.2813e-08
98  1.1648e-08
99  1.5067e-08
100  1.9695e-08
101  2.1358e-08
102  1.5073e-08
103  1.8007e-08
104  1.6323e-08
105  1.5227e-08
106  3.5784e-08
107  3.0622e-08
108  1.9305e-07
109  2.1838e-06
110  4.9703e-06
111  8.3468e-07
112  3.7881e-06
113  2.3471e-06
114  2.6523e-06
115  2.6395e-06
116  2.3680e-07
117  4.4176e-07
118  2.2167e-07
119  1.3250e-07
120  5.1868e-07
121  2.7584e-07
122  4.2674e-07
123  3.0498e-07
124  9.6113e-07
125  9.9218e-07
126  2.1513e-06
127  2.5875e-06
128  3.9239e-06
129  4.0628e-06
130  2.1600e-06
131  1.3295e-06
132  1.0943e-06
133  8.0844e-07
134  8.8043e-07
135  6.2588e-07
136  1.1594e-06
137  1.1249e-06
138  9.6899e-07
139  4.0314e-07
140  5.7892e-07
141  1.0807e-06
142  5.5122e-07
143  6.3349e-07
144  1.1044e-06
145  4.9773e-07
146  6.6348e-07
147  6.8527e-07
148  3.1176e-07
149  1.3105e-07
150  2.1274e-07
151  1.2681e-07
152  3.3049e-07
153  1.8334e-07
154  3.4033e-07
155  4.6058e-07
156  2.0653e-07
157  3.2316e-07
158  6.4297e-07
159  3.5231e-08
160  3.1989e-07
161  3.7123e-07
162  2.3780e-07
163  2.0001e-07
164  4.6086e-07
165  3.2226e-07
166  8.8910e-07
167  8.2246e-07
168  5.9450e-07
169  1.6237e-06
170  4.0539e-07
171  4.8772e-07
172  4.2231e-07
173  2.9144e-07
174  8.6822e-07
175  4.4884e-07
176  9.7330e-07
177  2.0689e-06
178  1.2857e-06
179  6.8505e-07
180  1.0592e-06
181  1.3431e-06
182  1.3283e-06
183  8.7728e-07
184  6.6179e-07
185  3.1958e-07
186  3.5450e-07
187  2.3470e-07
188  2.1745e-07
189  1.0943e-07
190  5.0351e-07
191  1.3224e-06
192  3.2180e-06
193  2.8289e-06
194  8.9960e-06
195  1.2655e-05
196  2.0072e-05
197  2.1801e-05
198  1.6927e-05
199  7.8389e-06
200  7.4831e-06
201  1.3499e-06
202  8.5675e-07
203  3.8162e-07
204  4.5665e-07
205  5.2515e-07
206  1.9178e-05
207  2.4172e-05
208  1.2237e-05
209  4.3041e-05
210  3.6347e-12
211  1.0767e-17
212  9.9592e-18
213  3.7441e-44
214  1.9036e-18
215  2.9683e-24
216  1.1539e-23
217  2.3306e-96
218  3.2715e-20
219  4.1664e-21
220  4.4247e-21
221  2.5691e-320
222  5.8075e-17
223  1.0394e-15
224  2.4989e-17
225  2.2565e-40
226  8.8864e-12
227  7.2450e-13
228  8.0361e-11
229  8.4168e-30
230  4.1881e-10
231  1.0837e-09
232  3.5175e-05
233  3.0080e-27
234  1.3638e-09
235  2.3356e-05
236  1.2702e-07
237  3.0697e-319
238  2.4810e-05
239  9.4006e-17
240  2.5146e-11
241  0.0000e+00
242  2.7690e-123
243  2.8738e-17
244  3.0608e-07
245  0.0000e+00
246  4.7555e-09
247  6.0654e-14
248  2.1946e-122
249  0.0000e+00
250  0.0000e+00
251  -3.5738e-314
252  0.0000e+00
253  0.0000e+00
254  0.0000e+00
255  0.0000e+00
256  0.0000e+00
257  8.4769e-26
258  7.7524e-06
259  5.5750e-26
260  8.8635e-06
261  7.5961e-06
262  8.8011e-06
263  8.8763e-06
264  1.1565e-05
265  9.7689e-06
266  1.2940e-05
267  7.2669e-06
268  6.1553e-06
269  1.3780e-05
270  1.5784e-05
271  1.5720e-05
272  3.0674e-05
273  4.1158e-05
274  4.2269e-05
275  4.1702e-05
276  5.7704e-05
277  1.6123e-05
278  2.4643e-05
279  1.0798e-05
280  3.8066e-06
281  9.5606e-07
282  7.2762e-07
283  5.1931e-07
284  1.0977e-06
285  1.5072e-06
286  2.0239e-06
287  2.1603e-06
288  2.3718e-06
289  1.3506e-06
290  1.5384e-06
291  6.9123e-07
292  5.3979e-06
293  2.6872e-06
294  5.8206e-06
295  3.4297e-06
296  3.0951e-06
297  1.8067e-06
298  2.9113e-06
299  4.7333e-07
300  3.0596e-07
301  8.6317e-06
302  6.2083e-06
303  7.8468e-06
304  6.1409e-06
305  2.7650e-06
306  5.8698e-06
307  3.5400e-06
308  1.7164e-06
309  2.3586e-06
310  2.3883e-06
311  1.5076e-06
312  1.2119e-06
313  1.0889e-06
314  9.1059e-07
315  1.0592e-06
316  9.7221e-07
317  6.2689e-07
318  1.0485e-06
319  6.3604e-07
320  7.9265e-07
321  4.3865e-07
322  4.1088e-07
323  1.0992e-06
324  6.3314e-07
325  1.2404e-07
326  5.6745e-07
327  6.8670e-07
328  2.8778e-07
329  4.7010e-07
330  2.6209e-07
331  2.6614e-07
332  2.9916e-07
333  5.2819e-08
334  3.4846e-08
335  5.5280e-09
336  1.1433e-07
337  7.8618e-08

