1  6.9982e-10
2  3.0189e-15
3  3.9238e-18
4  1.2720e-01
5  0.0000e+00
6  4.6952e-16
7  1.8182e-18
8  1.1981e-13
9  1.4010e-18
10  4.0568e-17
11  9.7776e-20
12  9.4307e-09
13  3.4282e-14
14  3.4646e-10
15  4.1614e-09
16  3.5566e-10
17  2.6805e-12
18  3.4650e-09
19  4.5304e-09
20  2.3287e-10
21  5.5172e-09
22  2.2846e-09
23  6.5019e-09
24  4.1213e-09
25  9.3154e-09
26  8.8319e-08
27  2.1313e-09
28  5.4685e-09
29  5.2108e-08
30  3.2346e-08
31  6.0893e-09
32  4.0135e-08
33  4.2823e-07
34  3.3267e-07
35  2.2539e-08
36  4.9260e-08
37  1.8943e-07
38  2.7483e-07
39  3.6312e-07
40  5.2818e-07
41  1.0252e-07
42  8.5500e-07
43  1.3331e-07
44  2.1007e-07
45  8.8880e-07
46  1.5487e-06
47  7.4668e-07
48  2.4001e-07
49  1.0581e-06
50  1.5819e-06
51  3.8029e-07
52  5.8732e-08
53  1.3843e-06
54  5.4379e-06
55  1.8585e-07
56  1.6529e-06
57  2.0619e-07
58  2.8753e-09
59  1.1323e-08
60  1.5471e-07
61  3.5972e-07
62  2.2443e-07
63  3.9345e-07
64  4.8018e-08
65  1.0728e-07
66  8.1119e-07
67  1.0741e-06
68  6.1033e-07
69  5.1053e-07
70  9.7422e-07
71  1.7760e-07
72  4.4430e-07
73  5.6171e-06
74  4.4005e-06
75  1.2226e-06
76  5.0467e-06
77  1.9367e-05
78  2.1279e-05
79  4.8066e-06
80  2.0183e-05
81  1.3536e-05
82  1.9216e-05
83  2.1754e-05
84  1.4239e-05
85  8.4489e-06
86  1.0426e-05
87  1.4560e-05
88  3.1117e-05
89  7.3087e-06
90  1.3688e-06
91  1.3125e-06
92  2.1102e-05
93  1.2545e-05
94  9.0226e-06
95  4.4960e-06
96  4.4714e-05
97  1.8047e-05
98  3.7778e-06
99  3.0980e-05
100  6.5003e-05
101  8.2243e-05
102  2.2107e-05
103  1.9661e-05
104  9.7584e-05
105  4.6637e-05
106  2.4729e-04
107  3.8188e-04
108  2.3449e-04
109  6.4192e-04
110  9.4791e-04
111  1.3023e-04
112  2.7646e-04
113  1.8095e-04
114  1.7609e-04
115  6.6185e-05
116  3.4739e-06
117  1.7340e-05
118  9.7739e-06
119  4.7722e-06
120  1.3219e-05
121  5.5982e-06
122  7.6212e-06
123  5.8906e-06
124  2.1436e-05
125  2.1640e-05
126  6.5017e-05
127  8.7749e-05
128  1.5935e-04
129  6.5482e-05
130  1.0267e-05
131  1.3237e-07
132  3.7101e-07
133  6.5830e-07
134  1.2473e-07
135  9.6397e-08
136  9.1754e-08
137  6.9642e-10
138  1.6714e-10
139  7.9796e-10
140  1.8700e-09
141  1.6904e-09
142  9.8157e-10
143  3.9794e-10
144  2.7367e-11
145  6.2075e-12
146  3.3575e-11
147  4.5657e-11
148  1.1157e-11
149  7.1737e-12
150  2.0095e-11
151  1.0571e-11
152  2.6413e-11
153  1.4672e-11
154  1.5822e-11
155  1.7474e-11
156  3.3119e-12
157  3.7877e-12
158  3.7774e-12
159  5.7068e-13
160  1.1740e-12
161  9.5361e-13
162  5.3728e-13
163  3.0999e-13
164  5.2179e-13
165  2.8938e-13
166  5.7429e-13
167  2.1009e-13
168  1.5962e-13
169  1.9963e-13
170  4.3073e-14
171  1.8588e-14
172  1.3428e-14
173  6.1114e-15
174  6.0815e-15
175  2.3238e-15
176  2.4728e-15
177  1.3247e-15
178  3.2004e-16
179  8.9029e-17
180  6.0585e-17
181  4.9134e-17
182  2.1727e-17
183  1.0518e-17
184  5.7528e-18
185  2.6370e-18
186  3.4650e-18
187  1.3952e-18
188  1.8044e-18
189  7.7654e-19
190  2.4907e-18
191  2.7923e-18
192  2.2016e-18
193  7.2027e-19
194  5.4058e-19
195  1.9799e-19
196  1.0577e-19
197  4.0484e-20
198  1.3485e-20
199  2.9111e-21
200  1.1370e-21
201  1.0706e-22
202  2.2377e-23
203  8.2027e-25
204  0.0000e+00
205  0.0000e+00
206  0.0000e+00
207  0.0000e+00
208  0.0000e+00
209  0.0000e+00
210  0.0000e+00
211  0.0000e+00
212  0.0000e+00
213  0.0000e+00
214  0.0000e+00
215  0.0000e+00
216  0.0000e+00
217  0.0000e+00
218  0.0000e+00
219  0.0000e+00
220  0.0000e+00
221  0.0000e+00
222  0.0000e+00
223  0.0000e+00
224  0.0000e+00
225  0.0000e+00
226  0.0000e+00
227  0.0000e+00
228  0.0000e+00
229  0.0000e+00
230  0.0000e+00
231  0.0000e+00
232  0.0000e+00
233  0.0000e+00
234  0.0000e+00
235  0.0000e+00
236  0.0000e+00
237  0.0000e+00
238  0.0000e+00
239  0.0000e+00
240  0.0000e+00
241  0.0000e+00
242  0.0000e+00
243  0.0000e+00
244  0.0000e+00
245  0.0000e+00
246  0.0000e+00
247  0.0000e+00
248  0.0000e+00
249  0.0000e+00
250  0.0000e+00
251  0.0000e+00
252  0.0000e+00
253  0.0000e+00
254  0.0000e+00
255  0.0000e+00
256  0.0000e+00
257  0.0000e+00
258  0.0000e+00
259  0.0000e+00
260  0.0000e+00
261  0.0000e+00
262  0.0000e+00
263  0.0000e+00
264  0.0000e+00
265  0.0000e+00
266  0.0000e+00
267  0.0000e+00
268  0.0000e+00
269  0.0000e+00
270  0.0000e+00
271  0.0000e+00
272  0.0000e+00
273  0.0000e+00
274  0.0000e+00
275  0.0000e+00
276  0.0000e+00
277  0.0000e+00
278  0.0000e+00
279  0.0000e+00
280  0.0000e+00
281  0.0000e+00
282  0.0000e+00
283  0.0000e+00
284  0.0000e+00
285  0.0000e+00
286  0.0000e+00
287  0.0000e+00
288  0.0000e+00
289  0.0000e+00
290  0.0000e+00
291  0.0000e+00
292  0.0000e+00
293  0.0000e+00
294  0.0000e+00
295  0.0000e+00
296  0.0000e+00
297  0.0000e+00
298  0.0000e+00
299  0.0000e+00
300  0.0000e+00
301  0.0000e+00
302  0.0000e+00
303  0.0000e+00
304  0.0000e+00
305  0.0000e+00
306  0.0000e+00
307  0.0000e+00
308  0.0000e+00
309  0.0000e+00
310  0.0000e+00
311  0.0000e+00
312  0.0000e+00
313  0.0000e+00
314  0.0000e+00
315  0.0000e+00
316  0.0000e+00
317  0.0000e+00
318  0.0000e+00
319  0.0000e+00
320  0.0000e+00
321  0.0000e+00
322  0.0000e+00
323  0.0000e+00
324  0.0000e+00
325  0.0000e+00
326  0.0000e+00
327  0.0000e+00
328  0.0000e+00
329  0.0000e+00
330  0.0000e+00
331  0.0000e+00
332  0.0000e+00
333  0.0000e+00
334  0.0000e+00
335  0.0000e+00
336  0.0000e+00
337  0.0000e+00

