1  1.4123e-08
2  1.7661e-08
3  1.6815e-09
4  1.9838e-01
5  0.0000e+00
6  5.2315e-11
7  2.9299e-09
8  9.6206e-08
9  4.8559e-08
10  5.4533e-07
11  1.5731e-09
12  1.6261e-08
13  4.3187e-08
14  6.7678e-08
15  1.8328e-05
16  9.1340e-07
17  3.9089e-08
18  1.7737e-07
19  1.4131e-06
20  2.1130e-06
21  1.2485e-06
22  1.2833e-08
23  1.0950e-06
24  3.8556e-07
25  2.6854e-07
26  1.0211e-07
27  1.3642e-07
28  2.2248e-07
29  7.0690e-08
30  5.9514e-08
31  3.0897e-08
32  8.7056e-08
33  2.7029e-07
34  2.1358e-07
35  1.0953e-08
36  1.2724e-08
37  3.8846e-09
38  1.8131e-08
39  1.6048e-08
40  4.3238e-09
41  1.8842e-08
42  5.8180e-08
43  1.0361e-08
44  1.9984e-08
45  1.8484e-08
46  3.4566e-09
47  5.4420e-09
48  9.0627e-09
49  4.9982e-09
50  4.1357e-09
51  4.3417e-09
52  1.3200e-08
53  1.4211e-08
54  5.2707e-09
55  1.2674e-09
56  1.1331e-08
57  2.4205e-08
58  6.8955e-10
59  9.1778e-10
60  1.9582e-09
61  2.2780e-09
62  1.9185e-09
63  2.3409e-08
64  6.0159e-09
65  8.4643e-09
66  1.6756e-08
67  3.2074e-08
68  7.8285e-09
69  3.8342e-09
70  1.7279e-08
71  4.8906e-09
72  1.8334e-08
73  1.2547e-08
74  3.3007e-08
75  5.4534e-08
76  4.4361e-08
77  6.7691e-08
78  5.1361e-08
79  3.2527e-08
80  1.4280e-07
81  6.4863e-08
82  7.0704e-08
83  7.6196e-08
84  2.0973e-08
85  1.7309e-08
86  2.5563e-08
87  3.1499e-08
88  3.2311e-08
89  2.6936e-08
90  3.7003e-08
91  1.9505e-08
92  1.5150e-08
93  1.3115e-08
94  4.0738e-08
95  2.4836e-08
96  1.3437e-08
97  2.2930e-08
98  4.5491e-09
99  6.9662e-09
100  9.6278e-09
101  9.0913e-09
102  7.4223e-09
103  7.6353e-09
104  4.0729e-09
105  3.1043e-09
106  1.0013e-08
107  8.4192e-09
108  6.5331e-08
109  7.9140e-07
110  1.9545e-06
111  3.1950e-07
112  1.6575e-06
113  1.1720e-06
114  1.3282e-06
115  1.5943e-06
116  1.0256e-07
117  2.5900e-07
118  1.0627e-07
119  7.4243e-08
120  3.3120e-07
121  2.1866e-07
122  2.5982e-07
123  2.1104e-07
124  4.2554e-07
125  4.2330e-07
126  7.8127e-07
127  1.0472e-06
128  1.5405e-06
129  1.8536e-06
130  8.2991e-07
131  4.4144e-07
132  3.7351e-07
133  2.6858e-07
134  2.8253e-07
135  1.8903e-07
136  3.3670e-07
137  3.3344e-07
138  3.4120e-07
139  1.2524e-07
140  1.9054e-07
141  2.7995e-07
142  1.3952e-07
143  1.1076e-07
144  1.5202e-07
145  5.9031e-08
146  1.2287e-07
147  1.6687e-07
148  7.7672e-08
149  2.2216e-08
150  4.1554e-08
151  1.3348e-08
152  6.0746e-08
153  4.2589e-08
154  4.7175e-08
155  1.6164e-07
156  1.7781e-08
157  5.2608e-08
158  1.0285e-07
159  8.4588e-10
160  1.5158e-08
161  3.2733e-08
162  1.9407e-08
163  2.2830e-08
164  3.2084e-08
165  2.3848e-08
166  6.8083e-08
167  1.0750e-07
168  7.0883e-08
169  4.0445e-07
170  8.0276e-08
171  1.5699e-07
172  8.2340e-08
173  5.4678e-08
174  1.8763e-07
175  5.1221e-08
176  1.0646e-07
177  5.0901e-07
178  2.5851e-07
179  1.4118e-07
180  2.3734e-07
181  2.8844e-07
182  3.9673e-07
183  3.2971e-07
184  3.0242e-07
185  1.3471e-07
186  1.7989e-07
187  2.0767e-07
188  2.6517e-07
189  1.2273e-07
190  9.5897e-08
191  1.7449e-07
192  2.5657e-07
193  1.3534e-07
194  5.8212e-07
195  8.6057e-07
196  2.3397e-06
197  4.6989e-06
198  6.3211e-06
199  3.3570e-06
200  9.4952e-06
201  2.9360e-06
202  2.3574e-06
203  6.5650e-07
204  2.3899e-07
205  1.8608e-07
206  5.3900e-06
207  7.3645e-06
208  3.0056e-06
209  1.3110e-05
210  1.1142e-12
211  3.6868e-18
212  2.8349e-18
213  5.2838e-44
214  5.8353e-19
215  1.0164e-24
216  3.2846e-24
217  5.4837e-95
218  1.0029e-20
219  1.4266e-21
220  1.2595e-21
221  -1.5603e-320
222  1.7803e-17
223  3.5591e-16
224  7.1132e-18
225  3.1845e-40
226  2.7241e-12
227  2.4807e-13
228  2.2875e-11
229  1.1878e-29
230  1.2839e-10
231  3.7106e-10
232  1.0013e-05
233  7.0985e-26
234  4.1806e-10
235  7.9973e-06
236  3.7835e-08
237  1.8584e-318
238  7.6053e-06
239  4.2141e-17
240  7.4900e-12
241  0.0000e+00
242  8.0441e-118
243  1.2882e-17
244  9.1171e-08
245  0.0000e+00
246  1.4482e-09
247  2.7190e-14
248  5.4815e-117
249  0.0000e+00
250  0.0000e+00
251  -4.9801e-314
252  0.0000e+00
253  0.0000e+00
254  0.0000e+00
255  0.0000e+00
256  0.0000e+00
257  8.0196e-26
258  2.6055e-06
259  3.2866e-26
260  3.1050e-06
261  2.8979e-06
262  2.6924e-06
263  2.7156e-06
264  3.4843e-06
265  3.0564e-06
266  4.0110e-06
267  2.1495e-06
268  1.8317e-06
269  4.4447e-06
270  4.5704e-06
271  4.2213e-06
272  1.0294e-05
273  1.6092e-05
274  1.9313e-05
275  2.8718e-05
276  5.1051e-05
277  1.6633e-05
278  3.5262e-05
279  2.2568e-05
280  1.0618e-05
281  3.1957e-06
282  1.9301e-06
283  7.3518e-07
284  1.0186e-06
285  1.2298e-06
286  1.7334e-06
287  2.1205e-06
288  2.6098e-06
289  1.6701e-06
290  2.2772e-06
291  1.0661e-06
292  9.4637e-06
293  5.1408e-06
294  1.1500e-05
295  6.7487e-06
296  5.9367e-06
297  3.3622e-06
298  5.1569e-06
299  8.0574e-07
300  4.9659e-07
301  2.5931e-05
302  1.7181e-05
303  1.7120e-05
304  1.7369e-05
305  1.2373e-05
306  1.6922e-05
307  9.4069e-06
308  7.8953e-06
309  9.4851e-06
310  7.9666e-06
311  7.9082e-06
312  6.4672e-06
313  4.4639e-06
314  4.6054e-06
315  6.3259e-06
316  4.5547e-06
317  4.7648e-06
318  7.2264e-06
319  5.6217e-06
320  7.0144e-06
321  3.8752e-06
322  5.6369e-06
323  9.3494e-06
324  7.5436e-06
325  2.8121e-06
326  5.8006e-06
327  7.4696e-06
328  9.1394e-06
329  1.0367e-05
330  1.9677e-06
331  8.6705e-06
332  8.5236e-06
333  1.5873e-06
334  1.2403e-06
335  7.4260e-07
336  5.7079e-06
337  8.4015e-06

