1  6.2404e-10
2  1.3171e-15
3  2.6782e-21
4  7.6512e-02
5  0.0000e+00
6  2.0616e-19
7  9.8429e-21
8  1.5046e-21
9  2.6443e-19
10  3.2501e-19
11  7.4853e-21
12  1.6339e-07
13  4.7412e-13
14  2.5853e-17
15  7.1118e-21
16  9.7419e-10
17  1.0046e-16
18  2.7125e-19
19  1.8023e-21
20  1.0556e-09
21  1.1075e-15
22  2.0088e-19
23  1.4055e-13
24  1.4013e-09
25  1.7181e-11
26  3.9370e-12
27  2.5783e-10
28  4.1142e-09
29  4.3582e-10
30  4.3186e-09
31  1.2638e-09
32  1.7478e-09
33  3.6428e-10
34  5.7309e-09
35  3.8163e-09
36  1.5917e-08
37  4.5254e-09
38  1.2163e-08
39  1.6480e-09
40  1.3546e-09
41  3.2012e-10
42  6.2871e-09
43  4.4728e-10
44  1.2478e-09
45  3.3274e-09
46  7.6287e-08
47  7.4945e-09
48  3.7090e-08
49  9.8143e-09
50  3.0658e-07
51  7.8462e-08
52  1.6915e-08
53  1.2328e-08
54  3.4374e-07
55  3.7059e-09
56  4.0025e-07
57  6.4615e-08
58  3.1293e-09
59  1.0458e-09
60  2.4188e-08
61  2.5708e-08
62  7.6260e-07
63  3.6214e-07
64  4.1241e-08
65  1.3311e-07
66  3.1302e-06
67  1.1231e-06
68  8.9839e-07
69  9.5650e-08
70  7.2535e-08
71  2.4434e-07
72  1.1861e-07
73  2.6635e-07
74  4.4248e-06
75  8.3960e-07
76  2.2555e-06
77  2.6693e-07
78  3.9383e-07
79  1.0379e-06
80  1.6320e-05
81  1.2436e-06
82  2.6599e-05
83  1.3919e-06
84  1.9004e-06
85  2.2776e-06
86  1.3161e-04
87  1.0907e-05
88  1.8996e-04
89  1.0393e-04
90  1.0578e-04
91  6.3477e-06
92  2.4023e-03
93  2.8794e-04
94  5.8131e-05
95  2.8681e-04
96  5.1991e-05
97  7.4613e-06
98  6.5555e-04
99  5.0571e-05
100  1.1181e-03
101  8.1792e-05
102  5.7334e-04
103  1.5514e-04
104  6.3880e-05
105  5.3346e-05
106  4.1586e-04
107  5.4595e-05
108  4.6271e-05
109  9.0535e-05
110  5.2016e-06
111  5.6934e-06
112  7.1848e-05
113  6.4766e-06
114  4.9417e-06
115  1.2741e-05
116  2.7992e-06
117  1.4027e-06
118  3.3128e-06
119  8.2662e-07
120  5.6129e-07
121  7.2259e-07
122  3.8599e-07
123  6.6345e-08
124  5.3874e-07
125  4.5411e-08
126  8.9734e-09
127  4.9909e-09
128  1.8433e-08
129  1.3246e-08
130  1.3093e-08
131  1.0247e-09
132  8.5364e-11
133  5.1259e-13
134  1.6694e-14
135  7.1050e-18
136  1.2390e-18
137  1.2888e-19
138  1.8669e-20
139  1.3273e-23
140  2.6402e-22
141  2.8557e-24
142  2.8465e-25
143  0.0000e+00
144  0.0000e+00
145  0.0000e+00
146  0.0000e+00
147  0.0000e+00
148  0.0000e+00
149  0.0000e+00
150  0.0000e+00
151  0.0000e+00
152  0.0000e+00
153  0.0000e+00
154  0.0000e+00
155  0.0000e+00
156  0.0000e+00
157  0.0000e+00
158  0.0000e+00
159  0.0000e+00
160  0.0000e+00
161  0.0000e+00
162  0.0000e+00
163  0.0000e+00
164  0.0000e+00
165  0.0000e+00
166  0.0000e+00
167  0.0000e+00
168  0.0000e+00
169  0.0000e+00
170  0.0000e+00
171  0.0000e+00
172  0.0000e+00
173  0.0000e+00
174  0.0000e+00
175  0.0000e+00
176  0.0000e+00
177  0.0000e+00
178  0.0000e+00
179  0.0000e+00
180  0.0000e+00
181  0.0000e+00
182  0.0000e+00
183  0.0000e+00
184  0.0000e+00
185  0.0000e+00
186  0.0000e+00
187  0.0000e+00
188  0.0000e+00
189  0.0000e+00
190  0.0000e+00
191  0.0000e+00
192  0.0000e+00
193  0.0000e+00
194  0.0000e+00
195  0.0000e+00
196  0.0000e+00
197  0.0000e+00
198  0.0000e+00
199  0.0000e+00
200  0.0000e+00
201  0.0000e+00
202  0.0000e+00
203  0.0000e+00
204  0.0000e+00
205  0.0000e+00
206  0.0000e+00
207  0.0000e+00
208  0.0000e+00
209  0.0000e+00
210  0.0000e+00
211  0.0000e+00
212  0.0000e+00
213  0.0000e+00
214  0.0000e+00
215  0.0000e+00
216  0.0000e+00
217  0.0000e+00
218  0.0000e+00
219  0.0000e+00
220  0.0000e+00
221  0.0000e+00
222  0.0000e+00
223  0.0000e+00
224  0.0000e+00
225  0.0000e+00
226  0.0000e+00
227  0.0000e+00
228  0.0000e+00
229  0.0000e+00
230  0.0000e+00
231  0.0000e+00
232  0.0000e+00
233  0.0000e+00
234  0.0000e+00
235  0.0000e+00
236  0.0000e+00
237  0.0000e+00
238  0.0000e+00
239  0.0000e+00
240  0.0000e+00
241  0.0000e+00
242  0.0000e+00
243  0.0000e+00
244  0.0000e+00
245  0.0000e+00
246  0.0000e+00
247  0.0000e+00
248  0.0000e+00
249  0.0000e+00
250  0.0000e+00
251  0.0000e+00
252  0.0000e+00
253  0.0000e+00
254  0.0000e+00
255  0.0000e+00
256  0.0000e+00
257  0.0000e+00
258  0.0000e+00
259  0.0000e+00
260  0.0000e+00
261  0.0000e+00
262  0.0000e+00
263  0.0000e+00
264  0.0000e+00
265  0.0000e+00
266  0.0000e+00
267  0.0000e+00
268  0.0000e+00
269  0.0000e+00
270  0.0000e+00
271  0.0000e+00
272  0.0000e+00
273  0.0000e+00
274  0.0000e+00
275  0.0000e+00
276  0.0000e+00
277  0.0000e+00
278  0.0000e+00
279  0.0000e+00
280  0.0000e+00
281  0.0000e+00
282  0.0000e+00
283  0.0000e+00
284  0.0000e+00
285  0.0000e+00
286  0.0000e+00
287  0.0000e+00
288  0.0000e+00
289  0.0000e+00
290  0.0000e+00
291  0.0000e+00
292  0.0000e+00
293  0.0000e+00
294  0.0000e+00
295  0.0000e+00
296  0.0000e+00
297  0.0000e+00
298  0.0000e+00
299  0.0000e+00
300  0.0000e+00
301  0.0000e+00
302  0.0000e+00
303  0.0000e+00
304  0.0000e+00
305  0.0000e+00
306  0.0000e+00
307  0.0000e+00
308  0.0000e+00
309  0.0000e+00
310  0.0000e+00
311  0.0000e+00
312  0.0000e+00
313  0.0000e+00
314  0.0000e+00
315  0.0000e+00
316  0.0000e+00
317  0.0000e+00
318  0.0000e+00
319  0.0000e+00
320  0.0000e+00
321  0.0000e+00
322  0.0000e+00
323  0.0000e+00
324  0.0000e+00
325  0.0000e+00
326  0.0000e+00
327  0.0000e+00
328  0.0000e+00
329  0.0000e+00
330  0.0000e+00
331  0.0000e+00
332  0.0000e+00
333  0.0000e+00
334  0.0000e+00
335  0.0000e+00
336  0.0000e+00
337  0.0000e+00

