    1      2  3.5606e-10  7.1213e-10
    2      3  4.1014e-12  1.2304e-11
    3      6  9.7400e-13  5.8440e-12
    3      7  8.4608e-12  5.9226e-11
    4      8  4.3895e-12  3.5116e-11
    4      9  1.1848e-15  1.0664e-14
    5     10  2.4685e-12  2.4685e-11
    5     11  8.7618e-12  9.6380e-11
    6     12  2.8493e-09  3.4192e-08
    6     13  1.6908e-10  2.1981e-09
    7     14  3.1965e-07  4.4751e-06
    7     15  2.2103e-07  3.3154e-06
    8     16  7.3781e-09  1.1805e-07
    8     17  2.2065e-10  3.7510e-09
    8     18  8.4895e-08  1.5281e-06
    9     19  1.5920e-07  3.0247e-06
   10     20  1.9859e-07  3.9718e-06
   10     21  7.1720e-08  1.5061e-06
   10     22  1.5248e-08  3.3547e-07
   11     23  3.0717e-08  7.0648e-07
   12     24  5.7053e-08  1.3693e-06
   12     25  5.7509e-08  1.4377e-06
   12     26  5.4478e-07  1.4164e-05
   13     26  2.2346e-16  5.8100e-15
   13     27  2.3234e-07  6.2733e-06
   14     28  7.1985e-07  2.0156e-05
   14     29  8.3393e-08  2.4184e-06
   14     30  3.8866e-08  1.1660e-06
   15     31  9.2387e-08  2.8640e-06
   16     32  1.1405e-07  3.6496e-06
   16     33  1.7415e-06  5.7470e-05
   16     34  1.3530e-06  4.6002e-05
   16     36  2.7292e-08  9.8251e-07
   17     35  1.5713e-08  5.4995e-07
   17     37  1.9083e-07  7.0606e-06
   18     36  1.2408e-18  4.4668e-17
   18     38  3.9998e-07  1.5199e-05
   18     40  1.0559e-06  4.2236e-05
   19     39  7.0954e-07  2.7672e-05
   19     41  1.0297e-07  4.2217e-06
   20     42  1.7420e-06  7.3164e-05
   20     43  9.0633e-07  3.8972e-05
   20     44  4.5979e-07  2.0231e-05
   20     46  2.0701e-06  9.5224e-05
   21     45  1.8183e-06  8.1825e-05
   22     46  2.0599e-18  9.4755e-17
   22     47  7.1686e-07  3.3692e-05
   22     48  1.4232e-06  6.8312e-05
   22     49  3.9557e-07  1.9383e-05
   22     50  7.4160e-07  3.7080e-05
   23     51  7.6330e-07  3.8928e-05
   24     52  1.4469e-07  7.5240e-06
   24     53  5.6527e-07  2.9959e-05
   24     54  6.1700e-07  3.3318e-05
   25     55  2.2966e-07  1.2631e-05
   26     56  4.6030e-06  2.5777e-04
   26     57  3.4595e-06  1.9719e-04
   26     58  6.2119e-08  3.6029e-06
   27     59  4.0192e-08  2.3713e-06
   28     60  4.7292e-08  2.8375e-06
   28     61  3.9718e-08  2.4228e-06
   28     62  1.0448e-07  6.4778e-06
   28     64  7.1672e-08  4.5870e-06
   29     63  1.3040e-06  8.2149e-05
   29     65  8.9343e-08  5.8073e-06
   30     64  6.5184e-19  4.1718e-17
   30     66  4.4045e-07  2.9070e-05
   30     67  4.3867e-07  2.9391e-05
   30     68  3.6360e-07  2.4725e-05
   30     70  1.3850e-06  9.6952e-05
   31     69  8.6702e-07  5.9824e-05
   31     71  1.5297e-07  1.0861e-05
   32     70  7.7087e-14  5.3961e-12
   32     72  3.8479e-07  2.7705e-05
   32     73  3.3198e-07  2.4234e-05
   32     74  1.2566e-06  9.2987e-05
   32     76  8.0207e-06  6.0958e-04
   33     75  4.9199e-06  3.6899e-04
   34     76  3.3057e-12  2.5123e-10
   34     77  1.8988e-05  1.4621e-03
   34     78  2.0602e-05  1.6070e-03
   34     80  1.5453e-05  1.2362e-03
   34     82  3.7440e-06  3.0701e-04
   35     79  1.2546e-05  9.9115e-04
   35     81  6.0863e-06  4.9299e-04
   36     82  3.7673e-12  3.0892e-10
   36     83  2.4600e-05  2.0418e-03
   36     84  2.4018e-05  2.0175e-03
   36     86  3.0210e-06  2.5981e-04
   37     85  1.2722e-05  1.0814e-03
   37     87  2.3754e-05  2.0666e-03
   38     86  2.1705e-18  1.8666e-16
   38     87  1.7393e-07  1.5132e-05
   38     88  4.0631e-05  3.5755e-03
   39     89  1.1537e-05  1.0268e-03
   40     90  7.2898e-06  6.5608e-04
   40     91  4.5434e-06  4.1345e-04
   40     92  1.2919e-06  1.1886e-04
   40     94  5.0365e-06  4.7343e-04
   41     93  8.4214e-07  7.8319e-05
   42     95  7.9894e-06  7.5899e-04
   42     96  9.8924e-06  9.4967e-04
   42     97  5.8540e-06  5.6784e-04
   42     98  1.2815e-06  1.2559e-04
   42    100  1.5377e-05  1.5377e-03
   44     99  8.4750e-06  8.3902e-04
   44    100  1.3627e-11  1.3627e-09
   44    101  1.3870e-05  1.4008e-03
   44    102  7.0638e-06  7.2051e-04
   44    104  6.2548e-06  6.5050e-04
   45    103  3.3525e-06  3.4531e-04
   46    104  3.8316e-17  3.9849e-15
   46    105  2.5674e-06  2.6958e-04
   46    106  4.9887e-06  5.2880e-04
   46    108  2.9460e-05  3.1817e-03
   46    110  2.7188e-04  2.9907e-02
   47    107  7.9122e-06  8.4660e-04
   47    109  1.5480e-04  1.6873e-02
   48    110  3.3294e-11  3.6624e-09
   48    111  4.2558e-05  4.7239e-03
   48    112  1.3396e-04  1.5004e-02
   48    113  9.2931e-05  1.0501e-02
   48    114  7.9854e-05  9.1033e-03
   48    116  2.1717e-06  2.5192e-04
   49    113  4.0899e-12  4.6216e-10
   49    115  5.1941e-05  5.9732e-03
   50    115  4.1441e-11  4.7657e-09
   50    116  6.3136e-11  7.3237e-09
   50    117  3.1426e-06  3.6769e-04
   50    118  2.1623e-06  2.5515e-04
   50    119  1.4596e-06  1.7369e-04
   50    120  6.4243e-06  7.7091e-04
   50    122  5.4514e-06  6.6508e-04
   50    124  6.6070e-05  8.1926e-03
   51    121  3.7921e-06  4.5884e-04
   51    123  1.1612e-05  1.4282e-03
   52    122  7.4738e-13  9.1180e-11
   52    124  3.0567e-14  3.7904e-12
   52    125  1.0441e-04  1.3052e-02
   52    126  2.6329e-04  3.3175e-02
   52    128  7.1311e-04  9.1278e-02
   52    130  1.6759e-06  2.1786e-04
   53    127  4.0136e-04  5.0973e-02
   53    129  5.8500e-13  7.5465e-11
   54    128  6.2796e-14  8.0379e-12
   54    129  3.7820e-04  4.8788e-02
   54    130  3.8700e-12  5.0310e-10
   54    131  1.5758e-05  2.0643e-03
   54    132  5.2391e-05  6.9157e-03
   54    134  2.5385e-05  3.4016e-03
   54    136  6.8095e-06  9.2609e-04
   55    133  7.4616e-05  9.9239e-03
   56    134  1.4621e-16  1.9593e-14
   56    135  6.2998e-06  8.5048e-04
   56    136  4.5326e-14  6.1643e-12
   56    137  5.1862e-06  7.1051e-04
   56    138  1.2565e-05  1.7339e-03
   57    139  5.1846e-06  7.2066e-04
   58    140  5.0287e-06  7.0402e-04
   58    142  4.0810e-07  5.7950e-05
   59    141  1.8340e-06  2.5859e-04
   60    142  1.0323e-17  1.4658e-15
   60    143  6.0863e-08  8.7033e-06
   60    144  2.5881e-08  3.7268e-06
   60    145  1.5745e-08  2.2830e-06
   60    146  1.2903e-07  1.8839e-05
   60    148  1.1963e-07  1.7705e-05
   60    150  4.7755e-08  7.1632e-06
   62    147  2.3201e-07  3.4105e-05
   62    148  2.8907e-13  4.2782e-11
   62    149  4.2333e-08  6.3076e-06
   62    150  5.6210e-13  8.4315e-11
   62    152  6.0138e-08  9.1410e-06
   62    154  4.9459e-08  7.6167e-06
   63    151  1.4640e-08  2.2107e-06
   63    153  4.0005e-08  6.1208e-06
   64    154  4.5950e-15  7.0764e-13
   64    155  1.6176e-07  2.5072e-05
   64    156  1.6886e-08  2.6343e-06
   64    157  6.2579e-08  9.8248e-06
   64    158  8.3956e-08  1.3265e-05
   64    160  9.5057e-09  1.5209e-06
   65    159  5.8722e-10  9.3368e-08
   66    160  8.4051e-17  1.3448e-14
   66    161  1.9458e-08  3.1327e-06
   66    162  1.0788e-08  1.7477e-06
   66    163  1.2524e-08  2.0415e-06
   66    164  1.7638e-08  2.8926e-06
   67    165  1.0646e-08  1.7566e-06
   68    166  3.5353e-08  5.8685e-06
   68    167  3.2144e-08  5.3681e-06
   68    168  1.7258e-08  2.8994e-06
   68    170  1.6444e-08  2.7955e-06
   69    169  7.2702e-08  1.2287e-05
   70    170  1.3504e-16  2.2957e-14
   70    171  1.6967e-08  2.9014e-06
   70    172  8.1889e-09  1.4085e-06
   70    173  4.5616e-09  7.8915e-07
   70    174  1.1075e-08  1.9271e-06
   70    176  4.5170e-09  7.9499e-07
   71    175  2.5593e-09  4.4788e-07
   71    176  1.3401e-18  2.3586e-16
   72    176  1.2547e-20  2.2083e-18
   72    177  1.2604e-08  2.2309e-06
   72    178  4.2584e-09  7.5799e-07
   72    179  1.9763e-09  3.5375e-07
   72    180  2.3490e-09  4.2282e-07
   73    181  1.9839e-09  3.5908e-07
   74    182  1.4972e-09  2.7250e-07
   74    183  7.5282e-10  1.3777e-07
   74    184  4.2093e-10  7.7451e-08
   74    186  1.4566e-10  2.7093e-08
   75    185  1.3775e-10  2.5483e-08
   75    187  1.1547e-10  2.1593e-08
   76    187  9.3846e-13  1.7549e-10
   76    188  1.5934e-10  2.9956e-08
   76    189  6.4035e-11  1.2103e-08
   76    190  9.5943e-11  1.8229e-08
   76    192  2.9122e-10  5.5915e-08
   77    191  2.9101e-10  5.5583e-08
   77    193  1.3576e-10  2.6202e-08
   78    192  1.2020e-19  2.3079e-17
   78    194  2.7861e-10  5.4051e-08
   78    195  1.5697e-10  3.0609e-08
   78    196  1.0160e-10  1.9913e-08
   78    198  2.7631e-11  5.4709e-09
   79    197  7.4467e-11  1.4670e-08
   80    198  1.0977e-20  2.1734e-18
   80    199  7.7948e-12  1.5512e-09
   80    200  9.6366e-12  1.9273e-09
   80    201  1.6092e-12  3.2344e-10
   80    202  5.7904e-13  1.1697e-10
   80    204  5.4534e-15  1.1125e-12
   81    203  7.2235e-14  1.4664e-11
   81    205  8.7827e-16  1.8005e-13
   82    206  1.9599e-16  4.0374e-14
   82    207  2.8697e-17  5.9402e-15
   82    208  2.8746e-17  5.9793e-15
   83    209  2.2191e-17  4.6379e-15
   90    232  1.6524e-20  3.8336e-18
    1      1  8.4540e-10  8.4540e-10
    2      4  1.4848e-01  5.9392e-01


