1  3.0402e-09
2  7.0617e-09
3  6.5561e-10
4  2.0640e-01
5  0.0000e+00
6  1.9754e-11
7  1.0258e-09
8  8.7862e-09
9  3.4629e-09
10  9.2236e-08
11  3.3336e-09
12  5.7704e-09
13  2.9805e-07
14  1.0038e-07
15  1.1625e-05
16  2.5028e-07
17  7.2699e-09
18  4.7045e-08
19  1.1138e-06
20  1.5658e-06
21  5.3739e-07
22  4.5121e-09
23  9.8999e-07
24  3.2871e-07
25  4.4410e-07
26  4.1354e-08
27  1.1665e-07
28  2.6885e-07
29  5.8867e-08
30  5.5804e-08
31  5.1130e-08
32  7.8990e-08
33  5.2038e-07
34  4.0012e-07
35  1.6130e-08
36  1.4108e-08
37  1.0030e-08
38  4.0727e-08
39  3.3625e-08
40  1.4482e-08
41  7.2216e-08
42  2.4276e-07
43  5.0033e-08
44  5.8655e-08
45  6.1534e-08
46  2.0517e-08
47  2.7334e-08
48  5.5000e-08
49  4.7581e-08
50  4.6640e-08
51  1.5362e-08
52  5.5921e-08
53  5.0891e-08
54  2.4749e-08
55  1.2228e-08
56  6.2455e-08
57  2.5047e-07
58  5.1963e-09
59  8.7987e-09
60  2.0095e-08
61  3.0877e-08
62  2.7037e-08
63  2.4097e-07
64  8.0349e-08
65  8.9207e-08
66  1.8083e-07
67  1.8095e-07
68  3.3368e-08
69  1.2784e-08
70  4.4421e-08
71  1.2694e-08
72  5.8341e-08
73  7.0161e-08
74  4.7111e-07
75  1.9138e-06
76  1.2686e-06
77  1.3170e-06
78  1.0135e-06
79  8.8809e-07
80  2.4262e-06
81  7.6814e-07
82  6.7984e-07
83  7.2241e-07
84  1.9013e-07
85  7.7750e-08
86  9.2326e-08
87  1.4844e-07
88  2.4000e-07
89  1.4990e-07
90  2.4784e-07
91  1.0267e-07
92  2.0267e-07
93  1.5036e-07
94  4.3127e-07
95  1.9408e-07
96  1.2566e-07
97  1.8007e-07
98  8.9229e-08
99  1.0600e-07
100  1.1610e-07
101  1.1623e-07
102  7.5863e-08
103  7.3869e-08
104  4.7682e-08
105  4.3196e-08
106  9.6876e-08
107  8.1803e-08
108  9.7647e-08
109  1.1125e-07
110  1.5499e-07
111  2.9938e-08
112  1.0420e-07
113  5.3625e-08
114  4.8966e-08
115  5.3237e-08
116  1.4023e-08
117  3.8913e-08
118  3.6800e-08
119  2.6166e-08
120  1.8382e-07
121  1.6003e-07
122  4.4356e-07
123  4.9413e-07
124  2.6324e-06
125  3.0394e-06
126  5.5249e-06
127  4.2713e-06
128  3.8076e-06
129  3.2873e-06
130  1.3985e-06
131  8.5460e-07
132  1.1848e-06
133  1.3933e-06
134  1.3079e-06
135  6.4259e-07
136  9.0575e-07
137  7.4601e-07
138  6.3082e-07
139  3.6049e-07
140  6.9303e-07
141  7.9143e-07
142  4.6545e-07
143  4.2070e-07
144  4.5675e-07
145  2.4014e-07
146  4.1033e-07
147  4.8134e-07
148  3.5811e-07
149  1.7865e-07
150  2.8637e-07
151  1.9285e-07
152  4.1953e-07
153  2.2400e-07
154  4.4975e-07
155  5.1308e-07
156  2.4661e-07
157  3.0854e-07
158  5.6300e-07
159  6.5621e-08
160  3.2082e-07
161  2.8788e-07
162  2.0080e-07
163  1.4695e-07
164  3.8470e-07
165  2.5102e-07
166  7.5557e-07
167  4.6480e-07
168  4.4730e-07
169  1.0420e-06
170  5.2774e-07
171  4.5617e-07
172  4.4383e-07
173  3.0206e-07
174  6.2694e-07
175  2.9302e-07
176  4.2565e-07
177  4.8092e-07
178  2.8701e-07
179  2.5477e-07
180  4.4738e-07
181  5.8085e-07
182  6.2759e-07
183  4.2370e-07
184  5.6300e-07
185  4.1504e-07
186  6.4615e-07
187  4.5637e-07
188  9.4118e-07
189  8.8628e-07
190  2.7765e-06
191  3.6697e-06
192  6.6598e-06
193  6.0936e-06
194  1.0577e-05
195  1.1234e-05
196  9.8117e-06
197  7.1013e-06
198  3.3147e-06
199  1.2284e-06
200  5.6553e-07
201  1.1596e-07
202  1.3826e-07
203  2.3938e-07
204  7.0668e-07
205  9.3579e-07
206  3.8876e-05
207  3.9052e-05
208  2.8184e-05
209  5.7220e-05
210  3.7398e-12
211  1.2246e-17
212  1.0384e-17
213  5.4185e-44
214  1.9586e-18
215  3.3758e-24
216  1.2031e-23
217  1.3180e-97
218  3.3661e-20
219  4.7384e-21
220  4.6132e-21
221  5.7425e-320
222  5.9755e-17
223  1.1821e-15
224  2.6054e-17
225  3.2657e-40
226  9.1434e-12
227  8.2396e-13
228  8.3785e-11
229  1.2181e-29
230  4.3093e-10
231  1.2324e-09
232  3.6673e-05
233  7.2794e-26
234  1.4032e-09
235  2.6563e-05
236  1.3210e-07
237  7.2155e-319
238  2.5527e-05
239  1.0701e-16
240  2.6152e-11
241  0.0000e+00
242  3.0804e-125
243  3.2712e-17
244  3.1833e-07
245  0.0000e+00
246  5.0791e-09
247  6.9041e-14
248  2.5775e-124
249  0.0000e+00
250  0.0000e+00
251  -1.8430e-314
252  0.0000e+00
253  0.0000e+00
254  0.0000e+00
255  0.0000e+00
256  0.0000e+00
257  7.3716e-26
258  9.7338e-06
259  4.4789e-26
260  1.6159e-05
261  1.5766e-05
262  2.0909e-05
263  2.5016e-05
264  2.9935e-05
265  2.5875e-05
266  3.0817e-05
267  1.7567e-05
268  1.6806e-05
269  3.0000e-05
270  2.1149e-05
271  1.7216e-05
272  1.6750e-05
273  1.4143e-05
274  8.8157e-06
275  3.4405e-06
276  2.7711e-06
277  7.0886e-07
278  8.9238e-07
279  8.8526e-07
280  8.6833e-07
281  7.4866e-07
282  2.2848e-06
283  2.4491e-06
284  2.6599e-06
285  2.2437e-06
286  2.3611e-06
287  2.5828e-06
288  2.2790e-06
289  1.4919e-06
290  1.7437e-06
291  1.2487e-06
292  5.6229e-06
293  2.0913e-06
294  2.2376e-06
295  8.1786e-07
296  2.8248e-07
297  8.3083e-08
298  2.3612e-08
299  2.6454e-12
300  3.0146e-11
301  3.5764e-07
302  4.0972e-07
303  1.5351e-07
304  2.9792e-07
305  2.6892e-07
306  2.7843e-07
307  4.2696e-08
308  1.8738e-08
309  2.0028e-08
310  2.8434e-08
311  9.0985e-09
312  1.3211e-08
313  4.3352e-09
314  7.8865e-09
315  2.9894e-09
316  5.0790e-09
317  4.0788e-09
318  6.8052e-09
319  2.8955e-09
320  6.8869e-09
321  3.0426e-09
322  1.4909e-09
323  1.0275e-09
324  2.2505e-09
325  6.0799e-11
326  7.6638e-10
327  1.7861e-09
328  3.2809e-12
329  2.7722e-10
330  3.6834e-12
331  5.8545e-12
332  1.1903e-11
333  1.4427e-12
334  5.4754e-13
335  2.1137e-13
336  2.9454e-13
337  1.5633e-11

