1  3.4971e-07
2  2.0830e-01
3  2.3961e-09
4  1.8673e-07
5  5.4294e-07
6  1.8565e-08
7  5.1456e-06
8  9.5062e-06
9  1.0919e-06
10  3.3836e-06
11  3.4768e-07
12  5.8070e-07
13  8.3051e-08
14  2.6734e-07
15  5.7930e-08
16  3.9282e-07
17  2.7622e-08
18  4.7845e-08
19  5.8979e-08
20  1.2274e-07
21  3.5881e-08
22  2.4317e-08
23  1.1452e-08
24  5.5344e-08
25  4.5492e-10
26  3.5529e-08
27  1.0042e-10
28  8.6074e-09
29  1.2406e-07
30  1.6872e-07
31  1.8651e-08
32  2.1421e-07
33  1.9974e-07
34  1.4032e-06
35  2.3590e-07
36  1.9296e-07
37  9.3217e-08
38  8.4637e-09
39  3.1099e-08
40  1.6515e-07
41  9.8971e-08
42  1.7591e-07
43  1.4887e-33
44  2.6266e-08
45  1.5036e-08
46  8.3077e-08
47  5.6972e-08
48  1.2655e-07
49  8.6935e-08
50  1.4923e-07
51  7.7334e-08
52  1.9151e-06
53  5.3124e-07
54  3.7748e-06
55  2.6162e-07
56  4.7841e-07
57  1.5621e-08
58  2.1183e-07
59  7.8871e-08
60  1.4150e-07
61  5.4870e-88
62  5.2556e-08
63  4.5130e-10
64  2.1166e-08
65  8.5540e-11
66  2.8513e-09
67  1.0821e-09
68  2.5626e-09
69  9.2799e-09
70  1.5529e-08
71  1.1772e-09
72  5.3798e-08
73  1.0541e-08
74  1.5993e-07
75  4.4365e-08
76  2.2759e-07
77  4.5565e-07
78  8.0840e-07
79  4.3965e-07
80  7.8872e-06
81  3.5129e-06
82  6.2648e-06
83  6.1648e-06
84  2.4356e-16
85  3.5813e-25
86  6.7244e-18
87  4.1489e-21
88  1.0304e-12
89  1.5646e-13
90  3.5563e-06
91  2.3456e-10
92  7.9471e-06
93  6.8471e-20
94  4.6559e-08
95  1.1003e-17
96  2.3234e-14
97  7.7671e-10
98  4.1812e-314
99  1.2697e-321
100  7.6633e-06
101  -4.8469e-313
102  1.3348e-05
103  3.7130e-06
104  5.3383e-05
105  1.5165e-05
106  4.6479e-05
107  1.8798e-06
108  5.6343e-05
109  -2.7807e-319
110  6.0715e-05
111  2.7728e-04
112  0.0000e+00
113  0.0000e+00
114  0.0000e+00
115  0.0000e+00
116  0.0000e+00
117  0.0000e+00
118  0.0000e+00

