1  1.5010e-09
2  1.8010e-01
3  3.3485e-11
4  9.9915e-12
5  3.8740e-11
6  4.7384e-09
7  1.2660e-06
8  9.2113e-08
9  2.2804e-07
10  5.5809e-07
11  1.4723e-07
12  2.9354e-07
13  4.0874e-07
14  1.4378e-06
15  1.1523e-07
16  3.1379e-06
17  1.3165e-07
18  1.2241e-06
19  6.3031e-07
20  2.4663e-06
21  2.6413e-07
22  2.1606e-06
23  2.1402e-07
24  5.6492e-07
25  3.6708e-07
26  3.1635e-06
27  1.0455e-07
28  1.3361e-06
29  1.0808e-06
30  1.2246e-06
31  1.4974e-07
32  6.6651e-06
33  5.4941e-06
34  3.3363e-05
35  1.8305e-05
36  1.1218e-05
37  7.7056e-06
38  6.2055e-06
39  1.5260e-06
40  1.7358e-05
41  1.7920e-06
42  9.9036e-06
43  1.3213e-31
44  6.1608e-06
45  8.5553e-07
46  5.6344e-06
47  2.4813e-06
48  2.9742e-06
49  4.1160e-07
50  3.1188e-05
51  3.7534e-06
52  7.1235e-04
53  2.1059e-04
54  3.7646e-04
55  3.1048e-05
56  6.5664e-05
57  8.8575e-06
58  4.8872e-05
59  4.2014e-05
60  1.1588e-04
61  5.8728e-304
62  5.6982e-05
63  2.5772e-05
64  7.5927e-05
65  7.2117e-06
66  3.8043e-05
67  7.6462e-06
68  3.6049e-05
69  8.3910e-06
70  1.5529e-05
71  2.0562e-06
72  1.1056e-05
73  2.6918e-06
74  1.2198e-05
75  3.7620e-06
76  9.8734e-06
77  3.5926e-06
78  2.7237e-06
79  1.5539e-07
80  8.1255e-09
81  1.6275e-09
82  4.7372e-09
83  1.3085e-09
84  2.1238e-28
85  2.6644e-20
86  1.7203e-15
87  8.7814e-29
88  1.9029e-18
89  3.3114e-21
90  8.2191e-13
91  4.9644e-18
92  1.7753e-13
93  8.2378e-32
94  3.7216e-16
95  5.4368e-29
96  1.7033e-23
97  6.1715e-18
98  2.7648e-315
99  1.1907e-321
100  7.7209e-16
101  -1.6420e-314
102  2.3200e-16
103  1.0825e-17
104  1.7516e-18
105  3.0947e-19
106  6.9487e-22
107  0.0000e+00
108  0.0000e+00
109  0.0000e+00
110  0.0000e+00
111  0.0000e+00
112  0.0000e+00
113  0.0000e+00
114  0.0000e+00
115  0.0000e+00
116  0.0000e+00
117  0.0000e+00
118  0.0000e+00

