1  4.3875e-09
2  1.9773e-01
3  3.0345e-10
4  8.6019e-10
5  8.3407e-10
6  1.7101e-07
7  7.2083e-06
8  3.0556e-07
9  9.5774e-07
10  1.6743e-06
11  8.7806e-07
12  5.8166e-07
13  3.3468e-07
14  1.1705e-06
15  1.1030e-07
16  2.4971e-06
17  1.0758e-07
18  3.9771e-07
19  2.9671e-07
20  9.8960e-07
21  1.5330e-07
22  8.7227e-07
23  4.3032e-08
24  5.1316e-07
25  2.5058e-07
26  2.3043e-06
27  5.7955e-08
28  6.1794e-07
29  6.4588e-07
30  7.2230e-07
31  1.0915e-07
32  6.2952e-06
33  5.7436e-06
34  1.7198e-05
35  7.4846e-06
36  6.2998e-06
37  2.3674e-06
38  2.0218e-06
39  3.4829e-07
40  3.8901e-06
41  6.8321e-07
42  3.1032e-06
43  2.4225e-32
44  1.2756e-06
45  2.5765e-07
46  1.5127e-06
47  7.0175e-07
48  5.9192e-07
49  9.3885e-08
50  1.1804e-05
51  2.8521e-06
52  5.1438e-05
53  1.7421e-05
54  2.5911e-05
55  5.1459e-06
56  1.2694e-05
57  2.7359e-06
58  5.8615e-06
59  3.4283e-06
60  2.4631e-05
61  2.9413e-83
62  1.7174e-05
63  5.9061e-06
64  2.5136e-05
65  2.6911e-06
66  2.1579e-05
67  4.7993e-06
68  2.4331e-05
69  5.8682e-06
70  1.7164e-05
71  2.9732e-06
72  2.0193e-05
73  6.9438e-06
74  4.5830e-05
75  1.9973e-05
76  2.0646e-04
77  1.5145e-04
78  1.6866e-04
79  1.1662e-05
80  2.8211e-05
81  1.2038e-05
82  1.1805e-04
83  3.2367e-05
84  8.3872e-17
85  1.5848e-25
86  2.3156e-18
87  7.0463e-22
88  5.0548e-12
89  2.6572e-14
90  2.0576e-06
91  3.9836e-11
92  1.8508e-06
93  1.0987e-20
94  7.4721e-09
95  4.7144e-19
96  9.9678e-16
97  1.0371e-10
98  9.7786e-314
99  -9.7825e-322
100  1.7561e-07
101  -5.2140e-313
102  9.5600e-08
103  1.1008e-08
104  6.1332e-09
105  1.8397e-09
106  7.5967e-11
107  6.9599e-12
108  4.4701e-11
109  3.9187e-319
110  1.3962e-11
111  4.9275e-12
112  0.0000e+00
113  0.0000e+00
114  0.0000e+00
115  0.0000e+00
116  0.0000e+00
117  0.0000e+00
118  0.0000e+00

