1  2.1340e-10
2  1.6334e-01
3  3.8275e-17
4  2.1346e-14
5  5.4984e-18
6  2.8166e-08
7  1.3342e-09
8  1.8584e-09
9  5.4785e-10
10  3.9453e-10
11  4.4029e-11
12  1.3881e-09
13  8.0608e-10
14  2.1012e-08
15  1.9424e-09
16  1.6075e-07
17  2.6487e-07
18  6.4813e-07
19  3.3718e-07
20  3.1961e-06
21  5.4282e-07
22  6.3454e-06
23  1.2182e-06
24  1.0174e-05
25  4.4174e-07
26  2.6598e-06
27  1.8027e-07
28  1.4142e-06
29  8.7621e-07
30  8.7602e-07
31  1.4021e-07
32  1.5496e-05
33  9.4096e-06
34  8.5365e-05
35  1.2758e-05
36  7.5973e-05
37  1.2810e-05
38  1.1360e-05
39  9.4165e-06
40  7.9048e-05
41  5.5436e-06
42  9.3027e-05
43  3.7340e-30
44  2.3637e-04
45  2.0010e-05
46  1.8702e-04
47  7.6113e-05
48  1.1755e-04
49  8.5479e-06
50  3.1170e-04
51  8.5193e-05
52  1.1485e-03
53  3.1352e-04
54  5.6759e-05
55  2.1333e-08
56  4.0990e-10
57  3.0441e-11
58  7.1556e-11
59  2.7379e-12
60  9.5215e-12
61  1.0827e-315
62  2.1230e-12
63  6.0322e-13
64  2.5732e-13
65  3.0763e-15
66  1.2234e-14
67  1.3197e-15
68  3.2422e-15
69  3.6405e-16
70  4.8862e-17
71  1.1273e-18
72  4.2787e-19
73  3.8821e-20
74  3.9834e-20
75  4.6500e-21
76  2.0932e-21
77  1.5362e-22
78  9.0148e-24
79  0.0000e+00
80  0.0000e+00
81  0.0000e+00
82  0.0000e+00
83  0.0000e+00
84  0.0000e+00
85  0.0000e+00
86  0.0000e+00
87  0.0000e+00
88  0.0000e+00
89  0.0000e+00
90  0.0000e+00
91  0.0000e+00
92  0.0000e+00
93  0.0000e+00
94  0.0000e+00
95  0.0000e+00
96  0.0000e+00
97  0.0000e+00
98  0.0000e+00
99  0.0000e+00
100  0.0000e+00
101  0.0000e+00
102  0.0000e+00
103  0.0000e+00
104  0.0000e+00
105  0.0000e+00
106  0.0000e+00
107  0.0000e+00
108  0.0000e+00
109  0.0000e+00
110  0.0000e+00
111  0.0000e+00
112  0.0000e+00
113  0.0000e+00
114  0.0000e+00
115  0.0000e+00
116  0.0000e+00
117  0.0000e+00
118  0.0000e+00

