    1      2  1.2227e-09  2.4455e-09
    2      3  3.8184e-11  1.1455e-10
    3      6  3.3727e-12  2.0236e-11
    3      7  7.8704e-11  5.5093e-10
    4      8  3.6068e-11  2.8854e-10
    4      9  2.6695e-12  2.4025e-11
    5     10  9.4986e-12  9.4986e-11
    5     11  7.4307e-11  8.1738e-10
    6     12  2.5401e-09  3.0481e-08
    6     13  1.2606e-08  1.6387e-07
    7     14  7.3944e-07  1.0352e-05
    7     15  1.7515e-06  2.6273e-05
    8     16  1.1508e-07  1.8413e-06
    8     17  1.0788e-09  1.8340e-08
    8     18  3.5054e-08  6.3097e-07
    9     19  4.6782e-07  8.8885e-06
   10     20  6.4181e-07  1.2836e-05
   10     21  2.9705e-07  6.2381e-06
   10     22  6.7598e-09  1.4872e-07
   11     23  3.9236e-07  9.0243e-06
   12     24  1.3833e-07  3.3199e-06
   12     25  1.2093e-07  3.0232e-06
   12     26  7.8589e-08  2.0433e-06
   13     26  1.6264e-18  4.2287e-17
   13     27  5.0064e-07  1.3517e-05
   14     28  1.5164e-06  4.2459e-05
   14     29  1.3915e-07  4.0353e-06
   14     30  6.3137e-08  1.8941e-06
   15     31  1.3039e-07  4.0419e-06
   16     32  1.5290e-07  4.8928e-06
   16     33  1.9641e-06  6.4816e-05
   16     34  1.5133e-06  5.1451e-05
   16     36  2.2744e-08  8.1877e-07
   17     35  2.1779e-08  7.6225e-07
   17     37  1.2565e-07  4.6491e-06
   18     36  8.1815e-20  2.9454e-18
   18     38  3.1189e-07  1.1852e-05
   18     40  1.0751e-06  4.3004e-05
   19     39  6.1833e-07  2.4115e-05
   19     41  8.7914e-08  3.6045e-06
   20     42  1.6213e-06  6.8094e-05
   20     43  8.3901e-07  3.6078e-05
   20     44  1.0900e-07  4.7959e-06
   20     46  2.2381e-07  1.0295e-05
   21     45  2.2186e-07  9.9835e-06
   22     47  2.9772e-07  1.3993e-05
   22     48  5.7798e-07  2.7743e-05
   22     49  6.9788e-07  3.4196e-05
   22     50  7.8403e-07  3.9201e-05
   23     51  1.6527e-07  8.4286e-06
   24     52  2.8992e-07  1.5076e-05
   24     53  1.9751e-07  1.0468e-05
   24     54  1.4833e-07  8.0096e-06
   25     55  4.2030e-07  2.3117e-05
   26     56  1.3317e-06  7.4575e-05
   26     57  1.7711e-06  1.0095e-04
   26     58  9.7607e-08  5.6612e-06
   27     59  1.1301e-07  6.6674e-06
   28     60  3.0374e-07  1.8225e-05
   28     61  4.2610e-07  2.5992e-05
   28     62  2.4792e-07  1.5371e-05
   28     64  3.0366e-07  1.9434e-05
   29     63  6.4448e-07  4.0602e-05
   29     65  1.9515e-07  1.2684e-05
   30     66  4.3347e-07  2.8609e-05
   30     67  1.3962e-07  9.3547e-06
   30     68  1.5792e-07  1.0739e-05
   30     70  2.6404e-07  1.8483e-05
   31     69  1.0542e-07  7.2737e-06
   31     71  4.3451e-08  3.0850e-06
   32     70  4.1712e-16  2.9199e-14
   32     72  1.3637e-07  9.8187e-06
   32     73  1.4607e-07  1.0663e-05
   32     74  1.2703e-06  9.4001e-05
   32     76  5.5901e-06  4.2485e-04
   33     75  5.9856e-06  4.4892e-04
   34     76  1.5172e-13  1.1530e-11
   34     77  4.9519e-06  3.8130e-04
   34     78  4.9341e-06  3.8486e-04
   34     80  1.3121e-05  1.0497e-03
   34     82  4.2853e-06  3.5140e-04
   35     79  7.2022e-06  5.6898e-04
   35     81  7.8377e-06  6.3485e-04
   36     82  2.0912e-13  1.7148e-11
   36     83  3.7488e-06  3.1115e-04
   36     84  1.9825e-06  1.6653e-04
   36     86  2.5839e-06  2.2221e-04
   37     85  1.3142e-06  1.1171e-04
   37     87  3.3842e-06  2.9443e-04
   38     86  1.0592e-20  9.1091e-19
   38     87  2.4780e-08  2.1559e-06
   38     88  3.8390e-06  3.3783e-04
   39     89  8.1219e-07  7.2285e-05
   40     90  2.0425e-06  1.8382e-04
   40     91  1.5621e-06  1.4215e-04
   40     92  4.2794e-06  3.9371e-04
   40     94  3.9940e-06  3.7543e-04
   41     93  1.4879e-06  1.3837e-04
   42     95  2.9060e-06  2.7607e-04
   42     96  2.4585e-06  2.3602e-04
   42     97  1.3299e-06  1.2900e-04
   42     98  9.6252e-07  9.4327e-05
   42    100  1.7150e-06  1.7150e-04
   44     99  1.4010e-06  1.3870e-04
   44    100  1.0419e-13  1.0419e-11
   44    101  1.9536e-06  1.9731e-04
   44    102  7.7968e-07  7.9528e-05
   44    104  7.5321e-07  7.8334e-05
   45    103  6.3815e-07  6.5730e-05
   46    104  4.6927e-19  4.8804e-17
   46    105  6.1894e-07  6.4989e-05
   46    106  9.9771e-07  1.0576e-04
   46    108  1.3973e-06  1.5091e-04
   46    110  1.6009e-06  1.7610e-04
   47    107  8.7318e-07  9.3430e-05
   47    109  1.2149e-06  1.3242e-04
   48    110  1.0732e-14  1.1805e-12
   48    111  3.9516e-07  4.3863e-05
   48    112  7.6644e-07  8.5841e-05
   48    113  3.2735e-07  3.6991e-05
   48    114  3.2927e-07  3.7537e-05
   48    116  2.4352e-07  2.8249e-05
   49    113  1.4407e-14  1.6280e-12
   49    115  2.9448e-07  3.3865e-05
   50    115  2.3495e-13  2.7020e-11
   50    116  1.2945e-14  1.5017e-12
   50    117  3.8577e-07  4.5136e-05
   50    118  4.3243e-07  5.1026e-05
   50    119  3.2564e-07  3.8751e-05
   50    120  1.0543e-06  1.2651e-04
   50    122  2.4637e-06  3.0057e-04
   50    124  2.1838e-05  2.7079e-03
   51    121  1.0281e-06  1.2440e-04
   51    123  3.5808e-06  4.4043e-04
   52    122  6.4739e-15  7.8982e-13
   52    124  2.4343e-16  3.0185e-14
   52    125  6.0762e-05  7.5953e-03
   52    126  1.8728e-04  2.3597e-02
   52    128  7.2897e-05  9.3308e-03
   52    130  6.2900e-05  8.1770e-03
   53    127  1.0022e-04  1.2727e-02
   53    129  2.3722e-13  3.0602e-11
   54    128  9.0559e-16  1.1592e-13
   54    129  1.0593e-04  1.3665e-02
   54    130  5.5983e-14  7.2778e-12
   54    131  1.3899e-05  1.8208e-03
   54    132  1.5552e-05  2.0529e-03
   54    134  2.1146e-05  2.8336e-03
   54    136  3.9316e-05  5.3470e-03
   55    133  1.8948e-05  2.5201e-03
   56    134  3.8582e-18  5.1700e-16
   56    135  2.5371e-05  3.4251e-03
   56    136  8.5587e-15  1.1640e-12
   56    137  2.8768e-05  3.9412e-03
   56    138  1.7432e-05  2.4056e-03
   57    139  8.7986e-06  1.2230e-03
   58    140  1.6045e-05  2.2463e-03
   58    142  3.6104e-05  5.1268e-03
   59    141  4.9366e-05  6.9606e-03
   60    142  2.0201e-17  2.8686e-15
   60    143  3.5270e-05  5.0436e-03
   60    144  3.9427e-05  5.6776e-03
   60    145  2.2188e-05  3.2172e-03
   60    146  2.5869e-05  3.7769e-03
   60    148  1.7009e-05  2.5173e-03
   60    150  2.1611e-05  3.2416e-03
   62    147  1.5045e-05  2.2116e-03
   62    148  9.8404e-13  1.4564e-10
   62    149  1.3579e-05  2.0233e-03
   62    150  6.1843e-12  9.2764e-10
   62    152  3.1361e-05  4.7669e-03
   62    154  2.8893e-05  4.4495e-03
   63    151  2.4336e-05  3.6747e-03
   63    153  2.0279e-05  3.1026e-03
   64    152  1.1229e-20  1.7069e-18
   64    154  1.0266e-13  1.5810e-11
   64    155  1.4762e-05  2.2881e-03
   64    156  3.0168e-05  4.7062e-03
   64    157  1.8564e-05  2.9146e-03
   64    158  3.2120e-05  5.0750e-03
   64    160  2.0761e-05  3.3217e-03
   65    159  1.3830e-05  2.1990e-03
   66    160  1.4788e-14  2.3661e-12
   66    161  9.2514e-06  1.4895e-03
   66    162  1.9612e-05  3.1771e-03
   66    163  1.1812e-05  1.9253e-03
   66    164  2.8423e-05  4.6614e-03
   67    165  1.3530e-05  2.2324e-03
   68    166  2.6815e-05  4.4513e-03
   68    167  1.1993e-05  2.0028e-03
   68    168  1.7471e-05  2.9350e-03
   68    170  8.8224e-06  1.4998e-03
   69    169  1.2183e-05  2.0589e-03
   70    170  2.0520e-15  3.4884e-13
   70    171  6.5698e-06  1.1234e-03
   70    172  5.9321e-06  1.0203e-03
   70    173  5.5538e-06  9.6081e-04
   70    174  7.1133e-06  1.2377e-03
   70    176  5.6063e-06  9.8670e-04
   71    175  4.9776e-06  8.7108e-04
   71    176  1.8564e-16  3.2673e-14
   72    176  1.7381e-18  3.0590e-16
   72    177  6.5089e-06  1.1521e-03
   72    178  8.2549e-06  1.4694e-03
   72    179  6.9013e-06  1.2353e-03
   72    180  7.7101e-06  1.3878e-03
   73    181  7.5311e-06  1.3631e-03
   74    182  1.1267e-05  2.0506e-03
   74    183  6.6390e-06  1.2149e-03
   74    184  1.0862e-05  1.9986e-03
   74    186  1.1845e-05  2.2031e-03
   75    185  6.2519e-06  1.1566e-03
   75    187  6.7510e-06  1.2624e-03
   76    186  1.6373e-18  3.0454e-16
   76    187  5.4867e-08  1.0260e-05
   76    188  1.2395e-05  2.3303e-03
   76    189  9.8837e-06  1.8680e-03
   76    190  1.1176e-05  2.1234e-03
   76    192  9.8803e-06  1.8970e-03
   77    191  9.0190e-06  1.7226e-03
   77    193  9.4566e-06  1.8251e-03
   78    192  8.6710e-17  1.6648e-14
   78    194  7.9602e-06  1.5443e-03
   78    195  5.1649e-06  1.0072e-03
   78    196  1.7253e-06  3.3817e-04
   78    198  9.8849e-08  1.9572e-05
   79    197  5.6924e-07  1.1214e-04
   80    198  4.1950e-18  8.3061e-16
   80    199  2.1585e-08  4.2954e-06
   80    200  7.5273e-09  1.5055e-06
   80    201  4.9602e-09  9.9701e-07
   80    202  1.5397e-08  3.1102e-06
   80    204  4.2125e-08  8.5936e-06
   81    203  3.0287e-08  6.1483e-06
   81    205  3.1500e-08  6.4576e-06
   82    206  5.6965e-08  1.1735e-05
   82    207  4.9073e-08  1.0158e-05
   82    208  5.1110e-08  1.0631e-05
   83    209  4.2295e-08  8.8396e-06
   83    212  1.5093e-13  3.1998e-11
   83    214  2.1429e-14  4.5859e-12
   86    220  3.4753e-14  7.6457e-12
   88    226  3.4033e-18  7.6915e-16
   88    228  1.1037e-16  2.5163e-14
   89    227  3.2525e-19  7.3832e-17
   90    230  1.6040e-16  3.6891e-14
   90    232  4.8310e-11  1.1208e-08
   91    231  4.8762e-16  1.1264e-13
   92    234  5.2229e-16  1.2222e-13
   92    235  1.0509e-11  2.4697e-09
   92    236  2.9226e-14  6.8972e-12
   92    238  9.5017e-12  2.2614e-09
   94    240  5.7843e-18  1.3882e-15
   94    244  7.0409e-14  1.7180e-11
   97    246  1.1026e-15  2.7125e-13
  100    258  1.2521e-13  3.2303e-11
  100    260  9.6666e-14  2.5133e-11
  100    262  3.1223e-14  8.1803e-12
  102    261  4.9217e-14  1.2846e-11
  102    263  1.8285e-14  4.8088e-12
  102    264  1.2352e-14  3.2609e-12
  102    266  2.6871e-15  7.1477e-13
  103    265  4.9651e-15  1.3157e-12
  104    267  5.7642e-16  1.5390e-13
  104    268  2.7531e-16  7.3783e-14
  104    270  3.4186e-17  9.2303e-15
  104    272  2.3153e-18  6.2976e-16
  104    274  1.5213e-19  4.1682e-17
  105    269  1.6835e-16  4.5287e-14
  105    271  6.4883e-18  1.7583e-15
  106    273  7.2350e-19  1.9751e-16
  106    275  1.4403e-20  3.9607e-18
    1      1  6.3154e-10  6.3154e-10
    2      4  1.8558e-01  7.4233e-01


