    1      2  3.8258e-04  7.6517e-04
    1      3  1.0536e-20  3.1608e-20
    2      3  5.3828e-06  1.6148e-05
    3      7  1.7708e-10  1.2396e-09
    4      8  1.5570e-07  1.2456e-06
    4      9  2.9290e-10  2.6361e-09
    5     10  3.5345e-09  3.5345e-08
    5     11  7.2636e-09  7.9900e-08
    6     12  5.0895e-09  6.1073e-08
    6     13  1.0269e-08  1.3350e-07
    7     14  1.4863e-06  2.0808e-05
    7     15  1.2432e-06  1.8647e-05
    8     16  4.1740e-06  6.6783e-05
    8     17  4.9097e-08  8.3465e-07
    8     18  1.1977e-06  2.1559e-05
    9     19  6.0111e-08  1.1421e-06
   10     20  1.9546e-06  3.9092e-05
   10     21  8.3544e-08  1.7544e-06
   10     22  2.3368e-06  5.1410e-05
   11     23  1.0354e-06  2.3815e-05
   12     24  2.0335e-06  4.8804e-05
   12     25  7.6627e-07  1.9157e-05
   12     26  9.6310e-07  2.5041e-05
   13     27  1.1008e-08  2.9721e-07
   14     28  3.8828e-07  1.0872e-05
   14     29  3.1629e-08  9.1723e-07
   14     30  5.9707e-09  1.7912e-07
   15     31  1.1247e-08  3.4866e-07
   16     32  1.6677e-07  5.3367e-06
   16     33  1.4621e-08  4.8248e-07
   16     34  1.4822e-07  5.0395e-06
   16     36  4.1034e-07  1.4772e-05
   17     35  2.2245e-08  7.7857e-07
   17     37  2.2607e-08  8.3647e-07
   18     36  7.7705e-14  2.7974e-12
   18     38  1.0375e-07  3.9426e-06
   18     40  4.0616e-10  1.6246e-08
   19     39  2.6620e-09  1.0382e-07
   19     40  3.9218e-19  1.5687e-17
   19     41  4.8475e-11  1.9875e-09
   20     40  1.1312e-19  4.5249e-18
   20     42  4.3427e-10  1.8239e-08
   20     43  6.7538e-11  2.9041e-09
   20     44  8.6564e-10  3.8088e-08
   20     46  4.5479e-10  2.0920e-08
   21     45  1.5737e-10  7.0817e-09
   22     46  1.5732e-17  7.2365e-16
   22     47  2.0007e-10  9.4032e-09
   22     48  7.7666e-09  3.7280e-07
   22     49  2.7236e-10  1.3345e-08
   22     50  2.9566e-10  1.4783e-08
   23     51  6.3743e-11  3.2509e-09
   24     52  1.1067e-10  5.7547e-09
   24     53  5.6056e-11  2.9710e-09
   24     54  7.1570e-11  3.8648e-09
   25     55  1.8727e-11  1.0300e-09
   26     56  4.1610e-11  2.3302e-09
   26     57  3.6143e-11  2.0601e-09
   26     58  2.2292e-10  1.2929e-08
   27     59  2.6061e-12  1.5376e-10
   28     60  7.2068e-10  4.3241e-08
   28     61  2.0939e-12  1.2773e-10
   28     62  1.7785e-11  1.1027e-09
   28     64  4.1504e-10  2.6562e-08
   29     63  4.2290e-11  2.6643e-09
   29     65  2.2365e-12  1.4537e-10
   30     64  6.2963e-20  4.0296e-18
   30     66  2.6008e-11  1.7165e-09
   30     67  3.3265e-12  2.2287e-10
   30     68  3.7488e-11  2.5492e-09
   30     70  5.0266e-11  3.5186e-09
   31     69  4.7362e-12  3.2680e-10
   31     71  7.0081e-12  4.9758e-10
   32     70  3.2015e-14  2.2411e-12
   32     72  4.5838e-11  3.3003e-09
   32     73  1.2561e-11  9.1697e-10
   32     74  1.0736e-10  7.9444e-09
   32     76  1.4097e-10  1.0714e-08
   33     75  3.1302e-11  2.3477e-09
   34     76  2.1919e-13  1.6659e-11
   34     77  5.2574e-12  4.0482e-10
   34     78  1.3645e-10  1.0643e-08
   34     80  3.5788e-10  2.8630e-08
   34     82  2.7991e-10  2.2953e-08
   35     79  4.3480e-11  3.4349e-09
   35     81  3.8233e-11  3.0969e-09
   36     82  1.0116e-12  8.2951e-11
   36     83  1.0552e-11  8.7579e-10
   36     84  3.9706e-11  3.3353e-09
   36     86  1.6587e-10  1.4265e-08
   37     85  5.8973e-11  5.0127e-09
   37     87  6.1598e-11  5.3590e-09
   38     86  2.8963e-18  2.4909e-16
   38     87  4.5100e-13  3.9237e-11
   38     88  6.4427e-11  5.6696e-09
   39     89  4.8123e-11  4.2829e-09
   40     90  4.0629e-11  3.6566e-09
   40     91  1.2119e-11  1.1028e-09
   40     92  2.9155e-11  2.6823e-09
   40     94  3.1850e-11  2.9939e-09
   41     93  2.9990e-11  2.7891e-09
   42     95  1.3348e-11  1.2681e-09
   42     96  1.0103e-10  9.6990e-09
   42     97  1.7139e-11  1.6625e-09
   42     98  3.5950e-11  3.5231e-09
   42    100  2.9187e-11  2.9187e-09
   44     99  1.0032e-11  9.9313e-10
   44    100  2.4303e-12  2.4303e-10
   44    101  4.3456e-12  4.3890e-10
   44    102  1.1909e-11  1.2147e-09
   44    104  1.1111e-11  1.1555e-09
   45    103  4.7285e-12  4.8704e-10
   46    104  4.4929e-17  4.6726e-15
   46    105  5.7470e-12  6.0344e-10
   46    106  1.0573e-11  1.1208e-09
   46    108  1.4919e-11  1.6112e-09
   46    110  2.1332e-11  2.3465e-09
   47    107  4.1206e-12  4.4091e-10
   47    109  3.8951e-12  4.2457e-10
   48    110  1.8509e-14  2.0359e-12
   48    111  3.4643e-12  3.8454e-10
   48    112  8.9274e-12  9.9986e-10
   48    113  5.8180e-12  6.5743e-10
   48    114  2.0227e-11  2.3059e-09
   48    116  1.3928e-11  1.6156e-09
   49    113  2.5605e-19  2.8934e-17
   49    115  1.1954e-11  1.3747e-09
   50    115  9.5373e-18  1.0968e-15
   50    116  2.3616e-13  2.7395e-11
   50    117  2.5581e-12  2.9929e-10
   50    118  1.6865e-11  1.9901e-09
   50    119  5.9460e-12  7.0757e-10
   50    120  2.8177e-11  3.3813e-09
   50    122  4.5743e-11  5.5807e-09
   50    124  4.3375e-11  5.3785e-09
   51    121  7.6841e-12  9.2978e-10
   51    123  1.5994e-12  1.9673e-10
   52    122  1.0130e-14  1.2359e-12
   52    124  1.1879e-15  1.4730e-13
   52    125  1.4171e-11  1.7714e-09
   52    126  8.6099e-11  1.0848e-08
   52    128  8.0009e-11  1.0241e-08
   52    130  2.4000e-10  3.1200e-08
   53    127  4.7993e-12  6.0952e-10
   53    129  1.6677e-18  2.1513e-16
   54    128  4.6766e-16  5.9860e-14
   54    129  3.5816e-11  4.6202e-09
   54    130  9.8178e-14  1.2763e-11
   54    131  6.2239e-10  8.1533e-08
   54    132  2.2503e-09  2.9704e-07
   54    134  4.3145e-09  5.7814e-07
   54    136  7.7586e-10  1.0552e-07
   55    133  2.7108e-09  3.6054e-07
   56    134  3.8863e-14  5.2076e-12
   56    135  1.6425e-09  2.2174e-07
   56    136  1.4303e-12  1.9453e-10
   56    137  2.6185e-11  3.5873e-09
   56    138  8.1092e-11  1.1191e-08
   57    139  6.4366e-11  8.9469e-09
   58    140  1.2451e-10  1.7432e-08
   58    142  4.3970e-12  6.2437e-10
   59    141  8.1118e-12  1.1438e-09
   60    142  2.5319e-17  3.5953e-15
   60    143  6.6350e-12  9.4881e-10
   60    144  1.9594e-11  2.8216e-09
   60    145  1.7781e-12  2.5783e-10
   60    146  4.9063e-12  7.1633e-10
   60    148  6.9626e-12  1.0305e-09
   60    150  9.3427e-12  1.4014e-09
   62    147  5.3482e-12  7.8618e-10
   62    148  2.2321e-13  3.3035e-11
   62    149  4.6022e-13  6.8573e-11
   62    150  3.8668e-14  5.8002e-12
   62    152  2.2840e-12  3.4717e-10
   62    154  1.8101e-12  2.7876e-10
   63    151  5.5147e-13  8.3272e-11
   63    153  1.1149e-12  1.7058e-10
   64    154  8.1498e-16  1.2551e-13
   64    155  2.7845e-13  4.3159e-11
   64    156  9.5770e-13  1.4940e-10
   64    157  2.4646e-13  3.8694e-11
   64    158  4.1809e-13  6.6058e-11
   64    160  9.4144e-13  1.5063e-10
   65    159  9.1748e-14  1.4588e-11
   66    160  1.8012e-17  2.8819e-15
   66    161  7.0448e-14  1.1342e-11
   66    162  1.9067e-13  3.0888e-11
   66    163  8.2011e-14  1.3368e-11
   66    164  1.6321e-13  2.6766e-11
   67    165  1.8448e-13  3.0440e-11
   68    166  2.6306e-13  4.3668e-11
   68    167  1.8158e-13  3.0324e-11
   68    168  1.6308e-13  2.7397e-11
   68    170  2.0987e-13  3.5678e-11
   69    169  5.0043e-13  8.4573e-11
   70    170  5.4499e-17  9.2648e-15
   70    171  1.8111e-13  3.0969e-11
   70    172  8.5649e-14  1.4732e-11
   70    173  5.7392e-14  9.9289e-12
   70    174  4.0826e-13  7.1037e-11
   70    176  2.0403e-13  3.5909e-11
   71    175  1.0544e-13  1.8451e-11
   71    176  9.6171e-18  1.6926e-15
   72    176  9.0030e-20  1.5845e-17
   72    177  1.4028e-13  2.4830e-11
   72    178  1.1654e-13  2.0744e-11
   72    179  1.0310e-13  1.8455e-11
   72    180  1.5764e-13  2.8375e-11
   73    181  8.9296e-13  1.6163e-10
   74    182  3.6128e-13  6.5754e-11
   74    183  7.9498e-14  1.4548e-11
   74    184  5.2387e-14  9.6392e-12
   74    186  4.2049e-14  7.8212e-12
   75    185  3.2285e-14  5.9728e-12
   75    187  1.0056e-13  1.8806e-11
   76    186  4.5271e-20  8.4204e-18
   76    187  8.1722e-16  1.5282e-13
   76    188  4.4837e-14  8.4294e-12
   76    189  2.0873e-13  3.9451e-11
   76    190  1.4736e-13  2.7999e-11
   76    192  1.2297e-12  2.3611e-10
   77    191  3.6953e-13  7.0581e-11
   77    193  1.0560e-13  2.0380e-11
   78    192  8.0892e-18  1.5531e-15
   78    194  3.4653e-13  6.7227e-11
   78    195  3.2149e-13  6.2691e-11
   78    196  3.0446e-13  5.9674e-11
   78    198  1.0868e-12  2.1519e-10
   79    197  6.2793e-13  1.2370e-10
   80    198  1.0208e-16  2.0211e-14
   80    199  8.4039e-14  1.6724e-11
   80    200  2.3080e-13  4.6161e-11
   80    201  2.0702e-13  4.1611e-11
   80    202  3.3555e-13  6.7781e-11
   80    204  1.1985e-12  2.4450e-10
   81    203  5.0916e-13  1.0336e-10
   81    205  1.0755e-12  2.2047e-10
   82    204  1.6289e-19  3.3229e-17
   82    207  6.6644e-07  1.3795e-04
   82    208  1.6211e-10  3.3719e-08
   83    209  2.1447e-10  4.4824e-08
   83    214  3.5092e-15  7.5097e-13
   86    219  2.1582e-15  4.7264e-13
   86    220  9.4733e-17  2.0841e-14
   88    226  9.1954e-20  2.0782e-17
   88    228  2.3389e-18  5.3327e-16
   89    227  3.6255e-20  8.2298e-18
   90    230  4.3338e-18  9.9677e-16
   90    232  1.0238e-12  2.3753e-10
   91    231  5.4354e-17  1.2556e-14
   92    234  1.4112e-17  3.3022e-15
   92    235  1.1715e-12  2.7529e-10
   92    236  4.4118e-15  1.0412e-12
   92    238  2.5673e-13  6.1101e-11
   94    240  8.7328e-19  2.0959e-16
   94    244  1.0630e-14  2.5937e-12
   96    247  7.1395e-20  1.7635e-17
   97    246  5.6490e-17  1.3897e-14
  100    258  2.4034e-12  6.2008e-10
  100    260  1.3797e-11  3.5872e-09
  100    262  2.8460e-11  7.4564e-09
  102    261  2.8464e-11  7.4292e-09
  102    263  4.1546e-11  1.0927e-08
  102    264  1.6742e-11  4.4198e-09
  102    266  2.1215e-11  5.6432e-09
  103    265  3.1619e-11  8.3790e-09
  104    267  2.6260e-11  7.0113e-09
  104    268  4.7707e-12  1.2786e-09
  104    270  6.0715e-12  1.6393e-09
  104    272  1.3970e-12  3.7999e-10
  104    274  1.2340e-12  3.3812e-10
  105    269  3.0990e-12  8.3364e-10
  105    271  4.0230e-12  1.0902e-09
  106    273  1.9592e-12  5.3486e-10
  106    274  5.5354e-20  1.5167e-17
  106    275  4.9174e-12  1.3523e-09
  106    276  1.7665e-11  4.8755e-09
  106    278  4.5654e-12  1.2692e-09
  106    280  3.6205e-11  1.0138e-08
  107    277  9.2263e-12  2.5557e-09
  108    279  2.0179e-11  5.6299e-09
  108    280  1.7968e-20  5.0309e-18
  108    281  2.3206e-11  6.5209e-09
  108    282  7.0734e-11  1.9947e-08
  108    283  2.5417e-10  7.1931e-08
  108    284  1.2679e-09  3.6008e-07
  108    286  7.2397e-09  2.0705e-06
  110    285  5.3347e-09  1.5204e-06
  110    286  5.0841e-13  1.4540e-10
  110    287  5.7429e-09  1.6482e-06
  110    288  6.5941e-09  1.8991e-06
  110    290  6.9503e-09  2.0156e-06
  111    289  6.3165e-09  1.8255e-06
  111    290  2.0019e-13  5.8055e-11
  111    291  1.6922e-08  4.9242e-06
  111    292  1.2574e-07  3.6717e-05
  111    293  5.8955e-08  1.7274e-05
  111    294  1.2425e-07  3.6528e-05
  111    295  2.1275e-07  6.2762e-05
  111    296  5.0983e-07  1.5091e-04
  111    297  3.9107e-07  1.1615e-04
  111    298  3.2487e-06  9.6811e-04
  111    299  2.6988e-09  8.0693e-07
  111    300  1.8399e-08  5.5196e-06
  111    301  1.5557e-08  4.6826e-06
  111    302  1.5183e-08  4.5851e-06
  111    303  1.3377e-09  4.0532e-07
  111    304  7.4268e-10  2.2577e-07
  111    305  5.4022e-11  1.6477e-08
  111    306  8.9935e-11  2.7520e-08
  111    307  1.1269e-11  3.4595e-09
  111    308  4.0535e-12  1.2485e-09
  111    309  3.6978e-13  1.1426e-10
  111    310  1.8603e-12  5.7670e-10
  111    311  3.2658e-13  1.0157e-10
  111    312  9.0925e-13  2.8369e-10
  111    313  1.1579e-13  3.6243e-11
  111    314  7.7276e-13  2.4265e-10
  111    315  3.2826e-14  1.0340e-11
  111    316  1.0106e-12  3.1935e-10
  111    317  1.9589e-14  6.2097e-12
  111    318  4.7664e-13  1.5157e-10
  111    319  5.0777e-15  1.6198e-12
  111    320  9.4013e-14  3.0084e-11
  111    321  6.1000e-16  1.9581e-13
  111    322  7.0562e-15  2.2721e-12
  111    323  1.1229e-15  3.6269e-13
  111    324  1.2810e-15  4.1504e-13
  111    325  4.7467e-16  1.5427e-13
  111    326  2.1559e-16  7.0282e-14
  111    327  1.3220e-15  4.3230e-13
  111    328  4.1762e-16  1.3698e-13
  111    329  3.4383e-15  1.1312e-12
  111    330  4.5107e-16  1.4885e-13
  111    331  3.1837e-15  1.0538e-12
  111    332  3.0388e-16  1.0089e-13
  111    333  4.0563e-15  1.3507e-12
  111    334  2.6665e-16  8.9060e-14
  111    335  3.8372e-15  1.2855e-12
  111    336  1.4165e-16  4.7595e-14
  111    337  4.1912e-04  1.4124e-01
    1      1  1.2205e-02  1.2205e-02
    2      4  2.1099e-01  8.4395e-01


