    1      2  6.1580e-04  1.2316e-03
    1      3  1.9204e-20  5.7613e-20
    2      3  9.8113e-06  2.9434e-05
    3      7  1.2223e-10  8.5559e-10
    4      8  2.9318e-07  2.3455e-06
    4      9  1.5394e-10  1.3854e-09
    5     10  2.4910e-09  2.4910e-08
    5     11  5.3373e-09  5.8710e-08
    6     12  3.9819e-09  4.7783e-08
    6     13  7.9335e-09  1.0314e-07
    7     14  2.0117e-06  2.8164e-05
    7     15  1.6672e-06  2.5009e-05
    8     16  5.0215e-06  8.0344e-05
    8     17  5.1367e-08  8.7324e-07
    8     18  1.5396e-06  2.7712e-05
    9     19  9.6476e-08  1.8331e-06
   10     20  2.8261e-06  5.6522e-05
   10     21  1.0345e-07  2.1725e-06
   10     22  3.6382e-06  8.0041e-05
   11     23  1.6371e-06  3.7654e-05
   12     24  4.4225e-06  1.0614e-04
   12     25  1.5364e-06  3.8410e-05
   12     26  2.1165e-06  5.5029e-05
   13     27  2.2240e-08  6.0047e-07
   14     28  7.7375e-07  2.1665e-05
   14     29  6.7510e-08  1.9578e-06
   14     30  1.2737e-08  3.8211e-07
   15     31  2.2871e-08  7.0900e-07
   16     32  3.3585e-07  1.0747e-05
   16     33  2.9941e-08  9.8806e-07
   16     34  2.9079e-07  9.8869e-06
   16     36  9.2199e-07  3.3192e-05
   17     35  3.3725e-08  1.1804e-06
   17     37  5.2096e-08  1.9276e-06
   18     36  1.3865e-13  4.9912e-12
   18     38  2.4757e-07  9.4076e-06
   18     40  1.1030e-09  4.4121e-08
   19     39  6.7147e-09  2.6187e-07
   19     40  1.1914e-18  4.7656e-17
   19     41  1.1357e-10  4.6565e-09
   20     40  3.4263e-19  1.3705e-17
   20     42  1.0340e-09  4.3426e-08
   20     43  1.5825e-10  6.8049e-09
   20     44  2.0340e-09  8.9495e-08
   20     46  1.1205e-09  5.1543e-08
   21     45  3.8603e-10  1.7371e-08
   22     46  4.4800e-17  2.0608e-15
   22     47  3.8872e-10  1.8270e-08
   22     48  2.0027e-08  9.6128e-07
   22     49  6.2553e-10  3.0651e-08
   22     50  7.3154e-10  3.6577e-08
   23     51  1.4405e-10  7.3465e-09
   24     52  2.4724e-10  1.2857e-08
   24     53  1.2796e-10  6.7817e-09
   24     54  1.7455e-10  9.4256e-09
   25     55  4.4682e-11  2.4575e-09
   26     56  8.9207e-11  4.9956e-09
   26     57  8.6009e-11  4.9025e-09
   26     58  5.6026e-10  3.2495e-08
   27     59  6.1460e-12  3.6261e-10
   28     60  1.8776e-09  1.1265e-07
   28     61  5.3417e-12  3.2584e-10
   28     62  4.2535e-11  2.6371e-09
   28     64  1.1179e-09  7.1544e-08
   29     63  1.1053e-10  6.9633e-09
   29     65  5.8239e-12  3.7856e-10
   30     64  1.8063e-19  1.1560e-17
   30     66  6.3331e-11  4.1799e-09
   30     67  8.1457e-12  5.4576e-10
   30     68  8.5334e-11  5.8027e-09
   30     70  1.2080e-10  8.4561e-09
   31     69  9.7659e-12  6.7385e-10
   31     71  1.5511e-11  1.1013e-09
   32     70  7.4441e-14  5.2109e-12
   32     72  9.4253e-11  6.7862e-09
   32     73  2.6006e-11  1.8984e-09
   32     74  2.3169e-10  1.7145e-08
   32     76  3.4357e-10  2.6111e-08
   33     75  6.9636e-11  5.2227e-09
   34     76  5.3828e-13  4.0910e-11
   34     77  1.1398e-11  8.7768e-10
   34     78  3.0028e-10  2.3422e-08
   34     80  8.9062e-10  7.1249e-08
   34     82  7.7146e-10  6.3260e-08
   35     79  9.6868e-11  7.6525e-09
   35     81  9.4817e-11  7.6802e-09
   36     82  2.7476e-12  2.2531e-10
   36     83  2.5350e-11  2.1041e-09
   36     84  1.0665e-10  8.9582e-09
   36     86  4.6947e-10  4.0375e-08
   37     85  1.4173e-10  1.2047e-08
   37     87  1.6747e-10  1.4570e-08
   38     86  8.4057e-18  7.2289e-16
   38     87  1.2261e-12  1.0667e-10
   38     88  1.7528e-10  1.5425e-08
   39     89  1.4716e-10  1.3098e-08
   40     90  1.2211e-10  1.0990e-08
   40     91  3.6475e-11  3.3193e-09
   40     92  8.3906e-11  7.7193e-09
   40     94  1.0366e-10  9.7437e-09
   41     93  9.3524e-11  8.6978e-09
   42     95  4.0067e-11  3.8064e-09
   42     96  2.9955e-10  2.8757e-08
   42     97  4.8357e-11  4.6906e-09
   42     98  1.0280e-10  1.0075e-08
   42    100  8.5454e-11  8.5454e-09
   44     99  2.9110e-11  2.8819e-09
   44    100  7.8658e-12  7.8658e-10
   44    101  1.2766e-11  1.2894e-09
   44    102  3.4268e-11  3.4954e-09
   44    104  3.0888e-11  3.2124e-09
   45    103  1.3729e-11  1.4141e-09
   46    104  1.5796e-16  1.6428e-14
   46    105  1.6268e-11  1.7082e-09
   46    106  3.0346e-11  3.2167e-09
   46    108  4.2085e-11  4.5452e-09
   46    110  6.1556e-11  6.7711e-09
   47    107  1.1943e-11  1.2779e-09
   47    109  1.0967e-11  1.1954e-09
   48    110  5.7872e-14  6.3659e-12
   48    111  1.0013e-11  1.1114e-09
   48    112  2.4369e-11  2.7294e-09
   48    113  1.6776e-11  1.8957e-09
   48    114  5.7542e-11  6.5598e-09
   48    116  4.2457e-11  4.9250e-09
   49    113  7.3833e-19  8.3431e-17
   49    115  3.4945e-11  4.0187e-09
   50    115  2.7881e-17  3.2064e-15
   50    116  7.7201e-13  8.9553e-11
   50    117  6.9080e-12  8.0823e-10
   50    118  4.5978e-11  5.4254e-09
   50    119  1.6965e-11  2.0189e-09
   50    120  8.4464e-11  1.0136e-08
   50    122  1.4285e-10  1.7428e-08
   50    124  1.3586e-10  1.6847e-08
   51    121  2.3200e-11  2.8073e-09
   51    123  4.9170e-12  6.0479e-10
   52    122  3.3332e-14  4.0665e-12
   52    124  4.1178e-15  5.1061e-13
   52    125  4.3518e-11  5.4397e-09
   52    126  2.7369e-10  3.4485e-08
   52    128  2.2500e-10  2.8800e-08
   52    130  5.0769e-10  6.6000e-08
   53    127  1.4395e-11  1.8282e-09
   53    129  2.1187e-17  2.7331e-15
   54    128  1.6472e-15  2.1084e-13
   54    129  9.2221e-11  1.1896e-08
   54    130  2.8324e-13  3.6821e-11
   54    131  1.3403e-09  1.7557e-07
   54    132  5.0604e-09  6.6797e-07
   54    134  1.1490e-08  1.5397e-06
   54    136  2.4991e-09  3.3988e-07
   55    133  5.8199e-09  7.7404e-07
   56    134  1.0356e-13  1.3878e-11
   56    135  4.6860e-09  6.3262e-07
   56    136  4.7078e-12  6.4026e-10
   56    137  8.2416e-11  1.1291e-08
   56    138  2.2019e-10  3.0387e-08
   57    139  1.8777e-10  2.6100e-08
   58    140  4.0168e-10  5.6235e-08
   58    142  1.4751e-11  2.0946e-09
   59    141  2.7489e-11  3.8759e-09
   60    142  9.9403e-17  1.4115e-14
   60    143  2.2121e-11  3.1633e-09
   60    144  6.2579e-11  9.0114e-09
   60    145  5.7994e-12  8.4091e-10
   60    146  1.5082e-11  2.2019e-09
   60    148  2.3942e-11  3.5434e-09
   60    150  3.0905e-11  4.6358e-09
   62    147  1.7550e-11  2.5799e-09
   62    148  7.9550e-13  1.1773e-10
   62    149  1.5419e-12  2.2975e-10
   62    150  1.4033e-13  2.1050e-11
   62    152  7.4000e-12  1.1248e-09
   62    154  6.2940e-12  9.6927e-10
   63    151  1.8301e-12  2.7634e-10
   63    153  3.7132e-12  5.6812e-10
   64    154  2.9633e-15  4.5634e-13
   64    155  9.2230e-13  1.4296e-10
   64    156  3.1012e-12  4.8379e-10
   64    157  7.8948e-13  1.2395e-10
   64    158  1.3717e-12  2.1673e-10
   64    160  3.3460e-12  5.3536e-10
   65    159  3.0224e-13  4.8056e-11
   66    160  6.7870e-17  1.0859e-14
   66    161  2.2869e-13  3.6819e-11
   66    162  6.4576e-13  1.0461e-10
   66    163  2.6942e-13  4.3915e-11
   66    164  5.6823e-13  9.3189e-11
   67    165  5.9580e-13  9.8307e-11
   68    166  9.2248e-13  1.5313e-10
   68    167  6.2079e-13  1.0367e-10
   68    168  5.8354e-13  9.8035e-11
   68    170  7.8566e-13  1.3356e-10
   69    169  1.7479e-12  2.9540e-10
   70    170  2.1195e-16  3.6031e-14
   70    171  6.1343e-13  1.0490e-10
   70    172  2.8970e-13  4.9828e-11
   70    173  1.9727e-13  3.4128e-11
   70    174  1.4638e-12  2.5471e-10
   70    176  7.7745e-13  1.3683e-10
   71    175  3.8189e-13  6.6831e-11
   71    176  4.2151e-17  7.4186e-15
   72    176  3.9456e-19  6.9443e-17
   72    177  4.7582e-13  8.4219e-11
   72    178  4.1132e-13  7.3214e-11
   72    179  3.7240e-13  6.6660e-11
   72    180  5.9790e-13  1.0762e-10
   73    181  3.4522e-12  6.2486e-10
   74    182  1.5819e-12  2.8791e-10
   74    183  3.0198e-13  5.5263e-11
   74    184  1.4859e-13  2.7341e-11
   74    186  1.3801e-13  2.5670e-11
   75    185  9.4101e-14  1.7409e-11
   75    187  3.1789e-13  5.9445e-11
   76    186  1.8504e-19  3.4418e-17
   76    187  2.5831e-15  4.8303e-13
   76    188  1.4051e-13  2.6415e-11
   76    189  6.6060e-13  1.2485e-10
   76    190  4.9716e-13  9.4460e-11
   76    192  5.0776e-12  9.7489e-10
   77    191  1.1644e-12  2.2240e-10
   77    193  4.3814e-13  8.4560e-11
   78    192  3.1276e-17  6.0051e-15
   78    194  1.4206e-12  2.7560e-10
   78    195  1.0806e-12  2.1072e-10
   78    196  1.0842e-12  2.1251e-10
   78    198  4.3397e-12  8.5925e-10
   79    197  2.0699e-12  4.0777e-10
   80    198  4.2242e-16  8.3640e-14
   80    199  3.1969e-13  6.3619e-11
   80    200  8.3432e-13  1.6686e-10
   80    201  6.5514e-13  1.3168e-10
   80    202  1.1199e-12  2.2622e-10
   80    204  4.1680e-12  8.5026e-10
   81    203  1.5713e-12  3.1898e-10
   81    205  3.8665e-12  7.9264e-10
   82    204  6.5029e-19  1.3266e-16
   82    206  1.2764e-11  2.6294e-09
   82    207  1.0820e-10  2.2398e-08
   82    208  1.7558e-11  3.6520e-09
   82    214  1.4606e-14  3.1258e-12
   83    209  5.6110e-11  1.1727e-08
   84    215  3.4533e-13  7.4246e-11
   84    216  1.6626e-14  3.5913e-12
   85    218  9.5729e-19  2.0869e-16
   88    226  3.2003e-19  7.2326e-17
   88    228  7.3326e-18  1.6718e-15
   89    227  1.0075e-19  2.2870e-17
   90    230  1.5083e-17  3.4690e-15
   90    232  3.2097e-12  7.4466e-10
   91    231  1.5105e-16  3.4892e-14
   92    234  4.9113e-17  1.1493e-14
   92    235  3.2554e-12  7.6503e-10
   92    236  1.6203e-14  3.8239e-12
   92    238  8.9348e-13  2.1265e-10
   94    240  3.2070e-18  7.6969e-16
   94    244  3.9037e-14  9.5250e-12
   96    247  8.8622e-19  2.1890e-16
   97    246  2.0065e-16  4.9360e-14
  100    258  6.6750e-12  1.7221e-09
  100    260  3.2380e-11  8.4188e-09
  100    262  1.5712e-10  4.1166e-08
  102    260  1.2802e-20  3.3285e-18
  102    261  1.1560e-10  3.0171e-08
  102    263  1.7346e-10  4.5619e-08
  102    264  9.7538e-11  2.5750e-08
  102    266  3.0211e-11  8.0362e-09
  103    265  9.2004e-11  2.4381e-08
  104    267  3.1263e-12  8.3473e-10
  104    268  1.1685e-12  3.1317e-10
  104    270  4.7785e-12  1.2902e-09
  104    272  1.8328e-12  4.9853e-10
  104    274  1.6892e-12  4.6284e-10
  105    269  3.8078e-12  1.0243e-09
  105    271  2.9138e-12  7.8963e-10
  106    273  2.3195e-12  6.3322e-10
  106    275  6.7829e-12  1.8653e-09
  106    276  1.7233e-11  4.7564e-09
  106    278  5.3994e-12  1.5010e-09
  106    280  3.5076e-11  9.8213e-09
  107    277  6.6357e-12  1.8381e-09
  108    279  2.6674e-11  7.4420e-09
  108    281  2.2517e-11  6.3273e-09
  108    282  1.3052e-10  3.6806e-08
  108    283  7.6153e-11  2.1551e-08
  108    284  3.1638e-12  8.9853e-10
  108    286  9.4660e-14  2.7073e-11
  110    285  9.6575e-11  2.7524e-08
  110    286  7.4123e-16  2.1199e-13
  110    287  2.3441e-13  6.7276e-11
  110    288  6.8650e-14  1.9771e-11
  110    290  4.9146e-12  1.4252e-09
  111    289  8.0519e-14  2.3270e-11
  111    290  1.5752e-19  4.5681e-17
  111    291  9.9614e-12  2.8988e-09
  111    292  6.2879e-11  1.8361e-08
  111    293  5.8551e-11  1.7156e-08
  111    294  1.0733e-09  3.1555e-07
  111    295  5.6697e-10  1.6726e-07
  111    296  2.4485e-08  7.2475e-06
  111    297  2.5594e-08  7.6014e-06
  111    298  1.4162e-07  4.2204e-05
  111    299  5.4972e-10  1.6437e-07
  111    300  1.2483e-10  3.7449e-08
  111    301  1.4308e-08  4.3068e-06
  111    302  8.4234e-09  2.5439e-06
  111    303  9.7458e-10  2.9530e-07
  111    304  1.3880e-09  4.2195e-07
  111    305  2.9881e-10  9.1138e-08
  111    306  3.9692e-10  1.2146e-07
  111    307  2.2045e-11  6.7677e-09
  111    308  1.9000e-11  5.8520e-09
  111    309  2.1259e-12  6.5689e-10
  111    310  1.0168e-11  3.1519e-09
  111    311  1.1907e-12  3.7032e-10
  111    312  2.5229e-12  7.8714e-10
  111    313  2.7769e-13  8.6918e-11
  111    314  2.0539e-12  6.4492e-10
  111    315  1.7281e-09  5.4435e-07
  111    316  9.1223e-10  2.8826e-07
  111    317  1.9995e-10  6.3386e-08
  111    318  3.7398e-07  1.1893e-04
  111    319  1.5921e-07  5.0790e-05
  111    320  2.9461e-07  9.4275e-05
  111    321  4.0698e-07  1.3064e-04
  111    322  4.5501e-07  1.4651e-04
  111    323  3.6873e-07  1.1910e-04
  111    324  4.3632e-07  1.4137e-04
  111    325  4.4416e-07  1.4435e-04
  111    326  6.3228e-07  2.0612e-04
  111    327  4.7257e-07  1.5453e-04
  111    328  5.6156e-07  1.8419e-04
  111    329  5.4601e-07  1.7964e-04
  111    330  4.4482e-07  1.4679e-04
  111    331  6.1443e-07  2.0337e-04
  111    332  6.8690e-07  2.2805e-04
  111    333  7.5793e-07  2.5239e-04
  111    334  2.4813e-07  8.2876e-05
  111    335  1.6174e-06  5.4182e-04
  111    336  1.0963e-05  3.6835e-03
  111    337  6.4228e-04  2.1645e-01
    1      1  1.6313e-02  1.6313e-02
    2      4  1.8961e-01  7.5846e-01


