    4      8  5.7141e-18  4.5713e-17
    7     14  2.9673e-18  4.1542e-17
    7     15  1.2293e-20  1.8439e-19
   12     24  5.8398e-19  1.4016e-17
   13     27  6.4934e-20  1.7532e-18
   14     28  5.5831e-16  1.5633e-14
   14     29  1.9523e-19  5.6617e-18
   14     30  7.9573e-19  2.3872e-17
   15     31  1.1855e-16  3.6750e-15
   16     32  1.7752e-13  5.6806e-12
   16     33  5.2953e-16  1.7475e-14
   16     34  1.5820e-12  5.3787e-11
   16     36  7.9334e-15  2.8560e-13
   17     35  3.2958e-13  1.1535e-11
   17     37  1.6657e-15  6.1632e-14
   18     38  2.6715e-13  1.0152e-11
   18     40  5.6733e-12  2.2693e-10
   19     39  3.2557e-16  1.2697e-14
   19     41  4.4020e-15  1.8048e-13
   20     42  5.6977e-13  2.3930e-11
   20     43  3.3859e-11  1.4559e-09
   20     44  1.5032e-10  6.6140e-09
   20     46  9.5066e-07  4.3730e-05
   21     45  1.0314e-11  4.6411e-10
   22     47  8.6393e-06  4.0605e-04
   22     48  4.2041e-03  2.0180e-01
   22     49  5.2218e-04  2.5587e-02
   22     50  4.1465e-03  2.0732e-01
   23     51  8.7364e-05  4.4556e-03
   24     52  5.5052e-06  2.8627e-04
   24     53  2.2989e-06  1.2184e-04
   24     54  1.4421e-04  7.7876e-03
   25     55  2.5272e-06  1.3900e-04
   26     56  5.1069e-07  2.8599e-05
   26     57  2.9305e-07  1.6704e-05
   26     58  1.0267e-05  5.9548e-04
   27     59  9.8813e-09  5.8300e-07
   28     60  2.3916e-07  1.4350e-05
   28     61  1.4099e-06  8.6005e-05
   28     62  7.5755e-07  4.6968e-05
   28     64  2.7565e-05  1.7641e-03
   29     63  1.2196e-06  7.6832e-05
   29     65  1.3142e-07  8.5425e-06
   30     66  6.0950e-06  4.0227e-04
   30     67  1.9846e-05  1.3297e-03
   30     68  1.2669e-04  8.6151e-03
   30     70  9.0395e-04  6.3277e-02
   31     69  1.6001e-06  1.1040e-04
   31     71  7.8038e-07  5.5407e-05
   32     70  3.8526e-16  2.6968e-14
   32     72  1.4250e-04  1.0260e-02
   32     73  6.0902e-05  4.4458e-03
   32     74  1.0432e-05  7.7194e-04
   32     76  1.3758e-03  1.0456e-01
   33     75  1.1172e-04  8.3792e-03
   34     76  9.0765e-14  6.8982e-12
   34     77  6.3275e-06  4.8722e-04
   34     78  4.0010e-04  3.1208e-02
   34     80  2.2078e-04  1.7663e-02
   34     82  2.6262e-03  2.1535e-01
   35     79  4.9169e-04  3.8844e-02
   35     81  6.2624e-05  5.0725e-03
   36     82  3.4660e-14  2.8421e-12
   36     83  2.9858e-04  2.4782e-02
   36     84  1.6110e-04  1.3532e-02
   36     86  1.7303e-06  1.4881e-04
   37     85  1.1898e-06  1.0114e-04
   37     87  1.4035e-07  1.2211e-05
   38     87  1.0275e-09  8.9393e-08
   38     88  2.1382e-08  1.8816e-06
   39     89  2.1374e-09  1.9023e-07
   40     90  1.2040e-08  1.0836e-06
   40     91  1.9855e-10  1.8068e-08
   40     92  3.7852e-12  3.4823e-10
   40     94  1.6258e-12  1.5283e-10
   41     93  1.1509e-11  1.0703e-09
   42     95  5.9725e-15  5.6739e-13
   42     96  2.1321e-15  2.0468e-13
   42     97  5.9390e-16  5.7608e-14
   42     98  3.5661e-17  3.4948e-15
   42    100  1.5835e-17  1.5835e-15
   44     99  2.1005e-17  2.0795e-15
   44    101  4.2551e-19  4.2977e-17
   44    102  8.6785e-18  8.8520e-16
   45    103  7.2557e-20  7.4733e-18
    1      1  7.9540e-15  7.9540e-15
    2      4  9.3125e-14  3.7250e-13


