1  3.0084e-09
2  5.4843e-09
3  4.9814e-10
4  2.3429e-01
5  0.0000e+00
6  1.5565e-11
7  5.0226e-10
8  3.5398e-10
9  1.2462e-10
10  4.6318e-09
11  1.8597e-09
12  1.6355e-09
13  7.9361e-08
14  1.2489e-07
15  2.3529e-06
16  7.4004e-08
17  2.4937e-09
18  1.7718e-08
19  2.5847e-07
20  3.7213e-07
21  3.4267e-07
22  3.9384e-09
23  5.4799e-07
24  1.8850e-07
25  2.4125e-07
26  2.8370e-08
27  1.5302e-07
28  3.9373e-07
29  8.9102e-08
30  5.5913e-08
31  4.3045e-08
32  1.0219e-07
33  6.9181e-07
34  5.3943e-07
35  2.0480e-08
36  2.3535e-08
37  1.1886e-08
38  4.9515e-08
39  4.1972e-08
40  1.6351e-08
41  7.3200e-08
42  2.8116e-07
43  7.8761e-08
44  5.6676e-08
45  6.3023e-08
46  3.0158e-08
47  3.4238e-08
48  6.9196e-08
49  4.4453e-08
50  3.6444e-08
51  1.2674e-08
52  6.8675e-08
53  5.5613e-08
54  2.7760e-08
55  1.9910e-08
56  4.3782e-08
57  8.8901e-08
58  3.4902e-09
59  4.1624e-09
60  8.6391e-09
61  1.5201e-08
62  2.1183e-08
63  1.2089e-07
64  8.0229e-08
65  6.2060e-08
66  1.5795e-07
67  6.2454e-08
68  5.2760e-08
69  2.8437e-08
70  7.7196e-08
71  1.5288e-08
72  4.9951e-08
73  4.5525e-08
74  2.5149e-07
75  9.4793e-07
76  9.1120e-07
77  6.9277e-07
78  9.1685e-07
79  1.5268e-06
80  3.4902e-06
81  7.2564e-07
82  1.8708e-07
83  4.6786e-07
84  2.7340e-07
85  2.5417e-07
86  5.8762e-07
87  4.4267e-07
88  1.6079e-07
89  5.7255e-08
90  9.7984e-08
91  3.7478e-08
92  2.0293e-07
93  1.7031e-07
94  4.7154e-07
95  1.9365e-07
96  1.3195e-07
97  7.3089e-08
98  3.1517e-08
99  3.5489e-08
100  4.8010e-08
101  7.5861e-08
102  6.9841e-08
103  9.1438e-08
104  1.0691e-07
105  1.0654e-07
106  2.0975e-07
107  1.8864e-07
108  2.5582e-07
109  1.8450e-07
110  1.8623e-07
111  3.7478e-08
112  6.6681e-08
113  2.3539e-08
114  1.5797e-08
115  1.0166e-08
116  6.7336e-09
117  1.6713e-08
118  2.8458e-08
119  2.9687e-08
120  1.6909e-07
121  2.0095e-07
122  5.0079e-07
123  6.4693e-07
124  2.7077e-06
125  4.1007e-06
126  9.1537e-06
127  5.5434e-06
128  5.6799e-06
129  1.3351e-05
130  1.0494e-05
131  5.6926e-06
132  2.4259e-06
133  3.5613e-06
134  3.9724e-06
135  1.8968e-06
136  1.3953e-06
137  1.3095e-06
138  1.4863e-06
139  5.5772e-07
140  9.0087e-07
141  4.7757e-06
142  1.9072e-06
143  3.1412e-07
144  1.4458e-07
145  8.5365e-08
146  1.5708e-07
147  1.9745e-07
148  3.1543e-07
149  2.2706e-07
150  3.0935e-07
151  3.1009e-07
152  4.3566e-07
153  3.2048e-07
154  7.0462e-07
155  4.0955e-07
156  8.5654e-07
157  5.8046e-07
158  1.1870e-06
159  6.0624e-07
160  1.0084e-06
161  4.9536e-07
162  1.1442e-06
163  6.4608e-07
164  1.6852e-06
165  8.6773e-07
166  1.8842e-06
167  7.9352e-07
168  1.4171e-06
169  1.2302e-06
170  9.5035e-07
171  7.5248e-07
172  6.4946e-07
173  6.6830e-07
174  9.2283e-07
175  6.7702e-07
176  6.4655e-07
177  8.0566e-07
178  7.5481e-07
179  6.0567e-07
180  4.7017e-07
181  4.4341e-07
182  5.3639e-07
183  3.4558e-07
184  6.8263e-07
185  5.4879e-07
186  1.7216e-06
187  1.3738e-06
188  3.7153e-06
189  5.8701e-06
190  1.3212e-05
191  1.3901e-05
192  2.2316e-05
193  3.1090e-05
194  3.2881e-05
195  2.7402e-05
196  1.1793e-05
197  3.8503e-06
198  7.9872e-07
199  3.1292e-07
200  2.5300e-07
201  1.7005e-07
202  2.3667e-07
203  2.8621e-07
204  3.9548e-07
205  3.9215e-07
206  8.3892e-06
207  8.0337e-06
208  6.7124e-06
209  1.0388e-05
210  5.0436e-13
211  1.4973e-18
212  1.7602e-18
213  3.2859e-44
214  2.6415e-19
215  4.1278e-25
216  2.0394e-24
217  1.9773e-93
218  4.5396e-21
219  5.7938e-22
220  7.8202e-22
221  -6.6160e-320
222  8.0587e-18
223  1.4455e-16
224  4.4166e-18
225  1.9804e-40
226  1.2331e-12
227  1.0075e-13
228  1.4203e-11
229  7.3868e-30
230  5.8116e-11
231  1.5070e-10
232  6.2168e-06
233  2.6399e-27
234  1.8924e-10
235  3.2479e-06
236  1.8604e-08
237  -4.4129e-319
238  3.4427e-06
239  1.2164e-17
240  3.6829e-12
241  0.0000e+00
242  1.0211e-123
243  3.7186e-18
244  4.4829e-08
245  0.0000e+00
246  6.5065e-10
247  7.8485e-15
248  9.3620e-123
249  0.0000e+00
250  0.0000e+00
251  -8.0996e-315
252  0.0000e+00
253  0.0000e+00
254  0.0000e+00
255  0.0000e+00
256  0.0000e+00
257  5.4952e-26
258  1.1148e-06
259  7.9008e-26
260  9.8174e-07
261  6.9473e-07
262  7.9405e-07
263  7.6630e-07
264  7.9877e-07
265  5.6243e-07
266  7.6277e-07
267  4.0783e-07
268  3.6728e-07
269  6.0595e-07
270  4.2191e-07
271  3.3370e-07
272  3.2786e-07
273  2.5230e-07
274  2.4974e-07
275  1.2164e-07
276  1.0314e-07
277  2.8125e-08
278  2.1725e-08
279  5.1208e-09
280  1.5579e-09
281  5.8259e-10
282  9.8799e-10
283  7.3376e-10
284  1.1081e-09
285  1.0653e-09
286  1.0377e-09
287  1.1244e-09
288  8.7461e-10
289  4.7283e-10
290  5.1966e-10
291  2.7270e-10
292  2.0458e-09
293  9.7202e-10
294  1.2920e-09
295  3.8848e-10
296  6.3220e-10
297  2.0811e-10
298  2.5743e-11
299  2.0121e-11
300  6.4207e-12
301  3.3510e-10
302  2.2536e-10
303  1.9358e-10
304  1.2202e-10
305  7.3500e-11
306  1.4503e-10
307  7.7525e-11
308  4.7123e-11
309  8.6324e-12
310  3.1656e-11
311  1.4383e-11
312  1.0555e-11
313  1.3183e-11
314  1.6773e-11
315  3.7465e-12
316  1.9326e-11
317  8.1346e-12
318  7.8526e-12
319  4.6938e-12
320  4.8284e-12
321  1.3908e-13
322  7.6409e-14
323  2.0025e-14
324  2.0640e-14
325  2.0109e-15
326  1.6425e-15
327  7.9120e-16
328  2.6786e-17
329  4.3701e-17
330  1.2254e-17
331  3.4808e-18
332  2.1139e-18
333  8.8831e-19
334  1.8296e-18
335  3.5219e-19
336  1.1575e-19
337  1.9575e-18

