    1      2  1.2269e-14  2.4537e-14
    2      3  6.3738e-20  1.9121e-19
    3      6  2.5027e-18  1.5016e-17
    3      7  1.9545e-19  1.3682e-18
    4      9  1.1034e-18  9.9306e-18
    5     10  4.3047e-18  4.3047e-17
    5     11  3.5690e-19  3.9259e-18
    6     12  6.6063e-07  7.9276e-06
    6     13  5.8351e-12  7.5856e-11
    7     14  4.4764e-16  6.2670e-15
    7     15  8.0016e-20  1.2002e-18
    8     16  4.0291e-09  6.4466e-08
    8     17  5.4530e-16  9.2701e-15
    8     18  5.1380e-18  9.2483e-17
   10     20  4.8275e-09  9.6551e-08
   10     21  1.0968e-14  2.3032e-13
   10     22  4.4272e-18  9.7398e-17
   11     23  5.1565e-13  1.1860e-11
   12     24  6.5483e-09  1.5716e-07
   12     25  1.5325e-10  3.8313e-09
   12     26  2.3493e-11  6.1083e-10
   13     26  1.4029e-13  3.6474e-12
   13     27  1.0364e-09  2.7983e-08
   14     28  1.7933e-08  5.0212e-07
   14     29  2.7258e-09  7.9048e-08
   14     30  1.8718e-08  5.6153e-07
   15     31  6.8253e-09  2.1158e-07
   16     32  8.6736e-09  2.7756e-07
   16     33  1.8575e-09  6.1296e-08
   16     34  2.0545e-08  6.9852e-07
   16     36  5.1371e-08  1.8494e-06
   17     35  1.7065e-08  5.9727e-07
   17     37  2.3583e-08  8.7257e-07
   18     36  2.4356e-11  8.7682e-10
   18     38  5.8067e-08  2.2065e-06
   18     40  3.6449e-09  1.4580e-07
   19     39  9.6338e-09  3.7572e-07
   19     40  6.3696e-14  2.5478e-12
   19     41  1.4155e-09  5.8037e-08
   20     40  1.9354e-14  7.7417e-13
   20     42  5.6387e-08  2.3683e-06
   20     43  1.6025e-09  6.8909e-08
   20     44  6.8773e-09  3.0260e-07
   20     46  2.3297e-07  1.0717e-05
   21     45  2.0676e-08  9.3044e-07
   22     46  6.8000e-16  3.1280e-14
   22     47  5.6928e-08  2.6756e-06
   22     48  2.8429e-07  1.3646e-05
   22     49  6.0765e-08  2.9775e-06
   22     50  7.5148e-07  3.7574e-05
   23     51  6.8106e-07  3.4734e-05
   24     52  4.4942e-07  2.3370e-05
   24     53  1.0140e-07  5.3742e-06
   24     54  2.7287e-07  1.4735e-05
   25     55  7.7688e-09  4.2728e-07
   26     56  2.5176e-06  1.4099e-04
   26     57  3.3045e-07  1.8836e-05
   26     58  2.5339e-08  1.4697e-06
   27     59  7.5747e-08  4.4691e-06
   28     60  2.5926e-08  1.5556e-06
   28     61  3.9682e-08  2.4206e-06
   28     62  1.6458e-06  1.0204e-04
   28     64  4.3696e-07  2.7965e-05
   29     63  1.0841e-06  6.8298e-05
   29     65  7.5778e-07  4.9255e-05
   30     64  1.7507e-19  1.1205e-17
   30     66  1.8171e-06  1.1993e-04
   30     67  8.7744e-07  5.8788e-05
   30     68  5.3865e-06  3.6628e-04
   30     70  5.8244e-07  4.0771e-05
   31     69  7.2890e-07  5.0294e-05
   31     71  3.7816e-07  2.6850e-05
   32     70  1.5332e-14  1.0733e-12
   32     72  7.1204e-07  5.1267e-05
   32     73  3.7628e-07  2.7468e-05
   32     74  1.5725e-06  1.1637e-04
   32     76  6.0851e-06  4.6247e-04
   33     75  2.1588e-06  1.6191e-04
   34     76  3.7951e-13  2.8843e-11
   34     77  1.0561e-06  8.1318e-05
   34     78  1.4142e-06  1.1031e-04
   34     80  1.8169e-05  1.4535e-03
   34     82  1.9530e-05  1.6015e-03
   35     79  2.4503e-06  1.9357e-04
   35     81  3.4451e-06  2.7905e-04
   36     82  5.4178e-13  4.4426e-11
   36     83  9.9001e-07  8.2171e-05
   36     84  5.7426e-06  4.8238e-04
   36     86  6.7205e-06  5.7796e-04
   37     85  3.7412e-06  3.1801e-04
   37     87  3.4823e-06  3.0296e-04
   38     86  2.3611e-19  2.0306e-17
   38     87  2.5496e-08  2.2181e-06
   38     88  8.8775e-05  7.8122e-03
   39     89  6.0133e-05  5.3518e-03
   40     90  7.1062e-06  6.3956e-04
   40     91  9.4509e-06  8.6004e-04
   40     92  5.7241e-04  5.2662e-02
   40     94  8.5245e-05  8.0130e-03
   41     93  2.2088e-05  2.0542e-03
   42     95  1.7707e-04  1.6821e-02
   42     96  7.8447e-06  7.5309e-04
   42     97  4.7620e-06  4.6191e-04
   42     98  6.4593e-06  6.3301e-04
   42    100  1.0097e-04  1.0097e-02
   44     99  3.3394e-06  3.3060e-04
   44    100  1.2332e-12  1.2332e-10
   44    101  2.7073e-05  2.7343e-03
   44    102  2.7192e-04  2.7735e-02
   44    104  5.4664e-05  5.6850e-03
   45    103  8.6330e-05  8.8920e-03
   46    104  1.7244e-16  1.7934e-14
   46    105  1.2519e-05  1.3145e-03
   46    106  5.8053e-05  6.1536e-03
   46    107  6.1789e-20  6.6114e-18
   46    108  7.4344e-06  8.0291e-04
   46    110  1.0242e-06  1.1266e-04
   47    107  9.7233e-06  1.0404e-03
   47    109  1.1160e-05  1.2164e-03
   48    110  5.7374e-13  6.3111e-11
   48    111  2.5490e-07  2.8294e-05
   48    112  3.5108e-06  3.9321e-04
   48    113  4.2065e-07  4.7534e-05
   48    114  1.9954e-07  2.2748e-05
   48    116  8.5126e-08  9.8746e-06
   49    113  1.8513e-14  2.0920e-12
   49    115  5.6248e-07  6.4686e-05
   50    115  4.4878e-13  5.1610e-11
   50    116  1.8038e-13  2.0925e-11
   50    117  5.0960e-08  5.9623e-06
   50    118  6.7345e-08  7.9467e-06
   50    119  2.7018e-08  3.2152e-06
   50    120  7.0243e-08  8.4291e-06
   50    122  1.5442e-08  1.8839e-06
   50    124  2.7797e-09  3.4468e-07
   51    121  3.3035e-08  3.9973e-06
   51    123  2.4345e-09  2.9944e-07
   52    122  1.8406e-15  2.2455e-13
   52    124  1.9423e-18  2.4084e-16
   52    125  1.8868e-09  2.3585e-07
   52    126  4.1532e-09  5.2330e-07
   52    128  1.0600e-08  1.3568e-06
   52    130  4.0551e-10  5.2716e-08
   53    127  6.7251e-09  8.5409e-07
   53    129  1.2592e-16  1.6244e-14
   54    128  2.0560e-19  2.6317e-17
   54    129  2.1158e-09  2.7294e-07
   54    130  4.5656e-18  5.9353e-16
   54    131  1.3277e-11  1.7393e-09
   54    132  4.4275e-13  5.8443e-11
   54    134  1.3923e-17  1.8657e-15
   54    136  1.3785e-20  1.8747e-18
   55    133  5.0385e-16  6.7012e-14
   56    135  1.4577e-19  1.9678e-17
   56    137  3.5642e-20  4.8829e-18
    1      1  4.3664e-09  4.3664e-09
    2      4  2.0742e-01  8.2967e-01


