    1      2  5.9198e-09  1.1840e-08
    2      3  5.5196e-10  1.6559e-09
    3      6  1.6781e-11  1.0069e-10
    3      7  5.4979e-10  3.8485e-09
    4      8  4.5471e-10  3.6377e-09
    4      9  1.6467e-10  1.4820e-09
    5     10  6.7310e-09  6.7310e-08
    5     11  2.2237e-09  2.4460e-08
    6     12  1.7816e-09  2.1379e-08
    6     13  8.3827e-08  1.0897e-06
    7     14  1.0851e-07  1.5192e-06
    7     15  2.5334e-06  3.8001e-05
    8     16  7.7202e-08  1.2352e-06
    8     17  2.6787e-09  4.5539e-08
    8     18  1.9161e-08  3.4489e-07
    9     19  2.6806e-07  5.0931e-06
   10     20  3.8726e-07  7.7452e-06
   10     21  3.3222e-07  6.9766e-06
   10     22  3.8232e-09  8.4110e-08
   11     23  5.5043e-07  1.2660e-05
   12     24  1.9199e-07  4.6078e-06
   12     25  2.5300e-07  6.3249e-06
   12     26  3.1448e-08  8.1764e-07
   13     26  1.5937e-19  4.1437e-18
   13     27  1.4477e-07  3.9087e-06
   14     28  3.6342e-07  1.0176e-05
   14     29  8.6363e-08  2.5045e-06
   14     30  5.6229e-08  1.6869e-06
   15     31  4.0545e-08  1.2569e-06
   16     32  1.0047e-07  3.2150e-06
   16     33  6.5469e-07  2.1605e-05
   16     34  5.1235e-07  1.7420e-05
   16     36  2.3942e-08  8.6192e-07
   17     35  2.1096e-08  7.3834e-07
   17     37  1.0704e-08  3.9606e-07
   18     36  5.7058e-20  2.0541e-18
   18     38  4.6763e-08  1.7770e-06
   18     40  1.4917e-08  5.9667e-07
   19     39  4.0699e-08  1.5873e-06
   19     41  6.7806e-08  2.7800e-06
   20     42  2.6177e-07  1.0994e-05
   20     43  7.3081e-08  3.1425e-06
   20     44  5.4507e-08  2.3983e-06
   20     46  2.6430e-08  1.2158e-06
   21     45  5.9277e-08  2.6675e-06
   22     47  2.9875e-08  1.4041e-06
   22     48  5.9884e-08  2.8744e-06
   22     49  4.1569e-08  2.0369e-06
   22     50  3.6462e-08  1.8231e-06
   23     51  1.2173e-08  6.2082e-07
   24     52  6.3042e-08  3.2782e-06
   24     53  5.0499e-08  2.6765e-06
   24     54  2.4959e-08  1.3478e-06
   25     55  1.6289e-08  8.9592e-07
   26     56  3.4348e-08  1.9235e-06
   26     57  8.3622e-08  4.7664e-06
   26     58  3.2522e-09  1.8863e-07
   27     59  4.0580e-09  2.3942e-07
   28     60  8.5138e-09  5.1083e-07
   28     61  1.4654e-08  8.9389e-07
   28     62  1.8596e-08  1.1529e-06
   28     64  7.3769e-08  4.7212e-06
   29     63  1.1333e-07  7.1400e-06
   29     65  5.8728e-08  3.8173e-06
   30     66  1.4551e-07  9.6036e-06
   30     67  6.0799e-08  4.0735e-06
   30     68  4.6644e-08  3.1718e-06
   30     70  7.1983e-08  5.0388e-06
   31     69  2.5522e-08  1.7610e-06
   31     71  1.4565e-08  1.0341e-06
   32     70  2.3087e-16  1.6161e-14
   32     72  4.7295e-08  3.4053e-06
   32     73  4.1043e-08  2.9961e-06
   32     74  2.2657e-07  1.6766e-05
   32     76  8.2470e-07  6.2677e-05
   33     75  8.6194e-07  6.4646e-05
   34     76  4.0546e-14  3.0815e-12
   34     77  6.4738e-07  4.9848e-05
   34     78  8.5363e-07  6.6583e-05
   34     80  3.2691e-06  2.6153e-04
   34     82  1.7398e-07  1.4267e-05
   35     79  1.4098e-06  1.1137e-04
   35     81  6.6973e-07  5.4248e-05
   36     82  3.8248e-14  3.1363e-12
   36     83  4.3071e-07  3.5749e-05
   36     84  2.4871e-07  2.0892e-05
   36     86  5.3738e-07  4.6215e-05
   37     85  2.3167e-07  1.9692e-05
   37     87  4.0064e-07  3.4856e-05
   38     87  2.9336e-09  2.5522e-07
   38     88  1.4300e-07  1.2584e-05
   39     89  5.5041e-08  4.8987e-06
   40     90  9.3481e-08  8.4133e-06
   40     91  3.4228e-08  3.1148e-06
   40     92  1.7475e-07  1.6077e-05
   40     94  4.2918e-07  4.0343e-05
   41     93  1.5258e-07  1.4190e-05
   42     95  1.7948e-07  1.7050e-05
   42     96  1.2106e-07  1.1621e-05
   42     97  6.9808e-08  6.7714e-06
   42     98  2.7443e-08  2.6894e-06
   42    100  3.9498e-08  3.9498e-06
   44     99  3.0127e-08  2.9826e-06
   44    100  5.3699e-15  5.3699e-13
   44    101  6.1661e-08  6.2277e-06
   44    102  5.9154e-08  6.0337e-06
   44    104  9.2600e-08  9.6304e-06
   45    103  8.0030e-08  8.2431e-06
   46    104  2.3388e-19  2.4323e-17
   46    105  9.2782e-08  9.7421e-06
   46    106  1.8377e-07  1.9480e-05
   46    108  2.2742e-07  2.4561e-05
   46    110  1.7319e-07  1.9051e-05
   47    107  1.6734e-07  1.7905e-05
   47    109  1.6970e-07  1.8497e-05
   48    110  2.9710e-15  3.2681e-13
   48    111  3.4573e-08  3.8376e-06
   48    112  6.3503e-08  7.1124e-06
   48    113  2.2500e-08  2.5425e-06
   48    114  1.5515e-08  1.7687e-06
   48    116  5.9273e-09  6.8756e-07
   49    113  9.9024e-16  1.1190e-13
   49    115  1.0192e-08  1.1720e-06
   50    115  8.1315e-15  9.3512e-13
   50    116  7.7648e-16  9.0072e-14
   50    117  1.4663e-08  1.7156e-06
   50    118  2.4223e-08  2.8583e-06
   50    119  2.4569e-08  2.9237e-06
   50    120  1.4375e-07  1.7250e-05
   50    122  4.2862e-07  5.2292e-05
   50    124  2.3789e-06  2.9498e-04
   51    121  1.6864e-07  2.0405e-05
   51    123  5.5116e-07  6.7792e-05
   52    122  1.6415e-15  2.0026e-13
   52    124  4.9825e-17  6.1783e-15
   52    125  3.6106e-06  4.5132e-04
   52    126  8.0689e-06  1.0167e-03
   52    128  4.5716e-06  5.8517e-04
   52    130  8.3870e-06  1.0903e-03
   53    127  4.7786e-06  6.0688e-04
   53    129  3.2932e-14  4.2482e-12
   54    128  1.6678e-16  2.1348e-14
   54    129  9.3879e-06  1.2110e-03
   54    130  1.4954e-14  1.9440e-12
   54    131  4.3544e-06  5.7042e-04
   54    132  1.7998e-06  2.3758e-04
   54    134  2.8404e-06  3.8062e-04
   54    136  1.0379e-06  1.4115e-04
   55    133  2.5693e-06  3.4172e-04
   56    134  3.6710e-18  4.9191e-16
   56    135  1.3521e-06  1.8253e-04
   56    136  1.1033e-15  1.5006e-13
   56    137  9.5560e-07  1.3092e-04
   56    138  1.0685e-06  1.4745e-04
   57    139  4.0930e-07  5.6892e-05
   58    140  6.4945e-07  9.0923e-05
   58    142  1.3424e-06  1.9062e-04
   59    141  3.3294e-06  4.6944e-04
   60    142  4.9399e-18  7.0146e-16
   60    143  2.3995e-07  3.4313e-05
   60    144  1.2189e-07  1.7552e-05
   60    145  6.8981e-08  1.0002e-05
   60    146  1.2138e-07  1.7722e-05
   60    148  2.3967e-07  3.5471e-05
   60    150  2.3141e-07  3.4712e-05
   62    147  1.5145e-07  2.2262e-05
   62    148  2.4576e-14  3.6372e-12
   62    149  1.7127e-07  2.5519e-05
   62    150  1.2984e-13  1.9476e-11
   62    152  3.0607e-07  4.6523e-05
   62    154  4.8507e-07  7.4701e-05
   63    151  2.2070e-07  3.3326e-05
   63    153  2.1870e-07  3.3461e-05
   64    154  2.3201e-15  3.5729e-13
   64    155  2.8821e-07  4.4673e-05
   64    156  5.8017e-07  9.0507e-05
   64    157  4.0108e-07  6.2969e-05
   64    158  8.3276e-07  1.3158e-04
   64    160  7.0686e-07  1.1310e-04
   65    159  3.9892e-07  6.3428e-05
   66    160  8.4744e-16  1.3559e-13
   66    161  3.5019e-07  5.6381e-05
   66    162  7.8739e-07  1.2756e-04
   66    163  4.4883e-07  7.3160e-05
   66    164  1.1908e-06  1.9529e-04
   67    165  6.1159e-07  1.0091e-04
   68    166  1.3354e-06  2.2167e-04
   68    167  5.6662e-07  9.4625e-05
   68    168  1.0080e-06  1.6934e-04
   68    170  7.2773e-07  1.2371e-04
   69    169  9.4928e-07  1.6043e-04
   70    170  4.4472e-16  7.5603e-14
   70    171  5.8112e-07  9.9371e-05
   70    172  5.0956e-07  8.7644e-05
   70    173  5.1121e-07  8.8440e-05
   70    174  7.1299e-07  1.2406e-04
   70    176  4.8816e-07  8.5917e-05
   71    175  5.0785e-07  8.8874e-05
   71    176  5.1713e-17  9.1016e-15
   72    176  4.8417e-19  8.5213e-17
   72    177  6.1098e-07  1.0814e-04
   72    178  5.6657e-07  1.0085e-04
   72    179  4.5586e-07  8.1600e-05
   72    180  3.5365e-07  6.3656e-05
   73    181  3.3454e-07  6.0552e-05
   74    182  3.7700e-07  6.8615e-05
   74    183  2.3686e-07  4.3346e-05
   74    184  4.5052e-07  8.2895e-05
   74    186  1.1714e-06  2.1789e-04
   75    185  3.6862e-07  6.8195e-05
   75    187  9.4654e-07  1.7700e-04
   76    186  7.2351e-19  1.3457e-16
   76    187  7.6926e-09  1.4385e-06
   76    188  2.7009e-06  5.0777e-04
   76    189  4.3655e-06  8.2509e-04
   76    190  1.0808e-05  2.0536e-03
   76    192  2.0137e-05  3.8663e-03
   77    191  1.1724e-05  2.2393e-03
   77    193  2.9272e-05  5.6495e-03
   78    192  5.0302e-16  9.6580e-14
   78    194  3.3376e-05  6.4750e-03
   78    195  2.9191e-05  5.6922e-03
   78    196  1.3499e-05  2.6458e-03
   78    198  9.9906e-07  1.9781e-04
   79    197  4.6526e-06  9.1656e-04
   80    198  2.3745e-16  4.7015e-14
   80    199  3.2787e-07  6.5247e-05
   80    200  2.5827e-07  5.1654e-05
   80    201  1.7179e-07  3.4529e-05
   80    202  2.3151e-07  4.6765e-05
   80    204  4.0656e-07  8.2939e-05
   81    203  2.8431e-07  5.7716e-05
   81    205  4.0147e-07  8.2301e-05
   81    207  5.3630e-20  1.1101e-17
   82    204  2.2218e-20  4.5325e-18
   82    206  9.4862e-06  1.9541e-03
   82    207  9.2695e-06  1.9188e-03
   82    208  7.4826e-06  1.5564e-03
   82    210  6.4025e-13  1.3445e-10
   82    211  1.9004e-18  4.0098e-16
   82    212  2.1332e-18  4.5223e-16
   82    214  2.9861e-19  6.3901e-17
   83    209  1.2308e-05  2.5723e-03
   83    210  1.3430e-17  2.8204e-15
   83    211  2.4145e-20  5.0946e-18
   83    212  6.3742e-20  1.3513e-17
   83    214  3.6910e-20  7.8988e-18
   84    210  3.7082e-16  7.7872e-14
   86    222  1.0236e-17  2.2724e-15
   88    223  1.8578e-16  4.1429e-14
   88    224  5.5124e-18  1.2348e-15
   88    226  1.5663e-12  3.5398e-10
   88    228  1.7726e-11  4.0415e-09
   89    227  1.2919e-13  2.9327e-11
   89    228  3.8798e-19  8.8459e-17
   90    227  2.9859e-16  6.7780e-14
   90    228  1.0586e-15  2.4136e-13
   90    230  7.3818e-11  1.6978e-08
   90    231  1.7281e-17  3.9920e-15
   90    232  7.7591e-06  1.8001e-03
   90    234  2.4960e-17  5.8406e-15
   91    231  1.9369e-10  4.4742e-08
   91    234  7.4747e-19  1.7491e-16
   92    234  2.4037e-10  5.6247e-08
   92    235  4.1745e-06  9.8101e-04
   92    236  2.4190e-08  5.7088e-06
   92    238  4.3729e-06  1.0407e-03
   92    240  1.2141e-18  2.9138e-16
   93    240  8.5716e-20  2.0572e-17
   94    239  1.8613e-17  4.4486e-15
   94    240  4.7887e-12  1.1493e-09
   94    244  5.8289e-08  1.4223e-05
   95    243  5.6902e-18  1.3827e-15
   96    244  1.5820e-17  3.8601e-15
   96    247  1.2010e-14  2.9664e-12
   97    246  8.3411e-10  2.0519e-07
  100    258  1.5442e-06  3.9839e-04
  100    260  1.4132e-06  3.6743e-04
  100    262  1.1989e-06  3.1410e-04
  102    261  1.0248e-06  2.6747e-04
  102    263  1.1867e-06  3.1211e-04
  102    264  1.2739e-06  3.3632e-04
  102    266  1.2537e-06  3.3349e-04
  103    265  9.1929e-07  2.4361e-04
  104    267  6.7692e-07  1.8074e-04
  104    268  6.2415e-07  1.6727e-04
  104    270  7.9090e-07  2.1354e-04
  104    272  6.8598e-07  1.8659e-04
  104    274  5.7144e-07  1.5657e-04
  105    269  1.0715e-06  2.8824e-04
  105    271  6.5655e-07  1.7793e-04
  106    273  5.5338e-07  1.5107e-04
  106    275  2.9110e-07  8.0052e-05
  106    276  2.5333e-07  6.9918e-05
  106    278  5.6034e-08  1.5578e-05
  106    280  4.1255e-09  1.1551e-06
  107    277  7.0337e-08  1.9483e-05
  108    279  1.3667e-08  3.8131e-06
  108    281  1.4923e-09  4.1933e-07
  108    282  2.7358e-09  7.7149e-07
  108    283  2.1408e-09  6.0583e-07
  108    284  3.2944e-09  9.3561e-07
  108    286  3.1612e-09  9.0411e-07
  110    285  3.2015e-09  9.1243e-07
  110    287  3.5284e-09  1.0127e-06
  110    288  2.7821e-09  8.0125e-07
  110    290  1.6970e-09  4.9213e-07
  111    289  1.5228e-09  4.4010e-07
  111    291  8.9393e-10  2.6013e-07
  111    292  6.7966e-09  1.9846e-06
  111    293  3.2839e-09  9.6217e-07
  111    294  4.4741e-09  1.3154e-06
  111    295  1.3683e-09  4.0365e-07
  111    296  2.3268e-09  6.8874e-07
  111    297  8.2722e-10  2.4568e-07
  111    298  1.1056e-10  3.2948e-08
  111    299  8.6420e-11  2.5840e-08
  111    300  2.8486e-11  8.5457e-09
  111    301  1.4240e-09  4.2863e-07
  111    302  1.0943e-09  3.3047e-07
  111    303  8.8658e-10  2.6863e-07
  111    304  5.7146e-10  1.7372e-07
  111    305  4.1720e-10  1.2725e-07
  111    306  6.9532e-10  2.1277e-07
  111    307  4.3785e-10  1.3442e-07
  111    308  2.7154e-10  8.3636e-08
  111    309  6.1332e-11  1.8951e-08
  111    310  2.0013e-10  6.2039e-08
  111    311  8.2946e-11  2.5796e-08
  111    312  7.0662e-11  2.2046e-08
  111    313  8.5986e-11  2.6913e-08
  111    314  1.0487e-10  3.2930e-08
  111    315  3.2824e-11  1.0339e-08
  111    316  1.2405e-10  3.9201e-08
  111    317  5.6768e-11  1.7995e-08
  111    318  8.0053e-11  2.5457e-08
  111    319  2.9748e-11  9.4896e-09
  111    320  4.3722e-11  1.3991e-08
  111    321  1.6055e-12  5.1535e-10
  111    322  7.7462e-13  2.4943e-10
  111    323  2.3859e-13  7.7063e-11
  111    324  2.2889e-13  7.4161e-11
  111    325  2.2424e-14  7.2878e-12
  111    326  1.8108e-14  5.9031e-12
  111    327  1.1193e-14  3.6603e-12
  111    328  3.3610e-16  1.1024e-13
  111    329  6.7475e-16  2.2199e-13
  111    330  1.7918e-16  5.9129e-14
  111    331  4.6182e-17  1.5286e-14
  111    332  2.7584e-17  9.1579e-15
  111    333  1.1961e-17  3.9831e-15
  111    334  2.0236e-17  6.7589e-15
  111    335  4.3637e-18  1.4618e-15
  111    336  1.4923e-18  5.0143e-16
  111    337  2.6695e-17  8.9961e-15
    1      1  3.1475e-09  3.1475e-09
    2      4  2.3468e-01  9.3873e-01


