1  2.5560e-08
2  1.9880e-01
3  6.4847e-10
4  4.5185e-09
5  3.9408e-08
6  2.1239e-07
7  9.7189e-06
8  2.7181e-07
9  9.4060e-07
10  1.8406e-06
11  5.4109e-07
12  1.2317e-06
13  4.6627e-08
14  2.2216e-07
15  5.6663e-08
16  4.8149e-07
17  6.8128e-08
18  1.2434e-07
19  2.6352e-07
20  8.2597e-07
21  1.8899e-07
22  1.0190e-06
23  4.1060e-07
24  1.3027e-06
25  1.2147e-07
26  2.6430e-07
27  1.3362e-08
28  5.0023e-07
29  2.0287e-06
30  2.7504e-06
31  4.3107e-07
32  4.0723e-06
33  6.8346e-07
34  2.4048e-05
35  6.6413e-06
36  6.0773e-06
37  1.6460e-06
38  7.7079e-07
39  4.7654e-07
40  6.2218e-06
41  3.7665e-06
42  3.0978e-06
43  2.4284e-32
44  1.7269e-06
45  5.5456e-07
46  3.2236e-06
47  1.4115e-06
48  1.7963e-06
49  1.6009e-07
50  6.6689e-06
51  1.9916e-06
52  4.9688e-05
53  1.8449e-05
54  3.2052e-05
55  1.4006e-06
56  8.8347e-06
57  4.6602e-07
58  1.8082e-06
59  2.3987e-07
60  8.2590e-06
61  1.6903e-83
62  7.4235e-06
63  3.3723e-06
64  9.1939e-06
65  1.5642e-06
66  1.0547e-05
67  1.8110e-06
68  1.0924e-05
69  2.4107e-06
70  1.2444e-05
71  1.7700e-06
72  5.6331e-06
73  1.4556e-06
74  4.2201e-05
75  1.8468e-05
76  2.1743e-04
77  1.1791e-04
78  2.6802e-04
79  4.8570e-05
80  9.4701e-06
81  1.6416e-06
82  6.0284e-05
83  2.2076e-05
84  6.3921e-16
85  3.1293e-26
86  1.7648e-17
87  5.9906e-21
88  2.7064e-12
89  2.2591e-13
90  1.5167e-05
91  3.3869e-10
92  1.4883e-05
93  1.5956e-19
94  1.0851e-07
95  8.2139e-18
96  1.7362e-14
97  1.7885e-09
98  3.7790e-314
99  1.7243e-321
100  6.2656e-06
101  -1.0579e-313
102  8.0438e-06
103  1.8570e-06
104  4.9368e-06
105  2.8189e-06
106  4.3001e-07
107  4.9804e-09
108  4.8357e-10
109  5.0711e-320
110  2.1766e-12
111  1.1177e-10
112  0.0000e+00
113  0.0000e+00
114  0.0000e+00
115  0.0000e+00
116  0.0000e+00
117  0.0000e+00
118  0.0000e+00

