    1      2  1.3130e-08  2.6259e-08
    2      3  9.1142e-10  2.7343e-09
    3      6  2.6066e-11  1.5640e-10
    3      7  2.5871e-09  1.8109e-08
    4      8  2.9157e-08  2.3325e-07
    4      9  1.3807e-08  1.2426e-07
    5     10  2.8270e-07  2.8270e-06
    5     11  2.1084e-09  2.3192e-08
    6     12  8.9469e-09  1.0736e-07
    6     13  6.3882e-08  8.3046e-07
    7     14  6.2816e-08  8.7942e-07
    7     15  1.3123e-05  1.9685e-04
    8     16  4.1638e-07  6.6620e-06
    8     17  1.6367e-08  2.7824e-07
    8     18  9.3138e-08  1.6765e-06
    9     19  1.0101e-06  1.9193e-05
   10     20  1.4956e-06  2.9911e-05
   10     21  8.5655e-07  1.7988e-05
   10     22  3.4030e-09  7.4867e-08
   11     23  4.8068e-07  1.1056e-05
   12     24  5.2396e-07  1.2575e-05
   12     25  5.6945e-07  1.4236e-05
   12     26  9.9334e-08  2.5827e-06
   13     26  1.3449e-19  3.4967e-18
   13     27  8.6196e-08  2.3273e-06
   14     28  1.3970e-07  3.9115e-06
   14     29  7.3033e-08  2.1180e-06
   14     30  7.2058e-08  2.1618e-06
   15     31  6.5031e-08  2.0160e-06
   16     32  7.7230e-08  2.4714e-06
   16     33  1.0236e-07  3.3778e-06
   16     34  9.5960e-08  3.2626e-06
   16     36  2.1242e-08  7.6472e-07
   17     35  3.3417e-09  1.1696e-07
   17     37  2.3073e-08  8.5372e-07
   18     36  7.2632e-20  2.6148e-18
   18     38  3.3777e-08  1.2835e-06
   18     40  1.0526e-08  4.2106e-07
   19     39  1.1776e-08  4.5927e-07
   19     41  5.6966e-08  2.3356e-06
   20     42  8.6334e-08  3.6260e-06
   20     43  1.2921e-08  5.5562e-07
   20     44  5.2466e-08  2.3085e-06
   20     46  1.4176e-08  6.5212e-07
   21     45  3.8661e-08  1.7398e-06
   22     46  3.2125e-19  1.4777e-17
   22     47  3.8204e-08  1.7956e-06
   22     48  4.4202e-08  2.1217e-06
   22     49  5.2556e-09  2.5752e-07
   22     50  1.9766e-08  9.8831e-07
   23     51  4.4301e-08  2.2593e-06
   24     52  8.0890e-08  4.2063e-06
   24     53  3.9752e-08  2.1069e-06
   24     54  1.6291e-08  8.7969e-07
   25     55  1.3515e-08  7.4331e-07
   26     56  4.1635e-08  2.3315e-06
   26     57  4.6836e-08  2.6697e-06
   26     58  3.6399e-10  2.1112e-08
   27     59  9.6413e-10  5.6884e-08
   28     60  1.8485e-09  1.1091e-07
   28     61  1.7359e-09  1.0589e-07
   28     62  7.8844e-09  4.8883e-07
   28     64  1.3661e-08  8.7432e-07
   29     63  2.8589e-07  1.8011e-05
   29     65  6.2545e-08  4.0654e-06
   30     64  4.5644e-20  2.9212e-18
   30     66  1.4773e-07  9.7503e-06
   30     67  2.4680e-07  1.6536e-05
   30     68  4.8832e-08  3.3206e-06
   30     70  1.0843e-07  7.5902e-06
   31     69  1.7139e-08  1.1826e-06
   31     71  4.9612e-08  3.5225e-06
   32     70  4.2697e-15  2.9888e-13
   32     72  1.6103e-07  1.1594e-05
   32     73  1.0038e-07  7.3279e-06
   32     74  2.5204e-07  1.8651e-05
   32     76  1.4416e-07  1.0956e-05
   33     75  2.0639e-07  1.5479e-05
   34     76  1.2572e-13  9.5547e-12
   34     77  5.8441e-07  4.5000e-05
   34     78  9.9154e-07  7.7340e-05
   34     80  6.7701e-06  5.4161e-04
   34     82  2.3283e-06  1.9092e-04
   35     79  1.3425e-06  1.0606e-04
   35     81  1.9234e-06  1.5579e-04
   36     82  6.5182e-12  5.3450e-10
   36     83  1.1958e-06  9.9253e-05
   36     84  7.8120e-07  6.5621e-05
   36     86  1.2627e-06  1.0860e-04
   37     85  6.2192e-07  5.2863e-05
   37     87  7.3949e-07  6.4335e-05
   38     86  3.3163e-18  2.8520e-16
   38     87  5.4147e-09  4.7108e-07
   38     88  6.6440e-07  5.8467e-05
   39     89  4.8468e-07  4.3136e-05
   40     90  4.6170e-07  4.1553e-05
   40     91  4.2935e-07  3.9071e-05
   40     92  7.9966e-07  7.3569e-05
   40     94  1.4951e-06  1.4054e-04
   41     93  2.5884e-06  2.4072e-04
   42     95  9.6776e-07  9.1937e-05
   42     96  2.8428e-07  2.7291e-05
   42     97  4.9229e-07  4.7752e-05
   42     98  2.1352e-07  2.0925e-05
   42    100  2.2724e-07  2.2724e-05
   44     99  1.7138e-07  1.6967e-05
   44    100  1.4006e-14  1.4006e-12
   44    101  8.3864e-08  8.4703e-06
   44    102  2.2258e-07  2.2703e-05
   44    104  1.6859e-07  1.7534e-05
   45    103  2.9418e-07  3.0300e-05
   46    104  6.7869e-16  7.0583e-14
   46    105  2.8969e-07  3.0418e-05
   46    106  2.4454e-07  2.5921e-05
   46    108  3.6028e-07  3.8911e-05
   46    110  9.2237e-07  1.0146e-04
   47    107  4.9369e-07  5.2825e-05
   47    109  6.0135e-07  6.5547e-05
   48    110  1.6773e-13  1.8450e-11
   48    111  1.0159e-07  1.1277e-05
   48    112  4.5625e-07  5.1100e-05
   48    113  5.0181e-07  5.6705e-05
   48    114  5.7927e-07  6.6037e-05
   48    116  1.5417e-08  1.7884e-06
   49    113  2.2085e-14  2.4956e-12
   49    115  4.7810e-07  5.4982e-05
   50    115  3.8146e-13  4.3867e-11
   50    116  3.2321e-15  3.7492e-13
   50    117  6.9282e-08  8.1060e-06
   50    118  3.9159e-08  4.6208e-06
   50    119  2.7478e-08  3.2698e-06
   50    120  9.7383e-08  1.1686e-05
   50    122  1.5696e-07  1.9149e-05
   50    124  1.5987e-06  1.9824e-04
   51    121  2.6097e-07  3.1578e-05
   51    123  3.6421e-07  4.4797e-05
   52    122  3.2992e-14  4.0251e-12
   52    124  4.7342e-16  5.8704e-14
   52    125  1.4860e-06  1.8575e-04
   52    126  4.3263e-06  5.4512e-04
   52    128  1.0318e-05  1.3207e-03
   52    130  1.6602e-06  2.1582e-04
   53    127  5.5049e-06  6.9912e-04
   53    129  3.2541e-14  4.1978e-12
   54    128  1.4801e-17  1.8945e-15
   54    129  9.9839e-06  1.2879e-03
   54    130  7.0106e-14  9.1138e-12
   54    131  1.2284e-06  1.6092e-04
   54    132  1.1537e-06  1.5229e-04
   54    134  6.5164e-07  8.7319e-05
   54    136  1.3658e-06  1.8575e-04
   55    133  4.7950e-07  6.3774e-05
   56    134  1.7695e-18  2.3712e-16
   56    135  5.6435e-07  7.6187e-05
   56    136  3.0131e-16  4.0978e-14
   56    137  8.6074e-07  1.1792e-04
   56    138  1.0702e-06  1.4769e-04
   57    139  1.5651e-07  2.1755e-05
   58    140  6.2932e-07  8.8105e-05
   58    142  1.1553e-07  1.6405e-05
   59    141  1.2780e-07  1.8020e-05
   60    142  1.2805e-19  1.8184e-17
   60    143  6.1743e-08  8.8292e-06
   60    144  1.8400e-07  2.6496e-05
   60    145  6.4889e-08  9.4089e-06
   60    146  2.0163e-07  2.9438e-05
   60    148  2.2439e-07  3.3210e-05
   60    150  6.6535e-08  9.9802e-06
   62    147  3.0460e-07  4.4776e-05
   62    148  4.8731e-16  7.2122e-14
   62    149  5.7733e-08  8.6022e-06
   62    150  2.8796e-13  4.3194e-11
   62    152  1.7153e-07  2.6072e-05
   62    154  2.0079e-07  3.0922e-05
   63    151  5.2385e-08  7.9101e-06
   63    153  1.3461e-07  2.0596e-05
   64    154  1.3154e-14  2.0257e-12
   64    155  5.9398e-07  9.2067e-05
   64    156  1.5055e-07  2.3486e-05
   64    157  1.6161e-07  2.5373e-05
   64    158  1.8936e-07  2.9919e-05
   64    160  2.9775e-07  4.7640e-05
   65    159  2.5165e-07  4.0013e-05
   66    160  1.1784e-14  1.8854e-12
   66    161  2.2465e-07  3.6168e-05
   66    162  1.2901e-07  2.0899e-05
   66    163  1.1189e-07  1.8238e-05
   66    164  3.3868e-07  5.5543e-05
   67    165  2.3727e-07  3.9150e-05
   68    166  4.0872e-07  6.7847e-05
   68    167  4.3892e-07  7.3300e-05
   68    168  4.6418e-07  7.7983e-05
   68    170  4.7407e-07  8.0591e-05
   69    169  1.0787e-06  1.8230e-04
   70    170  9.0755e-15  1.5428e-12
   70    171  2.9745e-07  5.0864e-05
   70    172  2.1657e-07  3.7249e-05
   70    173  2.4540e-07  4.2454e-05
   70    174  6.6995e-07  1.1657e-04
   70    176  1.5311e-06  2.6947e-04
   71    175  3.1217e-07  5.4629e-05
   71    176  1.5203e-15  2.6758e-13
   72    176  1.4234e-17  2.5052e-15
   72    177  1.0737e-06  1.9004e-04
   72    178  7.5332e-07  1.3409e-04
   72    179  4.4214e-07  7.9143e-05
   72    180  6.3221e-07  1.1380e-04
   72    182  1.1339e-20  2.0638e-18
   73    181  7.8859e-07  1.4273e-04
   74    182  8.3678e-07  1.5229e-04
   74    183  2.6477e-07  4.8452e-05
   74    184  1.3656e-07  2.5127e-05
   74    186  9.4516e-08  1.7580e-05
   75    185  4.2432e-08  7.8499e-06
   75    187  5.5870e-08  1.0448e-05
   76    186  2.8145e-18  5.2349e-16
   76    187  4.5406e-10  8.4910e-08
   76    188  2.9038e-07  5.4592e-05
   76    189  1.1460e-07  2.1660e-05
   76    190  1.1514e-06  2.1876e-04
   76    192  4.4191e-06  8.4848e-04
   77    191  2.8932e-06  5.5261e-04
   77    193  4.2243e-06  8.1529e-04
   78    192  1.4284e-14  2.7426e-12
   78    194  1.3784e-05  2.6740e-03
   78    195  1.1587e-05  2.2594e-03
   78    196  1.9710e-05  3.8632e-03
   78    198  4.5122e-05  8.9342e-03
   79    197  1.9271e-05  3.7964e-03
   80    198  5.0224e-13  9.9443e-11
   80    199  3.0660e-05  6.1013e-03
   80    200  4.2235e-05  8.4470e-03
   80    201  9.7824e-06  1.9663e-03
   80    202  2.1789e-06  4.4013e-04
   80    204  4.6850e-07  9.5573e-05
   81    203  3.6882e-07  7.4870e-05
   81    205  1.0377e-07  2.1272e-05
   81    207  1.3973e-19  2.8924e-17
   82    204  7.5224e-17  1.5346e-14
   82    206  1.0600e-05  2.1837e-03
   82    207  1.2421e-05  2.5712e-03
   82    208  7.8518e-06  1.6332e-03
   82    210  4.6232e-14  9.7087e-12
   82    211  1.0632e-18  2.2433e-16
   82    212  1.3393e-18  2.8393e-16
   82    214  1.0616e-19  2.2719e-17
   83    209  1.9645e-05  4.1058e-03
   83    210  2.8558e-17  5.9971e-15
   83    211  6.2909e-20  1.3274e-17
   83    212  1.2698e-19  2.6919e-17
   83    214  7.8484e-20  1.6796e-17
   84    210  7.8849e-16  1.6558e-13
   84    218  1.2259e-20  2.6725e-18
   86    222  2.1765e-17  4.8319e-15
   88    223  4.8404e-16  1.0794e-13
   88    224  1.0981e-17  2.4597e-15
   88    226  3.3305e-12  7.5269e-10
   88    228  6.3294e-15  1.4431e-12
   89    227  3.3661e-13  7.6410e-11
   89    228  7.7287e-19  1.7622e-16
   90    227  7.7796e-16  1.7660e-13
   90    228  2.1088e-15  4.8080e-13
   90    230  1.5696e-10  3.6102e-08
   90    231  4.5025e-17  1.0401e-14
   90    232  1.5457e-05  3.5859e-03
   90    234  1.3717e-16  3.2099e-14
   91    231  5.0465e-10  1.1657e-07
   91    234  1.5894e-18  3.7192e-16
   92    234  5.1112e-10  1.1960e-07
   92    235  1.0876e-05  2.5560e-03
   92    236  5.0033e-08  1.1808e-05
   92    238  9.2983e-06  2.2130e-03
   92    240  2.4277e-18  5.8264e-16
   93    240  1.7729e-19  4.2550e-17
   94    239  4.8854e-17  1.1676e-14
   94    240  9.9046e-12  2.3771e-09
   94    244  1.2056e-07  2.9417e-05
   95    243  1.4935e-17  3.6291e-15
   96    244  3.2722e-17  7.9841e-15
   96    247  3.1521e-14  7.7857e-12
   97    246  1.6742e-09  4.1185e-07
  100    258  4.4225e-06  1.1410e-03
  100    260  5.1406e-06  1.3365e-03
  100    262  5.5192e-06  1.4460e-03
  102    260  2.7500e-17  7.1501e-15
  102    261  4.1694e-06  1.0882e-03
  102    263  4.8970e-06  1.2879e-03
  102    264  1.0041e-05  2.6509e-03
  102    266  1.3623e-05  3.6236e-03
  103    265  8.4804e-06  2.2473e-03
  104    267  1.2050e-05  3.2174e-03
  104    268  9.9349e-06  2.6626e-03
  104    270  3.9550e-05  1.0678e-02
  104    272  2.6109e-05  7.1017e-03
  104    274  6.0577e-05  1.6598e-02
  105    269  3.3996e-05  9.1448e-03
  105    271  2.4527e-05  6.6469e-03
  106    273  3.2299e-05  8.8176e-03
  106    275  3.0239e-05  8.3157e-03
  106    276  4.3812e-05  1.2092e-02
  106    278  1.2577e-05  3.4964e-03
  106    280  6.5113e-07  1.8232e-04
  107    277  7.7103e-06  2.1357e-03
  108    279  4.0009e-06  1.1162e-03
  108    281  1.7815e-07  5.0059e-05
  108    282  1.2362e-07  3.4862e-05
  108    283  4.0291e-10  1.1402e-07
  108    284  2.0653e-10  5.8654e-08
  108    286  1.8358e-10  5.2504e-08
  110    285  7.2319e-12  2.0611e-09
  110    287  3.6606e-10  1.0506e-07
  110    288  9.9157e-11  2.8557e-08
  110    290  5.1974e-10  1.5073e-07
  111    289  9.6191e-11  2.7799e-08
  111    291  2.3850e-17  6.9403e-15
  111    292  2.6149e-09  7.6356e-07
  111    293  9.7835e-10  2.8666e-07
  111    294  2.2879e-09  6.7264e-07
  111    295  5.4132e-10  1.5969e-07
  111    296  1.4437e-10  4.2733e-08
  111    297  1.0111e-10  3.0028e-08
  111    298  2.4221e-12  7.2178e-10
  111    299  2.4235e-14  7.2462e-12
  111    300  2.8214e-13  8.4643e-11
  111    301  9.2710e-09  2.7906e-06
  111    302  6.0900e-09  1.8392e-06
  111    303  3.8469e-09  1.1656e-06
  111    304  7.7743e-09  2.3634e-06
  111    305  9.2605e-09  2.8244e-06
  111    306  3.1445e-08  9.6222e-06
  111    307  1.5406e-08  4.7296e-06
  111    308  2.1754e-08  6.7003e-06
  111    309  2.7577e-08  8.5213e-06
  111    310  2.6190e-08  8.1190e-06
  111    311  2.6813e-08  8.3390e-06
  111    312  3.8638e-08  1.2055e-05
  111    313  3.4731e-08  1.0871e-05
  111    314  2.9963e-08  9.4083e-06
  111    315  3.5979e-08  1.1333e-05
  111    316  7.0515e-08  2.2283e-05
  111    317  4.6843e-08  1.4849e-05
  111    318  6.8685e-08  2.1842e-05
  111    319  5.3513e-08  1.7071e-05
  111    320  1.1631e-07  3.7218e-05
  111    321  4.0458e-08  1.2987e-05
  111    322  7.3928e-08  2.3805e-05
  111    323  9.8998e-08  3.1976e-05
  111    324  8.6208e-08  2.7931e-05
  111    325  8.7188e-08  2.8336e-05
  111    326  1.3648e-07  4.4491e-05
  111    327  1.3316e-07  4.3542e-05
  111    328  1.6487e-07  5.4077e-05
  111    329  4.0738e-07  1.3403e-04
  111    330  6.3445e-08  2.0937e-05
  111    331  1.9960e-07  6.6069e-05
  111    332  2.8744e-07  9.5429e-05
  111    333  6.8673e-08  2.2868e-05
  111    334  1.4991e-08  5.0068e-06
  111    335  1.8215e-08  6.1022e-06
  111    336  7.3768e-09  2.4786e-06
  111    337  1.9290e-07  6.5006e-05
    1      1  3.2912e-08  3.2912e-08
    2      4  2.0501e-01  8.2003e-01


