    1      2  2.1066e-09  4.2132e-09
    2      3  1.0153e-10  3.0458e-10
    3      6  5.8312e-12  3.4987e-11
    3      7  1.2156e-10  8.5093e-10
    4      8  1.1245e-10  8.9957e-10
    4      9  1.9389e-11  1.7450e-10
    5     10  1.6403e-11  1.6403e-10
    5     11  1.6056e-10  1.7662e-09
    6     12  2.6931e-09  3.2317e-08
    6     13  4.0375e-08  5.2487e-07
    7     14  4.7138e-07  6.5993e-06
    7     15  3.2896e-06  4.9345e-05
    8     16  1.7625e-07  2.8199e-06
    8     17  1.8267e-09  3.1054e-08
    8     18  1.6644e-08  2.9959e-07
    9     19  5.9440e-07  1.1294e-05
   10     20  8.2287e-07  1.6457e-05
   10     21  3.2064e-07  6.7334e-06
   10     22  3.0658e-09  6.7447e-08
   11     23  4.4631e-07  1.0265e-05
   12     24  3.8625e-07  9.2700e-06
   12     25  2.5713e-07  6.4283e-06
   12     26  1.9427e-08  5.0510e-07
   13     26  1.3568e-18  3.5276e-17
   13     27  1.1528e-07  3.1125e-06
   14     28  6.1208e-07  1.7138e-05
   14     29  1.1705e-07  3.3944e-06
   14     30  1.3233e-07  3.9699e-06
   15     31  1.6875e-07  5.2313e-06
   16     32  2.2557e-07  7.2183e-06
   16     33  8.1293e-07  2.6827e-05
   16     34  8.4760e-07  2.8819e-05
   16     36  1.0796e-07  3.8864e-06
   17     35  1.3663e-08  4.7820e-07
   17     37  3.4674e-07  1.2829e-05
   18     36  1.9847e-20  7.1448e-19
   18     38  6.4276e-07  2.4425e-05
   18     40  1.0309e-06  4.1235e-05
   19     39  1.0552e-06  4.1154e-05
   19     41  1.0821e-07  4.4366e-06
   20     42  3.2507e-06  1.3653e-04
   20     43  1.1361e-07  4.8853e-06
   20     44  6.6774e-07  2.9380e-05
   20     46  5.1167e-07  2.3537e-05
   21     45  8.7805e-07  3.9512e-05
   22     46  1.0742e-19  4.9412e-18
   22     47  1.8208e-06  8.5576e-05
   22     48  2.7327e-06  1.3117e-04
   22     49  6.6072e-07  3.2375e-05
   22     50  1.3873e-06  6.9365e-05
   23     51  6.3202e-07  3.2233e-05
   24     52  2.9797e-06  1.5494e-04
   24     53  5.2690e-07  2.7926e-05
   24     54  1.4348e-07  7.7480e-06
   25     55  1.8526e-07  1.0190e-05
   26     56  7.9224e-08  4.4365e-06
   26     57  3.0052e-07  1.7130e-05
   26     58  6.3456e-09  3.6804e-07
   27     59  1.8027e-08  1.0636e-06
   28     60  2.6670e-08  1.6002e-06
   28     61  8.7710e-08  5.3503e-06
   28     62  2.1423e-07  1.3282e-05
   28     64  3.3358e-07  2.1349e-05
   29     63  2.0774e-06  1.3087e-04
   29     65  6.0622e-07  3.9404e-05
   30     66  1.5976e-06  1.0544e-04
   30     67  6.2699e-07  4.2009e-05
   30     68  5.0172e-07  3.4117e-05
   30     70  1.6159e-06  1.1311e-04
   31     69  3.1693e-07  2.1868e-05
   31     71  4.7851e-07  3.3974e-05
   32     70  1.6972e-15  1.1880e-13
   32     72  1.2286e-06  8.8459e-05
   32     73  9.1417e-07  6.6734e-05
   32     74  1.6562e-06  1.2256e-04
   32     76  5.2915e-07  4.0215e-05
   33     75  5.2785e-07  3.9589e-05
   34     76  7.2683e-15  5.5239e-13
   34     77  1.5537e-06  1.1964e-04
   34     78  4.3353e-06  3.3815e-04
   34     80  2.6679e-05  2.1343e-03
   34     82  3.9308e-06  3.2233e-04
   35     79  6.9498e-06  5.4903e-04
   35     81  2.5825e-06  2.0918e-04
   36     82  2.7028e-13  2.2163e-11
   36     83  4.5222e-06  3.7534e-04
   36     84  3.2353e-06  2.7177e-04
   36     86  5.7748e-06  4.9663e-04
   37     85  2.3974e-06  2.0378e-04
   37     87  1.5093e-06  1.3131e-04
   38     86  2.1929e-19  1.8859e-17
   38     87  1.1051e-08  9.6147e-07
   38     88  2.2172e-06  1.9511e-04
   39     89  9.3796e-07  8.3479e-05
   40     90  1.3960e-06  1.2564e-04
   40     91  2.2001e-06  2.0021e-04
   40     92  5.6757e-06  5.2216e-04
   40     94  3.5967e-06  3.3809e-04
   41     93  5.8610e-06  5.4507e-04
   42     95  3.4934e-06  3.3187e-04
   42     96  1.5600e-06  1.4976e-04
   42     97  1.4292e-06  1.3863e-04
   42     98  1.5655e-06  1.5342e-04
   42    100  8.0324e-07  8.0324e-05
   44     99  7.7120e-07  7.6349e-05
   44    100  2.0504e-15  2.0504e-13
   44    101  7.5399e-07  7.6152e-05
   44    102  8.5979e-07  8.7699e-05
   44    104  1.0784e-06  1.1216e-04
   45    103  9.0380e-07  9.3091e-05
   46    104  3.8899e-17  4.0455e-15
   46    105  1.5424e-06  1.6195e-04
   46    106  1.3453e-06  1.4260e-04
   46    108  1.3420e-06  1.4493e-04
   46    110  3.8903e-06  4.2793e-04
   47    107  1.5542e-06  1.6630e-04
   47    109  1.9968e-06  2.1766e-04
   48    110  1.1343e-14  1.2477e-12
   48    111  5.4812e-07  6.0841e-05
   48    112  2.4515e-06  2.7457e-04
   48    113  1.0837e-06  1.2246e-04
   48    114  8.0745e-07  9.2049e-05
   48    116  9.9851e-08  1.1583e-05
   49    113  4.7696e-14  5.3897e-12
   49    115  5.5366e-07  6.3671e-05
   50    115  4.4174e-13  5.0800e-11
   50    116  5.2128e-17  6.0469e-15
   50    117  2.1516e-07  2.5174e-05
   50    118  2.2760e-07  2.6857e-05
   50    119  2.5273e-07  3.0075e-05
   50    120  8.0550e-07  9.6660e-05
   50    122  1.2352e-06  1.5069e-04
   50    124  1.0031e-05  1.2438e-03
   51    121  7.5802e-07  9.1720e-05
   51    123  1.9259e-06  2.3689e-04
   52    122  2.9021e-15  3.5406e-13
   52    124  7.8039e-17  9.6768e-15
   52    125  1.4939e-05  1.8673e-03
   52    126  6.4309e-05  8.1030e-03
   52    128  1.5814e-04  2.0242e-02
   52    130  3.6003e-05  4.6804e-03
   53    127  8.3475e-05  1.0601e-02
   53    129  2.3386e-13  3.0169e-11
   54    128  1.1562e-18  1.4799e-16
   54    129  1.0880e-04  1.4035e-02
   54    130  6.4385e-15  8.3700e-13
   54    131  2.6165e-05  3.4277e-03
   54    132  6.2141e-05  8.2026e-03
   54    134  3.9806e-05  5.3340e-03
   54    136  5.3543e-05  7.2818e-03
   55    133  3.6954e-05  4.9149e-03
   56    134  3.9988e-19  5.3584e-17
   56    135  2.6389e-05  3.5625e-03
   56    136  1.9146e-16  2.6039e-14
   56    137  2.5724e-05  3.5242e-03
   56    138  1.7926e-05  2.4738e-03
   57    139  4.7050e-06  6.5399e-04
   58    140  2.1128e-05  2.9579e-03
   58    142  6.0605e-06  8.6059e-04
   59    141  6.2449e-06  8.8053e-04
   60    142  2.5686e-20  3.6474e-18
   60    143  1.6396e-06  2.3446e-04
   60    144  5.4090e-06  7.7890e-04
   60    145  3.9690e-06  5.7551e-04
   60    146  9.9819e-06  1.4574e-03
   60    148  2.2594e-05  3.3440e-03
   60    150  9.5091e-06  1.4264e-03
   62    147  1.2927e-05  1.9003e-03
   62    148  2.2842e-16  3.3806e-14
   62    149  7.6687e-06  1.1426e-03
   62    150  8.8965e-13  1.3345e-10
   62    152  1.4735e-05  2.2397e-03
   62    154  1.2753e-05  1.9640e-03
   63    151  1.2583e-05  1.9001e-03
   63    153  7.8668e-06  1.2036e-03
   64    154  1.1038e-14  1.6999e-12
   64    155  7.1591e-06  1.1097e-03
   64    156  2.3942e-05  3.7350e-03
   64    157  1.1839e-05  1.8587e-03
   64    158  2.6751e-05  4.2267e-03
   64    160  1.5890e-05  2.5425e-03
   65    159  1.4329e-05  2.2784e-03
   66    160  1.0987e-14  1.7579e-12
   66    161  8.2565e-06  1.3293e-03
   66    162  2.4709e-05  4.0029e-03
   66    163  1.1958e-05  1.9491e-03
   66    164  3.5564e-05  5.8325e-03
   67    165  1.4167e-05  2.3376e-03
   68    166  3.2481e-05  5.3919e-03
   68    167  1.3025e-05  2.1753e-03
   68    168  4.3743e-05  7.3488e-03
   68    170  2.2702e-05  3.8593e-03
   69    169  2.1182e-05  3.5798e-03
   70    170  2.4050e-15  4.0886e-13
   70    171  1.6612e-05  2.8407e-03
   70    172  1.5583e-05  2.6802e-03
   70    173  2.4954e-05  4.3171e-03
   70    174  2.9784e-05  5.1825e-03
   70    176  1.3811e-05  2.4307e-03
   71    175  1.2714e-05  2.2249e-03
   71    176  6.6938e-16  1.1781e-13
   72    176  6.2671e-18  1.1030e-15
   72    177  8.7236e-06  1.5441e-03
   72    178  7.5632e-06  1.3462e-03
   72    179  4.6197e-06  8.2693e-04
   72    180  4.5113e-06  8.1203e-04
   72    182  4.2851e-20  7.7989e-18
   73    181  3.9307e-06  7.1146e-04
   74    182  8.9818e-06  1.6347e-03
   74    183  3.7131e-06  6.7950e-04
   74    184  1.6705e-05  3.0737e-03
   74    186  3.3804e-05  6.2875e-03
   75    185  6.4880e-06  1.2003e-03
   75    187  1.4140e-05  2.6442e-03
   76    186  2.8714e-18  5.3407e-16
   76    187  1.1492e-07  2.1490e-05
   76    188  1.8073e-05  3.3977e-03
   76    189  1.7392e-05  3.2872e-03
   76    190  2.3037e-05  4.3770e-03
   76    192  8.5716e-06  1.6457e-03
   77    191  1.0942e-05  2.0899e-03
   77    193  6.8594e-06  1.3239e-03
   78    192  9.1958e-16  1.7656e-13
   78    194  7.8293e-06  1.5189e-03
   78    195  6.7154e-06  1.3095e-03
   78    196  5.3948e-06  1.0574e-03
   78    198  1.6707e-06  3.3079e-04
   79    197  3.5238e-06  6.9419e-04
   80    198  6.6898e-16  1.3246e-13
   80    199  2.5009e-07  4.9768e-05
   80    200  2.5273e-08  5.0545e-06
   80    201  1.5198e-09  3.0548e-07
   80    202  2.3282e-09  4.7030e-07
   80    204  1.7826e-09  3.6364e-07
   81    203  3.1103e-09  6.3140e-07
   81    205  1.7837e-10  3.6566e-08
   82    204  1.1409e-20  2.3274e-18
   82    206  4.3951e-09  9.0538e-07
   82    207  5.0307e-09  1.0414e-06
   82    208  4.8414e-09  1.0070e-06
   82    210  2.3703e-19  4.9776e-17
   83    209  2.8698e-09  5.9978e-07
   84    216  4.1799e-13  9.0286e-11
   88    226  1.7075e-17  3.8590e-15
   88    228  8.4249e-20  1.9209e-17
   89    227  1.9596e-18  4.4482e-16
   90    228  2.8069e-20  6.3998e-18
   90    230  8.0474e-16  1.8509e-13
   90    232  2.0574e-10  4.7731e-08
   91    231  2.9378e-15  6.7863e-13
   92    234  2.6205e-15  6.1319e-13
   92    235  6.3317e-11  1.4880e-08
   92    236  1.2735e-13  3.0055e-11
   92    238  4.7672e-11  1.1346e-08
   94    240  2.5199e-17  6.0478e-15
   94    244  3.0673e-13  7.4843e-11
   96    247  2.5282e-20  6.2446e-18
   97    246  5.3971e-15  1.3277e-12
  100    258  2.1344e-12  5.5067e-10
  100    260  1.3376e-12  3.4778e-10
  100    262  6.5859e-13  1.7255e-10
  102    261  7.4009e-13  1.9316e-10
  102    263  4.1469e-13  1.0906e-10
  102    264  5.3738e-13  1.4187e-10
  102    266  3.5048e-13  9.3227e-11
  103    265  3.1551e-13  8.3611e-11
  104    267  1.5506e-13  4.1400e-11
  104    268  8.8675e-14  2.3765e-11
  104    270  8.5259e-14  2.3020e-11
  104    272  1.1747e-14  3.1951e-12
  104    274  1.0495e-14  2.8755e-12
  105    269  1.7932e-13  4.8236e-11
  105    271  2.6843e-14  7.2745e-12
  106    273  1.0992e-14  3.0009e-12
  106    275  1.5505e-15  4.2640e-13
  106    276  1.5230e-15  4.2036e-13
  106    278  1.0224e-16  2.8423e-14
  106    280  8.9987e-19  2.5196e-16
  107    277  1.4457e-16  4.0046e-14
  108    279  1.1671e-17  3.2562e-15
  108    281  8.9657e-20  2.5194e-17
  108    282  2.7330e-20  7.7071e-18
    1      1  1.1544e-09  1.1544e-09
    2      4  1.8720e-01  7.4880e-01


