    1      2  2.3224e-09  4.6448e-09
    2      3  1.2059e-10  3.6177e-10
    3      6  6.4215e-12  3.8529e-11
    3      7  1.3978e-10  9.7845e-10
    4      8  1.7173e-10  1.3738e-09
    4      9  3.4102e-11  3.0692e-10
    5     10  2.2606e-11  2.2606e-10
    5     11  1.9614e-10  2.1575e-09
    6     12  2.7505e-09  3.3005e-08
    6     13  5.8420e-08  7.5945e-07
    7     14  4.0555e-07  5.6776e-06
    7     15  4.0112e-06  6.0168e-05
    8     16  2.0531e-07  3.2850e-06
    8     17  2.0868e-09  3.5475e-08
    8     18  1.6193e-08  2.9148e-07
    9     19  6.6085e-07  1.2556e-05
   10     20  9.1281e-07  1.8256e-05
   10     21  3.1609e-07  6.6380e-06
   10     22  2.7306e-09  6.0073e-08
   11     23  4.8765e-07  1.1216e-05
   12     24  4.2427e-07  1.0183e-05
   12     25  2.9563e-07  7.3908e-06
   12     26  1.5347e-08  3.9902e-07
   13     26  1.3492e-18  3.5078e-17
   13     27  1.0449e-07  2.8212e-06
   14     28  5.5004e-07  1.5401e-05
   14     29  1.0617e-07  3.0788e-06
   14     30  1.2358e-07  3.7074e-06
   15     31  1.5746e-07  4.8813e-06
   16     32  2.0938e-07  6.7001e-06
   16     33  7.6371e-07  2.5202e-05
   16     34  7.9792e-07  2.7129e-05
   16     36  1.0455e-07  3.7640e-06
   17     35  1.3279e-08  4.6475e-07
   17     37  3.2947e-07  1.2190e-05
   18     36  1.5815e-20  5.6935e-19
   18     38  5.8475e-07  2.2221e-05
   18     40  8.7996e-07  3.5198e-05
   19     39  9.1089e-07  3.5525e-05
   19     41  9.0491e-08  3.7102e-06
   20     42  2.1729e-06  9.1261e-05
   20     43  7.8910e-08  3.3931e-06
   20     44  6.6446e-07  2.9236e-05
   20     46  5.0432e-07  2.3199e-05
   21     45  8.2602e-07  3.7171e-05
   22     46  7.9401e-20  3.6524e-18
   22     47  1.7412e-06  8.1836e-05
   22     48  2.5632e-06  1.2303e-04
   22     49  5.9167e-07  2.8992e-05
   22     50  1.2786e-06  6.3929e-05
   23     51  7.0045e-07  3.5723e-05
   24     52  3.2690e-06  1.6999e-04
   24     53  5.7722e-07  3.0593e-05
   24     54  1.5968e-07  8.6226e-06
   25     55  2.0455e-07  1.1250e-05
   26     56  8.8433e-08  4.9523e-06
   26     57  3.4360e-07  1.9585e-05
   26     58  7.6385e-09  4.4303e-07
   27     59  2.1006e-08  1.2393e-06
   28     60  3.0810e-08  1.8486e-06
   28     61  1.0311e-07  6.2894e-06
   28     62  2.5456e-07  1.5783e-05
   28     64  4.0201e-07  2.5729e-05
   29     63  2.4041e-06  1.5146e-04
   29     65  7.0792e-07  4.6015e-05
   30     66  1.8438e-06  1.2169e-04
   30     67  6.9843e-07  4.6795e-05
   30     68  5.6813e-07  3.8633e-05
   30     70  1.7591e-06  1.2314e-04
   31     69  3.4991e-07  2.4144e-05
   31     71  5.3283e-07  3.7831e-05
   32     70  1.4545e-15  1.0182e-13
   32     72  1.3968e-06  1.0057e-04
   32     73  9.7518e-07  7.1188e-05
   32     74  1.7334e-06  1.2827e-04
   32     76  5.6487e-07  4.2930e-05
   33     75  5.4479e-07  4.0859e-05
   34     76  5.8109e-15  4.4163e-13
   34     77  1.6092e-06  1.2391e-04
   34     78  4.1412e-06  3.2301e-04
   34     80  2.5099e-05  2.0079e-03
   34     82  3.5880e-06  2.9422e-04
   35     79  6.6347e-06  5.2414e-04
   35     81  2.3399e-06  1.8953e-04
   36     82  1.8893e-13  1.5492e-11
   36     83  4.2160e-06  3.4993e-04
   36     84  3.0197e-06  2.5365e-04
   36     86  5.4291e-06  4.6690e-04
   37     85  2.2524e-06  1.9145e-04
   37     87  1.3596e-06  1.1829e-04
   38     86  1.6073e-19  1.3823e-17
   38     87  9.9555e-09  8.6613e-07
   38     88  2.0123e-06  1.7708e-04
   39     89  8.7774e-07  7.8119e-05
   40     90  1.3176e-06  1.1858e-04
   40     91  2.1761e-06  1.9803e-04
   40     92  5.5897e-06  5.1426e-04
   40     94  3.4005e-06  3.1964e-04
   41     93  5.6057e-06  5.2133e-04
   42     95  3.2283e-06  3.0669e-04
   42     96  1.4576e-06  1.3993e-04
   42     97  1.2892e-06  1.2505e-04
   42     98  1.4211e-06  1.3927e-04
   42    100  7.4005e-07  7.4005e-05
   44     99  6.8610e-07  6.7923e-05
   44    100  1.4300e-15  1.4300e-13
   44    101  7.1698e-07  7.2415e-05
   44    102  8.0771e-07  8.2386e-05
   44    104  9.9698e-07  1.0369e-04
   45    103  8.4077e-07  8.6600e-05
   46    104  2.8112e-17  2.9236e-15
   46    105  1.4053e-06  1.4755e-04
   46    106  1.2624e-06  1.3382e-04
   46    108  1.2458e-06  1.3454e-04
   46    110  3.5302e-06  3.8833e-04
   47    107  1.4244e-06  1.5242e-04
   47    109  1.8219e-06  1.9859e-04
   48    110  8.0203e-15  8.8224e-13
   48    111  5.0298e-07  5.5831e-05
   48    112  2.2363e-06  2.5047e-04
   48    113  9.5603e-07  1.0803e-04
   48    114  7.0570e-07  8.0450e-05
   48    116  9.5683e-08  1.1099e-05
   49    113  4.2075e-14  4.7545e-12
   49    115  4.8202e-07  5.5433e-05
   50    115  3.8459e-13  4.4227e-11
   50    116  3.5718e-17  4.1433e-15
   50    117  2.0388e-07  2.3854e-05
   50    118  2.2428e-07  2.6465e-05
   50    119  2.5138e-07  2.9914e-05
   50    120  8.0219e-07  9.6263e-05
   50    122  1.2550e-06  1.5311e-04
   50    124  9.5024e-06  1.1783e-03
   51    121  7.5653e-07  9.1540e-05
   51    123  1.9171e-06  2.3580e-04
   52    122  2.2302e-15  2.7209e-13
   52    124  6.1461e-17  7.6212e-15
   52    125  1.3747e-05  1.7184e-03
   52    126  5.7283e-05  7.2176e-03
   52    128  1.3245e-04  1.6954e-02
   52    130  2.9379e-05  3.8193e-03
   53    127  7.3807e-05  9.3735e-03
   53    129  2.1027e-13  2.7124e-11
   54    128  8.6557e-19  1.1079e-16
   54    129  8.9318e-05  1.1522e-02
   54    130  4.2850e-15  5.5704e-13
   54    131  2.3062e-05  3.0211e-03
   54    132  4.5706e-05  6.0332e-03
   54    134  3.2709e-05  4.3831e-03
   54    136  3.9760e-05  5.4074e-03
   55    133  3.1024e-05  4.1262e-03
   56    134  3.0534e-19  4.0915e-17
   56    135  1.8880e-05  2.5488e-03
   56    136  1.0789e-16  1.4673e-14
   56    137  2.0706e-05  2.8367e-03
   56    138  1.6735e-05  2.3094e-03
   57    139  3.9156e-06  5.4427e-04
   58    140  1.5970e-05  2.2358e-03
   58    142  5.8592e-06  8.3200e-04
   59    141  5.9692e-06  8.4166e-04
   60    142  2.1317e-20  3.0270e-18
   60    143  1.5388e-06  2.2005e-04
   60    144  4.8919e-06  7.0443e-04
   60    145  3.5424e-06  5.1365e-04
   60    146  9.0058e-06  1.3149e-03
   60    148  2.1195e-05  3.1369e-03
   60    150  8.9223e-06  1.3384e-03
   62    147  1.1857e-05  1.7429e-03
   62    148  1.6684e-16  2.4693e-14
   62    149  7.1745e-06  1.0690e-03
   62    150  6.4533e-13  9.6799e-11
   62    152  1.3571e-05  2.0628e-03
   62    154  1.1655e-05  1.7949e-03
   63    151  1.1603e-05  1.7521e-03
   63    153  7.1838e-06  1.0991e-03
   64    154  7.9155e-15  1.2190e-12
   64    155  6.4887e-06  1.0057e-03
   64    156  2.1737e-05  3.3910e-03
   64    157  1.0924e-05  1.7150e-03
   64    158  2.4581e-05  3.8838e-03
   64    160  1.5114e-05  2.4182e-03
   65    159  1.3171e-05  2.0942e-03
   66    160  7.8984e-15  1.2638e-12
   66    161  8.0326e-06  1.2932e-03
   66    162  2.4118e-05  3.9071e-03
   66    163  1.1729e-05  1.9119e-03
   66    164  3.3866e-05  5.5541e-03
   67    165  1.3605e-05  2.2449e-03
   68    166  3.0432e-05  5.0518e-03
   68    167  1.2293e-05  2.0529e-03
   68    168  4.0942e-05  6.8782e-03
   68    170  2.1859e-05  3.7160e-03
   69    169  1.9593e-05  3.3112e-03
   70    170  1.7561e-15  2.9853e-13
   70    171  1.6268e-05  2.7819e-03
   70    172  1.5583e-05  2.6802e-03
   70    173  2.4698e-05  4.2728e-03
   70    174  2.9562e-05  5.1437e-03
   70    176  1.3950e-05  2.4553e-03
   71    175  1.2607e-05  2.2062e-03
   71    176  5.2983e-16  9.3251e-14
   72    176  4.9606e-18  8.7306e-16
   72    177  8.7601e-06  1.5505e-03
   72    178  8.0023e-06  1.4244e-03
   72    179  4.9828e-06  8.9192e-04
   72    180  5.2288e-06  9.4119e-04
   72    182  6.8348e-20  1.2439e-17
   73    181  4.7537e-06  8.6042e-04
   74    182  1.1776e-05  2.1432e-03
   74    183  5.0389e-06  9.2211e-04
   74    184  2.2661e-05  4.1696e-03
   74    186  4.8119e-05  8.9502e-03
   75    185  8.9207e-06  1.6503e-03
   75    187  1.9574e-05  3.6604e-03
   76    186  3.2800e-18  6.1008e-16
   76    187  1.5908e-07  2.9749e-05
   76    188  2.5687e-05  4.8292e-03
   76    189  2.5165e-05  4.7561e-03
   76    190  3.3901e-05  6.4412e-03
   76    192  1.3046e-05  2.5048e-03
   77    191  1.6121e-05  3.0792e-03
   77    193  1.0858e-05  2.0956e-03
   78    192  1.0581e-15  2.0316e-13
   78    194  1.2724e-05  2.4686e-03
   78    195  1.1026e-05  2.1500e-03
   78    196  8.7254e-06  1.7102e-03
   78    198  2.5517e-06  5.0524e-04
   79    197  5.5786e-06  1.0990e-03
   80    198  8.7018e-16  1.7229e-13
   80    199  3.7160e-07  7.3948e-05
   80    200  3.8993e-08  7.7986e-06
   80    201  4.0854e-09  8.2117e-07
   80    202  8.1966e-09  1.6557e-06
   80    204  6.6585e-09  1.3583e-06
   81    203  1.1293e-08  2.2924e-06
   81    205  6.6722e-10  1.3678e-07
   82    204  3.2198e-20  6.5685e-18
   82    206  1.7052e-08  3.5128e-06
   82    207  1.9278e-08  3.9906e-06
   82    208  1.8700e-08  3.8895e-06
   82    210  1.1158e-18  2.3432e-16
   83    209  1.1312e-08  2.3642e-06
   83    215  1.0759e-17  2.3131e-15
   84    210  1.9030e-20  3.9964e-18
   88    223  1.2868e-20  2.8696e-18
   88    226  8.0382e-17  1.8166e-14
   88    228  3.8171e-19  8.7029e-17
   89    227  8.9488e-18  2.0314e-15
   90    227  2.0682e-20  4.6948e-18
   90    228  1.2717e-19  2.8995e-17
   90    230  3.7884e-15  8.7132e-13
   90    232  9.3214e-10  2.1626e-07
   91    231  1.3416e-14  3.0991e-12
   92    234  1.2336e-14  2.8866e-12
   92    235  2.8915e-10  6.7951e-08
   92    236  6.7336e-13  1.5891e-10
   92    238  2.2442e-10  5.3411e-08
   94    240  1.3325e-16  3.1979e-14
   94    244  1.6219e-12  3.9575e-10
   96    247  1.4379e-19  3.5515e-17
   97    246  2.8067e-14  6.9046e-12
  100    258  1.0873e-11  2.8051e-09
  100    260  6.9241e-12  1.8003e-09
  100    262  3.5090e-12  9.1935e-10
  102    261  3.9003e-12  1.0180e-09
  102    263  2.2335e-12  5.8741e-10
  102    264  2.9736e-12  7.8504e-10
  102    266  1.9814e-12  5.2705e-10
  103    265  1.7835e-12  4.7262e-10
  104    267  8.9038e-13  2.3773e-10
  104    268  5.0999e-13  1.3668e-10
  104    270  5.0388e-13  1.3605e-10
  104    272  7.3847e-14  2.0086e-11
  104    274  6.4780e-14  1.7750e-11
  105    269  1.0337e-12  2.7806e-10
  105    271  1.6497e-13  4.4706e-11
  106    273  6.8843e-14  1.8794e-11
  106    275  9.3191e-15  2.5628e-12
  106    276  9.1033e-15  2.5125e-12
  106    278  5.9709e-16  1.6599e-13
  106    280  5.0571e-18  1.4160e-15
  107    277  8.5299e-16  2.3628e-13
  108    279  6.6841e-17  1.8649e-14
  108    281  4.9515e-19  1.3914e-16
  108    282  1.4956e-19  4.2176e-17
    1      1  1.1779e-09  1.1779e-09
    2      4  1.8874e-01  7.5498e-01


