    1      2  2.6503e-15  5.3006e-15
    2      3  1.0542e-18  3.1627e-18
    3      6  1.7822e-16  1.0693e-15
    3      7  7.7603e-19  5.4322e-18
    4      8  5.0629e-14  4.0503e-13
    4      9  1.0749e-18  9.6745e-18
    5     10  2.7225e-17  2.7225e-16
    5     11  8.0366e-20  8.8403e-19
    6     12  1.8945e-08  2.2734e-07
    6     13  1.4923e-14  1.9400e-13
    7     14  3.1766e-12  4.4473e-11
    7     15  2.4520e-09  3.6780e-08
    8     16  8.7794e-10  1.4047e-08
    8     17  9.1465e-14  1.5549e-12
    8     18  1.1020e-09  1.9836e-08
    9     19  1.5270e-09  2.9013e-08
   10     20  1.0824e-10  2.1649e-09
   10     21  2.6221e-10  5.5063e-09
   10     22  3.8080e-10  8.3775e-09
   11     23  7.9396e-10  1.8261e-08
   12     24  4.6183e-10  1.1084e-08
   12     25  1.0617e-09  2.6544e-08
   12     26  4.2488e-09  1.1047e-07
   13     26  3.6119e-15  9.3909e-14
   13     27  1.1637e-09  3.1421e-08
   14     28  4.5024e-09  1.2607e-07
   14     29  7.9523e-09  2.3062e-07
   14     30  2.1339e-08  6.4018e-07
   15     31  2.5302e-09  7.8435e-08
   16     32  3.3865e-08  1.0837e-06
   16     33  1.1880e-07  3.9204e-06
   16     34  1.2343e-07  4.1965e-06
   16     36  1.2521e-07  4.5075e-06
   17     35  2.1668e-08  7.5839e-07
   17     37  3.7022e-07  1.3698e-05
   18     36  9.9739e-18  3.5906e-16
   18     38  5.0046e-07  1.9017e-05
   18     40  4.7279e-07  1.8912e-05
   19     39  4.9823e-07  1.9431e-05
   19     41  1.6228e-07  6.6534e-06
   20     42  7.9310e-07  3.3310e-05
   20     43  3.9863e-08  1.7141e-06
   20     44  8.0538e-07  3.5437e-05
   20     46  2.7056e-06  1.2446e-04
   21     45  2.5005e-06  1.1252e-04
   22     46  1.1794e-17  5.4250e-16
   22     47  6.8810e-08  3.2340e-06
   22     48  1.9690e-06  9.4511e-05
   22     49  1.3060e-06  6.3996e-05
   22     50  3.6250e-06  1.8125e-04
   23     51  1.4076e-06  7.1786e-05
   24     52  1.3119e-07  6.8220e-06
   24     53  1.5318e-07  8.1183e-06
   24     54  1.2752e-06  6.8863e-05
   25     55  4.9649e-07  2.7307e-05
   26     56  2.5184e-06  1.4103e-04
   26     57  6.7531e-07  3.8493e-05
   26     58  5.4482e-09  3.1600e-07
   27     59  7.4991e-09  4.4245e-07
   28     60  1.1066e-08  6.6393e-07
   28     61  3.0493e-08  1.8601e-06
   28     62  8.9965e-07  5.5778e-05
   28     64  1.3665e-07  8.7459e-06
   29     63  4.2705e-06  2.6904e-04
   29     65  2.0234e-07  1.3152e-05
   30     64  6.6969e-19  4.2860e-17
   30     66  7.3190e-07  4.8305e-05
   30     67  2.9518e-07  1.9777e-05
   30     68  1.2166e-06  8.2729e-05
   30     70  3.3588e-06  2.3512e-04
   31     69  1.9581e-06  1.3511e-04
   31     71  6.0168e-07  4.2719e-05
   32     70  3.6204e-13  2.5343e-11
   32     72  1.6292e-06  1.1730e-04
   32     73  1.2965e-05  9.4648e-04
   32     74  1.7611e-05  1.3033e-03
   32     76  7.8092e-06  5.9350e-04
   33     75  3.2535e-06  2.4402e-04
   34     76  1.5237e-12  1.1580e-10
   34     77  2.9398e-05  2.2637e-03
   34     78  1.5757e-05  1.2291e-03
   34     80  2.1278e-05  1.7022e-03
   34     82  2.6637e-05  2.1842e-03
   35     79  5.8013e-06  4.5830e-04
   35     81  1.9749e-05  1.5997e-03
   36     82  6.6624e-11  5.4631e-09
   36     83  3.3430e-06  2.7747e-04
   36     84  1.2260e-05  1.0298e-03
   36     86  2.0998e-05  1.8059e-03
   37     85  8.4217e-06  7.1584e-04
   37     87  7.1988e-06  6.2630e-04
   38     86  2.8245e-17  2.4291e-15
   38     87  5.2711e-08  4.5859e-06
   38     88  1.3959e-05  1.2284e-03
   39     89  1.8773e-06  1.6708e-04
   40     90  1.0927e-06  9.8346e-05
   40     91  4.0396e-06  3.6760e-04
   40     92  1.5263e-05  1.4042e-03
   40     94  1.5447e-05  1.4520e-03
   41     93  1.0447e-05  9.7154e-04
   42     95  9.4102e-06  8.9397e-04
   42     96  1.4054e-05  1.3492e-03
   42     97  7.5053e-06  7.2802e-04
   42     98  8.2427e-06  8.0778e-04
   42    100  3.0334e-05  3.0334e-03
   44     99  2.7762e-06  2.7485e-04
   44    100  2.4417e-13  2.4417e-11
   44    101  4.1022e-05  4.1432e-03
   44    102  2.1883e-05  2.2321e-03
   44    104  2.2447e-05  2.3345e-03
   45    103  1.0175e-05  1.0481e-03
   46    104  1.5562e-14  1.6184e-12
   46    105  1.6953e-05  1.7800e-03
   46    106  4.0754e-05  4.3199e-03
   46    108  7.1377e-05  7.7087e-03
   46    110  1.2945e-04  1.4240e-02
   47    107  1.0016e-04  1.0717e-02
   47    109  7.6167e-05  8.3022e-03
   48    110  1.5002e-11  1.6502e-09
   48    111  1.8933e-05  2.1016e-03
   48    112  9.9942e-05  1.1194e-02
   48    113  4.1621e-05  4.7032e-03
   48    114  3.0289e-05  3.4529e-03
   48    116  1.6917e-05  1.9624e-03
   49    113  1.8318e-12  2.0699e-10
   49    115  1.9095e-05  2.1959e-03
   50    115  1.5235e-11  1.7520e-09
   50    116  7.0642e-14  8.1944e-12
   50    117  3.4443e-05  4.0298e-03
   50    118  3.4325e-05  4.0504e-03
   50    119  2.9343e-05  3.4919e-03
   50    120  8.0232e-05  9.6278e-03
   50    122  1.3715e-04  1.6732e-02
   50    124  1.3964e-04  1.7315e-02
   51    121  8.6714e-05  1.0492e-02
   51    123  1.0586e-04  1.3020e-02
   52    122  1.0599e-11  1.2931e-09
   52    124  1.4922e-13  1.8503e-11
   52    125  2.0721e-04  2.5901e-02
   52    126  4.6827e-04  5.9002e-02
   52    128  2.3369e-04  2.9912e-02
   52    130  1.0392e-06  1.3509e-04
   53    127  2.4030e-04  3.0518e-02
   53    129  1.6687e-13  2.1526e-11
   54    128  2.0193e-16  2.5846e-14
   54    129  6.3249e-05  8.1591e-03
   54    130  1.8086e-13  2.3512e-11
   54    131  1.1081e-08  1.4517e-06
   54    132  2.4623e-08  3.2503e-06
   54    134  2.3852e-09  3.1962e-07
   54    136  2.5177e-09  3.4241e-07
   55    133  4.6938e-09  6.2428e-07
   56    135  5.0090e-10  6.7621e-08
   56    136  1.4465e-19  1.9673e-17
   56    137  1.7930e-09  2.4565e-07
   56    138  5.0951e-11  7.0312e-09
   57    139  9.6645e-13  1.3434e-10
   58    140  5.8893e-12  8.2450e-10
   58    142  2.2820e-12  3.2405e-10
   59    141  2.4376e-12  3.4370e-10
   60    143  4.0040e-13  5.7257e-11
   60    144  2.3809e-12  3.4286e-10
   60    145  1.0197e-12  1.4786e-10
   60    146  9.3896e-13  1.3709e-10
   60    148  5.3435e-13  7.9084e-11
   60    150  2.0783e-13  3.1174e-11
   62    147  5.9679e-13  8.7728e-11
   62    149  2.4236e-13  3.6112e-11
   62    150  9.5661e-19  1.4349e-16
   62    152  3.0348e-13  4.6129e-11
   62    154  1.4971e-13  2.3055e-11
   63    151  1.3810e-13  2.0852e-11
   63    153  1.6668e-13  2.5502e-11
   64    155  1.2143e-13  1.8821e-11
   64    156  3.5448e-14  5.5298e-12
   64    157  3.6866e-14  5.7880e-12
   64    158  2.8918e-14  4.5690e-12
   64    160  1.7969e-14  2.8750e-12
   65    159  1.4944e-14  2.3761e-12
   66    161  1.0346e-14  1.6658e-12
   66    162  3.4701e-15  5.6216e-13
   66    163  2.3931e-15  3.9008e-13
   66    164  3.0242e-15  4.9597e-13
   67    165  2.0411e-15  3.3679e-13
   68    166  1.4623e-15  2.4274e-13
   68    167  1.2791e-15  2.1361e-13
   68    168  4.6371e-16  7.7904e-14
   68    170  9.3260e-17  1.5854e-14
   69    169  5.4877e-16  9.2742e-14
   70    171  5.0489e-17  8.6336e-15
   70    172  1.4130e-17  2.4304e-15
   70    173  1.4587e-17  2.5235e-15
   70    174  2.1997e-17  3.8275e-15
   70    176  7.1166e-18  1.2525e-15
   71    175  5.0239e-18  8.7918e-16
   72    177  2.5281e-18  4.4747e-16
   72    178  3.4179e-19  6.0838e-17
   72    179  1.0249e-19  1.8346e-17
   72    180  6.7202e-20  1.2096e-17
   73    181  2.9077e-20  5.2630e-18
   74    182  1.3932e-20  2.5356e-18
    1      1  5.1358e-09  5.1358e-09
    2      4  1.6332e-01  6.5327e-01


