1  1.3571e-08
2  2.3231e-01
3  1.3614e-09
4  3.8140e-09
5  5.4061e-08
6  9.4287e-08
7  4.5057e-06
8  1.6433e-07
9  3.8207e-07
10  9.2022e-07
11  5.6748e-07
12  5.8177e-07
13  1.0391e-07
14  3.2587e-07
15  3.0966e-08
16  9.4381e-07
17  2.6690e-08
18  4.3847e-08
19  7.8524e-08
20  2.4693e-07
21  3.9656e-08
22  1.0801e-07
23  1.2284e-08
24  1.0497e-07
25  1.1324e-08
26  1.0209e-07
27  4.0744e-09
28  6.8060e-08
29  8.5274e-08
30  1.4805e-07
31  2.7242e-08
32  4.3356e-07
33  2.2981e-07
34  1.4115e-06
35  5.9598e-07
36  9.0999e-07
37  4.1763e-07
38  2.5970e-07
39  1.7071e-07
40  8.0052e-07
41  1.1236e-07
42  7.4948e-07
43  2.8922e-33
44  2.0192e-07
45  5.1168e-08
46  4.0279e-06
47  1.9926e-06
48  5.6421e-06
49  9.7092e-07
50  2.2977e-06
51  4.7379e-07
52  1.0539e-05
53  3.0829e-06
54  8.3089e-06
55  7.4243e-07
56  2.5028e-06
57  4.5066e-07
58  1.2731e-06
59  1.4579e-06
60  2.6286e-06
61  2.7832e-84
62  1.2891e-06
63  5.2797e-07
64  2.1276e-06
65  2.0307e-07
66  1.7829e-06
67  4.1311e-07
68  2.0557e-06
69  6.4146e-07
70  3.5201e-06
71  7.8692e-07
72  3.2825e-06
73  6.3386e-07
74  1.0685e-06
75  2.1846e-07
76  9.5601e-06
77  1.3680e-05
78  6.2114e-05
79  1.4336e-05
80  5.9396e-06
81  1.4303e-06
82  5.1224e-05
83  2.7669e-05
84  1.0307e-15
85  3.1202e-26
86  2.8455e-17
87  8.7591e-21
88  4.9893e-11
89  3.3031e-13
90  1.9934e-05
91  4.9521e-10
92  2.2884e-05
93  1.9836e-19
94  1.3490e-07
95  1.2876e-17
96  2.7208e-14
97  2.1501e-09
98  -9.9643e-314
99  1.3735e-321
100  8.2230e-06
101  4.8935e-313
102  1.0862e-05
103  2.3452e-06
104  1.2809e-05
105  5.1879e-06
106  9.6323e-06
107  6.5300e-07
108  3.8479e-07
109  -3.7899e-319
110  1.5943e-07
111  5.8678e-07
112  0.0000e+00
113  0.0000e+00
114  0.0000e+00
115  0.0000e+00
116  0.0000e+00
117  0.0000e+00
118  0.0000e+00

