1  9.7840e-09
2  2.3052e-01
3  7.5307e-10
4  1.4386e-09
5  2.1516e-08
6  1.0939e-07
7  3.7806e-06
8  1.3003e-07
9  3.6265e-07
10  8.5110e-07
11  6.1642e-07
12  5.6813e-07
13  1.3923e-07
14  4.7426e-07
15  4.2531e-08
16  1.2707e-06
17  3.3166e-08
18  6.2337e-08
19  1.1692e-07
20  3.9567e-07
21  5.8496e-08
22  1.8667e-07
23  1.7504e-08
24  1.7182e-07
25  1.9152e-08
26  1.3513e-07
27  5.6441e-09
28  1.1694e-07
29  1.1592e-07
30  2.0389e-07
31  4.5624e-08
32  7.7752e-07
33  4.1199e-07
34  2.8488e-06
35  1.3684e-06
36  1.8760e-06
37  8.9694e-07
38  5.5217e-07
39  3.3477e-07
40  1.7189e-06
41  2.8333e-07
42  1.5132e-06
43  8.3399e-33
44  5.3748e-07
45  1.1352e-07
46  8.0927e-06
47  4.3594e-06
48  9.9229e-06
49  1.1921e-06
50  4.2356e-06
51  8.8266e-07
52  1.9859e-05
53  6.5819e-06
54  1.3963e-05
55  1.3163e-06
56  4.0374e-06
57  8.6213e-07
58  2.7592e-06
59  3.4014e-06
60  5.1941e-06
61  4.2499e-84
62  2.6598e-06
63  1.6905e-06
64  4.8441e-06
65  7.7704e-07
66  4.5263e-06
67  9.0707e-07
68  5.3173e-06
69  1.4301e-06
70  1.0173e-05
71  2.2822e-06
72  8.6047e-06
73  1.0810e-06
74  2.2990e-06
75  9.2048e-07
76  3.7398e-05
77  4.5243e-05
78  1.0550e-04
79  1.5621e-05
80  6.6615e-06
81  2.0043e-06
82  4.0548e-05
83  1.5914e-05
84  3.2783e-16
85  9.9695e-27
86  9.0509e-18
87  2.8034e-21
88  1.9402e-11
89  1.0572e-13
90  7.8865e-06
91  1.5850e-10
92  7.2974e-06
93  5.4088e-20
94  3.6782e-08
95  3.2381e-18
96  6.8429e-15
97  5.7233e-10
98  -2.1350e-314
99  1.6354e-321
100  1.3039e-06
101  -7.6027e-313
102  1.1476e-06
103  1.9846e-07
104  6.4474e-07
105  3.2410e-07
106  2.0888e-07
107  8.5198e-09
108  3.6835e-09
109  4.3098e-319
110  1.2245e-09
111  2.8632e-09
112  0.0000e+00
113  0.0000e+00
114  0.0000e+00
115  0.0000e+00
116  0.0000e+00
117  0.0000e+00
118  0.0000e+00

