1  2.4289e-09
2  2.1577e-01
3  8.4118e-15
4  1.0987e-13
5  1.8154e-14
6  9.6924e-09
7  2.5636e-08
8  1.5937e-08
9  6.2015e-09
10  4.0147e-08
11  1.8796e-08
12  5.9178e-07
13  5.8103e-09
14  9.6542e-08
15  1.2853e-08
16  1.4081e-06
17  2.1598e-07
18  7.9141e-07
19  3.6029e-07
20  2.2016e-06
21  6.8389e-07
22  1.1187e-06
23  3.2711e-08
24  4.8635e-06
25  1.7123e-07
26  1.3365e-06
27  6.8450e-10
28  2.4238e-07
29  6.8768e-07
30  2.0403e-06
31  9.9939e-07
32  6.5697e-06
33  2.1848e-06
34  4.2733e-05
35  6.7585e-06
36  3.4898e-05
37  1.2938e-05
38  1.8249e-05
39  3.2729e-06
40  1.2876e-05
41  5.2992e-06
42  5.1142e-05
43  1.4515e-30
44  5.9769e-05
45  4.0558e-06
46  1.9038e-04
47  1.1126e-04
48  1.5437e-04
49  1.8877e-05
50  8.8112e-05
51  2.2758e-05
52  2.5052e-04
53  9.3827e-05
54  2.0768e-05
55  8.2312e-08
56  5.9350e-08
57  9.2674e-10
58  1.0702e-09
59  1.2014e-09
60  3.1169e-10
61  -1.9940e-316
62  2.5562e-10
63  5.6506e-11
64  8.7644e-11
65  1.7217e-12
66  1.5199e-11
67  2.0987e-12
68  8.1028e-12
69  1.8949e-12
70  5.9355e-13
71  4.0634e-14
72  6.2572e-14
73  2.2352e-15
74  3.0510e-15
75  6.2785e-16
76  9.9515e-16
77  5.0815e-16
78  1.4947e-16
79  7.9227e-18
80  7.1055e-19
81  1.1763e-22
82  0.0000e+00
83  0.0000e+00
84  0.0000e+00
85  0.0000e+00
86  0.0000e+00
87  0.0000e+00
88  0.0000e+00
89  0.0000e+00
90  0.0000e+00
91  0.0000e+00
92  0.0000e+00
93  0.0000e+00
94  0.0000e+00
95  0.0000e+00
96  0.0000e+00
97  0.0000e+00
98  0.0000e+00
99  0.0000e+00
100  0.0000e+00
101  0.0000e+00
102  0.0000e+00
103  0.0000e+00
104  0.0000e+00
105  0.0000e+00
106  0.0000e+00
107  0.0000e+00
108  0.0000e+00
109  0.0000e+00
110  0.0000e+00
111  0.0000e+00
112  0.0000e+00
113  0.0000e+00
114  0.0000e+00
115  0.0000e+00
116  0.0000e+00
117  0.0000e+00
118  0.0000e+00

