    1      2  7.3394e-09  1.4679e-08
    2      3  7.8008e-10  2.3402e-09
    3      6  2.1162e-11  1.2697e-10
    3      7  8.5262e-10  5.9683e-09
    4      8  1.3328e-09  1.0663e-08
    4      9  5.2583e-10  4.7324e-09
    5     10  2.5249e-08  2.5249e-07
    5     11  2.9506e-09  3.2457e-08
    6     12  2.7459e-09  3.2951e-08
    6     13  1.0535e-07  1.3695e-06
    7     14  5.2464e-08  7.3449e-07
    7     15  3.9243e-06  5.8864e-05
    8     16  1.0829e-07  1.7326e-06
    8     17  3.8825e-09  6.6003e-08
    8     18  2.5715e-08  4.6288e-07
    9     19  3.6877e-07  7.0067e-06
   10     20  5.3266e-07  1.0653e-05
   10     21  3.3123e-07  6.9559e-06
   10     22  3.5976e-09  7.9148e-08
   11     23  6.0508e-07  1.3917e-05
   12     24  2.1669e-07  5.2005e-06
   12     25  3.1556e-07  7.8890e-06
   12     26  4.3257e-08  1.1247e-06
   13     26  1.1244e-19  2.9233e-18
   13     27  1.2853e-07  3.4704e-06
   14     28  2.9677e-07  8.3096e-06
   14     29  7.8261e-08  2.2696e-06
   14     30  5.6065e-08  1.6819e-06
   15     31  3.9431e-08  1.2224e-06
   16     32  9.7482e-08  3.1194e-06
   16     33  5.9275e-07  1.9561e-05
   16     34  4.6469e-07  1.5799e-05
   16     36  2.3919e-08  8.6109e-07
   17     35  2.1877e-08  7.6571e-07
   17     37  9.6403e-09  3.5669e-07
   18     36  8.1986e-20  2.9515e-18
   18     38  4.2992e-08  1.6337e-06
   18     40  1.3929e-08  5.5718e-07
   19     39  3.8032e-08  1.4833e-06
   19     41  6.7272e-08  2.7582e-06
   20     42  2.1736e-07  9.1292e-06
   20     43  5.6452e-08  2.4275e-06
   20     44  5.5617e-08  2.4472e-06
   20     46  2.2376e-08  1.0293e-06
   21     45  5.3167e-08  2.3925e-06
   22     47  2.9042e-08  1.3650e-06
   22     48  5.2807e-08  2.5348e-06
   22     49  4.0369e-08  1.9781e-06
   22     50  4.0858e-08  2.0429e-06
   23     51  1.5700e-08  8.0070e-07
   24     52  7.6290e-08  3.9671e-06
   24     53  4.9930e-08  2.6463e-06
   24     54  2.2960e-08  1.2398e-06
   25     55  1.6349e-08  8.9920e-07
   26     56  2.7767e-08  1.5550e-06
   26     57  9.2840e-08  5.2919e-06
   26     58  4.9402e-09  2.8653e-07
   27     59  5.4332e-09  3.2056e-07
   28     60  1.1530e-08  6.9179e-07
   28     61  1.9410e-08  1.1840e-06
   28     62  2.0935e-08  1.2980e-06
   28     64  5.2452e-08  3.3569e-06
   29     63  7.4738e-08  4.7085e-06
   29     65  3.3871e-08  2.2016e-06
   30     66  6.8361e-08  4.5118e-06
   30     67  2.4304e-08  1.6284e-06
   30     68  2.9960e-08  2.0373e-06
   30     70  6.4359e-08  4.5052e-06
   31     69  2.2310e-08  1.5394e-06
   31     71  1.8038e-08  1.2807e-06
   32     70  3.2096e-16  2.2467e-14
   32     72  7.6837e-08  5.5322e-06
   32     73  3.7828e-08  2.7615e-06
   32     74  1.1751e-07  8.6961e-06
   32     76  4.2573e-07  3.2356e-05
   33     75  3.4417e-07  2.5813e-05
   34     76  2.6183e-14  1.9899e-12
   34     77  2.9187e-07  2.2474e-05
   34     78  2.5876e-07  2.0183e-05
   34     80  1.3041e-06  1.0433e-04
   34     82  5.3710e-07  4.4042e-05
   35     79  3.7336e-07  2.9496e-05
   35     81  7.4228e-07  6.0125e-05
   36     82  6.8224e-14  5.5943e-12
   36     83  6.8907e-07  5.7193e-05
   36     84  3.4039e-07  2.8593e-05
   36     86  5.9222e-07  5.0931e-05
   37     85  2.8402e-07  2.4142e-05
   37     87  4.7608e-07  4.1419e-05
   38     87  3.4859e-09  3.0328e-07
   38     88  4.6362e-07  4.0798e-05
   39     89  2.9774e-07  2.6499e-05
   40     90  4.5273e-07  4.0746e-05
   40     91  9.2455e-08  8.4134e-06
   40     92  3.5721e-07  3.2864e-05
   40     94  5.6128e-07  5.2760e-05
   41     93  2.2780e-07  2.1185e-05
   42     95  3.5164e-07  3.3406e-05
   42     96  4.7108e-07  4.5224e-05
   42     97  3.2994e-07  3.2004e-05
   42     98  8.1618e-08  7.9986e-06
   42    100  1.0008e-07  1.0008e-05
   44     99  8.8129e-08  8.7248e-06
   44    100  2.4784e-14  2.4784e-12
   44    101  1.1546e-07  1.1661e-05
   44    102  7.6576e-08  7.8107e-06
   44    104  1.3655e-07  1.4201e-05
   45    103  9.1115e-08  9.3848e-06
   46    104  3.6264e-19  3.7714e-17
   46    105  1.3316e-07  1.3982e-05
   46    106  2.6849e-07  2.8460e-05
   46    108  7.5014e-07  8.1015e-05
   46    110  5.6691e-06  6.2361e-04
   47    107  2.9142e-07  3.1181e-05
   47    109  3.3222e-06  3.6212e-04
   48    110  9.5008e-14  1.0451e-11
   48    111  8.8898e-07  9.8677e-05
   48    112  3.3297e-06  3.7292e-04
   48    113  2.1303e-06  2.4072e-04
   48    114  2.0300e-06  2.3143e-04
   48    116  2.1263e-07  2.4665e-05
   49    113  9.3754e-14  1.0594e-11
   49    115  1.1245e-06  1.2932e-04
   50    115  8.9722e-13  1.0318e-10
   50    116  1.3870e-13  1.6090e-11
   50    117  2.3827e-07  2.7877e-05
   50    118  1.6592e-07  1.9578e-05
   50    119  1.2725e-07  1.5142e-05
   50    120  5.6920e-07  6.8304e-05
   50    122  3.6214e-07  4.4181e-05
   50    124  2.1641e-06  2.6835e-04
   51    121  2.5017e-07  3.0271e-05
   51    123  5.0079e-07  6.1597e-05
   52    122  3.8438e-15  4.6894e-13
   52    124  6.6310e-17  8.2225e-15
   52    125  2.6611e-06  3.3264e-04
   52    126  4.5430e-06  5.7242e-04
   52    128  5.3544e-06  6.8536e-04
   52    130  4.6438e-06  6.0369e-04
   53    127  5.5466e-06  7.0442e-04
   53    129  1.7401e-14  2.2447e-12
   54    128  2.6008e-16  3.3290e-14
   54    129  4.4993e-06  5.8041e-04
   54    130  1.0516e-14  1.3671e-12
   54    131  3.0145e-06  3.9490e-04
   54    132  1.5177e-06  2.0034e-04
   54    134  1.3440e-06  1.8010e-04
   54    136  1.7281e-06  2.3502e-04
   55    133  1.1525e-06  1.5328e-04
   56    134  1.8796e-18  2.5187e-16
   56    135  1.0265e-06  1.3858e-04
   56    136  1.3222e-15  1.7982e-13
   56    137  1.3402e-06  1.8360e-04
   56    138  1.1937e-06  1.6473e-04
   57    139  7.3578e-07  1.0227e-04
   58    140  1.1446e-06  1.6025e-04
   58    142  1.0941e-06  1.5536e-04
   59    141  2.7461e-06  3.8719e-04
   60    142  5.9046e-18  8.3845e-16
   60    143  6.8695e-07  9.8233e-05
   60    144  1.1854e-06  1.7070e-04
   60    145  5.4238e-07  7.8645e-05
   60    146  4.5488e-07  6.6412e-05
   60    148  4.3635e-07  6.4580e-05
   60    150  8.4601e-07  1.2690e-04
   62    147  3.6323e-07  5.3395e-05
   62    148  9.4734e-14  1.4021e-11
   62    149  3.0502e-07  4.5448e-05
   62    150  3.7100e-13  5.5649e-11
   62    152  7.4870e-07  1.1380e-04
   62    154  6.9872e-07  1.0760e-04
   63    151  7.8281e-07  1.1820e-04
   63    153  4.5366e-07  6.9410e-05
   64    154  7.7936e-15  1.2002e-12
   64    155  3.7054e-07  5.7433e-05
   64    156  7.4446e-07  1.1614e-04
   64    157  5.2482e-07  8.2397e-05
   64    158  1.0119e-06  1.5988e-04
   64    160  1.0231e-06  1.6370e-04
   65    159  5.3431e-07  8.4956e-05
   66    160  1.7906e-15  2.8649e-13
   66    161  5.0924e-07  8.1987e-05
   66    162  9.7753e-07  1.5836e-04
   66    163  5.5936e-07  9.1175e-05
   66    164  1.3097e-06  2.1478e-04
   67    165  6.6737e-07  1.1012e-04
   68    166  1.2704e-06  2.1089e-04
   68    167  5.7578e-07  9.6155e-05
   68    168  1.0299e-06  1.7303e-04
   68    170  9.7825e-07  1.6630e-04
   69    169  1.0846e-06  1.8330e-04
   70    170  8.1288e-16  1.3819e-13
   70    171  1.0134e-06  1.7329e-04
   70    172  1.1656e-06  2.0048e-04
   70    173  1.4356e-06  2.4835e-04
   70    174  2.0307e-06  3.5333e-04
   70    176  1.7005e-06  2.9928e-04
   71    175  1.6809e-06  2.9416e-04
   71    176  2.6878e-16  4.7306e-14
   72    176  2.5165e-18  4.4290e-16
   72    177  1.9782e-06  3.5015e-04
   72    178  1.7930e-06  3.1916e-04
   72    179  1.3918e-06  2.4913e-04
   72    180  1.2178e-06  2.1920e-04
   73    181  9.2402e-07  1.6725e-04
   74    182  6.2994e-07  1.1465e-04
   74    183  2.8086e-07  5.1398e-05
   74    184  2.9855e-07  5.4934e-05
   74    186  5.7825e-07  1.0755e-04
   75    185  1.9431e-07  3.5947e-05
   75    187  4.1300e-07  7.7231e-05
   76    186  6.3244e-19  1.1763e-16
   76    187  3.3565e-09  6.2766e-07
   76    188  1.3467e-06  2.5318e-04
   76    189  2.9083e-06  5.4967e-04
   76    190  6.4570e-06  1.2268e-03
   76    192  1.6993e-05  3.2627e-03
   77    191  9.5464e-06  1.8234e-03
   77    193  2.6938e-05  5.1991e-03
   78    192  6.4957e-16  1.2472e-13
   78    194  3.4497e-05  6.6924e-03
   78    195  3.6045e-05  7.0288e-03
   78    196  2.3438e-05  4.5939e-03
   78    198  6.1986e-06  1.2273e-03
   79    197  1.6666e-05  3.2831e-03
   80    198  1.4139e-15  2.7996e-13
   80    199  2.2342e-06  4.4460e-04
   80    200  1.5158e-06  3.0317e-04
   80    201  9.9820e-07  2.0064e-04
   80    202  1.1742e-06  2.3719e-04
   80    204  1.0745e-06  2.1920e-04
   81    203  8.1305e-07  1.6505e-04
   81    205  1.1506e-06  2.3586e-04
   81    207  7.2440e-20  1.4995e-17
   82    204  7.9282e-20  1.6174e-17
   82    206  1.7045e-05  3.5113e-03
   82    207  1.6743e-05  3.4657e-03
   82    208  1.3678e-05  2.8451e-03
   82    210  9.4810e-13  1.9910e-10
   82    211  2.5669e-18  5.4161e-16
   82    212  3.3088e-18  7.0148e-16
   82    214  4.4219e-19  9.4628e-17
   83    209  2.0754e-05  4.3376e-03
   83    210  1.9888e-17  4.1765e-15
   83    211  3.2613e-20  6.8814e-18
   83    212  9.8874e-20  2.0961e-17
   83    214  5.4658e-20  1.1697e-17
   84    210  5.4912e-16  1.1532e-13
   86    222  1.5158e-17  3.3650e-15
   88    223  2.5094e-16  5.5959e-14
   88    224  8.5505e-18  1.9153e-15
   88    226  2.3194e-12  5.2418e-10
   88    228  2.7495e-11  6.2690e-09
   89    227  1.7451e-13  3.9613e-11
   89    228  6.0181e-19  1.3721e-16
   90    227  4.0331e-16  9.1552e-14
   90    228  1.6420e-15  3.7438e-13
   90    230  1.0931e-10  2.5142e-08
   90    231  2.3342e-17  5.3920e-15
   90    232  1.2036e-05  2.7923e-03
   90    234  3.6962e-17  8.6490e-15
   91    231  2.6162e-10  6.0434e-08
   91    234  1.1069e-18  2.5901e-16
   92    234  3.5595e-10  8.3292e-08
   92    235  5.6386e-06  1.3251e-03
   92    236  2.7855e-08  6.5738e-06
   92    238  6.4755e-06  1.5412e-03
   92    240  1.3979e-18  3.3550e-16
   93    240  9.8695e-20  2.3687e-17
   94    239  2.0773e-17  4.9648e-15
   94    240  5.5138e-12  1.3233e-09
   94    244  6.7115e-08  1.6376e-05
   95    243  6.3504e-18  1.5432e-15
   96    244  1.8216e-17  4.4446e-15
   96    247  1.3403e-14  3.3106e-12
   97    246  1.0391e-09  2.5562e-07
  100    258  1.0866e-06  2.8034e-04
  100    260  9.8557e-07  2.5625e-04
  100    262  8.0842e-07  2.1180e-04
  102    260  1.9094e-20  4.9646e-18
  102    261  7.0260e-07  1.8338e-04
  102    263  7.1282e-07  1.8747e-04
  102    264  7.8452e-07  2.0711e-04
  102    266  6.4087e-07  1.7047e-04
  103    265  5.2554e-07  1.3927e-04
  104    267  3.6699e-07  9.7987e-05
  104    268  2.9161e-07  7.8150e-05
  104    270  4.7024e-07  1.2697e-04
  104    272  4.1984e-07  1.1420e-04
  104    274  2.9460e-07  8.0720e-05
  105    269  5.2613e-07  1.4153e-04
  105    271  3.6980e-07  1.0022e-04
  106    273  3.7505e-07  1.0239e-04
  106    275  1.6271e-07  4.4744e-05
  106    276  1.4901e-07  4.1126e-05
  106    278  3.3920e-08  9.4298e-06
  106    280  2.5400e-09  7.1120e-07
  107    277  3.3991e-08  9.4155e-06
  108    279  8.6467e-09  2.4124e-06
  108    281  8.8213e-10  2.4788e-07
  108    282  1.5344e-09  4.3270e-07
  108    283  1.1290e-09  3.1950e-07
  108    284  1.6567e-09  4.7051e-07
  108    286  1.7419e-09  4.9819e-07
  110    285  1.6412e-09  4.6775e-07
  110    287  1.4265e-09  4.0942e-07
  110    288  1.4387e-09  4.1434e-07
  110    290  9.1746e-10  2.6606e-07
  111    289  7.9243e-10  2.2901e-07
  111    291  4.1615e-10  1.2110e-07
  111    292  3.1225e-09  9.1176e-07
  111    293  1.4039e-09  4.1135e-07
  111    294  2.5066e-09  7.3694e-07
  111    295  1.2242e-09  3.6113e-07
  111    296  8.9000e-10  2.6344e-07
  111    297  4.2795e-10  1.2710e-07
  111    298  5.2654e-10  1.5691e-07
  111    299  6.9791e-11  2.0867e-08
  111    300  3.6949e-11  1.1085e-08
  111    301  1.0249e-09  3.0849e-07
  111    302  9.7312e-10  2.9388e-07
  111    303  1.3030e-10  3.9480e-08
  111    304  2.9547e-10  8.9824e-08
  111    305  6.8880e-11  2.1008e-08
  111    306  7.1100e-11  2.1756e-08
  111    307  4.2970e-11  1.3192e-08
  111    308  2.5624e-11  7.8921e-09
  111    309  6.6330e-12  2.0496e-09
  111    310  1.9225e-11  5.9597e-09
  111    311  5.9203e-12  1.8412e-09
  111    312  3.8922e-12  1.2144e-09
  111    313  1.6621e-12  5.2024e-10
  111    314  2.8331e-12  8.8959e-10
  111    315  6.2000e-13  1.9530e-10
  111    316  1.3775e-12  4.3528e-10
  111    317  4.6765e-13  1.4824e-10
  111    318  6.0719e-13  1.9309e-10
  111    319  2.8518e-13  9.0973e-11
  111    320  2.9071e-13  9.3027e-11
  111    321  1.7173e-13  5.5127e-11
  111    322  1.4247e-13  4.5875e-11
  111    323  1.3423e-13  4.3356e-11
  111    324  1.5860e-13  5.1388e-11
  111    325  1.9561e-14  6.3573e-12
  111    326  7.1315e-14  2.3249e-11
  111    327  5.9575e-14  1.9481e-11
  111    328  1.5706e-15  5.1517e-13
  111    329  1.1090e-14  3.6487e-12
  111    330  3.0001e-15  9.9004e-13
  111    331  7.1967e-16  2.3821e-13
  111    332  1.8247e-15  6.0579e-13
  111    333  4.9000e-16  1.6317e-13
  111    334  1.1671e-15  3.8981e-13
  111    335  8.3536e-17  2.7985e-14
  111    336  3.8008e-16  1.2771e-13
  111    337  2.0397e-16  6.8738e-14
    1      1  3.2797e-09  3.2797e-09
    2      4  2.3103e-01  9.2412e-01


