1  6.0883e-09
2  1.2527e-08
3  1.3791e-09
4  2.2979e-01
5  0.0000e+00
6  2.8898e-11
7  1.9602e-09
8  7.1552e-09
9  3.3145e-09
10  1.0877e-07
11  2.5208e-09
12  4.8524e-09
13  6.8341e-08
14  4.2618e-08
15  5.9634e-06
16  1.9005e-07
17  7.4863e-09
18  4.3531e-08
19  4.6794e-07
20  6.9366e-07
21  4.5403e-07
22  5.1171e-09
23  5.6758e-07
24  2.1600e-07
25  3.2480e-07
26  6.3931e-08
27  9.1832e-08
28  1.6107e-07
29  5.2124e-08
30  4.3344e-08
31  2.3481e-08
32  7.1036e-08
33  3.5972e-07
34  2.8881e-07
35  1.6504e-08
36  1.9532e-08
37  5.6887e-09
38  2.5676e-08
39  2.3156e-08
40  7.0786e-09
41  3.3755e-08
42  1.0079e-07
43  2.3287e-08
44  3.2947e-08
45  2.8870e-08
46  8.8886e-09
47  1.5005e-08
48  2.5220e-08
49  1.4299e-08
50  1.2749e-08
51  1.0023e-08
52  3.8671e-08
53  2.5678e-08
54  1.2946e-08
55  6.0624e-09
56  2.0814e-08
57  5.4894e-08
58  1.6413e-09
59  2.5434e-09
60  5.0603e-09
61  7.7505e-09
62  6.8484e-09
63  4.4020e-08
64  1.8944e-08
65  1.8951e-08
66  3.9147e-08
67  3.0809e-08
68  1.4322e-08
69  8.4412e-09
70  3.2151e-08
71  8.7863e-09
72  3.6268e-08
73  2.0863e-08
74  6.3152e-08
75  1.5657e-07
76  1.6490e-07
77  1.5782e-07
78  1.1059e-07
79  1.0059e-07
80  3.9817e-07
81  2.2268e-07
82  2.0798e-07
83  2.2215e-07
84  9.0651e-08
85  7.4711e-08
86  1.4716e-07
87  1.2762e-07
88  1.1108e-07
89  7.4365e-08
90  1.1549e-07
91  3.2557e-08
92  5.2833e-08
93  4.8482e-08
94  1.5252e-07
95  1.0176e-07
96  7.9963e-08
97  8.8096e-08
98  1.7190e-08
99  1.9718e-08
100  2.3547e-08
101  2.6343e-08
102  1.8564e-08
103  2.4432e-08
104  2.6252e-08
105  2.5394e-08
106  5.3540e-08
107  4.5339e-08
108  1.2839e-07
109  1.0400e-06
110  2.2274e-06
111  3.7685e-07
112  1.5989e-06
113  9.5683e-07
114  1.0640e-06
115  9.5156e-07
116  9.9261e-08
117  1.6304e-07
118  8.7906e-08
119  5.2709e-08
120  1.9962e-07
121  1.1174e-07
122  2.0052e-07
123  1.6733e-07
124  6.9378e-07
125  7.4747e-07
126  1.5164e-06
127  1.7231e-06
128  2.5403e-06
129  2.6555e-06
130  1.7674e-06
131  1.0478e-06
132  8.2642e-07
133  4.7894e-07
134  5.3549e-07
135  4.1677e-07
136  7.6243e-07
137  7.1543e-07
138  5.9233e-07
139  2.6705e-07
140  3.9066e-07
141  7.7165e-07
142  3.6443e-07
143  3.6133e-07
144  6.2348e-07
145  2.8661e-07
146  3.2814e-07
147  3.0187e-07
148  1.5436e-07
149  7.5041e-08
150  1.2400e-07
151  8.9097e-08
152  1.9289e-07
153  1.0832e-07
154  2.2600e-07
155  2.2368e-07
156  1.7196e-07
157  2.0482e-07
158  4.0179e-07
159  4.8420e-08
160  2.5767e-07
161  2.1912e-07
162  1.7194e-07
163  1.2911e-07
164  3.5341e-07
165  2.3640e-07
166  5.6912e-07
167  3.9534e-07
168  3.1786e-07
169  6.3772e-07
170  2.1020e-07
171  2.2352e-07
172  2.5117e-07
173  1.9482e-07
174  5.2630e-07
175  3.3169e-07
176  6.1315e-07
177  9.4511e-07
178  6.3971e-07
179  3.6573e-07
180  5.2514e-07
181  6.0771e-07
182  5.2417e-07
183  3.1321e-07
184  2.2540e-07
185  1.1487e-07
186  1.3290e-07
187  7.3442e-08
188  1.0922e-07
189  1.0520e-07
190  5.1330e-07
191  1.0694e-06
192  2.2773e-06
193  2.4990e-06
194  6.1243e-06
195  8.3782e-06
196  1.1069e-05
197  1.0913e-05
198  7.6048e-06
199  3.5148e-06
200  2.4063e-06
201  4.4330e-07
202  3.8100e-07
203  2.4103e-07
204  3.3373e-07
205  3.9432e-07
206  1.2286e-05
207  1.3990e-05
208  8.1939e-06
209  2.3175e-05
210  1.8157e-12
211  5.2230e-18
212  5.2631e-18
213  5.2531e-44
214  9.5095e-19
215  1.4399e-24
216  6.0981e-24
217  1.4804e-94
218  1.6343e-20
219  2.0210e-21
220  2.3383e-21
221  9.1896e-322
222  2.9012e-17
223  5.0421e-16
224  1.3206e-17
225  3.1660e-40
226  4.4393e-12
227  3.5144e-13
228  4.2468e-11
229  1.1809e-29
230  2.0922e-10
231  5.2567e-10
232  1.8589e-05
233  7.0572e-26
234  6.8128e-10
235  1.1330e-05
236  6.1232e-08
237  1.5163e-318
238  1.2394e-05
239  4.9824e-17
240  1.2122e-11
241  0.0000e+00
242  2.2789e-120
243  1.5231e-17
244  1.4755e-07
245  0.0000e+00
246  2.2859e-09
247  3.2147e-14
248  1.6617e-119
249  0.0000e+00
250  0.0000e+00
251  -6.6571e-314
252  0.0000e+00
253  0.0000e+00
254  0.0000e+00
255  0.0000e+00
256  0.0000e+00
257  6.2655e-26
258  3.4496e-06
259  5.7822e-26
260  3.9588e-06
261  3.2407e-06
262  3.8858e-06
263  3.8658e-06
264  4.9754e-06
265  4.0579e-06
266  5.2969e-06
267  3.0062e-06
268  2.5430e-06
269  5.5216e-06
270  6.3071e-06
271  6.2220e-06
272  1.0910e-05
273  1.3608e-05
274  1.3405e-05
275  1.1874e-05
276  1.5360e-05
277  4.1771e-06
278  5.7457e-06
279  2.1925e-06
280  7.1410e-07
281  1.8192e-07
282  1.9034e-07
283  1.5398e-07
284  3.0480e-07
285  3.9292e-07
286  4.9747e-07
287  4.8746e-07
288  5.1240e-07
289  2.8166e-07
290  3.2242e-07
291  1.4548e-07
292  1.2251e-06
293  6.4310e-07
294  1.3517e-06
295  7.6052e-07
296  6.4946e-07
297  3.6215e-07
298  5.4945e-07
299  8.5404e-08
300  5.2067e-08
301  1.3803e-06
302  1.1044e-06
303  1.0339e-06
304  9.3911e-07
305  2.6286e-07
306  5.7293e-07
307  3.4032e-07
308  1.2399e-07
309  1.4519e-07
310  1.8865e-07
311  6.8127e-08
312  6.0279e-08
313  5.6721e-08
314  3.8307e-08
315  3.9319e-08
316  4.2945e-08
317  2.1707e-08
318  3.7989e-08
319  1.8908e-08
320  2.1407e-08
321  1.1319e-08
322  9.1814e-09
323  1.9778e-08
324  1.4133e-08
325  2.4994e-09
326  9.5104e-09
327  1.1282e-08
328  2.2072e-09
329  4.9592e-09
330  2.1275e-09
331  1.9350e-09
332  2.3050e-09
333  5.2459e-10
334  4.0605e-10
335  6.6886e-11
336  7.4913e-10
337  4.2282e-10

