1  2.0566e-09
2  2.2270e-09
3  1.1114e-10
4  2.1832e-01
5  0.0000e+00
6  6.3860e-12
7  2.0455e-10
8  2.1708e-11
9  3.7100e-12
10  1.9657e-11
11  1.7387e-10
12  1.9900e-09
13  9.0296e-09
14  7.5815e-07
15  7.7690e-07
16  4.7739e-08
17  1.1972e-09
18  1.7552e-08
19  1.9768e-07
20  2.8122e-07
21  4.2734e-07
22  5.3292e-09
23  3.5157e-07
24  1.1541e-07
25  1.1424e-07
26  1.9408e-08
27  3.1467e-07
28  9.0931e-07
29  1.3118e-07
30  6.1049e-08
31  9.2867e-08
32  1.3733e-07
33  1.2847e-06
34  9.8611e-07
35  1.4956e-08
36  2.1237e-08
37  6.7158e-08
38  1.5913e-07
39  2.5014e-07
40  4.1281e-07
41  2.3891e-08
42  9.3531e-07
43  4.7366e-07
44  5.3556e-08
45  1.2575e-07
46  1.1332e-07
47  1.4680e-07
48  3.2435e-07
49  3.2838e-07
50  3.3068e-07
51  4.3760e-08
52  1.5874e-07
53  1.2420e-07
54  7.3013e-08
55  1.0978e-07
56  3.4050e-07
57  4.2400e-07
58  2.0903e-08
59  2.3282e-08
60  4.7922e-08
61  6.8445e-08
62  5.8660e-08
63  1.9722e-07
64  1.1158e-07
65  7.4602e-08
66  1.7220e-07
67  6.5004e-08
68  9.5898e-08
69  1.2181e-07
70  3.2214e-07
71  5.0986e-08
72  1.6487e-07
73  1.5628e-07
74  5.5306e-07
75  1.3023e-06
76  1.9847e-06
77  2.1398e-06
78  2.2225e-06
79  2.9866e-06
80  7.5654e-06
81  4.1096e-06
82  2.7387e-06
83  2.5182e-06
84  1.2907e-06
85  1.2969e-06
86  3.0708e-06
87  4.2868e-06
88  4.7087e-06
89  4.8054e-07
90  8.3920e-07
91  6.4957e-07
92  1.5719e-06
93  1.6389e-06
94  4.4695e-06
95  9.6875e-07
96  1.9433e-06
97  2.0561e-06
98  6.2023e-07
99  8.8534e-07
100  1.2330e-06
101  1.5001e-06
102  8.0884e-07
103  7.8273e-07
104  8.5579e-07
105  1.0573e-06
106  2.9638e-06
107  3.0648e-06
108  5.9834e-06
109  2.0532e-05
110  3.4775e-05
111  5.4973e-06
112  2.0501e-05
113  1.2417e-05
114  1.3566e-05
115  1.1065e-05
116  2.0755e-06
117  2.0616e-06
118  9.7708e-07
119  6.1905e-07
120  2.7682e-06
121  9.5335e-07
122  1.0998e-06
123  1.4308e-06
124  7.8652e-06
125  1.1909e-05
126  3.4019e-05
127  4.0043e-05
128  6.8207e-05
129  9.6157e-05
130  6.4016e-05
131  2.2611e-05
132  1.5959e-05
133  1.3133e-05
134  1.8139e-05
135  1.4956e-05
136  1.9929e-05
137  2.1552e-05
138  1.6300e-05
139  1.5902e-05
140  3.4741e-05
141  3.1758e-05
142  9.3988e-06
143  5.6079e-06
144  7.4360e-06
145  5.3846e-07
146  8.4346e-07
147  1.4021e-06
148  3.0771e-06
149  2.4675e-06
150  1.3430e-05
151  1.1725e-05
152  9.9617e-06
153  4.8867e-06
154  5.3519e-06
155  3.0206e-06
156  6.1039e-06
157  4.4778e-06
158  7.5348e-06
159  2.6956e-06
160  6.5106e-06
161  3.4492e-06
162  6.0529e-06
163  3.8470e-06
164  9.2115e-06
165  4.6200e-06
166  7.7674e-06
167  3.3916e-06
168  4.2039e-06
169  5.1227e-06
170  3.3325e-06
171  3.0408e-06
172  3.0466e-06
173  2.9801e-06
174  4.5499e-06
175  3.4880e-06
176  3.6945e-06
177  3.7869e-06
178  2.6260e-06
179  1.7345e-06
180  1.5169e-06
181  1.1020e-06
182  6.5495e-07
183  2.8870e-07
184  2.5897e-07
185  1.5459e-07
186  2.9670e-07
187  1.6694e-07
188  3.5770e-07
189  5.0433e-07
190  1.0329e-06
191  1.2361e-06
192  1.5913e-06
193  1.8111e-06
194  1.9796e-06
195  1.6285e-06
196  8.1598e-07
197  3.1738e-07
198  7.5480e-08
199  1.4859e-08
200  2.8289e-09
201  2.1615e-10
202  8.5206e-11
203  5.2598e-11
204  6.3976e-11
205  5.3608e-11
206  1.6889e-10
207  1.6526e-10
208  1.9240e-10
209  1.4442e-10
210  2.2977e-15
211  1.2208e-37
212  1.5102e-24
213  3.0189e-46
214  1.7874e-15
215  1.8367e-14
216  1.6872e-30
217  0.0000e+00
218  1.1714e-19
219  1.7519e-28
220  6.4697e-28
221  -1.2618e-320
222  6.2616e-25
223  1.9094e-23
224  1.6122e-24
225  1.4348e-40
226  9.5813e-20
227  1.3308e-20
228  5.1845e-18
229  7.0448e-30
230  4.5156e-18
231  1.9906e-17
232  2.2693e-12
233  3.0027e-27
234  1.4704e-17
235  4.2903e-13
236  7.9687e-16
237  1.5079e-318
238  2.6750e-13
239  2.0636e-25
240  3.2650e-19
241  0.0000e+00
242  5.2572e-142
243  6.3085e-26
244  1.6085e-15
245  0.0000e+00
246  2.6762e-17
247  1.3315e-22
248  3.7122e-141
249  0.0000e+00
250  0.0000e+00
251  9.1629e-314
252  0.0000e+00
253  0.0000e+00
254  0.0000e+00
255  0.0000e+00
256  0.0000e+00
257  8.5952e-26
258  3.6436e-15
259  7.0503e-26
260  2.0959e-15
261  1.0632e-15
262  8.0450e-16
263  4.7427e-16
264  3.6218e-16
265  1.6468e-16
266  1.4980e-16
267  6.1375e-17
268  3.4908e-17
269  4.0442e-17
270  2.4980e-17
271  1.4149e-17
272  9.2443e-18
273  4.5795e-18
274  1.8723e-18
275  7.6121e-19
276  5.6096e-19
277  8.7987e-20
278  6.3323e-20
279  1.2042e-20
280  2.3067e-21
281  3.2910e-22
282  1.0205e-22
283  2.0220e-23
284  1.5948e-23
285  1.0606e-23
286  8.2799e-24
287  3.3152e-24
288  1.5889e-24
289  5.0450e-25
290  0.0000e+00
291  0.0000e+00
292  0.0000e+00
293  0.0000e+00
294  0.0000e+00
295  0.0000e+00
296  0.0000e+00
297  0.0000e+00
298  0.0000e+00
299  0.0000e+00
300  0.0000e+00
301  0.0000e+00
302  0.0000e+00
303  0.0000e+00
304  0.0000e+00
305  0.0000e+00
306  0.0000e+00
307  0.0000e+00
308  0.0000e+00
309  0.0000e+00
310  0.0000e+00
311  0.0000e+00
312  0.0000e+00
313  0.0000e+00
314  0.0000e+00
315  0.0000e+00
316  0.0000e+00
317  0.0000e+00
318  0.0000e+00
319  0.0000e+00
320  0.0000e+00
321  0.0000e+00
322  0.0000e+00
323  0.0000e+00
324  0.0000e+00
325  0.0000e+00
326  0.0000e+00
327  0.0000e+00
328  0.0000e+00
329  0.0000e+00
330  0.0000e+00
331  0.0000e+00
332  0.0000e+00
333  0.0000e+00
334  0.0000e+00
335  0.0000e+00
336  0.0000e+00
337  0.0000e+00

