1  1.5282e-02
2  2.3280e-01
3  1.0029e-10
4  1.3491e-07
5  6.4129e-09
6  9.0817e-09
7  1.5022e-06
8  2.6815e-06
9  3.5789e-08
10  2.3806e-06
11  5.7242e-07
12  2.5758e-06
13  7.2328e-09
14  2.7763e-07
15  7.4032e-09
16  5.0153e-07
17  2.8068e-08
18  7.6386e-08
19  2.0674e-09
20  1.3361e-09
21  1.1770e-10
22  6.5596e-09
23  4.4955e-11
24  1.7043e-10
25  1.3733e-11
26  2.2419e-10
27  1.8950e-12
28  9.0924e-10
29  3.4830e-11
30  8.5429e-11
31  8.0124e-12
32  2.1702e-10
33  2.1829e-11
34  5.9671e-10
35  5.9284e-11
36  1.7787e-10
37  9.3125e-11
38  5.2354e-11
39  4.2178e-11
40  9.9450e-11
41  2.6680e-11
42  1.6725e-10
43  1.5613e-36
44  3.3468e-11
45  3.9920e-12
46  4.3864e-11
47  6.6920e-12
48  4.4025e-11
49  1.0137e-11
50  1.2457e-10
51  8.0825e-12
52  3.1746e-10
53  4.1522e-12
54  6.0391e-09
55  1.8066e-09
56  1.4254e-09
57  5.3040e-11
58  1.1427e-10
59  7.4478e-12
60  4.3870e-11
61  1.2637e-91
62  9.1705e-12
63  1.5055e-12
64  2.5871e-12
65  8.2659e-14
66  4.6447e-13
67  1.6294e-13
68  7.7647e-13
69  4.6855e-13
70  8.9149e-13
71  1.0147e-13
72  4.9614e-13
73  9.4285e-13
74  6.5285e-13
75  8.7679e-14
76  1.4847e-12
77  3.7163e-13
78  2.0003e-12
79  5.2389e-13
80  1.6568e-12
81  1.2191e-12
82  1.7548e-11
83  1.3898e-11
84  6.5542e-14
85  2.8844e-19
86  5.6392e-25
87  4.5235e-28
88  1.7111e-18
89  1.7057e-20
90  7.1126e-13
91  2.5573e-17
92  7.9501e-13
93  1.1069e-26
94  7.4377e-15
95  1.5173e-22
96  3.2025e-19
97  5.4158e-17
98  2.7775e-258
99  5.7806e-322
100  3.8656e-11
101  2.1737e-165
102  9.0911e-11
103  2.9958e-11
104  5.7851e-12
105  3.5332e-12
106  2.1673e-11
107  1.3449e-12
108  1.3390e-08
109  -1.7374e-319
110  1.3145e-08
111  1.5663e-04
112  0.0000e+00
113  0.0000e+00
114  0.0000e+00
115  0.0000e+00
116  0.0000e+00
117  0.0000e+00
118  0.0000e+00

