1  4.2534e-09
2  1.8277e-01
3  1.5648e-18
4  7.4851e-19
5  2.7790e-18
6  8.1510e-07
7  6.3755e-16
8  2.7891e-09
9  2.8187e-21
10  2.7452e-09
11  2.7837e-13
12  3.7343e-09
13  7.2147e-10
14  3.4613e-08
15  3.4599e-09
16  1.2162e-07
17  3.2454e-08
18  4.3276e-08
19  7.0455e-09
20  3.7885e-07
21  1.4732e-08
22  1.2881e-06
23  1.7194e-07
24  1.6599e-06
25  1.1081e-08
26  8.7187e-07
27  2.1785e-09
28  1.9547e-06
29  1.1122e-06
30  9.0872e-06
31  8.5965e-07
32  1.1437e-05
33  6.4782e-07
34  4.8457e-05
35  4.6905e-06
36  1.0738e-04
37  6.7975e-06
38  5.4145e-05
39  8.7533e-05
40  1.0414e-03
41  2.4764e-04
42  8.7832e-04
43  1.5958e-29
44  1.7373e-04
45  3.0463e-05
46  1.0025e-04
47  2.5726e-05
48  9.4017e-06
49  1.1737e-06
50  3.3896e-07
51  3.4673e-08
52  3.3961e-09
53  2.8526e-10
54  3.7834e-10
55  3.2908e-15
56  1.5094e-18
57  6.6957e-24
58  1.1872e-22
59  1.5246e-24
60  0.0000e+00
61  0.0000e+00
62  0.0000e+00
63  0.0000e+00
64  0.0000e+00
65  0.0000e+00
66  0.0000e+00
67  0.0000e+00
68  0.0000e+00
69  0.0000e+00
70  0.0000e+00
71  0.0000e+00
72  0.0000e+00
73  0.0000e+00
74  0.0000e+00
75  0.0000e+00
76  0.0000e+00
77  0.0000e+00
78  0.0000e+00
79  0.0000e+00
80  0.0000e+00
81  0.0000e+00
82  0.0000e+00
83  0.0000e+00
84  0.0000e+00
85  0.0000e+00
86  0.0000e+00
87  0.0000e+00
88  0.0000e+00
89  0.0000e+00
90  0.0000e+00
91  0.0000e+00
92  0.0000e+00
93  0.0000e+00
94  0.0000e+00
95  0.0000e+00
96  0.0000e+00
97  0.0000e+00
98  0.0000e+00
99  0.0000e+00
100  0.0000e+00
101  0.0000e+00
102  0.0000e+00
103  0.0000e+00
104  0.0000e+00
105  0.0000e+00
106  0.0000e+00
107  0.0000e+00
108  0.0000e+00
109  0.0000e+00
110  0.0000e+00
111  0.0000e+00
112  0.0000e+00
113  0.0000e+00
114  0.0000e+00
115  0.0000e+00
116  0.0000e+00
117  0.0000e+00
118  0.0000e+00

