    1      2  1.3347e-19  2.6695e-19
    5     10  6.5602e-20  6.5602e-19
    6     12  3.7971e-06  4.5565e-05
    6     13  3.3945e-10  4.4129e-09
    7     14  4.1066e-14  5.7492e-13
    7     15  1.0679e-20  1.6018e-19
    8     16  2.0839e-08  3.3342e-07
    8     17  3.0080e-16  5.1137e-15
    8     18  4.1457e-19  7.4623e-18
   10     20  1.0416e-08  2.0832e-07
   10     21  1.4184e-13  2.9787e-12
   10     22  2.9890e-17  6.5758e-16
   11     23  9.4685e-13  2.1777e-11
   12     24  1.0062e-08  2.4148e-07
   12     25  7.8954e-12  1.9738e-10
   12     26  1.8169e-11  4.7241e-10
   13     26  1.5240e-13  3.9623e-12
   13     27  1.5426e-09  4.1652e-08
   14     28  3.2739e-08  9.1669e-07
   14     29  3.1480e-10  9.1293e-09
   14     30  1.9016e-08  5.7047e-07
   15     31  5.7901e-09  1.7949e-07
   16     32  4.7285e-08  1.5131e-06
   16     33  5.3679e-09  1.7714e-07
   16     34  9.1610e-08  3.1147e-06
   16     36  5.2121e-11  1.8763e-09
   17     35  2.5579e-08  8.9525e-07
   17     37  8.2760e-09  3.0621e-07
   18     36  3.6194e-08  1.3030e-06
   18     38  3.5855e-07  1.3625e-05
   18     40  6.2149e-10  2.4860e-08
   19     39  3.3515e-08  1.3071e-06
   19     40  9.5610e-10  3.8244e-08
   19     41  4.7905e-09  1.9641e-07
   20     40  1.9406e-08  7.7624e-07
   20     42  6.2694e-07  2.6331e-05
   20     43  6.7970e-08  2.9227e-06
   20     44  2.2707e-08  9.9910e-07
   20     46  4.2126e-09  1.9378e-07
   21     45  1.0194e-07  4.5875e-06
   22     46  3.2177e-07  1.4801e-05
   22     47  1.5064e-07  7.0803e-06
   22     48  1.6516e-07  7.9276e-06
   22     49  1.5276e-07  7.4852e-06
   22     50  2.2651e-07  1.1325e-05
   23     51  1.0433e-07  5.3208e-06
   24     50  2.3868e-08  1.1934e-06
   24     52  1.2964e-07  6.7413e-06
   24     53  2.9412e-07  1.5588e-05
   24     54  6.9084e-07  3.7305e-05
   25     55  7.8054e-08  4.2930e-06
   26     54  8.2215e-10  4.4396e-08
   26     56  8.0052e-08  4.4829e-06
   26     57  4.1487e-07  2.3647e-05
   26     58  5.2384e-07  3.0383e-05
   27     59  1.0417e-07  6.1460e-06
   28     58  2.9054e-11  1.6852e-09
   28     60  1.1416e-06  6.8496e-05
   28     61  3.5210e-07  2.1478e-05
   28     62  1.3735e-07  8.5157e-06
   28     64  1.7433e-06  1.1157e-04
   29     63  3.8570e-07  2.4299e-05
   29     65  8.2660e-08  5.3729e-06
   30     64  2.2855e-09  1.4627e-07
   30     66  1.2747e-06  8.4133e-05
   30     67  9.3311e-07  6.2518e-05
   30     68  2.2182e-07  1.5084e-05
   30     70  2.6789e-06  1.8752e-04
   31     69  1.1205e-07  7.7312e-06
   31     71  1.0738e-07  7.6239e-06
   32     70  2.1153e-08  1.4807e-06
   32     72  6.6896e-07  4.8165e-05
   32     73  7.7463e-07  5.6548e-05
   32     74  8.2501e-08  6.1051e-06
   32     76  2.3102e-06  1.7557e-04
   33     75  5.7056e-07  4.2792e-05
   34     74  6.1984e-12  4.5868e-10
   34     76  9.7331e-09  7.3972e-07
   34     77  7.7710e-08  5.9837e-06
   34     78  7.0342e-07  5.4866e-05
   34     80  7.0199e-08  5.6159e-06
   34     82  2.7527e-06  2.2572e-04
   35     79  8.9194e-07  7.0463e-05
   35     81  6.4266e-07  5.2056e-05
   36     78  7.7179e-17  6.0200e-15
   36     80  1.3440e-11  1.0752e-09
   36     82  4.0279e-09  3.3029e-07
   36     83  1.1728e-07  9.7344e-06
   36     84  2.4113e-07  2.0255e-05
   36     86  2.6082e-04  2.2431e-02
   37     85  2.4048e-06  2.0441e-04
   37     87  3.0829e-04  2.6821e-02
   38     84  9.7720e-15  8.2085e-13
   38     86  2.2389e-07  1.9254e-05
   38     87  2.4959e-06  2.1715e-04
   38     88  4.0117e-03  3.5303e-01
   39     89  1.5056e-04  1.3400e-02
   40     90  1.1555e-04  1.0400e-02
   40     91  1.7908e-05  1.6296e-03
   40     92  5.7528e-06  5.2926e-04
   40     94  4.4525e-06  4.1854e-04
   41     92  4.4017e-14  4.0496e-12
   41     93  1.2554e-06  1.1676e-04
   42     92  1.0465e-14  9.6274e-13
   42     94  1.4907e-09  1.4012e-07
   42     95  2.4543e-07  2.3316e-05
   42     96  2.1954e-07  2.1076e-05
   42     97  2.6426e-08  2.5633e-06
   42     98  7.2278e-09  7.0832e-07
   42    100  2.7509e-10  2.7509e-08
   44     96  3.0619e-20  2.9394e-18
   44     98  1.4698e-13  1.4404e-11
   44     99  4.2888e-11  4.2460e-09
   44    100  8.5924e-13  8.5924e-11
   44    101  3.0224e-11  3.0526e-09
   44    102  3.0603e-12  3.1215e-10
   44    104  5.4198e-12  5.6366e-10
   45    103  2.2354e-12  2.3024e-10
   46    102  2.1318e-18  2.1744e-16
   46    104  1.5204e-16  1.5812e-14
   46    105  6.5919e-14  6.9215e-12
   46    106  4.6398e-13  4.9182e-11
   46    108  4.0036e-15  4.3239e-13
   46    110  3.5650e-15  3.9215e-13
   47    107  3.9291e-14  4.2041e-12
   47    109  2.2768e-15  2.4817e-13
   48    108  1.1291e-20  1.2195e-18
   48    110  1.1091e-19  1.2200e-17
   48    111  2.5788e-17  2.8625e-15
   48    112  7.8840e-17  8.8300e-15
   48    113  2.3462e-17  2.6512e-15
   48    114  2.3073e-18  2.6304e-16
   48    116  1.1259e-18  1.3060e-16
   49    115  4.2307e-19  4.8654e-17
   50    117  1.5998e-20  1.8718e-18
   50    118  2.6448e-20  3.1209e-18
   50    119  1.0686e-20  1.2717e-18
    1      1  2.7843e-08  2.7843e-08
    2      4  1.4227e-01  5.6906e-01


