1  1.9975e-08
2  2.0006e-08
3  1.9225e-09
4  2.2741e-01
5  0.0000e+00
6  2.9067e-11
7  2.3328e-09
8  2.0399e-08
9  1.0522e-08
10  2.0338e-07
11  1.5295e-09
12  5.5828e-09
13  3.0309e-08
14  3.6684e-08
15  7.3130e-06
16  4.6983e-07
17  1.9754e-08
18  8.3427e-08
19  5.2194e-07
20  8.2491e-07
21  6.6614e-07
22  8.4610e-09
23  5.1949e-07
24  2.1118e-07
25  2.3284e-07
26  1.0350e-07
27  9.7615e-08
28  1.3399e-07
29  5.2089e-08
30  5.3936e-08
31  1.6887e-08
32  7.0017e-08
33  2.3152e-07
34  2.0231e-07
35  1.6301e-08
36  2.0722e-08
37  3.6644e-09
38  1.6364e-08
39  1.5115e-08
40  3.3686e-09
41  1.3634e-08
42  4.4385e-08
43  1.0029e-08
44  1.8275e-08
45  1.5863e-08
46  2.4833e-09
47  4.7178e-09
48  7.8044e-09
49  4.2366e-09
50  3.6785e-09
51  4.1391e-09
52  1.2507e-08
53  1.3222e-08
54  5.0338e-09
55  1.2011e-09
56  1.0011e-08
57  1.9782e-08
58  5.9777e-10
59  8.5422e-10
60  1.7621e-09
61  2.0614e-09
62  1.7208e-09
63  1.9941e-08
64  5.4772e-09
65  7.6411e-09
66  1.5457e-08
67  2.8049e-08
68  7.5262e-09
69  3.6740e-09
70  1.6117e-08
71  4.5710e-09
72  1.7511e-08
73  1.2041e-08
74  3.3962e-08
75  6.6606e-08
76  5.6908e-08
77  8.1169e-08
78  6.1682e-08
79  4.1643e-08
80  1.8986e-07
81  9.0080e-08
82  9.3329e-08
83  9.5415e-08
84  2.9418e-08
85  2.6428e-08
86  4.2545e-08
87  5.0623e-08
88  4.9612e-08
89  3.7806e-08
90  4.9955e-08
91  2.5012e-08
92  2.0540e-08
93  1.7930e-08
94  5.5278e-08
95  3.1997e-08
96  1.7571e-08
97  2.8881e-08
98  6.2207e-09
99  9.1659e-09
100  1.2045e-08
101  1.1363e-08
102  9.1473e-09
103  9.5708e-09
104  5.4372e-09
105  4.2527e-09
106  1.3225e-08
107  1.1047e-08
108  3.7004e-08
109  3.4824e-07
110  8.4359e-07
111  1.3856e-07
112  7.0615e-07
113  4.9013e-07
114  5.4937e-07
115  6.4550e-07
116  4.2591e-08
117  1.0418e-07
118  4.3834e-08
119  2.9914e-08
120  1.3217e-07
121  8.4968e-08
122  1.0629e-07
123  8.6543e-08
124  2.0733e-07
125  2.2330e-07
126  4.4153e-07
127  5.8897e-07
128  8.7672e-07
129  1.0598e-06
130  5.6709e-07
131  3.2024e-07
132  2.6538e-07
133  1.5874e-07
134  1.7015e-07
135  1.2881e-07
136  2.3304e-07
137  2.1750e-07
138  2.0788e-07
139  7.6785e-08
140  1.2046e-07
141  2.0903e-07
142  1.0484e-07
143  8.1017e-08
144  1.1062e-07
145  4.3397e-08
146  8.6520e-08
147  1.1496e-07
148  5.2642e-08
149  1.5656e-08
150  2.8470e-08
151  9.7942e-09
152  4.2128e-08
153  2.8560e-08
154  3.3214e-08
155  1.0311e-07
156  1.2646e-08
157  3.6047e-08
158  7.0458e-08
159  6.2151e-10
160  1.1554e-08
161  2.4363e-08
162  1.4452e-08
163  1.6594e-08
164  2.4057e-08
165  1.7922e-08
166  5.0803e-08
167  7.9192e-08
168  5.2099e-08
169  2.8215e-07
170  5.5728e-08
171  1.0713e-07
172  5.6214e-08
173  3.7289e-08
174  1.2564e-07
175  3.5232e-08
176  7.3539e-08
177  3.3853e-07
178  1.7374e-07
179  9.4721e-08
180  1.5889e-07
181  1.9570e-07
182  2.6583e-07
183  2.1759e-07
184  1.9512e-07
185  8.6831e-08
186  1.1345e-07
187  1.2782e-07
188  1.5597e-07
189  7.0246e-08
190  5.6579e-08
191  1.1293e-07
192  1.9066e-07
193  1.0268e-07
194  4.3092e-07
195  6.2600e-07
196  1.5666e-06
197  2.9399e-06
198  3.6870e-06
199  1.9262e-06
200  4.9827e-06
201  1.4750e-06
202  1.1148e-06
203  3.0716e-07
204  1.2055e-07
205  9.8439e-08
206  2.8096e-06
207  3.7259e-06
208  1.6220e-06
209  6.6228e-06
210  5.5915e-13
211  1.8180e-18
212  1.4287e-18
213  5.5790e-44
214  2.9284e-19
215  5.0118e-25
216  1.6554e-24
217  5.2335e-94
218  5.0328e-21
219  7.0347e-22
220  6.3475e-22
221  6.2144e-320
222  8.9340e-18
223  1.7550e-16
224  3.5849e-18
225  3.3624e-40
226  1.3671e-12
227  1.2233e-13
228  1.1528e-11
229  1.2542e-29
230  6.4429e-11
231  1.8297e-10
232  5.0460e-06
233  7.4951e-26
234  2.0980e-10
235  3.9435e-06
236  1.9263e-08
237  -1.1139e-318
238  3.8167e-06
239  2.3868e-17
240  3.8134e-12
241  0.0000e+00
242  9.3144e-115
243  7.2964e-18
244  4.6418e-08
245  0.0000e+00
246  7.3012e-10
247  1.5400e-14
248  5.7417e-114
249  0.0000e+00
250  0.0000e+00
251  9.7288e-314
252  0.0000e+00
253  0.0000e+00
254  0.0000e+00
255  0.0000e+00
256  0.0000e+00
257  6.7184e-26
258  1.2697e-06
259  7.0008e-26
260  1.5039e-06
261  1.4109e-06
262  1.3869e-06
263  1.4297e-06
264  1.8653e-06
265  1.6461e-06
266  2.1775e-06
267  1.1814e-06
268  1.0160e-06
269  2.4756e-06
270  2.6483e-06
271  2.4989e-06
272  5.9489e-06
273  9.1157e-06
274  1.0665e-05
275  1.5201e-05
276  2.6376e-05
277  8.4310e-06
278  1.7006e-05
279  1.0276e-05
280  4.5854e-06
281  1.3197e-06
282  7.9418e-07
283  3.4049e-07
284  5.4632e-07
285  7.0496e-07
286  9.9599e-07
287  1.1865e-06
288  1.4116e-06
289  8.7095e-07
290  1.1276e-06
291  5.2206e-07
292  4.6773e-06
293  2.6632e-06
294  6.1923e-06
295  3.6864e-06
296  3.2531e-06
297  1.8398e-06
298  2.8035e-06
299  4.3442e-07
300  2.6274e-07
301  1.3132e-05
302  8.9143e-06
303  8.1456e-06
304  9.4281e-06
305  5.1535e-06
306  7.3679e-06
307  3.9758e-06
308  2.8892e-06
309  3.4528e-06
310  3.1673e-06
311  2.3137e-06
312  2.2390e-06
313  1.5162e-06
314  1.4440e-06
315  2.0137e-06
316  1.4692e-06
317  1.5411e-06
318  2.4189e-06
319  1.6460e-06
320  2.1083e-06
321  1.1159e-06
322  1.4098e-06
323  2.0781e-06
324  2.2635e-06
325  6.4063e-07
326  1.1635e-06
327  2.1314e-06
328  1.2484e-06
329  1.4272e-06
330  3.4466e-07
331  1.1267e-06
332  1.1117e-06
333  2.8661e-07
334  2.4188e-07
335  1.3776e-07
336  7.1489e-07
337  8.9250e-07

