1  6.7663e-09
2  2.2008e-01
3  4.9059e-10
4  9.0870e-10
5  7.4707e-09
6  1.4572e-07
7  4.3936e-06
8  1.4239e-07
9  4.8651e-07
10  9.9626e-07
11  7.4697e-07
12  5.8184e-07
13  2.1265e-07
14  7.4574e-07
15  7.1185e-08
16  1.8557e-06
17  4.7443e-08
18  1.0967e-07
19  2.0162e-07
20  6.9901e-07
21  1.0309e-07
22  3.8302e-07
23  2.8606e-08
24  3.2549e-07
25  5.5545e-08
26  3.0450e-07
27  7.3372e-09
28  1.9712e-07
29  1.8651e-07
30  3.9718e-07
31  1.0934e-07
32  1.9576e-06
33  1.0836e-06
34  6.7385e-06
35  3.3159e-06
36  3.7802e-06
37  2.0187e-06
38  1.3624e-06
39  5.2138e-07
40  4.3615e-06
41  9.7096e-07
42  2.3036e-06
43  2.7222e-32
44  1.6017e-06
45  3.1905e-07
46  2.0230e-05
47  1.1149e-05
48  2.3549e-05
49  2.4370e-06
50  1.0085e-05
51  2.1144e-06
52  4.4771e-05
53  1.5889e-05
54  3.7198e-05
55  3.6457e-06
56  1.4952e-05
57  3.0415e-06
58  1.0093e-05
59  1.2477e-05
60  2.2753e-05
61  4.2035e-84
62  1.0846e-05
63  8.2245e-06
64  2.4356e-05
65  4.0875e-06
66  2.1136e-05
67  3.8437e-06
68  2.2955e-05
69  5.7924e-06
70  3.5128e-05
71  7.2977e-06
72  2.2420e-05
73  1.9411e-06
74  5.9641e-06
75  2.9276e-06
76  7.9297e-05
77  7.6131e-05
78  1.0657e-04
79  1.0396e-05
80  3.2969e-06
81  1.7008e-06
82  1.2085e-05
83  3.5273e-06
84  2.0709e-17
85  4.4005e-26
86  5.7177e-19
87  1.9576e-22
88  1.6280e-12
89  7.3816e-15
90  6.7433e-07
91  1.1067e-11
92  4.8356e-07
93  2.9359e-21
94  1.9966e-09
95  1.2201e-19
96  2.5799e-16
97  3.3424e-11
98  5.9765e-315
99  -1.5316e-322
100  3.3607e-08
101  -3.1119e-313
102  2.3572e-08
103  3.1338e-09
104  5.8755e-09
105  3.0185e-09
106  9.8473e-10
107  2.3184e-11
108  5.5460e-12
109  -4.0614e-319
110  1.2706e-12
111  1.5887e-12
112  0.0000e+00
113  0.0000e+00
114  0.0000e+00
115  0.0000e+00
116  0.0000e+00
117  0.0000e+00
118  0.0000e+00

