    1      2  5.2765e-04  1.0553e-03
    1      3  1.5793e-20  4.7378e-20
    2      3  8.0684e-06  2.4205e-05
    3      7  1.0754e-10  7.5281e-10
    4      8  1.4822e-07  1.1858e-06
    4      9  1.5868e-10  1.4281e-09
    5     10  2.2613e-09  2.2613e-08
    5     11  4.5988e-09  5.0586e-08
    6     12  3.3130e-09  3.9757e-08
    6     13  6.4164e-09  8.3414e-08
    7     14  8.9892e-07  1.2585e-05
    7     15  8.0225e-07  1.2034e-05
    8     16  2.3348e-06  3.7357e-05
    8     17  2.4824e-08  4.2200e-07
    8     18  6.9341e-07  1.2481e-05
    9     19  4.0487e-08  7.6926e-07
   10     20  1.2105e-06  2.4210e-05
   10     21  4.5653e-08  9.5871e-07
   10     22  1.4597e-06  3.2114e-05
   11     23  6.5463e-07  1.5057e-05
   12     24  1.5901e-06  3.8163e-05
   12     25  5.6926e-07  1.4232e-05
   12     26  7.6179e-07  1.9807e-05
   13     27  8.2131e-09  2.2175e-07
   14     28  2.8610e-07  8.0108e-06
   14     29  2.4433e-08  7.0856e-07
   14     30  4.6121e-09  1.3836e-07
   15     31  8.3991e-09  2.6037e-07
   16     32  1.2344e-07  3.9501e-06
   16     33  1.0948e-08  3.6127e-07
   16     34  1.0717e-07  3.6439e-06
   16     36  3.2573e-07  1.1726e-05
   17     35  1.3554e-08  4.7439e-07
   17     37  1.8265e-08  6.7582e-07
   18     36  5.2955e-14  1.9064e-12
   18     38  8.5590e-08  3.2524e-06
   18     40  3.6674e-10  1.4670e-08
   19     39  2.2837e-09  8.9064e-08
   19     40  3.8086e-19  1.5235e-17
   19     41  3.9571e-11  1.6224e-09
   20     40  2.5111e-19  1.0045e-17
   20     42  3.5787e-10  1.5030e-08
   20     43  5.5098e-11  2.3692e-09
   20     44  7.0694e-10  3.1105e-08
   20     46  3.8352e-10  1.7642e-08
   21     45  1.3234e-10  5.9555e-09
   22     46  1.4770e-17  6.7944e-16
   22     47  1.4367e-10  6.7524e-09
   22     48  6.7527e-09  3.2413e-07
   22     49  2.1872e-10  1.0717e-08
   22     50  2.4997e-10  1.2498e-08
   23     51  5.0642e-11  2.5827e-09
   24     52  8.7183e-11  4.5335e-09
   24     53  4.4827e-11  2.3758e-09
   24     54  5.9883e-11  3.2337e-09
   25     55  1.5450e-11  8.4973e-10
   26     56  3.1888e-11  1.7857e-09
   26     57  2.9727e-11  1.6945e-09
   26     58  1.9039e-10  1.1043e-08
   27     59  2.1317e-12  1.2577e-10
   28     60  6.3130e-10  3.7878e-08
   28     61  1.8081e-12  1.1029e-10
   28     62  1.4696e-11  9.1114e-10
   28     64  3.7191e-10  2.3802e-08
   29     63  3.7119e-11  2.3385e-09
   29     65  1.9569e-12  1.2720e-10
   30     64  5.9049e-20  3.7791e-18
   30     66  2.1732e-11  1.4343e-09
   30     67  2.7913e-12  1.8702e-10
   30     68  2.9914e-11  2.0342e-09
   30     70  4.1645e-11  2.9151e-09
   31     69  3.5408e-12  2.4432e-10
   31     71  5.4930e-12  3.9000e-10
   32     70  2.5976e-14  1.8183e-12
   32     72  3.4154e-11  2.4591e-09
   32     73  9.4068e-12  6.8669e-10
   32     74  8.2763e-11  6.1245e-09
   32     76  1.1809e-10  8.9751e-09
   33     75  2.4602e-11  1.8451e-09
   34     76  1.8502e-13  1.4062e-11
   34     77  4.0743e-12  3.1372e-10
   34     78  1.0660e-10  8.3150e-09
   34     80  3.0413e-10  2.4330e-08
   34     82  2.5515e-10  2.0922e-08
   35     79  3.4283e-11  2.7084e-09
   35     81  3.2435e-11  2.6272e-09
   36     82  9.1407e-13  7.4954e-11
   36     83  8.7647e-12  7.2747e-10
   36     84  3.5619e-11  2.9920e-09
   36     86  1.5394e-10  1.3239e-08
   37     85  4.8924e-11  4.1586e-09
   37     87  5.5613e-11  4.8383e-09
   38     86  2.7492e-18  2.3643e-16
   38     87  4.0311e-13  3.5071e-11
   38     88  5.8279e-11  5.1285e-09
   39     89  4.7133e-11  4.1949e-09
   40     90  3.9359e-11  3.5423e-09
   40     91  1.1754e-11  1.0696e-09
   40     92  2.7427e-11  2.5232e-09
   40     94  3.2584e-11  3.0629e-09
   41     93  2.9792e-11  2.7707e-09
   42     95  1.2931e-11  1.2284e-09
   42     96  9.6871e-11  9.2996e-09
   42     97  1.5872e-11  1.5396e-09
   42     98  3.3604e-11  3.2932e-09
   42    100  2.7720e-11  2.7720e-09
   44     99  9.4718e-12  9.3771e-10
   44    100  2.4748e-12  2.4748e-10
   44    101  4.1363e-12  4.1776e-10
   44    102  1.1168e-11  1.1391e-09
   44    104  1.0180e-11  1.0587e-09
   45    103  4.4637e-12  4.5976e-10
   46    104  4.8825e-17  5.0778e-15
   46    105  5.3272e-12  5.5935e-10
   46    106  9.8946e-12  1.0488e-09
   46    108  1.3802e-11  1.4906e-09
   46    110  2.0044e-11  2.2049e-09
   47    107  3.8852e-12  4.1571e-10
   47    109  3.6006e-12  3.9246e-10
   48    110  1.8425e-14  2.0268e-12
   48    111  3.2588e-12  3.6173e-10
   48    112  8.0750e-12  9.0440e-10
   48    113  5.4601e-12  6.1700e-10
   48    114  1.8816e-11  2.1450e-09
   48    116  1.3605e-11  1.5782e-09
   49    113  1.7772e-19  2.0082e-17
   49    115  1.1335e-11  1.3035e-09
   50    115  2.5721e-18  2.9580e-16
   50    116  2.4234e-13  2.8112e-11
   50    117  2.3024e-12  2.6938e-10
   50    118  1.5253e-11  1.7998e-09
   50    119  5.5491e-12  6.6034e-10
   50    120  2.7194e-11  3.2633e-09
   50    122  4.5411e-11  5.5401e-09
   50    124  4.3152e-11  5.3509e-09
   51    121  7.4564e-12  9.0223e-10
   51    123  1.5704e-12  1.9316e-10
   52    122  1.0444e-14  1.2741e-12
   52    124  1.2687e-15  1.5732e-13
   52    125  1.3913e-11  1.7391e-09
   52    126  8.6626e-11  1.0915e-08
   52    128  7.3960e-11  9.4669e-09
   52    130  1.8180e-10  2.3634e-08
   53    127  4.6371e-12  5.8891e-10
   53    129  2.4716e-18  3.1883e-16
   54    128  5.1046e-16  6.5339e-14
   54    129  3.1127e-11  4.0154e-09
   54    130  9.2787e-14  1.2062e-11
   54    131  4.7610e-10  6.2369e-08
   54    132  1.7572e-09  2.3195e-07
   54    134  3.7367e-09  5.0071e-07
   54    136  7.6732e-10  1.0436e-07
   55    133  2.0351e-09  2.7067e-07
   56    134  3.4210e-14  4.5842e-12
   56    135  1.4948e-09  2.0180e-07
   56    136  1.4452e-12  1.9655e-10
   56    137  2.5467e-11  3.4890e-09
   56    138  7.1122e-11  9.8149e-09
   57    139  5.9210e-11  8.2302e-09
   58    140  1.2273e-10  1.7182e-08
   58    142  4.4542e-12  6.3249e-10
   59    141  8.2774e-12  1.1671e-09
   60    142  2.8789e-17  4.0881e-15
   60    143  6.6863e-12  9.5615e-10
   60    144  1.9163e-11  2.7594e-09
   60    145  1.7642e-12  2.5581e-10
   60    146  4.6769e-12  6.8283e-10
   60    148  7.1567e-12  1.0592e-09
   60    150  9.3547e-12  1.4032e-09
   62    147  5.3226e-12  7.8243e-10
   62    148  2.3570e-13  3.4884e-11
   62    149  4.6625e-13  6.9471e-11
   62    150  4.1413e-14  6.2119e-12
   62    152  2.2548e-12  3.4273e-10
   62    154  1.8751e-12  2.8877e-10
   63    151  5.5350e-13  8.3578e-11
   63    153  1.1205e-12  1.7144e-10
   64    154  8.7551e-16  1.3483e-13
   64    155  2.7953e-13  4.3328e-11
   64    156  9.4459e-13  1.4736e-10
   64    157  2.4134e-13  3.7890e-11
   64    158  4.1785e-13  6.6020e-11
   64    160  9.9183e-13  1.5869e-10
   65    159  9.1958e-14  1.4621e-11
   66    160  2.0042e-17  3.2067e-15
   66    161  6.9836e-14  1.1244e-11
   66    162  1.9443e-13  3.1497e-11
   66    163  8.2109e-14  1.3384e-11
   66    164  1.6971e-13  2.7832e-11
   67    165  1.8126e-13  2.9908e-11
   68    166  2.7385e-13  4.5459e-11
   68    167  1.8571e-13  3.1013e-11
   68    168  1.7258e-13  2.8994e-11
   68    170  2.2929e-13  3.8979e-11
   69    169  5.2015e-13  8.7905e-11
   70    170  6.1460e-17  1.0448e-14
   70    171  1.8493e-13  3.1623e-11
   70    172  8.7404e-14  1.5034e-11
   70    173  5.9162e-14  1.0235e-11
   70    174  4.3230e-13  7.5221e-11
   70    176  2.2536e-13  3.9663e-11
   71    175  1.1253e-13  1.9692e-11
   71    176  1.1842e-17  2.0842e-15
   72    176  1.1715e-19  2.0618e-17
   72    177  1.4287e-13  2.5287e-11
   72    178  1.2204e-13  2.1723e-11
   72    179  1.0956e-13  1.9612e-11
   72    180  1.7607e-13  3.1692e-11
   73    181  1.0440e-12  1.8897e-10
   74    182  5.5270e-13  1.0059e-10
   74    183  9.6465e-14  1.7653e-11
   74    184  4.0032e-14  7.3659e-12
   74    186  3.3283e-14  6.1906e-12
   75    185  2.2638e-14  4.1879e-12
   75    187  7.4676e-14  1.3964e-11
   76    186  4.4707e-20  8.3155e-18
   76    188  3.2742e-14  6.1555e-12
   76    189  1.6065e-13  3.0363e-11
   76    190  1.2268e-13  2.3309e-11
   76    192  1.3289e-12  2.5515e-10
   77    191  2.9747e-13  5.6816e-11
   77    193  1.1518e-13  2.2230e-11
   78    192  7.9215e-18  1.5209e-15
   78    194  3.7692e-13  7.3123e-11
   78    195  2.9398e-13  5.7327e-11
   78    196  2.9204e-13  5.7239e-11
   78    198  1.2543e-12  2.4835e-10
   79    197  5.8226e-13  1.1471e-10
   80    198  1.1619e-16  2.3006e-14
   80    199  9.1620e-14  1.8232e-11
   80    200  2.3491e-13  4.6983e-11
   80    201  1.8183e-13  3.6548e-11
   80    202  3.0125e-13  6.0852e-11
   80    204  1.0251e-12  2.0912e-10
   81    203  4.1876e-13  8.5009e-11
   81    205  9.3247e-13  1.9116e-10
   82    204  1.6108e-19  3.2861e-17
   82    206  3.3171e-12  6.8332e-10
   82    207  6.0248e-10  1.2471e-07
   82    208  4.7147e-12  9.8065e-10
   82    210  1.4716e-18  3.0903e-16
   83    209  1.5428e-11  3.2245e-09
   84    216  7.7919e-16  1.6831e-13
   84    218  5.4816e-17  1.1950e-14
   86    219  9.1514e-16  2.0042e-13
   88    226  9.5879e-20  2.1669e-17
   88    228  1.7851e-18  4.0700e-16
   89    227  2.1778e-20  4.9436e-18
   90    230  4.5187e-18  1.0393e-15
   90    232  7.8138e-13  1.8128e-10
   91    231  3.2650e-17  7.5420e-15
   92    234  1.4714e-17  3.4431e-15
   92    235  7.0368e-13  1.6537e-10
   92    236  3.2756e-15  7.7304e-13
   92    238  2.6768e-13  6.3709e-11
   94    240  5.7391e-19  1.3774e-16
   94    244  6.9858e-15  1.7045e-12
   97    246  6.0198e-17  1.4809e-14
  100    258  1.6060e-12  4.1435e-10
  100    260  8.1269e-12  2.1130e-09
  100    262  3.3100e-11  8.6721e-09
  102    260  5.0907e-20  1.3236e-17
  102    261  2.4411e-11  6.3712e-09
  102    263  4.6635e-11  1.2265e-08
  102    264  1.7466e-11  4.6111e-09
  102    266  1.2237e-11  3.2552e-09
  103    265  3.3240e-11  8.8086e-09
  104    267  1.9881e-12  5.3083e-10
  104    268  6.2794e-13  1.6829e-10
  104    270  2.7819e-12  7.5111e-10
  104    272  7.3366e-13  1.9956e-10
  104    274  2.9423e-13  8.0618e-11
  105    269  2.6206e-12  7.0495e-10
  105    271  1.3037e-12  3.5331e-10
  106    273  1.0240e-12  2.7956e-10
  106    275  1.4571e-12  4.0070e-10
  106    276  4.5161e-12  1.2464e-09
  106    278  2.1285e-12  5.9173e-10
  106    280  1.4966e-11  4.1904e-09
  107    277  1.4947e-12  4.1405e-10
  108    279  9.7017e-12  2.7068e-09
  108    281  6.1279e-12  1.7220e-09
  108    282  3.5447e-11  9.9959e-09
  108    283  4.4384e-10  1.2561e-07
  108    284  4.1121e-09  1.1678e-06
  108    286  1.0417e-08  2.9793e-06
  110    285  9.1401e-09  2.6049e-06
  110    286  1.1246e-16  3.2163e-14
  110    287  3.4935e-09  1.0026e-06
  110    288  1.3500e-09  3.8880e-07
  110    290  7.6882e-10  2.2296e-07
  111    289  9.7756e-10  2.8251e-07
  111    290  1.2992e-14  3.7676e-12
  111    291  6.8976e-10  2.0072e-07
  111    292  1.1443e-09  3.3413e-07
  111    293  3.8218e-09  1.1198e-06
  111    294  1.1459e-08  3.3689e-06
  111    295  7.7528e-09  2.2871e-06
  111    296  8.8757e-09  2.6272e-06
  111    297  4.1962e-09  1.2463e-06
  111    298  8.6719e-09  2.5842e-06
  111    299  1.7380e-09  5.1967e-07
  111    300  2.1800e-09  6.5401e-07
  111    301  1.4445e-08  4.3480e-06
  111    302  2.7596e-08  8.3340e-06
  111    303  3.0217e-08  9.1557e-06
  111    304  4.3651e-08  1.3270e-05
  111    305  3.9175e-08  1.1948e-05
  111    306  4.6444e-08  1.4212e-05
  111    307  4.0716e-08  1.2500e-05
  111    308  4.6920e-08  1.4451e-05
  111    309  2.7908e-08  8.6237e-06
  111    310  3.5599e-08  1.1036e-05
  111    311  2.3278e-08  7.2394e-06
  111    312  2.8084e-08  8.7623e-06
  111    313  1.7089e-08  5.3489e-06
  111    314  2.4667e-08  7.7455e-06
  111    315  1.9965e-08  6.2890e-06
  111    316  2.4950e-08  7.8841e-06
  111    317  2.2390e-08  7.0975e-06
  111    318  3.7978e-08  1.2077e-05
  111    319  3.3616e-08  1.0723e-05
  111    320  3.7661e-08  1.2052e-05
  111    321  2.4522e-08  7.8715e-06
  111    322  3.2543e-08  1.0479e-05
  111    323  2.7026e-08  8.7294e-06
  111    324  3.3419e-08  1.0828e-05
  111    325  4.3399e-08  1.4105e-05
  111    326  3.8291e-08  1.2483e-05
  111    327  3.1603e-08  1.0334e-05
  111    328  2.4488e-08  8.0320e-06
  111    329  3.6507e-08  1.2011e-05
  111    330  2.8539e-08  9.4179e-06
  111    331  3.5072e-08  1.1609e-05
  111    332  2.4393e-08  8.0986e-06
  111    333  3.8819e-08  1.2927e-05
  111    334  2.5158e-08  8.4029e-06
  111    335  3.1322e-08  1.0493e-05
  111    336  1.8332e-08  6.1597e-06
  111    337  1.9167e-04  6.4592e-02
    1      1  1.4805e-02  1.4805e-02
    2      4  1.6890e+04  6.7560e+04


