1  3.2396e-09
2  1.8384e-01
3  1.2543e-10
4  8.0037e-11
5  1.5098e-10
6  2.8825e-08
7  2.9647e-06
8  1.5021e-07
9  4.7874e-07
10  9.9523e-07
11  3.9050e-07
12  5.8127e-07
13  1.1486e-07
14  8.6686e-07
15  1.7223e-07
16  1.9507e-06
17  3.4619e-07
18  1.7308e-06
19  1.2572e-06
20  5.6683e-06
21  7.5025e-07
22  5.9986e-06
23  6.2124e-07
24  3.2430e-06
25  1.8856e-07
26  5.2127e-07
27  2.8380e-08
28  6.4695e-07
29  2.1037e-06
30  1.9819e-06
31  1.9844e-07
32  5.1734e-06
33  4.9116e-06
34  3.8503e-05
35  1.1570e-05
36  1.3663e-05
37  4.9896e-06
38  5.2982e-06
39  1.0027e-06
40  1.5276e-05
41  8.3916e-06
42  9.6177e-06
43  7.2012e-32
44  4.4656e-06
45  1.4400e-06
46  8.0918e-06
47  4.0167e-06
48  2.9254e-06
49  4.7505e-07
50  2.7975e-05
51  6.3542e-06
52  3.7168e-04
53  1.0642e-04
54  2.7647e-04
55  1.7131e-05
56  1.0164e-04
57  7.8133e-06
58  5.3371e-05
59  1.8907e-05
60  1.8707e-04
61  1.3689e-285
62  1.1302e-04
63  4.9322e-05
64  1.2566e-04
65  1.9800e-05
66  7.8442e-05
67  1.1525e-05
68  6.3301e-05
69  8.9109e-06
70  2.9677e-05
71  3.6699e-06
72  2.2608e-05
73  5.4910e-06
74  2.9453e-05
75  5.1942e-06
76  1.3203e-05
77  3.0216e-06
78  1.4827e-06
79  7.0206e-08
80  5.4613e-09
81  1.5062e-09
82  2.9909e-09
83  4.5327e-10
84  2.7411e-16
85  9.5155e-21
86  1.2613e-16
87  8.4474e-30
88  5.4912e-21
89  3.1854e-22
90  9.6514e-14
91  4.7756e-19
92  1.5683e-14
93  8.3157e-29
94  1.8016e-17
95  1.1918e-24
96  5.5430e-25
97  2.6599e-19
98  1.7241e-314
99  1.8330e-321
100  5.7491e-18
101  -5.5097e-313
102  5.6229e-19
103  1.3236e-20
104  7.2183e-22
105  1.3871e-22
106  0.0000e+00
107  0.0000e+00
108  0.0000e+00
109  0.0000e+00
110  0.0000e+00
111  0.0000e+00
112  0.0000e+00
113  0.0000e+00
114  0.0000e+00
115  0.0000e+00
116  0.0000e+00
117  0.0000e+00
118  0.0000e+00

