1  3.9518e-10
2  4.9272e-02
3  2.8536e-25
4  4.8125e-21
5  5.8996e-21
6  5.4271e-07
7  5.7992e-18
8  1.5109e-09
9  2.5686e-20
10  1.1676e-09
11  1.6600e-13
12  1.2073e-09
13  2.0948e-10
14  5.9453e-09
15  6.0928e-10
16  1.7376e-08
17  3.1412e-09
18  4.1828e-08
19  4.6277e-09
20  4.5043e-08
21  6.4175e-09
22  4.2783e-08
23  7.6610e-09
24  1.2110e-07
25  7.8085e-09
26  2.0765e-07
27  2.0924e-08
28  3.7621e-07
29  3.7675e-08
30  5.5034e-07
31  6.9198e-08
32  6.8054e-07
33  2.5016e-08
34  1.1629e-06
35  2.4150e-07
36  5.9889e-03
37  6.3217e-04
38  2.0139e-04
39  3.5431e-04
40  1.9802e-03
41  1.4374e-05
42  3.7080e-05
43  4.3776e-33
44  7.9691e-08
45  5.1891e-10
46  1.5354e-09
47  1.5634e-11
48  6.4837e-12
49  2.0086e-14
50  1.8091e-14
51  1.4352e-16
52  4.4439e-17
53  5.8771e-19
54  2.5603e-19
55  1.3993e-20
56  9.2344e-23
57  2.6585e-303
58  0.0000e+00
59  0.0000e+00
60  0.0000e+00
61  0.0000e+00
62  0.0000e+00
63  0.0000e+00
64  0.0000e+00
65  0.0000e+00
66  0.0000e+00
67  0.0000e+00
68  0.0000e+00
69  0.0000e+00
70  0.0000e+00
71  0.0000e+00
72  0.0000e+00
73  0.0000e+00
74  0.0000e+00
75  0.0000e+00
76  0.0000e+00
77  0.0000e+00
78  0.0000e+00
79  0.0000e+00
80  0.0000e+00
81  0.0000e+00
82  0.0000e+00
83  0.0000e+00
84  0.0000e+00
85  0.0000e+00
86  0.0000e+00
87  0.0000e+00
88  0.0000e+00
89  0.0000e+00
90  0.0000e+00
91  0.0000e+00
92  0.0000e+00
93  0.0000e+00
94  0.0000e+00
95  0.0000e+00
96  0.0000e+00
97  0.0000e+00
98  0.0000e+00
99  0.0000e+00
100  0.0000e+00
101  0.0000e+00
102  0.0000e+00
103  0.0000e+00
104  0.0000e+00
105  0.0000e+00
106  0.0000e+00
107  0.0000e+00
108  0.0000e+00
109  0.0000e+00
110  0.0000e+00
111  0.0000e+00
112  0.0000e+00
113  0.0000e+00
114  0.0000e+00
115  0.0000e+00
116  0.0000e+00
117  0.0000e+00
118  0.0000e+00

