1  6.1607e-08
2  1.9884e-01
3  8.1787e-10
4  7.4192e-09
5  6.9420e-08
6  2.4950e-07
7  1.0643e-05
8  2.8446e-07
9  9.6446e-07
10  1.8454e-06
11  5.5344e-07
12  1.2625e-06
13  4.5069e-08
14  2.0453e-07
15  5.2701e-08
16  4.1319e-07
17  6.0164e-08
18  1.0772e-07
19  2.3400e-07
20  7.0168e-07
21  1.6841e-07
22  9.0714e-07
23  3.4946e-07
24  1.1227e-06
25  1.5642e-07
26  3.8188e-07
27  1.1071e-08
28  3.0582e-07
29  1.6224e-06
30  1.5809e-06
31  1.1528e-07
32  5.4319e-06
33  5.0311e-06
34  1.2925e-05
35  3.6219e-06
36  1.6746e-06
37  9.3369e-07
38  1.3461e-06
39  5.6631e-07
40  3.2323e-06
41  1.9773e-06
42  2.6618e-06
43  2.0191e-32
44  1.2147e-06
45  4.2819e-07
46  2.2277e-06
47  1.1039e-06
48  1.0729e-06
49  2.2643e-07
50  1.2094e-05
51  3.7543e-06
52  3.5241e-05
53  1.0209e-05
54  3.1799e-05
55  4.9253e-06
56  7.5158e-06
57  1.0632e-06
58  7.5074e-06
59  1.9606e-06
60  1.2190e-05
61  5.7728e-83
62  1.1014e-05
63  4.1832e-06
64  1.4912e-05
65  2.4062e-06
66  1.3263e-05
67  2.9689e-06
68  1.9255e-05
69  5.3908e-06
70  1.7516e-05
71  2.4325e-06
72  1.8310e-05
73  6.4729e-06
74  6.9072e-05
75  2.1120e-05
76  2.3268e-04
77  1.3483e-04
78  1.4189e-04
79  1.6607e-05
80  1.9117e-05
81  1.0480e-05
82  1.4726e-04
83  3.2537e-05
84  1.9118e-16
85  8.8597e-27
86  5.2781e-18
87  1.5955e-21
88  8.0976e-13
89  6.0167e-14
90  5.3368e-06
91  9.0203e-11
92  4.2066e-06
93  2.8355e-20
94  1.9284e-08
95  9.6178e-19
96  2.0345e-15
97  2.6668e-10
98  -5.4651e-314
99  -2.7668e-322
100  4.4420e-07
101  -1.3368e-313
102  1.8848e-07
103  2.0808e-08
104  9.3745e-09
105  4.9428e-09
106  3.0819e-10
107  1.9491e-11
108  3.0762e-10
109  -9.1402e-320
110  3.2205e-11
111  1.6145e-11
112  0.0000e+00
113  0.0000e+00
114  0.0000e+00
115  0.0000e+00
116  0.0000e+00
117  0.0000e+00
118  0.0000e+00

