    1      2  2.9050e-09  5.8100e-09
    2      3  1.8038e-10  5.4113e-10
    3      6  8.0860e-12  4.8516e-11
    3      7  1.9754e-10  1.3828e-09
    4      8  4.8035e-10  3.8428e-09
    4      9  1.2936e-10  1.1642e-09
    5     10  5.5664e-10  5.5664e-09
    5     11  3.5236e-10  3.8760e-09
    6     12  2.5716e-09  3.0859e-08
    6     13  1.3374e-07  1.7386e-06
    7     14  2.4702e-07  3.4583e-06
    7     15  5.6536e-06  8.4804e-05
    8     16  2.2084e-07  3.5334e-06
    8     17  2.6725e-09  4.5432e-08
    8     18  1.7700e-08  3.1860e-07
    9     19  7.4183e-07  1.4095e-05
   10     20  1.0215e-06  2.0430e-05
   10     21  3.0896e-07  6.4882e-06
   10     22  1.9017e-09  4.1838e-08
   11     23  5.4448e-07  1.2523e-05
   12     24  4.9167e-07  1.1800e-05
   12     25  3.9987e-07  9.9968e-06
   12     26  1.3401e-08  3.4842e-07
   13     26  1.2203e-18  3.1728e-17
   13     27  6.9131e-08  1.8665e-06
   14     28  3.5003e-07  9.8009e-06
   14     29  7.1922e-08  2.0857e-06
   14     30  9.2074e-08  2.7622e-06
   15     31  1.1670e-07  3.6177e-06
   16     32  1.4698e-07  4.7033e-06
   16     33  5.5034e-07  1.8161e-05
   16     34  5.7890e-07  1.9682e-05
   16     36  8.4403e-08  3.0385e-06
   17     35  1.1185e-08  3.9147e-07
   17     37  2.4826e-07  9.1856e-06
   18     36  1.2901e-20  4.6443e-19
   18     38  3.2155e-07  1.2219e-05
   18     40  2.9696e-07  1.1878e-05
   19     39  2.7246e-07  1.0626e-05
   19     41  4.4435e-07  1.8218e-05
   20     42  1.1744e-06  4.9326e-05
   20     43  9.2714e-08  3.9867e-06
   20     44  5.9926e-07  2.6367e-05
   20     46  4.1307e-07  1.9001e-05
   21     45  6.0752e-07  2.7339e-05
   22     46  1.1508e-19  5.2939e-18
   22     47  1.1656e-06  5.4781e-05
   22     48  1.5587e-06  7.4816e-05
   22     49  2.7458e-07  1.3454e-05
   22     50  7.1731e-07  3.5866e-05
   23     51  7.9523e-07  4.0557e-05
   24     52  3.0886e-06  1.6061e-04
   24     53  6.0753e-07  3.2199e-05
   24     54  1.7895e-07  9.6636e-06
   25     55  2.7055e-07  1.4880e-05
   26     56  1.4649e-07  8.2035e-06
   26     57  6.2114e-07  3.5405e-05
   26     58  1.1232e-08  6.5145e-07
   27     59  3.5243e-08  2.0794e-06
   28     60  5.1119e-08  3.0672e-06
   28     61  1.4503e-07  8.8467e-06
   28     62  2.9057e-07  1.8015e-05
   28     64  3.6333e-07  2.3253e-05
   29     63  2.3447e-06  1.4771e-04
   29     65  6.3776e-07  4.1454e-05
   30     64  1.3511e-20  8.6473e-19
   30     66  1.4402e-06  9.5055e-05
   30     67  5.4656e-07  3.6620e-05
   30     68  2.1721e-07  1.4770e-05
   30     70  3.9329e-07  2.7530e-05
   31     69  8.6906e-08  5.9965e-06
   31     71  1.4932e-07  1.0601e-05
   32     70  6.1751e-16  4.3226e-14
   32     72  4.9143e-07  3.5383e-05
   32     73  4.9394e-07  3.6058e-05
   32     74  2.0245e-06  1.4981e-04
   32     76  3.8198e-06  2.9030e-04
   33     75  5.8840e-06  4.4130e-04
   34     76  1.0535e-13  8.0070e-12
   34     77  4.6944e-06  3.6147e-04
   34     78  5.0526e-06  3.9411e-04
   34     80  1.6189e-05  1.2951e-03
   34     82  4.2883e-06  3.5164e-04
   35     79  6.1812e-06  4.8832e-04
   35     81  3.0611e-06  2.4795e-04
   36     82  3.7886e-13  3.1066e-11
   36     83  5.0019e-06  4.1516e-04
   36     84  2.4438e-06  2.0528e-04
   36     86  2.7166e-06  2.3363e-04
   37     85  1.1072e-06  9.4116e-05
   37     87  2.4206e-06  2.1059e-04
   38     86  1.4671e-19  1.2617e-17
   38     87  1.7724e-08  1.5420e-06
   38     88  3.8434e-06  3.3822e-04
   39     89  8.4796e-07  7.5469e-05
   40     90  1.1837e-06  1.0653e-04
   40     91  1.0164e-06  9.2489e-05
   40     92  2.4782e-06  2.2799e-04
   40     94  2.5483e-06  2.3954e-04
   41     93  3.8699e-06  3.5990e-04
   42     95  2.4579e-06  2.3350e-04
   42     96  1.1139e-06  1.0693e-04
   42     97  9.6307e-07  9.3418e-05
   42     98  5.6769e-07  5.5633e-05
   42    100  5.9626e-07  5.9626e-05
   44     99  3.0859e-07  3.0551e-05
   44    100  9.9642e-16  9.9642e-14
   44    101  5.9189e-07  5.9781e-05
   44    102  7.8801e-07  8.0377e-05
   44    104  8.2871e-07  8.6186e-05
   45    103  8.6109e-07  8.8693e-05
   46    104  5.1649e-17  5.3715e-15
   46    105  1.1875e-06  1.2469e-04
   46    106  9.6824e-07  1.0263e-04
   46    108  8.5916e-07  9.2790e-05
   46    110  1.5972e-06  1.7569e-04
   47    107  1.1129e-06  1.1908e-04
   47    109  1.0379e-06  1.1313e-04
   48    110  7.9388e-15  8.7327e-13
   48    111  2.4997e-07  2.7747e-05
   48    112  6.9804e-07  7.8181e-05
   48    113  3.3291e-07  3.7618e-05
   48    114  3.2462e-07  3.7007e-05
   48    116  1.2640e-07  1.4662e-05
   49    113  1.4651e-14  1.6556e-12
   49    115  2.8039e-07  3.2245e-05
   50    115  2.2371e-13  2.5727e-11
   50    116  4.1914e-17  4.8620e-15
   50    117  3.0267e-07  3.5413e-05
   50    118  3.0270e-07  3.5718e-05
   50    119  3.3281e-07  3.9604e-05
   50    120  1.2711e-06  1.5253e-04
   50    122  2.7158e-06  3.3133e-04
   50    124  1.5802e-05  1.9594e-03
   51    121  1.5090e-06  1.8259e-04
   51    123  3.9955e-06  4.9145e-04
   52    122  6.8654e-15  8.3758e-13
   52    124  2.0179e-16  2.5022e-14
   52    125  1.5352e-05  1.9190e-03
   52    126  5.4271e-05  6.8382e-03
   52    128  8.5344e-05  1.0924e-02
   52    130  2.0478e-05  2.6621e-03
   53    127  5.9864e-05  7.6027e-03
   53    129  1.3778e-13  1.7774e-11
   54    128  2.3013e-18  2.9457e-16
   54    129  5.2924e-05  6.8272e-03
   54    130  6.4991e-15  8.4488e-13
   54    131  1.7115e-05  2.2420e-03
   54    132  4.3675e-05  5.7651e-03
   54    134  1.0183e-05  1.3645e-03
   54    136  2.8634e-05  3.8942e-03
   55    133  1.3252e-05  1.7625e-03
   56    134  5.9443e-19  7.9653e-17
   56    135  7.1902e-06  9.7068e-04
   56    136  8.3840e-17  1.1402e-14
   56    137  2.4376e-05  3.3395e-03
   56    138  3.7287e-05  5.1456e-03
   57    139  6.3253e-06  8.7922e-04
   58    140  1.7303e-05  2.4224e-03
   58    142  8.3257e-06  1.1823e-03
   59    141  6.1898e-06  8.7276e-04
   60    142  8.3764e-20  1.1894e-17
   60    143  5.9289e-06  8.4783e-04
   60    144  1.5753e-05  2.2684e-03
   60    145  1.0393e-05  1.5069e-03
   60    146  2.2499e-05  3.2848e-03
   60    148  1.7979e-05  2.6608e-03
   60    150  9.6864e-06  1.4530e-03
   62    147  1.9779e-05  2.9075e-03
   62    148  6.2453e-16  9.2431e-14
   62    149  7.1648e-06  1.0676e-03
   62    150  1.0741e-12  1.6112e-10
   62    152  1.7170e-05  2.6098e-03
   62    154  1.9294e-05  2.9713e-03
   63    151  1.3896e-05  2.0983e-03
   63    153  9.8241e-06  1.5031e-03
   64    154  2.1607e-14  3.3275e-12
   64    155  1.1114e-05  1.7227e-03
   64    156  2.2128e-05  3.4520e-03
   64    157  9.6747e-06  1.5189e-03
   64    158  2.0387e-05  3.2212e-03
   64    160  1.8124e-05  2.8999e-03
   65    159  1.4098e-05  2.2415e-03
   66    160  1.6159e-14  2.5855e-12
   66    161  7.8105e-06  1.2575e-03
   66    162  2.2210e-05  3.5981e-03
   66    163  1.1047e-05  1.8006e-03
   66    164  3.2915e-05  5.3980e-03
   67    165  1.1080e-05  1.8282e-03
   68    166  2.5031e-05  4.1552e-03
   68    167  1.0806e-05  1.8045e-03
   68    168  2.4725e-05  4.1538e-03
   68    170  1.2391e-05  2.1064e-03
   69    169  1.1136e-05  1.8820e-03
   70    170  2.0642e-15  3.5091e-13
   70    171  8.1081e-06  1.3865e-03
   70    172  9.5878e-06  1.6491e-03
   70    173  8.9242e-06  1.5439e-03
   70    174  1.4798e-05  2.5749e-03
   70    176  9.9022e-06  1.7428e-03
   71    175  7.4418e-06  1.3023e-03
   71    176  7.1279e-16  1.2545e-13
   72    176  6.6735e-18  1.1745e-15
   72    177  8.0145e-06  1.4186e-03
   72    178  1.5710e-05  2.7963e-03
   72    179  1.3866e-05  2.4820e-03
   72    180  2.0585e-05  3.7054e-03
   72    182  2.4486e-19  4.4565e-17
   73    181  1.7474e-05  3.1628e-03
   74    182  3.4209e-05  6.2261e-03
   74    183  1.0826e-05  1.9811e-03
   74    184  3.8297e-05  7.0466e-03
   74    186  5.1112e-05  9.5068e-03
   75    185  1.4512e-05  2.6848e-03
   75    187  1.4800e-05  2.7675e-03
   76    186  1.5903e-17  2.9580e-15
   76    187  1.2028e-07  2.2492e-05
   76    188  3.2665e-05  6.1411e-03
   76    189  3.3275e-05  6.2889e-03
   76    190  4.2693e-05  8.1117e-03
   76    192  1.9997e-05  3.8394e-03
   77    191  2.1886e-05  4.1803e-03
   77    193  1.7574e-05  3.3917e-03
   78    192  2.6864e-15  5.1580e-13
   78    194  1.2219e-05  2.3704e-03
   78    195  8.2567e-06  1.6101e-03
   78    196  3.1302e-06  6.1351e-04
   78    198  3.1651e-07  6.2669e-05
   79    197  1.3728e-06  2.7045e-04
   80    198  5.9747e-16  1.1830e-13
   80    199  1.5762e-07  3.1365e-05
   80    200  1.1634e-07  2.3268e-05
   80    201  1.0309e-07  2.0721e-05
   80    202  1.2427e-07  2.5102e-05
   80    204  2.2102e-07  4.5087e-05
   81    203  1.7300e-07  3.5118e-05
   81    205  4.7142e-08  9.6641e-06
   82    204  9.0264e-19  1.8414e-16
   82    206  2.2799e-07  4.6966e-05
   82    207  2.4677e-07  5.1081e-05
   82    208  2.5774e-07  5.3610e-05
   82    210  2.0122e-19  4.2256e-17
   83    209  1.2006e-07  2.5093e-05
   84    216  3.6196e-13  7.8184e-11
   86    219  2.3834e-13  5.2197e-11
   88    226  1.4496e-17  3.2760e-15
   88    228  9.0575e-20  2.0651e-17
   89    227  1.3761e-18  3.1237e-16
   90    228  3.0177e-20  6.8803e-18
   90    230  6.8317e-16  1.5713e-13
   90    232  2.2119e-10  5.1316e-08
   91    231  2.0631e-15  4.7657e-13
   92    234  2.2246e-15  5.2055e-13
   92    235  4.4464e-11  1.0449e-08
   92    236  7.4833e-14  1.7661e-11
   92    238  4.0470e-11  9.6319e-09
   94    240  1.4802e-17  3.5526e-15
   94    244  1.8018e-13  4.3963e-11
   97    246  2.3044e-15  5.6688e-13
  100    258  9.9476e-14  2.5665e-11
  100    260  4.6281e-14  1.2033e-11
  100    262  1.1880e-14  3.1126e-12
  102    261  1.7779e-14  4.6403e-12
  102    263  5.1213e-15  1.3469e-12
  102    264  4.0216e-15  1.0617e-12
  102    266  4.2296e-16  1.1251e-13
  103    265  1.2768e-15  3.3836e-13
  104    267  7.5657e-17  2.0201e-14
  104    268  3.1962e-17  8.5658e-15
  104    270  5.9082e-18  1.5952e-15
  104    272  2.6680e-19  7.2570e-17
  104    274  1.0762e-19  2.9487e-17
  105    269  3.2183e-17  8.6573e-15
  105    271  8.8829e-19  2.4073e-16
  106    273  1.9482e-19  5.3186e-17
  106    275  3.6724e-20  1.0099e-17
  106    276  1.0217e-19  2.8199e-17
  106    278  5.1817e-20  1.4405e-17
  106    280  2.2639e-20  6.3390e-18
  107    277  3.1555e-20  8.7408e-18
  108    279  2.4340e-20  6.7908e-18
  108    281  1.2789e-20  3.5938e-18
  108    282  1.0755e-19  3.0329e-17
  108    284  1.1649e-20  3.3084e-18
    1      1  1.5887e-09  1.5887e-09
    2      4  1.9020e-01  7.6081e-01


