1  3.2668e-08
2  1.3027e-08
3  1.0826e-09
4  2.2707e-01
5  0.0000e+00
6  2.3709e-11
7  2.0863e-09
8  8.3190e-09
9  3.7602e-09
10  1.1330e-07
11  2.4691e-09
12  5.0607e-09
13  6.6276e-08
14  4.5500e-08
15  6.8081e-06
16  2.3159e-07
17  8.9221e-09
18  5.0632e-08
19  5.3024e-07
20  8.0499e-07
21  5.1876e-07
22  5.7746e-09
23  5.8998e-07
24  2.3209e-07
25  3.4605e-07
26  7.2183e-08
27  9.2808e-08
28  1.5496e-07
29  5.4015e-08
30  4.9104e-08
31  2.1191e-08
32  7.4874e-08
33  3.4666e-07
34  2.8692e-07
35  1.8117e-08
36  2.1846e-08
37  5.2549e-09
38  2.4479e-08
39  2.1993e-08
40  6.0749e-09
41  2.3843e-08
42  9.6292e-08
43  2.2959e-08
44  2.9437e-08
45  2.7504e-08
46  4.0281e-09
47  7.2363e-09
48  1.2780e-08
49  8.2295e-09
50  6.6983e-09
51  5.2558e-09
52  1.3955e-08
53  1.6807e-08
54  5.0121e-09
55  1.2266e-09
56  1.4535e-08
57  3.3435e-08
58  7.8593e-10
59  6.8364e-10
60  1.8205e-09
61  2.1519e-09
62  1.9750e-09
63  5.1281e-08
64  9.9140e-09
65  1.7037e-08
66  3.9552e-08
67  9.7218e-08
68  1.7336e-08
69  8.6255e-09
70  4.4067e-08
71  1.1607e-08
72  3.2460e-08
73  2.4834e-08
74  8.8026e-08
75  2.8417e-07
76  1.9639e-07
77  3.7655e-07
78  3.9940e-07
79  3.9646e-07
80  2.0172e-06
81  4.3502e-07
82  2.1180e-07
83  2.4058e-07
84  8.4136e-08
85  1.1084e-07
86  2.2480e-07
87  2.3897e-07
88  1.0149e-07
89  6.7465e-08
90  6.2955e-08
91  4.0890e-08
92  4.5953e-08
93  5.1346e-08
94  1.6077e-07
95  7.4796e-08
96  3.5191e-08
97  7.3137e-08
98  1.5439e-08
99  1.9367e-08
100  2.6663e-08
101  2.5479e-08
102  2.5835e-08
103  3.3690e-08
104  1.4796e-08
105  1.0857e-08
106  4.1406e-08
107  4.0429e-08
108  6.2439e-08
109  8.8289e-08
110  1.3543e-07
111  2.2494e-08
112  1.0207e-07
113  6.5923e-08
114  5.4085e-08
115  6.0896e-08
116  4.5044e-09
117  1.5657e-08
118  7.3548e-09
119  6.1745e-09
120  3.6497e-08
121  3.3196e-08
122  5.0322e-08
123  6.1219e-08
124  4.0628e-07
125  9.1004e-07
126  2.5487e-06
127  3.0358e-06
128  2.0594e-06
129  2.7996e-06
130  2.0879e-06
131  1.1047e-06
132  6.1082e-07
133  4.3480e-07
134  3.7527e-07
135  1.3542e-07
136  2.0387e-07
137  1.3860e-07
138  1.5053e-07
139  6.9587e-08
140  1.2879e-07
141  2.0356e-07
142  1.0555e-07
143  6.0449e-08
144  5.2466e-08
145  1.6065e-08
146  3.5250e-08
147  5.1162e-08
148  2.3948e-08
149  6.3134e-09
150  1.3390e-08
151  3.0960e-09
152  1.7853e-08
153  1.4725e-08
154  1.3392e-08
155  7.2957e-08
156  5.7046e-09
157  1.8135e-08
158  3.8285e-08
159  3.5105e-10
160  4.5608e-09
161  9.5641e-09
162  5.5434e-09
163  6.4901e-09
164  8.7859e-09
165  6.5995e-09
166  2.0936e-08
167  3.2106e-08
168  2.1926e-08
169  1.3686e-07
170  3.0931e-08
171  6.2301e-08
172  3.6770e-08
173  2.5063e-08
174  1.0352e-07
175  3.3839e-08
176  6.5018e-08
177  2.5151e-07
178  1.6042e-07
179  8.4219e-08
180  1.0078e-07
181  1.3853e-07
182  1.4584e-07
183  1.0895e-07
184  1.0368e-07
185  5.1983e-08
186  4.5373e-08
187  5.0588e-08
188  6.8234e-08
189  3.2445e-08
190  6.5996e-08
191  6.0299e-08
192  5.2449e-08
193  3.5173e-08
194  2.8697e-07
195  6.8386e-07
196  2.6443e-06
197  4.6866e-06
198  6.9881e-06
199  3.1906e-06
200  4.8033e-06
201  1.0341e-06
202  5.2121e-07
203  1.0276e-07
204  2.0442e-08
205  9.3430e-09
206  1.9665e-06
207  3.0121e-06
208  9.4522e-07
209  5.2139e-06
210  4.9078e-13
211  1.6914e-18
212  1.1986e-18
213  4.9646e-44
214  2.5703e-19
215  4.6629e-25
216  1.3888e-24
217  2.0946e-94
218  4.4174e-21
219  6.5450e-22
220  5.3252e-22
221  3.9807e-320
222  7.8417e-18
223  1.6329e-16
224  3.0075e-18
225  2.9921e-40
226  1.1999e-12
227  1.1381e-13
228  9.6716e-12
229  1.1160e-29
230  5.6551e-11
231  1.7023e-10
232  4.2333e-06
233  6.6696e-26
234  1.8415e-10
235  3.6690e-06
236  1.4231e-08
237  -1.6397e-318
238  3.3500e-06
239  2.1326e-17
240  2.8172e-12
241  0.0000e+00
242  3.3039e-116
243  6.5193e-18
244  3.4291e-08
245  0.0000e+00
246  5.7812e-10
247  1.3760e-14
248  1.9796e-115
249  0.0000e+00
250  0.0000e+00
251  5.4849e-314
252  0.0000e+00
253  0.0000e+00
254  0.0000e+00
255  0.0000e+00
256  0.0000e+00
257  8.8265e-26
258  1.2120e-06
259  5.4759e-26
260  1.9179e-06
261  1.9262e-06
262  1.9158e-06
263  2.1677e-06
264  2.6049e-06
265  2.4073e-06
266  3.3461e-06
267  1.6738e-06
268  1.9659e-06
269  5.3070e-06
270  5.4919e-06
271  5.3899e-06
272  9.4780e-06
273  1.1450e-05
274  2.0285e-05
275  2.4066e-05
276  3.1749e-05
277  1.0987e-05
278  1.8567e-05
279  1.1372e-05
280  5.4554e-06
281  1.7942e-06
282  1.4299e-06
283  5.1818e-07
284  6.3754e-07
285  6.0835e-07
286  7.1362e-07
287  1.3608e-06
288  1.0849e-06
289  8.7989e-07
290  9.5003e-07
291  4.5922e-07
292  3.4502e-06
293  1.8447e-06
294  2.9154e-06
295  9.7333e-07
296  2.0686e-06
297  9.2701e-07
298  1.4135e-07
299  1.0898e-07
300  3.6350e-08
301  2.7358e-06
302  2.5332e-06
303  1.3020e-06
304  2.6189e-06
305  2.8964e-06
306  3.3997e-06
307  9.5200e-07
308  2.1233e-06
309  2.3845e-06
310  1.6701e-06
311  1.1694e-06
312  2.2273e-06
313  4.7919e-07
314  1.4668e-06
315  1.5956e-06
316  2.6041e-06
317  1.8341e-06
318  1.6953e-05
319  6.6036e-06
320  5.8093e-06
321  1.4853e-06
322  1.8166e-06
323  1.0413e-06
324  7.9375e-07
325  2.8590e-07
326  3.5089e-07
327  5.4237e-07
328  7.0494e-08
329  1.9052e-07
330  1.4419e-07
331  4.2240e-08
332  7.3869e-08
333  1.3895e-08
334  1.2391e-08
335  8.4875e-09
336  3.3541e-09
337  5.9796e-08

