1  2.0234e-09
2  2.1082e-09
3  9.8982e-11
4  2.1411e-01
5  0.0000e+00
6  5.9802e-12
7  1.6480e-10
8  1.9441e-11
9  3.2700e-12
10  1.7636e-11
11  1.5932e-10
12  1.9575e-09
13  7.8712e-09
14  7.7288e-07
15  6.5213e-07
16  4.4622e-08
17  1.1028e-09
18  1.8254e-08
19  1.7522e-07
20  2.4961e-07
21  3.9251e-07
22  4.9963e-09
23  3.1629e-07
24  1.0502e-07
25  1.0192e-07
26  2.1271e-08
27  2.9833e-07
28  8.6336e-07
29  1.2179e-07
30  5.5899e-08
31  8.6494e-08
32  1.2506e-07
33  1.1703e-06
34  8.9799e-07
35  1.3088e-08
36  1.8595e-08
37  6.1819e-08
38  1.4882e-07
39  2.4638e-07
40  4.1854e-07
41  2.1282e-08
42  8.7340e-07
43  4.4333e-07
44  5.1285e-08
45  1.1627e-07
46  9.8259e-08
47  1.3530e-07
48  2.7796e-07
49  3.1940e-07
50  3.3617e-07
51  4.8816e-08
52  1.4556e-07
53  9.8060e-08
54  6.0876e-08
55  8.7090e-08
56  2.1009e-07
57  3.5871e-07
58  1.2935e-08
59  1.5366e-08
60  3.0966e-08
61  5.2258e-08
62  4.6880e-08
63  2.5685e-07
64  1.2256e-07
65  1.0657e-07
66  3.7065e-07
67  1.4511e-07
68  1.4417e-07
69  1.2942e-07
70  4.2832e-07
71  6.6843e-08
72  1.4501e-07
73  6.6693e-08
74  3.5925e-07
75  1.6675e-06
76  1.8264e-06
77  2.0097e-06
78  3.8526e-06
79  6.3488e-06
80  1.3307e-05
81  2.9451e-06
82  9.3873e-07
83  1.2279e-06
84  6.8551e-07
85  7.3074e-07
86  1.9352e-06
87  1.7843e-06
88  1.0961e-06
89  2.7658e-07
90  4.5600e-07
91  1.3252e-07
92  7.0678e-07
93  4.7278e-07
94  1.3469e-06
95  7.4513e-07
96  5.7084e-07
97  4.1917e-07
98  1.3991e-07
99  1.6105e-07
100  2.1434e-07
101  3.4456e-07
102  2.5087e-07
103  2.6733e-07
104  2.9856e-07
105  3.1810e-07
106  6.5062e-07
107  7.3937e-07
108  1.3214e-06
109  1.1803e-06
110  1.3797e-06
111  2.7949e-07
112  6.1883e-07
113  2.2072e-07
114  1.5572e-07
115  9.0386e-08
116  1.5914e-08
117  3.2897e-08
118  4.6059e-08
119  4.0511e-08
120  2.3338e-07
121  3.1108e-07
122  9.4894e-07
123  1.4811e-06
124  1.2860e-05
125  4.0309e-05
126  1.4463e-04
127  8.4412e-05
128  9.4115e-05
129  1.9146e-04
130  7.4648e-05
131  1.9169e-05
132  1.5591e-05
133  2.4960e-05
134  2.4379e-05
135  1.2536e-05
136  8.0538e-06
137  7.2670e-06
138  8.9055e-06
139  2.8372e-06
140  4.4396e-06
141  1.9847e-05
142  8.3093e-06
143  1.7646e-06
144  7.1753e-07
145  3.6616e-07
146  7.1222e-07
147  8.9206e-07
148  1.6247e-06
149  1.2292e-06
150  1.9533e-06
151  1.9834e-06
152  2.7316e-06
153  1.8994e-06
154  3.3638e-06
155  1.7285e-06
156  4.0591e-06
157  2.8086e-06
158  5.5164e-06
159  2.6311e-06
160  4.6001e-06
161  2.2364e-06
162  5.3825e-06
163  3.2715e-06
164  8.1587e-06
165  4.0523e-06
166  7.9621e-06
167  3.3306e-06
168  5.8692e-06
169  5.2683e-06
170  4.1081e-06
171  3.2899e-06
172  2.5996e-06
173  2.4622e-06
174  3.1502e-06
175  2.2259e-06
176  2.1673e-06
177  2.6895e-06
178  2.4884e-06
179  1.9459e-06
180  1.5256e-06
181  1.3754e-06
182  1.3877e-06
183  6.9227e-07
184  9.2554e-07
185  6.1093e-07
186  1.4723e-06
187  1.0818e-06
188  2.4995e-06
189  3.5335e-06
190  7.2359e-06
191  7.2816e-06
192  1.0901e-05
193  1.4173e-05
194  1.3680e-05
195  1.0356e-05
196  4.3526e-06
197  1.4344e-06
198  2.5864e-07
199  2.7227e-08
200  3.3150e-09
201  1.5722e-09
202  3.7579e-09
203  5.2443e-09
204  5.7217e-09
205  5.3316e-09
206  2.3406e-08
207  2.0910e-08
208  2.0838e-08
209  1.7506e-08
210  8.4810e-17
211  3.2195e-22
212  7.2430e-22
213  3.4524e-44
214  4.4417e-23
215  5.0809e-26
216  8.3920e-28
217  8.4719e-96
218  7.6336e-25
219  1.2470e-25
220  3.2179e-25
221  4.7623e-320
222  1.3551e-21
223  3.1080e-20
224  1.8174e-21
225  2.0684e-40
226  2.0735e-16
227  2.1663e-17
228  5.8444e-15
229  7.7155e-30
230  9.7724e-15
231  3.2402e-14
232  2.5581e-09
233  2.7478e-27
234  3.1822e-14
235  6.9836e-10
236  1.6269e-12
237  1.8229e-318
238  5.7890e-10
239  4.7225e-22
240  3.2196e-16
241  0.0000e+00
242  6.8187e-140
243  1.4437e-22
244  3.9189e-12
245  0.0000e+00
246  6.1650e-14
247  3.0470e-19
248  5.2107e-139
249  0.0000e+00
250  0.0000e+00
251  -9.5243e-314
252  0.0000e+00
253  0.0000e+00
254  0.0000e+00
255  0.0000e+00
256  0.0000e+00
257  8.8897e-26
258  3.2420e-11
259  3.8672e-26
260  1.6476e-11
261  8.6594e-12
262  7.8092e-12
263  5.9429e-12
264  4.4630e-12
265  2.1751e-12
266  2.0524e-12
267  7.3495e-13
268  4.8231e-13
269  5.4686e-13
270  2.0323e-13
271  9.6707e-14
272  5.8801e-14
273  3.2606e-14
274  2.3805e-14
275  8.9812e-15
276  6.9684e-15
277  2.0544e-15
278  1.9835e-15
279  6.0598e-16
280  1.9650e-16
281  5.1307e-17
282  2.4842e-17
283  8.8655e-18
284  1.1003e-17
285  9.6555e-18
286  8.5014e-18
287  7.9107e-18
288  5.1854e-18
289  2.0908e-18
290  1.2002e-18
291  4.5967e-19
292  1.8323e-18
293  6.8890e-19
294  8.0236e-19
295  2.2338e-19
296  3.1995e-19
297  8.8348e-20
298  8.9454e-21
299  6.9910e-21
300  1.9977e-21
301  3.1056e-20
302  7.2706e-20
303  2.0514e-20
304  1.4816e-20
305  5.5167e-21
306  3.7282e-21
307  1.6955e-22
308  8.6957e-22
309  7.1616e-23
310  1.5565e-22
311  1.2043e-22
312  1.3943e-22
313  2.3016e-23
314  3.1499e-23
315  2.7128e-24
316  2.7539e-24
317  1.7297e-23
318  2.0082e-24
319  0.0000e+00
320  0.0000e+00
321  0.0000e+00
322  0.0000e+00
323  0.0000e+00
324  0.0000e+00
325  0.0000e+00
326  0.0000e+00
327  0.0000e+00
328  0.0000e+00
329  0.0000e+00
330  0.0000e+00
331  0.0000e+00
332  0.0000e+00
333  0.0000e+00
334  0.0000e+00
335  0.0000e+00
336  0.0000e+00
337  0.0000e+00

