1  5.9141e-11
2  1.9069e-01
3  7.3143e-20
4  9.3741e-19
5  1.4675e-19
6  1.4727e-07
7  1.3207e-13
8  6.6421e-09
9  1.5834e-15
10  4.8732e-09
11  3.9586e-13
12  3.4707e-09
13  1.0438e-09
14  4.8493e-09
15  4.0692e-09
16  1.2923e-07
17  1.3839e-08
18  1.3313e-08
19  3.8140e-09
20  7.6998e-07
21  8.6720e-09
22  1.7626e-06
23  2.9582e-07
24  6.9170e-06
25  5.6680e-08
26  1.7283e-06
27  8.9010e-07
28  2.4193e-06
29  1.0611e-06
30  3.7327e-06
31  2.4481e-07
32  1.5971e-05
33  9.3300e-07
34  7.0644e-05
35  1.2962e-05
36  3.5947e-05
37  1.5321e-05
38  4.5195e-06
39  2.6927e-05
40  1.6388e-04
41  1.8651e-05
42  1.0723e-04
43  4.8513e-30
44  4.3286e-04
45  2.7840e-05
46  8.8352e-04
47  2.3587e-04
48  1.7870e-04
49  1.5987e-05
50  1.9414e-05
51  5.6112e-07
52  1.4832e-05
53  4.2489e-06
54  1.2017e-06
55  2.1794e-14
56  3.7231e-16
57  2.2201e-18
58  5.8323e-18
59  3.1083e-18
60  1.0330e-18
61  1.7705e-26
62  5.3764e-20
63  1.4063e-20
64  8.7676e-21
65  4.8646e-23
66  2.0617e-22
67  2.2698e-23
68  6.0802e-23
69  6.6456e-24
70  2.5529e-25
71  0.0000e+00
72  0.0000e+00
73  0.0000e+00
74  0.0000e+00
75  0.0000e+00
76  0.0000e+00
77  0.0000e+00
78  0.0000e+00
79  0.0000e+00
80  0.0000e+00
81  0.0000e+00
82  0.0000e+00
83  0.0000e+00
84  0.0000e+00
85  0.0000e+00
86  0.0000e+00
87  0.0000e+00
88  0.0000e+00
89  0.0000e+00
90  0.0000e+00
91  0.0000e+00
92  0.0000e+00
93  0.0000e+00
94  0.0000e+00
95  0.0000e+00
96  0.0000e+00
97  0.0000e+00
98  0.0000e+00
99  0.0000e+00
100  0.0000e+00
101  0.0000e+00
102  0.0000e+00
103  0.0000e+00
104  0.0000e+00
105  0.0000e+00
106  0.0000e+00
107  0.0000e+00
108  0.0000e+00
109  0.0000e+00
110  0.0000e+00
111  0.0000e+00
112  0.0000e+00
113  0.0000e+00
114  0.0000e+00
115  0.0000e+00
116  0.0000e+00
117  0.0000e+00
118  0.0000e+00

