    1      2  6.7708e-09  1.3542e-08
    2      3  6.4350e-10  1.9305e-09
    3      6  1.8889e-11  1.1334e-10
    3      7  7.4995e-10  5.2497e-09
    4      8  2.1763e-09  1.7411e-08
    4      9  8.2978e-10  7.4680e-09
    5     10  3.0029e-08  3.0029e-07
    5     11  2.9547e-09  3.2502e-08
    6     12  2.9455e-09  3.5346e-08
    6     13  1.6791e-07  2.1828e-06
    7     14  9.2763e-08  1.2987e-06
    7     15  5.4922e-06  8.2383e-05
    8     16  1.3602e-07  2.1762e-06
    8     17  4.3321e-09  7.3645e-08
    8     18  2.9536e-08  5.3165e-07
    9     19  5.3805e-07  1.0223e-05
   10     20  7.6471e-07  1.5294e-05
   10     21  3.5208e-07  7.3937e-06
   10     22  3.3828e-09  7.4422e-08
   11     23  7.0714e-07  1.6264e-05
   12     24  2.4290e-07  5.8295e-06
   12     25  3.4446e-07  8.6115e-06
   12     26  3.8001e-08  9.8802e-07
   13     26  1.4780e-19  3.8427e-18
   13     27  1.4477e-07  3.9089e-06
   14     28  3.5674e-07  9.9888e-06
   14     29  7.9750e-08  2.3127e-06
   14     30  5.6907e-08  1.7072e-06
   15     31  4.9981e-08  1.5494e-06
   16     32  9.8789e-08  3.1612e-06
   16     33  6.6508e-07  2.1948e-05
   16     34  5.1488e-07  1.7506e-05
   16     36  2.0862e-08  7.5103e-07
   17     35  2.0908e-08  7.3178e-07
   17     37  1.1621e-08  4.2999e-07
   18     36  1.3549e-19  4.8775e-18
   18     38  4.9239e-08  1.8711e-06
   18     40  1.6741e-08  6.6966e-07
   19     39  4.1584e-08  1.6218e-06
   19     41  8.0484e-08  3.2999e-06
   20     42  2.8280e-07  1.1878e-05
   20     43  6.5935e-08  2.8352e-06
   20     44  6.6611e-08  2.9309e-06
   20     46  2.3485e-08  1.0803e-06
   21     45  6.8177e-08  3.0680e-06
   22     46  1.8586e-20  8.5497e-19
   22     47  3.1251e-08  1.4688e-06
   22     48  6.4205e-08  3.0818e-06
   22     49  5.2856e-08  2.5900e-06
   22     50  5.0817e-08  2.5408e-06
   23     51  1.5090e-08  7.6959e-07
   24     52  6.6951e-08  3.4814e-06
   24     53  5.3655e-08  2.8437e-06
   24     54  2.6553e-08  1.4338e-06
   25     55  1.4216e-08  7.8189e-07
   26     56  3.4994e-08  1.9597e-06
   26     57  1.1108e-07  6.3318e-06
   26     58  3.3174e-09  1.9241e-07
   27     59  4.9190e-09  2.9022e-07
   28     60  1.0267e-08  6.1602e-07
   28     61  1.6840e-08  1.0272e-06
   28     62  1.7063e-08  1.0579e-06
   28     64  7.5079e-08  4.8050e-06
   29     63  1.4181e-07  8.9343e-06
   29     65  7.1467e-08  4.6453e-06
   30     66  1.7802e-07  1.1749e-05
   30     67  1.0387e-07  6.9590e-06
   30     68  5.2859e-08  3.5944e-06
   30     70  1.0400e-07  7.2803e-06
   31     69  3.0367e-08  2.0953e-06
   31     71  2.2105e-08  1.5694e-06
   32     70  7.6740e-16  5.3718e-14
   32     72  6.8824e-08  4.9553e-06
   32     73  4.8261e-08  3.5230e-06
   32     74  2.5502e-07  1.8871e-05
   32     76  9.5191e-07  7.2345e-05
   33     75  1.0107e-06  7.5804e-05
   34     76  1.2748e-13  9.6882e-12
   34     77  9.1785e-07  7.0675e-05
   34     78  1.0169e-06  7.9316e-05
   34     80  4.1524e-06  3.3219e-04
   34     82  2.5348e-07  2.0785e-05
   35     79  1.4346e-06  1.1334e-04
   35     81  1.0140e-06  8.2137e-05
   36     82  1.5978e-13  1.3102e-11
   36     83  5.3509e-07  4.4412e-05
   36     84  2.7436e-07  2.3046e-05
   36     86  6.2330e-07  5.3604e-05
   37     85  2.5754e-07  2.1891e-05
   37     87  4.9139e-07  4.2751e-05
   38     86  1.3995e-20  1.2035e-18
   38     87  3.5981e-09  3.1303e-07
   38     88  1.8056e-07  1.5889e-05
   39     89  7.1829e-08  6.3928e-06
   40     90  1.1806e-07  1.0625e-05
   40     91  3.9959e-08  3.6363e-06
   40     92  1.5487e-07  1.4248e-05
   40     94  4.6863e-07  4.4051e-05
   41     93  1.5461e-07  1.4379e-05
   42     95  2.2641e-07  2.1509e-05
   42     96  1.4860e-07  1.4265e-05
   42     97  1.1406e-07  1.1064e-05
   42     98  2.8784e-08  2.8209e-06
   42    100  3.8096e-08  3.8096e-06
   44     99  3.1114e-08  3.0803e-06
   44    100  1.5649e-14  1.5649e-12
   44    101  5.4397e-08  5.4941e-06
   44    102  5.1477e-08  5.2506e-06
   44    104  7.9918e-08  8.3115e-06
   45    103  7.4037e-08  7.6258e-06
   46    104  6.8020e-19  7.0740e-17
   46    105  8.4044e-08  8.8246e-06
   46    106  1.8267e-07  1.9363e-05
   46    108  2.5942e-07  2.8018e-05
   46    110  2.6590e-07  2.9249e-05
   47    107  1.8310e-07  1.9592e-05
   47    109  2.3487e-07  2.5600e-05
   48    110  1.1134e-14  1.2248e-12
   48    111  5.1682e-08  5.7367e-06
   48    112  1.1876e-07  1.3301e-05
   48    113  4.4556e-08  5.0348e-06
   48    114  3.2708e-08  3.7287e-06
   48    116  7.1668e-09  8.3135e-07
   49    113  1.9609e-15  2.2158e-13
   49    115  2.4382e-08  2.8040e-06
   50    115  1.9454e-14  2.2372e-12
   50    116  4.9242e-15  5.7121e-13
   50    117  1.6559e-08  1.9374e-06
   50    118  2.1148e-08  2.4955e-06
   50    119  1.7875e-08  2.1271e-06
   50    120  1.2036e-07  1.4443e-05
   50    122  3.8276e-07  4.6697e-05
   50    124  2.4931e-06  3.0914e-04
   51    121  1.3321e-07  1.6119e-05
   51    123  4.8199e-07  5.9284e-05
   52    122  3.3983e-15  4.1459e-13
   52    124  1.1236e-16  1.3932e-14
   52    125  3.5441e-06  4.4301e-04
   52    126  8.2420e-06  1.0385e-03
   52    128  4.7465e-06  6.0756e-04
   52    130  5.7897e-06  7.5267e-04
   53    127  5.6562e-06  7.1833e-04
   53    129  1.9426e-14  2.5059e-12
   54    128  6.2213e-16  7.9633e-14
   54    129  6.0392e-06  7.7905e-04
   54    130  2.8735e-14  3.7356e-12
   54    131  2.8564e-06  3.7418e-04
   54    132  1.1357e-06  1.4991e-04
   54    134  1.2628e-06  1.6922e-04
   54    136  6.0372e-07  8.2105e-05
   55    133  1.2664e-06  1.6843e-04
   56    134  6.0256e-18  8.0743e-16
   56    135  5.6283e-07  7.5982e-05
   56    136  1.3159e-15  1.7897e-13
   56    137  6.5340e-07  8.9516e-05
   56    138  6.6757e-07  9.2124e-05
   57    139  2.4313e-07  3.3795e-05
   58    140  3.2401e-07  4.5362e-05
   58    142  4.9390e-07  7.0134e-05
   59    141  1.1681e-06  1.6470e-04
   60    142  5.2812e-18  7.4993e-16
   60    143  1.2324e-07  1.7623e-05
   60    144  7.2755e-08  1.0477e-05
   60    145  3.7114e-08  5.3815e-06
   60    146  6.2909e-08  9.1847e-06
   60    148  1.1907e-07  1.7623e-05
   60    150  1.2161e-07  1.8241e-05
   62    147  7.9572e-08  1.1697e-05
   62    148  3.6280e-14  5.3694e-12
   62    149  8.1531e-08  1.2148e-05
   62    150  1.6306e-13  2.4459e-11
   62    152  1.5784e-07  2.3991e-05
   62    154  2.1219e-07  3.2676e-05
   63    151  1.0233e-07  1.5451e-05
   63    153  9.7400e-08  1.4902e-05
   64    154  2.8301e-15  4.3584e-13
   64    155  1.4525e-07  2.2513e-05
   64    156  2.0572e-07  3.2092e-05
   64    157  1.7113e-07  2.6867e-05
   64    158  3.8624e-07  6.1026e-05
   64    160  3.2728e-07  5.2365e-05
   65    159  1.2316e-07  1.9582e-05
   66    160  7.5971e-16  1.2155e-13
   66    161  1.8635e-07  3.0002e-05
   66    162  3.0164e-07  4.8865e-05
   66    163  1.9282e-07  3.1430e-05
   66    164  5.6828e-07  9.3198e-05
   67    165  3.2227e-07  5.3175e-05
   68    166  7.3558e-07  1.2211e-04
   68    167  3.4843e-07  5.8187e-05
   68    168  4.7394e-07  7.9621e-05
   68    170  4.3284e-07  7.3583e-05
   69    169  6.5907e-07  1.1138e-04
   70    170  8.6541e-16  1.4712e-13
   70    171  3.6910e-07  6.3116e-05
   70    172  3.5867e-07  6.1692e-05
   70    173  3.2395e-07  5.6044e-05
   70    174  5.3720e-07  9.3473e-05
   70    176  3.2971e-07  5.8028e-05
   71    175  3.1885e-07  5.5798e-05
   71    176  9.4700e-17  1.6667e-14
   72    176  8.8662e-19  1.5605e-16
   72    177  3.9476e-07  6.9873e-05
   72    178  3.3490e-07  5.9613e-05
   72    179  2.5866e-07  4.6300e-05
   72    180  2.2058e-07  3.9704e-05
   73    181  2.3501e-07  4.2537e-05
   74    182  2.1361e-07  3.8877e-05
   74    183  1.2121e-07  2.2181e-05
   74    184  1.5190e-07  2.7949e-05
   74    186  2.8608e-07  5.3211e-05
   75    185  1.1486e-07  2.1249e-05
   75    187  2.4050e-07  4.4974e-05
   76    186  6.9983e-19  1.3017e-16
   76    187  1.9546e-09  3.6551e-07
   76    188  7.7121e-07  1.4499e-04
   76    189  1.2657e-06  2.3921e-04
   76    190  5.1859e-06  9.8532e-04
   76    192  1.4980e-05  2.8761e-03
   77    191  6.2647e-06  1.1966e-03
   77    193  2.5307e-05  4.8842e-03
   78    192  7.5715e-16  1.4537e-13
   78    194  4.1881e-05  8.1249e-03
   78    195  4.4661e-05  8.7089e-03
   78    196  2.9382e-05  5.7590e-03
   78    198  3.8472e-06  7.6175e-04
   79    197  1.3283e-05  2.6168e-03
   80    198  2.2699e-15  4.4944e-13
   80    199  8.8271e-07  1.7566e-04
   80    200  5.2230e-07  1.0446e-04
   80    201  3.2433e-07  6.5191e-05
   80    202  4.2496e-07  8.5842e-05
   80    204  7.8050e-07  1.5922e-04
   81    203  4.9973e-07  1.0145e-04
   81    205  7.6230e-07  1.5627e-04
   81    207  1.6172e-19  3.3477e-17
   82    204  1.3241e-19  2.7013e-17
   82    206  2.2432e-05  4.6209e-03
   82    207  2.2457e-05  4.6487e-03
   82    208  1.6456e-05  3.4229e-03
   82    210  1.8657e-12  3.9179e-10
   82    211  5.7306e-18  1.2092e-15
   82    212  6.1355e-18  1.3007e-15
   82    214  8.7012e-19  1.8621e-16
   83    209  3.1605e-05  6.6055e-03
   83    210  3.9135e-17  8.2184e-15
   83    211  7.2811e-20  1.5363e-17
   83    212  1.8334e-19  3.8868e-17
   83    214  1.0755e-19  2.3017e-17
   84    210  1.0805e-15  2.2691e-13
   84    218  1.6802e-20  3.6629e-18
   86    222  2.9827e-17  6.6217e-15
   87    223  1.0331e-20  2.3038e-18
   88    223  5.6023e-16  1.2493e-13
   88    224  1.5855e-17  3.5515e-15
   88    226  4.5641e-12  1.0315e-09
   88    228  5.0984e-11  1.1624e-08
   89    227  3.8959e-13  8.8437e-11
   89    228  1.1159e-18  2.5443e-16
   90    227  9.0041e-16  2.0439e-13
   90    228  3.0448e-15  6.9420e-13
   90    230  2.1510e-10  4.9474e-08
   90    231  5.2112e-17  1.2038e-14
   90    232  2.2317e-05  5.1776e-03
   90    234  7.2732e-17  1.7019e-14
   91    231  5.8408e-10  1.3492e-07
   91    234  2.1781e-18  5.0967e-16
   92    234  7.0043e-10  1.6390e-07
   92    235  1.2588e-05  2.9583e-03
   92    236  7.0703e-08  1.6686e-05
   92    238  1.2742e-05  3.0327e-03
   92    240  3.5487e-18  8.5168e-16
   93    240  2.5054e-19  6.0129e-17
   94    239  5.3996e-17  1.2905e-14
   94    240  1.3997e-11  3.3592e-09
   94    244  1.7037e-07  4.1571e-05
   95    243  1.6507e-17  4.0111e-15
   96    244  4.6241e-17  1.1283e-14
   96    247  3.4839e-14  8.6053e-12
   97    246  2.4399e-09  6.0022e-07
  100    258  5.1019e-06  1.3163e-03
  100    260  5.1234e-06  1.3321e-03
  100    262  4.7473e-06  1.2438e-03
  102    261  3.8959e-06  1.0168e-03
  102    263  4.9945e-06  1.3135e-03
  102    264  5.7017e-06  1.5052e-03
  102    266  5.8293e-06  1.5506e-03
  103    265  4.3638e-06  1.1564e-03
  104    267  3.0452e-06  8.1306e-04
  104    268  2.9063e-06  7.7888e-04
  104    270  4.5240e-06  1.2215e-03
  104    272  4.8622e-06  1.3225e-03
  104    274  4.9516e-06  1.3567e-03
  105    269  5.4788e-06  1.4738e-03
  105    271  4.0956e-06  1.1099e-03
  106    273  4.3396e-06  1.1847e-03
  106    275  2.8891e-06  7.9451e-04
  106    276  2.7254e-06  7.5221e-04
  106    278  7.6374e-07  2.1232e-04
  106    280  7.3078e-08  2.0462e-05
  107    277  8.1405e-07  2.2549e-04
  108    279  2.2797e-07  6.3604e-05
  108    281  2.3215e-08  6.5235e-06
  108    282  3.7886e-08  1.0684e-05
  108    283  2.9789e-08  8.4304e-06
  108    284  4.7485e-08  1.3486e-05
  108    286  4.9948e-08  1.4285e-05
  110    285  4.7778e-08  1.3617e-05
  110    286  7.8234e-20  2.2375e-17
  110    287  6.3599e-08  1.8253e-05
  110    288  5.3408e-08  1.5382e-05
  110    290  3.5895e-08  1.0410e-05
  111    289  3.1371e-08  9.0663e-06
  111    290  3.7414e-20  1.0850e-17
  111    291  1.8945e-08  5.5130e-06
  111    292  1.3947e-07  4.0726e-05
  111    293  6.7663e-08  1.9825e-05
  111    294  9.8696e-08  2.9017e-05
  111    295  3.1857e-08  9.3978e-06
  111    296  6.4024e-08  1.8951e-05
  111    297  2.9265e-08  8.6917e-06
  111    298  4.6138e-09  1.3749e-06
  111    299  3.6054e-09  1.0780e-06
  111    300  1.2262e-09  3.6785e-07
  111    301  5.7245e-08  1.7231e-05
  111    302  6.8577e-08  2.0710e-05
  111    303  4.3326e-08  1.3128e-05
  111    304  3.5518e-08  1.0797e-05
  111    305  3.1150e-08  9.5007e-06
  111    306  4.4974e-08  1.3762e-05
  111    307  3.1301e-08  9.6093e-06
  111    308  2.2171e-08  6.8288e-06
  111    309  9.2964e-09  2.8726e-06
  111    310  2.0344e-08  6.3065e-06
  111    311  7.4979e-09  2.3318e-06
  111    312  9.2510e-09  2.8863e-06
  111    313  8.1634e-09  2.5551e-06
  111    314  1.1640e-08  3.6551e-06
  111    315  5.4026e-09  1.7018e-06
  111    316  1.2685e-08  4.0085e-06
  111    317  7.9457e-09  2.5188e-06
  111    318  2.2669e-08  7.2087e-06
  111    319  4.5715e-09  1.4583e-06
  111    320  9.3396e-09  2.9887e-06
  111    321  9.6608e-10  3.1011e-07
  111    322  4.9787e-10  1.6031e-07
  111    323  2.9030e-10  9.3766e-08
  111    324  2.8954e-10  9.3812e-08
  111    325  3.2935e-11  1.0704e-08
  111    326  5.6075e-11  1.8280e-08
  111    327  4.4300e-11  1.4486e-08
  111    328  1.2603e-12  4.1337e-10
  111    329  1.0299e-11  3.3884e-09
  111    330  3.0150e-12  9.9497e-10
  111    331  4.0542e-13  1.3419e-10
  111    332  4.3746e-13  1.4524e-10
  111    333  1.4372e-13  4.7860e-11
  111    334  1.5735e-13  5.2555e-11
  111    335  4.2941e-14  1.4385e-11
  111    336  1.9090e-14  6.4142e-12
  111    337  4.6487e-13  1.5666e-10
    1      1  3.5657e-09  3.5657e-09
    2      4  2.2504e-01  9.0016e-01


