    1      2  1.7451e-14  3.4901e-14
    2      3  2.4659e-18  7.3976e-18
    3      6  3.7259e-16  2.2355e-15
    3      7  3.7296e-18  2.6107e-17
    4      8  4.3882e-14  3.5106e-13
    4      9  1.5142e-18  1.3628e-17
    5     10  1.1601e-16  1.1601e-15
    5     11  7.6110e-19  8.3721e-18
    6     12  1.5002e-08  1.8003e-07
    6     13  8.2298e-14  1.0699e-12
    7     14  6.9547e-10  9.7365e-09
    7     15  1.3517e-09  2.0275e-08
    8     16  5.8418e-10  9.3468e-09
    8     17  3.3864e-12  5.7568e-11
    8     18  1.7080e-09  3.0743e-08
    9     19  1.8617e-09  3.5372e-08
   10     20  2.2836e-10  4.5673e-09
   10     21  7.1668e-09  1.5050e-07
   10     22  3.0458e-09  6.7007e-08
   11     23  8.7227e-09  2.0062e-07
   12     24  4.3404e-09  1.0417e-07
   12     25  1.2649e-08  3.1621e-07
   12     26  1.0461e-07  2.7197e-06
   13     26  8.8812e-14  2.3091e-12
   13     27  2.4778e-09  6.6901e-08
   14     28  6.0566e-09  1.6958e-07
   14     29  4.7509e-08  1.3778e-06
   14     30  3.6279e-08  1.0884e-06
   15     31  7.5665e-09  2.3456e-07
   16     32  5.1632e-08  1.6522e-06
   16     33  4.5002e-07  1.4851e-05
   16     34  3.4946e-07  1.1882e-05
   16     36  5.0001e-08  1.8000e-06
   17     35  2.2298e-08  7.8042e-07
   17     37  3.0356e-07  1.1232e-05
   18     36  2.7067e-17  9.7441e-16
   18     38  4.4238e-07  1.6811e-05
   18     40  4.2589e-07  1.7036e-05
   19     39  2.8140e-07  1.0975e-05
   19     41  9.0365e-08  3.7050e-06
   20     42  6.7662e-07  2.8418e-05
   20     43  1.2120e-07  5.2115e-06
   20     44  1.7277e-07  7.6019e-06
   20     46  1.2502e-06  5.7508e-05
   21     45  7.0355e-07  3.1660e-05
   22     46  6.3543e-20  2.9230e-18
   22     47  6.6772e-07  3.1383e-05
   22     48  2.5925e-07  1.2444e-05
   22     49  1.1262e-06  5.5182e-05
   22     50  1.6467e-06  8.2334e-05
   23     51  3.5978e-07  1.8349e-05
   24     52  6.3950e-08  3.3254e-06
   24     53  1.2104e-06  6.4151e-05
   24     54  4.8568e-06  2.6227e-04
   25     55  3.3181e-07  1.8250e-05
   26     56  1.0250e-06  5.7399e-05
   26     57  1.6759e-07  9.5526e-06
   26     58  5.7157e-10  3.3151e-08
   27     59  3.5260e-10  2.0803e-08
   28     60  3.1613e-09  1.8968e-07
   28     61  1.6208e-08  9.8872e-07
   28     62  2.6354e-07  1.6339e-05
   28     64  6.4151e-08  4.1057e-06
   29     63  1.1687e-06  7.3625e-05
   29     65  5.9166e-08  3.8458e-06
   30     64  6.0154e-20  3.8499e-18
   30     66  4.0384e-07  2.6653e-05
   30     67  2.2895e-07  1.5339e-05
   30     68  1.9655e-07  1.3365e-05
   30     70  8.5391e-07  5.9774e-05
   31     69  4.0491e-07  2.7939e-05
   31     71  1.2625e-07  8.9636e-06
   32     70  2.7281e-15  1.9097e-13
   32     72  2.9041e-07  2.0909e-05
   32     73  4.0768e-07  2.9761e-05
   32     74  1.0039e-06  7.4288e-05
   32     76  6.8383e-06  5.1971e-04
   33     75  4.5296e-06  3.3972e-04
   34     76  2.4716e-13  1.8784e-11
   34     77  1.8134e-05  1.3963e-03
   34     78  2.0405e-05  1.5916e-03
   34     80  1.6452e-05  1.3162e-03
   34     82  2.0066e-05  1.6454e-03
   35     79  5.8510e-06  4.6223e-04
   35     81  1.4703e-05  1.1910e-03
   36     82  7.2753e-13  5.9658e-11
   36     83  3.6034e-06  2.9908e-04
   36     84  9.7280e-06  8.1716e-04
   36     86  3.4038e-06  2.9273e-04
   37     85  4.8653e-06  4.1355e-04
   37     87  7.8205e-06  6.8039e-04
   38     86  6.4689e-20  5.5633e-18
   38     87  5.7263e-08  4.9819e-06
   38     88  1.8500e-05  1.6280e-03
   39     89  3.9638e-06  3.5277e-04
   40     90  1.0369e-06  9.3320e-05
   40     91  1.1480e-07  1.0447e-05
   40     92  6.6694e-07  6.1359e-05
   40     94  4.2133e-06  3.9605e-04
   41     93  7.1587e-07  6.6576e-05
   42     95  5.4733e-06  5.1996e-04
   42     96  3.6745e-06  3.5275e-04
   42     97  1.7730e-06  1.7198e-04
   42     98  7.2808e-08  7.1352e-06
   42    100  1.2416e-06  1.2416e-04
   44     99  1.2840e-07  1.2712e-05
   44    100  1.5360e-14  1.5360e-12
   44    101  3.9546e-06  3.9941e-04
   44    102  1.0099e-05  1.0301e-03
   44    104  9.2783e-06  9.6495e-04
   45    103  6.0734e-06  6.2556e-04
   46    104  4.4828e-18  4.6621e-16
   46    105  9.3739e-06  9.8426e-04
   46    106  3.5372e-05  3.7495e-03
   46    108  3.9051e-05  4.2175e-03
   46    110  2.5501e-05  2.8052e-03
   47    107  3.7624e-05  4.0258e-03
   47    109  2.9239e-05  3.1871e-03
   48    110  4.7249e-13  5.1974e-11
   48    111  3.8078e-06  4.2266e-04
   48    112  6.1599e-06  6.8991e-04
   48    113  2.0553e-06  2.3225e-04
   48    114  1.7865e-06  2.0366e-04
   48    116  1.1737e-06  1.3615e-04
   49    113  9.0457e-14  1.0222e-11
   49    115  1.3600e-06  1.5641e-04
   50    115  1.0851e-12  1.2479e-10
   50    116  1.3275e-13  1.5400e-11
   50    117  3.7454e-06  4.3821e-04
   50    118  5.6726e-06  6.6936e-04
   50    119  4.1849e-06  4.9800e-04
   50    120  2.1760e-05  2.6112e-03
   50    122  3.0240e-05  3.6892e-03
   50    124  1.3185e-04  1.6349e-02
   51    121  1.5515e-05  1.8773e-03
   51    123  3.5436e-05  4.3586e-03
   52    122  2.6197e-13  3.1960e-11
   52    124  8.7515e-15  1.0852e-12
   52    125  1.8857e-04  2.3571e-02
   52    126  3.6822e-04  4.6396e-02
   52    128  9.6591e-05  1.2364e-02
   52    130  5.0506e-06  6.5658e-04
   53    127  1.6270e-04  2.0663e-02
   53    129  9.6687e-14  1.2473e-11
   54    128  1.7211e-15  2.2030e-13
   54    129  2.8326e-05  3.6541e-03
   54    130  2.0696e-14  2.6905e-12
   54    131  4.2040e-08  5.5072e-06
   54    132  3.9707e-08  5.2414e-06
   54    134  5.5326e-09  7.4137e-07
   54    136  7.9200e-09  1.0771e-06
   55    133  7.6237e-08  1.0140e-05
   56    135  6.8239e-09  9.2123e-07
   56    136  3.7064e-18  5.0407e-16
   56    137  5.7558e-11  7.8855e-09
   56    138  4.3156e-12  5.9555e-10
   57    139  5.7911e-12  8.0497e-10
   58    140  1.4145e-11  1.9803e-09
   58    142  2.6708e-11  3.7925e-09
   59    141  2.4025e-11  3.3875e-09
   60    143  2.4966e-11  3.5702e-09
   60    144  1.7179e-11  2.4738e-09
   60    145  5.8393e-12  8.4670e-10
   60    146  9.6795e-12  1.4132e-09
   60    148  7.3123e-12  1.0822e-09
   60    150  5.0695e-12  7.6043e-10
   62    147  9.2741e-12  1.3633e-09
   62    148  7.8692e-19  1.1646e-16
   62    149  3.0877e-12  4.6006e-10
   62    150  3.4620e-18  5.1930e-16
   62    152  7.1002e-12  1.0792e-09
   62    154  5.0697e-12  7.8073e-10
   63    151  3.5612e-12  5.3773e-10
   63    153  3.8274e-12  5.8559e-10
   64    154  3.3860e-20  5.2144e-18
   64    155  3.6184e-12  5.6085e-10
   64    156  1.2344e-12  1.9256e-10
   64    157  1.4306e-12  2.2461e-10
   64    158  1.7673e-12  2.7923e-10
   64    160  6.8614e-13  1.0978e-10
   65    159  2.2097e-13  3.5134e-11
   66    161  5.3687e-13  8.6435e-11
   66    162  2.8476e-13  4.6130e-11
   66    163  1.7614e-13  2.8712e-11
   66    164  2.9248e-13  4.7967e-11
   67    165  1.5374e-13  2.5367e-11
   68    166  2.5770e-13  4.2778e-11
   68    167  1.0395e-13  1.7360e-11
   68    168  5.0846e-14  8.5421e-12
   68    170  1.2830e-14  2.1811e-12
   69    169  6.3583e-14  1.0746e-11
   70    171  6.7403e-15  1.1526e-12
   70    172  3.9932e-15  6.8682e-13
   70    173  2.0712e-15  3.5832e-13
   70    174  2.4504e-15  4.2637e-13
   70    176  7.1968e-16  1.2666e-13
   71    175  7.8248e-16  1.3693e-13
   72    177  4.9187e-16  8.7061e-14
   72    178  1.4175e-16  2.5232e-14
   72    179  4.7252e-17  8.4580e-15
   72    180  3.0673e-17  5.5212e-15
   73    181  3.3183e-17  6.0062e-15
   74    182  3.2076e-17  5.8377e-15
   74    183  2.4616e-17  4.5047e-15
   74    184  3.9597e-17  7.2858e-15
   74    186  3.2757e-17  6.0929e-15
   75    185  3.1247e-17  5.7807e-15
   75    187  2.1898e-17  4.0950e-15
   76    187  1.7797e-19  3.3280e-17
   76    188  2.4386e-17  4.5846e-15
   76    189  1.2534e-17  2.3690e-15
   76    190  2.7522e-17  5.2293e-15
   76    192  1.3613e-17  2.6137e-15
   77    191  1.4122e-17  2.6972e-15
   77    193  8.0145e-18  1.5468e-15
   78    194  7.8267e-18  1.5184e-15
   78    195  3.5622e-18  6.9464e-16
   78    196  1.4838e-18  2.9082e-16
   78    198  7.0421e-20  1.3943e-17
   79    197  3.8494e-19  7.5833e-17
    1      1  2.7845e-09  2.7845e-09
    2      4  2.0559e-01  8.2237e-01


