    1      2  6.2792e-09  1.2558e-08
    2      3  5.9160e-10  1.7748e-09
    3      6  1.7625e-11  1.0575e-10
    3      7  6.5010e-10  4.5507e-09
    4      8  1.7661e-09  1.4129e-08
    4      9  6.5605e-10  5.9044e-09
    5     10  2.2603e-08  2.2603e-07
    5     11  2.6753e-09  2.9428e-08
    6     12  2.6342e-09  3.1611e-08
    6     13  1.6828e-07  2.1876e-06
    7     14  1.1388e-07  1.5943e-06
    7     15  5.2459e-06  7.8689e-05
    8     16  1.3154e-07  2.1047e-06
    8     17  4.0513e-09  6.8872e-08
    8     18  2.7910e-08  5.0239e-07
    9     19  5.2986e-07  1.0067e-05
   10     20  7.5162e-07  1.5032e-05
   10     21  3.4121e-07  7.1653e-06
   10     22  3.2657e-09  7.1844e-08
   11     23  7.1432e-07  1.6429e-05
   12     24  2.4329e-07  5.8389e-06
   12     25  3.3883e-07  8.4707e-06
   12     26  3.5885e-08  9.3300e-07
   13     26  1.6733e-19  4.3505e-18
   13     27  1.5699e-07  4.2386e-06
   14     28  3.9692e-07  1.1114e-05
   14     29  8.4512e-08  2.4509e-06
   14     30  5.8405e-08  1.7522e-06
   15     31  5.3182e-08  1.6486e-06
   16     32  1.0298e-07  3.2953e-06
   16     33  7.1469e-07  2.3585e-05
   16     34  5.5273e-07  1.8793e-05
   16     36  2.1659e-08  7.7974e-07
   17     35  2.1661e-08  7.5813e-07
   17     37  1.2730e-08  4.7103e-07
   18     36  1.0557e-19  3.8007e-18
   18     38  5.3157e-08  2.0200e-06
   18     40  1.8522e-08  7.4087e-07
   19     39  4.4581e-08  1.7387e-06
   19     41  8.9008e-08  3.6493e-06
   20     42  3.1184e-07  1.3097e-05
   20     43  7.4338e-08  3.1965e-06
   20     44  7.1739e-08  3.1565e-06
   20     46  2.8035e-08  1.2896e-06
   21     45  7.4421e-08  3.3490e-06
   22     46  1.4646e-20  6.7371e-19
   22     47  3.6962e-08  1.7372e-06
   22     48  7.6636e-08  3.6785e-06
   22     49  5.8731e-08  2.8778e-06
   22     50  5.4086e-08  2.7043e-06
   23     51  1.6101e-08  8.2117e-07
   24     52  7.6702e-08  3.9885e-06
   24     53  6.1939e-08  3.2828e-06
   24     54  3.0682e-08  1.6568e-06
   25     55  1.7894e-08  9.8415e-07
   26     56  4.1747e-08  2.3378e-06
   26     57  1.2113e-07  6.9043e-06
   26     58  4.0373e-09  2.3416e-07
   27     59  5.6202e-09  3.3159e-07
   28     60  1.1498e-08  6.8989e-07
   28     61  1.9095e-08  1.1648e-06
   28     62  2.0984e-08  1.3010e-06
   28     64  8.8652e-08  5.6737e-06
   29     63  1.5339e-07  9.6634e-06
   29     65  7.8391e-08  5.0954e-06
   30     66  1.9233e-07  1.2694e-05
   30     67  9.8269e-08  6.5840e-06
   30     68  5.9119e-08  4.0201e-06
   30     70  1.0963e-07  7.6744e-06
   31     69  3.4208e-08  2.3604e-06
   31     71  2.2714e-08  1.6127e-06
   32     70  6.2945e-16  4.4061e-14
   32     72  7.0561e-08  5.0804e-06
   32     73  5.1836e-08  3.7840e-06
   32     74  2.8693e-07  2.1233e-05
   32     76  1.0947e-06  8.3199e-05
   33     75  1.1467e-06  8.6003e-05
   34     76  1.0706e-13  8.1365e-12
   34     77  9.7821e-07  7.5322e-05
   34     78  1.1017e-06  8.5932e-05
   34     80  4.4037e-06  3.5230e-04
   34     82  2.5838e-07  2.1187e-05
   35     79  1.6216e-06  1.2811e-04
   35     81  1.0726e-06  8.6879e-05
   36     82  1.2372e-13  1.0145e-11
   36     83  5.7943e-07  4.8093e-05
   36     84  3.0374e-07  2.5514e-05
   36     86  6.7940e-07  5.8428e-05
   37     85  2.8226e-07  2.3992e-05
   37     87  5.2630e-07  4.5788e-05
   38     86  1.1028e-20  9.4845e-19
   38     87  3.8537e-09  3.3527e-07
   38     88  1.8970e-07  1.6694e-05
   39     89  7.4947e-08  6.6703e-06
   40     90  1.2494e-07  1.1244e-05
   40     91  4.2556e-08  3.8726e-06
   40     92  1.8101e-07  1.6653e-05
   40     94  5.1308e-07  4.8230e-05
   41     93  1.7267e-07  1.6059e-05
   42     95  2.4280e-07  2.3066e-05
   42     96  1.6319e-07  1.5666e-05
   42     97  1.1081e-07  1.0748e-05
   42     98  3.2306e-08  3.1660e-06
   42    100  4.2972e-08  4.2972e-06
   44     99  3.4720e-08  3.4373e-06
   44    100  1.2656e-14  1.2656e-12
   44    101  6.3313e-08  6.3946e-06
   44    102  6.0725e-08  6.1940e-06
   44    104  9.7719e-08  1.0163e-05
   45    103  8.6567e-08  8.9164e-06
   46    104  5.4193e-19  5.6361e-17
   46    105  1.0152e-07  1.0660e-05
   46    106  2.1396e-07  2.2680e-05
   46    108  2.9273e-07  3.1615e-05
   46    110  2.6928e-07  2.9620e-05
   47    107  2.0851e-07  2.2311e-05
   47    109  2.4681e-07  2.6902e-05
   48    110  8.6388e-15  9.5026e-13
   48    111  5.3074e-08  5.8912e-06
   48    112  1.1175e-07  1.2516e-05
   48    113  4.0591e-08  4.5868e-06
   48    114  2.8639e-08  3.2649e-06
   48    116  6.8503e-09  7.9464e-07
   49    113  1.7864e-15  2.0187e-13
   49    115  1.9537e-08  2.2468e-06
   50    115  1.5588e-14  1.7926e-12
   50    116  2.9315e-15  3.4006e-13
   50    117  1.6415e-08  1.9205e-06
   50    118  2.3860e-08  2.8155e-06
   50    119  2.2036e-08  2.6223e-06
   50    120  1.4542e-07  1.7451e-05
   50    122  4.6969e-07  5.7303e-05
   50    124  2.9222e-06  3.6235e-04
   51    121  1.6883e-07  2.0428e-05
   51    123  6.0612e-07  7.4552e-05
   52    122  3.2027e-15  3.9073e-13
   52    124  1.0474e-16  1.2988e-14
   52    125  4.1716e-06  5.2145e-04
   52    126  9.4174e-06  1.1866e-03
   52    128  5.3564e-06  6.8562e-04
   52    130  6.6031e-06  8.5841e-04
   53    127  6.2378e-06  7.9220e-04
   53    129  2.5077e-14  3.2349e-12
   54    128  4.6554e-16  5.9589e-14
   54    129  7.3387e-06  9.4669e-04
   54    130  2.4502e-14  3.1852e-12
   54    131  3.3229e-06  4.3530e-04
   54    132  1.3279e-06  1.7528e-04
   54    134  1.5865e-06  2.1260e-04
   54    136  7.3132e-07  9.9460e-05
   55    133  1.5650e-06  2.0814e-04
   56    134  4.8244e-18  6.4648e-16
   56    135  7.1918e-07  9.7089e-05
   56    136  1.2082e-15  1.6431e-13
   56    137  7.9823e-07  1.0936e-04
   56    138  8.2780e-07  1.1424e-04
   57    139  2.9770e-07  4.1380e-05
   58    140  4.0497e-07  5.6696e-05
   58    142  6.5775e-07  9.3400e-05
   59    141  1.5966e-06  2.2512e-04
   60    142  5.0270e-18  7.1383e-16
   60    143  1.4253e-07  2.0382e-05
   60    144  7.8163e-08  1.1256e-05
   60    145  4.3678e-08  6.3334e-06
   60    146  7.9327e-08  1.1582e-05
   60    148  1.5890e-07  2.3517e-05
   60    150  1.5792e-07  2.3689e-05
   62    147  1.0205e-07  1.5002e-05
   62    148  3.3865e-14  5.0121e-12
   62    149  1.1110e-07  1.6554e-05
   62    150  1.6517e-13  2.4776e-11
   62    152  2.0164e-07  3.0649e-05
   62    154  2.8934e-07  4.4558e-05
   63    151  1.3863e-07  2.0932e-05
   63    153  1.3142e-07  2.0107e-05
   64    154  2.8056e-15  4.3206e-13
   64    155  1.8590e-07  2.8814e-05
   64    156  3.1631e-07  4.9344e-05
   64    157  2.4320e-07  3.8183e-05
   64    158  5.3958e-07  8.5254e-05
   64    160  4.6336e-07  7.4138e-05
   65    159  2.0464e-07  3.2538e-05
   66    160  8.9933e-16  1.4389e-13
   66    161  2.4506e-07  3.9455e-05
   66    162  4.6310e-07  7.5022e-05
   66    163  2.8264e-07  4.6070e-05
   66    164  8.0841e-07  1.3258e-04
   67    165  4.3733e-07  7.2159e-05
   68    166  9.7582e-07  1.6199e-04
   68    167  4.3898e-07  7.3309e-05
   68    168  6.7160e-07  1.1283e-04
   68    170  5.6807e-07  9.6572e-05
   69    169  8.0935e-07  1.3678e-04
   70    170  7.7264e-16  1.3135e-13
   70    171  4.7228e-07  8.0759e-05
   70    172  4.3993e-07  7.5669e-05
   70    173  4.1266e-07  7.1390e-05
   70    174  6.2461e-07  1.0868e-04
   70    176  3.9122e-07  6.8854e-05
   71    175  3.9425e-07  6.8995e-05
   71    176  8.3273e-17  1.4656e-14
   72    176  7.7964e-19  1.3722e-16
   72    177  4.8155e-07  8.5233e-05
   72    178  4.3038e-07  7.6608e-05
   72    179  3.4426e-07  6.1622e-05
   72    180  2.8235e-07  5.0824e-05
   73    181  2.8390e-07  5.1386e-05
   74    182  2.6986e-07  4.9114e-05
   74    183  1.5562e-07  2.8478e-05
   74    184  2.3257e-07  4.2793e-05
   74    186  5.4983e-07  1.0227e-04
   75    185  1.8617e-07  3.4441e-05
   75    187  4.6669e-07  8.7272e-05
   76    186  7.7849e-19  1.4480e-16
   76    187  3.7929e-09  7.0927e-07
   76    188  1.5100e-06  2.8387e-04
   76    189  2.5536e-06  4.8262e-04
   76    190  8.7806e-06  1.6683e-03
   76    192  2.2363e-05  4.2938e-03
   77    191  1.0430e-05  1.9922e-03
   77    193  3.6192e-05  6.9850e-03
   78    192  9.1048e-16  1.7481e-13
   78    194  5.1366e-05  9.9650e-03
   78    195  5.0018e-05  9.7535e-03
   78    196  2.8287e-05  5.5443e-03
   78    198  2.9431e-06  5.8273e-04
   79    197  1.1427e-05  2.2512e-03
   80    198  1.2806e-15  2.5356e-13
   80    199  8.0967e-07  1.6112e-04
   80    200  6.0146e-07  1.2029e-04
   80    201  3.9160e-07  7.8712e-05
   80    202  5.1192e-07  1.0341e-04
   80    204  9.0770e-07  1.8517e-04
   81    203  6.1055e-07  1.2394e-04
   81    205  8.8277e-07  1.8097e-04
   81    207  1.4221e-19  2.9438e-17
   82    204  1.0527e-19  2.1476e-17
   82    206  2.2662e-05  4.6684e-03
   82    207  2.2308e-05  4.6177e-03
   82    208  1.7309e-05  3.6004e-03
   82    210  1.6756e-12  3.5187e-10
   82    211  5.0393e-18  1.0633e-15
   82    212  5.5586e-18  1.1784e-15
   82    214  7.8146e-19  1.6723e-16
   83    209  3.0351e-05  6.3433e-03
   83    210  3.5148e-17  7.3810e-15
   83    211  6.4027e-20  1.3510e-17
   83    212  1.6610e-19  3.5213e-17
   83    214  9.6596e-20  2.0671e-17
   84    210  9.7045e-16  2.0379e-13
   84    218  1.5090e-20  3.2897e-18
   86    222  2.6788e-17  5.9470e-15
   88    223  4.9264e-16  1.0986e-13
   88    224  1.4364e-17  3.2176e-15
   88    226  4.0990e-12  9.2638e-10
   88    228  4.6190e-11  1.0531e-08
   89    227  3.4259e-13  7.7768e-11
   89    228  1.0110e-18  2.3051e-16
   90    227  7.9178e-16  1.7973e-13
   90    228  2.7585e-15  6.2893e-13
   90    230  1.9318e-10  4.4432e-08
   90    231  4.5825e-17  1.0586e-14
   90    232  2.0219e-05  4.6907e-03
   90    234  6.5321e-17  1.5285e-14
   91    231  5.1362e-10  1.1865e-07
   91    234  1.9562e-18  4.5774e-16
   92    234  6.2906e-10  1.4720e-07
   92    235  1.1070e-05  2.6014e-03
   92    236  6.3033e-08  1.4876e-05
   92    238  1.1444e-05  2.7237e-03
   92    240  3.1637e-18  7.5928e-16
   93    240  2.2336e-19  5.3606e-17
   94    239  4.8928e-17  1.1694e-14
   94    240  1.2478e-11  2.9948e-09
   94    244  1.5189e-07  3.7061e-05
   95    243  1.4957e-17  3.6346e-15
   96    244  4.1224e-17  1.0059e-14
   96    247  3.1569e-14  7.7975e-12
   97    246  2.1643e-09  5.3242e-07
  100    258  4.2653e-06  1.1004e-03
  100    260  4.1384e-06  1.0760e-03
  100    262  3.7549e-06  9.8377e-04
  102    261  3.1071e-06  8.1095e-04
  102    263  3.8858e-06  1.0220e-03
  102    264  4.3730e-06  1.1545e-03
  102    266  4.4333e-06  1.1793e-03
  103    265  3.2913e-06  8.7220e-04
  104    267  2.3356e-06  6.2361e-04
  104    268  2.1853e-06  5.8565e-04
  104    270  3.1376e-06  8.4716e-04
  104    272  3.1442e-06  8.5521e-04
  104    274  2.9934e-06  8.2018e-04
  105    269  3.9515e-06  1.0629e-03
  105    271  2.7666e-06  7.4975e-04
  106    273  2.7121e-06  7.4039e-04
  106    275  1.6656e-06  4.5805e-04
  106    276  1.5304e-06  4.2238e-04
  106    278  3.9517e-07  1.0986e-04
  106    280  3.4904e-08  9.7730e-06
  107    277  4.4649e-07  1.2368e-04
  108    279  1.1031e-07  3.0777e-05
  108    281  1.1696e-08  3.2867e-06
  108    282  2.0202e-08  5.6969e-06
  108    283  1.5957e-08  4.5158e-06
  108    284  2.5245e-08  7.1696e-06
  108    286  2.5938e-08  7.4183e-06
  110    285  2.5196e-08  7.1807e-06
  110    286  2.5450e-20  7.2786e-18
  110    287  3.1882e-08  9.1503e-06
  110    288  2.6425e-08  7.6105e-06
  110    290  1.7403e-08  5.0468e-06
  111    289  1.5266e-08  4.4120e-06
  111    290  1.1299e-20  3.2768e-18
  111    291  9.1889e-09  2.6740e-06
  111    292  6.8020e-08  1.9862e-05
  111    293  3.2940e-08  9.6514e-06
  111    294  4.7256e-08  1.3893e-05
  111    295  1.5060e-08  4.4427e-06
  111    296  2.9213e-08  8.6471e-06
  111    297  1.2794e-08  3.7998e-06
  111    298  1.9691e-09  5.8678e-07
  111    299  1.5389e-09  4.6012e-07
  111    300  5.2030e-10  1.5609e-07
  111    301  2.4726e-08  7.4427e-06
  111    302  2.7902e-08  8.4264e-06
  111    303  1.8507e-08  5.6076e-06
  111    304  1.4535e-08  4.4186e-06
  111    305  1.1032e-08  3.3648e-06
  111    306  1.7883e-08  5.4723e-06
  111    307  1.1756e-08  3.6092e-06
  111    308  7.7840e-09  2.3975e-06
  111    309  2.4613e-09  7.6053e-07
  111    310  6.6586e-09  2.0642e-06
  111    311  2.8060e-09  8.7266e-07
  111    312  2.7693e-09  8.6404e-07
  111    313  2.8559e-09  8.9388e-07
  111    314  3.8571e-09  1.2111e-06
  111    315  1.4627e-09  4.6074e-07
  111    316  4.6985e-09  1.4847e-06
  111    317  2.4593e-09  7.7959e-07
  111    318  5.2194e-09  1.6598e-06
  111    319  1.4303e-09  4.5626e-07
  111    320  2.4279e-09  7.7692e-07
  111    321  2.1076e-10  6.7653e-08
  111    322  1.0737e-10  3.4574e-08
  111    323  5.4614e-11  1.7640e-08
  111    324  5.9679e-11  1.9336e-08
  111    325  6.4551e-12  2.0979e-09
  111    326  9.3741e-12  3.0560e-09
  111    327  6.8909e-12  2.2533e-09
  111    328  1.8635e-13  6.1123e-11
  111    329  1.3208e-12  4.3453e-10
  111    330  3.5411e-13  1.1686e-10
  111    331  5.2373e-14  1.7336e-11
  111    332  4.6381e-14  1.5398e-11
  111    333  1.7370e-14  5.7841e-12
  111    334  2.1891e-14  7.3117e-12
  111    335  5.1800e-15  1.7353e-12
  111    336  2.2588e-15  7.5896e-13
  111    337  5.4402e-14  1.8334e-11
    1      1  3.1933e-09  3.1933e-09
    2      4  2.2455e-01  8.9821e-01


