1  1.7430e-09
2  9.3535e-15
3  1.2765e-18
4  1.9276e-01
5  0.0000e+00
6  2.1884e-16
7  1.7673e-18
8  3.4014e-14
9  1.5762e-18
10  5.9263e-17
11  3.2349e-19
12  2.0257e-08
13  6.9296e-14
14  1.6589e-11
15  1.4050e-09
16  6.9041e-10
17  4.6110e-13
18  8.1601e-10
19  1.1160e-09
20  1.2510e-10
21  8.2307e-10
22  8.0355e-10
23  2.3301e-09
24  1.4221e-09
25  3.6674e-09
26  1.8749e-08
27  1.8708e-09
28  6.1837e-09
29  2.5452e-08
30  2.9974e-08
31  3.8825e-09
32  4.2626e-08
33  2.5978e-07
34  1.9872e-07
35  3.3603e-08
36  6.1837e-08
37  2.9504e-07
38  5.3008e-07
39  2.5526e-07
40  3.7136e-07
41  1.4101e-07
42  6.4316e-07
43  9.0650e-08
44  2.1996e-07
45  7.7897e-07
46  1.5952e-06
47  1.0232e-06
48  4.1433e-07
49  1.7014e-06
50  2.5880e-06
51  8.9346e-07
52  6.3020e-08
53  1.4149e-06
54  5.7024e-06
55  4.2822e-07
56  1.9781e-06
57  3.9254e-07
58  7.5891e-09
59  1.1477e-08
60  1.2043e-07
61  3.0498e-07
62  2.5570e-07
63  6.5359e-07
64  7.7068e-08
65  5.7901e-08
66  2.9411e-07
67  1.7330e-07
68  4.9446e-08
69  5.4866e-08
70  1.5992e-07
71  3.0992e-08
72  1.0351e-07
73  5.1925e-07
74  1.4605e-06
75  7.1567e-06
76  9.0066e-06
77  1.8367e-05
78  2.0545e-05
79  1.1406e-05
80  1.8982e-05
81  4.4758e-06
82  8.1586e-06
83  2.9591e-05
84  1.2349e-05
85  3.9289e-06
86  2.2997e-06
87  1.3728e-06
88  1.5415e-05
89  8.8563e-06
90  3.9281e-06
91  2.3605e-06
92  3.1390e-05
93  1.2398e-05
94  1.1314e-05
95  2.2055e-06
96  1.2629e-05
97  9.6513e-06
98  1.1335e-06
99  5.4696e-06
100  1.9929e-05
101  3.7023e-05
102  9.3512e-06
103  6.4839e-06
104  2.0095e-05
105  1.1046e-05
106  1.6287e-05
107  1.9146e-05
108  1.2021e-05
109  8.4950e-06
110  1.0131e-05
111  2.6790e-06
112  1.0636e-05
113  6.3013e-06
114  8.0971e-06
115  5.9656e-06
116  3.8606e-06
117  7.8927e-06
118  7.6682e-06
119  4.7999e-06
120  1.5213e-05
121  1.2751e-05
122  3.5566e-05
123  3.4709e-05
124  1.3630e-04
125  2.0255e-04
126  5.3410e-04
127  2.5551e-04
128  1.5303e-04
129  4.9003e-05
130  5.0049e-06
131  3.8881e-08
132  3.5114e-08
133  5.1639e-08
134  1.0462e-08
135  2.8505e-09
136  2.4735e-09
137  5.4732e-11
138  1.4404e-11
139  7.5288e-11
140  1.6926e-10
141  4.9929e-11
142  4.7683e-11
143  3.2636e-11
144  7.5545e-12
145  8.6514e-13
146  4.8304e-13
147  1.2612e-12
148  3.9671e-12
149  2.5168e-12
150  4.5807e-12
151  2.7669e-12
152  4.8954e-12
153  2.4365e-12
154  2.6518e-12
155  1.7449e-12
156  6.3355e-13
157  7.9900e-13
158  6.7961e-13
159  6.1153e-14
160  1.8723e-13
161  1.5819e-13
162  7.2771e-14
163  4.3916e-14
164  6.9042e-14
165  3.6142e-14
166  6.4114e-14
167  2.3951e-14
168  1.1895e-14
169  1.5743e-14
170  3.2231e-15
171  1.4665e-15
172  8.3379e-16
173  3.7478e-16
174  3.7336e-16
175  1.0821e-16
176  1.0467e-16
177  6.4854e-17
178  1.7386e-17
179  1.0255e-17
180  1.2233e-17
181  1.3410e-17
182  9.0830e-18
183  4.5805e-18
184  3.0558e-18
185  1.4631e-18
186  1.1924e-18
187  6.4572e-19
188  6.4098e-19
189  3.1442e-19
190  3.2334e-19
191  9.8253e-20
192  4.0187e-20
193  1.2196e-20
194  8.4988e-21
195  3.1663e-21
196  1.1396e-21
197  3.2835e-22
198  6.9238e-23
199  1.1308e-23
200  2.2980e-24
201  8.5146e-41
202  0.0000e+00
203  0.0000e+00
204  0.0000e+00
205  0.0000e+00
206  0.0000e+00
207  0.0000e+00
208  0.0000e+00
209  0.0000e+00
210  0.0000e+00
211  0.0000e+00
212  0.0000e+00
213  0.0000e+00
214  0.0000e+00
215  0.0000e+00
216  0.0000e+00
217  0.0000e+00
218  0.0000e+00
219  0.0000e+00
220  0.0000e+00
221  0.0000e+00
222  0.0000e+00
223  0.0000e+00
224  0.0000e+00
225  0.0000e+00
226  0.0000e+00
227  0.0000e+00
228  0.0000e+00
229  0.0000e+00
230  0.0000e+00
231  0.0000e+00
232  0.0000e+00
233  0.0000e+00
234  0.0000e+00
235  0.0000e+00
236  0.0000e+00
237  0.0000e+00
238  0.0000e+00
239  0.0000e+00
240  0.0000e+00
241  0.0000e+00
242  0.0000e+00
243  0.0000e+00
244  0.0000e+00
245  0.0000e+00
246  0.0000e+00
247  0.0000e+00
248  0.0000e+00
249  0.0000e+00
250  0.0000e+00
251  0.0000e+00
252  0.0000e+00
253  0.0000e+00
254  0.0000e+00
255  0.0000e+00
256  0.0000e+00
257  0.0000e+00
258  0.0000e+00
259  0.0000e+00
260  0.0000e+00
261  0.0000e+00
262  0.0000e+00
263  0.0000e+00
264  0.0000e+00
265  0.0000e+00
266  0.0000e+00
267  0.0000e+00
268  0.0000e+00
269  0.0000e+00
270  0.0000e+00
271  0.0000e+00
272  0.0000e+00
273  0.0000e+00
274  0.0000e+00
275  0.0000e+00
276  0.0000e+00
277  0.0000e+00
278  0.0000e+00
279  0.0000e+00
280  0.0000e+00
281  0.0000e+00
282  0.0000e+00
283  0.0000e+00
284  0.0000e+00
285  0.0000e+00
286  0.0000e+00
287  0.0000e+00
288  0.0000e+00
289  0.0000e+00
290  0.0000e+00
291  0.0000e+00
292  0.0000e+00
293  0.0000e+00
294  0.0000e+00
295  0.0000e+00
296  0.0000e+00
297  0.0000e+00
298  0.0000e+00
299  0.0000e+00
300  0.0000e+00
301  0.0000e+00
302  0.0000e+00
303  0.0000e+00
304  0.0000e+00
305  0.0000e+00
306  0.0000e+00
307  0.0000e+00
308  0.0000e+00
309  0.0000e+00
310  0.0000e+00
311  0.0000e+00
312  0.0000e+00
313  0.0000e+00
314  0.0000e+00
315  0.0000e+00
316  0.0000e+00
317  0.0000e+00
318  0.0000e+00
319  0.0000e+00
320  0.0000e+00
321  0.0000e+00
322  0.0000e+00
323  0.0000e+00
324  0.0000e+00
325  0.0000e+00
326  0.0000e+00
327  0.0000e+00
328  0.0000e+00
329  0.0000e+00
330  0.0000e+00
331  0.0000e+00
332  0.0000e+00
333  0.0000e+00
334  0.0000e+00
335  0.0000e+00
336  0.0000e+00
337  0.0000e+00

