1  2.9717e-09
2  5.3390e-09
3  4.7103e-10
4  2.1781e-01
5  0.0000e+00
6  1.4719e-11
7  5.0758e-10
8  1.5545e-09
9  5.4034e-10
10  1.4227e-08
11  1.9694e-09
12  2.4491e-09
13  2.0354e-07
14  1.5235e-07
15  6.1528e-06
16  1.5225e-07
17  3.9590e-09
18  2.6311e-08
19  7.0162e-07
20  9.8115e-07
21  3.7898e-07
22  3.4721e-09
23  8.0341e-07
24  2.6302e-07
25  3.4876e-07
26  2.9809e-08
27  1.9416e-07
28  5.2398e-07
29  9.1279e-08
30  6.1134e-08
31  6.8994e-08
32  1.0954e-07
33  8.7130e-07
34  6.7068e-07
35  2.3496e-08
36  2.2339e-08
37  1.8848e-08
38  6.8262e-08
39  5.2675e-08
40  2.6078e-08
41  1.2381e-07
42  4.1344e-07
43  9.2614e-08
44  9.3071e-08
45  9.8908e-08
46  4.1639e-08
47  5.9346e-08
48  1.2521e-07
49  8.7915e-08
50  7.4532e-08
51  2.1221e-08
52  9.9930e-08
53  8.9857e-08
54  4.8114e-08
55  4.7919e-08
56  1.9632e-07
57  4.7982e-07
58  1.3123e-08
59  1.9136e-08
60  3.3975e-08
61  5.4003e-08
62  5.2555e-08
63  2.8622e-07
64  1.1977e-07
65  1.0529e-07
66  2.0833e-07
67  1.1777e-07
68  3.6529e-08
69  1.6621e-08
70  5.7462e-08
71  1.8563e-08
72  9.5326e-08
73  1.1155e-07
74  7.1000e-07
75  2.7852e-06
76  1.9870e-06
77  1.5974e-06
78  1.1795e-06
79  1.3416e-06
80  3.5947e-06
81  1.4713e-06
82  1.2597e-06
83  1.4833e-06
84  4.2533e-07
85  1.7395e-07
86  3.0322e-07
87  4.0344e-07
88  5.3788e-07
89  2.7573e-07
90  4.6494e-07
91  1.4369e-07
92  3.6751e-07
93  2.8482e-07
94  8.5491e-07
95  4.7514e-07
96  3.3361e-07
97  3.0222e-07
98  1.3547e-07
99  1.6044e-07
100  1.7814e-07
101  1.9298e-07
102  1.1568e-07
103  1.2697e-07
104  1.2212e-07
105  1.1697e-07
106  2.1049e-07
107  1.6740e-07
108  1.9672e-07
109  2.0807e-07
110  2.8775e-07
111  6.1505e-08
112  1.6633e-07
113  7.3546e-08
114  6.8869e-08
115  6.8238e-08
116  3.1874e-08
117  7.1630e-08
118  8.3535e-08
119  6.7017e-08
120  3.8506e-07
121  3.5913e-07
122  9.3954e-07
123  9.7400e-07
124  3.9753e-06
125  3.9064e-06
126  5.9220e-06
127  4.1369e-06
128  3.4356e-06
129  2.5116e-06
130  8.8614e-07
131  9.0354e-07
132  1.4648e-06
133  1.8103e-06
134  1.5178e-06
135  5.8521e-07
136  9.0535e-07
137  1.1010e-06
138  1.0853e-06
139  6.0025e-07
140  9.3817e-07
141  9.6756e-07
142  5.7508e-07
143  5.8935e-07
144  7.4409e-07
145  5.4032e-07
146  8.7162e-07
147  8.8589e-07
148  7.9772e-07
149  4.7256e-07
150  6.1054e-07
151  4.9414e-07
152  7.2042e-07
153  4.3018e-07
154  9.4865e-07
155  6.6862e-07
156  7.7998e-07
157  6.1707e-07
158  1.1183e-06
159  2.7938e-07
160  8.3979e-07
161  4.8849e-07
162  6.0350e-07
163  4.0396e-07
164  1.2078e-06
165  6.9750e-07
166  1.5945e-06
167  8.4862e-07
168  1.0317e-06
169  1.4433e-06
170  8.6803e-07
171  7.0618e-07
172  6.0127e-07
173  4.7949e-07
174  7.9498e-07
175  4.6303e-07
176  5.7127e-07
177  6.6855e-07
178  7.1675e-07
179  6.9364e-07
180  1.0097e-06
181  1.1304e-06
182  1.4790e-06
183  9.3896e-07
184  1.4793e-06
185  1.0364e-06
186  2.2703e-06
187  1.6577e-06
188  4.1296e-06
189  4.2741e-06
190  1.0091e-05
191  1.4304e-05
192  2.4308e-05
193  2.8890e-05
194  3.2764e-05
195  2.7763e-05
196  1.6064e-05
197  1.0080e-05
198  3.9325e-06
199  1.6710e-06
200  1.2376e-06
201  1.0956e-06
202  2.2602e-06
203  2.9150e-06
204  4.7342e-06
205  4.9632e-06
206  6.8423e-05
207  6.0247e-05
208  6.3223e-05
209  6.9199e-05
210  2.2776e-12
211  6.5833e-18
212  6.9732e-18
213  5.1003e-44
214  1.1928e-18
215  1.8149e-24
216  8.0794e-24
217  3.0307e-95
218  2.0500e-20
219  2.5474e-21
220  3.0981e-21
221  1.9328e-320
222  3.6392e-17
223  6.3553e-16
224  1.7497e-17
225  3.0739e-40
226  5.5685e-12
227  4.4297e-13
228  5.6267e-11
229  1.1465e-29
230  2.6244e-10
231  6.6257e-10
232  2.4628e-05
233  6.8519e-26
234  8.5458e-10
235  1.4280e-05
236  6.5383e-08
237  4.6243e-319
238  1.5547e-05
239  4.9499e-17
240  1.2943e-11
241  0.0000e+00
242  8.4607e-122
243  1.5132e-17
244  1.5754e-07
245  0.0000e+00
246  2.3744e-09
247  3.1937e-14
248  5.2633e-121
249  0.0000e+00
250  0.0000e+00
251  -8.2064e-315
252  0.0000e+00
253  0.0000e+00
254  0.0000e+00
255  0.0000e+00
256  0.0000e+00
257  5.2807e-26
258  4.0014e-06
259  4.3676e-26
260  4.3564e-06
261  3.5336e-06
262  4.0851e-06
263  4.1845e-06
264  4.1246e-06
265  2.8801e-06
266  2.9411e-06
267  1.3248e-06
268  9.5194e-07
269  1.1989e-06
270  7.7971e-07
271  5.9555e-07
272  4.3364e-07
273  2.4907e-07
274  1.4512e-07
275  5.5512e-08
276  3.9495e-08
277  1.0443e-08
278  2.5817e-08
279  2.9689e-08
280  2.3813e-08
281  1.5876e-08
282  3.5179e-08
283  3.4021e-08
284  3.5753e-08
285  2.9744e-08
286  2.9663e-08
287  2.7849e-08
288  2.1337e-08
289  1.1800e-08
290  1.1113e-08
291  7.5418e-09
292  3.1600e-08
293  1.1293e-08
294  1.1543e-08
295  4.0275e-09
296  1.3323e-09
297  3.7700e-10
298  1.0333e-10
299  1.0246e-14
300  1.1681e-13
301  4.7566e-10
302  1.0566e-09
303  5.2649e-10
304  5.1405e-10
305  1.8330e-10
306  3.3171e-10
307  3.5397e-11
308  1.9775e-11
309  7.9533e-12
310  2.3047e-11
311  4.0741e-12
312  5.4727e-12
313  1.9947e-12
314  1.7375e-12
315  9.4904e-13
316  1.3602e-12
317  7.9836e-13
318  2.0551e-12
319  5.1084e-13
320  1.3837e-12
321  3.9117e-13
322  1.7591e-13
323  4.6805e-14
324  1.4184e-13
325  5.0770e-15
326  2.5712e-14
327  1.1698e-13
328  1.3465e-17
329  2.3257e-15
330  8.0849e-18
331  5.9448e-17
332  6.2372e-17
333  2.4250e-17
334  7.5793e-19
335  4.6912e-18
336  3.0366e-18
337  2.8605e-16

