1  2.9547e-09
2  2.0719e-01
3  1.4395e-10
4  4.1706e-11
5  1.3579e-10
6  1.6426e-08
7  2.1937e-06
8  1.2320e-07
9  3.5838e-07
10  8.4973e-07
11  4.4490e-07
12  3.2475e-07
13  4.4012e-07
14  1.5059e-06
15  1.2045e-07
16  3.1791e-06
17  1.1654e-07
18  1.0087e-06
19  5.0521e-07
20  2.2075e-06
21  1.6752e-07
22  1.7797e-06
23  9.3391e-08
24  5.1743e-07
25  3.1343e-07
26  2.3172e-06
27  7.9061e-08
28  8.4367e-07
29  5.5638e-07
30  6.7370e-07
31  1.0939e-07
32  5.2173e-06
33  4.4556e-06
34  1.7985e-05
35  9.7860e-06
36  6.1719e-06
37  2.9664e-06
38  2.6368e-06
39  4.4832e-07
40  7.4027e-06
41  1.1818e-06
42  6.2092e-06
43  6.0416e-32
44  2.8917e-06
45  4.2806e-07
46  2.9828e-06
47  1.3601e-06
48  1.2395e-06
49  1.9042e-07
50  1.8377e-05
51  3.7710e-06
52  1.8880e-04
53  4.4921e-05
54  9.7795e-05
55  1.3119e-05
56  4.6418e-05
57  7.3545e-06
58  2.7361e-05
59  2.0906e-05
60  1.1411e-04
61  4.3186e-86
62  6.0873e-05
63  3.0616e-05
64  7.8628e-05
65  1.0374e-05
66  5.4003e-05
67  1.0713e-05
68  5.1549e-05
69  8.8976e-06
70  2.5357e-05
71  4.3311e-06
72  2.6409e-05
73  7.1286e-06
74  3.9271e-05
75  1.2761e-05
76  4.8144e-05
77  2.1549e-05
78  1.7583e-05
79  5.8467e-07
80  1.5617e-07
81  1.2422e-07
82  3.5928e-07
83  9.0678e-08
84  1.5371e-12
85  -1.7292e-322
86  5.7322e-14
87  3.6095e-26
88  3.6059e-16
89  1.3611e-18
90  1.5159e-10
91  2.0406e-15
92  8.3957e-11
93  4.2451e-25
94  2.8869e-13
95  1.1764e-23
96  2.4898e-20
97  4.4842e-15
98  2.7068e-314
99  1.2599e-321
100  1.4242e-12
101  -1.1769e-313
102  4.8566e-13
103  3.0467e-14
104  5.4952e-15
105  1.1724e-15
106  7.6262e-18
107  1.3436e-20
108  2.6259e-19
109  -2.4357e-319
110  7.3190e-20
111  1.0122e-20
112  0.0000e+00
113  0.0000e+00
114  0.0000e+00
115  0.0000e+00
116  0.0000e+00
117  0.0000e+00
118  0.0000e+00

