    1      2  2.0187e-03  4.0374e-03
    1      3  7.9614e-20  2.3884e-19
    2      3  4.0674e-05  1.2202e-04
    3      7  3.6276e-11  2.5394e-10
    4      8  4.0262e-07  3.2209e-06
    4      9  2.3895e-11  2.1506e-10
    5     10  6.5527e-10  6.5527e-09
    5     11  1.8487e-09  2.0335e-08
    6     12  1.7102e-09  2.0522e-08
    6     13  4.3181e-09  5.6136e-08
    7     14  7.4510e-07  1.0431e-05
    7     15  6.5383e-07  9.8074e-06
    8     16  1.4719e-06  2.3550e-05
    8     17  1.2102e-08  2.0574e-07
    8     18  4.7417e-07  8.5350e-06
    9     19  4.6667e-08  8.8667e-07
   10     20  9.1298e-08  1.8260e-06
   10     21  4.4336e-08  9.3106e-07
   10     22  3.1932e-06  7.0250e-05
   11     23  7.6141e-07  1.7512e-05
   12     24  1.8418e-06  4.4204e-05
   12     25  1.4297e-06  3.5742e-05
   12     26  1.9723e-06  5.1279e-05
   13     27  1.7821e-08  4.8115e-07
   14     28  4.8695e-07  1.3635e-05
   14     29  3.0523e-08  8.8516e-07
   14     30  6.9208e-09  2.0762e-07
   15     31  1.2842e-08  3.9811e-07
   16     32  1.6797e-07  5.3751e-06
   16     33  1.6687e-08  5.5066e-07
   16     34  3.5435e-08  1.2048e-06
   16     36  2.4556e-07  8.8402e-06
   17     35  2.8164e-08  9.8574e-07
   17     37  1.1631e-08  4.3033e-07
   18     36  1.1964e-13  4.3069e-12
   18     38  8.4000e-08  3.1920e-06
   18     40  4.1730e-10  1.6692e-08
   19     39  2.6630e-09  1.0386e-07
   19     40  1.9126e-19  7.6502e-18
   19     41  4.9550e-11  2.0315e-09
   20     40  5.5193e-20  2.2077e-18
   20     42  3.7262e-10  1.5650e-08
   20     43  6.8109e-11  2.9287e-09
   20     44  4.8950e-10  2.1538e-08
   20     46  5.0604e-10  2.3278e-08
   21     45  2.5162e-10  1.1323e-08
   22     46  6.8781e-17  3.1639e-15
   22     47  1.1842e-10  5.5657e-09
   22     48  8.8941e-09  4.2691e-07
   22     49  1.4916e-10  7.3089e-09
   22     50  2.2069e-10  1.1034e-08
   23     51  2.9347e-11  1.4967e-09
   24     52  1.3300e-11  6.9159e-10
   24     53  2.0713e-11  1.0978e-09
   24     54  4.8875e-11  2.6392e-09
   25     55  4.1878e-12  2.3033e-10
   26     56  4.6175e-12  2.5858e-10
   26     57  1.8000e-11  1.0260e-09
   26     58  1.6221e-10  9.4081e-09
   27     59  1.5991e-12  9.4346e-11
   28     60  7.2733e-10  4.3640e-08
   28     61  2.7314e-12  1.6662e-10
   28     62  9.6123e-12  5.9596e-10
   28     64  4.8241e-10  3.0874e-08
   29     63  2.5943e-11  1.6344e-09
   29     65  2.3919e-12  1.5548e-10
   30     64  4.7485e-20  3.0391e-18
   30     66  2.2830e-11  1.5068e-09
   30     67  3.2072e-12  2.1488e-10
   30     68  2.1545e-11  1.4650e-09
   30     70  3.0821e-11  2.1574e-09
   31     69  1.7744e-12  1.2243e-10
   31     71  3.7021e-12  2.6285e-10
   32     70  1.4348e-14  1.0044e-12
   32     72  1.7603e-11  1.2674e-09
   32     73  3.3387e-12  2.4373e-10
   32     74  5.9959e-12  4.4369e-10
   32     76  6.6507e-11  5.0545e-09
   33     75  5.4137e-12  4.0603e-10
   34     76  5.7926e-14  4.4024e-12
   34     77  2.3454e-12  1.8060e-10
   34     78  4.9626e-11  3.8708e-09
   34     80  7.9647e-11  6.3718e-09
   34     82  2.8584e-10  2.3439e-08
   35     79  1.2243e-11  9.6717e-10
   35     81  7.6807e-12  6.2214e-10
   36     82  3.9067e-13  3.2035e-11
   36     83  6.2981e-12  5.2274e-10
   36     84  1.0920e-11  9.1725e-10
   36     86  1.7503e-10  1.5053e-08
   37     85  5.7738e-11  4.9077e-09
   37     87  1.5520e-11  1.3502e-09
   38     86  2.1303e-17  1.8321e-15
   38     87  1.1363e-13  9.8858e-12
   38     88  6.5285e-11  5.7451e-09
   39     89  2.0572e-11  1.8309e-09
   40     90  3.9557e-11  3.5602e-09
   40     91  1.8929e-11  1.7225e-09
   40     92  8.2584e-11  7.5977e-09
   40     94  2.9513e-11  2.7742e-09
   41     93  2.5032e-11  2.3280e-09
   42     95  4.3568e-11  4.1390e-09
   42     96  2.3295e-10  2.2363e-08
   42     97  3.5164e-11  3.4109e-09
   42     98  5.0449e-11  4.9440e-09
   42    100  5.4506e-11  5.4506e-09
   44     99  2.2789e-11  2.2561e-09
   44    100  2.6008e-14  2.6008e-12
   44    101  7.1826e-12  7.2544e-10
   44    102  2.0181e-11  2.0584e-09
   44    104  1.0898e-11  1.1334e-09
   45    103  9.4761e-12  9.7604e-10
   46    104  5.1397e-16  5.3453e-14
   46    105  5.6828e-12  5.9670e-10
   46    106  1.3865e-11  1.4697e-09
   46    108  2.2173e-11  2.3946e-09
   46    110  3.3902e-11  3.7292e-09
   47    107  6.0304e-12  6.4525e-10
   47    109  5.6033e-12  6.1076e-10
   48    110  3.2162e-14  3.5378e-12
   48    111  5.4651e-12  6.0663e-10
   48    112  1.7818e-11  1.9956e-09
   48    113  6.5814e-12  7.4370e-10
   48    114  3.1113e-11  3.5469e-09
   48    116  1.6500e-11  1.9140e-09
   49    113  2.8967e-19  3.2733e-17
   49    115  1.2851e-11  1.4779e-09
   50    115  1.0253e-17  1.1791e-15
   50    116  1.4806e-14  1.7175e-12
   50    117  3.5767e-12  4.1847e-10
   50    118  2.1526e-11  2.5401e-09
   50    119  8.3094e-12  9.8882e-10
   50    120  5.5103e-11  6.6124e-09
   50    122  1.0119e-10  1.2345e-08
   50    124  9.9279e-11  1.2311e-08
   51    121  1.2510e-11  1.5138e-09
   51    123  3.4229e-12  4.2102e-10
   52    122  2.0489e-14  2.4996e-12
   52    124  2.7444e-15  3.4031e-13
   52    125  3.7724e-11  4.7155e-09
   52    126  2.5093e-10  3.1617e-08
   52    128  1.8717e-10  2.3957e-08
   52    130  5.8046e-10  7.5460e-08
   53    127  1.5733e-11  1.9981e-09
   53    129  3.4304e-18  4.4253e-16
   54    128  2.3129e-18  2.9605e-16
   54    129  9.7604e-11  1.2591e-08
   54    130  3.4944e-14  4.5428e-12
   54    131  1.4694e-09  1.9249e-07
   54    132  3.3560e-09  4.4299e-07
   54    134  1.0589e-08  1.4189e-06
   54    136  1.4262e-09  1.9397e-07
   55    133  5.6384e-09  7.4991e-07
   56    134  3.0314e-15  4.0621e-13
   56    135  2.7257e-09  3.6796e-07
   56    136  6.7404e-14  9.1670e-12
   56    137  5.6847e-11  7.7880e-09
   56    138  5.7605e-10  7.9495e-08
   57    139  1.4834e-10  2.0619e-08
   58    140  1.8254e-10  2.5555e-08
   58    142  8.9033e-11  1.2643e-08
   59    141  3.3093e-11  4.6662e-09
   60    142  2.3374e-18  3.3191e-16
   60    143  3.4034e-11  4.8669e-09
   60    144  4.9659e-11  7.1509e-09
   60    145  4.7536e-12  6.8927e-10
   60    146  2.1315e-11  3.1119e-09
   60    148  1.5279e-11  2.2612e-09
   60    150  3.0633e-11  4.5950e-09
   62    147  1.0006e-11  1.4709e-09
   62    148  2.0829e-16  3.0827e-14
   62    149  1.7133e-12  2.5528e-10
   62    150  3.5061e-14  5.2591e-12
   62    152  5.5410e-12  8.4223e-10
   62    154  5.1560e-12  7.9402e-10
   63    151  1.4945e-12  2.2567e-10
   63    153  2.3990e-12  3.6705e-10
   64    154  1.4148e-15  2.1788e-13
   64    155  7.7761e-13  1.2053e-10
   64    156  3.1816e-12  4.9633e-10
   64    157  6.4401e-13  1.0111e-10
   64    158  1.8767e-12  2.9651e-10
   64    160  3.5234e-12  5.6374e-10
   65    159  3.6413e-13  5.7897e-11
   66    160  6.2282e-17  9.9651e-15
   66    161  3.0816e-13  4.9613e-11
   66    162  7.0163e-13  1.1366e-10
   66    163  2.3610e-13  3.8484e-11
   66    164  5.6030e-13  9.1890e-11
   67    165  4.8053e-13  7.9288e-11
   68    166  1.6043e-12  2.6632e-10
   68    167  5.2994e-13  8.8500e-11
   68    168  7.8946e-13  1.3263e-10
   68    170  4.2057e-13  7.1496e-11
   69    169  8.4259e-13  1.4240e-10
   70    170  8.2294e-17  1.3990e-14
   70    171  3.6423e-13  6.2283e-11
   70    172  2.5915e-13  4.4574e-11
   70    173  1.3456e-13  2.3279e-11
   70    174  8.4983e-13  1.4787e-10
   70    176  7.5515e-13  1.3291e-10
   71    175  2.6889e-13  4.7056e-11
   71    176  2.5153e-17  4.4269e-15
   72    176  2.3538e-19  4.1427e-17
   72    177  3.5054e-13  6.2046e-11
   72    178  3.4862e-13  6.2055e-11
   72    179  2.1299e-13  3.8126e-11
   72    180  7.2264e-13  1.3007e-10
   73    181  7.8539e-13  1.4216e-10
   74    182  7.2072e-13  1.3117e-10
   74    183  5.1900e-13  9.4978e-11
   74    184  2.2777e-13  4.1910e-11
   74    186  2.5764e-13  4.7921e-11
   75    185  1.3553e-13  2.5074e-11
   75    187  3.9023e-13  7.2973e-11
   76    186  1.2240e-19  2.2766e-17
   76    187  3.1712e-15  5.9302e-13
   76    188  3.0063e-13  5.6518e-11
   76    189  9.5651e-13  1.8078e-10
   76    190  6.7038e-13  1.2737e-10
   76    192  6.5142e-12  1.2507e-09
   77    191  1.7328e-12  3.3096e-10
   77    193  4.7763e-13  9.2183e-11
   78    192  1.1666e-16  2.2399e-14
   78    194  1.4767e-12  2.8649e-10
   78    195  1.1083e-12  2.1611e-10
   78    196  1.6327e-12  3.2000e-10
   78    198  6.1430e-12  1.2163e-09
   79    197  2.1292e-12  4.1946e-10
   80    198  1.7767e-15  3.5179e-13
   80    199  1.1623e-12  2.3131e-10
   80    200  2.8743e-12  5.7485e-10
   80    201  4.5776e-13  9.2010e-11
   80    202  1.7840e-12  3.6036e-10
   80    204  3.9057e-12  7.9676e-10
   81    203  2.7614e-12  5.6057e-10
   81    205  7.1658e-12  1.4690e-09
   82    204  1.9012e-17  3.8784e-15
   82    206  1.6052e-11  3.3068e-09
   82    211  1.6343e-19  3.4484e-17
   82    214  1.5179e-14  3.2483e-12
   83    209  1.1613e-08  2.4271e-06
   83    211  6.9087e-13  1.4577e-10
   84    216  2.4909e-14  5.3802e-12
   85    218  3.0343e-18  6.6149e-16
   86    219  2.7862e-13  6.1018e-11
   88    226  4.2994e-19  9.7166e-17
   89    227  2.0210e-19  4.5876e-17
   90    230  2.0263e-17  4.6604e-15
   90    232  6.2098e-12  1.4407e-09
   91    231  3.0299e-16  6.9990e-14
   92    234  6.5981e-17  1.5440e-14
   92    235  6.5301e-12  1.5346e-09
   92    236  2.5448e-14  6.0057e-12
   92    238  1.2003e-12  2.8568e-10
   94    240  5.0373e-18  1.2090e-15
   94    244  6.1316e-14  1.4961e-11
   96    247  3.1536e-19  7.7893e-17
   97    246  2.6553e-16  6.5321e-14
  100    258  1.3511e-11  3.4858e-09
  100    260  7.7146e-11  2.0058e-08
  100    262  7.2203e-11  1.8917e-08
  102    260  2.2601e-18  5.8762e-16
  102    261  7.3448e-11  1.9170e-08
  102    263  1.7265e-10  4.5407e-08
  102    264  8.0880e-11  2.1352e-08
  102    266  4.2998e-11  1.1438e-08
  103    265  3.1892e-11  8.4513e-09
  104    267  1.2892e-10  3.4420e-08
  104    268  1.0434e-10  2.7963e-08
  104    270  3.8567e-11  1.0413e-08
  104    272  9.9418e-12  2.7042e-09
  104    274  1.0274e-11  2.8151e-09
  105    269  2.8537e-11  7.6764e-09
  105    271  1.6852e-11  4.5669e-09
  106    273  5.9353e-12  1.6203e-09
  106    274  5.5549e-19  1.5220e-16
  106    275  2.5791e-11  7.0927e-09
  106    276  9.3332e-11  2.5760e-08
  106    278  4.0549e-11  1.1273e-08
  106    280  5.3621e-11  1.5014e-08
  107    277  1.7818e-11  4.9355e-09
  108    279  1.2924e-10  3.6057e-08
  108    281  9.4119e-12  2.6447e-09
  108    282  3.7122e-10  1.0469e-07
  108    283  1.6967e-09  4.8016e-07
  108    284  4.4767e-08  1.2714e-05
  108    286  1.2135e-08  3.4706e-06
  110    285  4.8584e-09  1.3846e-06
  110    286  1.2132e-13  3.4697e-11
  110    287  5.5280e-08  1.5865e-05
  110    288  4.4382e-08  1.2782e-05
  110    290  6.7067e-08  1.9449e-05
  111    289  3.6056e-08  1.0420e-05
  111    290  9.5459e-13  2.7683e-10
  111    291  3.3612e-08  9.7812e-06
  111    292  2.9458e-07  8.6018e-05
  111    293  1.0156e-07  2.9758e-05
  111    294  1.8840e-07  5.5391e-05
  111    295  2.0603e-07  6.0779e-05
  111    296  4.7303e-07  1.4002e-04
  111    297  1.1382e-06  3.3804e-04
  111    298  2.2340e-06  6.6573e-04
  111    299  3.2406e-09  9.6893e-07
  111    300  1.6968e-08  5.0903e-06
  111    301  1.3818e-08  4.1591e-06
  111    302  1.3828e-08  4.1761e-06
  111    303  1.7527e-09  5.3106e-07
  111    304  7.5567e-10  2.2972e-07
  111    305  6.2351e-11  1.9017e-08
  111    306  7.7891e-11  2.3835e-08
  111    307  1.5171e-11  4.6574e-09
  111    308  5.9185e-12  1.8229e-09
  111    309  5.3007e-13  1.6379e-10
  111    310  1.7838e-12  5.5299e-10
  111    311  4.9958e-13  1.5537e-10
  111    312  9.9051e-13  3.0904e-10
  111    313  1.0253e-13  3.2092e-11
  111    314  8.8293e-13  2.7724e-10
  111    315  3.5775e-14  1.1269e-11
  111    316  1.3412e-12  4.2381e-10
  111    317  2.6245e-14  8.3196e-12
  111    318  6.3227e-13  2.0106e-10
  111    319  6.7357e-15  2.1487e-12
  111    320  1.2385e-13  3.9631e-11
  111    321  8.0355e-16  2.5794e-13
  111    322  9.2920e-15  2.9920e-12
  111    323  1.4786e-15  4.7758e-13
  111    324  1.6867e-15  5.4650e-13
  111    325  6.2500e-16  2.0313e-13
  111    326  2.8387e-16  9.2541e-14
  111    327  1.7407e-15  5.6920e-13
  111    328  5.4986e-16  1.8035e-13
  111    329  4.5263e-15  1.4891e-12
  111    330  5.9378e-16  1.9595e-13
  111    331  4.1879e-15  1.3862e-12
  111    332  3.9970e-16  1.3270e-13
  111    333  5.3217e-15  1.7721e-12
  111    334  3.4977e-16  1.1682e-13
  111    335  5.0125e-15  1.6792e-12
  111    336  1.8501e-16  6.2162e-14
  111    337  1.6447e-04  5.5427e-02
    1      1  3.7371e-02  3.7371e-02
    2      4  1.4492e+01  5.7967e+01


