    1      2  3.8815e-08  7.7629e-08
    2      3  1.0986e-09  3.2957e-09
    3      6  1.2003e-11  7.2015e-11
    3      7  1.9458e-09  1.3621e-08
    4      8  7.1567e-08  5.7254e-07
    4      9  3.9253e-08  3.5327e-07
    5     10  3.6721e-07  3.6721e-06
    5     11  8.5075e-10  9.3582e-09
    6     12  3.0652e-09  3.6782e-08
    6     13  8.2455e-09  1.0719e-07
    7     14  6.1735e-08  8.6429e-07
    7     15  3.0523e-06  4.5785e-05
    8     16  6.2294e-06  9.9671e-05
    8     17  2.4941e-07  4.2400e-06
    8     18  3.5575e-07  6.4035e-06
    9     19  6.5295e-07  1.2406e-05
   10     20  1.1466e-06  2.2932e-05
   10     21  1.2434e-06  2.6111e-05
   10     22  6.4034e-09  1.4087e-07
   11     23  2.1181e-07  4.8717e-06
   12     24  2.2684e-07  5.4441e-06
   12     25  8.5693e-08  2.1423e-06
   12     26  1.1260e-07  2.9277e-06
   13     27  6.8318e-08  1.8446e-06
   14     28  6.4401e-08  1.8032e-06
   14     29  6.6027e-08  1.9148e-06
   14     30  8.3809e-08  2.5143e-06
   15     31  4.1195e-08  1.2770e-06
   16     32  1.1178e-07  3.5769e-06
   16     33  9.7103e-08  3.2044e-06
   16     34  8.8949e-08  3.0243e-06
   16     36  4.2413e-08  1.5269e-06
   17     35  7.6238e-09  2.6683e-07
   17     37  1.2948e-08  4.7908e-07
   18     36  8.7021e-18  3.1328e-16
   18     38  2.7094e-08  1.0296e-06
   18     40  7.1318e-09  2.8527e-07
   19     39  1.3524e-08  5.2744e-07
   19     41  2.3180e-08  9.5040e-07
   20     42  3.3907e-08  1.4241e-06
   20     43  7.8589e-09  3.3793e-07
   20     44  3.3567e-08  1.4770e-06
   20     46  2.1016e-09  9.6674e-08
   21     45  2.2912e-08  1.0311e-06
   22     46  5.1249e-18  2.3575e-16
   22     47  4.4075e-09  2.0715e-07
   22     48  5.2780e-09  2.5334e-07
   22     49  9.0153e-10  4.4175e-08
   22     50  2.2840e-09  1.1420e-07
   23     51  6.2050e-09  3.1645e-07
   24     52  5.1962e-09  2.7020e-07
   24     53  2.5312e-08  1.3415e-06
   24     54  3.1209e-09  1.6853e-07
   25     55  2.3216e-10  1.2769e-08
   26     56  1.2902e-08  7.2251e-07
   26     57  7.3319e-09  4.1792e-07
   26     58  8.4168e-10  4.8818e-08
   27     59  5.5040e-11  3.2473e-09
   28     60  1.4191e-10  8.5149e-09
   28     61  2.1013e-11  1.2818e-09
   28     62  7.1274e-10  4.4190e-08
   28     64  5.0558e-09  3.2357e-07
   29     63  6.1944e-08  3.9025e-06
   29     65  7.5729e-09  4.9224e-07
   30     64  5.1983e-19  3.3269e-17
   30     66  7.2698e-09  4.7981e-07
   30     67  6.6972e-08  4.4871e-06
   30     68  6.2302e-09  4.2365e-07
   30     70  1.5278e-08  1.0695e-06
   31     69  1.5787e-09  1.0893e-07
   31     71  1.0430e-08  7.4056e-07
   32     70  1.4042e-14  9.8292e-13
   32     72  1.9934e-08  1.4353e-06
   32     73  7.6370e-09  5.5750e-07
   32     74  9.8035e-08  7.2546e-06
   32     76  2.3752e-08  1.8051e-06
   33     75  1.3270e-07  9.9524e-06
   34     76  2.9803e-12  2.2651e-10
   34     77  1.0212e-07  7.8634e-06
   34     78  1.1200e-07  8.7359e-06
   34     80  6.0178e-07  4.8143e-05
   34     82  1.2397e-07  1.0166e-05
   35     79  7.5080e-08  5.9313e-06
   35     81  7.6141e-08  6.1674e-06
   36     82  1.2929e-11  1.0602e-09
   36     83  9.4103e-08  7.8105e-06
   36     84  1.7710e-08  1.4876e-06
   36     86  2.6202e-08  2.2533e-06
   37     85  2.8418e-08  2.4156e-06
   37     87  3.9303e-08  3.4194e-06
   38     86  4.2512e-18  3.6561e-16
   38     87  2.8778e-10  2.5037e-08
   38     88  4.3749e-09  3.8499e-07
   39     89  1.8246e-08  1.6239e-06
   40     90  1.4596e-08  1.3137e-06
   40     91  2.8311e-08  2.5763e-06
   40     92  1.8351e-08  1.6883e-06
   40     94  4.2574e-08  4.0020e-06
   41     93  5.9446e-08  5.5285e-06
   42     95  5.0942e-08  4.8395e-06
   42     96  1.0907e-08  1.0471e-06
   42     97  2.4591e-08  2.3853e-06
   42     98  5.0543e-09  4.9533e-07
   42    100  1.3490e-08  1.3490e-06
   44     99  5.0900e-09  5.0391e-07
   44    100  2.4705e-14  2.4705e-12
   44    101  1.4961e-09  1.5110e-07
   44    102  4.2902e-09  4.3760e-07
   44    104  2.6195e-09  2.7243e-07
   45    103  7.4867e-09  7.7113e-07
   46    104  5.2401e-16  5.4497e-14
   46    105  1.3661e-09  1.4344e-07
   46    106  2.7773e-09  2.9439e-07
   46    108  1.0446e-08  1.1282e-06
   46    110  2.7396e-08  3.0136e-06
   47    107  9.1829e-09  9.8257e-07
   47    109  1.8761e-08  2.0450e-06
   48    110  1.6989e-13  1.8688e-11
   48    111  2.7786e-09  3.0843e-07
   48    112  7.9523e-09  8.9066e-07
   48    113  1.3164e-08  1.4876e-06
   48    114  3.8577e-08  4.3978e-06
   48    116  6.2276e-09  7.2240e-07
   49    113  5.7937e-16  6.5469e-14
   49    115  5.0491e-08  5.8064e-06
   50    115  4.0284e-14  4.6327e-12
   50    116  9.0246e-15  1.0468e-12
   50    117  3.6753e-09  4.3002e-07
   50    118  1.0573e-09  1.2476e-07
   50    119  6.2382e-10  7.4235e-08
   50    120  1.7318e-09  2.0781e-07
   50    122  5.8598e-09  7.1490e-07
   50    124  6.3289e-08  7.8478e-06
   51    121  2.7163e-08  3.2868e-06
   51    123  1.3628e-08  1.6763e-06
   52    122  1.6756e-13  2.0443e-11
   52    124  1.1331e-15  1.4050e-13
   52    125  1.2561e-07  1.5701e-05
   52    126  9.9193e-08  1.2498e-05
   52    128  5.6429e-07  7.2229e-05
   52    130  2.8442e-07  3.6975e-05
   53    127  2.7145e-07  3.4475e-05
   53    129  6.7026e-15  8.6463e-13
   54    128  1.1246e-17  1.4395e-15
   54    129  1.5951e-06  2.0576e-04
   54    130  2.1253e-13  2.7629e-11
   54    131  2.6945e-07  3.5297e-05
   54    132  3.8440e-07  5.0740e-05
   54    134  9.1641e-08  1.2280e-05
   54    136  1.4099e-07  1.9175e-05
   55    133  1.8562e-07  2.4687e-05
   56    134  8.8707e-18  1.1887e-15
   56    135  4.2829e-08  5.7819e-06
   56    136  5.8546e-16  7.9622e-14
   56    137  4.4141e-08  6.0473e-06
   56    138  2.2723e-07  3.1358e-05
   57    139  9.3001e-09  1.2927e-06
   58    140  7.1260e-08  9.9764e-06
   58    142  6.2986e-08  8.9440e-06
   59    141  5.1144e-08  7.2114e-06
   60    142  7.3130e-19  1.0384e-16
   60    143  1.8374e-08  2.6275e-06
   60    144  3.1336e-08  4.5124e-06
   60    145  4.7869e-09  6.9410e-07
   60    146  1.4771e-08  2.1566e-06
   60    148  1.0840e-08  1.6043e-06
   60    150  8.8270e-10  1.3241e-07
   62    147  2.6071e-08  3.8324e-06
   62    148  8.8625e-16  1.3117e-13
   62    149  1.1000e-09  1.6390e-07
   62    150  1.3142e-13  1.9713e-11
   62    152  1.4829e-10  2.2541e-08
   62    154  4.6231e-11  7.1195e-09
   63    151  3.7713e-11  5.6946e-09
   63    153  1.1438e-10  1.7501e-08
   64    154  2.7457e-16  4.2284e-14
   64    155  5.3219e-09  8.2489e-07
   64    156  8.1997e-10  1.2791e-07
   64    157  3.2044e-10  5.0309e-08
   64    158  5.5512e-10  8.7709e-08
   64    160  1.6806e-10  2.6890e-08
   65    159  2.2809e-11  3.6267e-09
   66    160  4.1305e-17  6.6089e-15
   66    161  3.4960e-10  5.6286e-08
   66    162  1.1886e-10  1.9256e-08
   66    163  2.0186e-10  3.2904e-08
   66    164  1.0425e-10  1.7098e-08
   67    165  2.9912e-10  4.9354e-08
   68    166  8.5443e-11  1.4183e-08
   68    167  2.0350e-10  3.3984e-08
   68    168  7.8488e-11  1.3186e-08
   68    170  1.7723e-10  3.0129e-08
   69    169  2.0303e-09  3.4313e-07
   70    170  3.5906e-16  6.1040e-14
   70    171  4.7219e-10  8.0744e-08
   70    172  8.8052e-11  1.5145e-08
   70    173  8.3063e-11  1.4370e-08
   70    174  8.2217e-10  1.4306e-07
   70    176  1.1518e-09  2.0272e-07
   71    175  1.9118e-10  3.3456e-08
   71    176  1.2309e-17  2.1664e-15
   72    176  1.1524e-19  2.0282e-17
   72    177  3.9889e-09  7.0603e-07
   72    178  1.4822e-09  2.6384e-07
   72    179  8.4092e-10  1.5052e-07
   72    180  3.5455e-09  6.3818e-07
   73    181  2.0125e-09  3.6427e-07
   74    182  6.4111e-09  1.1668e-06
   74    183  7.0160e-09  1.2839e-06
   74    184  8.6112e-09  1.5845e-06
   74    186  1.4099e-08  2.6224e-06
   75    185  4.7280e-09  8.7468e-07
   75    187  6.4051e-09  1.1977e-06
   76    186  3.1673e-18  5.8911e-16
   76    187  5.2054e-11  9.7342e-09
   76    188  1.9819e-08  3.7260e-06
   76    189  1.2331e-08  2.3306e-06
   76    190  1.9530e-08  3.7106e-06
   76    192  2.2181e-08  4.2587e-06
   77    191  1.9482e-07  3.7211e-05
   77    193  5.0354e-09  9.7184e-07
   78    192  1.9323e-14  3.7099e-12
   78    194  3.1371e-08  6.0859e-06
   78    195  8.6313e-08  1.6831e-05
   78    196  6.7410e-08  1.3212e-05
   78    198  1.5788e-07  3.1261e-05
   79    197  2.1640e-07  4.2630e-05
   80    198  8.6028e-14  1.7033e-11
   80    199  1.5245e-07  3.0337e-05
   80    200  3.0492e-07  6.0985e-05
   80    201  7.8401e-07  1.5759e-04
   80    202  1.9626e-06  3.9644e-04
   80    204  9.3483e-07  1.9071e-04
   80    206  5.8882e-18  1.2130e-15
   81    203  1.6264e-06  3.3016e-04
   81    205  8.4763e-07  1.7376e-04
   81    207  3.5045e-20  7.2544e-18
   82    204  6.4654e-15  1.3189e-12
   82    206  1.0577e-06  2.1789e-04
   82    207  2.6592e-06  5.5046e-04
   82    208  6.8918e-07  1.4335e-04
   82    210  5.2881e-15  1.1105e-12
   82    211  2.6665e-19  5.6264e-17
   82    212  1.2494e-19  2.6487e-17
   82    214  1.2143e-20  2.5987e-18
   83    209  3.1019e-06  6.4830e-04
   83    210  3.2665e-18  6.8597e-16
   83    211  1.5778e-20  3.3291e-18
   83    212  1.1845e-20  2.5112e-18
   84    210  9.0190e-17  1.8940e-14
   86    222  2.4896e-18  5.5269e-16
   88    223  1.2140e-16  2.7072e-14
   88    224  1.0244e-18  2.2946e-16
   88    226  3.8095e-13  8.6094e-11
   88    228  5.9044e-16  1.3462e-13
   89    227  8.4423e-14  1.9164e-11
   89    228  7.2098e-20  1.6438e-17
   90    227  1.9512e-16  4.4291e-14
   90    228  1.9672e-16  4.4852e-14
   90    230  1.7954e-11  4.1294e-09
   90    231  1.1293e-17  2.6086e-15
   90    232  1.4419e-06  3.3452e-04
   90    234  1.5690e-17  3.6715e-15
   91    231  1.2657e-10  2.9237e-08
   91    234  1.8180e-19  4.2541e-17
   92    234  5.8463e-11  1.3680e-08
   92    235  2.7279e-06  6.4105e-04
   92    236  8.3624e-09  1.9735e-06
   92    238  1.0636e-06  2.5313e-04
   92    240  4.0581e-19  9.7394e-17
   93    240  2.9636e-20  7.1126e-18
   94    239  2.4475e-17  5.8496e-15
   94    240  1.6556e-12  3.9736e-10
   94    244  2.0153e-08  4.9174e-06
   95    243  7.4821e-18  1.8181e-15
   96    244  5.4697e-18  1.3346e-15
   96    247  1.5792e-14  3.9006e-12
   97    246  3.1162e-10  7.6659e-08
  100    258  2.0145e-06  5.1974e-04
  100    260  2.0951e-06  5.4472e-04
  100    262  8.9792e-07  2.3525e-04
  102    260  1.7337e-16  4.5077e-14
  102    261  1.5899e-06  4.1497e-04
  102    263  1.0583e-06  2.7833e-04
  102    264  1.9507e-06  5.1499e-04
  102    266  2.1183e-06  5.6346e-04
  103    265  1.7375e-06  4.6045e-04
  104    267  9.4471e-07  2.5224e-04
  104    268  1.1689e-06  3.1327e-04
  104    270  7.0828e-06  1.9124e-03
  104    272  4.2454e-06  1.1547e-03
  104    274  1.1362e-05  3.1133e-03
  105    269  5.5212e-06  1.4852e-03
  105    271  1.3851e-06  3.7535e-04
  106    273  5.2726e-06  1.4394e-03
  106    274  1.8728e-17  5.1316e-15
  106    275  7.7074e-06  2.1195e-03
  106    276  1.0004e-05  2.7610e-03
  106    278  2.5602e-06  7.1174e-04
  106    280  4.3159e-07  1.2084e-04
  107    277  1.2180e-06  3.3738e-04
  108    279  1.3825e-06  3.8573e-04
  108    281  2.2986e-07  6.4592e-05
  108    282  1.0389e-05  2.9297e-03
  108    283  1.9374e-06  5.4828e-04
  108    284  1.1395e-05  3.2361e-03
  108    286  5.6003e-06  1.6017e-03
  110    285  2.2973e-07  6.5472e-05
  110    286  7.4553e-16  2.1322e-13
  110    287  1.3361e-05  3.8347e-03
  110    288  3.9654e-06  1.1420e-03
  110    290  2.6909e-05  7.8035e-03
  111    289  3.9853e-06  1.1518e-03
  111    290  1.5518e-14  4.5002e-12
  111    291  3.1883e-09  9.2778e-07
  111    292  6.7683e-05  1.9764e-02
  111    293  1.1196e-05  3.2803e-03
  111    294  8.5437e-06  2.5118e-03
  111    295  9.4521e-07  2.7884e-04
  111    296  2.5107e-07  7.4317e-05
  111    297  1.8384e-07  5.4600e-05
  111    298  5.3319e-09  1.5889e-06
  111    299  5.3244e-11  1.5920e-08
  111    300  6.1450e-10  1.8435e-07
  111    301  3.3256e-06  1.0010e-03
  111    302  4.2458e-06  1.2822e-03
  111    303  2.6704e-06  8.0912e-04
  111    304  5.0961e-06  1.5492e-03
  111    305  5.4455e-06  1.6609e-03
  111    306  6.8939e-06  2.1095e-03
  111    307  4.3782e-06  1.3441e-03
  111    308  3.6365e-06  1.1200e-03
  111    309  3.6488e-06  1.1275e-03
  111    310  3.9709e-06  1.2310e-03
  111    311  3.1381e-06  9.7594e-04
  111    312  2.5036e-06  7.8114e-04
  111    313  1.7853e-06  5.5881e-04
  111    314  2.0838e-06  6.5430e-04
  111    315  1.5698e-06  4.9450e-04
  111    316  2.4647e-06  7.7883e-04
  111    317  1.8566e-06  5.8855e-04
  111    318  4.1190e-06  1.3098e-03
  111    319  3.1437e-06  1.0029e-03
  111    320  3.8603e-06  1.2353e-03
  111    321  2.7711e-06  8.8953e-04
  111    322  3.2900e-06  1.0594e-03
  111    323  4.3989e-06  1.4209e-03
  111    324  9.1748e-06  2.9726e-03
  111    325  1.5755e-06  5.1205e-04
  111    326  6.6763e-06  2.1765e-03
  111    327  1.4786e-05  4.8350e-03
  111    328  1.8750e-06  6.1501e-04
  111    329  4.1450e-06  1.3637e-03
  111    330  3.9392e-07  1.2999e-04
  111    331  1.8205e-06  6.0260e-04
  111    332  1.4713e-06  4.8847e-04
  111    333  4.9243e-07  1.6398e-04
  111    334  1.3538e-07  4.5217e-05
  111    335  1.2197e-07  4.0860e-05
  111    336  4.8197e-08  1.6194e-05
  111    337  5.9195e-06  1.9949e-03
    1      1  5.3672e-07  5.3672e-07
    2      4  2.2133e-01  8.8531e-01


