    1      2  5.3390e-09  1.0678e-08
    2      3  4.7103e-10  1.4131e-09
    3      6  1.4719e-11  8.8313e-11
    3      7  5.0758e-10  3.5530e-09
    4      8  1.5545e-09  1.2436e-08
    4      9  5.4034e-10  4.8630e-09
    5     10  1.4227e-08  1.4227e-07
    5     11  1.9694e-09  2.1663e-08
    6     12  2.4491e-09  2.9389e-08
    6     13  2.0354e-07  2.6460e-06
    7     14  1.5235e-07  2.1329e-06
    7     15  6.1528e-06  9.2292e-05
    8     16  1.5225e-07  2.4360e-06
    8     17  3.9590e-09  6.7303e-08
    8     18  2.6311e-08  4.7359e-07
    9     19  7.0162e-07  1.3331e-05
   10     20  9.8115e-07  1.9623e-05
   10     21  3.7898e-07  7.9587e-06
   10     22  3.4721e-09  7.6386e-08
   11     23  8.0341e-07  1.8478e-05
   12     24  2.6302e-07  6.3126e-06
   12     25  3.4876e-07  8.7189e-06
   12     26  2.9809e-08  7.7503e-07
   13     26  2.2237e-19  5.7817e-18
   13     27  1.9416e-07  5.2424e-06
   14     28  5.2398e-07  1.4671e-05
   14     29  9.1279e-08  2.6471e-06
   14     30  6.1134e-08  1.8340e-06
   15     31  6.8994e-08  2.1388e-06
   16     32  1.0954e-07  3.5051e-06
   16     33  8.7130e-07  2.8753e-05
   16     34  6.7068e-07  2.2803e-05
   16     36  2.2339e-08  8.0421e-07
   17     35  2.3496e-08  8.2237e-07
   17     37  1.8848e-08  6.9736e-07
   18     36  2.3780e-19  8.5609e-18
   18     38  6.8262e-08  2.5940e-06
   18     40  2.6078e-08  1.0431e-06
   19     39  5.2675e-08  2.0543e-06
   19     41  1.2381e-07  5.0763e-06
   20     42  4.1344e-07  1.7364e-05
   20     43  9.2614e-08  3.9824e-06
   20     44  9.3071e-08  4.0951e-06
   20     46  4.1639e-08  1.9154e-06
   21     45  9.8908e-08  4.4509e-06
   22     46  3.6393e-20  1.6741e-18
   22     47  5.9346e-08  2.7893e-06
   22     48  1.2521e-07  6.0099e-06
   22     49  8.7915e-08  4.3078e-06
   22     50  7.4532e-08  3.7266e-06
   23     51  2.1221e-08  1.0823e-06
   24     52  9.9930e-08  5.1963e-06
   24     53  8.9857e-08  4.7624e-06
   24     54  4.8114e-08  2.5982e-06
   25     55  4.7919e-08  2.6355e-06
   26     56  1.9632e-07  1.0994e-05
   26     57  4.7982e-07  2.7350e-05
   26     58  1.3123e-08  7.6114e-07
   27     59  1.9136e-08  1.1290e-06
   28     60  3.3975e-08  2.0385e-06
   28     61  5.4003e-08  3.2942e-06
   28     62  5.2555e-08  3.2584e-06
   28     64  1.1977e-07  7.6655e-06
   29     63  2.8622e-07  1.8032e-05
   29     65  1.0529e-07  6.8441e-06
   30     64  1.9893e-20  1.2732e-18
   30     66  2.0833e-07  1.3750e-05
   30     67  1.1777e-07  7.8909e-06
   30     68  3.6529e-08  2.4840e-06
   30     70  5.7462e-08  4.0223e-06
   31     69  1.6621e-08  1.1469e-06
   31     71  1.8563e-08  1.3180e-06
   32     70  5.8523e-16  4.0966e-14
   32     72  9.5326e-08  6.8635e-06
   32     73  1.1155e-07  8.1432e-06
   32     74  7.1000e-07  5.2540e-05
   32     76  1.9870e-06  1.5101e-04
   33     75  2.7852e-06  2.0889e-04
   34     76  5.3414e-13  4.0595e-11
   34     77  1.5974e-06  1.2300e-04
   34     78  1.1795e-06  9.1998e-05
   34     80  3.5947e-06  2.8758e-04
   34     82  1.2597e-06  1.0329e-04
   35     79  1.3416e-06  1.0599e-04
   35     81  1.4713e-06  1.1917e-04
   36     82  3.3412e-13  2.7398e-11
   36     83  1.4833e-06  1.2312e-04
   36     84  4.2533e-07  3.5728e-05
   36     86  3.0322e-07  2.6077e-05
   37     85  1.7395e-07  1.4786e-05
   37     87  4.0050e-07  3.4844e-05
   38     86  1.2377e-20  1.0644e-18
   38     87  2.9326e-09  2.5513e-07
   38     88  5.3788e-07  4.7334e-05
   39     89  2.7573e-07  2.4540e-05
   40     90  4.6494e-07  4.1844e-05
   40     91  1.4369e-07  1.3076e-05
   40     92  3.6751e-07  3.3811e-05
   40     94  8.5491e-07  8.0362e-05
   41     93  2.8482e-07  2.6488e-05
   42     95  4.7514e-07  4.5138e-05
   42     96  3.3361e-07  3.2027e-05
   42     97  3.0222e-07  2.9315e-05
   42     98  1.3547e-07  1.3276e-05
   42    100  1.7814e-07  1.7814e-05
   44     99  1.6044e-07  1.5884e-05
   44    100  1.0966e-13  1.0966e-11
   44    101  1.9298e-07  1.9491e-05
   44    102  1.1568e-07  1.1799e-05
   44    104  1.2212e-07  1.2700e-05
   45    103  1.2697e-07  1.3078e-05
   46    104  1.1412e-18  1.1869e-16
   46    105  1.1697e-07  1.2282e-05
   46    106  2.1049e-07  2.2312e-05
   46    108  1.9672e-07  2.1246e-05
   46    110  2.8775e-07  3.1652e-05
   47    107  1.6740e-07  1.7912e-05
   47    109  2.0807e-07  2.2679e-05
   48    110  1.4793e-14  1.6273e-12
   48    111  6.1505e-08  6.8270e-06
   48    112  1.6633e-07  1.8629e-05
   48    113  7.3546e-08  8.3107e-06
   48    114  6.8869e-08  7.8511e-06
   48    116  3.1874e-08  3.6974e-06
   49    113  3.2368e-15  3.6576e-13
   49    115  6.8238e-08  7.8474e-06
   50    115  5.4444e-14  6.2611e-12
   50    116  2.1421e-14  2.4848e-12
   50    117  7.1630e-08  8.3807e-06
   50    118  8.3535e-08  9.8571e-06
   50    119  6.7017e-08  7.9751e-06
   50    120  3.8506e-07  4.6207e-05
   50    122  9.3954e-07  1.1462e-04
   50    124  3.9753e-06  4.9294e-04
   51    121  3.5913e-07  4.3455e-05
   51    123  9.7400e-07  1.1980e-04
   52    122  1.4477e-14  1.7662e-12
   52    124  3.5383e-16  4.3875e-14
   52    125  3.9064e-06  4.8830e-04
   52    126  5.9220e-06  7.4617e-04
   52    128  3.4356e-06  4.3975e-04
   52    130  8.8614e-07  1.1520e-04
   53    127  4.1369e-06  5.2539e-04
   53    129  8.5958e-15  1.1089e-12
   54    128  4.3788e-16  5.6048e-14
   54    129  2.5116e-06  3.2399e-04
   54    130  1.3784e-14  1.7919e-12
   54    131  9.0354e-07  1.1836e-04
   54    132  1.4648e-06  1.9336e-04
   54    134  1.5178e-06  2.0339e-04
   54    136  9.0535e-07  1.2313e-04
   55    133  1.8103e-06  2.4076e-04
   56    134  5.7870e-18  7.7545e-16
   56    135  5.8521e-07  7.9003e-05
   56    136  1.8129e-15  2.4656e-13
   56    137  1.1010e-06  1.5083e-04
   56    138  1.0853e-06  1.4977e-04
   57    139  6.0025e-07  8.3435e-05
   58    140  9.3817e-07  1.3134e-04
   58    142  5.7508e-07  8.1662e-05
   59    141  9.6756e-07  1.3643e-04
   60    142  4.7652e-18  6.7666e-16
   60    143  5.8935e-07  8.4277e-05
   60    144  7.4409e-07  1.0715e-04
   60    145  5.4032e-07  7.8346e-05
   60    146  8.7162e-07  1.2726e-04
   60    148  7.9772e-07  1.1806e-04
   60    150  6.1054e-07  9.1581e-05
   62    147  8.8589e-07  1.3023e-04
   62    148  5.5778e-13  8.2551e-11
   62    149  4.7256e-07  7.0411e-05
   62    150  1.4746e-12  2.2119e-10
   62    152  7.2042e-07  1.0950e-04
   62    154  9.4865e-07  1.4609e-04
   63    151  4.9414e-07  7.4615e-05
   63    153  4.3018e-07  6.5818e-05
   64    154  1.8285e-14  2.8158e-12
   64    155  6.6862e-07  1.0364e-04
   64    156  7.7998e-07  1.2168e-04
   64    157  6.1707e-07  9.6881e-05
   64    158  1.1183e-06  1.7670e-04
   64    160  8.3979e-07  1.3437e-04
   65    159  2.7938e-07  4.4422e-05
   66    160  2.5762e-15  4.1218e-13
   66    161  4.8849e-07  7.8646e-05
   66    162  6.0350e-07  9.7766e-05
   66    163  4.0396e-07  6.5846e-05
   66    164  1.2078e-06  1.9807e-04
   67    165  6.9750e-07  1.1509e-04
   68    166  1.5945e-06  2.6469e-04
   68    167  8.4862e-07  1.4172e-04
   68    168  1.0317e-06  1.7332e-04
   68    170  8.6803e-07  1.4756e-04
   69    169  1.4433e-06  2.4392e-04
   70    170  2.4360e-15  4.1411e-13
   70    171  7.0618e-07  1.2076e-04
   70    172  6.0127e-07  1.0342e-04
   70    173  4.7949e-07  8.2952e-05
   70    174  7.9498e-07  1.3833e-04
   70    176  5.7127e-07  1.0054e-04
   71    175  4.6303e-07  8.1029e-05
   71    176  1.7191e-16  3.0257e-14
   72    176  1.6095e-18  2.8328e-16
   72    177  6.6855e-07  1.1833e-04
   72    178  7.1675e-07  1.2758e-04
   72    179  6.9364e-07  1.2416e-04
   72    180  1.0097e-06  1.8174e-04
   73    181  1.1304e-06  2.0460e-04
   74    182  1.4790e-06  2.6917e-04
   74    183  9.3896e-07  1.7183e-04
   74    184  1.4793e-06  2.7219e-04
   74    186  2.2703e-06  4.2228e-04
   75    185  1.0364e-06  1.9173e-04
   75    187  1.6443e-06  3.0749e-04
   76    186  3.8656e-18  7.1900e-16
   76    187  1.3364e-08  2.4990e-06
   76    188  4.1296e-06  7.7637e-04
   76    189  4.2741e-06  8.0781e-04
   76    190  1.0091e-05  1.9174e-03
   76    192  2.4308e-05  4.6672e-03
   77    191  1.4304e-05  2.7321e-03
   77    193  2.8890e-05  5.5757e-03
   78    192  1.3920e-15  2.6726e-13
   78    194  3.2764e-05  6.3562e-03
   78    195  2.7763e-05  5.4138e-03
   78    196  1.6064e-05  3.1486e-03
   78    198  3.9325e-06  7.7863e-04
   79    197  1.0080e-05  1.9858e-03
   80    198  1.1757e-15  2.3278e-13
   80    199  1.6710e-06  3.3253e-04
   80    200  1.2376e-06  2.4752e-04
   80    201  1.0956e-06  2.2021e-04
   80    202  2.2602e-06  4.5655e-04
   80    204  4.7342e-06  9.6577e-04
   81    203  2.9150e-06  5.9174e-04
   81    205  4.9632e-06  1.0175e-03
   81    207  1.8346e-19  3.7976e-17
   82    204  5.6722e-19  1.1571e-16
   82    206  6.8423e-05  1.4095e-02
   82    207  6.0247e-05  1.2471e-02
   82    208  6.3223e-05  1.3150e-02
   82    210  2.2763e-12  4.7801e-10
   82    211  6.5007e-18  1.3717e-15
   82    212  6.7708e-18  1.4354e-15
   82    214  1.0616e-18  2.2719e-16
   83    209  6.9199e-05  1.4463e-02
   83    210  4.7748e-17  1.0027e-14
   83    211  8.2595e-20  1.7428e-17
   83    212  2.0232e-19  4.2893e-17
   83    214  1.3123e-19  2.8082e-17
   84    210  1.3184e-15  2.7686e-13
   84    218  2.0500e-20  4.4691e-18
   86    222  3.6392e-17  8.0790e-15
   87    223  1.1719e-20  2.6134e-18
   88    223  6.3552e-16  1.4172e-13
   88    224  1.7497e-17  3.9193e-15
   88    226  5.5685e-12  1.2585e-09
   88    228  5.6264e-11  1.2828e-08
   89    227  4.4195e-13  1.0032e-10
   89    228  1.2315e-18  2.8078e-16
   90    227  1.0214e-15  2.3186e-13
   90    228  3.3601e-15  7.6610e-13
   90    230  2.6244e-10  6.0362e-08
   90    231  5.9116e-17  1.3656e-14
   90    232  2.4628e-05  5.7138e-03
   90    234  8.8740e-17  2.0765e-14
   91    231  6.6257e-10  1.5305e-07
   91    234  2.6575e-18  6.2185e-16
   92    234  8.5458e-10  1.9997e-07
   92    235  1.4280e-05  3.3558e-03
   92    236  6.5383e-08  1.5430e-05
   92    238  1.5547e-05  3.7001e-03
   92    240  3.2815e-18  7.8755e-16
   93    240  2.3167e-19  5.5602e-17
   94    239  4.9499e-17  1.1830e-14
   94    240  1.2943e-11  3.1063e-09
   94    244  1.5754e-07  3.8441e-05
   95    243  1.5132e-17  3.6771e-15
   96    244  4.2759e-17  1.0433e-14
   96    247  3.1937e-14  7.8885e-12
   97    246  2.3744e-09  5.8410e-07
  100    258  4.0014e-06  1.0324e-03
  100    260  4.3564e-06  1.1327e-03
  100    262  4.0851e-06  1.0703e-03
  102    261  3.5336e-06  9.2226e-04
  102    263  4.1845e-06  1.1005e-03
  102    264  4.1246e-06  1.0889e-03
  102    266  2.9411e-06  7.8234e-04
  103    265  2.8801e-06  7.6322e-04
  104    267  1.3248e-06  3.5373e-04
  104    268  9.5194e-07  2.5512e-04
  104    270  7.7971e-07  2.1052e-04
  104    272  4.3364e-07  1.1795e-04
  104    274  1.4512e-07  3.9764e-05
  105    269  1.1989e-06  3.2250e-04
  105    271  5.9555e-07  1.6139e-04
  106    273  2.4907e-07  6.7995e-05
  106    275  5.5512e-08  1.5266e-05
  106    276  3.9495e-08  1.0901e-05
  106    278  2.5817e-08  7.1772e-06
  106    280  2.3813e-08  6.6676e-06
  107    277  1.0443e-08  2.8928e-06
  108    279  2.9689e-08  8.2831e-06
  108    281  1.5876e-08  4.4611e-06
  108    282  3.5179e-08  9.9204e-06
  108    283  3.4021e-08  9.6279e-06
  108    284  3.5753e-08  1.0154e-05
  108    286  2.9663e-08  8.4837e-06
  110    285  2.9744e-08  8.4770e-06
  110    286  1.6279e-18  4.6559e-16
  110    287  2.7849e-08  7.9927e-06
  110    288  2.1337e-08  6.1451e-06
  110    290  1.1113e-08  3.2228e-06
  111    289  1.1800e-08  3.4102e-06
  111    290  2.9253e-19  8.4834e-17
  111    291  7.5418e-09  2.1947e-06
  111    292  3.1600e-08  9.2272e-06
  111    293  1.1293e-08  3.3090e-06
  111    294  1.1543e-08  3.3938e-06
  111    295  4.0275e-09  1.1881e-06
  111    296  1.3323e-09  3.9435e-07
  111    297  3.7700e-10  1.1197e-07
  111    298  1.0333e-10  3.0792e-08
  111    299  1.0246e-14  3.0636e-12
  111    300  1.1681e-13  3.5042e-11
  111    301  4.7566e-10  1.4317e-07
  111    302  1.0566e-09  3.1910e-07
  111    303  5.2649e-10  1.5953e-07
  111    304  5.1405e-10  1.5627e-07
  111    305  1.8330e-10  5.5906e-08
  111    306  3.3171e-10  1.0150e-07
  111    307  3.5397e-11  1.0867e-08
  111    308  1.9775e-11  6.0907e-09
  111    309  7.9533e-12  2.4576e-09
  111    310  2.3047e-11  7.1447e-09
  111    311  4.0741e-12  1.2670e-09
  111    312  5.4727e-12  1.7075e-09
  111    313  1.9947e-12  6.2433e-10
  111    314  1.7375e-12  5.4557e-10
  111    315  9.4904e-13  2.9895e-10
  111    316  1.3602e-12  4.2984e-10
  111    317  7.9836e-13  2.5308e-10
  111    318  2.0551e-12  6.5352e-10
  111    319  5.1084e-13  1.6296e-10
  111    320  1.3837e-12  4.4280e-10
  111    321  3.9117e-13  1.2557e-10
  111    322  1.7591e-13  5.6643e-11
  111    323  4.6805e-14  1.5118e-11
  111    324  1.4184e-13  4.5956e-11
  111    325  5.0770e-15  1.6500e-12
  111    326  2.5712e-14  8.3822e-12
  111    327  1.1698e-13  3.8252e-11
  111    328  1.3465e-17  4.4167e-15
  111    329  2.3257e-15  7.6516e-13
  111    330  8.0849e-18  2.6680e-15
  111    331  5.9448e-17  1.9677e-14
  111    332  6.2372e-17  2.0707e-14
  111    333  2.4250e-17  8.0752e-15
  111    334  7.5793e-19  2.5315e-16
  111    335  4.6912e-18  1.5715e-15
  111    336  3.0366e-18  1.0203e-15
  111    337  2.8605e-16  9.6399e-14
    1      1  2.9717e-09  2.9717e-09
    2      4  2.1781e-01  8.7124e-01


