    1      2  6.7290e-09  1.3458e-08
    2      3  6.3431e-10  1.9029e-09
    3      6  1.8575e-11  1.1145e-10
    3      7  7.8204e-10  5.4743e-09
    4      8  3.1948e-09  2.5559e-08
    4      9  1.2204e-09  1.0984e-08
    5     10  3.9949e-08  3.9949e-07
    5     11  3.0230e-09  3.3253e-08
    6     12  3.4124e-09  4.0949e-08
    6     13  2.1359e-07  2.7767e-06
    7     14  1.0540e-07  1.4756e-06
    7     15  7.0862e-06  1.0629e-04
    8     16  1.6464e-07  2.6343e-06
    8     17  4.9341e-09  8.3880e-08
    8     18  3.3210e-08  5.9778e-07
    9     19  7.2621e-07  1.3798e-05
   10     20  1.0248e-06  2.0496e-05
   10     21  4.1093e-07  8.6294e-06
   10     22  3.7267e-09  8.1986e-08
   11     23  7.9748e-07  1.8342e-05
   12     24  2.6864e-07  6.4473e-06
   12     25  3.7418e-07  9.3544e-06
   12     26  3.7162e-08  9.6622e-07
   13     26  1.5367e-19  3.9953e-18
   13     27  1.4661e-07  3.9584e-06
   14     28  3.6597e-07  1.0247e-05
   14     29  7.6783e-08  2.2267e-06
   14     30  5.8687e-08  1.7606e-06
   15     31  5.5583e-08  1.7231e-06
   16     32  9.6930e-08  3.1018e-06
   16     33  6.7642e-07  2.2322e-05
   16     34  5.2178e-07  1.7740e-05
   16     36  1.9358e-08  6.9690e-07
   17     35  2.0646e-08  7.2262e-07
   17     37  1.2414e-08  4.5930e-07
   18     36  2.0765e-19  7.4756e-18
   18     38  5.1522e-08  1.9578e-06
   18     40  1.8100e-08  7.2399e-07
   19     39  4.3018e-08  1.6777e-06
   19     41  8.9330e-08  3.6625e-06
   20     42  3.0175e-07  1.2673e-05
   20     43  6.7533e-08  2.9039e-06
   20     44  7.1637e-08  3.1520e-06
   20     46  2.7044e-08  1.2440e-06
   21     45  7.4091e-08  3.3341e-06
   22     46  2.5561e-20  1.1758e-18
   22     47  3.6011e-08  1.6925e-06
   22     48  7.3112e-08  3.5094e-06
   22     49  5.9057e-08  2.8938e-06
   22     50  5.6255e-08  2.8128e-06
   23     51  1.7733e-08  9.0438e-07
   24     52  7.3927e-08  3.8442e-06
   24     53  6.5317e-08  3.4618e-06
   24     54  3.2713e-08  1.7665e-06
   25     55  2.0122e-08  1.1067e-06
   26     56  7.8450e-08  4.3932e-06
   26     57  3.0597e-07  1.7440e-05
   26     58  7.7167e-09  4.4757e-07
   27     59  1.2457e-08  7.3499e-07
   28     60  2.6161e-08  1.5697e-06
   28     61  4.1970e-08  2.5602e-06
   28     62  3.7767e-08  2.3416e-06
   28     64  9.7410e-08  6.2342e-06
   29     63  2.5228e-07  1.5894e-05
   29     65  9.4638e-08  6.1515e-06
   30     64  1.8119e-20  1.1596e-18
   30     66  1.8586e-07  1.2267e-05
   30     67  1.3319e-07  8.9240e-06
   30     68  3.0408e-08  2.0678e-06
   30     70  4.1018e-08  2.8713e-06
   31     69  1.2122e-08  8.3642e-07
   31     71  1.3192e-08  9.3661e-07
   32     70  3.9374e-16  2.7562e-14
   32     72  6.7925e-08  4.8906e-06
   32     73  8.0688e-08  5.8902e-06
   32     74  5.1311e-07  3.7970e-05
   32     76  1.3741e-06  1.0443e-04
   33     75  2.0076e-06  1.5057e-04
   34     76  3.5908e-13  2.7290e-11
   34     77  1.2048e-06  9.2767e-05
   34     78  9.1723e-07  7.1544e-05
   34     80  2.4103e-06  1.9282e-04
   34     82  7.1648e-07  5.8751e-05
   35     79  9.3842e-07  7.4135e-05
   35     81  8.4371e-07  6.8340e-05
   36     82  1.7702e-13  1.4515e-11
   36     83  7.3784e-07  6.1240e-05
   36     84  1.9837e-07  1.6663e-05
   36     86  1.1321e-07  9.7359e-06
   37     85  7.7462e-08  6.5843e-06
   37     87  1.7641e-07  1.5348e-05
   38     87  1.2917e-09  1.1238e-07
   38     88  2.8441e-07  2.5028e-05
   39     89  1.6317e-07  1.4522e-05
   40     90  2.7149e-07  2.4434e-05
   40     91  9.3969e-08  8.5512e-06
   40     92  2.1261e-07  1.9560e-05
   40     94  4.7112e-07  4.4285e-05
   41     93  1.6219e-07  1.5083e-05
   42     95  2.2285e-07  2.1171e-05
   42     96  1.5200e-07  1.4592e-05
   42     97  1.7811e-07  1.7277e-05
   42     98  9.6156e-08  9.4233e-06
   42    100  1.1537e-07  1.1537e-05
   44     99  1.0950e-07  1.0841e-05
   44    100  6.8997e-14  6.8997e-12
   44    101  1.1928e-07  1.2047e-05
   44    102  7.2525e-08  7.3976e-06
   44    104  6.2065e-08  6.4548e-06
   45    103  7.5433e-08  7.7696e-06
   46    104  6.4623e-19  6.7208e-17
   46    105  5.8864e-08  6.1807e-06
   46    106  1.1463e-07  1.2150e-05
   46    108  1.0755e-07  1.1615e-05
   46    110  1.5949e-07  1.7544e-05
   47    107  9.3105e-08  9.9622e-06
   47    109  1.1599e-07  1.2643e-05
   48    110  7.5994e-15  8.3594e-13
   48    111  3.2720e-08  3.6319e-06
   48    112  1.0007e-07  1.1208e-05
   48    113  4.7572e-08  5.3756e-06
   48    114  4.5107e-08  5.1422e-06
   48    116  1.8099e-08  2.0994e-06
   49    113  2.0937e-15  2.3658e-13
   49    115  4.7370e-08  5.4476e-06
   50    115  3.7795e-14  4.3464e-12
   50    116  1.3893e-14  1.6116e-12
   50    117  4.4632e-08  5.2219e-06
   50    118  4.8736e-08  5.7509e-06
   50    119  3.7104e-08  4.4154e-06
   50    120  2.4323e-07  2.9188e-05
   50    122  6.1655e-07  7.5219e-05
   50    124  2.9854e-06  3.7020e-04
   51    121  2.2321e-07  2.7008e-05
   51    123  6.5923e-07  8.1085e-05
   52    122  8.6158e-15  1.0511e-12
   52    124  2.4234e-16  3.0050e-14
   52    125  3.0569e-06  3.8211e-04
   52    126  5.0009e-06  6.3011e-04
   52    128  2.9659e-06  3.7963e-04
   52    130  9.5547e-07  1.2421e-04
   53    127  3.5648e-06  4.5273e-04
   53    129  6.4172e-15  8.2782e-13
   54    128  3.6260e-16  4.6413e-14
   54    129  2.1685e-06  2.7974e-04
   54    130  1.1141e-14  1.4483e-12
   54    131  6.9433e-07  9.0957e-05
   54    132  9.9341e-07  1.3113e-04
   54    134  1.0277e-06  1.3772e-04
   54    136  6.6847e-07  9.0912e-05
   55    133  1.1541e-06  1.5349e-04
   56    134  3.8357e-18  5.1399e-16
   56    135  4.6183e-07  6.2348e-05
   56    136  1.3251e-15  1.8022e-13
   56    137  6.3051e-07  8.6380e-05
   56    138  5.4816e-07  7.5646e-05
   57    139  3.0817e-07  4.2836e-05
   58    140  5.4942e-07  7.6919e-05
   58    142  3.5747e-07  5.0761e-05
   59    141  6.1035e-07  8.6059e-05
   60    142  2.7988e-18  3.9743e-16
   60    143  3.3583e-07  4.8024e-05
   60    144  3.8567e-07  5.5536e-05
   60    145  2.4578e-07  3.5637e-05
   60    146  4.0589e-07  5.9259e-05
   60    148  3.5870e-07  5.3088e-05
   60    150  2.8850e-07  4.3275e-05
   62    147  4.3578e-07  6.4060e-05
   62    148  2.5006e-13  3.7008e-11
   62    149  2.0255e-07  3.0180e-05
   62    150  5.9729e-13  8.9594e-11
   62    152  3.6969e-07  5.6193e-05
   62    154  4.4203e-07  6.8073e-05
   63    151  2.2426e-07  3.3864e-05
   63    153  2.0500e-07  3.1364e-05
   64    154  8.0247e-15  1.2358e-12
   64    155  3.6382e-07  5.6391e-05
   64    156  3.1708e-07  4.9465e-05
   64    157  2.8844e-07  4.5285e-05
   64    158  5.4510e-07  8.6126e-05
   64    160  3.7370e-07  5.9792e-05
   65    159  1.1161e-07  1.7746e-05
   66    160  9.7825e-16  1.5652e-13
   66    161  2.4645e-07  3.9678e-05
   66    162  2.3741e-07  3.8461e-05
   66    163  1.5974e-07  2.6038e-05
   66    164  4.8249e-07  7.9128e-05
   67    165  2.9666e-07  4.8950e-05
   68    166  7.4881e-07  1.2430e-04
   68    167  4.0828e-07  6.8183e-05
   68    168  4.7248e-07  7.9377e-05
   68    170  4.7278e-07  8.0373e-05
   69    169  7.8948e-07  1.3342e-04
   70    170  1.2054e-15  2.0492e-13
   70    171  3.8431e-07  6.5716e-05
   70    172  3.5410e-07  6.0905e-05
   70    173  2.6269e-07  4.5445e-05
   70    174  4.6082e-07  8.0183e-05
   70    176  3.1043e-07  5.4635e-05
   71    175  2.4482e-07  4.2844e-05
   71    176  8.3243e-17  1.4651e-14
   72    176  7.7937e-19  1.3717e-16
   72    177  3.3848e-07  5.9911e-05
   72    178  3.1533e-07  5.6129e-05
   72    179  3.0531e-07  5.4650e-05
   72    180  4.7590e-07  8.5663e-05
   73    181  5.4858e-07  9.9294e-05
   74    182  6.7272e-07  1.2244e-04
   74    183  4.3796e-07  8.0147e-05
   74    184  6.5365e-07  1.2027e-04
   74    186  9.1670e-07  1.7051e-04
   75    185  4.7011e-07  8.6970e-05
   75    187  6.4196e-07  1.2005e-04
   76    186  1.6754e-18  3.1162e-16
   76    187  5.2173e-09  9.7563e-07
   76    188  1.5715e-06  2.9545e-04
   76    189  1.5948e-06  3.0143e-04
   76    190  4.0700e-06  7.7330e-04
   76    192  9.6625e-06  1.8552e-03
   77    191  5.5968e-06  1.0690e-03
   77    193  1.0976e-05  2.1184e-03
   78    192  5.0387e-16  9.6742e-14
   78    194  1.4358e-05  2.7855e-03
   78    195  1.3258e-05  2.5852e-03
   78    196  8.7086e-06  1.7069e-03
   78    198  2.3608e-06  4.6745e-04
   79    197  5.6231e-06  1.1077e-03
   80    198  6.5899e-16  1.3048e-13
   80    199  8.8147e-07  1.7541e-04
   80    200  3.7870e-07  7.5739e-05
   80    201  1.7185e-07  3.4542e-05
   80    202  3.7953e-07  7.6665e-05
   80    204  1.5799e-06  3.2229e-04
   81    203  6.9083e-07  1.4024e-04
   81    205  1.8956e-06  3.8859e-04
   81    207  2.7784e-19  5.7512e-17
   82    204  1.3687e-19  2.7922e-17
   82    206  4.9633e-05  1.0224e-02
   82    207  4.6219e-05  9.5674e-03
   82    208  4.0369e-05  8.3968e-03
   82    210  3.2505e-12  6.8260e-10
   82    211  9.8449e-18  2.0773e-15
   82    212  9.1872e-18  1.9477e-15
   82    214  1.5160e-18  3.2442e-16
   83    209  6.1258e-05  1.2803e-02
   83    210  6.8184e-17  1.4319e-14
   83    211  1.2509e-19  2.6393e-17
   83    212  2.7453e-19  5.8200e-17
   83    214  1.8739e-19  4.0101e-17
   84    210  1.8826e-15  3.9535e-13
   84    218  2.9274e-20  6.3818e-18
   86    222  5.1967e-17  1.1537e-14
   87    223  1.7748e-20  3.9578e-18
   88    223  9.6245e-16  2.1463e-13
   88    224  2.3741e-17  5.3180e-15
   88    226  7.9518e-12  1.7971e-09
   88    228  7.6343e-11  1.7406e-08
   89    227  6.6930e-13  1.5193e-10
   89    228  1.6710e-18  3.8098e-16
   90    227  1.5469e-15  3.5114e-13
   90    228  4.5592e-15  1.0395e-12
   90    230  3.7476e-10  8.6196e-08
   90    231  8.9527e-17  2.0681e-14
   90    232  3.3418e-05  7.7529e-03
   90    234  1.2672e-16  2.9652e-14
   91    231  1.0034e-09  2.3179e-07
   91    234  3.7948e-18  8.8799e-16
   92    234  1.2203e-09  2.8556e-07
   92    235  2.1626e-05  5.0822e-03
   92    236  1.0463e-07  2.4694e-05
   92    238  2.2200e-05  5.2837e-03
   92    240  5.2517e-18  1.2604e-15
   93    240  3.7077e-19  8.8985e-17
   94    239  8.0490e-17  1.9237e-14
   94    240  2.0714e-11  4.9713e-09
   94    244  2.5213e-07  6.1521e-05
   95    243  2.4606e-17  5.9793e-15
   96    244  6.8431e-17  1.6697e-14
   96    247  5.1933e-14  1.2828e-11
   97    246  3.8993e-09  9.5922e-07
  100    258  7.2521e-06  1.8710e-03
  100    260  1.0186e-05  2.6484e-03
  100    262  1.1391e-05  2.9844e-03
  102    261  9.1424e-06  2.3862e-03
  102    263  1.2812e-05  3.3696e-03
  102    264  1.4350e-05  3.7885e-03
  102    266  1.2977e-05  3.4519e-03
  103    265  1.1391e-05  3.0185e-03
  104    267  7.0008e-06  1.8692e-03
  104    268  6.1190e-06  1.6399e-03
  104    270  6.5983e-06  1.7815e-03
  104    272  4.7281e-06  1.2861e-03
  104    274  1.9958e-06  5.4685e-04
  105    269  9.6301e-06  2.5905e-03
  105    271  5.3808e-06  1.4582e-03
  106    273  3.3962e-06  9.2717e-04
  106    275  7.9296e-07  2.1806e-04
  106    276  6.7173e-07  1.8540e-04
  106    278  2.5834e-07  7.1819e-05
  106    280  2.6236e-07  7.3461e-05
  107    277  1.7623e-07  4.8816e-05
  108    279  2.7547e-07  7.6855e-05
  108    281  2.1506e-07  6.0433e-05
  108    282  5.6623e-07  1.5968e-04
  108    283  5.8072e-07  1.6434e-04
  108    284  6.2634e-07  1.7788e-04
  108    286  5.3322e-07  1.5250e-04
  110    285  5.2087e-07  1.4845e-04
  110    286  2.8109e-17  8.0391e-15
  110    287  5.6735e-07  1.6283e-04
  110    288  4.8635e-07  1.4007e-04
  110    290  3.3029e-07  9.5785e-05
  111    289  3.0465e-07  8.8044e-05
  111    290  7.3162e-18  2.1217e-15
  111    291  2.3211e-07  6.7545e-05
  111    292  9.9592e-07  2.9081e-04
  111    293  3.5854e-07  1.0505e-04
  111    294  3.7098e-07  1.0907e-04
  111    295  1.3081e-07  3.8589e-05
  111    296  4.3506e-08  1.2878e-05
  111    297  1.2308e-08  3.6555e-06
  111    298  3.3514e-09  9.9872e-07
  111    299  3.1050e-13  9.2838e-11
  111    300  3.5353e-12  1.0606e-09
  111    301  3.2066e-08  9.6517e-06
  111    302  4.4496e-08  1.3438e-05
  111    303  1.7222e-08  5.2183e-06
  111    304  2.5834e-08  7.8534e-06
  111    305  2.1649e-08  6.6030e-06
  111    306  2.2685e-08  6.9417e-06
  111    307  2.6537e-09  8.1469e-07
  111    308  1.2662e-09  3.8999e-07
  111    309  1.1551e-09  3.5694e-07
  111    310  1.9310e-09  5.9860e-07
  111    311  4.5282e-10  1.4083e-07
  111    312  7.3443e-10  2.2914e-07
  111    313  1.9655e-10  6.1521e-08
  111    314  3.5450e-10  1.1131e-07
  111    315  1.2830e-10  4.0414e-08
  111    316  2.0101e-10  6.3518e-08
  111    317  1.6638e-10  5.2744e-08
  111    318  2.9083e-10  9.2485e-08
  111    319  8.3138e-11  2.6521e-08
  111    320  2.7831e-10  8.9060e-08
  111    321  9.3928e-11  3.0151e-08
  111    322  4.3063e-11  1.3866e-08
  111    323  1.9147e-11  6.1845e-09
  111    324  5.3708e-11  1.7401e-08
  111    325  1.3263e-12  4.3104e-10
  111    326  1.3228e-11  4.3123e-09
  111    327  4.2285e-11  1.3827e-08
  111    328  2.5077e-14  8.2251e-12
  111    329  2.6509e-12  8.7213e-10
  111    330  1.9698e-14  6.5002e-12
  111    331  5.1202e-14  1.6948e-11
  111    332  9.7701e-14  3.2437e-11
  111    333  1.8730e-14  6.2369e-12
  111    334  4.1104e-15  1.3729e-12
  111    335  3.5238e-15  1.1805e-12
  111    336  3.3731e-15  1.1334e-12
  111    337  2.1546e-13  7.2610e-11
    1      1  3.2928e-09  3.2928e-09
    2      4  2.1938e-01  8.7751e-01


