    1      2  7.3446e-09  1.4689e-08
    2      3  6.2447e-10  1.8734e-09
    3      6  1.9679e-11  1.1808e-10
    3      7  1.0250e-09  7.1747e-09
    4      8  3.6092e-09  2.8874e-08
    4      9  1.4354e-09  1.2918e-08
    5     10  5.7399e-08  5.7399e-07
    5     11  3.1241e-09  3.4365e-08
    6     12  3.7474e-09  4.4968e-08
    6     13  1.5195e-07  1.9754e-06
    7     14  5.5616e-08  7.7863e-07
    7     15  7.1603e-06  1.0740e-04
    8     16  1.7981e-07  2.8770e-06
    8     17  6.0896e-09  1.0352e-07
    8     18  3.8381e-08  6.9086e-07
    9     19  6.3960e-07  1.2152e-05
   10     20  9.1531e-07  1.8306e-05
   10     21  4.3212e-07  9.0744e-06
   10     22  1.8405e-09  4.0492e-08
   11     23  4.3401e-07  9.9823e-06
   12     24  4.8504e-07  1.1641e-05
   12     25  5.9606e-07  1.4901e-05
   12     26  4.2869e-08  1.1146e-06
   13     26  4.6351e-19  1.2051e-17
   13     27  4.6357e-08  1.2516e-06
   14     28  1.0104e-07  2.8290e-06
   14     29  4.2451e-08  1.2311e-06
   14     30  4.6325e-08  1.3897e-06
   15     31  4.8255e-08  1.4959e-06
   16     32  5.4974e-08  1.7592e-06
   16     33  1.3858e-07  4.5730e-06
   16     34  1.4080e-07  4.7871e-06
   16     36  3.1733e-08  1.1424e-06
   17     35  4.7958e-09  1.6785e-07
   17     37  4.3133e-08  1.5959e-06
   18     36  1.6288e-19  5.8636e-18
   18     38  5.7469e-08  2.1838e-06
   18     40  2.8538e-08  1.1415e-06
   19     39  1.7776e-08  6.9326e-07
   19     41  1.5734e-07  6.4510e-06
   20     42  2.6271e-07  1.1034e-05
   20     43  3.8731e-08  1.6654e-06
   20     44  1.4751e-07  6.4904e-06
   20     46  8.3993e-08  3.8637e-06
   21     45  1.1727e-07  5.2770e-06
   22     46  2.2749e-18  1.0464e-16
   22     47  1.6649e-07  7.8253e-06
   22     48  2.2468e-07  1.0784e-05
   22     49  5.0084e-08  2.4541e-06
   22     50  1.5719e-07  7.8595e-06
   23     51  2.4284e-07  1.2385e-05
   24     52  4.4822e-07  2.3307e-05
   24     53  1.1968e-07  6.3430e-06
   24     54  8.0420e-08  4.3427e-06
   25     55  1.2568e-07  6.9123e-06
   26     56  7.9199e-08  4.4352e-06
   26     57  2.4246e-07  1.3820e-05
   26     58  2.3310e-09  1.3520e-07
   27     59  8.8663e-09  5.2311e-07
   28     60  1.5148e-08  9.0887e-07
   28     61  3.1349e-08  1.9123e-06
   28     62  6.9267e-08  4.2945e-06
   28     64  1.0123e-07  6.4785e-06
   29     63  9.4008e-07  5.9225e-05
   29     65  2.4943e-07  1.6213e-05
   30     64  2.3780e-19  1.5219e-17
   30     66  6.0366e-07  3.9841e-05
   30     67  3.6727e-07  2.4607e-05
   30     68  8.8659e-08  6.0288e-06
   30     70  1.1466e-07  8.0263e-06
   31     69  2.7002e-08  1.8632e-06
   31     71  5.8048e-08  4.1214e-06
   32     70  1.3936e-14  9.7554e-13
   32     72  2.3640e-07  1.7021e-05
   32     73  2.8346e-07  2.0693e-05
   32     74  1.2089e-06  8.9459e-05
   32     76  1.9929e-06  1.5146e-04
   33     75  3.4543e-06  2.5907e-04
   34     76  4.2946e-12  3.2639e-10
   34     77  2.7386e-06  2.1087e-04
   34     78  2.3893e-06  1.8636e-04
   34     80  3.8469e-06  3.0776e-04
   34     82  7.4341e-07  6.0960e-05
   35     79  2.0244e-06  1.5993e-04
   35     81  7.4124e-07  6.0040e-05
   36     82  4.1898e-12  3.4356e-10
   36     83  5.3345e-07  4.4276e-05
   36     84  2.7091e-07  2.2757e-05
   36     86  3.1344e-07  2.6956e-05
   37     85  1.2654e-07  1.0756e-05
   37     87  4.7864e-07  4.1642e-05
   38     86  1.5324e-18  1.3179e-16
   38     87  3.5047e-09  3.0491e-07
   38     88  7.7057e-07  6.7810e-05
   39     89  3.0995e-07  2.7586e-05
   40     90  4.2690e-07  3.8421e-05
   40     91  2.7587e-07  2.5104e-05
   40     92  5.4046e-07  4.9722e-05
   40     94  7.0338e-07  6.6118e-05
   41     93  1.1539e-06  1.0732e-04
   42     95  5.5965e-07  5.3166e-05
   42     96  2.6622e-07  2.5557e-05
   42     97  3.4670e-07  3.3630e-05
   42     98  2.4238e-07  2.3753e-05
   42    100  1.8991e-07  1.8991e-05
   44     99  1.4824e-07  1.4675e-05
   44    100  1.7230e-14  1.7230e-12
   44    101  1.3118e-07  1.3250e-05
   44    102  2.0984e-07  2.1404e-05
   44    104  2.0151e-07  2.0957e-05
   45    103  2.4272e-07  2.5000e-05
   46    104  1.2432e-15  1.2929e-13
   46    105  3.3540e-07  3.5217e-05
   46    106  2.3324e-07  2.4724e-05
   46    108  2.3535e-07  2.5417e-05
   46    110  4.8018e-07  5.2820e-05
   47    107  3.3993e-07  3.6373e-05
   47    109  3.1405e-07  3.4232e-05
   48    110  1.8913e-13  2.0804e-11
   48    111  6.9225e-08  7.6840e-06
   48    112  2.3293e-07  2.6088e-05
   48    113  1.5139e-07  1.7107e-05
   48    114  1.5601e-07  1.7785e-05
   48    116  3.5074e-08  4.0686e-06
   49    113  6.6628e-15  7.5290e-13
   49    115  1.4188e-07  1.6316e-05
   50    115  1.1320e-13  1.3018e-11
   50    116  2.2759e-15  2.6401e-13
   50    117  1.2437e-07  1.4552e-05
   50    118  1.1408e-07  1.3462e-05
   50    119  1.2071e-07  1.4365e-05
   50    120  5.4107e-07  6.4929e-05
   50    122  1.0287e-06  1.2550e-04
   50    124  5.4427e-06  6.7489e-04
   51    121  7.3149e-07  8.8510e-05
   51    123  1.5484e-06  1.9045e-04
   52    122  1.6348e-13  1.9945e-11
   52    124  2.3906e-15  2.9643e-13
   52    125  3.7989e-06  4.7486e-04
   52    126  8.6115e-06  1.0851e-03
   52    128  8.8051e-06  1.1271e-03
   52    130  1.4707e-06  1.9119e-04
   53    127  6.6970e-06  8.5052e-04
   53    129  2.2476e-14  2.8994e-12
   54    128  4.7967e-17  6.1397e-15
   54    129  6.7507e-06  8.7085e-04
   54    130  1.2130e-13  1.5769e-11
   54    131  2.8074e-06  3.6777e-04
   54    132  5.1199e-06  6.7583e-04
   54    134  2.2840e-06  3.0606e-04
   54    136  1.7835e-06  2.4255e-04
   55    133  2.9411e-06  3.9116e-04
   56    134  2.9417e-17  3.9419e-15
   56    135  5.7995e-07  7.8294e-05
   56    136  7.3622e-16  1.0013e-13
   56    137  1.7918e-06  2.4548e-04
   56    138  1.6921e-06  2.3351e-04
   57    139  5.1829e-07  7.2042e-05
   58    140  2.6745e-06  3.7442e-04
   58    142  1.2221e-06  1.7353e-04
   59    141  1.1507e-06  1.6224e-04
   60    142  3.1162e-18  4.4250e-16
   60    143  4.2161e-07  6.0290e-05
   60    144  1.0376e-06  1.4942e-04
   60    145  5.8966e-07  8.5501e-05
   60    146  1.5075e-06  2.2009e-04
   60    148  1.8612e-06  2.7545e-04
   60    150  9.0349e-07  1.3552e-04
   62    147  1.7660e-06  2.5960e-04
   62    148  6.9947e-15  1.0352e-12
   62    149  7.4944e-07  1.1167e-04
   62    150  7.4424e-12  1.1164e-09
   62    152  1.5389e-06  2.3391e-04
   62    154  1.4774e-06  2.2751e-04
   63    151  1.2574e-06  1.8986e-04
   63    153  8.2667e-07  1.2648e-04
   64    154  1.9174e-13  2.9528e-11
   64    155  1.2039e-06  1.8661e-04
   64    156  1.6704e-06  2.6058e-04
   64    157  9.8078e-07  1.5398e-04
   64    158  1.7577e-06  2.7772e-04
   64    160  1.6176e-06  2.5882e-04
   65    159  1.1736e-06  1.8661e-04
   66    160  1.3393e-13  2.1429e-11
   66    161  8.5042e-07  1.3692e-04
   66    162  1.3765e-06  2.2299e-04
   66    163  9.1514e-07  1.4917e-04
   66    164  3.1728e-06  5.2033e-04
   67    165  1.5318e-06  2.5274e-04
   68    166  2.5329e-06  4.2046e-04
   68    167  1.8292e-06  3.0547e-04
   68    168  3.0401e-06  5.1074e-04
   68    170  2.1485e-06  3.6525e-04
   69    169  2.9602e-06  5.0027e-04
   70    170  6.1221e-14  1.0407e-11
   70    171  1.6255e-06  2.7796e-04
   70    172  1.4917e-06  2.5657e-04
   70    173  1.5508e-06  2.6829e-04
   70    174  2.7449e-06  4.7761e-04
   70    176  2.1095e-06  3.7127e-04
   71    175  1.3039e-06  2.2818e-04
   71    176  1.5956e-14  2.8083e-12
   72    176  1.4939e-16  2.6293e-14
   72    177  1.5516e-06  2.7464e-04
   72    178  2.1958e-06  3.9085e-04
   72    179  2.0061e-06  3.5909e-04
   72    180  3.5712e-06  6.4281e-04
   72    182  9.4272e-20  1.7157e-17
   73    181  3.4062e-06  6.1652e-04
   74    182  6.6522e-06  1.2107e-03
   74    183  2.3718e-06  4.3404e-04
   74    184  7.9421e-06  1.4614e-03
   74    186  1.8433e-05  3.4285e-03
   75    185  3.8645e-06  7.1493e-04
   75    187  7.2811e-06  1.3616e-03
   76    186  7.0196e-16  1.3056e-13
   76    187  5.9174e-08  1.1066e-05
   76    188  2.1434e-05  4.0295e-03
   76    189  1.9979e-05  3.7760e-03
   76    190  5.7415e-05  1.0909e-02
   76    192  4.1948e-05  8.0540e-03
   77    191  4.6344e-05  8.8516e-03
   77    193  4.2827e-05  8.2657e-03
   78    192  5.2654e-13  1.0110e-10
   78    194  4.5128e-05  8.7548e-03
   78    195  3.3504e-05  6.5333e-03
   78    196  1.9240e-05  3.7711e-03
   78    198  4.7183e-06  9.3422e-04
   79    197  1.2510e-05  2.4644e-03
   80    198  8.4552e-13  1.6741e-10
   80    199  1.4349e-06  2.8554e-04
   80    200  4.2253e-07  8.4506e-05
   80    201  4.9320e-07  9.9133e-05
   80    202  1.8575e-06  3.7522e-04
   80    204  1.0539e-05  2.1499e-03
   80    206  9.5193e-17  1.9610e-14
   81    203  5.0611e-06  1.0274e-03
   81    205  2.9986e-06  6.1470e-04
   81    207  3.5839e-20  7.4188e-18
   82    204  2.3958e-15  4.8874e-13
   82    206  4.4781e-05  9.2249e-03
   82    207  3.4027e-05  7.0435e-03
   82    208  4.7656e-05  9.9125e-03
   82    210  1.6458e-14  3.4562e-12
   82    211  2.7270e-19  5.7539e-17
   82    212  6.1910e-19  1.3125e-16
   82    214  3.7793e-20  8.0878e-18
   83    209  2.9367e-05  6.1378e-03
   83    210  1.0166e-17  2.1349e-15
   83    211  1.6135e-20  3.4046e-18
   83    212  5.8695e-20  1.2443e-17
   83    214  2.7940e-20  5.9791e-18
   84    210  2.8070e-16  5.8946e-14
   86    222  7.7483e-18  1.7201e-15
   88    223  1.2415e-16  2.7686e-14
   88    224  5.0759e-18  1.1370e-15
   88    226  1.1856e-12  2.6795e-10
   88    228  2.9258e-15  6.6707e-13
   89    227  8.6337e-14  1.9598e-11
   89    228  3.5726e-19  8.1455e-17
   90    227  1.9954e-16  4.5295e-14
   90    228  9.7477e-16  2.2225e-13
   90    230  5.5878e-11  1.2852e-08
   90    231  1.1549e-17  2.6677e-15
   90    232  7.1448e-06  1.6576e-03
   90    234  4.8833e-17  1.1427e-14
   91    231  1.2944e-10  2.9900e-08
   91    234  5.6581e-19  1.3240e-16
   92    234  1.8195e-10  4.2577e-08
   92    235  2.7897e-06  6.5558e-04
   92    236  1.2666e-08  2.9892e-06
   92    238  3.3101e-06  7.8781e-04
   92    240  6.1449e-19  1.4748e-16
   93    240  4.4875e-20  1.0770e-17
   94    239  5.7167e-18  1.3663e-15
   94    240  2.5070e-12  6.0169e-10
   94    244  3.0516e-08  7.4460e-06
   95    243  1.7476e-18  4.2467e-16
   96    244  8.2824e-18  2.0209e-15
   96    247  3.6885e-15  9.1106e-13
   97    246  4.2088e-10  1.0354e-07
  100    258  3.7962e-07  9.7941e-05
  100    260  3.1963e-07  8.3104e-05
  100    262  1.8920e-07  4.9569e-05
  102    260  4.8996e-18  1.2739e-15
  102    261  2.0120e-07  5.2513e-05
  102    263  9.3676e-08  2.4637e-05
  102    264  1.0008e-07  2.6420e-05
  102    266  4.0575e-08  1.0793e-05
  103    265  5.2938e-08  1.4029e-05
  104    267  1.3372e-08  3.5703e-06
  104    268  7.1439e-09  1.9146e-06
  104    270  6.4995e-09  1.7549e-06
  104    272  5.1794e-10  1.4088e-07
  104    274  5.6809e-10  1.5566e-07
  105    269  1.3093e-08  3.5221e-06
  105    271  1.7973e-09  4.8707e-07
  106    273  4.9359e-10  1.3475e-07
  106    275  8.7260e-11  2.3996e-08
  106    276  1.4833e-10  4.0938e-08
  106    278  2.1262e-10  5.9108e-08
  106    280  8.9800e-11  2.5144e-08
  107    277  6.5793e-11  1.8225e-08
  108    279  1.6338e-10  4.5582e-08
  108    281  8.2854e-11  2.3282e-08
  108    282  5.5862e-10  1.5753e-07
  108    283  6.1416e-11  1.7381e-08
  108    284  2.0764e-10  5.8970e-08
  108    286  1.0587e-10  3.0279e-08
  110    285  5.0392e-12  1.4362e-09
  110    287  8.5767e-11  2.4615e-08
  110    288  1.7934e-11  5.1648e-09
  110    290  5.1464e-11  1.4925e-08
  111    289  1.6308e-11  4.7130e-09
  111    290  1.1715e-20  3.3975e-18
  111    291  4.3035e-16  1.2523e-13
  111    292  5.4684e-11  1.5968e-08
  111    293  1.8083e-12  5.2982e-10
  111    294  1.0514e-12  3.0912e-10
  111    295  1.3571e-13  4.0036e-11
  111    296  4.0516e-14  1.1993e-11
  111    297  2.8775e-14  8.5462e-12
  111    298  6.9727e-16  2.0779e-13
  111    299  6.9766e-18  2.0860e-15
  111    300  7.9382e-17  2.3814e-14
  111    301  1.1124e-12  3.3482e-10
  111    302  1.0170e-12  3.0714e-10
  111    303  3.9077e-13  1.1840e-10
  111    304  7.0804e-13  2.1524e-10
  111    305  6.4348e-13  1.9626e-10
  111    306  4.8044e-13  1.4701e-10
  111    307  4.9986e-14  1.5346e-11
  111    308  2.6984e-14  8.3110e-12
  111    309  2.7439e-14  8.4787e-12
  111    310  3.4278e-14  1.0626e-11
  111    311  1.2850e-14  3.9963e-12
  111    312  1.4659e-14  4.5737e-12
  111    313  4.0268e-15  1.2604e-12
  111    314  7.8622e-15  2.4687e-12
  111    315  2.3451e-15  7.3871e-13
  111    316  4.2845e-15  1.3539e-12
  111    317  2.9300e-15  9.2882e-13
  111    318  4.4451e-15  1.4135e-12
  111    319  2.3128e-15  7.3778e-13
  111    320  4.6786e-15  1.4972e-12
  111    321  1.3810e-15  4.4329e-13
  111    322  7.0241e-16  2.2618e-13
  111    323  5.9165e-16  1.9110e-13
  111    324  7.8878e-16  2.5556e-13
  111    325  3.6008e-17  1.1703e-14
  111    326  2.5616e-16  8.3509e-14
  111    327  5.6557e-16  1.8494e-13
  111    328  4.8034e-19  1.5755e-16
  111    329  4.3160e-17  1.4200e-14
  111    330  3.8924e-19  1.2845e-16
  111    331  5.1417e-19  1.7019e-16
  111    332  1.7036e-18  5.6560e-16
  111    333  2.8142e-19  9.3712e-17
  111    334  1.0986e-19  3.6693e-17
  111    335  5.4574e-20  1.8282e-17
  111    336  5.7641e-20  1.9367e-17
  111    337  2.3988e-18  8.0840e-16
    1      1  7.3569e-08  7.3569e-08
    2      4  2.1535e-01  8.6141e-01


