    1      2  1.6693e-09  3.3387e-09
    2      3  6.2034e-11  1.8610e-10
    3      6  4.6567e-12  2.7940e-11
    3      7  7.6978e-11  5.3885e-10
    4      8  2.2192e-11  1.7753e-10
    4      9  2.3823e-12  2.1441e-11
    5     10  1.2370e-11  1.2370e-10
    5     11  9.7016e-11  1.0672e-09
    6     12  2.2481e-09  2.6977e-08
    6     13  8.1555e-09  1.0602e-07
    7     14  7.8842e-07  1.1038e-05
    7     15  9.6998e-07  1.4550e-05
    8     16  5.7911e-08  9.2657e-07
    8     17  1.0588e-09  1.8000e-08
    8     18  2.3776e-08  4.2797e-07
    9     19  2.7343e-07  5.1951e-06
   10     20  3.8861e-07  7.7722e-06
   10     21  3.5813e-07  7.5208e-06
   10     22  3.6819e-09  8.1001e-08
   11     23  2.4611e-07  5.6605e-06
   12     24  2.2280e-07  5.3472e-06
   12     25  1.4159e-07  3.5398e-06
   12     26  4.1491e-08  1.0788e-06
   13     26  1.4347e-18  3.7302e-17
   13     27  1.1590e-07  3.1294e-06
   14     28  6.3225e-07  1.7703e-05
   14     29  1.4883e-07  4.3161e-06
   14     30  1.5119e-07  4.5356e-06
   15     31  1.8561e-07  5.7541e-06
   16     32  2.2970e-07  7.3504e-06
   16     33  7.4475e-07  2.4577e-05
   16     34  7.6682e-07  2.6072e-05
   16     36  9.9373e-08  3.5774e-06
   17     35  1.2568e-08  4.3989e-07
   17     37  3.1283e-07  1.1575e-05
   18     36  3.4787e-20  1.2523e-18
   18     38  6.6583e-07  2.5302e-05
   18     40  1.2716e-06  5.0866e-05
   19     39  1.2567e-06  4.9013e-05
   19     41  1.5393e-07  6.3112e-06
   20     42  5.3583e-06  2.2505e-04
   20     43  1.7139e-07  7.3698e-06
   20     44  2.4820e-07  1.0921e-05
   20     46  2.7961e-07  1.2862e-05
   21     45  5.0453e-07  2.2704e-05
   22     46  1.4013e-19  6.4460e-18
   22     47  1.0441e-06  4.9072e-05
   22     48  1.6537e-06  7.9377e-05
   22     49  4.5047e-07  2.2073e-05
   22     50  9.2304e-07  4.6152e-05
   23     51  3.4508e-07  1.7599e-05
   24     52  1.7766e-06  9.2383e-05
   24     53  3.2067e-07  1.6995e-05
   24     54  8.2863e-08  4.4746e-06
   25     55  1.1034e-07  6.0689e-06
   26     56  4.6532e-08  2.6058e-06
   26     57  1.5455e-07  8.8094e-06
   26     58  2.3454e-09  1.3603e-07
   27     59  7.7341e-09  4.5631e-07
   28     60  1.1960e-08  7.1760e-07
   28     61  3.6544e-08  2.2292e-06
   28     62  9.3240e-08  5.7809e-06
   28     64  1.4649e-07  9.3752e-06
   29     63  1.1371e-06  7.1637e-05
   29     65  3.1726e-07  2.0622e-05
   30     64  1.2033e-20  7.7012e-19
   30     66  8.8659e-07  5.8515e-05
   30     67  4.2779e-07  2.8662e-05
   30     68  2.8137e-07  1.9133e-05
   30     70  1.0155e-06  7.1088e-05
   31     69  1.7386e-07  1.1997e-05
   31     71  3.1622e-07  2.2452e-05
   32     70  2.0965e-15  1.4676e-13
   32     72  8.2113e-07  5.9122e-05
   32     73  6.8290e-07  4.9851e-05
   32     74  1.2877e-06  9.5288e-05
   32     76  3.7396e-07  2.8421e-05
   33     75  4.4133e-07  3.3100e-05
   34     76  1.3682e-14  1.0399e-12
   34     77  1.2484e-06  9.6124e-05
   34     78  4.0968e-06  3.1955e-04
   34     80  2.6083e-05  2.0867e-03
   34     82  4.2492e-06  3.4843e-04
   35     79  6.3822e-06  5.0419e-04
   35     81  2.8955e-06  2.3454e-04
   36     82  6.7591e-13  5.5425e-11
   36     83  4.4221e-06  3.6704e-04
   36     84  3.1624e-06  2.6564e-04
   36     86  5.4231e-06  4.6639e-04
   37     85  2.2672e-06  1.9271e-04
   37     87  1.6249e-06  1.4137e-04
   38     86  4.7051e-19  4.0464e-17
   38     87  1.1898e-08  1.0351e-06
   38     88  2.2980e-06  2.0222e-04
   39     89  9.1799e-07  8.1702e-05
   40     90  1.3274e-06  1.1947e-04
   40     91  1.7463e-06  1.5891e-04
   40     92  4.5957e-06  4.2280e-04
   40     94  3.4323e-06  3.2263e-04
   41     93  5.4389e-06  5.0582e-04
   42     95  3.5409e-06  3.3638e-04
   42     96  1.4722e-06  1.4133e-04
   42     97  1.5686e-06  1.5216e-04
   42     98  1.5515e-06  1.5205e-04
   42    100  8.5639e-07  8.5639e-05
   44     99  8.5916e-07  8.5057e-05
   44    100  4.9573e-15  4.9573e-13
   44    101  6.9579e-07  7.0275e-05
   44    102  8.5123e-07  8.6825e-05
   44    104  9.9155e-07  1.0312e-04
   45    103  9.0686e-07  9.3407e-05
   46    104  8.8610e-17  9.2155e-15
   46    105  1.5769e-06  1.6557e-04
   46    106  1.2804e-06  1.3573e-04
   46    108  1.3883e-06  1.4994e-04
   46    110  4.3599e-06  4.7959e-04
   47    107  1.6889e-06  1.8071e-04
   47    109  2.2118e-06  2.4108e-04
   48    110  2.8461e-14  3.1307e-12
   48    111  5.9634e-07  6.6194e-05
   48    112  2.7227e-06  3.0494e-04
   48    113  1.4121e-06  1.5957e-04
   48    114  1.0846e-06  1.2364e-04
   48    116  9.0831e-08  1.0536e-05
   49    113  6.2149e-14  7.0228e-12
   49    115  7.5518e-07  8.6846e-05
   50    115  6.0253e-13  6.9291e-11
   50    116  1.6175e-16  1.8763e-14
   50    117  2.0836e-07  2.4378e-05
   50    118  1.7923e-07  2.1149e-05
   50    119  1.8919e-07  2.2514e-05
   50    120  6.2324e-07  7.4788e-05
   50    122  8.9461e-07  1.0914e-04
   50    124  8.9557e-06  1.1105e-03
   51    121  6.0465e-07  7.3163e-05
   51    123  1.4552e-06  1.7899e-04
   52    122  5.1834e-15  6.3238e-13
   52    124  1.2636e-16  1.5669e-14
   52    125  1.4322e-05  1.7902e-03
   52    126  6.7142e-05  8.4599e-03
   52    128  1.9814e-04  2.5362e-02
   52    130  5.1213e-05  6.6577e-03
   53    127  8.8174e-05  1.1198e-02
   53    129  3.1677e-13  4.0863e-11
   54    128  2.8424e-18  3.6383e-16
   54    129  1.6267e-04  2.0984e-02
   54    130  2.2138e-14  2.8779e-12
   54    131  3.5304e-05  4.6249e-03
   54    132  7.9855e-05  1.0541e-02
   54    134  3.5730e-05  4.7878e-03
   54    136  6.7718e-05  9.2096e-03
   55    133  2.9023e-05  3.8600e-03
   56    134  7.6575e-19  1.0261e-16
   56    135  3.5041e-05  4.7306e-03
   56    136  5.7878e-16  7.8714e-14
   56    137  2.9286e-05  4.0122e-03
   56    138  2.1743e-05  3.0006e-03
   57    139  8.5395e-06  1.1870e-03
   58    140  4.7998e-05  6.7197e-03
   58    142  3.3061e-06  4.6947e-04
   59    141  4.3362e-06  6.1140e-04
   60    142  4.2198e-20  5.9921e-18
   60    143  9.6446e-07  1.3792e-04
   60    144  3.4653e-06  4.9900e-04
   60    145  2.5224e-06  3.6574e-04
   60    146  6.4513e-06  9.4189e-04
   60    148  1.3819e-05  2.0452e-03
   60    150  6.1916e-06  9.2874e-04
   62    147  8.4246e-06  1.2384e-03
   62    148  3.4052e-16  5.0396e-14
   62    149  4.9264e-06  7.3403e-04
   62    150  1.2827e-12  1.9241e-10
   62    152  1.0664e-05  1.6209e-03
   62    154  9.7847e-06  1.5068e-03
   63    151  8.9506e-06  1.3515e-03
   63    153  5.9100e-06  9.0423e-04
   64    154  1.8898e-14  2.9104e-12
   64    155  5.6605e-06  8.7737e-04
   64    156  1.7536e-05  2.7356e-03
   64    157  8.3388e-06  1.3092e-03
   64    158  1.9952e-05  3.1524e-03
   64    160  1.1487e-05  1.8379e-03
   65    159  1.1310e-05  1.7983e-03
   66    160  1.9735e-14  3.1576e-12
   66    161  5.5163e-06  8.8812e-04
   66    162  1.5540e-05  2.5174e-03
   66    163  7.4020e-06  1.2065e-03
   66    164  2.3246e-05  3.8124e-03
   67    165  8.6921e-06  1.4342e-03
   68    166  2.0371e-05  3.3815e-03
   68    167  8.0463e-06  1.3437e-03
   68    168  2.6455e-05  4.4445e-03
   68    170  1.3685e-05  2.3265e-03
   69    169  1.4208e-05  2.4012e-03
   70    170  3.6664e-15  6.2329e-13
   70    171  9.4386e-06  1.6140e-03
   70    172  8.1538e-06  1.4025e-03
   70    173  1.3400e-05  2.3181e-03
   70    174  1.6075e-05  2.7971e-03
   70    176  6.9510e-06  1.2234e-03
   71    175  7.0105e-06  1.2268e-03
   71    176  8.4323e-16  1.4841e-13
   72    176  7.8948e-18  1.3895e-15
   72    177  4.4589e-06  7.8922e-04
   72    178  3.2627e-06  5.8077e-04
   72    179  1.8661e-06  3.3402e-04
   72    180  1.3111e-06  2.3600e-04
   73    181  9.4988e-07  1.7193e-04
   74    182  1.4277e-06  2.5985e-04
   74    183  4.9635e-07  9.0833e-05
   74    184  2.2214e-06  4.0874e-04
   74    186  3.8372e-06  7.1372e-04
   75    185  8.4070e-07  1.5553e-04
   75    187  1.8495e-06  3.4586e-04
   76    186  8.5831e-19  1.5965e-16
   76    187  1.5032e-08  2.8109e-06
   76    188  2.2567e-06  4.2426e-04
   76    189  2.0796e-06  3.9305e-04
   76    190  2.9200e-06  5.5480e-04
   76    192  1.0662e-06  2.0471e-04
   77    191  1.4512e-06  2.7717e-04
   77    193  7.3403e-07  1.4167e-04
   78    192  2.7598e-16  5.2988e-14
   78    194  7.5051e-07  1.4560e-04
   78    195  6.0933e-07  1.1882e-04
   78    196  5.3629e-07  1.0511e-04
   78    198  2.3092e-07  4.5721e-05
   79    197  3.9063e-07  7.6954e-05
   80    198  1.7111e-16  3.3880e-14
   80    199  4.2881e-08  8.5333e-06
   80    200  5.2527e-09  1.0505e-06
   80    201  1.2405e-10  2.4934e-08
   80    202  2.0028e-11  4.0457e-09
   80    204  1.5977e-11  3.2593e-09
   81    203  2.4578e-11  4.9893e-09
   81    205  1.6633e-12  3.4098e-10
   81    210  5.1176e-19  1.0747e-16
   82    206  3.4725e-11  7.1534e-09
   82    207  3.9277e-11  8.1303e-09
   82    208  3.9288e-11  8.1720e-09
   83    209  2.1878e-11  4.5725e-09
   84    214  2.5669e-15  5.4932e-13
   84    215  1.1007e-14  2.3665e-12
   84    218  2.3222e-16  5.0625e-14
   88    226  9.3597e-20  2.1153e-17
   89    227  1.1569e-20  2.6263e-18
   90    230  4.4112e-18  1.0146e-15
   90    232  1.3548e-12  3.1431e-10
   91    231  1.7345e-17  4.0067e-15
   92    234  1.4364e-17  3.3612e-15
   92    235  3.7383e-13  8.7851e-11
   92    236  4.4613e-16  1.0529e-13
   92    238  2.6131e-13  6.2193e-11
   94    240  3.6944e-19  8.8665e-17
   94    244  8.3474e-16  2.0368e-13
   97    246  1.4844e-17  3.6517e-15
  100    258  4.3636e-15  1.1258e-12
  100    260  2.6509e-15  6.8924e-13
  100    262  1.2412e-15  3.2519e-13
  102    261  1.4223e-15  3.7122e-13
  102    263  7.6036e-16  1.9997e-13
  102    264  9.3434e-16  2.4667e-13
  102    266  5.6546e-16  1.5041e-13
  103    265  5.2234e-16  1.3842e-13
  104    267  2.4976e-16  6.6686e-14
  104    268  1.4332e-16  3.8409e-14
  104    270  1.3620e-16  3.6775e-14
  104    272  1.6875e-17  4.5899e-15
  104    274  1.5732e-17  4.3105e-15
  105    269  2.9132e-16  7.8364e-14
  105    271  4.0410e-17  1.0951e-14
  106    273  1.5853e-17  4.3278e-15
  106    275  2.6547e-18  7.3004e-16
  106    276  2.6970e-18  7.4438e-16
  106    278  2.1150e-19  5.8797e-17
  107    277  2.7622e-19  7.6513e-17
  108    279  2.7292e-20  7.6144e-18
    1      1  1.7185e-09  1.7185e-09
    2      4  1.9838e-01  7.9350e-01


