    1      2  2.6059e-17  5.2117e-17
    5     10  1.6978e-20  1.6978e-19
    6     12  1.7314e-06  2.0776e-05
    6     13  2.4097e-11  3.1326e-10
    7     14  4.5099e-16  6.3138e-15
    7     15  1.9686e-20  2.9529e-19
    8     16  5.0788e-09  8.1261e-08
    8     17  1.1115e-17  1.8896e-16
    9     19  1.1814e-20  2.2447e-19
   10     20  3.8245e-09  7.6491e-08
   10     21  8.4554e-15  1.7756e-13
   10     22  7.0719e-19  1.5558e-17
   11     23  4.2696e-13  9.8200e-12
   12     24  4.0016e-09  9.6038e-08
   12     25  4.6027e-13  1.1507e-11
   12     26  8.0858e-12  2.1023e-10
   13     26  6.9609e-14  1.8098e-12
   13     27  6.5321e-10  1.7637e-08
   14     28  1.2599e-08  3.5277e-07
   14     29  1.3881e-10  4.0256e-09
   14     30  8.1181e-09  2.4354e-07
   15     31  2.1928e-09  6.7975e-08
   16     32  1.7577e-08  5.6248e-07
   16     33  1.6160e-09  5.3327e-08
   16     34  4.0000e-08  1.3600e-06
   16     36  8.1313e-10  2.9273e-08
   17     35  7.0642e-09  2.4725e-07
   17     37  1.8941e-09  7.0081e-08
   18     36  6.7873e-09  2.4434e-07
   18     38  1.1064e-07  4.2044e-06
   18     40  8.7608e-09  3.5043e-07
   19     39  1.6537e-08  6.4496e-07
   19     40  1.7643e-10  7.0570e-09
   19     41  2.4371e-09  9.9921e-08
   20     40  1.8483e-10  7.3931e-09
   20     42  3.4203e-08  1.4365e-06
   20     43  1.4351e-08  6.1708e-07
   20     44  2.6671e-08  1.1735e-06
   20     46  2.7509e-08  1.2654e-06
   21     45  1.8421e-08  8.2894e-07
   22     46  1.4490e-09  6.6656e-08
   22     47  1.4125e-08  6.6389e-07
   22     48  1.0760e-07  5.1646e-06
   22     49  1.3740e-08  6.7328e-07
   22     50  1.5346e-08  7.6728e-07
   23     51  3.5944e-08  1.8331e-06
   24     50  5.5111e-12  2.7555e-10
   24     52  5.0624e-07  2.6325e-05
   24     53  1.8067e-08  9.5755e-07
   24     54  7.6234e-08  4.1166e-06
   25     55  7.2997e-08  4.0148e-06
   26     54  4.0096e-15  2.1652e-13
   26     56  3.7673e-07  2.1097e-05
   26     57  6.5642e-09  3.7416e-07
   26     58  4.8552e-07  2.8160e-05
   27     59  9.9612e-08  5.8771e-06
   28     58  2.4374e-18  1.4137e-16
   28     60  1.7340e-08  1.0404e-06
   28     61  3.6729e-08  2.2404e-06
   28     62  1.2081e-06  7.4904e-05
   28     64  1.5616e-07  9.9940e-06
   29     63  5.9291e-09  3.7353e-07
   29     65  1.8790e-07  1.2213e-05
   30     64  2.3207e-15  1.4852e-13
   30     66  1.8113e-08  1.1954e-06
   30     67  4.2296e-08  2.8338e-06
   30     68  2.0276e-06  1.3788e-04
   30     70  5.1647e-08  3.6153e-06
   31     69  1.7246e-08  1.1900e-06
   31     71  2.0749e-07  1.4732e-05
   32     70  1.6688e-14  1.1682e-12
   32     72  5.4247e-09  3.9058e-07
   32     73  9.0372e-08  6.5971e-06
   32     74  1.1576e-06  8.5665e-05
   32     76  1.4932e-06  1.1349e-04
   33     75  5.8291e-09  4.3718e-07
   34     74  5.5572e-20  4.1123e-18
   34     76  7.2195e-16  5.4868e-14
   34     77  1.5508e-07  1.1941e-05
   34     78  1.9414e-08  1.5143e-06
   34     80  3.7465e-06  2.9972e-04
   34     82  1.6546e-07  1.3567e-05
   35     79  2.4368e-07  1.9250e-05
   35     81  4.5908e-08  3.7185e-06
   36     80  7.0646e-19  5.6517e-17
   36     82  3.5228e-13  2.8887e-11
   36     83  9.8096e-07  8.1420e-05
   36     84  1.6010e-04  1.3448e-02
   36     86  1.8405e-03  1.5829e-01
   37     85  1.9523e-04  1.6595e-02
   37     87  1.4765e-04  1.2846e-02
   38     86  3.0266e-08  2.6029e-06
   38     87  1.0811e-06  9.4057e-05
   38     88  1.5108e-03  1.3295e-01
   39     89  4.9381e-04  4.3949e-02
   40     90  1.8611e-04  1.6750e-02
   40     91  1.2907e-04  1.1745e-02
   40     92  1.5300e-03  1.4076e-01
   40     94  1.1108e-04  1.0441e-02
   41     93  3.0789e-05  2.8634e-03
   42     94  1.7490e-14  1.6441e-12
   42     95  7.2039e-05  6.8437e-03
   42     96  1.0124e-04  9.7189e-03
   42     97  3.4180e-06  3.3154e-04
   42     98  3.6061e-06  3.5339e-04
   42    100  1.3792e-08  1.3792e-06
   44     98  7.2066e-18  7.0624e-16
   44     99  4.2810e-07  4.2382e-05
   44    100  3.5068e-15  3.5068e-13
   44    101  8.1133e-07  8.1944e-05
   44    102  3.1080e-07  3.1701e-05
   44    104  2.1696e-06  2.2564e-04
   45    103  1.9265e-07  1.9843e-05
   46    104  1.8398e-17  1.9134e-15
   46    105  5.4079e-08  5.6783e-06
   46    106  6.0729e-08  6.4372e-06
   46    108  2.3627e-08  2.5517e-06
   46    110  1.7118e-08  1.8830e-06
   47    107  1.9704e-08  2.1083e-06
   47    109  4.5907e-10  5.0038e-08
   48    110  5.5446e-18  6.0991e-16
   48    111  1.5846e-09  1.7590e-07
   48    112  1.8166e-10  2.0345e-08
   48    113  1.9313e-09  2.1823e-07
   48    114  2.7127e-10  3.0925e-08
   48    116  1.2069e-10  1.4000e-08
   49    113  8.4996e-17  9.6046e-15
   49    115  1.2259e-11  1.4098e-09
   50    115  9.7811e-18  1.1248e-15
   50    117  8.4069e-12  9.8361e-10
   50    118  1.1027e-12  1.3012e-10
   50    119  1.1200e-11  1.3328e-09
   50    120  8.7983e-13  1.0558e-10
   50    122  1.7391e-12  2.1217e-10
   50    124  1.6527e-13  2.0493e-11
   51    121  2.7114e-13  3.2808e-11
   51    123  9.7735e-15  1.2021e-12
   52    125  9.6411e-14  1.2051e-11
   52    126  2.2231e-15  2.8011e-13
   52    128  3.4210e-15  4.3789e-13
   52    130  8.0452e-15  1.0459e-12
   53    127  6.1724e-14  7.8389e-12
   54    129  3.7820e-15  4.8788e-13
   54    131  2.2974e-16  3.0096e-14
   54    132  4.2527e-15  5.6135e-13
   54    134  2.9717e-17  3.9821e-15
   55    133  4.6296e-16  6.1574e-14
   56    135  4.7622e-19  6.4290e-17
    1      1  3.6322e-09  3.6322e-09
    2      4  1.0514e-01  4.2057e-01


