    1      2  7.2168e-10  1.4434e-09
    2      3  1.3126e-11  3.9379e-11
    3      6  2.0067e-12  1.2040e-11
    3      7  2.5525e-11  1.7868e-10
    4      8  5.2325e-13  4.1860e-12
    4      9  2.6338e-17  2.3704e-16
    5     10  5.2557e-12  5.2557e-11
    5     11  2.6766e-11  2.9443e-10
    6     12  3.9957e-09  4.7949e-08
    6     13  1.6979e-11  2.2073e-10
    7     14  1.4025e-07  1.9635e-06
    7     15  1.7449e-08  2.6173e-07
    8     16  1.4925e-09  2.3881e-08
    8     17  9.2562e-11  1.5736e-09
    8     18  3.8459e-08  6.9225e-07
    9     19  1.9595e-08  3.7230e-07
   10     20  2.7805e-08  5.5610e-07
   10     21  2.8534e-08  5.9921e-07
   10     22  6.5357e-09  1.4379e-07
   11     23  1.8890e-08  4.3448e-07
   12     24  2.5111e-08  6.0267e-07
   12     25  3.4620e-08  8.6549e-07
   12     26  8.2626e-07  2.1483e-05
   13     26  3.9848e-16  1.0360e-14
   13     27  3.8776e-08  1.0470e-06
   14     28  7.3360e-08  2.0541e-06
   14     29  4.3296e-08  1.2556e-06
   14     30  5.1709e-08  1.5513e-06
   15     31  5.1654e-08  1.6013e-06
   16     32  5.4513e-08  1.7444e-06
   16     33  3.7252e-07  1.2293e-05
   16     34  4.0492e-07  1.3767e-05
   16     36  7.3227e-08  2.6362e-06
   17     35  9.3683e-09  3.2789e-07
   17     37  4.1262e-07  1.5267e-05
   18     36  3.9275e-19  1.4139e-17
   18     38  7.1269e-07  2.7082e-05
   18     40  8.0026e-07  3.2011e-05
   19     39  1.1587e-06  4.5188e-05
   19     41  6.0895e-08  2.4967e-06
   20     42  2.7198e-06  1.1423e-04
   20     43  3.1403e-08  1.3503e-06
   20     44  7.8178e-07  3.4398e-05
   20     46  1.0470e-06  4.8161e-05
   21     45  2.9090e-06  1.3090e-04
   22     46  1.9816e-17  9.1151e-16
   22     47  5.7197e-07  2.6883e-05
   22     48  8.0024e-07  3.8412e-05
   22     49  7.9615e-08  3.9011e-06
   22     50  7.2545e-07  3.6272e-05
   23     51  8.6885e-07  4.4312e-05
   24     52  4.5792e-07  2.3812e-05
   24     53  2.0734e-07  1.0989e-05
   24     54  9.7495e-08  5.2647e-06
   25     55  5.2049e-08  2.8627e-06
   26     56  4.4252e-07  2.4781e-05
   26     57  1.3961e-06  7.9575e-05
   26     58  2.2109e-08  1.2823e-06
   27     59  6.6785e-08  3.9403e-06
   28     60  7.0339e-08  4.2203e-06
   28     61  7.7123e-08  4.7045e-06
   28     62  1.8922e-07  1.1731e-05
   28     64  1.4399e-07  9.2154e-06
   29     63  1.9708e-06  1.2416e-04
   29     65  2.6953e-07  1.7519e-05
   30     64  4.7005e-19  3.0083e-17
   30     66  5.7283e-07  3.7807e-05
   30     67  4.7708e-07  3.1965e-05
   30     68  3.4857e-07  2.3703e-05
   30     70  1.4637e-06  1.0246e-04
   31     69  3.5766e-07  2.4679e-05
   31     71  5.0322e-07  3.5729e-05
   32     70  9.5807e-14  6.7065e-12
   32     72  1.4595e-06  1.0508e-04
   32     73  2.3170e-06  1.6914e-04
   32     74  6.1221e-06  4.5303e-04
   32     76  1.2930e-06  9.8271e-05
   33     75  1.2636e-06  9.4768e-05
   34     76  8.5228e-13  6.4773e-11
   34     77  6.7363e-06  5.1869e-04
   34     78  3.0483e-05  2.3777e-03
   34     80  1.4210e-05  1.1368e-03
   34     82  5.8104e-06  4.7646e-04
   35     79  2.2015e-05  1.7392e-03
   35     81  5.0838e-06  4.1179e-04
   36     82  2.5355e-11  2.0791e-09
   36     83  3.0969e-06  2.5705e-04
   36     84  1.0936e-05  9.1860e-04
   36     86  2.9446e-06  2.5323e-04
   37     85  2.8676e-06  2.4374e-04
   37     87  2.1825e-06  1.8988e-04
   38     86  1.3292e-17  1.1431e-15
   38     87  1.5981e-08  1.3903e-06
   38     88  4.2257e-06  3.7187e-04
   39     89  3.2666e-06  2.9072e-04
   40     90  4.6669e-06  4.2002e-04
   40     91  3.7939e-06  3.4525e-04
   40     92  6.7244e-06  6.1864e-04
   40     94  4.5595e-06  4.2860e-04
   41     93  7.2554e-06  6.7475e-04
   42     95  4.1023e-06  3.8972e-04
   42     96  2.9424e-06  2.8247e-04
   42     97  3.5932e-06  3.4854e-04
   42     98  4.2626e-06  4.1773e-04
   42    100  3.2825e-06  3.2825e-04
   44     99  2.0083e-06  1.9882e-04
   44    100  2.6994e-13  2.6994e-11
   44    101  2.7319e-06  2.7593e-04
   44    102  7.3913e-06  7.5392e-04
   44    104  4.2927e-06  4.4645e-04
   45    103  8.1046e-06  8.3477e-04
   46    104  1.7513e-14  1.8213e-12
   46    105  3.9792e-06  4.1782e-04
   46    106  2.7041e-06  2.8664e-04
   46    108  2.8877e-06  3.1187e-04
   46    110  7.4870e-06  8.2357e-04
   47    107  3.7955e-06  4.0611e-04
   47    109  4.6028e-06  5.0170e-04
   48    110  1.2863e-12  1.4149e-10
   48    111  9.8286e-07  1.0910e-04
   48    112  3.8377e-06  4.2982e-04
   48    113  2.8187e-06  3.1851e-04
   48    114  2.9300e-06  3.3403e-04
   48    116  3.0165e-07  3.4992e-05
   49    113  1.2405e-13  1.4018e-11
   49    115  2.3078e-06  2.6540e-04
   50    115  1.8413e-12  2.1175e-10
   50    116  1.2286e-14  1.4252e-12
   50    117  1.2480e-06  1.4601e-04
   50    118  1.0339e-06  1.2200e-04
   50    119  9.5159e-07  1.1324e-04
   50    120  3.9416e-06  4.7300e-04
   50    122  9.7067e-06  1.1842e-03
   50    124  9.9537e-05  1.2343e-02
   51    121  8.6635e-06  1.0483e-03
   51    123  2.1708e-05  2.6701e-03
   52    122  1.5447e-12  1.8845e-10
   52    124  4.9624e-14  6.1534e-12
   52    125  1.4210e-04  1.7762e-02
   52    126  4.2693e-04  5.3794e-02
   52    128  3.6735e-04  4.7021e-02
   52    130  4.7660e-05  6.1959e-03
   53    127  3.0545e-04  3.8793e-02
   53    129  4.2216e-13  5.4459e-11
   54    128  3.9832e-16  5.0985e-14
   54    129  2.1443e-04  2.7661e-02
   54    130  9.0106e-13  1.1714e-10
   54    131  1.6413e-05  2.1501e-03
   54    132  2.4469e-05  3.2299e-03
   54    134  4.6708e-06  6.2588e-04
   54    136  2.0878e-06  2.8394e-04
   55    133  5.1528e-06  6.8533e-04
   56    134  7.8144e-18  1.0471e-15
   56    135  1.4853e-06  2.0051e-04
   56    136  6.1571e-16  8.3737e-14
   56    137  5.6050e-07  7.6789e-05
   56    138  3.9910e-07  5.5075e-05
   57    139  2.1352e-07  2.9679e-05
   58    140  1.3746e-06  1.9244e-04
   58    142  1.4047e-08  1.9946e-06
   59    141  5.7488e-08  8.1058e-06
   60    142  2.5903e-20  3.6782e-18
   60    143  1.4270e-08  2.0407e-06
   60    144  7.1996e-08  1.0367e-05
   60    145  3.6034e-08  5.2249e-06
   60    146  4.9305e-08  7.1985e-06
   60    148  3.5264e-08  5.2191e-06
   60    150  1.4518e-08  2.1778e-06
   62    147  4.6739e-08  6.8706e-06
   62    148  5.0926e-17  7.5371e-15
   62    149  1.4703e-08  2.1908e-06
   62    150  8.4490e-14  1.2674e-11
   62    152  2.8236e-08  4.2918e-06
   62    154  2.4424e-08  3.7613e-06
   63    151  6.2648e-09  9.4598e-07
   63    153  2.1988e-08  3.3642e-06
   64    154  1.6832e-15  2.5921e-13
   64    155  4.9301e-08  7.6417e-06
   64    156  6.0314e-09  9.4089e-07
   64    157  8.3081e-09  1.3044e-06
   64    158  7.7036e-09  1.2172e-06
   64    160  9.0408e-09  1.4465e-06
   65    159  5.8208e-09  9.2550e-07
   66    160  2.2919e-16  3.6671e-14
   66    161  7.7688e-09  1.2508e-06
   66    162  2.9462e-09  4.7729e-07
   66    163  2.6042e-09  4.2448e-07
   66    164  3.5045e-09  5.7474e-07
   67    165  3.1118e-09  5.1344e-07
   68    166  3.3998e-09  5.6436e-07
   68    167  4.5430e-09  7.5869e-07
   68    168  2.5162e-09  4.2272e-07
   68    170  1.5080e-09  2.5635e-07
   69    169  5.9163e-09  9.9985e-07
   70    170  3.4140e-17  5.8038e-15
   70    171  1.0142e-09  1.7343e-07
   70    172  3.3905e-10  5.8317e-08
   70    173  3.7392e-10  6.4687e-08
   70    174  7.6528e-10  1.3316e-07
   70    176  5.8642e-10  1.0321e-07
   71    175  1.8769e-10  3.2846e-08
   71    176  5.6610e-19  9.9634e-17
   72    177  3.7129e-10  6.5719e-08
   72    178  9.4953e-11  1.6902e-08
   72    179  4.0214e-11  7.1983e-09
   72    180  4.0778e-11  7.3400e-09
   73    181  2.9825e-11  5.3983e-09
   74    182  2.5020e-11  4.5537e-09
   74    183  7.9316e-12  1.4515e-09
   74    184  4.0662e-12  7.4817e-10
   74    186  2.5336e-12  4.7125e-10
   75    185  1.3078e-12  2.4193e-10
   75    187  1.1554e-12  2.1606e-10
   76    187  9.3901e-15  1.7559e-12
   76    188  4.7178e-12  8.8695e-10
   76    189  1.5370e-12  2.9050e-10
   76    190  3.9548e-12  7.5142e-10
   76    192  2.0719e-12  3.9781e-10
   77    191  6.9161e-12  1.3210e-09
   77    193  1.2120e-12  2.3392e-10
   78    192  2.7849e-20  5.3470e-18
   78    194  1.7964e-12  3.4849e-10
   78    195  8.0499e-13  1.5697e-10
   78    196  3.0279e-13  5.9347e-11
   78    198  3.6890e-14  7.3043e-12
   79    197  9.8973e-14  1.9498e-11
   80    199  1.0598e-14  2.1091e-12
   80    200  6.4304e-15  1.2861e-12
   80    201  1.9646e-15  3.9488e-13
   80    202  3.1639e-16  6.3910e-14
   80    204  1.7022e-18  3.4725e-16
   81    203  2.8371e-17  5.7593e-15
   81    205  8.2977e-20  1.7010e-17
   82    206  1.1005e-20  2.2671e-18
    1      1  1.0519e-08  1.0519e-08
    2      4  1.9018e-01  7.6070e-01


