1  1.0001e-11
2  1.7114e-26
3  6.8622e-26
4  4.9155e-02
5  0.0000e+00
6  4.8212e-33
7  9.8804e-28
8  7.8110e-21
9  3.3000e-32
10  1.5435e-20
11  5.1214e-32
12  1.1642e-06
13  9.8541e-14
14  1.1752e-20
15  1.0746e-19
16  2.9520e-09
17  3.8888e-20
18  9.3018e-26
19  4.0513e-20
20  2.5545e-09
21  5.8089e-17
22  5.3300e-19
23  2.9047e-13
24  2.7456e-09
25  3.3185e-15
26  5.5348e-12
27  4.4992e-10
28  9.0825e-09
29  9.5397e-11
30  5.7470e-09
31  1.6028e-09
32  1.3670e-08
33  1.6405e-09
34  2.8083e-08
35  6.6070e-09
36  1.0815e-08
37  2.9094e-09
38  1.1036e-07
39  6.5435e-09
40  2.4992e-08
41  3.4726e-09
42  2.1831e-07
43  2.6847e-09
44  7.5130e-09
45  7.4184e-08
46  1.6157e-07
47  1.4186e-08
48  1.2383e-07
49  1.5967e-07
50  5.6042e-08
51  1.5113e-07
52  1.8831e-07
53  9.5092e-08
54  1.7958e-07
55  2.0906e-07
56  4.6186e-06
57  3.0609e-07
58  9.6631e-07
59  4.3513e-06
60  1.0924e-03
61  8.4018e-05
62  4.7321e-03
63  1.2466e-04
64  1.3919e-04
65  7.7328e-05
66  2.6685e-03
67  1.0358e-05
68  1.2105e-04
69  2.6268e-05
70  2.0160e-04
71  3.4957e-06
72  2.3076e-04
73  2.9613e-06
74  6.0220e-06
75  4.0239e-06
76  6.2360e-05
77  1.4346e-06
78  3.1835e-05
79  4.3234e-06
80  1.7114e-06
81  2.1237e-06
82  1.0773e-05
83  5.6684e-07
84  6.9066e-06
85  2.9315e-06
86  4.5516e-06
87  1.1879e-05
88  9.6115e-04
89  3.3818e-04
90  7.9822e-04
91  3.5735e-06
92  2.7965e-07
93  2.4249e-08
94  4.9104e-08
95  4.6857e-10
96  1.4959e-10
97  3.1765e-12
98  5.0632e-12
99  1.0352e-13
100  1.9314e-13
101  1.0689e-15
102  3.3364e-16
103  2.0277e-17
104  5.2065e-17
105  2.4972e-19
106  2.8395e-19
107  4.7882e-21
108  4.3458e-21
109  6.2194e-23
110  2.0915e-22
111  7.6344e-25
112  3.6520e-25
113  4.3811e-26
114  1.5501e-26
115  5.6887e-27
116  1.0005e-27
117  0.0000e+00
118  0.0000e+00
119  0.0000e+00
120  0.0000e+00
121  0.0000e+00
122  0.0000e+00
123  0.0000e+00
124  0.0000e+00
125  0.0000e+00
126  0.0000e+00
127  0.0000e+00
128  0.0000e+00
129  0.0000e+00
130  0.0000e+00
131  0.0000e+00
132  0.0000e+00
133  0.0000e+00
134  0.0000e+00
135  0.0000e+00
136  0.0000e+00
137  0.0000e+00
138  0.0000e+00
139  0.0000e+00
140  0.0000e+00
141  0.0000e+00
142  0.0000e+00
143  0.0000e+00
144  0.0000e+00
145  0.0000e+00
146  0.0000e+00
147  0.0000e+00
148  0.0000e+00
149  0.0000e+00
150  0.0000e+00
151  0.0000e+00
152  0.0000e+00
153  0.0000e+00
154  0.0000e+00
155  0.0000e+00
156  0.0000e+00
157  0.0000e+00
158  0.0000e+00
159  0.0000e+00
160  0.0000e+00
161  0.0000e+00
162  0.0000e+00
163  0.0000e+00
164  0.0000e+00
165  0.0000e+00
166  0.0000e+00
167  0.0000e+00
168  0.0000e+00
169  0.0000e+00
170  0.0000e+00
171  0.0000e+00
172  0.0000e+00
173  0.0000e+00
174  0.0000e+00
175  0.0000e+00
176  0.0000e+00
177  0.0000e+00
178  0.0000e+00
179  0.0000e+00
180  0.0000e+00
181  0.0000e+00
182  0.0000e+00
183  0.0000e+00
184  0.0000e+00
185  0.0000e+00
186  0.0000e+00
187  0.0000e+00
188  0.0000e+00
189  0.0000e+00
190  0.0000e+00
191  0.0000e+00
192  0.0000e+00
193  0.0000e+00
194  0.0000e+00
195  0.0000e+00
196  0.0000e+00
197  0.0000e+00
198  0.0000e+00
199  0.0000e+00
200  0.0000e+00
201  0.0000e+00
202  0.0000e+00
203  0.0000e+00
204  0.0000e+00
205  0.0000e+00
206  0.0000e+00
207  0.0000e+00
208  0.0000e+00
209  0.0000e+00
210  0.0000e+00
211  0.0000e+00
212  0.0000e+00
213  0.0000e+00
214  0.0000e+00
215  0.0000e+00
216  0.0000e+00
217  0.0000e+00
218  0.0000e+00
219  0.0000e+00
220  0.0000e+00
221  0.0000e+00
222  0.0000e+00
223  0.0000e+00
224  0.0000e+00
225  0.0000e+00
226  0.0000e+00
227  0.0000e+00
228  0.0000e+00
229  0.0000e+00
230  0.0000e+00
231  0.0000e+00
232  0.0000e+00
233  0.0000e+00
234  0.0000e+00
235  0.0000e+00
236  0.0000e+00
237  0.0000e+00
238  0.0000e+00
239  0.0000e+00
240  0.0000e+00
241  0.0000e+00
242  0.0000e+00
243  0.0000e+00
244  0.0000e+00
245  0.0000e+00
246  0.0000e+00
247  0.0000e+00
248  0.0000e+00
249  0.0000e+00
250  0.0000e+00
251  0.0000e+00
252  0.0000e+00
253  0.0000e+00
254  0.0000e+00
255  0.0000e+00
256  0.0000e+00
257  0.0000e+00
258  0.0000e+00
259  0.0000e+00
260  0.0000e+00
261  0.0000e+00
262  0.0000e+00
263  0.0000e+00
264  0.0000e+00
265  0.0000e+00
266  0.0000e+00
267  0.0000e+00
268  0.0000e+00
269  0.0000e+00
270  0.0000e+00
271  0.0000e+00
272  0.0000e+00
273  0.0000e+00
274  0.0000e+00
275  0.0000e+00
276  0.0000e+00
277  0.0000e+00
278  0.0000e+00
279  0.0000e+00
280  0.0000e+00
281  0.0000e+00
282  0.0000e+00
283  0.0000e+00
284  0.0000e+00
285  0.0000e+00
286  0.0000e+00
287  0.0000e+00
288  0.0000e+00
289  0.0000e+00
290  0.0000e+00
291  0.0000e+00
292  0.0000e+00
293  0.0000e+00
294  0.0000e+00
295  0.0000e+00
296  0.0000e+00
297  0.0000e+00
298  0.0000e+00
299  0.0000e+00
300  0.0000e+00
301  0.0000e+00
302  0.0000e+00
303  0.0000e+00
304  0.0000e+00
305  0.0000e+00
306  0.0000e+00
307  0.0000e+00
308  0.0000e+00
309  0.0000e+00
310  0.0000e+00
311  0.0000e+00
312  0.0000e+00
313  0.0000e+00
314  0.0000e+00
315  0.0000e+00
316  0.0000e+00
317  0.0000e+00
318  0.0000e+00
319  0.0000e+00
320  0.0000e+00
321  0.0000e+00
322  0.0000e+00
323  0.0000e+00
324  0.0000e+00
325  0.0000e+00
326  0.0000e+00
327  0.0000e+00
328  0.0000e+00
329  0.0000e+00
330  0.0000e+00
331  0.0000e+00
332  0.0000e+00
333  0.0000e+00
334  0.0000e+00
335  0.0000e+00
336  0.0000e+00
337  0.0000e+00

