1  1.9588e-09
2  3.4253e-09
3  2.4288e-10
4  2.1483e-01
5  0.0000e+00
6  9.6103e-12
7  3.2912e-10
8  2.8183e-10
9  7.9556e-11
10  5.2063e-10
11  4.0119e-10
12  2.0272e-09
13  9.2650e-08
14  2.4981e-07
15  3.3570e-06
16  1.3888e-07
17  2.2169e-09
18  1.5489e-08
19  4.5640e-07
20  6.3348e-07
21  3.1380e-07
22  3.1840e-09
23  7.2478e-07
24  2.2708e-07
25  2.5612e-07
26  1.8062e-08
27  2.8247e-07
28  8.1414e-07
29  1.1439e-07
30  6.1064e-08
31  8.7157e-08
32  1.2680e-07
33  1.2302e-06
34  9.4537e-07
35  2.0624e-08
36  2.3958e-08
37  6.1677e-08
38  1.2195e-07
39  6.9408e-08
40  1.1266e-07
41  1.4086e-07
42  5.3244e-07
43  1.5586e-07
44  9.6759e-08
45  1.2223e-07
46  6.9273e-08
47  9.2278e-08
48  2.0085e-07
49  1.5295e-07
50  1.3545e-07
51  2.9096e-08
52  1.5475e-07
53  1.2575e-07
54  7.0185e-08
55  7.6187e-08
56  1.8675e-07
57  2.6942e-07
58  1.0963e-08
59  1.1965e-08
60  2.3277e-08
61  4.0639e-08
62  5.8380e-08
63  3.0249e-07
64  1.9429e-07
65  1.4618e-07
66  4.2044e-07
67  1.5137e-07
68  1.7625e-07
69  1.2774e-07
70  3.1938e-07
71  4.4596e-08
72  1.0273e-07
73  9.5193e-08
74  5.7138e-07
75  2.2733e-06
76  2.3248e-06
77  1.8511e-06
78  2.0088e-06
79  2.9496e-06
80  7.9627e-06
81  2.4541e-06
82  5.4157e-07
83  1.2283e-06
84  6.5744e-07
85  6.1454e-07
86  1.5387e-06
87  1.2652e-06
88  5.4149e-07
89  1.3914e-07
90  2.4003e-07
91  1.0583e-07
92  7.0514e-07
93  4.5584e-07
94  1.1886e-06
95  5.2664e-07
96  4.0370e-07
97  2.2004e-07
98  9.7528e-08
99  1.1404e-07
100  1.7204e-07
101  2.9757e-07
102  2.4837e-07
103  2.6566e-07
104  3.0850e-07
105  3.0938e-07
106  6.2478e-07
107  5.9169e-07
108  9.0196e-07
109  6.5664e-07
110  6.5369e-07
111  1.3116e-07
112  2.2867e-07
113  7.7007e-08
114  4.7207e-08
115  2.6280e-08
116  1.5556e-08
117  3.8442e-08
118  6.5623e-08
119  6.8043e-08
120  3.8648e-07
121  5.0392e-07
122  1.3063e-06
123  1.7979e-06
124  7.7273e-06
125  1.1772e-05
126  3.0597e-05
127  2.6858e-05
128  4.2075e-05
129  8.8299e-05
130  4.5066e-05
131  1.9616e-05
132  1.0962e-05
133  1.7017e-05
134  1.8330e-05
135  8.9496e-06
136  7.2130e-06
137  7.9295e-06
138  8.6341e-06
139  2.9206e-06
140  4.6027e-06
141  1.8845e-05
142  7.3106e-06
143  1.1658e-06
144  5.0971e-07
145  3.3410e-07
146  7.2095e-07
147  9.4534e-07
148  1.6788e-06
149  1.3176e-06
150  2.0081e-06
151  2.0903e-06
152  2.7088e-06
153  1.9416e-06
154  3.6395e-06
155  1.9791e-06
156  4.5921e-06
157  3.0909e-06
158  5.9779e-06
159  3.3345e-06
160  5.2830e-06
161  2.6180e-06
162  6.4412e-06
163  3.7598e-06
164  9.0280e-06
165  4.5489e-06
166  8.9761e-06
167  3.7627e-06
168  6.7282e-06
169  5.3132e-06
170  4.3520e-06
171  3.5149e-06
172  2.9016e-06
173  2.9643e-06
174  3.8047e-06
175  2.7802e-06
176  2.5983e-06
177  3.0949e-06
178  2.7941e-06
179  2.1568e-06
180  1.7094e-06
181  1.5912e-06
182  1.9813e-06
183  1.2314e-06
184  2.4005e-06
185  1.8232e-06
186  5.3496e-06
187  4.0724e-06
188  1.0098e-05
189  1.5165e-05
190  2.9652e-05
191  2.9777e-05
192  4.3693e-05
193  5.5742e-05
194  4.9645e-05
195  3.5504e-05
196  1.3073e-05
197  3.8762e-06
198  8.3253e-07
199  4.4305e-07
200  3.6240e-07
201  2.9048e-07
202  4.8835e-07
203  5.3091e-07
204  5.8763e-07
205  5.6700e-07
206  6.4418e-06
207  5.7172e-06
208  5.5812e-06
209  5.8598e-06
210  1.2110e-13
211  3.8515e-19
212  5.7090e-19
213  3.3245e-44
214  6.3424e-20
215  1.5949e-25
216  6.6147e-25
217  1.8363e-96
218  1.0900e-21
219  1.4903e-22
220  2.5364e-22
221  4.1309e-320
222  1.9350e-18
223  3.7181e-17
224  1.4325e-18
225  2.0036e-40
226  2.9608e-13
227  2.5915e-14
228  4.6066e-12
229  7.4734e-30
230  1.3954e-11
231  3.8763e-11
232  2.0163e-06
233  2.6597e-27
234  4.5439e-11
235  8.3544e-07
236  3.5376e-09
237  1.5247e-318
238  8.2662e-07
239  1.2557e-18
240  7.0024e-13
241  0.0000e+00
242  7.3821e-134
243  3.8386e-19
244  8.5236e-09
245  0.0000e+00
246  1.3067e-10
247  8.1018e-16
248  7.1010e-133
249  0.0000e+00
250  0.0000e+00
251  3.4242e-315
252  0.0000e+00
253  0.0000e+00
254  0.0000e+00
255  0.0000e+00
256  0.0000e+00
257  4.5023e-26
258  1.2292e-07
259  5.3559e-26
260  8.0050e-08
261  4.9094e-08
262  4.8939e-08
263  4.0786e-08
264  3.4637e-08
265  1.9532e-08
266  2.2328e-08
267  1.0109e-08
268  7.8725e-09
269  1.0808e-08
270  5.5452e-09
271  3.3355e-09
272  2.4287e-09
273  1.5306e-09
274  1.2770e-09
275  5.0878e-10
276  3.9248e-10
277  1.1031e-10
278  9.2246e-11
279  2.3080e-11
280  6.9957e-12
281  2.2259e-12
282  2.0243e-12
283  1.0321e-12
284  1.4883e-12
285  1.4640e-12
286  1.4700e-12
287  1.6667e-12
288  1.2677e-12
289  6.3494e-13
290  5.2966e-13
291  2.4652e-13
292  1.5532e-12
293  7.3594e-13
294  9.6107e-13
295  2.8417e-13
296  4.4495e-13
297  1.3793e-13
298  1.5164e-14
299  1.1852e-14
300  3.3235e-15
301  5.4926e-14
302  1.1513e-13
303  7.9019e-14
304  6.6999e-14
305  7.8567e-15
306  1.8286e-14
307  7.2170e-15
308  1.4480e-14
309  4.1056e-15
310  4.4659e-15
311  1.5174e-15
312  1.1864e-15
313  3.1647e-16
314  1.9692e-15
315  6.1760e-16
316  1.5561e-15
317  1.3877e-15
318  3.5881e-16
319  1.8942e-16
320  1.0233e-16
321  5.2278e-18
322  4.1378e-18
323  1.0755e-18
324  1.0931e-18
325  1.1380e-19
326  2.0917e-19
327  1.7016e-20
328  1.5581e-21
329  2.6075e-21
330  1.0488e-21
331  1.4843e-22
332  2.4056e-22
333  3.7419e-23
334  3.3803e-22
335  4.5975e-23
336  1.8317e-23
337  1.8702e-22

