1  2.5306e-08
2  1.1660e-08
3  1.0009e-09
4  2.2359e-01
5  0.0000e+00
6  2.4310e-11
7  1.9629e-09
8  9.0657e-09
9  3.9973e-09
10  1.1920e-07
11  2.7482e-09
12  5.4443e-09
13  9.2226e-08
14  5.1762e-08
15  7.7468e-06
16  2.3713e-07
17  8.7994e-09
18  5.0719e-08
19  6.2459e-07
20  9.2915e-07
21  5.2990e-07
22  5.5110e-09
23  6.6235e-07
24  2.5078e-07
25  3.6992e-07
26  6.5886e-08
27  9.5954e-08
28  1.7064e-07
29  5.5194e-08
30  4.7273e-08
31  2.4891e-08
32  7.5698e-08
33  3.7983e-07
34  3.0566e-07
35  1.6740e-08
36  1.9389e-08
37  5.7785e-09
38  2.6866e-08
39  2.3913e-08
40  7.1660e-09
41  3.0147e-08
42  1.1746e-07
43  2.6964e-08
44  3.3798e-08
45  3.1999e-08
46  5.5808e-09
47  9.7306e-09
48  1.7738e-08
49  1.2524e-08
50  1.0894e-08
51  7.0129e-09
52  1.8341e-08
53  1.9421e-08
54  6.4666e-09
55  1.7789e-09
56  1.8180e-08
57  4.4735e-08
58  9.3045e-10
59  9.5659e-10
60  2.4953e-09
61  3.1272e-09
62  2.8124e-09
63  6.3452e-08
64  1.3426e-08
65  2.1955e-08
66  5.2809e-08
67  1.1230e-07
68  2.1246e-08
69  1.0740e-08
70  5.3538e-08
71  1.3858e-08
72  3.9899e-08
73  2.9583e-08
74  1.0837e-07
75  3.6940e-07
76  2.6665e-07
77  4.7923e-07
78  5.0063e-07
79  4.9795e-07
80  2.4604e-06
81  5.6177e-07
82  2.3853e-07
83  2.9126e-07
84  1.1064e-07
85  1.3816e-07
86  2.9224e-07
87  2.9559e-07
88  1.2203e-07
89  7.1209e-08
90  7.0666e-08
91  4.1506e-08
92  5.5595e-08
93  6.6827e-08
94  2.1362e-07
95  1.0382e-07
96  5.0179e-08
97  9.5230e-08
98  1.7509e-08
99  2.1374e-08
100  2.8606e-08
101  2.8591e-08
102  2.7910e-08
103  3.6458e-08
104  1.7863e-08
105  1.4212e-08
106  5.1015e-08
107  5.1163e-08
108  7.8827e-08
109  1.1082e-07
110  1.7108e-07
111  2.8990e-08
112  1.2687e-07
113  7.7627e-08
114  6.2696e-08
115  6.8974e-08
116  5.7602e-09
117  1.9083e-08
118  1.0006e-08
119  7.8280e-09
120  4.6541e-08
121  4.0226e-08
122  7.1983e-08
123  8.6473e-08
124  6.0481e-07
125  1.2162e-06
126  3.3768e-06
127  3.7412e-06
128  2.6398e-06
129  3.3580e-06
130  2.6014e-06
131  1.3406e-06
132  6.6255e-07
133  5.0156e-07
134  4.4396e-07
135  1.6941e-07
136  2.6017e-07
137  1.8590e-07
138  1.8040e-07
139  8.3568e-08
140  1.5004e-07
141  2.4549e-07
142  1.2529e-07
143  7.0409e-08
144  6.2767e-08
145  2.0616e-08
146  4.2467e-08
147  5.9814e-08
148  3.0403e-08
149  9.1442e-09
150  1.8875e-08
151  5.3419e-09
152  2.7450e-08
153  2.0766e-08
154  2.2210e-08
155  8.9774e-08
156  8.8414e-09
157  2.5711e-08
158  5.1757e-08
159  5.8528e-10
160  8.4543e-09
161  1.6261e-08
162  9.4167e-09
163  1.0253e-08
164  1.5518e-08
165  1.1418e-08
166  3.8998e-08
167  5.4575e-08
168  3.8050e-08
169  2.0863e-07
170  5.0724e-08
171  9.1090e-08
172  5.7716e-08
173  3.9096e-08
174  1.5352e-07
175  5.4108e-08
176  1.0390e-07
177  3.4273e-07
178  2.1356e-07
179  1.1013e-07
180  1.2514e-07
181  1.7145e-07
182  1.7292e-07
183  1.2667e-07
184  1.1757e-07
185  6.0435e-08
186  5.2666e-08
187  5.5349e-08
188  6.9595e-08
189  3.1223e-08
190  8.2155e-08
191  7.5045e-08
192  1.1306e-07
193  9.0814e-08
194  7.4137e-07
195  1.6800e-06
196  5.2585e-06
197  7.9480e-06
198  9.7123e-06
199  4.0548e-06
200  4.7780e-06
201  8.8930e-07
202  3.7315e-07
203  6.5412e-08
204  2.4894e-08
205  1.7764e-08
206  3.5851e-06
207  4.8516e-06
208  1.8020e-06
209  8.3175e-06
210  7.2904e-13
211  2.5630e-18
212  1.8934e-18
213  3.6699e-44
214  3.8182e-19
215  7.0656e-25
216  2.1938e-24
217  2.0833e-94
218  6.5620e-21
219  9.9174e-22
220  8.4122e-22
221  -7.2055e-320
222  1.1649e-17
223  2.4742e-16
224  4.7509e-18
225  2.2118e-40
226  1.7824e-12
227  1.7245e-13
228  1.5278e-11
229  8.2499e-30
230  8.4005e-11
231  2.5795e-10
232  6.6874e-06
233  2.9483e-27
234  2.7354e-10
235  5.5595e-06
236  2.2305e-08
237  -1.7113e-319
238  4.9764e-06
239  3.0201e-17
240  4.4155e-12
241  0.0000e+00
242  6.8027e-118
243  9.2324e-18
244  5.3747e-08
245  0.0000e+00
246  8.8751e-10
247  1.9486e-14
248  4.5142e-117
249  0.0000e+00
250  0.0000e+00
251  1.6058e-314
252  0.0000e+00
253  0.0000e+00
254  0.0000e+00
255  0.0000e+00
256  0.0000e+00
257  6.0207e-26
258  1.9735e-06
259  3.8218e-26
260  2.9456e-06
261  2.8355e-06
262  3.0234e-06
263  3.4825e-06
264  4.2768e-06
265  3.9530e-06
266  5.4965e-06
267  2.7737e-06
268  3.1822e-06
269  8.2854e-06
270  8.4305e-06
271  8.3034e-06
272  1.4042e-05
273  1.6462e-05
274  2.7179e-05
275  2.8895e-05
276  3.5948e-05
277  1.2064e-05
278  1.8961e-05
279  1.0660e-05
280  4.8258e-06
281  1.5499e-06
282  1.2564e-06
283  5.1026e-07
284  6.9594e-07
285  6.9905e-07
286  8.1755e-07
287  1.4552e-06
288  1.1692e-06
289  8.8020e-07
290  9.2255e-07
291  4.4877e-07
292  3.3057e-06
293  1.7556e-06
294  2.7955e-06
295  9.3909e-07
296  2.0052e-06
297  9.0055e-07
298  1.3540e-07
299  1.0469e-07
300  3.4513e-08
301  2.7081e-06
302  2.7849e-06
303  1.1637e-06
304  2.5427e-06
305  2.7403e-06
306  3.3215e-06
307  1.1570e-06
308  1.7502e-06
309  2.1597e-06
310  1.6756e-06
311  9.6643e-07
312  1.8539e-06
313  4.2411e-07
314  1.7267e-06
315  1.1323e-06
316  1.8162e-06
317  1.5970e-06
318  1.1628e-05
319  4.2640e-06
320  4.0585e-06
321  9.4205e-07
322  1.1244e-06
323  6.8239e-07
324  4.9907e-07
325  1.6442e-07
326  2.3700e-07
327  3.2699e-07
328  3.1260e-08
329  1.1687e-07
330  8.7346e-08
331  1.9082e-08
332  3.6973e-08
333  6.4552e-09
334  6.0640e-09
335  3.8874e-09
336  1.5083e-09
337  3.0690e-08

