1  5.3841e-09
2  2.1483e-01
3  3.3873e-10
4  3.6138e-10
5  9.2182e-10
6  9.4678e-08
7  3.6068e-06
8  1.5659e-07
9  4.5640e-07
10  9.5046e-07
11  7.2478e-07
12  5.0126e-07
13  2.8247e-07
14  9.8959e-07
15  8.7157e-08
16  2.3263e-06
17  8.2302e-08
18  2.3460e-07
19  2.1026e-07
20  8.5433e-07
21  1.2223e-07
22  5.8152e-07
23  2.9096e-08
24  3.5068e-07
25  7.6187e-08
26  4.6714e-07
27  1.1965e-08
28  3.1659e-07
29  4.4867e-07
30  1.0674e-06
31  1.7234e-07
32  3.0941e-06
33  2.2733e-06
34  1.2364e-05
35  5.4037e-06
36  3.4245e-06
37  1.8706e-06
38  5.5069e-07
39  1.3914e-07
40  2.2396e-06
41  4.5584e-07
42  1.4199e-06
43  1.0833e-32
44  9.6848e-07
45  2.6566e-07
46  2.4898e-06
47  1.2483e-06
48  4.9960e-07
49  2.6280e-08
50  9.5922e-06
51  2.3018e-06
52  1.2951e-04
53  2.6858e-05
54  1.4442e-04
55  1.7017e-05
56  2.5513e-05
57  2.9206e-06
58  1.1913e-05
59  1.8845e-05
60  6.4174e-06
61  9.2158e-84
62  8.6113e-06
63  4.0320e-06
64  2.0923e-05
65  3.3345e-06
66  2.1847e-05
67  4.5489e-06
68  2.3819e-05
69  5.3132e-06
70  1.5784e-05
71  2.7802e-06
72  9.7553e-06
73  1.5912e-06
74  1.0963e-05
75  5.8627e-06
76  9.8641e-05
77  8.5520e-05
78  9.9054e-05
79  3.8762e-06
80  2.1719e-06
81  1.0979e-06
82  1.7740e-05
83  5.8598e-06
84  7.0099e-17
85  2.3553e-27
86  1.9354e-18
87  6.8564e-22
88  4.9025e-12
89  2.5856e-14
90  2.0163e-06
91  3.8763e-11
92  1.6656e-06
93  1.2534e-20
94  8.5243e-09
95  3.8401e-19
96  8.1249e-16
97  1.3067e-10
98  3.4242e-315
99  6.9169e-323
100  2.5191e-07
101  -5.9957e-313
102  1.4685e-07
103  1.9532e-08
104  2.7233e-08
105  1.4144e-08
106  2.5311e-09
107  1.1031e-10
108  3.1320e-11
109  -1.4664e-319
110  4.9280e-12
111  5.4108e-12
112  0.0000e+00
113  0.0000e+00
114  0.0000e+00
115  0.0000e+00
116  0.0000e+00
117  0.0000e+00
118  0.0000e+00

