    1      2  4.7052e-09  9.4104e-09
    2      3  4.0772e-10  1.2231e-09
    3      6  1.3211e-11  7.9266e-11
    3      7  4.5488e-10  3.1841e-09
    4      8  1.0501e-09  8.4004e-09
    4      9  3.5324e-10  3.1792e-09
    5     10  7.6436e-09  7.6436e-08
    5     11  1.3077e-09  1.4384e-08
    6     12  2.1722e-09  2.6066e-08
    6     13  1.8116e-07  2.3551e-06
    7     14  1.8065e-07  2.5291e-06
    7     15  5.1089e-06  7.6633e-05
    8     16  1.4290e-07  2.2864e-06
    8     17  3.3171e-09  5.6390e-08
    8     18  2.1966e-08  3.9539e-07
    9     19  5.7439e-07  1.0913e-05
   10     20  8.0524e-07  1.6105e-05
   10     21  3.1624e-07  6.6410e-06
   10     22  2.9186e-09  6.4209e-08
   11     23  7.7321e-07  1.7784e-05
   12     24  2.5226e-07  6.0541e-06
   12     25  3.2291e-07  8.0727e-06
   12     26  2.7110e-08  7.0486e-07
   13     26  2.5366e-19  6.5953e-18
   13     27  2.1132e-07  5.7058e-06
   14     28  5.8005e-07  1.6242e-05
   14     29  9.9491e-08  2.8852e-06
   14     30  6.3246e-08  1.8974e-06
   15     31  7.0189e-08  2.1759e-06
   16     32  1.1529e-07  3.6894e-06
   16     33  9.3107e-07  3.0725e-05
   16     34  7.1646e-07  2.4360e-05
   16     36  2.3336e-08  8.4010e-07
   17     35  2.2934e-08  8.0270e-07
   17     37  2.2709e-08  8.4025e-07
   18     36  5.6315e-20  2.0273e-18
   18     38  7.4377e-08  2.8263e-06
   18     40  3.1389e-08  1.2556e-06
   19     39  5.3733e-08  2.0956e-06
   19     41  1.3637e-07  5.5911e-06
   20     42  4.4907e-07  1.8861e-05
   20     43  1.0925e-07  4.6979e-06
   20     44  9.6310e-08  4.2376e-06
   20     46  5.3185e-08  2.4465e-06
   21     45  1.0496e-07  4.7232e-06
   22     47  7.0510e-08  3.3140e-06
   22     48  1.4736e-07  7.0734e-06
   22     49  9.2020e-08  4.5090e-06
   22     50  7.2784e-08  3.6392e-06
   23     51  2.3921e-08  1.2200e-06
   24     52  1.3082e-07  6.8026e-06
   24     53  1.0747e-07  5.6959e-06
   24     54  5.3092e-08  2.8670e-06
   25     55  4.3872e-08  2.4130e-06
   26     56  1.1172e-07  6.2563e-06
   26     57  1.7108e-07  9.7518e-06
   26     58  6.6604e-09  3.8630e-07
   27     59  7.7005e-09  4.5433e-07
   28     60  1.5739e-08  9.4432e-07
   28     61  2.8096e-08  1.7138e-06
   28     62  4.3342e-08  2.6872e-06
   28     64  1.4569e-07  9.3244e-06
   29     63  2.1724e-07  1.3686e-05
   29     65  1.0806e-07  7.0236e-06
   30     66  2.6972e-07  1.7802e-05
   30     67  1.0422e-07  6.9830e-06
   30     68  9.9403e-08  6.7594e-06
   30     70  1.4621e-07  1.0235e-05
   31     69  5.8325e-08  4.0245e-06
   31     71  2.5641e-08  1.8205e-06
   32     70  4.4307e-16  3.1015e-14
   32     72  7.8067e-08  5.6208e-06
   32     73  7.9212e-08  5.7825e-06
   32     74  4.8412e-07  3.5825e-05
   32     76  1.8589e-06  1.4128e-04
   33     75  1.9333e-06  1.4500e-04
   34     76  7.9383e-14  6.0331e-12
   34     77  1.3620e-06  1.0488e-04
   34     78  1.5163e-06  1.1827e-04
   34     80  5.8125e-06  4.6500e-04
   34     82  3.3033e-07  2.7087e-05
   35     79  2.3477e-06  1.8547e-04
   35     81  1.5363e-06  1.2444e-04
   36     82  7.4661e-14  6.1222e-12
   36     83  8.3102e-07  6.8975e-05
   36     84  4.6617e-07  3.9159e-05
   36     86  9.9621e-07  8.5674e-05
   37     85  4.2643e-07  3.6247e-05
   37     87  7.5254e-07  6.5471e-05
   38     87  5.5103e-09  4.7939e-07
   38     88  2.7204e-07  2.3939e-05
   39     89  8.9243e-08  7.9426e-06
   40     90  1.5580e-07  1.4022e-05
   40     91  6.7058e-08  6.1023e-06
   40     92  3.7943e-07  3.4907e-05
   40     94  7.5843e-07  7.1292e-05
   41     93  2.8309e-07  2.6327e-05
   42     95  3.2222e-07  3.0611e-05
   42     96  2.2584e-07  2.1680e-05
   42     97  1.1882e-07  1.1526e-05
   42     98  5.8409e-08  5.7240e-06
   42    100  9.4995e-08  9.4995e-06
   44     99  6.7652e-08  6.6975e-06
   44    100  1.0005e-14  1.0005e-12
   44    101  1.5134e-07  1.5285e-05
   44    102  1.3348e-07  1.3615e-05
   44    104  1.9291e-07  2.0063e-05
   45    103  1.6454e-07  1.6947e-05
   46    104  3.2870e-19  3.4185e-17
   46    105  1.9219e-07  2.0179e-05
   46    106  3.8743e-07  4.1068e-05
   46    108  4.7626e-07  5.1437e-05
   46    110  3.2041e-07  3.5245e-05
   47    107  3.4712e-07  3.7142e-05
   47    109  3.2988e-07  3.5957e-05
   48    110  5.0182e-15  5.5200e-13
   48    111  6.4443e-08  7.1531e-06
   48    112  1.0992e-07  1.2311e-05
   48    113  3.8034e-08  4.2978e-06
   48    114  2.3855e-08  2.7195e-06
   48    116  1.2289e-08  1.4255e-06
   49    113  1.6739e-15  1.8915e-13
   49    115  1.5335e-08  1.7635e-06
   50    115  1.2235e-14  1.4070e-12
   50    116  1.0276e-15  1.1920e-13
   50    117  3.0578e-08  3.5777e-06
   50    118  5.3741e-08  6.3415e-06
   50    119  5.8950e-08  7.0150e-06
   50    120  3.3997e-07  4.0796e-05
   50    122  1.0516e-06  1.2830e-04
   50    124  5.5943e-06  6.9369e-04
   51    121  4.2260e-07  5.1134e-05
   51    123  1.4087e-06  1.7328e-04
   52    122  3.6203e-15  4.4168e-13
   52    124  1.1007e-16  1.3649e-14
   52    125  7.6205e-06  9.5256e-04
   52    126  1.5799e-05  1.9906e-03
   52    128  1.0484e-05  1.3419e-03
   52    130  1.1974e-05  1.5566e-03
   53    127  1.0660e-05  1.3538e-03
   53    129  5.6248e-14  7.2560e-12
   54    128  2.5055e-16  3.2070e-14
   54    129  1.9685e-05  2.5393e-03
   54    130  2.3692e-14  3.0799e-12
   54    131  6.7844e-06  8.8876e-04
   54    132  3.0363e-06  4.0079e-04
   54    134  4.3989e-06  5.8945e-04
   54    136  1.9397e-06  2.6380e-04
   55    133  4.1671e-06  5.5422e-04
   56    134  3.2092e-18  4.3003e-16
   56    135  2.0971e-06  2.8311e-04
   56    136  1.3914e-15  1.8923e-13
   56    137  2.2368e-06  3.0644e-04
   56    138  2.4329e-06  3.3574e-04
   57    139  8.5425e-07  1.1874e-04
   58    140  1.2854e-06  1.7996e-04
   58    142  2.1701e-06  3.0815e-04
   59    141  5.6191e-06  7.9229e-04
   60    142  6.1454e-18  8.7264e-16
   60    143  3.2912e-07  4.7065e-05
   60    144  1.6045e-07  2.3104e-05
   60    145  1.2313e-07  1.7853e-05
   60    146  2.7048e-07  3.9491e-05
   60    148  5.6221e-07  8.3207e-05
   60    150  5.5156e-07  8.2734e-05
   62    147  3.5455e-07  5.2119e-05
   62    148  4.8304e-14  7.1490e-12
   62    149  4.0355e-07  6.0129e-05
   62    150  2.6909e-13  4.0364e-11
   62    152  8.0585e-07  1.2249e-04
   62    154  1.2814e-06  1.9733e-04
   63    151  5.7037e-07  8.6127e-05
   63    153  5.9679e-07  9.1309e-05
   64    154  5.4425e-15  8.3815e-13
   64    155  7.4437e-07  1.1538e-04
   64    156  1.6196e-06  2.5265e-04
   64    157  1.1078e-06  1.7393e-04
   64    158  2.3053e-06  3.6424e-04
   64    160  2.0367e-06  3.2587e-04
   65    159  1.2387e-06  1.9695e-04
   66    160  2.1850e-15  3.4960e-13
   66    161  1.0020e-06  1.6132e-04
   66    162  2.3401e-06  3.7910e-04
   66    163  1.3312e-06  2.1698e-04
   66    164  3.5053e-06  5.7488e-04
   67    165  1.8378e-06  3.0323e-04
   68    166  3.9774e-06  6.6024e-04
   68    167  1.6717e-06  2.7917e-04
   68    168  2.9046e-06  4.8798e-04
   68    170  1.8538e-06  3.1515e-04
   69    169  2.4233e-06  4.0954e-04
   70    170  9.3562e-16  1.5906e-13
   70    171  1.4700e-06  2.5137e-04
   70    172  1.2626e-06  2.1717e-04
   70    173  1.3105e-06  2.2671e-04
   70    174  1.7665e-06  3.0737e-04
   70    176  1.2183e-06  2.1442e-04
   71    175  1.2894e-06  2.2564e-04
   71    176  1.0278e-16  1.8090e-14
   72    176  9.6231e-19  1.6937e-16
   72    177  1.5057e-06  2.6651e-04
   72    178  1.4149e-06  2.5185e-04
   72    179  1.1381e-06  2.0371e-04
   72    180  9.1821e-07  1.6528e-04
   73    181  9.0057e-07  1.6300e-04
   74    182  1.2154e-06  2.2121e-04
   74    183  8.3238e-07  1.5233e-04
   74    184  1.7575e-06  3.2338e-04
   74    186  4.6109e-06  8.5763e-04
   75    185  1.4290e-06  2.6437e-04
   75    187  3.6761e-06  6.8744e-04
   76    186  1.9168e-18  3.5652e-16
   76    187  2.9877e-08  5.5869e-06
   76    188  1.0018e-05  1.8834e-03
   76    189  1.5795e-05  2.9853e-03
   76    190  3.4145e-05  6.4875e-03
   76    192  5.3461e-05  1.0264e-02
   77    191  3.5091e-05  6.7024e-03
   77    193  7.0358e-05  1.3579e-02
   78    192  1.2341e-15  2.3695e-13
   78    194  6.6842e-05  1.2967e-02
   78    195  4.9859e-05  9.7225e-03
   78    196  1.9348e-05  3.7922e-03
   78    198  1.3640e-06  2.7007e-04
   79    197  5.9762e-06  1.1773e-03
   80    198  1.7734e-16  3.5113e-14
   80    199  9.0318e-07  1.7973e-04
   80    200  8.0990e-07  1.6198e-04
   80    201  5.6860e-07  1.1429e-04
   80    202  8.2785e-07  1.6723e-04
   80    204  1.1804e-06  2.4081e-04
   80    206  7.3146e-15  1.5068e-12
   81    203  9.3467e-07  1.8974e-04
   81    205  1.1499e-06  2.3573e-04
   81    207  7.3732e-20  1.5263e-17
   82    204  4.0736e-20  8.3102e-18
   82    206  1.8791e-05  3.8709e-03
   82    207  1.7578e-05  3.6386e-03
   82    208  1.5475e-05  3.2189e-03
   82    210  8.7843e-13  1.8447e-10
   82    211  2.6127e-18  5.5127e-16
   82    212  3.1250e-18  6.6251e-16
   82    214  4.0969e-19  8.7674e-17
   83    209  2.1400e-05  4.4726e-03
   83    210  1.8427e-17  3.8696e-15
   83    211  3.3195e-20  7.0042e-18
   83    212  9.3382e-20  1.9797e-17
   83    214  5.0641e-20  1.0837e-17
   84    210  5.0877e-16  1.0684e-13
   86    222  1.4044e-17  3.1178e-15
   88    223  2.5542e-16  5.6958e-14
   88    224  8.0756e-18  1.8089e-15
   88    226  2.1490e-12  4.8566e-10
   88    228  2.5968e-11  5.9207e-09
   89    227  1.7762e-13  4.0320e-11
   89    228  5.6838e-19  1.2959e-16
   90    227  4.1051e-16  9.3186e-14
   90    228  1.5508e-15  3.5359e-13
   90    230  1.0128e-10  2.3294e-08
   90    231  2.3759e-17  5.4883e-15
   90    232  1.1367e-05  2.6372e-03
   90    234  3.4246e-17  8.0135e-15
   91    231  2.6629e-10  6.1513e-08
   91    234  1.0255e-18  2.3998e-16
   92    234  3.2979e-10  7.7171e-08
   92    235  5.7393e-06  1.3487e-03
   92    236  3.1995e-08  7.5508e-06
   92    238  5.9996e-06  1.4279e-03
   92    240  1.6058e-18  3.8539e-16
   93    240  1.1337e-19  2.7209e-17
   94    239  1.8421e-17  4.4027e-15
   94    240  6.3337e-12  1.5201e-09
   94    244  7.7095e-08  1.8811e-05
   95    243  5.6315e-18  1.3684e-15
   96    244  2.0924e-17  5.1055e-15
   96    247  1.1886e-14  2.9358e-12
   97    246  1.1067e-09  2.7224e-07
  100    258  1.7792e-06  4.5904e-04
  100    260  1.4778e-06  3.8422e-04
  100    262  1.1994e-06  3.1425e-04
  102    261  1.0370e-06  2.7066e-04
  102    263  1.1692e-06  3.0749e-04
  102    264  1.2077e-06  3.1883e-04
  102    266  1.0950e-06  2.9128e-04
  103    265  8.2608e-07  2.1891e-04
  104    267  5.7535e-07  1.5362e-04
  104    268  5.1181e-07  1.3716e-04
  104    270  5.6518e-07  1.5260e-04
  104    272  3.8909e-07  1.0583e-04
  104    274  2.7040e-07  7.4088e-05
  105    269  8.3496e-07  2.2460e-04
  105    271  4.2596e-07  1.1543e-04
  106    273  2.8435e-07  7.7628e-05
  106    275  1.2642e-07  3.4766e-05
  106    276  1.0549e-07  2.9114e-05
  106    278  2.1997e-08  6.1152e-06
  106    280  1.7321e-09  4.8499e-07
  107    277  2.8728e-08  7.9577e-06
  108    279  5.2175e-09  1.4557e-06
  108    281  7.3083e-10  2.0536e-07
  108    282  1.1872e-09  3.3480e-07
  108    283  8.1847e-10  2.3163e-07
  108    284  1.2207e-09  3.4667e-07
  108    286  1.1565e-09  3.3076e-07
  110    285  1.1768e-09  3.3539e-07
  110    287  1.2811e-09  3.6768e-07
  110    288  1.0114e-09  2.9127e-07
  110    290  6.1513e-10  1.7839e-07
  111    289  5.5497e-10  1.6039e-07
  111    291  3.2321e-10  9.4054e-08
  111    292  2.4371e-09  7.1164e-07
  111    293  1.1600e-09  3.3987e-07
  111    294  1.5304e-09  4.4994e-07
  111    295  4.5866e-10  1.3531e-07
  111    296  7.6121e-10  2.2532e-07
  111    297  2.7062e-10  8.0373e-08
  111    298  3.5958e-11  1.0715e-08
  111    299  2.8106e-11  8.4036e-09
  111    300  8.9936e-12  2.6981e-09
  111    301  3.5988e-10  1.0832e-07
  111    302  3.7491e-10  1.1322e-07
  111    303  3.1604e-10  9.5761e-08
  111    304  2.4789e-10  7.5360e-08
  111    305  9.1207e-11  2.7818e-08
  111    306  2.4611e-10  7.5308e-08
  111    307  9.8691e-11  3.0298e-08
  111    308  7.6556e-11  2.3579e-08
  111    309  1.5314e-11  4.7321e-09
  111    310  4.2975e-11  1.3322e-08
  111    311  2.4647e-11  7.6652e-09
  111    312  1.4492e-11  4.5216e-09
  111    313  1.3758e-11  4.3063e-09
  111    314  2.4561e-11  7.7122e-09
  111    315  3.3997e-12  1.0709e-09
  111    316  2.9638e-11  9.3655e-09
  111    317  1.3116e-11  4.1579e-09
  111    318  7.2523e-12  2.3062e-09
  111    319  7.9247e-12  2.5280e-09
  111    320  4.7132e-12  1.5082e-09
  111    321  2.6718e-13  8.5763e-11
  111    322  1.9639e-13  6.3239e-11
  111    323  5.8779e-14  1.8985e-11
  111    324  8.5846e-14  2.7814e-11
  111    325  9.6224e-15  3.1273e-12
  111    326  1.1897e-14  3.8783e-12
  111    327  3.3536e-15  1.0966e-12
  111    328  1.4257e-16  4.6764e-14
  111    329  6.7332e-16  2.2152e-13
  111    330  1.7244e-16  5.6904e-14
  111    331  3.0164e-17  9.9842e-15
  111    332  2.2453e-17  7.4545e-15
  111    333  8.3613e-18  2.7843e-15
  111    334  2.2939e-17  7.6616e-15
  111    335  3.7513e-18  1.2567e-15
  111    336  1.5650e-18  5.2586e-16
  111    337  3.2486e-17  1.0948e-14
    1      1  2.3370e-09  2.3370e-09
    2      4  2.1872e-01  8.7489e-01


