1  3.3871e-10
2  2.2065e-18
3  1.7213e-25
4  5.6467e-02
5  0.0000e+00
6  4.2628e-23
7  3.5405e-25
8  3.9739e-21
9  1.0777e-22
10  5.5919e-21
11  3.0739e-23
12  4.8457e-07
13  1.0759e-12
14  3.2667e-18
15  4.0864e-20
16  1.2922e-09
17  5.0115e-19
18  4.1570e-22
19  1.4915e-20
20  1.0129e-09
21  3.5236e-16
22  2.6241e-19
23  1.3219e-13
24  1.0365e-09
25  1.9465e-14
26  2.5132e-12
27  1.7676e-10
28  2.8766e-09
29  4.1052e-11
30  2.1420e-09
31  5.0975e-10
32  3.8466e-09
33  2.9244e-10
34  1.0980e-08
35  1.2384e-09
36  1.7449e-09
37  4.7079e-10
38  2.1017e-08
39  4.3894e-09
40  4.9795e-09
41  8.2868e-10
42  4.5417e-09
43  2.3592e-09
44  8.7934e-09
45  2.7040e-09
46  4.6954e-09
47  4.7614e-09
48  6.9803e-08
49  2.0912e-09
50  3.4380e-09
51  1.2050e-08
52  1.0396e-07
53  9.8789e-09
54  1.5208e-07
55  1.6569e-08
56  1.9862e-08
57  1.0881e-09
58  2.8702e-07
59  4.9830e-09
60  9.3617e-10
61  2.0755e-08
62  2.1621e-07
63  1.0915e-09
64  2.8244e-07
65  1.2605e-08
66  3.6218e-09
67  3.0754e-08
68  6.8224e-07
69  8.8536e-10
70  1.7158e-07
71  1.2045e-08
72  1.4552e-09
73  5.2832e-08
74  8.6194e-08
75  3.4354e-09
76  1.1298e-06
77  6.1876e-09
78  1.2874e-08
79  1.0507e-07
80  1.7645e-06
81  1.3056e-08
82  7.1159e-07
83  1.6164e-06
84  5.7016e-04
85  3.3299e-04
86  4.2489e-04
87  1.0210e-04
88  3.7143e-03
89  3.0070e-04
90  1.2959e-04
91  4.3822e-04
92  1.3052e-03
93  8.0225e-05
94  9.7099e-04
95  1.2394e-04
96  1.0311e-04
97  1.0996e-05
98  4.0004e-05
99  5.8729e-08
100  9.0725e-07
101  1.2437e-06
102  1.7194e-07
103  3.4398e-06
104  4.7120e-06
105  9.1533e-08
106  1.4272e-06
107  1.8153e-07
108  2.3585e-08
109  3.0530e-08
110  1.3268e-07
111  1.6783e-09
112  1.0781e-08
113  2.1874e-08
114  5.0128e-10
115  1.3688e-09
116  2.0116e-09
117  1.2099e-11
118  1.6451e-10
119  1.2659e-10
120  2.0237e-12
121  3.0996e-11
122  1.2315e-11
123  2.6486e-13
124  1.1616e-11
125  1.3909e-13
126  9.8654e-13
127  6.9461e-13
128  5.6096e-14
129  4.2136e-13
130  4.3976e-14
131  1.0447e-14
132  1.1659e-13
133  4.8271e-15
134  2.9053e-16
135  2.9242e-18
136  2.0767e-20
137  6.7002e-24
138  2.8481e-27
139  1.1463e-26
140  4.0651e-29
141  0.0000e+00
142  0.0000e+00
143  0.0000e+00
144  0.0000e+00
145  0.0000e+00
146  0.0000e+00
147  0.0000e+00
148  0.0000e+00
149  0.0000e+00
150  0.0000e+00
151  0.0000e+00
152  0.0000e+00
153  0.0000e+00
154  0.0000e+00
155  0.0000e+00
156  0.0000e+00
157  0.0000e+00
158  0.0000e+00
159  0.0000e+00
160  0.0000e+00
161  0.0000e+00
162  0.0000e+00
163  0.0000e+00
164  0.0000e+00
165  0.0000e+00
166  0.0000e+00
167  0.0000e+00
168  0.0000e+00
169  0.0000e+00
170  0.0000e+00
171  0.0000e+00
172  0.0000e+00
173  0.0000e+00
174  0.0000e+00
175  0.0000e+00
176  0.0000e+00
177  0.0000e+00
178  0.0000e+00
179  0.0000e+00
180  0.0000e+00
181  0.0000e+00
182  0.0000e+00
183  0.0000e+00
184  0.0000e+00
185  0.0000e+00
186  0.0000e+00
187  0.0000e+00
188  0.0000e+00
189  0.0000e+00
190  0.0000e+00
191  0.0000e+00
192  0.0000e+00
193  0.0000e+00
194  0.0000e+00
195  0.0000e+00
196  0.0000e+00
197  0.0000e+00
198  0.0000e+00
199  0.0000e+00
200  0.0000e+00
201  0.0000e+00
202  0.0000e+00
203  0.0000e+00
204  0.0000e+00
205  0.0000e+00
206  0.0000e+00
207  0.0000e+00
208  0.0000e+00
209  0.0000e+00
210  0.0000e+00
211  0.0000e+00
212  0.0000e+00
213  0.0000e+00
214  0.0000e+00
215  0.0000e+00
216  0.0000e+00
217  0.0000e+00
218  0.0000e+00
219  0.0000e+00
220  0.0000e+00
221  0.0000e+00
222  0.0000e+00
223  0.0000e+00
224  0.0000e+00
225  0.0000e+00
226  0.0000e+00
227  0.0000e+00
228  0.0000e+00
229  0.0000e+00
230  0.0000e+00
231  0.0000e+00
232  0.0000e+00
233  0.0000e+00
234  0.0000e+00
235  0.0000e+00
236  0.0000e+00
237  0.0000e+00
238  0.0000e+00
239  0.0000e+00
240  0.0000e+00
241  0.0000e+00
242  0.0000e+00
243  0.0000e+00
244  0.0000e+00
245  0.0000e+00
246  0.0000e+00
247  0.0000e+00
248  0.0000e+00
249  0.0000e+00
250  0.0000e+00
251  0.0000e+00
252  0.0000e+00
253  0.0000e+00
254  0.0000e+00
255  0.0000e+00
256  0.0000e+00
257  0.0000e+00
258  0.0000e+00
259  0.0000e+00
260  0.0000e+00
261  0.0000e+00
262  0.0000e+00
263  0.0000e+00
264  0.0000e+00
265  0.0000e+00
266  0.0000e+00
267  0.0000e+00
268  0.0000e+00
269  0.0000e+00
270  0.0000e+00
271  0.0000e+00
272  0.0000e+00
273  0.0000e+00
274  0.0000e+00
275  0.0000e+00
276  0.0000e+00
277  0.0000e+00
278  0.0000e+00
279  0.0000e+00
280  0.0000e+00
281  0.0000e+00
282  0.0000e+00
283  0.0000e+00
284  0.0000e+00
285  0.0000e+00
286  0.0000e+00
287  0.0000e+00
288  0.0000e+00
289  0.0000e+00
290  0.0000e+00
291  0.0000e+00
292  0.0000e+00
293  0.0000e+00
294  0.0000e+00
295  0.0000e+00
296  0.0000e+00
297  0.0000e+00
298  0.0000e+00
299  0.0000e+00
300  0.0000e+00
301  0.0000e+00
302  0.0000e+00
303  0.0000e+00
304  0.0000e+00
305  0.0000e+00
306  0.0000e+00
307  0.0000e+00
308  0.0000e+00
309  0.0000e+00
310  0.0000e+00
311  0.0000e+00
312  0.0000e+00
313  0.0000e+00
314  0.0000e+00
315  0.0000e+00
316  0.0000e+00
317  0.0000e+00
318  0.0000e+00
319  0.0000e+00
320  0.0000e+00
321  0.0000e+00
322  0.0000e+00
323  0.0000e+00
324  0.0000e+00
325  0.0000e+00
326  0.0000e+00
327  0.0000e+00
328  0.0000e+00
329  0.0000e+00
330  0.0000e+00
331  0.0000e+00
332  0.0000e+00
333  0.0000e+00
334  0.0000e+00
335  0.0000e+00
336  0.0000e+00
337  0.0000e+00

