1  5.2806e-08
2  3.2925e-08
3  1.9152e-09
4  2.0648e-01
5  0.0000e+00
6  2.2434e-11
7  1.7963e-09
8  6.8311e-08
9  3.3188e-08
10  4.1158e-07
11  8.7907e-10
12  4.2337e-09
13  8.7575e-09
14  6.1413e-08
15  1.0031e-05
16  5.1924e-06
17  2.0015e-07
18  3.0387e-07
19  8.4907e-07
20  1.7147e-06
21  1.6480e-06
22  2.3230e-08
23  6.4596e-07
24  3.3971e-07
25  2.3062e-07
26  1.9871e-07
27  1.0611e-07
28  1.1791e-07
29  5.7900e-08
30  1.3402e-07
31  2.1446e-08
32  1.0529e-07
33  1.5644e-07
34  2.2785e-07
35  3.1154e-08
36  3.7575e-08
37  3.1411e-09
38  1.1168e-08
39  9.7604e-09
40  2.0841e-09
41  2.4840e-09
42  1.0768e-08
43  3.0728e-09
44  8.4704e-09
45  7.4937e-09
46  1.6430e-10
47  3.1271e-10
48  3.6187e-10
49  3.1224e-10
50  3.0687e-10
51  4.4635e-10
52  1.4816e-09
53  2.2395e-09
54  4.0629e-10
55  7.3291e-11
56  1.3511e-09
57  9.1199e-10
58  3.3253e-11
59  3.0614e-11
60  9.6066e-11
61  9.7119e-11
62  1.0658e-10
63  6.2501e-09
64  7.7803e-10
65  1.6941e-09
66  3.7229e-09
67  1.4530e-08
68  2.4234e-09
69  1.1648e-09
70  6.4385e-09
71  1.8562e-09
72  5.1262e-09
73  4.7233e-09
74  1.5095e-08
75  3.5245e-08
76  1.8319e-08
77  4.3330e-08
78  5.5589e-08
79  5.7367e-08
80  3.3346e-07
81  5.9094e-08
82  5.2213e-08
83  5.2049e-08
84  1.3984e-08
85  1.7229e-08
86  2.3898e-08
87  3.1251e-08
88  1.9500e-08
89  1.7032e-08
90  1.3317e-08
91  1.1467e-08
92  1.0702e-08
93  1.0397e-08
94  3.1222e-08
95  1.3692e-08
96  5.5349e-09
97  1.4773e-08
98  3.1224e-09
99  4.0965e-09
100  6.2216e-09
101  5.0640e-09
102  5.9110e-09
103  7.8524e-09
104  2.4646e-09
105  1.3682e-09
106  6.1136e-09
107  5.4184e-09
108  8.3976e-09
109  1.1770e-08
110  1.6603e-08
111  2.5658e-09
112  1.2818e-08
113  9.9941e-09
114  8.9228e-09
115  1.1036e-08
116  6.2063e-10
117  2.4386e-09
118  8.4962e-10
119  8.6706e-10
120  6.1552e-09
121  6.6865e-09
122  6.0279e-09
123  7.5660e-09
124  3.2717e-08
125  1.0070e-07
126  2.7926e-07
127  4.2412e-07
128  3.2368e-07
129  5.6296e-07
130  3.5482e-07
131  2.1629e-07
132  1.8790e-07
133  1.0762e-07
134  9.0162e-08
135  3.4197e-08
136  4.0794e-08
137  1.8873e-08
138  2.1722e-08
139  7.7821e-09
140  1.7112e-08
141  4.0766e-08
142  2.6611e-08
143  1.9248e-08
144  1.6768e-08
145  3.8708e-09
146  1.0656e-08
147  1.7067e-08
148  6.5637e-09
149  1.1450e-09
150  2.6580e-09
151  4.0859e-10
152  2.7114e-09
153  2.5843e-09
154  1.6966e-09
155  1.7434e-08
156  9.1897e-10
157  3.2501e-09
158  7.8094e-09
159  6.4112e-11
160  6.0122e-10
161  1.2881e-09
162  7.3128e-10
163  9.4474e-10
164  1.1612e-09
165  8.5600e-10
166  2.8609e-09
167  4.0422e-09
168  2.6111e-09
169  1.8457e-08
170  4.2538e-09
171  8.2105e-09
172  4.9285e-09
173  3.2777e-09
174  1.3663e-08
175  4.2103e-09
176  8.5932e-09
177  3.4989e-08
178  2.3932e-08
179  1.2812e-08
180  1.5668e-08
181  2.2931e-08
182  2.5823e-08
183  2.0892e-08
184  2.2057e-08
185  1.1733e-08
186  1.0435e-08
187  1.1802e-08
188  1.7840e-08
189  8.7911e-09
190  1.9029e-08
191  1.8063e-08
192  7.3293e-09
193  3.7123e-09
194  1.3611e-08
195  2.1061e-08
196  1.2257e-07
197  2.9919e-07
198  7.9313e-07
199  4.9196e-07
200  1.2814e-06
201  3.4671e-07
202  2.8657e-07
203  7.6570e-08
204  2.0303e-08
205  8.0286e-09
206  1.6944e-07
207  3.4956e-07
208  1.0419e-07
209  5.7815e-07
210  6.0072e-14
211  1.9564e-19
212  1.2855e-19
213  3.9277e-44
214  3.1461e-20
215  8.1955e-26
216  1.4894e-25
217  4.7203e-91
218  5.4070e-22
219  7.5778e-23
220  5.7112e-23
221  -6.9194e-320
222  9.5984e-19
223  1.8886e-17
224  3.2255e-19
225  2.3816e-40
226  1.4687e-13
227  1.3164e-14
228  1.0373e-12
229  8.8834e-30
230  6.9219e-12
231  1.9690e-11
232  4.5401e-07
233  3.1747e-27
234  2.2540e-11
235  4.2437e-07
236  1.7857e-09
237  -9.9023e-319
238  4.1005e-07
239  3.8478e-18
240  3.5351e-13
241  0.0000e+00
242  3.1586e-105
243  1.1763e-18
244  4.3030e-09
245  0.0000e+00
246  7.0695e-11
247  2.4827e-15
248  1.2114e-104
249  0.0000e+00
250  0.0000e+00
251  -7.8412e-314
252  0.0000e+00
253  0.0000e+00
254  0.0000e+00
255  0.0000e+00
256  0.0000e+00
257  8.9121e-26
258  1.2125e-07
259  3.1380e-26
260  2.1004e-07
261  2.3327e-07
262  1.9235e-07
263  2.0405e-07
264  2.2495e-07
265  1.9853e-07
266  2.5970e-07
267  1.1630e-07
268  1.3753e-07
269  3.9410e-07
270  3.6953e-07
271  3.2228e-07
272  5.3925e-07
273  6.5394e-07
274  1.3110e-06
275  2.0571e-06
276  3.1947e-06
277  1.2302e-06
278  2.7354e-06
279  2.3701e-06
280  1.5134e-06
281  6.1687e-07
282  7.9120e-07
283  3.1387e-07
284  2.9957e-07
285  2.0636e-07
286  1.6877e-07
287  2.3587e-07
288  1.5805e-07
289  1.3704e-07
290  1.5905e-07
291  7.6496e-08
292  6.0555e-07
293  3.3844e-07
294  5.6690e-07
295  1.9470e-07
296  4.1497e-07
297  1.6749e-07
298  2.0252e-08
299  1.5496e-08
300  4.0875e-09
301  5.8500e-07
302  3.8391e-07
303  2.6013e-07
304  2.8696e-07
305  3.2599e-07
306  3.8006e-07
307  1.9296e-07
308  2.5747e-07
309  2.5994e-07
310  2.9109e-07
311  1.4238e-07
312  3.5344e-07
313  1.3210e-07
314  2.1814e-07
315  1.1374e-06
316  1.7778e-06
317  1.7196e-06
318  3.6849e-05
319  2.4014e-05
320  3.3083e-05
321  1.8393e-05
322  2.4309e-05
323  1.9354e-05
324  3.7923e-05
325  1.3632e-05
326  1.7748e-05
327  2.9775e-05
328  2.4160e-05
329  3.0027e-05
330  1.4838e-05
331  1.6946e-05
332  2.0770e-05
333  1.3717e-05
334  8.7914e-06
335  1.2612e-05
336  9.2918e-06
337  8.9514e-05

