1  3.8315e-09
2  1.8975e-01
3  2.9171e-10
4  1.1119e-09
5  1.0864e-09
6  1.9923e-07
7  7.7602e-06
8  3.3579e-07
9  9.4112e-07
10  1.5934e-06
11  8.9429e-07
12  5.8499e-07
13  3.1389e-07
14  1.1074e-06
15  1.0741e-07
16  2.2456e-06
17  1.1231e-07
18  3.8772e-07
19  3.1181e-07
20  9.6454e-07
21  1.5917e-07
22  8.9325e-07
23  4.3712e-08
24  5.2367e-07
25  1.1299e-07
26  6.8879e-07
27  2.0193e-08
28  4.9165e-07
29  6.2874e-07
30  1.3790e-06
31  2.4272e-07
32  5.1606e-06
33  3.9185e-06
34  1.8128e-05
35  8.2184e-06
36  4.8757e-06
37  2.6455e-06
38  7.6937e-07
39  2.1486e-07
40  3.2749e-06
41  6.4764e-07
42  2.1130e-06
43  1.6809e-32
44  1.5465e-06
45  4.2076e-07
46  3.7899e-06
47  1.8898e-06
48  6.2889e-07
49  3.2166e-08
50  1.6587e-05
51  4.3141e-06
52  1.7014e-04
53  3.9540e-05
54  1.6269e-04
55  2.0941e-05
56  3.9976e-05
57  4.6910e-06
58  1.6040e-05
59  2.3684e-05
60  1.3110e-05
61  3.7593e-83
62  1.8632e-05
63  8.8857e-06
64  4.4474e-05
65  7.1277e-06
66  4.7737e-05
67  9.5836e-06
68  4.6717e-05
69  1.0043e-05
70  2.7822e-05
71  4.9039e-06
72  1.7890e-05
73  2.9641e-06
74  2.6319e-05
75  1.4690e-05
76  2.1224e-04
77  1.6883e-04
78  1.6205e-04
79  5.4963e-06
80  5.5221e-06
81  2.9300e-06
82  3.9147e-05
83  1.2781e-05
84  1.4596e-16
85  3.3237e-25
86  4.0298e-18
87  1.4788e-21
88  1.0189e-11
89  5.5768e-14
90  4.1901e-06
91  8.3608e-11
92  3.5307e-06
93  2.6544e-20
94  1.8052e-08
95  8.4904e-19
96  1.7962e-15
97  2.7869e-10
98  2.6986e-314
99  7.7568e-322
100  6.0605e-07
101  -2.7327e-313
102  3.8274e-07
103  5.3203e-08
104  7.9996e-08
105  4.1175e-08
106  7.4058e-09
107  3.0476e-10
108  9.2041e-11
109  2.9651e-319
110  1.8179e-11
111  2.0901e-11
112  0.0000e+00
113  0.0000e+00
114  0.0000e+00
115  0.0000e+00
116  0.0000e+00
117  0.0000e+00
118  0.0000e+00

