1  4.7766e-10
2  1.3276e-09
3  5.3233e-11
4  1.5654e-01
5  0.0000e+00
6  3.7077e-12
7  1.0627e-10
8  6.4572e-11
9  6.5228e-12
10  1.0571e-11
11  9.5737e-11
12  2.3185e-09
13  2.2295e-08
14  5.1906e-07
15  3.0287e-06
16  1.5703e-07
17  1.3560e-09
18  2.0630e-08
19  6.8414e-07
20  9.3687e-07
21  2.9510e-07
22  5.7412e-09
23  4.9531e-07
24  1.5837e-07
25  1.4257e-07
26  4.1195e-08
27  4.6398e-07
28  1.3841e-06
29  1.3289e-07
30  6.5016e-08
31  1.2077e-07
32  1.4827e-07
33  1.8739e-06
34  1.4433e-06
35  2.5095e-08
36  2.3574e-08
37  1.2006e-07
38  2.9391e-07
39  5.5817e-07
40  9.3126e-07
41  5.7598e-08
42  1.5099e-06
43  7.7715e-07
44  1.1436e-07
45  2.3570e-07
46  2.4267e-07
47  3.4194e-07
48  6.9667e-07
49  7.5637e-07
50  8.0137e-07
51  1.4764e-07
52  3.6283e-07
53  2.7594e-07
54  1.7067e-07
55  2.8045e-07
56  9.3226e-07
57  1.2383e-06
58  6.0744e-08
59  7.5110e-08
60  1.8321e-07
61  2.5796e-07
62  1.6304e-07
63  4.9268e-07
64  2.3238e-07
65  1.6507e-07
66  3.9325e-07
67  1.5657e-07
68  2.0122e-07
69  2.6789e-07
70  7.8065e-07
71  1.2907e-07
72  3.9821e-07
73  3.9782e-07
74  1.4191e-06
75  3.2676e-06
76  4.9566e-06
77  5.8740e-06
78  9.0661e-06
79  1.3972e-05
80  1.6401e-05
81  5.7600e-06
82  6.4960e-06
83  5.3751e-06
84  4.9481e-06
85  4.6645e-06
86  7.7466e-06
87  7.3234e-06
88  7.9622e-06
89  1.3951e-06
90  4.0647e-06
91  3.2138e-06
92  3.7832e-06
93  1.8711e-06
94  4.8914e-06
95  1.9871e-06
96  4.4542e-06
97  5.1120e-06
98  1.4937e-06
99  2.1619e-06
100  3.0668e-06
101  4.0297e-06
102  3.6041e-06
103  3.1485e-06
104  2.1153e-06
105  2.2540e-06
106  5.9582e-06
107  6.5805e-06
108  1.4338e-05
109  6.5825e-05
110  1.1845e-04
111  1.9067e-05
112  7.2507e-05
113  4.2700e-05
114  4.9943e-05
115  4.9212e-05
116  7.2107e-06
117  7.3108e-06
118  3.3551e-06
119  2.0122e-06
120  7.9920e-06
121  2.7569e-06
122  2.8467e-06
123  3.1921e-06
124  1.9112e-05
125  2.9081e-05
126  9.2558e-05
127  1.1500e-04
128  1.9953e-04
129  3.7916e-04
130  1.5029e-04
131  4.3332e-05
132  6.1474e-05
133  6.2817e-05
134  7.2286e-05
135  4.7859e-05
136  3.9171e-05
137  6.5375e-05
138  9.3336e-05
139  6.7999e-05
140  9.9457e-05
141  7.8974e-05
142  2.5030e-05
143  1.4016e-05
144  1.7583e-05
145  8.9462e-07
146  8.2881e-07
147  1.6915e-06
148  5.5742e-06
149  5.3165e-06
150  3.1727e-05
151  2.6541e-05
152  2.5710e-05
153  1.2851e-05
154  1.6026e-05
155  9.9334e-06
156  1.8680e-05
157  1.4408e-05
158  1.9221e-05
159  4.8268e-06
160  1.5932e-05
161  9.3332e-06
162  1.4592e-05
163  1.0449e-05
164  2.5989e-05
165  1.3720e-05
166  2.2546e-05
167  1.0271e-05
168  9.1400e-06
169  1.2877e-05
170  6.9684e-06
171  6.6508e-06
172  6.4379e-06
173  5.9127e-06
174  9.6873e-06
175  6.5863e-06
176  7.5763e-06
177  8.0897e-06
178  5.0946e-06
179  3.2151e-06
180  3.0929e-06
181  2.3799e-06
182  1.3963e-06
183  6.2231e-07
184  5.1175e-07
185  2.9466e-07
186  5.9819e-07
187  3.6318e-07
188  7.9116e-07
189  9.9665e-07
190  2.1554e-06
191  2.4616e-06
192  2.8054e-06
193  2.9286e-06
194  3.5747e-06
195  3.0259e-06
196  1.6940e-06
197  7.2637e-07
198  1.8835e-07
199  3.7744e-08
200  8.2383e-09
201  5.1408e-10
202  1.3622e-10
203  3.9393e-11
204  3.3066e-11
205  4.3725e-11
206  2.2367e-10
207  2.2829e-10
208  2.6267e-10
209  1.8850e-10
210  5.9037e-19
211  4.8440e-25
212  8.1895e-15
213  8.1833e-46
214  2.9613e-15
215  8.6278e-49
216  2.1960e-45
217  0.0000e+00
218  4.2207e-16
219  4.2123e-15
220  1.1705e-15
221  2.7302e-320
222  8.1158e-25
223  2.4248e-23
224  2.1416e-24
225  3.5687e-40
226  1.2418e-19
227  1.6901e-20
228  6.8871e-18
229  1.3187e-29
230  5.8528e-18
231  2.5280e-17
232  3.0145e-12
233  4.0730e-27
234  1.9058e-17
235  5.4484e-13
236  1.1444e-15
237  -2.6593e-319
238  3.4671e-13
239  1.0451e-27
240  7.3939e-19
241  0.0000e+00
242  1.2649e-150
243  3.9503e-23
244  2.3469e-15
245  0.0000e+00
246  3.8205e-17
247  1.1324e-22
248  9.2227e-150
249  0.0000e+00
250  0.0000e+00
251  4.5503e-315
252  0.0000e+00
253  0.0000e+00
254  0.0000e+00
255  0.0000e+00
256  0.0000e+00
257  6.7479e-26
258  3.7222e-15
259  7.0117e-26
260  1.9039e-15
261  9.1782e-16
262  6.7675e-16
263  4.1237e-16
264  3.4580e-16
265  1.6858e-16
266  1.4465e-16
267  5.1244e-17
268  2.5695e-17
269  2.7258e-17
270  1.7990e-17
271  1.0479e-17
272  6.6781e-18
273  3.2588e-18
274  1.2872e-18
275  4.5672e-19
276  2.7831e-19
277  3.3480e-20
278  2.5427e-20
279  6.0402e-21
280  1.2659e-21
281  1.7189e-22
282  5.1326e-23
283  9.0130e-24
284  6.8253e-24
285  4.9384e-24
286  4.2502e-24
287  2.4866e-24
288  1.5326e-24
289  5.4343e-25
290  0.0000e+00
291  0.0000e+00
292  0.0000e+00
293  0.0000e+00
294  0.0000e+00
295  0.0000e+00
296  0.0000e+00
297  0.0000e+00
298  0.0000e+00
299  0.0000e+00
300  0.0000e+00
301  0.0000e+00
302  0.0000e+00
303  0.0000e+00
304  0.0000e+00
305  0.0000e+00
306  0.0000e+00
307  0.0000e+00
308  0.0000e+00
309  0.0000e+00
310  0.0000e+00
311  0.0000e+00
312  0.0000e+00
313  0.0000e+00
314  0.0000e+00
315  0.0000e+00
316  0.0000e+00
317  0.0000e+00
318  0.0000e+00
319  0.0000e+00
320  0.0000e+00
321  0.0000e+00
322  0.0000e+00
323  0.0000e+00
324  0.0000e+00
325  0.0000e+00
326  0.0000e+00
327  0.0000e+00
328  0.0000e+00
329  0.0000e+00
330  0.0000e+00
331  0.0000e+00
332  0.0000e+00
333  0.0000e+00
334  0.0000e+00
335  0.0000e+00
336  0.0000e+00
337  0.0000e+00

