1  1.8500e-09
2  1.4802e-01
3  2.8664e-11
4  1.3744e-11
5  3.6029e-11
6  4.5414e-09
7  1.4509e-06
8  8.7386e-08
9  3.5764e-07
10  7.1902e-07
11  1.3409e-07
12  2.8133e-07
13  3.9475e-07
14  1.3987e-06
15  1.1067e-07
16  3.5343e-06
17  1.5484e-07
18  1.5339e-06
19  8.2244e-07
20  3.2819e-06
21  3.5230e-07
22  2.9710e-06
23  5.4079e-07
24  8.7137e-07
25  1.7415e-07
26  4.6032e-06
27  1.4549e-07
28  1.4447e-06
29  1.7879e-06
30  2.8472e-06
31  5.5047e-07
32  7.2510e-06
33  3.4425e-06
34  5.2103e-05
35  2.5784e-05
36  1.7464e-05
37  1.5690e-05
38  1.7407e-05
39  6.9284e-06
40  2.1827e-05
41  1.4780e-06
42  3.4787e-05
43  3.7609e-31
44  2.5379e-05
45  8.9753e-06
46  1.9214e-04
47  8.8750e-05
48  2.9604e-04
49  9.3628e-05
50  5.9544e-05
51  9.9467e-06
52  6.0488e-04
53  1.7478e-04
54  1.0509e-03
55  1.4240e-04
56  1.9866e-04
57  3.4554e-05
58  4.5079e-05
59  2.0492e-05
60  6.3265e-06
61  -1.5524e-315
62  5.0269e-06
63  2.1581e-06
64  8.9616e-06
65  1.5746e-08
66  1.5714e-06
67  2.9172e-07
68  3.3825e-06
69  3.0478e-06
70  2.6812e-06
71  1.7301e-07
72  2.0540e-06
73  2.6902e-07
74  5.2273e-07
75  6.0829e-08
76  8.5553e-08
77  4.0149e-08
78  1.3255e-07
79  3.9159e-08
80  2.5462e-08
81  2.3609e-10
82  2.2846e-12
83  1.7594e-13
84  3.1568e-17
85  5.3326e-49
86  1.1619e-27
87  9.5354e-20
88  4.6391e-21
89  1.5414e-23
90  1.9618e-15
91  2.3109e-20
92  7.1578e-16
93  1.2279e-41
94  3.0778e-19
95  1.3034e-32
96  2.0447e-28
97  5.0698e-21
98  0.0000e+00
99  7.3122e-322
100  4.0559e-19
101  6.7487e-313
102  6.2353e-20
103  3.1544e-21
104  1.0745e-21
105  4.6267e-22
106  4.6304e-23
107  0.0000e+00
108  0.0000e+00
109  0.0000e+00
110  0.0000e+00
111  0.0000e+00
112  0.0000e+00
113  0.0000e+00
114  0.0000e+00
115  0.0000e+00
116  0.0000e+00
117  0.0000e+00
118  0.0000e+00

