1  2.0894e-02
2  1.9925e-01
3  1.1646e-10
4  3.8668e-07
5  7.5282e-09
6  1.2607e-08
7  3.0991e-06
8  5.2505e-06
9  8.4086e-08
10  5.4703e-06
11  1.3713e-06
12  7.7470e-06
13  2.0823e-08
14  8.0216e-07
15  2.1654e-08
16  1.5544e-06
17  8.1670e-08
18  2.6272e-07
19  7.3536e-09
20  4.5907e-09
21  4.1212e-10
22  2.3774e-08
23  1.4973e-10
24  5.7573e-10
25  4.7381e-11
26  7.8989e-10
27  6.5067e-12
28  3.3692e-09
29  1.2828e-10
30  2.9545e-10
31  2.5863e-11
32  7.2289e-10
33  7.1686e-11
34  2.1426e-09
35  2.0101e-10
36  6.8171e-10
37  3.3720e-10
38  1.9593e-10
39  1.7177e-10
40  4.0410e-10
41  1.1035e-10
42  6.6680e-10
43  6.2307e-36
44  1.3240e-10
45  1.5866e-11
46  1.7278e-10
47  2.6329e-11
48  1.7460e-10
49  4.0492e-11
50  5.1074e-10
51  3.2990e-11
52  1.1550e-09
53  1.6937e-11
54  2.2452e-08
55  5.8848e-09
56  5.6763e-09
57  2.1502e-10
58  4.9728e-10
59  3.3464e-11
60  1.9305e-10
61  8.8969e-91
62  4.0917e-11
63  6.7350e-12
64  1.1600e-11
65  3.6311e-13
66  2.0875e-12
67  7.1717e-13
68  3.6396e-12
69  2.1667e-12
70  4.1723e-12
71  4.7954e-13
72  2.3324e-12
73  4.6612e-12
74  3.2653e-12
75  4.0551e-13
76  7.1861e-12
77  1.7098e-12
78  9.6687e-12
79  2.3639e-12
80  8.0425e-12
81  5.8337e-12
82  8.8147e-11
83  6.4388e-11
84  2.4798e-22
85  1.7196e-25
86  1.8102e-21
87  2.0716e-27
88  7.8331e-18
89  7.8119e-20
90  3.2588e-12
91  1.1712e-16
92  3.6218e-12
93  4.8774e-26
94  3.2814e-14
95  5.9905e-22
96  1.2644e-18
97  2.4245e-16
98  8.5565e-285
99  -6.6699e-322
100  1.8572e-10
101  1.0304e-181
102  4.3573e-10
103  1.4263e-10
104  2.7294e-11
105  1.6693e-11
106  9.9824e-11
107  6.2605e-12
108  4.7395e-08
109  -3.9411e-319
110  4.6141e-08
111  5.3637e-04
112  0.0000e+00
113  0.0000e+00
114  0.0000e+00
115  0.0000e+00
116  0.0000e+00
117  0.0000e+00
118  0.0000e+00

