    1      2  3.1768e-10  6.3535e-10
    2      3  3.3947e-12  1.0184e-11
    3      6  8.6646e-13  5.1988e-12
    3      7  6.9034e-12  4.8324e-11
    4      8  4.7007e-12  3.7605e-11
    4      9  8.7946e-16  7.9151e-15
    5     10  2.1869e-12  2.1869e-11
    5     11  7.0245e-12  7.7270e-11
    6     12  2.7679e-09  3.3214e-08
    6     13  1.5987e-10  2.0783e-09
    7     14  2.8887e-07  4.0442e-06
    7     15  2.3723e-07  3.5584e-06
    8     16  7.3910e-09  1.1826e-07
    8     17  2.1647e-10  3.6800e-09
    8     18  8.8115e-08  1.5861e-06
    9     19  1.7156e-07  3.2596e-06
   10     20  2.0510e-07  4.1019e-06
   10     21  6.4841e-08  1.3617e-06
   10     22  1.6498e-08  3.6295e-07
   11     23  3.1635e-08  7.2761e-07
   12     24  5.5302e-08  1.3272e-06
   12     25  5.7154e-08  1.4289e-06
   12     26  5.4572e-07  1.4189e-05
   13     26  2.9249e-16  7.6046e-15
   13     27  2.1995e-07  5.9387e-06
   14     28  6.8181e-07  1.9091e-05
   14     29  7.9102e-08  2.2940e-06
   14     30  3.7371e-08  1.1211e-06
   15     31  9.0819e-08  2.8154e-06
   16     32  1.1222e-07  3.5911e-06
   16     33  1.7432e-06  5.7527e-05
   16     34  1.3546e-06  4.6057e-05
   16     36  2.7785e-08  1.0003e-06
   17     35  1.5756e-08  5.5145e-07
   17     37  1.9693e-07  7.2864e-06
   18     36  1.1918e-18  4.2905e-17
   18     38  4.0940e-07  1.5557e-05
   18     40  1.0864e-06  4.3456e-05
   19     39  7.3610e-07  2.8708e-05
   19     41  9.7168e-08  3.9839e-06
   20     42  1.7902e-06  7.5190e-05
   20     43  9.2656e-07  3.9842e-05
   20     44  4.8617e-07  2.1391e-05
   20     46  2.3149e-06  1.0649e-04
   21     45  1.9683e-06  8.8572e-05
   22     46  2.0454e-18  9.4090e-17
   22     47  7.8446e-07  3.6870e-05
   22     48  1.4045e-06  6.7415e-05
   22     49  3.6989e-07  1.8124e-05
   22     50  7.3636e-07  3.6818e-05
   23     51  7.9682e-07  4.0638e-05
   24     52  1.4618e-07  7.6014e-06
   24     53  6.3993e-07  3.3916e-05
   24     54  8.8498e-07  4.7789e-05
   25     55  2.4601e-07  1.3531e-05
   26     56  4.8947e-06  2.7410e-04
   26     57  3.2993e-06  1.8806e-04
   26     58  5.3210e-08  3.0862e-06
   27     59  3.1684e-08  1.8694e-06
   28     60  3.8581e-08  2.3149e-06
   28     61  3.3819e-08  2.0630e-06
   28     62  1.0782e-07  6.6849e-06
   28     64  7.0411e-08  4.5063e-06
   29     63  1.3683e-06  8.6205e-05
   29     65  8.9843e-08  5.8398e-06
   30     64  6.3044e-19  4.0348e-17
   30     66  4.6601e-07  3.0757e-05
   30     67  4.5122e-07  3.0232e-05
   30     68  3.8216e-07  2.5987e-05
   30     70  1.4050e-06  9.8349e-05
   31     69  9.2340e-07  6.3715e-05
   31     71  1.5355e-07  1.0902e-05
   32     70  7.5281e-14  5.2696e-12
   32     72  4.0202e-07  2.8945e-05
   32     73  3.4870e-07  2.5455e-05
   32     74  1.2893e-06  9.5407e-05
   32     76  8.5304e-06  6.4831e-04
   33     75  5.1061e-06  3.8296e-04
   34     76  3.1492e-12  2.3934e-10
   34     77  2.2378e-05  1.7231e-03
   34     78  2.2868e-05  1.7837e-03
   34     80  1.3788e-05  1.1030e-03
   34     82  4.1179e-06  3.3767e-04
   35     79  9.1878e-06  7.2584e-04
   35     81  5.9926e-06  4.8540e-04
   36     82  3.4017e-12  2.7894e-10
   36     83  2.7134e-05  2.2521e-03
   36     84  2.5922e-05  2.1775e-03
   36     86  3.0667e-06  2.6374e-04
   37     85  1.3448e-05  1.1431e-03
   37     87  2.3428e-05  2.0383e-03
   38     86  2.1048e-18  1.8101e-16
   38     87  1.7155e-07  1.4925e-05
   38     88  4.0264e-05  3.5432e-03
   39     89  1.0982e-05  9.7743e-04
   40     90  7.1278e-06  6.4151e-04
   40     91  4.2298e-06  3.8491e-04
   40     92  1.3156e-06  1.2104e-04
   40     94  5.6100e-06  5.2734e-04
   41     93  1.0650e-06  9.9044e-05
   42     95  8.0078e-06  7.6074e-04
   42     96  9.5912e-06  9.2075e-04
   42     97  5.4589e-06  5.2951e-04
   42     98  1.3345e-06  1.3078e-04
   42    100  1.7026e-05  1.7026e-03
   44     99  9.3936e-06  9.2997e-04
   44    100  1.3845e-11  1.3845e-09
   44    101  1.5193e-05  1.5345e-03
   44    102  7.1238e-06  7.2663e-04
   44    104  6.6655e-06  6.9321e-04
   45    103  3.2754e-06  3.3737e-04
   46    104  3.4171e-17  3.5538e-15
   46    105  2.6982e-06  2.8331e-04
   46    106  5.4410e-06  5.7675e-04
   46    108  3.1305e-05  3.3809e-03
   46    110  2.9924e-04  3.2917e-02
   47    107  8.7613e-06  9.3746e-04
   47    109  1.7152e-04  1.8696e-02
   48    110  3.3835e-11  3.7218e-09
   48    111  4.6534e-05  5.1653e-03
   48    112  1.4499e-04  1.6239e-02
   48    113  1.0150e-04  1.1470e-02
   48    114  8.5769e-05  9.7776e-03
   48    116  2.1988e-06  2.5507e-04
   49    113  4.4672e-12  5.0479e-10
   49    115  5.3919e-05  6.2007e-03
   50    115  4.3020e-11  4.9473e-09
   50    116  6.0112e-11  6.9730e-09
   50    117  3.2489e-06  3.8012e-04
   50    118  2.5388e-06  2.9958e-04
   50    119  1.6992e-06  2.0221e-04
   50    120  7.3967e-06  8.8761e-04
   50    122  6.1217e-06  7.4685e-04
   50    124  7.3105e-05  9.0650e-03
   51    121  4.2568e-06  5.1507e-04
   51    123  1.3131e-05  1.6152e-03
   52    122  7.7033e-13  9.3981e-11
   52    124  3.1775e-14  3.9401e-12
   52    125  1.1524e-04  1.4405e-02
   52    126  2.9240e-04  3.6843e-02
   52    128  7.6351e-04  9.7730e-02
   52    130  1.3800e-06  1.7940e-04
   53    127  4.4015e-04  5.5899e-02
   53    129  5.8050e-13  7.4884e-11
   54    128  6.2905e-14  8.0519e-12
   54    129  3.7583e-04  4.8482e-02
   54    130  3.5203e-12  4.5764e-10
   54    131  2.0734e-05  2.7162e-03
   54    132  5.5420e-05  7.3154e-03
   54    134  2.4006e-05  3.2168e-03
   54    136  6.2944e-06  8.5604e-04
   55    133  7.0662e-05  9.3981e-03
   56    134  1.2481e-16  1.6725e-14
   56    135  5.9265e-06  8.0008e-04
   56    136  3.9012e-14  5.3056e-12
   56    137  5.2367e-06  7.1742e-04
   56    138  1.2569e-05  1.7345e-03
   57    139  5.1158e-06  7.1110e-04
   58    140  4.8454e-06  6.7836e-04
   58    142  3.8322e-07  5.4417e-05
   59    141  1.7289e-06  2.4378e-04
   60    142  8.8864e-18  1.2619e-15
   60    143  5.9076e-08  8.4479e-06
   60    144  2.8073e-08  4.0426e-06
   60    145  1.6528e-08  2.3965e-06
   60    146  1.3794e-07  2.0139e-05
   60    148  1.1931e-07  1.7657e-05
   60    150  4.2161e-08  6.3241e-06
   62    147  2.4858e-07  3.6541e-05
   62    148  2.8388e-13  4.2014e-11
   62    149  4.1319e-08  6.1566e-06
   62    150  5.0367e-13  7.5550e-11
   62    152  5.3794e-08  8.1767e-06
   62    154  4.8741e-08  7.5061e-06
   63    151  1.3096e-08  1.9774e-06
   63    153  3.5555e-08  5.4399e-06
   64    154  3.7567e-15  5.7853e-13
   64    155  1.5397e-07  2.3865e-05
   64    156  1.6667e-08  2.6001e-06
   64    157  5.8887e-08  9.2453e-06
   64    158  7.6934e-08  1.2156e-05
   64    160  9.4731e-09  1.5157e-06
   65    159  5.9400e-10  9.4446e-08
   66    160  7.4695e-17  1.1951e-14
   66    161  1.9016e-08  3.0617e-06
   66    162  1.0474e-08  1.6968e-06
   66    163  1.1729e-08  1.9118e-06
   66    164  1.6814e-08  2.7574e-06
   67    165  1.0058e-08  1.6596e-06
   68    166  3.2819e-08  5.4480e-06
   68    167  2.9224e-08  4.8804e-06
   68    168  1.5628e-08  2.6255e-06
   68    170  1.4049e-08  2.3884e-06
   69    169  6.2687e-08  1.0594e-05
   70    170  1.0686e-16  1.8166e-14
   70    171  1.4026e-08  2.3984e-06
   70    172  6.7470e-09  1.1605e-06
   70    173  3.7306e-09  6.4539e-07
   70    174  8.7392e-09  1.5206e-06
   70    176  3.6187e-09  6.3690e-07
   71    175  2.0499e-09  3.5874e-07
   71    176  1.0019e-18  1.7633e-16
   72    177  9.6721e-09  1.7120e-06
   72    178  3.2222e-09  5.7356e-07
   72    179  1.4726e-09  2.6360e-07
   72    180  1.7011e-09  3.0620e-07
   73    181  1.4231e-09  2.5759e-07
   74    182  1.0473e-09  1.9061e-07
   74    183  5.1928e-10  9.5028e-08
   74    184  2.8990e-10  5.3342e-08
   74    186  1.0585e-10  1.9687e-08
   75    185  9.5934e-11  1.7748e-08
   75    187  8.4418e-11  1.5786e-08
   76    187  6.8609e-13  1.2830e-10
   76    188  1.1892e-10  2.2358e-08
   76    189  4.7957e-11  9.0639e-09
   76    190  7.9811e-11  1.5164e-08
   76    192  2.3439e-10  4.5003e-08
   77    191  2.3941e-10  4.5728e-08
   77    193  1.0783e-10  2.0810e-08
   78    192  9.0965e-20  1.7465e-17
   78    194  2.0875e-10  4.0498e-08
   78    195  1.1325e-10  2.2084e-08
   78    196  7.1818e-11  1.4076e-08
   78    198  1.8383e-11  3.6398e-09
   79    197  5.0446e-11  9.9378e-09
   80    199  5.1026e-12  1.0154e-09
   80    200  5.9420e-12  1.1884e-09
   80    201  9.5085e-13  1.9112e-10
   80    202  3.2577e-13  6.5805e-11
   80    204  2.7762e-15  5.6634e-13
   81    203  3.8561e-14  7.8279e-12
   81    205  4.3058e-16  8.8270e-14
   82    206  9.4634e-17  1.9495e-14
   82    207  1.6954e-17  3.5096e-15
   82    208  1.8383e-17  3.8236e-15
   83    209  1.3595e-17  2.8414e-15
    1      1  7.4173e-10  7.4173e-10
    2      4  1.4166e-01  5.6665e-01


