    1      2  6.0129e-09  1.2026e-08
    2      3  6.2137e-10  1.8641e-09
    3      6  1.7907e-11  1.0744e-10
    3      7  8.0074e-10  5.6052e-09
    4      8  5.7876e-09  4.6301e-08
    4      9  2.2102e-09  1.9891e-08
    5     10  6.9044e-08  6.9044e-07
    5     11  2.8644e-09  3.1509e-08
    6     12  4.5084e-09  5.4101e-08
    6     13  2.8071e-07  3.6492e-06
    7     14  1.0700e-07  1.4980e-06
    7     15  1.0663e-05  1.5995e-04
    8     16  2.2872e-07  3.6596e-06
    8     17  6.4567e-09  1.0976e-07
    8     18  4.2824e-08  7.7083e-07
    9     19  9.9224e-07  1.8853e-05
   10     20  1.3880e-06  2.7759e-05
   10     21  4.6700e-07  9.8071e-06
   10     22  3.9314e-09  8.6490e-08
   11     23  9.4370e-07  2.1705e-05
   12     24  3.1130e-07  7.4713e-06
   12     25  4.2322e-07  1.0581e-05
   12     26  3.7489e-08  9.7471e-07
   13     26  1.3861e-19  3.6039e-18
   13     27  1.2681e-07  3.4240e-06
   14     28  3.0689e-07  8.5931e-06
   14     29  6.3212e-08  1.8332e-06
   14     30  5.9627e-08  1.7888e-06
   15     31  5.7256e-08  1.7749e-06
   16     32  8.4513e-08  2.7044e-06
   16     33  5.8402e-07  1.9273e-05
   16     34  4.4872e-07  1.5256e-05
   16     36  1.5802e-08  5.6889e-07
   17     35  1.8764e-08  6.5674e-07
   17     37  1.1799e-08  4.3657e-07
   18     36  7.1945e-20  2.5900e-18
   18     38  4.6683e-08  1.7739e-06
   18     40  1.8823e-08  7.5293e-07
   19     39  3.8003e-08  1.4821e-06
   19     41  9.7522e-08  3.9984e-06
   20     42  2.7142e-07  1.1400e-05
   20     43  5.6193e-08  2.4163e-06
   20     44  6.9384e-08  3.0529e-06
   20     46  3.3917e-08  1.5602e-06
   21     45  6.9938e-08  3.1472e-06
   22     46  1.0368e-20  4.7694e-19
   22     47  4.5912e-08  2.1579e-06
   22     48  8.8672e-08  4.2563e-06
   22     49  6.2676e-08  3.0711e-06
   22     50  5.9023e-08  2.9511e-06
   23     51  2.2657e-08  1.1555e-06
   24     52  1.1478e-07  5.9684e-06
   24     53  8.0178e-08  4.2494e-06
   24     54  3.5936e-08  1.9406e-06
   25     55  2.6077e-08  1.4342e-06
   26     56  5.1790e-08  2.9003e-06
   26     57  1.4114e-07  8.0450e-06
   26     58  7.3283e-09  4.2504e-07
   27     59  8.0350e-09  4.7406e-07
   28     60  1.7165e-08  1.0299e-06
   28     61  2.9489e-08  1.7988e-06
   28     62  3.4164e-08  2.1182e-06
   28     64  8.2144e-08  5.2572e-06
   29     63  1.1761e-07  7.4097e-06
   29     65  5.2094e-08  3.3861e-06
   30     66  1.0183e-07  6.7208e-06
   30     67  3.5968e-08  2.4099e-06
   30     68  4.3857e-08  2.9823e-06
   30     70  9.8386e-08  6.8870e-06
   31     69  3.3853e-08  2.3359e-06
   31     71  2.7199e-08  1.9311e-06
   32     70  4.8703e-16  3.4092e-14
   32     72  1.1467e-07  8.2562e-06
   32     73  5.6366e-08  4.1147e-06
   32     74  1.6286e-07  1.2051e-05
   32     76  5.5152e-07  4.1916e-05
   33     75  4.3576e-07  3.2682e-05
   34     76  3.3730e-14  2.5635e-12
   34     77  4.0951e-07  3.1532e-05
   34     78  3.7049e-07  2.8898e-05
   34     80  2.2481e-06  1.7985e-04
   34     82  7.8440e-07  6.4321e-05
   35     79  5.7423e-07  4.5364e-05
   35     81  1.2607e-06  1.0212e-04
   36     82  1.1640e-13  9.5447e-12
   36     83  1.2520e-06  1.0392e-04
   36     84  5.8008e-07  4.8727e-05
   36     86  1.0233e-06  8.8003e-05
   37     85  4.7024e-07  3.9970e-05
   37     87  8.9148e-07  7.7559e-05
   38     86  1.3662e-20  1.1749e-18
   38     87  6.5276e-09  5.6790e-07
   38     88  9.4090e-07  8.2799e-05
   39     89  5.8418e-07  5.1992e-05
   40     90  8.9524e-07  8.0572e-05
   40     91  1.8727e-07  1.7042e-05
   40     92  8.7432e-07  8.0437e-05
   40     94  1.4930e-06  1.4034e-04
   41     93  6.1540e-07  5.7232e-05
   42     95  8.0040e-07  7.6038e-05
   42     96  1.0938e-06  1.0500e-04
   42     97  7.3791e-07  7.1577e-05
   42     98  1.7699e-07  1.7345e-05
   42    100  2.3723e-07  2.3723e-05
   44     99  1.9960e-07  1.9760e-05
   44    100  5.5833e-14  5.5833e-12
   44    101  2.8157e-07  2.8439e-05
   44    102  2.0423e-07  2.0831e-05
   44    104  3.4305e-07  3.5677e-05
   45    103  2.3650e-07  2.4360e-05
   46    104  8.5870e-19  8.9304e-17
   46    105  3.3260e-07  3.4923e-05
   46    106  6.7740e-07  7.1804e-05
   46    108  2.0178e-06  2.1792e-04
   46    110  1.5249e-05  1.6774e-03
   47    107  7.6100e-07  8.1427e-05
   47    109  8.9624e-06  9.7691e-04
   48    110  2.5983e-13  2.8582e-11
   48    111  2.3798e-06  2.6416e-04
   48    112  8.8877e-06  9.9542e-04
   48    113  5.7164e-06  6.4596e-04
   48    114  5.3999e-06  6.1559e-04
   48    116  5.5133e-07  6.3954e-05
   49    113  2.5158e-13  2.8429e-11
   49    115  2.9471e-06  3.3892e-04
   50    115  2.3514e-12  2.7041e-10
   50    116  3.7112e-13  4.3050e-11
   50    117  6.1162e-07  7.1560e-05
   50    118  4.2503e-07  5.0154e-05
   50    119  3.2743e-07  3.8965e-05
   50    120  1.5122e-06  1.8146e-04
   50    122  8.9338e-07  1.0899e-04
   50    124  5.6493e-06  7.0051e-04
   51    121  6.1794e-07  7.4770e-05
   51    123  1.2948e-06  1.5926e-04
   52    122  9.7389e-15  1.1881e-12
   52    124  1.7650e-16  2.1886e-14
   52    125  6.9238e-06  8.6547e-04
   52    126  1.1749e-05  1.4803e-03
   52    128  1.3558e-05  1.7355e-03
   52    130  8.0957e-06  1.0524e-03
   53    127  1.4306e-05  1.8169e-03
   53    129  3.2289e-14  4.1653e-12
   54    128  6.0771e-16  7.7787e-14
   54    129  9.5463e-06  1.2315e-03
   54    130  2.1327e-14  2.7725e-12
   54    131  5.7769e-06  7.5677e-04
   54    132  2.7822e-06  3.6725e-04
   54    134  3.1012e-06  4.1556e-04
   54    136  3.9290e-06  5.3435e-04
   55    133  2.6633e-06  3.5422e-04
   56    134  3.5096e-18  4.7028e-16
   56    135  2.3490e-06  3.1711e-04
   56    136  2.9845e-15  4.0589e-13
   56    137  2.9172e-06  3.9966e-04
   56    138  2.6363e-06  3.6380e-04
   57    139  1.7353e-06  2.4120e-04
   58    140  2.6409e-06  3.6972e-04
   58    142  2.1734e-06  3.0862e-04
   59    141  5.1143e-06  7.2111e-04
   60    142  1.0382e-17  1.4743e-15
   60    143  2.1907e-06  3.1327e-04
   60    144  3.7448e-06  5.3926e-04
   60    145  1.2334e-06  1.7884e-04
   60    146  9.6427e-07  1.4078e-04
   60    148  1.0608e-06  1.5701e-04
   60    150  2.0695e-06  3.1042e-04
   62    147  8.0956e-07  1.1901e-04
   62    148  2.1076e-13  3.1192e-11
   62    149  7.5160e-07  1.1199e-04
   62    150  9.3508e-13  1.4026e-10
   62    152  1.6577e-06  2.5197e-04
   62    154  1.6209e-06  2.4962e-04
   63    151  1.8553e-06  2.8015e-04
   63    153  9.9181e-07  1.5175e-04
   64    154  1.7194e-14  2.6479e-12
   64    155  8.8882e-07  1.3777e-04
   64    156  1.8228e-06  2.8436e-04
   64    157  1.2804e-06  2.0102e-04
   64    158  2.4117e-06  3.8106e-04
   64    160  2.4620e-06  3.9393e-04
   65    159  1.2585e-06  2.0010e-04
   66    160  4.2269e-15  6.7630e-13
   66    161  1.2353e-06  1.9888e-04
   66    162  2.4309e-06  3.9380e-04
   66    163  1.4172e-06  2.3101e-04
   66    164  3.3536e-06  5.4999e-04
   67    165  1.6959e-06  2.7982e-04
   68    166  3.1199e-06  5.1791e-04
   68    167  1.3964e-06  2.3319e-04
   68    168  2.4432e-06  4.1045e-04
   68    170  2.3494e-06  3.9940e-04
   69    169  2.5953e-06  4.3861e-04
   70    170  1.9222e-15  3.2678e-13
   70    171  2.4495e-06  4.1886e-04
   70    172  2.8123e-06  4.8372e-04
   70    173  3.4407e-06  5.9523e-04
   70    174  4.8590e-06  8.4547e-04
   70    176  4.0523e-06  7.1320e-04
   71    175  4.0034e-06  7.0060e-04
   71    176  6.2238e-16  1.0954e-13
   72    176  5.8270e-18  1.0256e-15
   72    177  4.6619e-06  8.2515e-04
   72    178  3.9704e-06  7.0673e-04
   72    179  2.9297e-06  5.2442e-04
   72    180  2.4139e-06  4.3450e-04
   73    181  1.7407e-06  3.1507e-04
   74    182  1.1299e-06  2.0564e-04
   74    183  4.9897e-07  9.1311e-05
   74    184  5.4195e-07  9.9718e-05
   74    186  1.1677e-06  2.1720e-04
   75    185  3.6123e-07  6.6827e-05
   75    187  8.7448e-07  1.6353e-04
   76    186  1.0891e-18  2.0258e-16
   76    187  7.1070e-09  1.3290e-06
   76    188  3.0700e-06  5.7716e-04
   76    189  6.9659e-06  1.3166e-03
   76    190  1.6158e-05  3.0700e-03
   76    192  4.3282e-05  8.3101e-03
   77    191  2.4334e-05  4.6478e-03
   77    193  6.7482e-05  1.3024e-02
   78    192  1.6404e-15  3.1496e-13
   78    194  8.7198e-05  1.6916e-02
   78    195  8.9448e-05  1.7442e-02
   78    196  5.4408e-05  1.0664e-02
   78    198  1.2493e-05  2.4735e-03
   79    197  3.5184e-05  6.9313e-03
   80    198  2.6156e-15  5.1789e-13
   80    199  4.6510e-06  9.2555e-04
   80    200  3.7286e-06  7.4572e-04
   80    201  2.5386e-06  5.1025e-04
   80    202  2.8387e-06  5.7342e-04
   80    204  2.6231e-06  5.3511e-04
   81    203  1.9134e-06  3.8843e-04
   81    205  2.8851e-06  5.9145e-04
   81    207  1.7264e-19  3.5737e-17
   82    204  1.5482e-19  3.1584e-17
   82    206  4.3328e-05  8.9255e-03
   82    207  4.2557e-05  8.8093e-03
   82    208  3.5569e-05  7.3984e-03
   82    210  2.2270e-12  4.6767e-10
   82    211  6.1175e-18  1.2908e-15
   82    212  7.8978e-18  1.6743e-15
   82    214  1.0386e-18  2.2227e-16
   83    209  5.1491e-05  1.0762e-02
   83    210  4.6715e-17  9.8101e-15
   83    211  7.7726e-20  1.6400e-17
   83    212  2.3600e-19  5.0032e-17
   83    214  1.2838e-19  2.7474e-17
   84    210  1.2898e-15  2.7086e-13
   84    218  2.0057e-20  4.3723e-18
   86    222  3.5604e-17  7.9041e-15
   87    223  1.1028e-20  2.4593e-18
   88    223  5.9805e-16  1.3337e-13
   88    224  2.0409e-17  4.5716e-15
   88    226  5.4480e-12  1.2312e-09
   88    228  6.5628e-11  1.4963e-08
   89    227  4.1589e-13  9.4408e-11
   89    228  1.4365e-18  3.2751e-16
   90    227  9.6120e-16  2.1819e-13
   90    228  3.9193e-15  8.9361e-13
   90    230  2.5676e-10  5.9055e-08
   90    231  5.5631e-17  1.2851e-14
   90    232  2.8728e-05  6.6648e-03
   90    234  8.6819e-17  2.0316e-14
   91    231  6.2351e-10  1.4403e-07
   91    234  2.5999e-18  6.0838e-16
   92    234  8.3608e-10  1.9564e-07
   92    235  1.3438e-05  3.1580e-03
   92    236  6.4500e-08  1.5222e-05
   92    238  1.5210e-05  3.6200e-03
   92    240  3.2370e-18  7.7687e-16
   93    240  2.2853e-19  5.4848e-17
   94    239  4.2699e-17  1.0205e-14
   94    240  1.2767e-11  3.0642e-09
   94    244  1.5541e-07  3.7920e-05
   95    243  1.3053e-17  3.1719e-15
   96    244  4.2179e-17  1.0292e-14
   96    247  2.7550e-14  6.8048e-12
   97    246  2.4344e-09  5.9887e-07
  100    258  2.5511e-06  6.5817e-04
  100    260  2.4006e-06  6.2416e-04
  100    262  1.9086e-06  5.0005e-04
  102    260  3.8642e-20  1.0047e-17
  102    261  1.7105e-06  4.4645e-04
  102    263  1.6200e-06  4.2607e-04
  102    264  1.7532e-06  4.6283e-04
  102    266  1.4542e-06  3.8681e-04
  103    265  1.1812e-06  3.1302e-04
  104    267  8.3806e-07  2.2376e-04
  104    268  6.6768e-07  1.7894e-04
  104    270  1.0729e-06  2.8968e-04
  104    272  9.1929e-07  2.5005e-04
  104    274  6.1339e-07  1.6807e-04
  105    269  1.2063e-06  3.2449e-04
  105    271  8.3055e-07  2.2508e-04
  106    273  8.0438e-07  2.1960e-04
  106    275  3.2220e-07  8.8606e-05
  106    276  2.8469e-07  7.8576e-05
  106    278  6.2803e-08  1.7459e-05
  106    280  4.9504e-09  1.3861e-06
  107    277  6.3588e-08  1.7614e-05
  108    279  1.6001e-08  4.4642e-06
  108    281  1.8787e-09  5.2790e-07
  108    282  3.0801e-09  8.6860e-07
  108    283  2.1305e-09  6.0294e-07
  108    284  3.1152e-09  8.8472e-07
  108    286  3.4889e-09  9.9781e-07
  110    285  3.1378e-09  8.9429e-07
  110    287  3.1326e-09  8.9906e-07
  110    288  3.2157e-09  9.2613e-07
  110    290  1.7978e-09  5.2136e-07
  111    289  1.7446e-09  5.0419e-07
  111    291  7.8699e-10  2.2902e-07
  111    292  5.3516e-09  1.5627e-06
  111    293  2.3603e-09  6.9157e-07
  111    294  4.3518e-09  1.2794e-06
  111    295  2.1947e-09  6.4744e-07
  111    296  1.6545e-09  4.8973e-07
  111    297  8.2315e-10  2.4448e-07
  111    298  1.0653e-09  3.1747e-07
  111    299  1.4718e-10  4.4006e-08
  111    300  8.0960e-11  2.4288e-08
  111    301  1.4965e-09  4.5045e-07
  111    302  1.8850e-09  5.6928e-07
  111    303  2.9260e-10  8.8658e-08
  111    304  6.7453e-10  2.0506e-07
  111    305  2.1217e-10  6.4712e-08
  111    306  2.4164e-10  7.3941e-08
  111    307  1.3679e-10  4.1994e-08
  111    308  9.1630e-11  2.8222e-08
  111    309  2.3103e-11  7.1389e-09
  111    310  7.4184e-11  2.2997e-08
  111    311  2.3781e-11  7.3960e-09
  111    312  1.6359e-11  5.1040e-09
  111    313  8.3060e-12  2.5998e-09
  111    314  1.3092e-11  4.1108e-09
  111    315  3.0883e-12  9.7282e-10
  111    316  7.9351e-12  2.5075e-09
  111    317  2.2754e-12  7.2129e-10
  111    318  3.4195e-12  1.0874e-09
  111    319  1.3799e-12  4.4020e-10
  111    320  1.7850e-12  5.7121e-10
  111    321  1.1274e-12  3.6189e-10
  111    322  9.3019e-13  2.9952e-10
  111    323  1.3435e-12  4.3394e-10
  111    324  1.1613e-12  3.7626e-10
  111    325  1.4306e-13  4.6495e-11
  111    326  8.9212e-13  2.9083e-10
  111    327  3.9174e-13  1.2810e-10
  111    328  1.3330e-14  4.3722e-12
  111    329  1.9629e-13  6.4581e-11
  111    330  7.0988e-14  2.3426e-11
  111    331  1.0189e-14  3.3724e-12
  111    332  3.8941e-14  1.2928e-11
  111    333  6.0345e-15  2.0095e-12
  111    334  1.2651e-14  4.2256e-12
  111    335  7.5859e-16  2.5413e-13
  111    336  6.1070e-15  2.0520e-12
  111    337  3.6186e-15  1.2195e-12
    1      1  2.1327e-09  2.1327e-09
    2      4  2.0415e-01  8.1660e-01


