    1      2  5.9869e-16  1.1974e-15
    3      6  1.7686e-19  1.0612e-18
    4      9  4.5820e-19  4.1238e-18
    5     10  3.4020e-19  3.4020e-18
    6     12  1.7810e-07  2.1372e-06
    6     13  1.7078e-13  2.2201e-12
    7     14  7.5354e-18  1.0550e-16
    7     15  1.2218e-17  1.8327e-16
    8     16  3.4991e-09  5.5986e-08
    8     17  4.0790e-16  6.9342e-15
    8     18  5.6493e-19  1.0169e-17
    9     19  4.5611e-19  8.6662e-18
   10     20  3.9515e-09  7.9029e-08
   10     21  6.9174e-15  1.4527e-13
   10     22  2.0046e-18  4.4100e-17
   11     23  4.6943e-13  1.0797e-11
   12     24  3.1825e-09  7.6381e-08
   12     25  3.3084e-10  8.2709e-09
   12     26  2.1827e-10  5.6749e-09
   13     26  1.9412e-14  5.0471e-13
   13     27  2.1386e-10  5.7741e-09
   14     28  2.7206e-09  7.6176e-08
   14     29  1.7715e-09  5.1374e-08
   14     30  5.0259e-09  1.5078e-07
   15     31  3.4793e-09  1.0786e-07
   16     32  1.0172e-08  3.2551e-07
   16     33  3.6858e-09  1.2163e-07
   16     34  9.9060e-09  3.3680e-07
   16     36  7.9100e-09  2.8476e-07
   17     35  4.3571e-09  1.5250e-07
   17     37  9.1194e-09  3.3742e-07
   18     36  4.2530e-13  1.5311e-11
   18     38  1.8595e-08  7.0662e-07
   18     40  3.1076e-10  1.2431e-08
   19     39  3.2373e-09  1.2626e-07
   19     40  7.5917e-17  3.0367e-15
   19     41  4.0379e-10  1.6555e-08
   20     40  2.5492e-17  1.0197e-15
   20     42  1.3896e-07  5.8365e-06
   20     43  1.2702e-09  5.4619e-08
   20     44  2.6508e-09  1.1664e-07
   20     46  1.3106e-08  6.0289e-07
   21     45  2.9936e-09  1.3471e-07
   22     46  5.1861e-19  2.3856e-17
   22     47  9.0143e-08  4.2367e-06
   22     48  4.0988e-07  1.9674e-05
   22     49  1.8949e-08  9.2849e-07
   22     50  3.0058e-08  1.5029e-06
   23     51  2.4762e-07  1.2629e-05
   24     52  2.2191e-06  1.1539e-04
   24     53  2.3068e-07  1.2226e-05
   24     54  8.0012e-08  4.3207e-06
   25     55  2.9241e-09  1.6082e-07
   26     56  3.0518e-06  1.7090e-04
   26     57  1.1198e-07  6.3828e-06
   26     58  4.6198e-07  2.6795e-05
   27     59  5.8953e-07  3.4782e-05
   28     60  1.2921e-07  7.7525e-06
   28     61  3.8079e-08  2.3228e-06
   28     62  9.8864e-08  6.1296e-06
   28     64  2.4065e-06  1.5402e-04
   29     63  6.2957e-07  3.9663e-05
   29     65  1.6781e-06  1.0908e-04
   30     64  5.9964e-20  3.8377e-18
   30     66  5.8365e-07  3.8521e-05
   30     67  4.6903e-07  3.1425e-05
   30     68  1.8977e-07  1.2904e-05
   30     70  1.8632e-06  1.3042e-04
   31     69  9.1452e-07  6.3102e-05
   31     71  1.9849e-06  1.4093e-04
   32     70  1.0359e-14  7.2512e-13
   32     72  2.4924e-06  1.7945e-04
   32     73  1.3613e-06  9.9372e-05
   32     74  9.8723e-07  7.3055e-05
   32     76  3.1938e-06  2.4273e-04
   33     75  1.0231e-06  7.6736e-05
   34     76  9.8634e-14  7.4962e-12
   34     77  7.7739e-06  5.9859e-04
   34     78  1.1804e-05  9.2069e-04
   34     80  3.6671e-05  2.9337e-03
   34     82  1.0328e-06  8.4688e-05
   35     79  6.7045e-06  5.2965e-04
   35     81  3.2605e-06  2.6410e-04
   36     82  2.7695e-13  2.2710e-11
   36     83  7.9104e-06  6.5656e-04
   36     84  3.9731e-05  3.3374e-03
   36     86  1.0054e-06  8.6461e-05
   37     85  5.1434e-06  4.3719e-04
   37     87  9.5947e-06  8.3474e-04
   38     86  1.1530e-19  9.9158e-18
   38     87  7.0250e-08  6.1117e-06
   38     88  2.1874e-04  1.9249e-02
   39     89  2.0876e-05  1.8579e-03
   40     90  1.3413e-05  1.2071e-03
   40     91  5.1670e-05  4.7020e-03
   40     92  4.8043e-05  4.4200e-03
   40     94  1.0545e-03  9.9126e-02
   41     93  4.3630e-05  4.0576e-03
   42     95  1.7090e-05  1.6236e-03
   42     96  5.9167e-05  5.6800e-03
   42     97  3.0926e-05  2.9998e-03
   42     98  2.6835e-05  2.6298e-03
   42    100  8.2811e-05  8.2811e-03
   44     99  1.7520e-04  1.7345e-02
   44    100  3.3920e-11  3.3920e-09
   44    101  1.4360e-04  1.4504e-02
   44    102  1.1194e-03  1.1418e-01
   44    104  3.5036e-04  3.6437e-02
   45    103  1.8761e-04  1.9323e-02
   46    104  1.8281e-16  1.9012e-14
   46    105  1.7724e-04  1.8610e-02
   46    106  1.0788e-04  1.1436e-02
   46    107  2.3943e-20  2.5618e-18
   46    108  2.7770e-04  2.9992e-02
   46    110  3.7706e-05  4.1477e-03
   47    107  5.9851e-05  6.4040e-03
   47    109  8.2004e-05  8.9385e-03
   48    110  2.2313e-12  2.4544e-10
   48    111  1.0403e-05  1.1548e-03
   48    112  6.0293e-05  6.7528e-03
   48    113  1.0175e-05  1.1498e-03
   48    114  2.3207e-05  2.6456e-03
   48    116  1.1101e-05  1.2878e-03
   49    113  4.4781e-13  5.0602e-11
   49    115  8.5904e-06  9.8790e-04
   50    115  6.8539e-12  7.8820e-10
   50    116  1.5056e-12  1.7465e-10
   50    117  9.3213e-06  1.0906e-03
   50    118  1.2157e-06  1.4346e-04
   50    119  7.4036e-07  8.8102e-05
   50    120  6.2032e-06  7.4439e-04
   50    122  1.0916e-06  1.3318e-04
   50    124  2.5509e-07  3.1632e-05
   51    121  2.4341e-06  2.9453e-04
   51    123  1.2981e-07  1.5966e-05
   52    122  7.6274e-14  9.3054e-12
   52    124  6.1540e-17  7.6309e-15
   52    125  4.5260e-08  5.6575e-06
   52    126  4.7598e-07  5.9973e-05
   52    128  2.2565e-07  2.8884e-05
   52    130  4.5110e-08  5.8643e-06
   53    127  1.2992e-07  1.6500e-05
   53    129  3.9814e-15  5.1360e-13
   54    128  2.0086e-18  2.5710e-16
   54    129  1.6635e-07  2.1459e-05
   54    130  1.8831e-16  2.4481e-14
   54    131  1.6001e-09  2.0962e-07
   54    132  8.1430e-11  1.0749e-08
   54    134  3.7596e-15  5.0379e-13
   54    136  1.1973e-15  1.6283e-13
   55    133  1.5867e-13  2.1103e-11
   56    135  3.9510e-17  5.3338e-15
   56    137  6.2635e-18  8.5809e-16
   56    138  3.2839e-18  4.5318e-16
   57    139  6.5273e-19  9.0730e-17
   58    140  8.6893e-20  1.2165e-17
   58    142  3.0825e-20  4.3772e-18
    1      1  3.4588e-10  3.4588e-10
    2      4  1.3342e-01  5.3367e-01


