    1      2  5.1331e-15  1.0266e-14
    2      3  9.8380e-19  2.9514e-18
    3      6  1.2384e-16  7.4305e-16
    3      7  7.3657e-19  5.1560e-18
    4      8  1.3826e-14  1.1061e-13
    4      9  1.4621e-18  1.3159e-17
    5     10  1.8540e-17  1.8540e-16
    5     11  6.5263e-20  7.1789e-19
    6     12  1.7827e-08  2.1392e-07
    6     13  6.3948e-14  8.3132e-13
    7     14  9.6348e-12  1.3489e-10
    7     15  6.5450e-10  9.8174e-09
    8     16  5.5651e-10  8.9041e-09
    8     17  1.5430e-13  2.6231e-12
    8     18  3.5297e-10  6.3535e-09
    9     19  4.8207e-10  9.1594e-09
   10     20  1.0178e-10  2.0355e-09
   10     21  5.8824e-10  1.2353e-08
   10     22  4.4411e-10  9.7705e-09
   11     23  1.3869e-09  3.1899e-08
   12     24  1.1021e-09  2.6451e-08
   12     25  2.2030e-09  5.5075e-08
   12     26  7.9139e-09  2.0576e-07
   13     26  3.9217e-14  1.0196e-12
   13     27  1.0176e-09  2.7476e-08
   14     28  3.7179e-09  1.0410e-07
   14     29  9.9850e-09  2.8956e-07
   14     30  1.9019e-08  5.7056e-07
   15     31  2.7725e-09  8.5946e-08
   16     32  3.1674e-08  1.0136e-06
   16     33  1.4917e-07  4.9226e-06
   16     34  1.1393e-07  3.8737e-06
   16     36  4.3149e-08  1.5534e-06
   17     35  2.3455e-08  8.2093e-07
   17     37  2.5727e-07  9.5192e-06
   18     36  4.7215e-17  1.6997e-15
   18     38  4.6583e-07  1.7702e-05
   18     40  2.1150e-07  8.4602e-06
   19     39  1.7107e-07  6.6716e-06
   19     41  7.2726e-08  2.9818e-06
   20     42  4.1477e-07  1.7420e-05
   20     43  5.9199e-08  2.5455e-06
   20     44  1.4668e-07  6.4541e-06
   20     46  1.1053e-06  5.0842e-05
   21     45  5.5992e-07  2.5196e-05
   22     46  1.8624e-20  8.5670e-19
   22     47  6.2224e-07  2.9245e-05
   22     48  2.9403e-07  1.4113e-05
   22     49  1.2532e-06  6.1409e-05
   22     50  1.8877e-06  9.4386e-05
   23     51  4.8959e-07  2.4969e-05
   24     52  3.9876e-08  2.0736e-06
   24     53  1.1913e-06  6.3137e-05
   24     54  4.3840e-06  2.3674e-04
   25     55  1.4771e-07  8.1242e-06
   26     56  1.4849e-06  8.3156e-05
   26     57  1.5793e-07  9.0022e-06
   26     58  1.9721e-08  1.1438e-06
   27     59  4.0910e-08  2.4137e-06
   28     60  2.5684e-07  1.5410e-05
   28     61  4.0927e-07  2.4965e-05
   28     62  2.1519e-07  1.3342e-05
   28     64  5.9493e-08  3.8075e-06
   29     63  2.9401e-07  1.8523e-05
   29     65  1.9046e-07  1.2380e-05
   30     64  1.0424e-20  6.6713e-19
   30     66  1.4831e-06  9.7887e-05
   30     67  1.0680e-06  7.1553e-05
   30     68  3.4382e-07  2.3380e-05
   30     70  7.2975e-07  5.1082e-05
   31     69  2.7678e-07  1.9097e-05
   31     71  1.3959e-07  9.9106e-06
   32     70  6.3421e-16  4.4395e-14
   32     72  4.2825e-07  3.0834e-05
   32     73  6.9186e-06  5.0506e-04
   32     74  4.4381e-06  3.2842e-04
   32     76  5.3978e-06  4.1023e-04
   33     75  1.3972e-06  1.0479e-04
   34     76  3.0215e-14  2.2963e-12
   34     77  1.8054e-05  1.3902e-03
   34     78  2.0865e-05  1.6275e-03
   34     80  1.8514e-05  1.4811e-03
   34     82  2.7873e-05  2.2856e-03
   35     79  5.8322e-06  4.6074e-04
   35     81  2.0135e-05  1.6309e-03
   36     82  3.4783e-13  2.8522e-11
   36     83  6.7241e-06  5.5810e-04
   36     84  9.6085e-06  8.0712e-04
   36     86  2.3653e-05  2.0342e-03
   37     85  1.1618e-05  9.8750e-04
   37     87  8.4511e-06  7.3525e-04
   38     86  4.9956e-20  4.2962e-18
   38     87  6.1881e-08  5.3836e-06
   38     88  1.8787e-05  1.6532e-03
   39     89  5.4665e-06  4.8652e-04
   40     90  2.4284e-06  2.1855e-04
   40     91  4.8035e-06  4.3712e-04
   40     92  3.9708e-05  3.6531e-03
   40     94  6.8599e-06  6.4483e-04
   41     93  9.2670e-06  8.6183e-04
   42     95  5.8720e-06  5.5784e-04
   42     96  4.3797e-05  4.2045e-03
   42     97  1.5993e-05  1.5513e-03
   42     98  3.8394e-06  3.7626e-04
   42    100  7.0493e-05  7.0493e-03
   44     99  3.1617e-05  3.1301e-03
   44    100  1.1788e-12  1.1788e-10
   44    101  1.0602e-04  1.0708e-02
   44    102  2.5508e-05  2.6018e-03
   44    104  2.6727e-04  2.7796e-02
   45    103  4.5216e-05  4.6573e-03
   46    104  7.5499e-18  7.8519e-16
   46    105  1.1941e-04  1.2538e-02
   46    106  2.7596e-04  2.9251e-02
   46    108  1.6195e-04  1.7491e-02
   46    110  5.9441e-04  6.5385e-02
   47    107  3.1042e-04  3.3215e-02
   47    109  4.2187e-04  4.5983e-02
   48    110  1.9876e-12  2.1864e-10
   48    111  7.8011e-05  8.6592e-03
   48    112  1.5967e-04  1.7883e-02
   48    113  1.0507e-04  1.1873e-02
   48    114  1.0746e-04  1.2251e-02
   48    116  2.8563e-06  3.3133e-04
   49    113  4.6244e-12  5.2256e-10
   49    115  3.5681e-05  4.1033e-03
   50    115  2.8469e-11  3.2739e-09
   50    116  1.1037e-12  1.2803e-10
   50    117  1.5657e-05  1.8319e-03
   50    118  7.4456e-06  8.7858e-04
   50    119  3.2466e-06  3.8634e-04
   50    120  4.1920e-06  5.0304e-04
   50    122  5.1380e-06  6.2684e-04
   50    124  7.6012e-06  9.4254e-04
   51    121  1.9315e-06  2.3371e-04
   51    123  3.0178e-06  3.7119e-04
   52    122  1.1976e-14  1.4611e-12
   52    124  3.8532e-16  4.7779e-14
   52    125  9.1654e-06  1.1457e-03
   52    126  3.0776e-05  3.8778e-03
   52    128  8.5152e-05  1.0899e-02
   52    130  3.8416e-06  4.9941e-04
   53    127  4.4910e-05  5.7036e-03
   53    129  1.0050e-13  1.2964e-11
   54    128  1.2205e-16  1.5623e-14
   54    129  3.2542e-05  4.1979e-03
   54    130  7.0065e-15  9.1085e-13
   54    131  4.2007e-08  5.5029e-06
   54    132  1.2306e-07  1.6244e-05
   54    134  3.8565e-08  5.1677e-06
   54    136  5.3017e-09  7.2103e-07
   55    133  1.7969e-07  2.3899e-05
   56    135  6.8669e-09  9.2703e-07
   56    136  1.1221e-18  1.5260e-16
   56    137  3.5254e-11  4.8298e-09
   56    138  9.8015e-12  1.3526e-09
   57    139  1.1863e-10  1.6490e-08
   58    140  2.5442e-10  3.5619e-08
   58    142  2.8906e-11  4.1047e-09
   59    141  2.5025e-11  3.5285e-09
   60    143  2.1950e-11  3.1389e-09
   60    144  1.2608e-12  1.8155e-10
   60    145  5.2421e-13  7.6011e-11
   60    146  1.9243e-12  2.8095e-10
   60    148  2.0203e-13  2.9901e-11
   60    150  2.9226e-13  4.3839e-11
   62    147  1.6729e-12  2.4592e-10
   62    148  3.4303e-20  5.0768e-18
   62    149  8.2745e-14  1.2329e-11
   62    150  3.6876e-20  5.5315e-18
   62    152  4.3343e-13  6.5882e-11
   62    154  2.5686e-13  3.9557e-11
   63    151  1.6167e-13  2.4412e-11
   63    153  2.4370e-13  3.7287e-11
   64    155  2.4395e-13  3.7812e-11
   64    156  3.6016e-14  5.6185e-12
   64    157  4.1149e-14  6.4605e-12
   64    158  3.3238e-14  5.2517e-12
   64    160  9.1314e-15  1.4610e-12
   65    159  4.5929e-15  7.3027e-13
   66    161  7.4338e-15  1.1968e-12
   66    162  4.2378e-15  6.8652e-13
   66    163  2.4245e-15  3.9520e-13
   66    164  4.0626e-15  6.6626e-13
   67    165  2.2850e-15  3.7703e-13
   68    166  4.5928e-15  7.6241e-13
   68    167  1.5977e-15  2.6682e-13
   68    168  1.1533e-15  1.9375e-13
   68    170  2.7300e-16  4.6411e-14
   69    169  1.3422e-15  2.2683e-13
   70    171  1.0761e-16  1.8401e-14
   70    172  7.2023e-17  1.2388e-14
   70    173  3.0696e-17  5.3103e-15
   70    174  2.7273e-17  4.7456e-15
   70    176  9.4561e-18  1.6643e-15
   71    175  9.6711e-18  1.6924e-15
   72    177  4.3778e-18  7.7487e-16
   72    178  8.6351e-19  1.5370e-16
   72    179  2.2010e-19  3.9398e-17
   72    180  1.3255e-19  2.3858e-17
   73    181  9.8357e-20  1.7803e-17
   74    182  3.7169e-20  6.7647e-18
   74    183  1.6068e-20  2.9404e-18
    1      1  1.4407e-09  1.4407e-09
    2      4  1.5544e-01  6.2176e-01


