1  4.1173e-11
2  9.1498e-17
3  5.7618e-22
4  1.5548e-01
5  0.0000e+00
6  7.7409e-20
7  4.1916e-21
8  8.3954e-17
9  8.0169e-19
10  1.5446e-19
11  2.4892e-22
12  5.4066e-08
13  8.0800e-15
14  3.2461e-17
15  2.7355e-11
16  2.8058e-09
17  9.5816e-16
18  9.8437e-13
19  1.5567e-12
20  1.1187e-09
21  6.5965e-13
22  3.7680e-13
23  5.0933e-14
24  2.4352e-10
25  9.1008e-11
26  7.6429e-10
27  8.1803e-10
28  3.7551e-09
29  1.7756e-09
30  4.6298e-09
31  1.7540e-09
32  4.0467e-09
33  5.6944e-09
34  5.8344e-08
35  2.7511e-08
36  5.0962e-08
37  3.8611e-08
38  6.8894e-08
39  2.0353e-09
40  1.9643e-09
41  8.3197e-09
42  2.6520e-08
43  4.9014e-07
44  8.8914e-07
45  2.0417e-08
46  3.5544e-07
47  7.6436e-07
48  1.7908e-06
49  1.6271e-07
50  5.1288e-07
51  8.1162e-07
52  4.5619e-07
53  3.7927e-06
54  6.5040e-06
55  2.0017e-07
56  6.9154e-07
57  8.3856e-08
58  9.2120e-07
59  6.9092e-07
60  2.4422e-07
61  4.6664e-07
62  8.3263e-07
63  7.3795e-07
64  1.9441e-08
65  1.9738e-07
66  1.2369e-06
67  8.0879e-07
68  3.3532e-07
69  1.1959e-07
70  2.0921e-07
71  3.8495e-08
72  7.8569e-08
73  6.6919e-07
74  1.2942e-06
75  6.8098e-06
76  1.0850e-05
77  1.8596e-05
78  2.1060e-05
79  7.1452e-06
80  1.8181e-05
81  4.0440e-06
82  1.3464e-05
83  3.6040e-05
84  5.7081e-06
85  1.4346e-05
86  4.1236e-05
87  6.5716e-06
88  6.1613e-06
89  2.0889e-05
90  8.7648e-05
91  8.9241e-06
92  2.7285e-05
93  2.2680e-05
94  8.4195e-06
95  3.0128e-07
96  1.3819e-07
97  1.2020e-06
98  1.1846e-05
99  3.8121e-05
100  1.1359e-04
101  2.6177e-04
102  8.9847e-05
103  7.5223e-05
104  4.1452e-04
105  3.2013e-04
106  2.4116e-04
107  9.4136e-05
108  6.7817e-05
109  2.0627e-04
110  2.7160e-04
111  3.5849e-05
112  8.1733e-05
113  4.5087e-05
114  4.0775e-05
115  1.1753e-05
116  7.3272e-06
117  2.6252e-05
118  2.5283e-05
119  1.7035e-05
120  3.5040e-05
121  2.1058e-05
122  3.8129e-05
123  2.0634e-05
124  4.9220e-05
125  8.2554e-05
126  2.0291e-04
127  9.4872e-05
128  6.2555e-05
129  1.8078e-05
130  6.2000e-07
131  1.5033e-08
132  7.3613e-10
133  1.8486e-11
134  1.1833e-12
135  9.3486e-13
136  4.2122e-14
137  9.4930e-15
138  2.6058e-14
139  1.7819e-14
140  3.3894e-14
141  3.7541e-15
142  2.9626e-15
143  1.5347e-15
144  1.2311e-16
145  4.2805e-17
146  2.1358e-16
147  4.2472e-16
148  7.6780e-16
149  2.7352e-16
150  1.8086e-16
151  6.0499e-17
152  1.1844e-16
153  5.4102e-17
154  3.7727e-17
155  2.5949e-17
156  3.4538e-18
157  5.2259e-18
158  3.0572e-18
159  2.2813e-19
160  4.2346e-19
161  4.2309e-19
162  1.7231e-19
163  9.8685e-20
164  1.3261e-19
165  6.6413e-20
166  1.0538e-19
167  2.9481e-20
168  1.5761e-20
169  1.6710e-20
170  2.9987e-21
171  9.4719e-22
172  5.0297e-22
173  1.8057e-22
174  1.2335e-22
175  2.9314e-23
176  2.1700e-23
177  7.2986e-24
178  7.1904e-25
179  4.2216e-44
180  0.0000e+00
181  0.0000e+00
182  0.0000e+00
183  0.0000e+00
184  0.0000e+00
185  0.0000e+00
186  0.0000e+00
187  0.0000e+00
188  0.0000e+00
189  0.0000e+00
190  0.0000e+00
191  0.0000e+00
192  0.0000e+00
193  0.0000e+00
194  0.0000e+00
195  0.0000e+00
196  0.0000e+00
197  0.0000e+00
198  0.0000e+00
199  0.0000e+00
200  0.0000e+00
201  0.0000e+00
202  0.0000e+00
203  0.0000e+00
204  0.0000e+00
205  0.0000e+00
206  0.0000e+00
207  0.0000e+00
208  0.0000e+00
209  0.0000e+00
210  0.0000e+00
211  0.0000e+00
212  0.0000e+00
213  0.0000e+00
214  0.0000e+00
215  0.0000e+00
216  0.0000e+00
217  0.0000e+00
218  0.0000e+00
219  0.0000e+00
220  0.0000e+00
221  0.0000e+00
222  0.0000e+00
223  0.0000e+00
224  0.0000e+00
225  0.0000e+00
226  0.0000e+00
227  0.0000e+00
228  0.0000e+00
229  0.0000e+00
230  0.0000e+00
231  0.0000e+00
232  0.0000e+00
233  0.0000e+00
234  0.0000e+00
235  0.0000e+00
236  0.0000e+00
237  0.0000e+00
238  0.0000e+00
239  0.0000e+00
240  0.0000e+00
241  0.0000e+00
242  0.0000e+00
243  0.0000e+00
244  0.0000e+00
245  0.0000e+00
246  0.0000e+00
247  0.0000e+00
248  0.0000e+00
249  0.0000e+00
250  0.0000e+00
251  0.0000e+00
252  0.0000e+00
253  0.0000e+00
254  0.0000e+00
255  0.0000e+00
256  0.0000e+00
257  0.0000e+00
258  0.0000e+00
259  0.0000e+00
260  0.0000e+00
261  0.0000e+00
262  0.0000e+00
263  0.0000e+00
264  0.0000e+00
265  0.0000e+00
266  0.0000e+00
267  0.0000e+00
268  0.0000e+00
269  0.0000e+00
270  0.0000e+00
271  0.0000e+00
272  0.0000e+00
273  0.0000e+00
274  0.0000e+00
275  0.0000e+00
276  0.0000e+00
277  0.0000e+00
278  0.0000e+00
279  0.0000e+00
280  0.0000e+00
281  0.0000e+00
282  0.0000e+00
283  0.0000e+00
284  0.0000e+00
285  0.0000e+00
286  0.0000e+00
287  0.0000e+00
288  0.0000e+00
289  0.0000e+00
290  0.0000e+00
291  0.0000e+00
292  0.0000e+00
293  0.0000e+00
294  0.0000e+00
295  0.0000e+00
296  0.0000e+00
297  0.0000e+00
298  0.0000e+00
299  0.0000e+00
300  0.0000e+00
301  0.0000e+00
302  0.0000e+00
303  0.0000e+00
304  0.0000e+00
305  0.0000e+00
306  0.0000e+00
307  0.0000e+00
308  0.0000e+00
309  0.0000e+00
310  0.0000e+00
311  0.0000e+00
312  0.0000e+00
313  0.0000e+00
314  0.0000e+00
315  0.0000e+00
316  0.0000e+00
317  0.0000e+00
318  0.0000e+00
319  0.0000e+00
320  0.0000e+00
321  0.0000e+00
322  0.0000e+00
323  0.0000e+00
324  0.0000e+00
325  0.0000e+00
326  0.0000e+00
327  0.0000e+00
328  0.0000e+00
329  0.0000e+00
330  0.0000e+00
331  0.0000e+00
332  0.0000e+00
333  0.0000e+00
334  0.0000e+00
335  0.0000e+00
336  0.0000e+00
337  0.0000e+00

