1  1.4526e-09
2  9.7859e-15
3  2.6177e-18
4  1.7534e-01
5  0.0000e+00
6  5.2091e-16
7  2.5572e-18
8  1.2722e-13
9  1.5461e-18
10  8.7960e-17
11  4.5741e-19
12  1.2561e-08
13  4.7643e-14
14  4.6116e-10
15  4.6310e-09
16  4.4599e-10
17  2.7341e-12
18  3.5199e-09
19  4.5330e-09
20  2.5066e-10
21  6.4442e-09
22  2.7083e-09
23  6.6329e-09
24  4.3429e-09
25  1.0485e-08
26  9.1061e-08
27  2.1608e-09
28  5.3748e-09
29  4.9391e-08
30  3.2550e-08
31  6.5906e-09
32  4.8514e-08
33  4.8805e-07
34  3.7911e-07
35  2.6448e-08
36  5.9761e-08
37  2.8109e-07
38  4.1542e-07
39  4.0277e-07
40  6.0725e-07
41  1.1822e-07
42  1.0187e-06
43  1.6214e-07
44  2.7393e-07
45  1.1137e-06
46  2.0049e-06
47  1.1235e-06
48  4.0250e-07
49  1.7056e-06
50  2.5374e-06
51  7.1551e-07
52  1.0154e-07
53  1.7716e-06
54  7.0606e-06
55  5.9599e-07
56  2.3579e-06
57  5.5556e-07
58  2.3055e-09
59  2.8759e-09
60  4.3765e-08
61  1.5525e-07
62  2.3431e-07
63  8.7302e-07
64  7.9179e-08
65  6.1783e-08
66  3.0019e-07
67  1.8165e-07
68  4.6731e-08
69  4.4023e-08
70  1.4642e-07
71  4.1528e-08
72  1.8584e-07
73  7.1633e-07
74  1.9188e-06
75  8.3015e-06
76  9.8640e-06
77  1.7824e-05
78  2.1145e-05
79  1.7940e-05
80  2.5056e-05
81  5.5044e-06
82  8.8997e-06
83  3.5768e-05
84  1.3376e-05
85  3.5022e-06
86  9.4154e-07
87  8.3466e-07
88  1.4859e-05
89  9.2452e-06
90  4.2816e-06
91  1.5461e-06
92  2.6456e-05
93  1.5523e-05
94  1.6857e-05
95  1.7282e-06
96  8.5149e-06
97  7.3449e-06
98  8.8612e-07
99  3.5580e-06
100  1.3510e-05
101  2.5112e-05
102  6.7791e-06
103  3.0686e-06
104  3.8267e-06
105  2.9997e-06
106  8.6326e-06
107  1.1243e-05
108  8.9704e-06
109  6.7402e-06
110  6.1057e-06
111  1.0752e-06
112  2.8393e-06
113  1.5511e-06
114  3.0326e-06
115  3.2624e-06
116  2.6598e-06
117  6.6100e-06
118  7.7895e-06
119  5.2277e-06
120  1.8107e-05
121  1.3929e-05
122  3.9411e-05
123  3.9892e-05
124  1.6934e-04
125  2.7435e-04
126  7.6354e-04
127  3.8728e-04
128  2.4996e-04
129  8.4384e-05
130  1.4860e-05
131  1.4729e-07
132  1.1927e-07
133  2.1788e-07
134  2.3645e-08
135  2.5821e-08
136  3.2128e-08
137  1.6617e-08
138  5.2959e-09
139  6.4533e-10
140  1.0545e-09
141  1.1329e-09
142  8.0667e-10
143  4.4515e-10
144  1.5650e-10
145  2.3737e-11
146  1.0620e-11
147  1.2370e-11
148  3.4917e-11
149  3.0348e-11
150  6.6817e-11
151  4.3640e-11
152  7.8865e-11
153  4.1092e-11
154  5.0127e-11
155  3.3056e-11
156  1.4531e-11
157  1.7264e-11
158  1.5918e-11
159  1.6347e-12
160  4.7353e-12
161  3.7536e-12
162  1.7618e-12
163  1.0501e-12
164  1.7441e-12
165  9.3045e-13
166  1.6915e-12
167  6.3989e-13
168  3.4696e-13
169  4.7338e-13
170  1.0995e-13
171  5.2732e-14
172  3.2461e-14
173  1.5400e-14
174  1.7367e-14
175  6.1656e-15
176  7.1275e-15
177  5.6126e-15
178  2.2742e-15
179  1.4768e-15
180  1.6490e-15
181  1.6870e-15
182  1.2383e-15
183  6.5646e-16
184  4.7826e-16
185  2.3220e-16
186  1.7686e-16
187  9.2821e-17
188  9.7735e-17
189  5.2029e-17
190  5.5206e-17
191  1.8195e-17
192  8.3458e-18
193  2.9622e-18
194  2.2602e-18
195  9.4879e-19
196  3.5159e-19
197  9.8010e-20
198  1.9663e-20
199  3.1913e-21
200  6.8946e-22
201  4.9972e-23
202  5.7408e-24
203  0.0000e+00
204  0.0000e+00
205  0.0000e+00
206  0.0000e+00
207  0.0000e+00
208  0.0000e+00
209  0.0000e+00
210  0.0000e+00
211  0.0000e+00
212  0.0000e+00
213  0.0000e+00
214  0.0000e+00
215  0.0000e+00
216  0.0000e+00
217  0.0000e+00
218  0.0000e+00
219  0.0000e+00
220  0.0000e+00
221  0.0000e+00
222  0.0000e+00
223  0.0000e+00
224  0.0000e+00
225  0.0000e+00
226  0.0000e+00
227  0.0000e+00
228  0.0000e+00
229  0.0000e+00
230  0.0000e+00
231  0.0000e+00
232  0.0000e+00
233  0.0000e+00
234  0.0000e+00
235  0.0000e+00
236  0.0000e+00
237  0.0000e+00
238  0.0000e+00
239  0.0000e+00
240  0.0000e+00
241  0.0000e+00
242  0.0000e+00
243  0.0000e+00
244  0.0000e+00
245  0.0000e+00
246  0.0000e+00
247  0.0000e+00
248  0.0000e+00
249  0.0000e+00
250  0.0000e+00
251  0.0000e+00
252  0.0000e+00
253  0.0000e+00
254  0.0000e+00
255  0.0000e+00
256  0.0000e+00
257  0.0000e+00
258  0.0000e+00
259  0.0000e+00
260  0.0000e+00
261  0.0000e+00
262  0.0000e+00
263  0.0000e+00
264  0.0000e+00
265  0.0000e+00
266  0.0000e+00
267  0.0000e+00
268  0.0000e+00
269  0.0000e+00
270  0.0000e+00
271  0.0000e+00
272  0.0000e+00
273  0.0000e+00
274  0.0000e+00
275  0.0000e+00
276  0.0000e+00
277  0.0000e+00
278  0.0000e+00
279  0.0000e+00
280  0.0000e+00
281  0.0000e+00
282  0.0000e+00
283  0.0000e+00
284  0.0000e+00
285  0.0000e+00
286  0.0000e+00
287  0.0000e+00
288  0.0000e+00
289  0.0000e+00
290  0.0000e+00
291  0.0000e+00
292  0.0000e+00
293  0.0000e+00
294  0.0000e+00
295  0.0000e+00
296  0.0000e+00
297  0.0000e+00
298  0.0000e+00
299  0.0000e+00
300  0.0000e+00
301  0.0000e+00
302  0.0000e+00
303  0.0000e+00
304  0.0000e+00
305  0.0000e+00
306  0.0000e+00
307  0.0000e+00
308  0.0000e+00
309  0.0000e+00
310  0.0000e+00
311  0.0000e+00
312  0.0000e+00
313  0.0000e+00
314  0.0000e+00
315  0.0000e+00
316  0.0000e+00
317  0.0000e+00
318  0.0000e+00
319  0.0000e+00
320  0.0000e+00
321  0.0000e+00
322  0.0000e+00
323  0.0000e+00
324  0.0000e+00
325  0.0000e+00
326  0.0000e+00
327  0.0000e+00
328  0.0000e+00
329  0.0000e+00
330  0.0000e+00
331  0.0000e+00
332  0.0000e+00
333  0.0000e+00
334  0.0000e+00
335  0.0000e+00
336  0.0000e+00
337  0.0000e+00

