1  2.3629e-09
2  4.6130e-09
3  3.8759e-10
4  2.0627e-01
5  0.0000e+00
6  1.2688e-11
7  4.2971e-10
8  1.9998e-09
9  6.6471e-10
10  1.2577e-08
11  1.4144e-09
12  2.8195e-09
13  2.6744e-07
14  1.8476e-07
15  8.2856e-06
16  2.0576e-07
17  4.3348e-09
18  2.8124e-08
19  9.5905e-07
20  1.3287e-06
21  4.1018e-07
22  3.5635e-09
23  9.1529e-07
24  2.9106e-07
25  3.6801e-07
26  2.6014e-08
27  2.1269e-07
28  5.9189e-07
29  8.9023e-08
30  6.5587e-08
31  8.0613e-08
32  1.0704e-07
33  8.9493e-07
34  6.8751e-07
35  2.3702e-08
36  2.1255e-08
37  2.5292e-08
38  7.6527e-08
39  5.2646e-08
40  3.3465e-08
41  1.4648e-07
42  4.7023e-07
43  9.9459e-08
44  1.0622e-07
45  1.1618e-07
46  5.2490e-08
47  7.6010e-08
48  1.6177e-07
49  1.1596e-07
50  9.9177e-08
51  2.6069e-08
52  1.2293e-07
53  1.1118e-07
54  6.1794e-08
55  7.6044e-08
56  3.2633e-07
57  6.7052e-07
58  1.8132e-08
59  2.5678e-08
60  4.2697e-08
61  6.6408e-08
62  6.4821e-08
63  3.3500e-07
64  1.4068e-07
65  1.2110e-07
66  2.4189e-07
67  1.3129e-07
68  4.4967e-08
69  2.2632e-08
70  7.9545e-08
71  2.4080e-08
72  1.1968e-07
73  1.4421e-07
74  9.5175e-07
75  3.8082e-06
76  2.7578e-06
77  2.2031e-06
78  1.5701e-06
79  1.7668e-06
80  4.9798e-06
81  2.1427e-06
82  1.7959e-06
83  2.3013e-06
84  6.7861e-07
85  2.8763e-07
86  5.3086e-07
87  6.8277e-07
88  8.4286e-07
89  3.9982e-07
90  6.7412e-07
91  2.0761e-07
92  5.5501e-07
93  4.1111e-07
94  1.2492e-06
95  7.6912e-07
96  5.4858e-07
97  4.5461e-07
98  1.6900e-07
99  2.0921e-07
100  2.4369e-07
101  2.7100e-07
102  1.6348e-07
103  1.7666e-07
104  1.7225e-07
105  1.6589e-07
106  3.0036e-07
107  2.4216e-07
108  2.8990e-07
109  3.0133e-07
110  4.1159e-07
111  8.8420e-08
112  2.3311e-07
113  1.0160e-07
114  9.4825e-08
115  9.2778e-08
116  4.4989e-08
117  1.0008e-07
118  1.1872e-07
119  9.5831e-08
120  5.2789e-07
121  4.9136e-07
122  1.2723e-06
123  1.3278e-06
124  5.4293e-06
125  5.4132e-06
126  8.3361e-06
127  5.8621e-06
128  4.9708e-06
129  3.7528e-06
130  1.1757e-06
131  1.2879e-06
132  2.1692e-06
133  2.7064e-06
134  2.2481e-06
135  8.6934e-07
136  1.4192e-06
137  1.8522e-06
138  1.9134e-06
139  1.0811e-06
140  1.6104e-06
141  1.4890e-06
142  8.3506e-07
143  8.6568e-07
144  1.1500e-06
145  8.7500e-07
146  1.3862e-06
147  1.3889e-06
148  1.2808e-06
149  7.6346e-07
150  9.7325e-07
151  7.9341e-07
152  1.1569e-06
153  7.0379e-07
154  1.5609e-06
155  1.0795e-06
156  1.3139e-06
157  1.0256e-06
158  1.8257e-06
159  4.6477e-07
160  1.3855e-06
161  7.9593e-07
162  1.0169e-06
163  6.8265e-07
164  2.0129e-06
165  1.1502e-06
166  2.5673e-06
167  1.3570e-06
168  1.6155e-06
169  2.1938e-06
170  1.2960e-06
171  1.0578e-06
172  8.9826e-07
173  7.3036e-07
174  1.2157e-06
175  7.1998e-07
176  8.8606e-07
177  1.0453e-06
178  1.1288e-06
179  1.0899e-06
180  1.5777e-06
181  1.7724e-06
182  2.3534e-06
183  1.4972e-06
184  2.3949e-06
185  1.6741e-06
186  3.7032e-06
187  2.7204e-06
188  6.8771e-06
189  7.1960e-06
190  1.6976e-05
191  2.3867e-05
192  3.9456e-05
193  4.6081e-05
194  5.1376e-05
195  4.3249e-05
196  2.4844e-05
197  1.5135e-05
198  5.5965e-06
199  2.8192e-06
200  2.7362e-06
201  2.4606e-06
202  4.4421e-06
203  4.8536e-06
204  7.1726e-06
205  7.4167e-06
206  9.1709e-05
207  7.9941e-05
208  8.7296e-05
209  8.8781e-05
210  2.3976e-12
211  6.7947e-18
212  7.5365e-18
213  3.4000e-44
214  1.2557e-18
215  1.8731e-24
216  8.7321e-24
217  4.2535e-95
218  2.1581e-20
219  2.6292e-21
220  3.3483e-21
221  -5.7312e-320
222  3.8309e-17
223  6.5593e-16
224  1.8910e-17
225  2.0491e-40
226  5.8619e-12
227  4.5719e-13
228  6.0813e-11
229  7.6432e-30
230  2.7627e-10
231  6.8384e-10
232  2.6618e-05
233  2.7315e-27
234  8.9961e-10
235  1.4739e-05
236  6.5463e-08
237  -8.7525e-319
238  1.6366e-05
239  4.6342e-17
240  1.2959e-11
241  0.0000e+00
242  1.8482e-122
243  1.4167e-17
244  1.5774e-07
245  0.0000e+00
246  2.3320e-09
247  2.9900e-14
248  1.1261e-121
249  0.0000e+00
250  0.0000e+00
251  3.1518e-314
252  0.0000e+00
253  0.0000e+00
254  0.0000e+00
255  0.0000e+00
256  0.0000e+00
257  6.0510e-26
258  3.6907e-06
259  8.5320e-26
260  3.6617e-06
261  2.8729e-06
262  3.2052e-06
263  3.1119e-06
264  2.8629e-06
265  1.9116e-06
266  1.9274e-06
267  8.3604e-07
268  5.6818e-07
269  6.7315e-07
270  4.3549e-07
271  3.2330e-07
272  2.1862e-07
273  1.1324e-07
274  6.0389e-08
275  1.9782e-08
276  1.2946e-08
277  4.9218e-09
278  1.4873e-08
279  1.6360e-08
280  1.2155e-08
281  7.5818e-09
282  1.6879e-08
283  1.6306e-08
284  1.7028e-08
285  1.4199e-08
286  1.3903e-08
287  1.2143e-08
288  8.7984e-09
289  4.6662e-09
290  4.2924e-09
291  2.9021e-09
292  1.2339e-08
293  4.4503e-09
294  4.6037e-09
295  1.6360e-09
296  5.5533e-10
297  1.6226e-10
298  4.6287e-11
299  5.5409e-15
300  6.3230e-14
301  2.2118e-10
302  4.9340e-10
303  2.7859e-10
304  2.4280e-10
305  5.4576e-11
306  1.3222e-10
307  1.4564e-11
308  8.1379e-12
309  2.3765e-12
310  8.6661e-12
311  1.8019e-12
312  1.7330e-12
313  8.3476e-13
314  5.1833e-13
315  3.3772e-13
316  5.2422e-13
317  2.1734e-13
318  7.3659e-13
319  2.5946e-13
320  3.9712e-13
321  1.3003e-13
322  5.6710e-14
323  1.7414e-14
324  4.3024e-14
325  1.9529e-15
326  7.3415e-15
327  3.7421e-14
328  3.4693e-18
329  6.7510e-16
330  1.8388e-18
331  1.9428e-17
332  1.6656e-17
333  6.0989e-18
334  1.0496e-19
335  1.0608e-18
336  9.3666e-19
337  7.7376e-17

