1  8.1255e-11
2  1.4127e-01
3  4.5078e-20
4  4.2407e-19
5  8.8662e-20
6  1.2258e-07
7  2.4125e-15
8  4.5368e-09
9  7.3350e-17
10  3.9940e-09
11  4.2159e-13
12  2.9154e-09
13  4.5192e-10
14  4.8718e-09
15  3.1885e-09
16  5.9325e-08
17  8.5129e-09
18  1.2257e-08
19  2.3592e-09
20  3.0531e-07
21  2.4035e-09
22  1.0463e-06
23  1.5332e-07
24  5.2154e-06
25  1.5132e-08
26  3.3656e-06
27  1.7319e-06
28  3.5990e-06
29  1.5532e-06
30  2.1264e-06
31  1.0823e-07
32  1.1975e-05
33  2.6143e-06
34  7.4168e-05
35  1.3197e-05
36  5.2026e-05
37  1.3364e-05
38  6.7479e-05
39  3.3256e-05
40  1.9278e-04
41  1.0446e-05
42  3.6707e-04
43  1.1815e-29
44  2.0780e-03
45  1.8075e-04
46  8.1250e-04
47  1.2402e-04
48  1.5294e-04
49  1.4023e-05
50  2.9611e-05
51  4.1425e-06
52  1.7220e-05
53  6.5087e-06
54  1.2832e-06
55  2.0244e-13
56  8.6196e-16
57  1.1655e-17
58  5.5224e-18
59  3.6767e-18
60  9.2804e-19
61  5.0312e-28
62  9.6275e-21
63  2.9585e-21
64  6.7541e-22
65  1.8421e-24
66  9.5036e-24
67  6.8382e-25
68  8.8915e-25
69  0.0000e+00
70  0.0000e+00
71  0.0000e+00
72  0.0000e+00
73  0.0000e+00
74  0.0000e+00
75  0.0000e+00
76  0.0000e+00
77  0.0000e+00
78  0.0000e+00
79  0.0000e+00
80  0.0000e+00
81  0.0000e+00
82  0.0000e+00
83  0.0000e+00
84  0.0000e+00
85  0.0000e+00
86  0.0000e+00
87  0.0000e+00
88  0.0000e+00
89  0.0000e+00
90  0.0000e+00
91  0.0000e+00
92  0.0000e+00
93  0.0000e+00
94  0.0000e+00
95  0.0000e+00
96  0.0000e+00
97  0.0000e+00
98  0.0000e+00
99  0.0000e+00
100  0.0000e+00
101  0.0000e+00
102  0.0000e+00
103  0.0000e+00
104  0.0000e+00
105  0.0000e+00
106  0.0000e+00
107  0.0000e+00
108  0.0000e+00
109  0.0000e+00
110  0.0000e+00
111  0.0000e+00
112  0.0000e+00
113  0.0000e+00
114  0.0000e+00
115  0.0000e+00
116  0.0000e+00
117  0.0000e+00
118  0.0000e+00

