1  2.6272e-20
2  4.4452e-05
3  9.1519e-26
4  2.6327e-19
5  1.8900e-21
6  6.4974e-14
7  6.8774e-20
8  3.4912e-13
9  5.0590e-21
10  3.4791e-14
11  1.1969e-16
12  9.2826e-15
13  2.5621e-15
14  2.2360e-14
15  5.6350e-16
16  8.6547e-14
17  1.2270e-14
18  8.5376e-14
19  2.5356e-15
20  7.2333e-14
21  5.1018e-15
22  2.9382e-07
23  4.7336e-08
24  3.7118e-05
25  4.7501e-06
26  1.1944e-03
27  1.6769e-05
28  1.2922e-02
29  1.8295e-04
30  4.9436e-04
31  3.0115e-06
32  4.6402e-05
33  4.0316e-07
34  3.5757e-05
35  1.0939e-06
36  2.0805e-04
37  8.6918e-05
38  3.2895e-04
39  1.2565e-06
40  1.0259e-07
41  4.8428e-11
42  1.7940e-13
43  3.1636e-36
44  1.5971e-18
45  6.4062e-22
46  3.0855e-23
47  4.6257e-25
48  3.3328e-27
49  5.8022e-285
50  0.0000e+00
51  0.0000e+00
52  0.0000e+00
53  0.0000e+00
54  0.0000e+00
55  0.0000e+00
56  0.0000e+00
57  0.0000e+00
58  0.0000e+00
59  0.0000e+00
60  0.0000e+00
61  0.0000e+00
62  0.0000e+00
63  0.0000e+00
64  0.0000e+00
65  0.0000e+00
66  0.0000e+00
67  0.0000e+00
68  0.0000e+00
69  0.0000e+00
70  0.0000e+00
71  0.0000e+00
72  0.0000e+00
73  0.0000e+00
74  0.0000e+00
75  0.0000e+00
76  0.0000e+00
77  0.0000e+00
78  0.0000e+00
79  0.0000e+00
80  0.0000e+00
81  0.0000e+00
82  0.0000e+00
83  0.0000e+00
84  0.0000e+00
85  0.0000e+00
86  0.0000e+00
87  0.0000e+00
88  0.0000e+00
89  0.0000e+00
90  0.0000e+00
91  0.0000e+00
92  0.0000e+00
93  0.0000e+00
94  0.0000e+00
95  0.0000e+00
96  0.0000e+00
97  0.0000e+00
98  0.0000e+00
99  0.0000e+00
100  0.0000e+00
101  0.0000e+00
102  0.0000e+00
103  0.0000e+00
104  0.0000e+00
105  0.0000e+00
106  0.0000e+00
107  0.0000e+00
108  0.0000e+00
109  0.0000e+00
110  0.0000e+00
111  0.0000e+00
112  0.0000e+00
113  0.0000e+00
114  0.0000e+00
115  0.0000e+00
116  0.0000e+00
117  0.0000e+00
118  0.0000e+00

