    1      2  2.0160e-08  4.0319e-08
    2      3  7.0511e-10  2.1153e-09
    3      6  1.3054e-11  7.8326e-11
    3      7  2.5547e-09  1.7883e-08
    4      8  3.5268e-08  2.8215e-07
    4      9  1.7324e-08  1.5591e-07
    5     10  2.7872e-07  2.7872e-06
    5     11  1.4197e-09  1.5617e-08
    6     12  6.8860e-09  8.2633e-08
    6     13  2.7565e-08  3.5834e-07
    7     14  4.6656e-08  6.5319e-07
    7     15  1.1786e-05  1.7679e-04
    8     16  8.3818e-07  1.3411e-05
    8     17  3.3919e-08  5.7662e-07
    8     18  1.3296e-07  2.3932e-06
    9     19  8.5770e-07  1.6296e-05
   10     20  1.4141e-06  2.8283e-05
   10     21  1.0783e-06  2.2644e-05
   10     22  1.3253e-08  2.9156e-07
   11     23  7.1391e-07  1.6420e-05
   12     24  2.9987e-07  7.1968e-06
   12     25  3.1186e-07  7.7965e-06
   12     26  1.3810e-07  3.5906e-06
   13     26  1.2855e-20  3.3423e-19
   13     27  1.1561e-07  3.1215e-06
   14     28  1.5156e-07  4.2436e-06
   14     29  6.1504e-08  1.7836e-06
   14     30  7.3016e-08  2.1905e-06
   15     31  1.8476e-08  5.7276e-07
   16     32  8.1818e-08  2.6182e-06
   16     33  2.1834e-07  7.2052e-06
   16     34  2.0324e-07  6.9103e-06
   16     36  2.0902e-08  7.5246e-07
   17     35  1.6939e-08  5.9286e-07
   17     37  3.0470e-09  1.1274e-07
   18     36  1.1626e-17  4.1855e-16
   18     38  1.4655e-08  5.5688e-07
   18     40  4.8945e-09  1.9578e-07
   19     39  1.2202e-08  4.7586e-07
   19     41  7.3328e-09  3.0064e-07
   20     42  3.6265e-08  1.5231e-06
   20     43  9.6222e-09  4.1375e-07
   20     44  1.4990e-08  6.5954e-07
   20     46  5.0381e-10  2.3175e-08
   21     45  1.3787e-08  6.2041e-07
   22     46  2.1553e-19  9.9142e-18
   22     47  5.4744e-10  2.5730e-08
   22     48  3.4882e-10  1.6743e-08
   22     49  2.8491e-10  1.3961e-08
   22     50  1.5139e-10  7.5695e-09
   23     51  3.8031e-10  1.9396e-08
   24     52  1.1307e-09  5.8794e-08
   24     53  4.5803e-09  2.4276e-07
   24     54  2.1844e-10  1.1796e-08
   25     55  2.5139e-11  1.3827e-09
   26     56  2.0770e-09  1.1631e-07
   26     57  1.8085e-09  1.0308e-07
   26     58  2.1571e-10  1.2511e-08
   27     59  1.3525e-11  7.9795e-10
   28     60  6.2841e-11  3.7704e-09
   28     61  3.0489e-11  1.8598e-09
   28     62  7.4501e-11  4.6191e-09
   28     64  1.0710e-09  6.8547e-08
   29     63  1.5701e-08  9.8915e-07
   29     65  1.3107e-09  8.5197e-08
   30     64  7.8988e-20  5.0552e-18
   30     66  1.8372e-09  1.2126e-07
   30     67  2.7318e-08  1.8303e-06
   30     68  2.1852e-09  1.4859e-07
   30     70  9.8400e-09  6.8880e-07
   31     69  9.2286e-10  6.3677e-08
   31     71  4.3612e-09  3.0964e-07
   32     70  1.1918e-15  8.3429e-14
   32     72  5.8349e-09  4.2011e-07
   32     73  1.2048e-08  8.7953e-07
   32     74  5.1903e-08  3.8408e-06
   32     76  1.6529e-08  1.2562e-06
   33     75  9.4514e-08  7.0886e-06
   34     76  7.3315e-13  5.5720e-11
   34     77  7.0702e-08  5.4441e-06
   34     78  5.7210e-08  4.4624e-06
   34     80  5.1900e-07  4.1520e-05
   34     82  1.4563e-07  1.1941e-05
   35     79  5.4856e-08  4.3337e-06
   35     81  9.0263e-08  7.3113e-06
   36     82  7.5707e-13  6.2080e-11
   36     83  2.1145e-07  1.7550e-05
   36     84  2.7575e-08  2.3163e-06
   36     86  4.7011e-08  4.0429e-06
   37     85  5.3695e-08  4.5641e-06
   37     87  6.4026e-08  5.5702e-06
   38     86  1.4307e-19  1.2304e-17
   38     87  4.6880e-10  4.0786e-08
   38     88  1.1276e-08  9.9231e-07
   39     89  2.0335e-08  1.8098e-06
   40     90  1.4398e-08  1.2958e-06
   40     91  2.3049e-08  2.0974e-06
   40     92  1.4837e-08  1.3650e-06
   40     94  4.6911e-08  4.4096e-06
   41     93  1.5183e-08  1.4120e-06
   42     95  2.1790e-08  2.0700e-06
   42     96  4.3579e-09  4.1836e-07
   42     97  2.3171e-08  2.2476e-06
   42     98  3.0304e-09  2.9697e-07
   42    100  7.8209e-09  7.8209e-07
   44     99  3.3749e-09  3.3411e-07
   44    100  8.2646e-14  8.2646e-12
   44    101  2.9345e-09  2.9639e-07
   44    102  4.9563e-09  5.0555e-07
   44    104  1.8642e-09  1.9388e-07
   45    103  9.8238e-09  1.0119e-06
   46    104  3.9096e-18  4.0659e-16
   46    105  4.1388e-10  4.3457e-08
   46    106  2.7595e-09  2.9251e-07
   46    108  5.2454e-09  5.6650e-07
   46    110  1.1986e-08  1.3185e-06
   47    107  2.5940e-09  2.7756e-07
   47    109  8.6593e-09  9.4386e-07
   48    110  2.2520e-14  2.4772e-12
   48    111  1.4603e-09  1.6210e-07
   48    112  9.3206e-09  1.0439e-06
   48    113  1.1911e-08  1.3460e-06
   48    114  1.8725e-08  2.1346e-06
   48    116  2.7212e-09  3.1565e-07
   49    113  5.2423e-16  5.9237e-14
   49    115  3.5815e-08  4.1187e-06
   50    115  2.8575e-14  3.2862e-12
   50    116  4.7989e-13  5.5667e-11
   50    117  2.8910e-09  3.3824e-07
   50    118  3.2388e-10  3.8218e-08
   50    119  4.0332e-10  4.7995e-08
   50    120  5.7459e-09  6.8951e-07
   50    122  3.5826e-09  4.3707e-07
   50    124  8.6169e-09  1.0685e-06
   51    121  1.4313e-08  1.7318e-06
   51    123  6.3344e-09  7.7913e-07
   52    122  2.7507e-14  3.3559e-12
   52    124  1.6291e-16  2.0201e-14
   52    125  7.9561e-08  9.9452e-06
   52    126  5.3676e-08  6.7632e-06
   52    128  2.5882e-07  3.3129e-05
   52    130  2.3888e-07  3.1054e-05
   53    127  3.2436e-07  4.1194e-05
   53    129  3.9458e-15  5.0901e-13
   54    128  1.6344e-15  2.0921e-13
   54    129  7.6200e-07  9.8299e-05
   54    130  1.6540e-13  2.1503e-11
   54    131  1.3643e-07  1.7873e-05
   54    132  1.2511e-07  1.6514e-05
   54    134  5.2079e-08  6.9786e-06
   54    136  5.0812e-08  6.9105e-06
   55    133  6.6487e-08  8.8428e-06
   56    134  1.4966e-17  2.0054e-15
   56    135  2.3609e-08  3.1873e-06
   56    136  2.7619e-15  3.7562e-13
   56    137  3.0595e-08  4.1916e-06
   56    138  6.5298e-08  9.0111e-06
   57    139  8.0316e-09  1.1164e-06
   58    140  2.3410e-08  3.2774e-06
   58    142  2.4564e-08  3.4881e-06
   59    141  3.1435e-08  4.4324e-06
   60    142  5.6211e-18  7.9819e-16
   60    143  2.1787e-08  3.1155e-06
   60    144  1.6605e-08  2.3912e-06
   60    145  1.3501e-09  1.9576e-07
   60    146  7.6659e-09  1.1192e-06
   60    148  3.7407e-09  5.5362e-07
   60    150  5.1585e-10  7.7378e-08
   62    147  1.4160e-08  2.0815e-06
   62    148  2.7712e-13  4.1014e-11
   62    149  2.9704e-10  4.4259e-08
   62    150  3.1761e-14  4.7641e-12
   62    152  1.6680e-10  2.5354e-08
   62    154  5.0166e-11  7.7256e-09
   63    151  3.1132e-11  4.7009e-09
   63    153  1.7265e-10  2.6416e-08
   64    154  2.3677e-16  3.6462e-14
   64    155  2.3682e-09  3.6708e-07
   64    156  1.3110e-10  2.0451e-08
   64    157  2.0996e-10  3.2964e-08
   64    158  9.0894e-10  1.4361e-07
   64    160  1.5152e-11  2.4242e-09
   65    159  6.2264e-12  9.9000e-10
   66    160  2.0871e-18  3.3394e-16
   66    161  2.1921e-11  3.5292e-09
   66    162  9.3623e-12  1.5167e-09
   66    163  2.8630e-11  4.6667e-09
   66    164  1.4621e-11  2.3979e-09
   67    165  1.3163e-11  2.1718e-09
   68    166  4.2122e-11  6.9923e-09
   68    167  6.2921e-11  1.0508e-08
   68    168  3.8434e-11  6.4569e-09
   68    170  1.2595e-10  2.1411e-08
   69    169  9.5619e-10  1.6160e-07
   70    170  4.4554e-17  7.5742e-15
   70    171  3.2678e-10  5.5879e-08
   70    172  1.9041e-10  3.2751e-08
   70    173  1.2765e-10  2.2083e-08
   70    174  7.7623e-10  1.3506e-07
   70    176  4.5460e-10  8.0010e-08
   71    175  1.7573e-10  3.0753e-08
   71    176  1.5917e-18  2.8014e-16
   72    176  1.4902e-20  2.6228e-18
   72    177  3.8402e-09  6.7972e-07
   72    178  1.4897e-09  2.6516e-07
   72    179  1.0212e-09  1.8280e-07
   72    180  2.5352e-09  4.5633e-07
   73    181  4.8327e-09  8.7472e-07
   74    182  8.0086e-09  1.4576e-06
   74    183  8.3349e-09  1.5253e-06
   74    184  1.3819e-08  2.5427e-06
   74    186  1.0349e-08  1.9249e-06
   75    185  1.0927e-08  2.0215e-06
   75    187  1.1816e-08  2.2096e-06
   76    186  1.4062e-18  2.6154e-16
   76    187  9.6028e-11  1.7957e-08
   76    188  1.7865e-08  3.3586e-06
   76    189  1.0644e-08  2.0117e-06
   76    190  3.1553e-08  5.9952e-06
   76    192  4.5806e-08  8.7948e-06
   77    191  3.9822e-08  7.6061e-06
   77    193  1.1672e-08  2.2527e-06
   78    192  1.0695e-16  2.0535e-14
   78    194  2.4590e-08  4.7704e-06
   78    195  2.1533e-08  4.1989e-06
   78    196  3.0972e-08  6.0706e-06
   78    198  8.5300e-08  1.6889e-05
   79    197  5.8219e-08  1.1469e-05
   80    198  3.8511e-16  7.6253e-14
   80    199  3.7562e-08  7.4749e-06
   80    200  2.8689e-07  5.7378e-05
   80    201  1.7415e-07  3.5005e-05
   80    202  7.7159e-07  1.5586e-04
   80    204  2.8975e-07  5.9109e-05
   81    203  5.0822e-07  1.0317e-04
   81    205  1.4667e-07  3.0067e-05
   81    207  1.2121e-20  2.5091e-18
   82    204  5.2115e-18  1.0631e-15
   82    206  7.9083e-07  1.6291e-04
   82    207  1.3483e-06  2.7911e-04
   82    208  6.3943e-07  1.3300e-04
   82    210  6.1096e-14  1.2830e-11
   82    211  4.2952e-19  9.0628e-17
   82    212  1.5485e-19  3.2828e-17
   82    214  2.8495e-20  6.0979e-18
   83    209  1.4186e-06  2.9649e-04
   83    210  1.2816e-18  2.6914e-16
   84    210  3.5386e-17  7.4310e-15
   86    222  9.7678e-19  2.1685e-16
   88    223  4.1990e-17  9.3638e-15
   88    224  4.0015e-19  8.9633e-17
   88    226  1.4946e-13  3.3779e-11
   88    228  1.2867e-12  2.9337e-10
   89    227  2.9200e-14  6.6285e-12
   89    228  2.8164e-20  6.4213e-18
   90    227  6.7487e-17  1.5320e-14
   90    228  7.6844e-17  1.7520e-14
   90    230  7.0442e-12  1.6202e-09
   90    231  3.9059e-18  9.0226e-16
   90    232  5.6324e-07  1.3067e-04
   90    234  2.3818e-18  5.5735e-16
   91    231  4.3778e-11  1.0113e-08
   91    234  7.1328e-20  1.6691e-17
   92    234  2.2938e-11  5.3674e-09
   92    235  9.4352e-07  2.2173e-04
   92    236  3.1725e-09  7.4872e-07
   92    238  4.1729e-07  9.9314e-05
   92    240  1.5925e-19  3.8220e-17
   93    240  1.1243e-20  2.6984e-18
   94    239  1.0235e-17  2.4461e-15
   94    240  6.2813e-13  1.5075e-10
   94    244  7.6457e-09  1.8656e-06
   95    243  3.1288e-18  7.6030e-16
   96    244  2.0751e-18  5.0633e-16
   96    247  6.6037e-15  1.6311e-12
   97    246  1.1819e-10  2.9074e-08
  100    258  6.2477e-07  1.6119e-04
  100    260  7.5675e-07  1.9675e-04
  100    262  2.2449e-07  5.8816e-05
  102    260  3.6559e-20  9.5055e-18
  102    261  6.2058e-07  1.6197e-04
  102    263  2.3564e-07  6.1973e-05
  102    264  2.9824e-07  7.8735e-05
  102    266  4.2071e-07  1.1191e-04
  103    265  3.6412e-07  9.6492e-05
  104    267  1.6026e-07  4.2790e-05
  104    268  2.0509e-07  5.4964e-05
  104    270  9.3741e-07  2.5310e-04
  104    272  7.8115e-07  2.1247e-04
  104    274  2.0053e-06  5.4944e-04
  105    269  7.9034e-07  2.1260e-04
  105    271  6.6458e-07  1.8010e-04
  106    273  1.3315e-06  3.6350e-04
  106    274  2.3600e-19  6.4665e-17
  106    275  3.1836e-06  8.7550e-04
  106    276  6.0412e-06  1.6674e-03
  106    278  2.1749e-06  6.0464e-04
  106    280  1.8847e-06  5.2771e-04
  107    277  1.8102e-06  5.0143e-04
  108    279  2.5935e-06  7.2359e-04
  108    280  1.3272e-20  3.7162e-18
  108    281  8.0947e-07  2.2746e-04
  108    282  8.4077e-07  2.3710e-04
  108    283  7.4653e-07  2.1127e-04
  108    284  8.2867e-07  2.3534e-04
  108    286  1.8865e-06  5.3954e-04
  110    285  1.2509e-06  3.5651e-04
  110    286  3.7600e-15  1.0754e-12
  110    287  1.8070e-06  5.1860e-04
  110    288  1.6340e-06  4.7058e-04
  110    290  4.0202e-06  1.1659e-03
  111    289  1.4756e-06  4.2644e-04
  111    290  1.7512e-15  5.0784e-13
  111    291  3.3215e-06  9.6657e-04
  111    292  2.8314e-05  8.2676e-03
  111    293  1.6879e-05  4.9456e-03
  111    294  2.7896e-05  8.2013e-03
  111    295  1.4222e-05  4.1954e-03
  111    296  6.1118e-06  1.8091e-03
  111    297  2.0491e-06  6.0858e-04
  111    298  6.3711e-07  1.8986e-04
  111    299  9.8094e-11  2.9330e-08
  111    300  1.1025e-09  3.3074e-07
  111    301  4.1748e-06  1.2566e-03
  111    302  5.5321e-06  1.6707e-03
  111    303  3.2548e-06  9.8620e-04
  111    304  7.2858e-06  2.2149e-03
  111    305  9.1473e-06  2.7899e-03
  111    306  1.3878e-05  4.2466e-03
  111    307  7.9263e-06  2.4334e-03
  111    308  7.0341e-06  2.1665e-03
  111    309  6.8223e-06  2.1081e-03
  111    310  8.6932e-06  2.6949e-03
  111    311  6.8648e-06  2.1350e-03
  111    312  5.3404e-06  1.6662e-03
  111    313  4.1009e-06  1.2836e-03
  111    314  5.0367e-06  1.5815e-03
  111    315  3.9261e-06  1.2367e-03
  111    316  5.9957e-06  1.8946e-03
  111    317  4.6733e-06  1.4814e-03
  111    318  1.0111e-05  3.2154e-03
  111    319  1.0115e-05  3.2267e-03
  111    320  1.0290e-05  3.2927e-03
  111    321  7.0011e-06  2.2474e-03
  111    322  1.0397e-05  3.3479e-03
  111    323  1.3586e-05  4.3884e-03
  111    324  2.8339e-05  9.1819e-03
  111    325  5.0135e-06  1.6294e-03
  111    326  2.5798e-05  8.4102e-03
  111    327  4.2584e-05  1.3925e-02
  111    328  7.9290e-06  2.6007e-03
  111    329  2.0428e-05  6.7209e-03
  111    330  1.4110e-06  4.6564e-04
  111    331  7.8678e-06  2.6042e-03
  111    332  5.9950e-06  1.9903e-03
  111    333  1.6542e-06  5.5086e-04
  111    334  4.7047e-07  1.5714e-04
  111    335  3.3080e-07  1.1082e-04
  111    336  1.6945e-07  5.6934e-05
  111    337  1.4864e-05  5.0092e-03
    1      1  5.0128e-08  5.0128e-08
    2      4  2.1227e-01  8.4907e-01


