    1      2  8.2827e-10  1.6565e-09
    2      3  1.7817e-11  5.3451e-11
    3      6  2.3050e-12  1.3830e-11
    3      7  3.5715e-11  2.5001e-10
    4      8  9.1561e-12  7.3249e-11
    4      9  2.6281e-13  2.3653e-12
    5     10  6.3800e-12  6.3800e-11
    5     11  3.7093e-11  4.0802e-10
    6     12  2.4431e-09  2.9317e-08
    6     13  2.2571e-09  2.9343e-08
    7     14  7.8510e-07  1.0991e-05
    7     15  4.6561e-07  6.9841e-06
    8     16  3.1918e-08  5.1070e-07
    8     17  5.8938e-10  1.0019e-08
    8     18  5.5561e-08  1.0001e-06
    9     19  2.1125e-07  4.0137e-06
   10     20  2.9645e-07  5.9291e-06
   10     21  2.4238e-07  5.0900e-06
   10     22  6.9257e-09  1.5236e-07
   11     23  1.5118e-07  3.4771e-06
   12     24  8.2554e-08  1.9813e-06
   12     25  7.2150e-08  1.8038e-06
   12     26  1.3217e-07  3.4365e-06
   13     26  4.8884e-18  1.2710e-16
   13     27  4.0356e-07  1.0896e-05
   14     28  1.2385e-06  3.4679e-05
   14     29  1.2776e-07  3.7050e-06
   14     30  5.4530e-08  1.6359e-06
   15     31  1.1452e-07  3.5501e-06
   16     32  1.3495e-07  4.3184e-06
   16     33  1.6338e-06  5.3916e-05
   16     34  1.2588e-06  4.2798e-05
   16     36  1.9961e-08  7.1860e-07
   17     35  1.3849e-08  4.8473e-07
   17     37  1.1169e-07  4.1326e-06
   18     36  9.1959e-20  3.3105e-18
   18     38  2.6725e-07  1.0155e-05
   18     40  9.0714e-07  3.6286e-05
   19     39  5.0976e-07  1.9880e-05
   19     41  9.1169e-08  3.7379e-06
   20     42  1.3165e-06  5.5292e-05
   20     43  6.8555e-07  2.9479e-05
   20     44  1.0937e-07  4.8124e-06
   20     46  2.3114e-07  1.0632e-05
   21     45  2.4082e-07  1.0837e-05
   22     46  1.7229e-20  7.9255e-19
   22     47  2.6359e-07  1.2389e-05
   22     48  4.5851e-07  2.2008e-05
   22     49  6.0455e-07  2.9623e-05
   22     50  7.1656e-07  3.5828e-05
   23     51  1.9196e-07  9.7898e-06
   24     52  2.6068e-07  1.3555e-05
   24     53  1.4876e-07  7.8842e-06
   24     54  1.2812e-07  6.9185e-06
   25     55  3.4741e-07  1.9108e-05
   26     56  1.1158e-06  6.2485e-05
   26     57  1.7733e-06  1.0108e-04
   26     58  7.7034e-08  4.4680e-06
   27     59  9.8337e-08  5.8019e-06
   28     60  2.7998e-07  1.6799e-05
   28     61  4.2553e-07  2.5957e-05
   28     62  2.4849e-07  1.5406e-05
   28     64  2.9341e-07  1.8778e-05
   29     63  7.8338e-07  4.9353e-05
   29     65  2.1163e-07  1.3756e-05
   30     64  1.6065e-20  1.0281e-18
   30     66  5.1373e-07  3.3906e-05
   30     67  1.9565e-07  1.3109e-05
   30     68  1.5296e-07  1.0401e-05
   30     70  2.8751e-07  2.0126e-05
   31     69  9.3491e-08  6.4509e-06
   31     71  4.9630e-08  3.5237e-06
   32     70  5.9380e-16  4.1566e-14
   32     72  1.4505e-07  1.0444e-05
   32     73  1.3011e-07  9.4978e-06
   32     74  1.0787e-06  7.9825e-05
   32     76  4.9520e-06  3.7635e-04
   33     75  5.1982e-06  3.8987e-04
   34     76  2.1043e-13  1.5993e-11
   34     77  5.0576e-06  3.8944e-04
   34     78  5.9774e-06  4.6624e-04
   34     80  1.6577e-05  1.3261e-03
   34     82  3.6651e-06  3.0054e-04
   35     79  8.5687e-06  6.7693e-04
   35     81  8.5502e-06  6.9257e-04
   36     82  3.6480e-13  2.9913e-11
   36     83  3.7743e-06  3.1327e-04
   36     84  2.6635e-06  2.2373e-04
   36     86  4.0966e-06  3.5231e-04
   37     85  2.0368e-06  1.7313e-04
   37     87  5.1527e-06  4.4828e-04
   38     86  2.6357e-20  2.2667e-18
   38     87  3.7729e-08  3.2825e-06
   38     88  5.7216e-06  5.0350e-04
   39     89  1.3793e-06  1.2276e-04
   40     90  3.3579e-06  3.0222e-04
   40     91  2.4120e-06  2.1949e-04
   40     92  6.3440e-06  5.8365e-04
   40     94  3.8918e-06  3.6583e-04
   41     93  1.6928e-06  1.5743e-04
   42     95  2.6903e-06  2.5558e-04
   42     96  2.2250e-06  2.1360e-04
   42     97  1.6157e-06  1.5672e-04
   42     98  1.0337e-06  1.0130e-04
   42    100  1.9878e-06  1.9878e-04
   44     99  1.5542e-06  1.5387e-04
   44    100  1.8565e-13  1.8565e-11
   44    101  2.3862e-06  2.4101e-04
   44    102  9.5919e-07  9.7837e-05
   44    104  9.0854e-07  9.4488e-05
   45    103  8.0531e-07  8.2947e-05
   46    104  9.6492e-19  1.0035e-16
   46    105  7.6147e-07  7.9954e-05
   46    106  1.0807e-06  1.1456e-04
   46    108  1.4168e-06  1.5302e-04
   46    110  2.0913e-06  2.3004e-04
   47    107  9.4542e-07  1.0116e-04
   47    109  1.4264e-06  1.5548e-04
   48    110  2.0139e-14  2.2153e-12
   48    111  5.0030e-07  5.5533e-05
   48    112  1.1495e-06  1.2875e-04
   48    113  4.6775e-07  5.2856e-05
   48    114  4.5554e-07  5.1931e-05
   48    116  2.3145e-07  2.6849e-05
   49    113  2.0586e-14  2.3262e-12
   49    115  3.9015e-07  4.4867e-05
   50    115  3.1128e-13  3.5797e-11
   50    116  2.7297e-14  3.1665e-12
   50    117  4.0633e-07  4.7540e-05
   50    118  4.3661e-07  5.1520e-05
   50    119  3.1378e-07  3.7340e-05
   50    120  1.0555e-06  1.2666e-04
   50    122  2.0032e-06  2.4439e-04
   50    124  2.5032e-05  3.1039e-03
   51    121  8.5162e-07  1.0305e-04
   51    123  2.7671e-06  3.4035e-04
   52    122  8.5260e-15  1.0402e-12
   52    124  2.9874e-16  3.7043e-14
   52    125  8.6570e-05  1.0821e-02
   52    126  3.2163e-04  4.0526e-02
   52    128  1.4871e-04  1.9035e-02
   52    130  9.3508e-05  1.2156e-02
   53    127  1.9015e-04  2.4149e-02
   53    129  4.4153e-13  5.6957e-11
   54    128  2.7956e-15  3.5784e-13
   54    129  2.3559e-04  3.0391e-02
   54    130  2.0109e-13  2.6142e-11
   54    131  1.6156e-05  2.1164e-03
   54    132  1.9586e-05  2.5854e-03
   54    134  2.5289e-05  3.3887e-03
   54    136  3.6761e-05  4.9995e-03
   55    133  2.7115e-05  3.6063e-03
   56    134  8.8498e-18  1.1859e-15
   56    135  2.5799e-05  3.4828e-03
   56    136  1.3964e-14  1.8991e-12
   56    137  2.2672e-05  3.1061e-03
   56    138  1.3245e-05  1.8278e-03
   57    139  7.7581e-06  1.0784e-03
   58    140  1.6511e-05  2.3116e-03
   58    142  2.7908e-05  3.9630e-03
   59    141  3.9096e-05  5.5125e-03
   60    142  2.5986e-17  3.6900e-15
   60    143  2.8694e-05  4.1032e-03
   60    144  3.1401e-05  4.5218e-03
   60    145  1.1058e-05  1.6034e-03
   60    146  1.2598e-05  1.8393e-03
   60    148  1.1645e-05  1.7234e-03
   60    150  1.3448e-05  2.0172e-03
   62    147  9.0314e-06  1.3276e-03
   62    148  9.5022e-13  1.4063e-10
   62    149  9.0038e-06  1.3416e-03
   62    150  6.5227e-12  9.7841e-10
   62    152  1.7624e-05  2.6789e-03
   62    154  1.8237e-05  2.8085e-03
   63    151  1.3053e-05  1.9710e-03
   63    153  1.1441e-05  1.7505e-03
   64    154  9.2666e-14  1.4271e-11
   64    155  9.7626e-06  1.5132e-03
   64    156  1.8330e-05  2.8596e-03
   64    157  1.1706e-05  1.8378e-03
   64    158  1.9525e-05  3.0850e-03
   64    160  1.2203e-05  1.9524e-03
   65    159  6.9437e-06  1.1040e-03
   66    160  1.2199e-14  1.9519e-12
   66    161  5.4943e-06  8.8458e-04
   66    162  9.7674e-06  1.5823e-03
   66    163  5.9899e-06  9.7636e-04
   66    164  1.4910e-05  2.4453e-03
   67    165  7.2495e-06  1.1962e-03
   68    166  1.4013e-05  2.3261e-03
   68    167  6.2320e-06  1.0407e-03
   68    168  8.8761e-06  1.4912e-03
   68    170  5.2754e-06  8.9681e-04
   69    169  7.9159e-06  1.3378e-03
   70    170  2.1133e-15  3.5925e-13
   70    171  3.7686e-06  6.4443e-04
   70    172  3.0775e-06  5.2933e-04
   70    173  2.5551e-06  4.4204e-04
   70    174  3.1556e-06  5.4908e-04
   70    176  2.2199e-06  3.9070e-04
   71    175  1.9872e-06  3.4777e-04
   71    176  1.1921e-16  2.0981e-14
   72    176  1.1161e-18  1.9643e-16
   72    177  2.5415e-06  4.4985e-04
   72    178  2.9737e-06  5.2932e-04
   72    179  2.5033e-06  4.4809e-04
   72    180  2.7525e-06  4.9545e-04
   73    181  2.6229e-06  4.7475e-04
   74    182  3.5501e-06  6.4612e-04
   74    183  2.0612e-06  3.7719e-04
   74    184  3.1453e-06  5.7874e-04
   74    186  3.2159e-06  5.9816e-04
   75    185  1.8295e-06  3.3845e-04
   75    187  1.8668e-06  3.4910e-04
   76    186  7.7622e-19  1.4438e-16
   76    187  1.5172e-08  2.8372e-06
   76    188  3.0790e-06  5.7885e-04
   76    189  2.2881e-06  4.3246e-04
   76    190  2.5194e-06  4.7869e-04
   76    192  1.9139e-06  3.6747e-04
   77    191  1.9702e-06  3.7631e-04
   77    193  1.6384e-06  3.1621e-04
   78    192  3.0541e-17  5.8639e-15
   78    194  1.3679e-06  2.6537e-04
   78    195  9.7243e-07  1.8962e-04
   78    196  3.9024e-07  7.6487e-05
   78    198  3.0938e-08  6.1258e-06
   79    197  1.5371e-07  3.0280e-05
   80    198  1.8791e-18  3.7206e-16
   80    199  5.3342e-09  1.0615e-06
   80    200  8.7209e-10  1.7442e-07
   80    201  2.2262e-10  4.4747e-08
   80    202  4.8943e-10  9.8866e-08
   80    204  1.2969e-09  2.6457e-07
   81    203  9.1078e-10  1.8489e-07
   81    205  9.6467e-10  1.9776e-07
   81    210  1.4541e-19  3.0536e-17
   82    206  1.8713e-09  3.8548e-07
   82    207  1.6080e-09  3.3286e-07
   82    208  1.7764e-09  3.6949e-07
   83    209  1.4387e-09  3.0069e-07
   84    214  7.2936e-16  1.5608e-13
   84    218  2.6611e-16  5.8013e-14
   86    220  9.5209e-16  2.0946e-13
   88    226  3.0529e-20  6.8994e-18
   88    228  2.1840e-18  4.9796e-16
   90    230  1.4388e-18  3.3092e-16
   90    232  9.5602e-13  2.2180e-10
   91    231  5.9212e-18  1.3678e-15
   92    234  4.6851e-18  1.0963e-15
   92    235  1.2762e-13  2.9990e-11
   92    236  2.3024e-16  5.4336e-14
   92    238  8.5232e-14  2.0285e-11
   94    240  8.4431e-20  2.0263e-17
   94    244  4.6367e-16  1.1314e-13
   97    246  7.6775e-18  1.8887e-15
  100    258  4.7935e-16  1.2367e-13
  100    260  3.5852e-16  9.3216e-14
  100    262  1.1522e-16  3.0186e-14
  102    261  1.7665e-16  4.6105e-14
  102    263  6.6778e-17  1.7563e-14
  102    264  4.0262e-17  1.0629e-14
  102    266  7.1256e-18  1.8954e-15
  103    265  1.3769e-17  3.6488e-15
  104    267  1.4653e-18  3.9124e-16
  104    268  6.9064e-19  1.8509e-16
  104    270  7.1182e-20  1.9219e-17
  105    269  3.8419e-19  1.0335e-16
  105    271  1.2825e-20  3.4755e-18
    1      1  8.3364e-10  8.3364e-10
    2      4  1.8578e-01  7.4314e-01


