1 2.121726371203205e-07
2 15.328510611447784
3 2.2498817354892013e-09
4 1.211803183739495e-09
5 2.689858573137311e-09
6 8.91284027288504e-05
7 3.272703635481944e-05
8 2.2057541929747613e-06
9 5.021627245391677e-06
10 1.19061676502952e-05
11 5.9895903298054404e-06
12 1.2274889817805157e-05
13 5.536854361363393e-06
14 2.160891946100609e-05
15 1.9740080925495577e-06
16 6.931972826610425e-05
17 6.6698137367924086e-06
18 3.395099125420688e-05
19 1.4278722545280556e-05
20 9.253894530618533e-05
21 2.0218103895717088e-05
22 0.0013507593755499525
23 0.00041159551602080904
24 0.047009987984739855
25 0.011555878220248204
26 0.4717864211433196
27 0.007888138542607975
28 1.3689469718372798
29 0.025699143117967352
30 0.1944504461132124
31 0.002439143943777258
32 0.028476720805873393
33 0.0007884352617665893
34 0.010915683335583258
35 0.001432362409878833
36 0.05989201996971082
37 0.016923654927136968
38 0.3799716934210166
39 0.0422445016546225
40 0.13308419631024904
41 0.008218758746647268
42 0.02730603228221213
43 7.697150427018248e-24
44 0.031615716398837104
45 0.0035801874978034186
46 0.021745604170206177
47 0.008786980080806778
48 0.008797110702847742
49 0.0011138195740346961
50 0.001973018753597908
51 0.0004048690844976586
52 0.009393463037706763
53 0.0031556515336564144
54 0.006135468671848902
55 0.0005859942581275849
56 0.0012382746597405015
57 0.00029678449973607037
58 0.0006747517191064101
59 0.0005381719565876783
60 0.000430775941280691
61 6.849620527337107e-27
62 0.0002740545902916628
63 0.00022652257452215364
64 0.00043555753642925707
65 4.529201747418238e-05
66 0.0003486139152298083
67 6.872994722162632e-05
68 0.00033938796793930105
69 9.615544744944408e-05
70 0.00034305974231889667
71 7.0148752468025e-05
72 0.000186252887809546
73 1.9684520122083817e-05
74 3.825046852691424e-05
75 1.0896954202382715e-05
76 0.0001903082365570338
77 0.00018342717225333042
78 0.0002547985601850096
79 1.5369464247235426e-05
80 1.5158371623843385e-06
81 2.991057507523526e-07
82 1.1767484905727269e-06
83 3.3538067646612773e-07
84 2.926804062589726e-12
85 9.011982611445269e-18
86 1.059568210918851e-11
87 2.1825319894635826e-19
88 3.669642892280783e-14
89 1.1873923184643779e-16
90 1.5616141859241002e-08
91 1.7801287137785454e-13
92 6.6874727554244965e-09
93 2.51504809410539e-22
94 1.9110307460627242e-11
95 7.915788701781665e-21
96 1.8118033014197286e-18
97 3.2893104695404663e-13
98 -3.5554527146e-313
99 1.0034e-320
100 9.070953291926985e-11
101 -2.4497150423e-312
102 4.138987223364583e-11
103 3.766557592220411e-12
104 4.4686952720481654e-12
105 2.121312395637775e-12
106 3.2410273838716814e-13
107 5.80358817879447e-15
108 7.515716648099645e-16
109 -1.046564e-318
110 5.1244919618269435e-17
111 3.1503842015939565e-17
112 0.0
113 0.0
114 0.0
115 0.0
116 0.0
117 0.0
118 0.0
