1 1.4394780886091233e-07
2 8.95919967683956
3 1.1842582017674527e-17
4 8.713325207046571e-17
5 2.2684527264304315e-17
6 8.787602607608955e-05
7 1.815382561729273e-14
8 2.829394123906824e-07
9 2.7179481768545322e-17
10 2.3442564146353876e-07
11 2.843959888903461e-11
12 2.5067740892754167e-07
13 3.91538989038158e-08
14 1.3218636978825845e-06
15 1.6430859296910272e-07
16 4.28203341501923e-06
17 9.111888720554881e-07
18 6.856163899460664e-06
19 8.187419011315487e-07
20 1.4785014727966562e-05
21 2.2196314732625968e-06
22 0.0012796111860016
23 0.00040370690127388494
24 0.04686781726937816
25 0.011550280124875812
26 0.4717073832387409
27 0.00787956801665152
28 1.3689146082553847
29 0.025670554701159042
30 0.19436588306955066
31 0.002415303451687553
32 0.028106398310059285
33 0.0007161236454242529
34 0.009026041498677861
35 0.0009427236029437309
36 0.05867202570195892
37 0.016351440310127925
38 0.3792935339031878
39 0.04192531741973932
40 0.13133277567412802
41 0.00794417391509087
42 0.024364022737698075
43 7.69704918565753e-24
44 0.019455538521326317
45 0.0024256586685388413
46 0.006286102713662527
47 0.0014682850984045843
48 0.0009204701164091434
49 9.053334965458878e-05
50 9.863904462831542e-05
51 1.2956496445168668e-05
52 3.4003911424382107e-06
53 5.937053752686494e-07
54 7.225343720407347e-07
55 1.2830588338974836e-12
56 4.213148676680553e-16
57 4.533603196498995e-18
58 8.568174767122351e-19
59 5.120558970568562e-20
60 2.2703846008361206e-20
61 4.046543212338462e-31
62 1.521692307692308e-22
63 5.202324e-23
64 4.3290000000000004e-24
65 0.0
66 0.0
67 0.0
68 0.0
69 0.0
70 0.0
71 0.0
72 0.0
73 0.0
74 0.0
75 0.0
76 0.0
77 0.0
78 0.0
79 0.0
80 0.0
81 0.0
82 0.0
83 0.0
84 0.0
85 0.0
86 0.0
87 0.0
88 0.0
89 0.0
90 0.0
91 0.0
92 0.0
93 0.0
94 0.0
95 0.0
96 0.0
97 0.0
98 0.0
99 0.0
100 0.0
101 0.0
102 0.0
103 0.0
104 0.0
105 0.0
106 0.0
107 0.0
108 0.0
109 0.0
110 0.0
111 0.0
112 0.0
113 0.0
114 0.0
115 0.0
116 0.0
117 0.0
118 0.0
