1 8.399456223468402e-08
2 4.624400076876257
3 2.7865043317378092e-21
4 7.657018052775556e-17
5 1.6521939664502168e-18
6 6.556304637733532e-05
7 1.2363645640717616e-14
8 1.910378621383283e-07
9 1.6469952047818848e-17
10 1.4487062620229306e-07
11 1.8709853224435566e-11
12 1.5050392808480474e-07
13 2.5364101255108487e-08
14 7.655632085734126e-07
15 8.030133758191532e-08
16 2.232177773326274e-06
17 4.447803818995499e-07
18 5.650165524045222e-06
19 5.803967728032274e-07
20 8.969355325128206e-06
21 2.0086869365034967e-06
22 0.0012577369102457873
23 0.0003985399232753213
24 0.04682380905495206
25 0.01154956079400333
26 0.471661660136307
27 0.007874569942118546
28 1.3688574595107226
29 0.025641696881345988
30 0.19419320894918413
31 0.0023831235826999664
32 0.02784777545581086
33 0.0006860295682086446
34 0.007703763551814186
35 0.0008069118642753581
36 0.05270736586431635
37 0.014491024113424577
38 0.36583222728572096
39 0.039517939517282254
40 0.05987578560908112
41 0.0005046125712630763
42 0.002307237450930953
43 7.41866838485719e-24
44 4.3581423934880474e-05
45 1.165124809800076e-05
46 5.366221934832513e-06
47 7.602746415265376e-07
48 1.1956318292928032e-07
49 2.8439652340539105e-09
50 8.415899688701982e-10
51 5.850357264228421e-11
52 2.5374564526859164e-12
53 2.040433775111643e-12
54 1.0712459733727582e-12
55 1.323437557708006e-14
56 1.160525231376923e-17
57 2.1307450549450551e-32
58 0.0
59 0.0
60 0.0
61 0.0
62 0.0
63 0.0
64 0.0
65 0.0
66 0.0
67 0.0
68 0.0
69 0.0
70 0.0
71 0.0
72 0.0
73 0.0
74 0.0
75 0.0
76 0.0
77 0.0
78 0.0
79 0.0
80 0.0
81 0.0
82 0.0
83 0.0
84 0.0
85 0.0
86 0.0
87 0.0
88 0.0
89 0.0
90 0.0
91 0.0
92 0.0
93 0.0
94 0.0
95 0.0
96 0.0
97 0.0
98 0.0
99 0.0
100 0.0
101 0.0
102 0.0
103 0.0
104 0.0
105 0.0
106 0.0
107 0.0
108 0.0
109 0.0
110 0.0
111 0.0
112 0.0
113 0.0
114 0.0
115 0.0
116 0.0
117 0.0
118 0.0
