1 2.2397113967134094e-07
2 15.83316877471309
3 3.1408761232443034e-09
4 2.7273205306782705e-09
5 6.7535422466066985e-09
6 8.946565579007488e-05
7 4.558735778339087e-05
8 2.7000970501176184e-06
9 6.6132203576365754e-06
10 1.4879042650295199e-05
11 8.01370895225442e-06
12 1.3678690838213321e-05
13 6.269917881771555e-06
14 2.418233527733262e-05
15 2.217647276223027e-06
16 7.530865683753281e-05
17 6.894964604139347e-06
18 3.4553882835839534e-05
19 1.4929512851403005e-05
20 9.488562234700166e-05
21 2.0582006191635455e-05
22 0.0013524343502948504
23 0.0004116881699493805
24 0.04701116445871945
25 0.011556133729380856
26 0.4717878996175543
27 0.007888175202505935
28 1.3689477651742694
29 0.025699928864906126
30 0.19445238439280427
31 0.002439735125154809
32 0.028486234262506047
33 0.0007933113638074056
34 0.010947564738644482
35 0.0014476888741645475
36 0.0599069843166496
37 0.016934073054687988
38 0.37997929075520026
39 0.04224628652630617
40 0.133105487432698
41 0.008223900652259513
42 0.027316701440375395
43 7.697150570103937e-24
44 0.03162339931465343
45 0.0035815878855585204
46 0.021849102103879647
47 0.008843497147133308
48 0.008919853585500803
49 0.0011293224464836756
50 0.0020175692382917855
51 0.0004133968013343932
52 0.009683764823421048
53 0.0032312233193707
54 0.00643206790654278
55 0.0006128929622092175
56 0.001357295093413971
57 0.0003133639308585194
58 0.0007539877140043692
59 0.0006607639208733925
60 0.0005197585688317114
61 6.849620527337107e-27
62 0.0003314179066181934
63 0.00027365619697113325
64 0.0005517731996945632
65 6.352887971908033e-05
66 0.0004493758540053185
67 8.612650589509571e-05
68 0.0004491497281433827
69 0.00012423113622495426
70 0.0004752605841556314
71 9.772658410067805e-05
72 0.0002605093674013827
73 2.690574971392055e-05
74 5.911234862895505e-05
75 1.869881134523986e-05
76 0.00037978581308764604
77 0.00036894015694720794
78 0.0005031539683482749
79 3.1033517818664e-05
80 4.808888182792502e-06
81 1.907339679323781e-06
82 8.089115837511502e-06
83 2.252538839731434e-06
84 2.9268077630853895e-12
85 9.011982620615394e-18
86 1.0595682211363485e-11
87 2.1829405892850114e-19
88 4.339464034126037e-13
89 1.6578106604178664e-15
90 1.826624173694451e-07
91 2.4853526672962222e-12
92 1.0019311051052653e-07
93 7.348372073697226e-22
94 3.4780489929736196e-10
95 2.3353508089536767e-20
96 3.4472318607542177e-17
97 5.984428495933639e-12
98 -5.78657643906e-313
99 7.544e-321
100 2.7742529002662087e-09
101 -2.793294634134e-312
102 1.493098035498952e-09
103 1.4922801167385305e-10
104 2.2161022588429306e-10
105 1.1322011341604594e-10
106 2.1808416513897375e-11
107 4.0630754226042716e-13
108 5.632072472603445e-14
109 -1.139246e-318
110 7.591500021659085e-15
111 6.395219913444511e-15
112 0.0
113 0.0
114 0.0
115 0.0
116 0.0
117 0.0
118 0.0
