1  8.6633e-08
2  1.9380e-01
3  3.2017e-09
4  1.5245e-07
5  5.7057e-07
6  5.8532e-08
7  1.8706e-05
8  1.3408e-06
9  1.4733e-06
10  3.4686e-06
11  6.0952e-07
12  9.4089e-07
13  1.1007e-07
14  4.0988e-07
15  1.0375e-07
16  4.8051e-07
17  4.3124e-08
18  6.9367e-08
19  9.8549e-08
20  2.0280e-07
21  5.0359e-08
22  8.7580e-08
23  3.3491e-08
24  1.0852e-07
25  5.3440e-09
26  8.9218e-08
27  5.8434e-10
28  1.4047e-08
29  2.5190e-07
30  3.4767e-07
31  2.5860e-08
32  7.0418e-07
33  8.7941e-07
34  4.2307e-06
35  8.5315e-07
36  6.5454e-07
37  2.1217e-07
38  1.0094e-07
39  1.2716e-07
40  7.4061e-07
41  4.5762e-07
42  6.3627e-07
43  6.0273e-33
44  1.8914e-07
45  1.0057e-07
46  5.1127e-07
47  3.5165e-07
48  4.4672e-07
49  1.7703e-07
50  1.2021e-06
51  3.6408e-07
52  7.6022e-06
53  2.4737e-06
54  8.3190e-06
55  5.8871e-07
56  1.3220e-06
57  7.4316e-08
58  8.0117e-07
59  2.8991e-07
60  8.2572e-07
61  7.0640e-85
62  4.2401e-07
63  4.8670e-08
64  6.9687e-07
65  3.4778e-08
66  3.0382e-07
67  1.0917e-07
68  6.1916e-07
69  6.5823e-07
70  1.4412e-06
71  1.0659e-07
72  1.5948e-06
73  3.5156e-07
74  1.9576e-06
75  3.6741e-07
76  2.2242e-06
77  2.7985e-06
78  2.4457e-05
79  9.9220e-06
80  1.2747e-05
81  4.5209e-07
82  5.9812e-05
83  4.1748e-05
84  2.0179e-15
85  1.0684e-25
86  5.5709e-17
87  2.2074e-20
88  8.5366e-12
89  8.3242e-13
90  3.0325e-05
91  1.2480e-09
92  5.0807e-05
93  4.0277e-19
94  2.7390e-07
95  3.2184e-17
96  6.7991e-14
97  5.0281e-09
98  8.7020e-314
99  1.6107e-321
100  4.7402e-05
101  -5.2230e-313
102  1.1879e-04
103  3.1649e-05
104  1.5803e-04
105  8.4236e-05
106  3.8322e-05
107  8.4472e-07
108  5.0769e-05
109  -1.4602e-319
110  3.0376e-05
111  5.5725e-05
112  0.0000e+00
113  0.0000e+00
114  0.0000e+00
115  0.0000e+00
116  0.0000e+00
117  0.0000e+00
118  0.0000e+00

