    1      2  4.5099e-08  9.0198e-08
    2      3  8.5400e-10  2.5620e-09
    3      6  4.6168e-12  2.7701e-11
    3      7  1.9473e-09  1.3631e-08
    4      8  2.6548e-07  2.1238e-06
    4      9  1.3270e-07  1.1943e-06
    5     10  8.1124e-07  8.1124e-06
    5     11  6.5756e-10  7.2331e-09
    6     12  5.3624e-09  6.4349e-08
    6     13  6.9654e-09  9.0550e-08
    7     14  1.4500e-07  2.0301e-06
    7     15  1.6908e-06  2.5362e-05
    8     16  1.4871e-05  2.3793e-04
    8     17  6.0752e-07  1.0328e-05
    8     18  9.2778e-07  1.6700e-05
    9     19  1.6693e-06  3.1718e-05
   10     20  2.9417e-06  5.8834e-05
   10     21  2.7975e-06  5.8747e-05
   10     22  1.6821e-08  3.7005e-07
   11     23  4.1046e-07  9.4405e-06
   12     24  4.3200e-07  1.0368e-05
   12     25  1.3775e-07  3.4438e-06
   12     26  1.7585e-07  4.5721e-06
   13     27  9.4449e-08  2.5501e-06
   14     28  8.4101e-08  2.3548e-06
   14     29  8.1146e-08  2.3532e-06
   14     30  9.7221e-08  2.9166e-06
   15     31  4.8874e-08  1.5151e-06
   16     32  1.2453e-07  3.9849e-06
   16     33  1.0799e-07  3.5638e-06
   16     34  9.9630e-08  3.3874e-06
   16     36  4.7424e-08  1.7073e-06
   17     35  8.6184e-09  3.0164e-07
   17     37  1.3725e-08  5.0784e-07
   18     36  6.7911e-17  2.4448e-15
   18     38  3.0580e-08  1.1620e-06
   18     40  8.7701e-09  3.5080e-07
   19     39  1.4027e-08  5.4705e-07
   19     41  2.4425e-08  1.0014e-06
   20     42  3.6379e-08  1.5279e-06
   20     43  8.6824e-09  3.7334e-07
   20     44  3.9919e-08  1.7564e-06
   20     46  3.7557e-09  1.7276e-07
   21     45  2.6361e-08  1.1862e-06
   22     46  4.3305e-17  1.9920e-15
   22     47  3.2302e-09  1.5182e-07
   22     48  3.3272e-09  1.5971e-07
   22     49  4.7538e-10  2.3294e-08
   22     50  8.6738e-10  4.3369e-08
   23     51  3.4532e-09  1.7611e-07
   24     52  1.2782e-09  6.6464e-08
   24     53  2.4549e-08  1.3011e-06
   24     54  4.5533e-09  2.4588e-07
   25     55  2.4004e-10  1.3202e-08
   26     56  9.3189e-09  5.2186e-07
   26     57  4.0990e-09  2.3364e-07
   26     58  2.4162e-09  1.4014e-07
   27     59  1.6031e-10  9.4581e-09
   28     60  1.0631e-10  6.3788e-09
   28     61  4.2994e-12  2.6226e-10
   28     62  4.3412e-10  2.6916e-08
   28     64  1.5266e-08  9.7704e-07
   29     63  3.6895e-08  2.3244e-06
   29     65  3.3731e-09  2.1925e-07
   30     64  2.0149e-18  1.2895e-16
   30     66  3.3253e-09  2.1947e-07
   30     67  3.6224e-08  2.4270e-06
   30     68  9.1305e-09  6.2088e-07
   30     70  6.7853e-09  4.7497e-07
   31     69  1.5634e-09  1.0787e-07
   31     71  8.1405e-09  5.7798e-07
   32     70  8.3352e-14  5.8346e-12
   32     72  1.2242e-08  8.8140e-07
   32     73  3.6295e-09  2.6495e-07
   32     74  1.1905e-07  8.8100e-06
   32     76  4.9262e-08  3.7439e-06
   33     75  1.5405e-07  1.1554e-05
   34     76  2.2193e-11  1.6867e-09
   34     77  6.0694e-08  4.6734e-06
   34     78  8.6523e-08  6.7488e-06
   34     80  6.5743e-07  5.2594e-05
   34     82  1.5985e-07  1.3108e-05
   35     79  4.9878e-08  3.9404e-06
   35     81  1.1457e-07  9.2805e-06
   36     82  1.1345e-10  9.3028e-09
   36     83  1.2858e-07  1.0672e-05
   36     84  1.4610e-08  1.2272e-06
   36     86  1.8727e-08  1.6105e-06
   37     85  3.8299e-08  3.2555e-06
   37     87  7.1291e-08  6.2023e-06
   38     86  4.1470e-17  3.5664e-15
   38     87  5.2200e-10  4.5414e-08
   38     88  4.1142e-09  3.6205e-07
   39     89  1.1587e-08  1.0313e-06
   40     90  1.3827e-08  1.2444e-06
   40     91  3.1617e-08  2.8771e-06
   40     92  2.2641e-08  2.0829e-06
   40     94  3.7456e-08  3.5209e-06
   41     93  4.5187e-08  4.2024e-06
   42     95  4.2400e-08  4.0280e-06
   42     96  1.2683e-08  1.2175e-06
   42     97  1.7342e-08  1.6822e-06
   42     98  4.8169e-09  4.7206e-07
   42    100  9.5467e-09  9.5467e-07
   44     99  2.2578e-09  2.2353e-07
   44    100  6.7230e-14  6.7230e-12
   44    101  1.7133e-09  1.7304e-07
   44    102  2.3914e-09  2.4392e-07
   44    104  2.4792e-09  2.5783e-07
   45    103  2.7384e-09  2.8206e-07
   46    104  1.3257e-15  1.3787e-13
   46    105  8.0197e-10  8.4207e-08
   46    106  8.9218e-10  9.4571e-08
   46    108  5.5105e-09  5.9514e-07
   46    110  1.7026e-08  1.8729e-06
   47    107  2.3082e-09  2.4697e-07
   47    109  6.2098e-09  6.7687e-07
   48    110  3.7592e-13  4.1351e-11
   48    111  3.0001e-09  3.3301e-07
   48    112  4.8166e-09  5.3946e-07
   48    113  3.6187e-09  4.0891e-07
   48    114  2.3998e-08  2.7358e-06
   48    116  1.4115e-08  1.6374e-06
   49    113  1.5926e-16  1.7997e-14
   49    115  2.6154e-08  3.0077e-06
   50    115  2.0867e-14  2.3997e-12
   50    116  4.0280e-14  4.6725e-12
   50    117  6.0411e-09  7.0680e-07
   50    118  1.6926e-09  1.9973e-07
   50    119  2.9414e-10  3.5003e-08
   50    120  6.3502e-10  7.6203e-08
   50    122  8.3096e-09  1.0138e-06
   50    124  3.2973e-08  4.0886e-06
   51    121  1.2028e-08  1.4554e-06
   51    123  5.1645e-09  6.3524e-07
   52    122  4.8387e-13  5.9032e-11
   52    124  5.0123e-15  6.2153e-13
   52    125  1.0474e-07  1.3092e-05
   52    126  4.7171e-08  5.9435e-06
   52    128  2.9282e-07  3.7481e-05
   52    130  3.0874e-07  4.0136e-05
   53    127  1.2797e-07  1.6252e-05
   53    129  7.2877e-15  9.4012e-13
   54    128  4.1823e-17  5.3534e-15
   54    129  1.3691e-06  1.7662e-04
   54    130  1.4115e-12  1.8349e-10
   54    131  2.2821e-07  2.9896e-05
   54    132  2.7225e-07  3.5936e-05
   54    134  7.0170e-08  9.4028e-06
   54    136  9.6928e-08  1.3182e-05
   55    133  1.5699e-07  2.0879e-05
   56    134  6.3080e-17  8.4528e-15
   56    135  2.8300e-08  3.8204e-06
   56    136  2.8967e-15  3.9395e-13
   56    137  1.3331e-08  1.8263e-06
   56    138  1.7030e-07  2.3502e-05
   57    139  4.7972e-09  6.6682e-07
   58    140  3.5328e-08  4.9459e-06
   58    142  4.3348e-08  6.1555e-06
   59    141  3.2830e-08  4.6290e-06
   60    142  3.8399e-18  5.4527e-16
   60    143  1.0261e-08  1.4673e-06
   60    144  1.5306e-08  2.2040e-06
   60    145  5.9923e-09  8.6888e-07
   60    146  6.8192e-09  9.9560e-07
   60    148  8.1979e-09  1.2133e-06
   60    150  1.6342e-09  2.4514e-07
   62    147  6.2378e-09  9.1696e-07
   62    148  1.4951e-15  2.2128e-13
   62    149  2.0714e-09  3.0863e-07
   62    150  1.1023e-12  1.6534e-10
   62    152  8.5541e-11  1.3002e-08
   62    154  1.7202e-11  2.6491e-09
   63    151  7.2777e-11  1.0989e-08
   63    153  2.4433e-11  3.7383e-09
   64    154  2.5946e-16  3.9956e-14
   64    155  1.3884e-10  2.1520e-08
   64    156  1.1011e-10  1.7177e-08
   64    157  2.6022e-11  4.0854e-09
   64    158  4.5005e-11  7.1107e-09
   64    160  5.4266e-12  8.6825e-10
   65    159  1.3750e-12  2.1862e-10
   66    160  4.9972e-18  7.9955e-16
   66    161  9.1816e-12  1.4782e-09
   66    162  3.6163e-12  5.8583e-10
   66    163  5.0409e-12  8.2166e-10
   66    164  3.2703e-12  5.3633e-10
   67    165  1.2970e-11  2.1400e-09
   68    166  3.5774e-12  5.9384e-10
   68    167  5.9525e-12  9.9408e-10
   68    168  1.9217e-12  3.2284e-10
   68    170  2.4263e-12  4.1247e-10
   69    169  3.1706e-11  5.3584e-09
   70    170  2.9356e-17  4.9906e-15
   70    171  9.9278e-12  1.6977e-09
   70    172  1.7096e-12  2.9406e-10
   70    173  1.1176e-12  1.9334e-10
   70    174  1.0095e-11  1.7566e-09
   70    176  5.9898e-12  1.0542e-09
   71    175  2.3347e-12  4.0857e-10
   71    176  8.1324e-19  1.4313e-16
   72    177  2.1149e-11  3.7433e-09
   72    178  7.5897e-12  1.3510e-09
   72    179  3.8620e-12  6.9131e-10
   72    180  1.4759e-11  2.6566e-09
   73    181  7.0459e-12  1.2753e-09
   74    182  1.2409e-11  2.2585e-09
   74    183  1.4459e-11  2.6460e-09
   74    184  1.0998e-11  2.0236e-09
   74    186  1.5017e-11  2.7932e-09
   75    185  6.0295e-12  1.1155e-09
   75    187  8.7674e-12  1.6395e-09
   76    186  2.3619e-20  4.3932e-18
   76    187  7.1253e-14  1.3324e-11
   76    188  1.6403e-11  3.0838e-09
   76    189  1.4174e-11  2.6788e-09
   76    190  1.3884e-11  2.6380e-09
   76    192  4.5902e-11  8.8132e-09
   77    191  2.4371e-10  4.6549e-08
   77    193  3.9641e-12  7.6506e-10
   78    192  1.8251e-16  3.5042e-14
   78    194  1.7792e-11  3.4517e-09
   78    195  7.5897e-11  1.4800e-08
   78    196  3.1314e-11  6.1375e-09
   78    198  1.5252e-10  3.0200e-08
   79    197  3.7591e-10  7.4054e-08
   80    198  1.2770e-15  2.5285e-13
   80    199  1.9208e-10  3.8223e-08
   80    200  1.0318e-09  2.0637e-07
   80    201  4.3083e-09  8.6597e-07
   80    202  3.5835e-08  7.2387e-06
   80    204  4.6200e-08  9.4248e-06
   80    206  3.0572e-18  6.2978e-16
   81    203  5.1842e-08  1.0524e-05
   81    205  9.1582e-08  1.8774e-05
   82    204  1.2890e-15  2.6295e-13
   82    206  7.8595e-07  1.6190e-04
   82    207  1.6669e-06  3.4506e-04
   82    208  1.8830e-06  3.9166e-04
   82    210  5.0187e-16  1.0539e-13
   82    211  4.4593e-20  9.4090e-18
   82    212  1.4430e-20  3.0592e-18
   83    209  1.6327e-06  3.4124e-04
   83    210  3.1001e-19  6.5102e-17
   84    210  8.5595e-18  1.7975e-15
   86    222  2.3628e-19  5.2453e-17
   88    223  2.0302e-17  4.5273e-15
   88    224  1.1831e-19  2.6502e-17
   88    226  3.6154e-14  8.1708e-12
   88    228  6.8195e-17  1.5548e-14
   89    227  1.4118e-14  3.2048e-12
   90    227  3.2629e-17  7.4069e-15
   90    228  2.2721e-17  5.1803e-15
   90    230  1.7039e-12  3.9190e-10
   90    231  1.8885e-18  4.3624e-16
   90    232  1.6653e-07  3.8636e-05
   90    234  1.4891e-18  3.4845e-16
   91    231  2.1166e-11  4.8894e-09
   91    234  1.7254e-20  4.0374e-18
   92    234  5.5484e-12  1.2983e-09
   92    235  4.5619e-07  1.0720e-04
   92    236  6.3222e-10  1.4920e-07
   92    238  1.0094e-07  2.4023e-05
   92    240  3.0677e-20  7.3624e-18
   94    239  4.8098e-18  1.1495e-15
   94    240  1.2516e-13  3.0038e-11
   94    244  1.5235e-09  3.7172e-07
   95    243  1.4704e-18  3.5730e-16
   96    244  4.1348e-19  1.0089e-16
   96    247  3.1033e-15  7.6652e-13
   97    246  2.0399e-11  5.0182e-09
  100    258  1.7786e-07  4.5887e-05
  100    260  2.8320e-06  7.3632e-04
  100    262  1.4046e-06  3.6799e-04
  102    260  3.0949e-16  8.0467e-14
  102    261  5.6034e-06  1.4625e-03
  102    263  9.0699e-07  2.3854e-04
  102    264  1.2253e-06  3.2349e-04
  102    266  1.1107e-06  2.9543e-04
  103    265  1.0303e-06  2.7302e-04
  104    267  3.5638e-07  9.5153e-05
  104    268  5.4098e-07  1.4498e-04
  104    270  4.2801e-06  1.1556e-03
  104    272  1.9998e-06  5.4393e-04
  104    274  6.5723e-06  1.8008e-03
  105    269  2.9063e-06  7.8181e-04
  105    271  5.5684e-07  1.5090e-04
  106    273  2.4127e-06  6.5867e-04
  106    274  7.2776e-17  1.9941e-14
  106    275  7.4894e-06  2.0596e-03
  106    276  1.1773e-05  3.2494e-03
  106    278  3.5251e-06  9.7998e-04
  106    280  7.4238e-07  2.0787e-04
  107    277  1.6527e-06  4.5781e-04
  108    279  2.8809e-06  8.0378e-04
  108    280  4.3673e-20  1.2228e-17
  108    281  2.1025e-07  5.9081e-05
  108    282  1.0056e-05  2.8359e-03
  108    283  2.0779e-06  5.8804e-04
  108    284  1.4816e-05  4.2076e-03
  108    286  5.6765e-06  1.6235e-03
  110    285  2.3222e-07  6.6184e-05
  110    286  6.1597e-15  1.7617e-12
  110    287  1.4778e-05  4.2411e-03
  110    288  4.4777e-06  1.2896e-03
  110    290  3.0330e-05  8.7957e-03
  111    289  4.4893e-06  1.2974e-03
  111    290  1.4226e-13  4.1257e-11
  111    291  2.5474e-08  7.4131e-06
  111    292  8.2309e-05  2.4034e-02
  111    293  1.5665e-05  4.5898e-03
  111    294  1.3367e-05  3.9299e-03
  111    295  1.4803e-06  4.3669e-04
  111    296  3.6952e-07  1.0938e-04
  111    297  2.7423e-07  8.1445e-05
  111    298  8.4518e-09  2.5186e-06
  111    299  8.3886e-11  2.5082e-08
  111    300  9.6568e-10  2.8970e-07
  111    301  3.7812e-06  1.1382e-03
  111    302  5.3536e-06  1.6168e-03
  111    303  3.5803e-06  1.0848e-03
  111    304  7.0096e-06  2.1309e-03
  111    305  7.6153e-06  2.3227e-03
  111    306  1.0456e-05  3.1994e-03
  111    307  6.9945e-06  2.1473e-03
  111    308  6.1366e-06  1.8901e-03
  111    309  6.2841e-06  1.9418e-03
  111    310  7.0516e-06  2.1860e-03
  111    311  5.6685e-06  1.7629e-03
  111    312  4.6838e-06  1.4613e-03
  111    313  3.3950e-06  1.0626e-03
  111    314  3.9988e-06  1.2556e-03
  111    315  3.1460e-06  9.9099e-04
  111    316  5.0444e-06  1.5940e-03
  111    317  3.9481e-06  1.2515e-03
  111    318  8.9354e-06  2.8415e-03
  111    319  7.1055e-06  2.2667e-03
  111    320  8.9577e-06  2.8664e-03
  111    321  6.8723e-06  2.2060e-03
  111    322  8.6950e-06  2.7998e-03
  111    323  1.1780e-05  3.8051e-03
  111    324  3.0612e-05  9.9183e-03
  111    325  5.7289e-06  1.8619e-03
  111    326  2.9011e-05  9.4576e-03
  111    327  6.0794e-05  1.9880e-02
  111    328  1.6366e-05  5.3681e-03
  111    329  3.1335e-05  1.0309e-02
  111    330  3.4137e-06  1.1265e-03
  111    331  1.6475e-05  5.4531e-03
  111    332  1.4670e-05  4.8705e-03
  111    333  5.1637e-06  1.7195e-03
  111    334  1.1867e-06  3.9636e-04
  111    335  1.0911e-06  3.6553e-04
  111    336  3.7246e-07  1.2515e-04
  111    337  6.0277e-05  2.0313e-02
    1      1  4.0789e-06  4.0789e-06
    2      4  1.9634e-01  7.8536e-01


