    1      2  1.6850e-03  3.3700e-03
    1      3  6.4082e-20  1.9224e-19
    2      3  3.2739e-05  9.8217e-05
    3      7  6.1317e-11  4.2922e-10
    4      8  6.1926e-07  4.9541e-06
    4      9  4.1094e-11  3.6984e-10
    5     10  1.1051e-09  1.1051e-08
    5     11  3.0435e-09  3.3479e-08
    6     12  2.7346e-09  3.2816e-08
    6     13  6.7031e-09  8.7140e-08
    7     14  1.2832e-06  1.7965e-05
    7     15  1.0983e-06  1.6475e-05
    8     16  2.6257e-06  4.2011e-05
    8     17  2.2212e-08  3.7761e-07
    8     18  8.4366e-07  1.5186e-05
    9     19  7.7250e-08  1.4677e-06
   10     20  1.7193e-07  3.4386e-06
   10     21  9.0321e-08  1.8967e-06
   10     22  5.6615e-06  1.2455e-04
   11     23  1.3559e-06  3.1185e-05
   12     24  3.0133e-06  7.2320e-05
   12     25  2.3133e-06  5.7833e-05
   12     26  3.0948e-06  8.0464e-05
   13     27  2.8559e-08  7.7109e-07
   14     28  7.7102e-07  2.1589e-05
   14     29  4.7790e-08  1.3859e-06
   14     30  1.0820e-08  3.2460e-07
   15     31  2.0283e-08  6.2877e-07
   16     32  2.6115e-07  8.3567e-06
   16     33  2.5868e-08  8.5363e-07
   16     34  5.3428e-08  1.8166e-06
   16     36  3.8192e-07  1.3749e-05
   17     35  4.8027e-08  1.6809e-06
   17     37  1.8091e-08  6.6937e-07
   18     36  1.9342e-13  6.9632e-12
   18     38  1.3057e-07  4.9615e-06
   18     40  6.2711e-10  2.5084e-08
   19     39  4.0837e-09  1.5926e-07
   19     40  2.7833e-19  1.1133e-17
   19     41  7.7239e-11  3.1668e-09
   20     40  8.0128e-20  3.2051e-18
   20     42  5.7721e-10  2.4243e-08
   20     43  1.0594e-10  4.5555e-09
   20     44  7.7195e-10  3.3966e-08
   20     46  7.7443e-10  3.5624e-08
   21     45  3.9017e-10  1.7558e-08
   22     46  1.0277e-16  4.7275e-15
   22     47  1.8784e-10  8.8285e-09
   22     48  1.3526e-08  6.4926e-07
   22     49  2.3443e-10  1.1487e-08
   22     50  3.3604e-10  1.6802e-08
   23     51  4.5772e-11  2.3344e-09
   24     52  2.0822e-11  1.0827e-09
   24     53  3.2408e-11  1.7176e-09
   24     54  7.4817e-11  4.0401e-09
   25     55  6.4517e-12  3.5484e-10
   26     56  7.5285e-12  4.2159e-10
   26     57  2.8235e-11  1.6094e-09
   26     58  2.4889e-10  1.4436e-08
   27     59  2.4854e-12  1.4664e-10
   28     60  1.1066e-09  6.6397e-08
   28     61  4.1929e-12  2.5576e-10
   28     62  1.4708e-11  9.1188e-10
   28     64  7.2705e-10  4.6531e-08
   29     63  3.9620e-11  2.4960e-09
   29     65  3.6290e-12  2.3589e-10
   30     64  7.0757e-20  4.5285e-18
   30     66  3.5265e-11  2.3275e-09
   30     67  4.9588e-12  3.3224e-10
   30     68  3.2872e-11  2.2353e-09
   30     70  4.7180e-11  3.3026e-09
   31     69  2.7731e-12  1.9134e-10
   31     71  5.7480e-12  4.0811e-10
   32     70  2.1836e-14  1.5285e-12
   32     72  2.8120e-11  2.0246e-09
   32     73  5.3065e-12  3.8738e-10
   32     74  9.5719e-12  7.0832e-10
   32     76  1.0409e-10  7.9107e-09
   33     75  8.8643e-12  6.6482e-10
   34     76  9.2205e-14  7.0076e-12
   34     77  3.7721e-12  2.9045e-10
   34     78  7.9967e-11  6.2374e-09
   34     80  1.2490e-10  9.9922e-09
   34     82  4.4109e-10  3.6169e-08
   35     79  1.9487e-11  1.5395e-09
   35     81  1.2221e-11  9.8987e-10
   36     82  6.1374e-13  5.0327e-11
   36     83  9.9057e-12  8.2217e-10
   36     84  1.7228e-11  1.4472e-09
   36     86  2.6894e-10  2.3129e-08
   37     85  9.2124e-11  7.8305e-09
   37     87  2.5303e-11  2.2014e-09
   38     86  3.2902e-17  2.8296e-15
   38     87  1.8566e-13  1.6152e-11
   38     88  1.0157e-10  8.9386e-09
   39     89  3.2282e-11  2.8731e-09
   40     90  6.1723e-11  5.5551e-09
   40     91  2.9643e-11  2.6975e-09
   40     92  1.2855e-10  1.1826e-08
   40     94  4.5908e-11  4.3153e-09
   41     93  3.8834e-11  3.6115e-09
   42     95  6.7781e-11  6.4392e-09
   42     96  3.5177e-10  3.3770e-08
   42     97  5.3523e-11  5.1917e-09
   42     98  7.6183e-11  7.4659e-09
   42    100  8.1667e-11  8.1667e-09
   44     99  3.4303e-11  3.3960e-09
   44    100  3.8144e-14  3.8144e-12
   44    101  1.0779e-11  1.0887e-09
   44    102  3.0324e-11  3.0930e-09
   44    104  1.6214e-11  1.6862e-09
   45    103  1.4198e-11  1.4624e-09
   46    104  7.4605e-16  7.7589e-14
   46    105  8.6626e-12  9.0957e-10
   46    106  2.1017e-11  2.2278e-09
   46    108  3.3497e-11  3.6177e-09
   46    110  5.0917e-11  5.6009e-09
   47    107  9.1166e-12  9.7548e-10
   47    109  8.4842e-12  9.2478e-10
   48    110  4.7221e-14  5.1943e-12
   48    111  8.1985e-12  9.1003e-10
   48    112  2.6947e-11  3.0181e-09
   48    113  9.9065e-12  1.1194e-09
   48    114  4.6781e-11  5.3330e-09
   48    116  2.4404e-11  2.8309e-09
   49    113  4.3599e-19  4.9267e-17
   49    115  1.9177e-11  2.2053e-09
   50    115  1.5296e-17  1.7590e-15
   50    116  2.1334e-14  2.4748e-12
   50    117  5.4651e-12  6.3941e-10
   50    118  3.2883e-11  3.8802e-09
   50    119  1.2576e-11  1.4965e-09
   50    120  8.2502e-11  9.9002e-09
   50    122  1.4948e-10  1.8237e-08
   50    124  1.4562e-10  1.8057e-08
   51    121  1.8708e-11  2.2637e-09
   51    123  5.0713e-12  6.2377e-10
   52    122  2.9985e-14  3.6581e-12
   52    124  3.9650e-15  4.9166e-13
   52    125  5.5259e-11  6.9074e-09
   52    126  3.6682e-10  4.6220e-08
   52    128  2.8027e-10  3.5875e-08
   52    130  9.1774e-10  1.1931e-07
   53    127  2.3371e-11  2.9681e-09
   53    129  1.7655e-17  2.2775e-15
   54    128  3.2740e-18  4.1907e-16
   54    129  1.4913e-10  1.9238e-08
   54    130  5.1513e-14  6.6967e-12
   54    131  2.3026e-09  3.0164e-07
   54    132  5.3298e-09  7.0354e-07
   54    134  1.5697e-08  2.1034e-06
   54    136  2.0426e-09  2.7779e-07
   55    133  8.8962e-09  1.1832e-06
   56    134  4.5063e-15  6.0385e-13
   56    135  3.9773e-09  5.3693e-07
   56    136  9.4450e-14  1.2845e-11
   56    137  8.1950e-11  1.1227e-08
   56    138  8.4385e-10  1.1645e-07
   57    139  2.1379e-10  2.9717e-08
   58    140  2.6010e-10  3.6414e-08
   58    142  1.2993e-10  1.8451e-08
   59    141  4.7752e-11  6.7331e-09
   60    142  3.2049e-18  4.5509e-16
   60    143  4.8986e-11  7.0050e-09
   60    144  7.0568e-11  1.0162e-08
   60    145  6.8111e-12  9.8760e-10
   60    146  3.0856e-11  4.5049e-09
   60    148  2.1631e-11  3.2014e-09
   60    150  4.3483e-11  6.5224e-09
   62    147  1.4321e-11  2.1052e-09
   62    148  2.8815e-16  4.2646e-14
   62    149  2.4661e-12  3.6745e-10
   62    150  4.9507e-14  7.4260e-12
   62    152  7.8977e-12  1.2004e-09
   62    154  7.2368e-12  1.1145e-09
   63    151  2.1253e-12  3.2092e-10
   63    153  3.4052e-12  5.2100e-10
   64    154  1.9580e-15  3.0154e-13
   64    155  1.1081e-12  1.7176e-10
   64    156  4.5223e-12  7.0548e-10
   64    157  9.1891e-13  1.4427e-10
   64    158  2.6753e-12  4.2269e-10
   64    160  4.8901e-12  7.8242e-10
   65    159  5.1789e-13  8.2344e-11
   66    160  8.5547e-17  1.3688e-14
   66    161  4.3747e-13  7.0433e-11
   66    162  9.8515e-13  1.5959e-10
   66    163  3.3168e-13  5.4063e-11
   66    164  7.7719e-13  1.2746e-10
   67    165  6.8047e-13  1.1228e-10
   68    166  2.2404e-12  3.7191e-10
   68    167  7.4248e-13  1.2399e-10
   68    168  1.0901e-12  1.8314e-10
   68    170  5.7510e-13  9.7767e-11
   69    169  1.1691e-12  1.9757e-10
   70    170  1.1117e-16  1.8899e-14
   70    171  5.1090e-13  8.7363e-11
   70    172  3.6197e-13  6.2258e-11
   70    173  1.8718e-13  3.2382e-11
   70    174  1.1716e-12  2.0386e-10
   70    176  1.0308e-12  1.8143e-10
   71    175  3.7093e-13  6.4913e-11
   71    176  3.3200e-17  5.8431e-15
   72    176  3.1078e-19  5.4698e-17
   72    177  4.9146e-13  8.6989e-11
   72    178  4.8635e-13  8.6570e-11
   72    179  2.9561e-13  5.2915e-11
   72    180  9.9863e-13  1.7975e-10
   73    181  1.0799e-12  1.9546e-10
   74    182  9.8593e-13  1.7944e-10
   74    183  7.2537e-13  1.3274e-10
   74    184  3.1798e-13  5.8509e-11
   74    186  3.5780e-13  6.6551e-11
   75    185  1.8890e-13  3.4946e-11
   75    187  5.4217e-13  1.0139e-10
   76    186  1.6273e-19  3.0267e-17
   76    187  4.4074e-15  8.2418e-13
   76    188  4.2077e-13  7.9104e-11
   76    189  1.3304e-12  2.5145e-10
   76    190  9.2371e-13  1.7550e-10
   76    192  8.9373e-12  1.7160e-09
   77    191  2.4333e-12  4.6477e-10
   77    193  6.5266e-13  1.2596e-10
   78    192  1.5936e-16  3.0596e-14
   78    194  2.0193e-12  3.9175e-10
   78    195  1.5603e-12  3.0427e-10
   78    196  2.2608e-12  4.4312e-10
   78    198  8.4424e-12  1.6716e-09
   79    197  3.0167e-12  5.9429e-10
   80    198  2.4231e-15  4.7978e-13
   80    199  1.6263e-12  3.2364e-10
   80    200  3.9404e-12  7.8808e-10
   80    201  6.2640e-13  1.2591e-10
   80    202  2.4019e-12  4.8518e-10
   80    204  5.3042e-12  1.0821e-09
   81    203  3.7742e-12  7.6615e-10
   81    205  9.9205e-12  2.0337e-09
   82    204  2.4853e-17  5.0701e-15
   82    206  2.2157e-11  4.5643e-09
   82    207  6.3557e-11  1.3156e-08
   82    208  7.7673e-11  1.6156e-08
   82    210  3.8267e-19  8.0362e-17
   83    209  1.0718e-10  2.2401e-08
   84    210  2.2513e-20  4.7277e-18
   84    215  6.0632e-13  1.3036e-10
   88    226  5.9965e-19  1.3552e-16
   89    227  2.8214e-19  6.4045e-17
   90    230  2.8261e-17  6.5001e-15
   90    232  8.5606e-12  1.9861e-09
   91    231  4.2299e-16  9.7710e-14
   92    234  9.2027e-17  2.1534e-14
   92    235  9.1165e-12  2.1424e-09
   92    236  3.9301e-14  9.2750e-12
   92    238  1.6742e-12  3.9845e-10
   94    240  7.7788e-18  1.8669e-15
   94    244  9.4686e-14  2.3103e-11
   96    247  1.4562e-18  3.5967e-16
   97    246  3.7177e-16  9.1454e-14
  100    258  1.8536e-11  4.7823e-09
  100    260  1.0628e-10  2.7633e-08
  100    262  1.0133e-10  2.6549e-08
  102    260  2.9039e-18  7.5501e-16
  102    261  1.0394e-10  2.7129e-08
  102    263  2.3546e-10  6.1926e-08
  102    264  1.0913e-10  2.8810e-08
  102    266  5.8939e-11  1.5678e-08
  103    265  4.4336e-11  1.1749e-08
  104    267  1.7298e-10  4.6187e-08
  104    268  1.3455e-10  3.6058e-08
  104    270  5.2454e-11  1.4163e-08
  104    272  1.3043e-11  3.5477e-09
  104    274  1.3976e-11  3.8294e-09
  105    269  3.6901e-11  9.9263e-09
  105    271  2.1808e-11  5.9100e-09
  106    273  8.0596e-12  2.2003e-09
  106    274  6.8837e-19  1.8861e-16
  106    275  3.5147e-11  9.6655e-09
  106    276  1.2749e-10  3.5189e-08
  106    278  5.5526e-11  1.5436e-08
  106    280  7.3603e-11  2.0609e-08
  107    277  2.4351e-11  6.7453e-09
  108    279  1.7739e-10  4.9491e-08
  108    280  1.0267e-20  2.8748e-18
  108    281  1.2920e-11  3.6306e-09
  108    282  5.2892e-10  1.4915e-07
  108    283  2.5485e-09  7.2124e-07
  108    284  6.7844e-08  1.9268e-05
  108    286  1.8948e-08  5.4190e-06
  110    285  7.0447e-09  2.0077e-06
  110    286  1.6615e-13  4.7520e-11
  110    287  8.7588e-08  2.5138e-05
  110    288  7.0563e-08  2.0322e-05
  110    290  1.0812e-07  3.1354e-05
  111    289  5.7533e-08  1.6627e-05
  111    290  1.4429e-12  4.1843e-10
  111    291  5.1280e-08  1.4923e-05
  111    292  4.8618e-07  1.4197e-04
  111    293  1.6774e-07  4.9149e-05
  111    294  3.2875e-07  9.6652e-05
  111    295  3.7802e-07  1.1151e-04
  111    296  8.4126e-07  2.4901e-04
  111    297  1.7855e-06  5.3030e-04
  111    298  3.4764e-06  1.0360e-03
  111    299  4.6243e-09  1.3827e-06
  111    300  2.4094e-08  7.2282e-06
  111    301  1.9654e-08  5.9157e-06
  111    302  1.9733e-08  5.9592e-06
  111    303  2.3858e-09  7.2289e-07
  111    304  1.0700e-09  3.2529e-07
  111    305  8.6802e-11  2.6475e-08
  111    306  1.1360e-10  3.4763e-08
  111    307  2.1077e-11  6.4706e-09
  111    308  8.1533e-12  2.5112e-09
  111    309  7.3029e-13  2.2566e-10
  111    310  2.6527e-12  8.2233e-10
  111    311  7.0509e-13  2.1928e-10
  111    312  1.4975e-12  4.6722e-10
  111    313  1.6051e-13  5.0239e-11
  111    314  1.3835e-12  4.3442e-10
  111    315  5.6272e-14  1.7726e-11
  111    316  2.1246e-12  6.7138e-10
  111    317  4.1564e-14  1.3176e-11
  111    318  1.0119e-12  3.2178e-10
  111    319  1.0781e-14  3.4391e-12
  111    320  1.9879e-13  6.3612e-11
  111    321  1.2898e-15  4.1403e-13
  111    322  1.4918e-14  4.8036e-12
  111    323  2.3739e-15  7.6677e-13
  111    324  2.7082e-15  8.7745e-13
  111    325  1.0035e-15  3.2614e-13
  111    326  4.5578e-16  1.4859e-13
  111    327  2.7949e-15  9.1395e-13
  111    328  8.8291e-16  2.8959e-13
  111    329  7.2686e-15  2.3914e-12
  111    330  9.5355e-16  3.1467e-13
  111    331  6.7260e-15  2.2263e-12
  111    332  6.4195e-16  2.1313e-13
  111    333  8.5480e-15  2.8465e-12
  111    334  5.6182e-16  1.8765e-13
  111    335  8.0524e-15  2.6975e-12
  111    336  2.9721e-16  9.9862e-14
  111    337  4.7389e-04  1.5970e-01
    1      1  3.2960e-02  3.2960e-02
    2      4  6.7917e+01  2.7167e+02


