1  2.2504e-09
2  2.5497e-09
3  1.3914e-10
4  2.2023e-01
5  0.0000e+00
6  7.2431e-12
7  2.1783e-10
8  2.9261e-11
9  6.0643e-12
10  2.4245e-11
11  2.1876e-10
12  1.8400e-09
13  1.2648e-08
14  6.8442e-07
15  8.2673e-07
16  5.1845e-08
17  1.2966e-09
18  1.5628e-08
19  1.8317e-07
20  2.6165e-07
21  4.2147e-07
22  5.0646e-09
23  3.6895e-07
24  1.1936e-07
25  1.1924e-07
26  1.5734e-08
27  2.7143e-07
28  7.7776e-07
29  1.1942e-07
30  5.6816e-08
31  7.8705e-08
32  1.2328e-07
33  1.0856e-06
34  8.3305e-07
35  1.3734e-08
36  1.9385e-08
37  5.5766e-08
38  1.2619e-07
39  1.7237e-07
40  2.8472e-07
41  2.5474e-08
42  7.3629e-07
43  3.6571e-07
44  4.6472e-08
45  1.0434e-07
46  8.6346e-08
47  1.1459e-07
48  2.4372e-07
49  2.5208e-07
50  2.5517e-07
51  3.7607e-08
52  1.2903e-07
53  9.2565e-08
54  5.6615e-08
55  7.4637e-08
56  1.7777e-07
57  2.9444e-07
58  1.0666e-08
59  1.2326e-08
60  2.3646e-08
61  4.0025e-08
62  4.0943e-08
63  2.3277e-07
64  1.1964e-07
65  1.0118e-07
66  3.3899e-07
67  1.3004e-07
68  1.3273e-07
69  1.1004e-07
70  3.4436e-07
71  5.2016e-08
72  1.1044e-07
73  5.8888e-08
74  3.3051e-07
75  1.4652e-06
76  1.5810e-06
77  1.6027e-06
78  2.7879e-06
79  4.6468e-06
80  1.0504e-05
81  2.3529e-06
82  7.4407e-07
83  1.2763e-06
84  6.6360e-07
85  6.3941e-07
86  1.6692e-06
87  1.5035e-06
88  8.3240e-07
89  1.8995e-07
90  3.0725e-07
91  1.0251e-07
92  6.3309e-07
93  4.2529e-07
94  1.1762e-06
95  5.8232e-07
96  4.4608e-07
97  3.0667e-07
98  1.0165e-07
99  1.1592e-07
100  1.6159e-07
101  2.6997e-07
102  2.0724e-07
103  2.1980e-07
104  2.4226e-07
105  2.5504e-07
106  5.2274e-07
107  5.6883e-07
108  9.7154e-07
109  8.3047e-07
110  9.3780e-07
111  1.8906e-07
112  3.9428e-07
113  1.3818e-07
114  9.4094e-08
115  5.2922e-08
116  1.1531e-08
117  2.5979e-08
118  3.9549e-08
119  3.6274e-08
120  2.1083e-07
121  2.8145e-07
122  8.3277e-07
123  1.2723e-06
124  9.6690e-06
125  2.8142e-05
126  9.7323e-05
127  5.8905e-05
128  7.0351e-05
129  1.4279e-04
130  5.8177e-05
131  1.7542e-05
132  1.2526e-05
133  2.0786e-05
134  2.1570e-05
135  1.0600e-05
136  6.5828e-06
137  5.9758e-06
138  7.2409e-06
139  2.3777e-06
140  3.8321e-06
141  1.7813e-05
142  7.3753e-06
143  1.4743e-06
144  5.8058e-07
145  2.9138e-07
146  5.5240e-07
147  6.8228e-07
148  1.2157e-06
149  9.4986e-07
150  1.5642e-06
151  1.6270e-06
152  2.2396e-06
153  1.5726e-06
154  2.8378e-06
155  1.4746e-06
156  3.4308e-06
157  2.3481e-06
158  4.5359e-06
159  2.2302e-06
160  3.7976e-06
161  1.8537e-06
162  4.4977e-06
163  2.7015e-06
164  6.6236e-06
165  3.2770e-06
166  6.3890e-06
167  2.6652e-06
168  4.7979e-06
169  4.2175e-06
170  3.4260e-06
171  2.7917e-06
172  2.2629e-06
173  2.2031e-06
174  2.8364e-06
175  2.0282e-06
176  1.9646e-06
177  2.4219e-06
178  2.2262e-06
179  1.7286e-06
180  1.3372e-06
181  1.1936e-06
182  1.2213e-06
183  6.3121e-07
184  9.3212e-07
185  6.4802e-07
186  1.6907e-06
187  1.2669e-06
188  3.0666e-06
189  4.5072e-06
190  9.4179e-06
191  9.6814e-06
192  1.4785e-05
193  1.9502e-05
194  1.8938e-05
195  1.4485e-05
196  6.0636e-06
197  1.9767e-06
198  3.5657e-07
199  4.2562e-08
200  1.0422e-08
201  7.5057e-09
202  1.3815e-08
203  1.5647e-08
204  1.6221e-08
205  1.5105e-08
206  8.2516e-08
207  7.4031e-08
208  7.4712e-08
209  6.5042e-08
210  4.5360e-16
211  1.6344e-21
212  3.2419e-21
213  4.5167e-44
214  2.3756e-22
215  5.4053e-26
216  3.7562e-27
217  5.3986e-96
218  4.0828e-24
219  6.3305e-25
220  1.4403e-24
221  -3.3789e-320
222  7.2477e-21
223  1.5778e-19
224  8.1345e-21
225  2.7061e-40
226  1.1090e-15
227  1.0997e-16
228  2.6159e-14
229  1.0094e-29
230  5.2267e-14
231  1.6449e-13
232  1.1450e-08
233  6.0572e-26
234  1.7020e-13
235  3.5452e-09
236  9.8067e-12
237  -1.8875e-318
238  3.0962e-09
239  3.2047e-21
240  1.9408e-15
241  0.0000e+00
242  1.9400e-137
243  9.7968e-22
244  2.3624e-11
245  0.0000e+00
246  3.6798e-13
247  2.0677e-18
248  1.6063e-136
249  0.0000e+00
250  0.0000e+00
251  1.4714e-315
252  0.0000e+00
253  0.0000e+00
254  0.0000e+00
255  0.0000e+00
256  0.0000e+00
257  7.1543e-26
258  2.5697e-10
259  6.0130e-26
260  1.4129e-10
261  8.0543e-11
262  7.7428e-11
263  6.1956e-11
264  4.8654e-11
265  2.5020e-11
266  2.5846e-11
267  1.0469e-11
268  7.4698e-12
269  9.0471e-12
270  3.6356e-12
271  1.8693e-12
272  1.2696e-12
273  7.8853e-13
274  6.3329e-13
275  2.4757e-13
276  1.9409e-13
277  5.7898e-14
278  5.5515e-14
279  1.6352e-14
280  5.1446e-15
281  1.3676e-15
282  7.7517e-16
283  3.1196e-16
284  4.1238e-16
285  3.8207e-16
286  3.5489e-16
287  3.5251e-16
288  2.4028e-16
289  1.0175e-16
290  6.2033e-17
291  2.4445e-17
292  1.1969e-16
293  5.4222e-17
294  6.8181e-17
295  1.9622e-17
296  2.8807e-17
297  7.9261e-18
298  7.6951e-19
299  6.0136e-19
300  1.6262e-19
301  2.2541e-18
302  4.3408e-18
303  2.5081e-18
304  1.1608e-18
305  3.0219e-19
306  3.3640e-19
307  7.1324e-20
308  1.1639e-19
309  1.2575e-20
310  1.4156e-20
311  9.8788e-21
312  1.9375e-20
313  3.0731e-21
314  1.5231e-20
315  2.2292e-21
316  2.1604e-21
317  7.5784e-21
318  1.1810e-21
319  9.2147e-23
320  8.7682e-23
321  1.6309e-24
322  3.3063e-25
323  0.0000e+00
324  0.0000e+00
325  0.0000e+00
326  0.0000e+00
327  0.0000e+00
328  0.0000e+00
329  0.0000e+00
330  0.0000e+00
331  0.0000e+00
332  0.0000e+00
333  0.0000e+00
334  0.0000e+00
335  0.0000e+00
336  0.0000e+00
337  0.0000e+00

