1  5.2348e-10
2  1.9257e-01
3  3.3795e-19
4  7.1936e-19
5  6.4792e-19
6  2.8006e-07
7  7.8344e-17
8  6.0948e-09
9  9.5791e-19
10  6.9154e-09
11  7.5463e-13
12  6.2281e-09
13  3.3871e-10
14  1.4611e-08
15  5.9016e-09
16  6.1451e-08
17  2.1348e-08
18  3.0175e-08
19  5.8500e-09
20  2.9228e-07
21  4.1880e-09
22  9.2366e-07
23  2.1681e-07
24  3.6447e-06
25  5.0802e-09
26  3.6461e-06
27  1.0164e-06
28  2.9280e-06
29  1.8860e-06
30  1.5651e-06
31  5.2444e-07
32  1.0838e-05
33  8.8953e-07
34  5.1098e-05
35  1.0970e-05
36  3.7289e-05
37  1.1809e-05
38  1.2666e-04
39  1.3287e-05
40  4.4087e-04
41  1.4621e-05
42  2.1395e-04
43  1.1472e-29
44  9.2195e-04
45  8.5640e-05
46  2.7910e-04
47  4.7924e-05
48  3.7787e-05
49  2.8376e-06
50  3.9171e-06
51  1.2119e-07
52  1.2914e-06
53  3.9534e-07
54  7.2013e-08
55  6.7681e-15
56  2.9535e-18
57  2.2204e-19
58  4.2102e-20
59  2.5208e-21
60  8.0821e-22
61  2.8430e-35
62  5.2724e-24
63  1.3352e-24
64  0.0000e+00
65  0.0000e+00
66  0.0000e+00
67  0.0000e+00
68  0.0000e+00
69  0.0000e+00
70  0.0000e+00
71  0.0000e+00
72  0.0000e+00
73  0.0000e+00
74  0.0000e+00
75  0.0000e+00
76  0.0000e+00
77  0.0000e+00
78  0.0000e+00
79  0.0000e+00
80  0.0000e+00
81  0.0000e+00
82  0.0000e+00
83  0.0000e+00
84  0.0000e+00
85  0.0000e+00
86  0.0000e+00
87  0.0000e+00
88  0.0000e+00
89  0.0000e+00
90  0.0000e+00
91  0.0000e+00
92  0.0000e+00
93  0.0000e+00
94  0.0000e+00
95  0.0000e+00
96  0.0000e+00
97  0.0000e+00
98  0.0000e+00
99  0.0000e+00
100  0.0000e+00
101  0.0000e+00
102  0.0000e+00
103  0.0000e+00
104  0.0000e+00
105  0.0000e+00
106  0.0000e+00
107  0.0000e+00
108  0.0000e+00
109  0.0000e+00
110  0.0000e+00
111  0.0000e+00
112  0.0000e+00
113  0.0000e+00
114  0.0000e+00
115  0.0000e+00
116  0.0000e+00
117  0.0000e+00
118  0.0000e+00

