1  2.4671e-08
2  2.2991e-01
3  1.6160e-09
4  6.1567e-09
5  7.1701e-08
6  9.8634e-08
7  5.5407e-06
8  2.0590e-07
9  4.6095e-07
10  1.0940e-06
11  5.9211e-07
12  6.1669e-07
13  1.0057e-07
14  3.0954e-07
15  2.8031e-08
16  8.9482e-07
17  2.5658e-08
18  3.9745e-08
19  6.4936e-08
20  2.2402e-07
21  3.7165e-08
22  7.4637e-08
23  8.7752e-09
24  5.6474e-08
25  3.1926e-09
26  7.9827e-08
27  1.5298e-09
28  3.4152e-08
29  1.0506e-07
30  2.7151e-07
31  2.7763e-08
32  5.3761e-07
33  4.3215e-07
34  3.8013e-06
35  1.1686e-06
36  7.4294e-07
37  4.3957e-07
38  1.2211e-07
39  5.4392e-08
40  4.0636e-07
41  7.6854e-08
42  3.1622e-07
43  1.5477e-33
44  9.3743e-08
45  3.3914e-08
46  3.4786e-07
47  1.8183e-07
48  2.6137e-07
49  4.7467e-08
50  1.0040e-06
51  1.5960e-07
52  1.0142e-05
53  3.3462e-06
54  5.7624e-06
55  5.2068e-07
56  6.0390e-07
57  9.0184e-08
58  2.9135e-07
59  2.8841e-07
60  3.0214e-07
61  5.2310e-86
62  1.7211e-07
63  4.2351e-08
64  2.3871e-07
65  2.3682e-09
66  1.1961e-07
67  2.9575e-08
68  3.7357e-07
69  2.8222e-07
70  6.2009e-07
71  8.8583e-08
72  7.2178e-07
73  1.4096e-07
74  3.3931e-07
75  7.9349e-08
76  7.2265e-07
77  7.5457e-07
78  2.8165e-05
79  1.1018e-05
80  4.9641e-06
81  8.5999e-08
82  1.6899e-05
83  1.2191e-05
84  5.4435e-16
85  1.9980e-26
86  1.5028e-17
87  5.9760e-21
88  2.4776e-11
89  2.2536e-13
90  9.8389e-06
91  3.3786e-10
92  1.3735e-05
93  1.1835e-19
94  8.0479e-08
95  1.1569e-17
96  2.4436e-14
97  1.2426e-09
98  3.3565e-314
99  4.5948e-322
100  1.0938e-05
101  1.7484e-313
102  2.0176e-05
103  4.8793e-06
104  4.9687e-05
105  1.7572e-05
106  6.2257e-05
107  6.5052e-06
108  5.9358e-06
109  3.0959e-319
110  2.0479e-06
111  2.0829e-05
112  0.0000e+00
113  0.0000e+00
114  0.0000e+00
115  0.0000e+00
116  0.0000e+00
117  0.0000e+00
118  0.0000e+00

