1  6.5210e-09
2  2.2462e-01
3  4.0040e-10
4  3.8520e-10
5  2.1130e-09
6  9.3332e-08
7  3.0273e-06
8  1.1941e-07
9  3.5871e-07
10  8.3472e-07
11  6.6496e-07
12  4.8948e-07
13  2.2642e-07
14  7.9796e-07
15  6.8675e-08
16  1.9307e-06
17  5.3369e-08
18  1.2552e-07
19  1.6908e-07
20  7.0066e-07
21  1.0032e-07
22  3.7602e-07
23  2.1073e-08
24  2.6385e-07
25  4.8699e-08
26  2.9914e-07
27  7.4877e-09
28  2.2372e-07
29  3.2026e-07
30  7.0099e-07
31  1.0166e-07
32  2.2695e-06
33  1.6861e-06
34  8.8215e-06
35  3.8063e-06
36  2.3580e-06
37  1.2616e-06
38  3.3842e-07
39  9.1658e-08
40  1.4997e-06
41  3.1115e-07
42  9.0530e-07
43  7.1030e-33
44  6.3215e-07
45  1.7821e-07
46  1.5651e-06
47  7.7195e-07
48  3.0720e-07
49  1.7437e-08
50  6.7942e-06
51  1.6963e-06
52  7.1714e-05
53  1.4388e-05
54  8.1992e-05
55  1.0150e-05
56  1.4688e-05
57  1.6942e-06
58  7.5994e-06
59  1.2559e-05
60  3.6786e-06
61  6.3908e-84
62  4.9378e-06
63  2.1939e-06
64  1.2583e-05
65  2.0518e-06
66  1.2775e-05
67  2.7415e-06
68  1.4863e-05
69  3.2941e-06
70  1.0042e-05
71  1.8313e-06
72  6.4841e-06
73  1.1221e-06
74  8.4110e-06
75  4.6048e-06
76  8.0059e-05
77  6.9869e-05
78  8.4809e-05
79  3.5102e-06
80  2.0347e-06
81  9.7995e-07
82  2.0792e-05
83  7.5878e-06
84  1.3197e-16
85  4.2970e-27
86  3.6435e-18
87  1.2379e-21
88  8.1131e-12
89  4.6683e-14
90  3.3074e-06
91  6.9988e-11
92  3.0723e-06
93  2.6691e-20
94  1.8151e-08
95  9.9531e-19
96  2.1050e-15
97  2.6807e-10
98  2.8348e-314
99  5.7806e-322
100  7.4856e-07
101  -7.6307e-313
102  5.4447e-07
103  8.4563e-08
104  1.5595e-07
105  8.5361e-08
106  2.1062e-08
107  9.5105e-10
108  2.6219e-10
109  -1.3594e-319
110  5.4656e-11
111  7.4442e-11
112  0.0000e+00
113  0.0000e+00
114  0.0000e+00
115  0.0000e+00
116  0.0000e+00
117  0.0000e+00
118  0.0000e+00

