1  3.9516e-10
2  4.4861e-10
3  6.1227e-12
4  1.4745e-01
5  0.0000e+00
6  1.2090e-12
7  9.4498e-12
8  1.2821e-11
9  8.1586e-14
10  3.0864e-12
11  9.2460e-12
12  2.1725e-09
13  1.8834e-09
14  5.7939e-07
15  6.5681e-07
16  3.6288e-08
17  4.5842e-10
18  7.8725e-08
19  3.4435e-07
20  4.6581e-07
21  1.5354e-07
22  1.3236e-08
23  8.7639e-08
24  7.6295e-08
25  6.4352e-08
26  2.0202e-07
27  3.9489e-07
28  1.2306e-06
29  1.1372e-07
30  4.9226e-08
31  1.1394e-07
32  1.3332e-07
33  1.9285e-06
34  1.4928e-06
35  1.7842e-08
36  2.4631e-08
37  1.5336e-07
38  3.2981e-07
39  5.7482e-07
40  1.2272e-06
41  1.8661e-07
42  1.7739e-06
43  9.3279e-07
44  2.4325e-07
45  5.7648e-07
46  3.9173e-07
47  4.0553e-07
48  4.2936e-07
49  8.6513e-07
50  1.0195e-06
51  2.0253e-07
52  4.2019e-07
53  1.5872e-07
54  8.5512e-08
55  1.6589e-07
56  6.1196e-07
57  1.1461e-06
58  2.5664e-08
59  4.2375e-08
60  1.2387e-07
61  2.1214e-07
62  1.4406e-07
63  9.4941e-07
64  2.4105e-07
65  2.5731e-07
66  8.5617e-07
67  5.6621e-07
68  3.1817e-07
69  3.6117e-07
70  1.8042e-06
71  3.8340e-07
72  1.1143e-06
73  9.8980e-07
74  2.3600e-06
75  9.2190e-07
76  2.1998e-07
77  9.2318e-07
78  4.4978e-06
79  7.2259e-06
80  2.2129e-05
81  9.4280e-06
82  7.3288e-06
83  6.1161e-06
84  2.3353e-06
85  1.7276e-06
86  4.1785e-06
87  5.1889e-06
88  5.1845e-06
89  1.5139e-06
90  2.4467e-06
91  9.3864e-07
92  4.2723e-06
93  2.1702e-06
94  6.4316e-06
95  5.1912e-06
96  3.3097e-06
97  3.8718e-06
98  1.2421e-06
99  1.7997e-06
100  2.3650e-06
101  2.9050e-06
102  1.7522e-06
103  1.9580e-06
104  1.2590e-06
105  1.2126e-06
106  1.7747e-06
107  1.4442e-06
108  1.6257e-06
109  3.8268e-06
110  7.0936e-06
111  1.1820e-06
112  4.1723e-06
113  1.8989e-06
114  1.9012e-06
115  1.7993e-06
116  1.9518e-07
117  3.1810e-07
118  1.9709e-07
119  1.2720e-07
120  5.5607e-07
121  3.4020e-07
122  7.1351e-07
123  6.0021e-07
124  4.8884e-06
125  1.2273e-05
126  8.0063e-05
127  1.1587e-04
128  2.4301e-04
129  4.3477e-04
130  3.3816e-04
131  8.5272e-05
132  2.0400e-04
133  2.2048e-04
134  1.2173e-04
135  9.0088e-05
136  1.4607e-04
137  8.3206e-05
138  4.3751e-05
139  5.7499e-05
140  1.4776e-04
141  9.8172e-05
142  3.0957e-05
143  9.4452e-06
144  6.5847e-06
145  4.5671e-06
146  7.9156e-06
147  7.6116e-06
148  7.6322e-06
149  5.1508e-06
150  7.6263e-06
151  5.8542e-06
152  1.0257e-05
153  6.2734e-06
154  1.1822e-05
155  7.5499e-06
156  8.4334e-06
157  8.0892e-06
158  1.6040e-05
159  3.1213e-06
160  1.0482e-05
161  6.7994e-06
162  6.5882e-06
163  4.5443e-06
164  1.2314e-05
165  7.3703e-06
166  1.6339e-05
167  8.5707e-06
168  9.6193e-06
169  1.7642e-05
170  8.2716e-06
171  7.3458e-06
172  7.4557e-06
173  7.5974e-06
174  1.2803e-05
175  7.4736e-06
176  9.1046e-06
177  1.0997e-05
178  6.6838e-06
179  4.0678e-06
180  2.8016e-06
181  1.7870e-06
182  7.9503e-07
183  3.3292e-07
184  5.6692e-07
185  2.3772e-07
186  9.2750e-07
187  7.3339e-07
188  1.9121e-06
189  1.2576e-06
190  3.0887e-06
191  2.3683e-06
192  2.5692e-06
193  1.6528e-06
194  2.4757e-06
195  1.7758e-06
196  1.6579e-06
197  9.8960e-07
198  5.0615e-07
199  1.0523e-07
200  2.4016e-08
201  6.7498e-10
202  9.8160e-11
203  5.6514e-11
204  6.7749e-11
205  4.2525e-11
206  1.6705e-10
207  1.2411e-10
208  1.7924e-10
209  1.1655e-10
210  7.5865e-23
211  2.8363e-24
212  3.9498e-33
213  0.0000e+00
214  3.1095e-26
215  4.8272e-31
216  5.4511e-45
217  0.0000e+00
218  1.1627e-15
219  1.0733e-27
220  2.9872e-15
221  6.2801e-320
222  2.6134e-24
223  6.4802e-23
224  6.3889e-24
225  2.8088e-40
226  3.9989e-19
227  4.5168e-20
228  2.0546e-17
229  1.0936e-29
230  1.8847e-17
231  6.7560e-17
232  8.9929e-12
233  9.5525e-26
234  6.1370e-17
235  1.4561e-12
236  1.4280e-15
237  7.6896e-319
238  1.1165e-12
239  1.4545e-27
240  2.6053e-19
241  0.0000e+00
242  1.2032e-148
243  4.1827e-23
244  3.1664e-15
245  0.0000e+00
246  3.9586e-17
247  1.4016e-22
248  4.2648e-148
249  0.0000e+00
250  0.0000e+00
251  -4.9142e-314
252  0.0000e+00
253  0.0000e+00
254  0.0000e+00
255  0.0000e+00
256  0.0000e+00
257  8.8462e-26
258  1.7130e-14
259  6.4406e-26
260  7.6097e-15
261  5.1444e-15
262  4.4975e-15
263  2.7670e-15
264  1.9649e-15
265  1.2558e-15
266  1.0378e-15
267  4.9898e-16
268  2.5797e-16
269  3.7899e-16
270  1.4893e-16
271  8.4541e-17
272  4.8862e-17
273  2.2423e-17
274  1.5354e-17
275  6.1222e-18
276  5.7644e-18
277  1.2802e-18
278  1.4504e-18
279  3.9929e-19
280  1.0613e-19
281  2.3392e-20
282  7.6815e-21
283  3.1434e-22
284  3.6467e-23
285  0.0000e+00
286  0.0000e+00
287  0.0000e+00
288  0.0000e+00
289  0.0000e+00
290  0.0000e+00
291  0.0000e+00
292  0.0000e+00
293  0.0000e+00
294  0.0000e+00
295  0.0000e+00
296  0.0000e+00
297  0.0000e+00
298  0.0000e+00
299  0.0000e+00
300  0.0000e+00
301  0.0000e+00
302  0.0000e+00
303  0.0000e+00
304  0.0000e+00
305  0.0000e+00
306  0.0000e+00
307  0.0000e+00
308  0.0000e+00
309  0.0000e+00
310  0.0000e+00
311  0.0000e+00
312  0.0000e+00
313  0.0000e+00
314  0.0000e+00
315  0.0000e+00
316  0.0000e+00
317  0.0000e+00
318  0.0000e+00
319  0.0000e+00
320  0.0000e+00
321  0.0000e+00
322  0.0000e+00
323  0.0000e+00
324  0.0000e+00
325  0.0000e+00
326  0.0000e+00
327  0.0000e+00
328  0.0000e+00
329  0.0000e+00
330  0.0000e+00
331  0.0000e+00
332  0.0000e+00
333  0.0000e+00
334  0.0000e+00
335  0.0000e+00
336  0.0000e+00
337  0.0000e+00

