1  1.4847e-10
2  6.0018e-02
3  5.7099e-20
4  1.7605e-19
5  9.8921e-20
6  5.6075e-08
7  1.9307e-18
8  1.1811e-09
9  9.9331e-21
10  1.2090e-09
11  1.7865e-13
12  1.1455e-09
13  7.9909e-11
14  3.2669e-09
15  1.0879e-09
16  7.9072e-09
17  4.1279e-09
18  6.2386e-09
19  1.1839e-09
20  3.5441e-08
21  1.0888e-09
22  1.4082e-07
23  1.4434e-07
24  4.7545e-07
25  1.0191e-09
26  1.2913e-06
27  6.7561e-08
28  1.0675e-06
29  1.0651e-06
30  2.9315e-06
31  1.2628e-06
32  4.1248e-06
33  9.0959e-07
34  2.8464e-05
35  3.4496e-06
36  2.4542e-05
37  1.4281e-05
38  2.8036e-04
39  4.2348e-05
40  2.5389e-03
41  8.4731e-05
42  2.8754e-04
43  8.2118e-29
44  2.4766e-03
45  3.6378e-04
46  9.5240e-04
47  2.8220e-04
48  1.9707e-04
49  2.1690e-05
50  2.8639e-05
51  3.3701e-06
52  4.6909e-06
53  1.3577e-06
54  6.7631e-07
55  1.3181e-12
56  5.1344e-17
57  5.3273e-20
58  1.5086e-20
59  1.2526e-22
60  3.9638e-23
61  0.0000e+00
62  0.0000e+00
63  0.0000e+00
64  0.0000e+00
65  0.0000e+00
66  0.0000e+00
67  0.0000e+00
68  0.0000e+00
69  0.0000e+00
70  0.0000e+00
71  0.0000e+00
72  0.0000e+00
73  0.0000e+00
74  0.0000e+00
75  0.0000e+00
76  0.0000e+00
77  0.0000e+00
78  0.0000e+00
79  0.0000e+00
80  0.0000e+00
81  0.0000e+00
82  0.0000e+00
83  0.0000e+00
84  0.0000e+00
85  0.0000e+00
86  0.0000e+00
87  0.0000e+00
88  0.0000e+00
89  0.0000e+00
90  0.0000e+00
91  0.0000e+00
92  0.0000e+00
93  0.0000e+00
94  0.0000e+00
95  0.0000e+00
96  0.0000e+00
97  0.0000e+00
98  0.0000e+00
99  0.0000e+00
100  0.0000e+00
101  0.0000e+00
102  0.0000e+00
103  0.0000e+00
104  0.0000e+00
105  0.0000e+00
106  0.0000e+00
107  0.0000e+00
108  0.0000e+00
109  0.0000e+00
110  0.0000e+00
111  0.0000e+00
112  0.0000e+00
113  0.0000e+00
114  0.0000e+00
115  0.0000e+00
116  0.0000e+00
117  0.0000e+00
118  0.0000e+00

