1  1.0047e-09
2  1.3510e-01
3  3.8730e-15
4  1.0419e-12
5  4.1174e-15
6  4.2110e-09
7  6.7230e-08
8  4.3343e-08
9  4.1297e-08
10  4.6934e-08
11  1.5713e-08
12  6.0128e-07
13  1.1468e-08
14  1.0130e-07
15  1.7118e-08
16  1.7544e-06
17  2.0724e-07
18  1.1937e-06
19  6.3974e-07
20  5.1482e-06
21  1.7342e-06
22  3.0743e-06
23  1.2961e-07
24  1.1488e-05
25  6.4003e-07
26  3.4821e-06
27  2.4319e-09
28  5.1168e-07
29  2.3484e-06
30  4.3833e-06
31  1.4565e-06
32  1.4158e-05
33  1.1911e-06
34  7.2522e-05
35  1.4324e-05
36  1.7686e-05
37  7.4513e-06
38  6.7460e-06
39  4.7381e-06
40  3.7680e-05
41  4.8222e-06
42  3.4874e-05
43  4.1217e-31
44  2.6893e-05
45  2.8549e-06
46  1.9690e-05
47  9.8349e-06
48  1.0499e-05
49  2.1945e-06
50  1.5236e-04
51  4.8777e-05
52  2.0396e-03
53  7.1590e-04
54  4.0471e-04
55  2.4558e-05
56  4.9232e-06
57  7.0011e-07
58  8.8598e-07
59  2.1832e-07
60  7.1713e-07
61  3.7748e-316
62  3.1242e-07
63  6.3785e-08
64  1.7936e-07
65  9.4726e-10
66  3.3709e-08
67  4.4241e-09
68  2.4985e-08
69  1.0067e-08
70  5.0053e-09
71  3.7266e-10
72  1.0440e-09
73  5.7703e-11
74  2.6094e-10
75  6.7625e-11
76  2.8324e-10
77  8.9656e-11
78  1.9445e-11
79  4.6212e-13
80  4.4519e-14
81  7.1796e-18
82  7.5052e-19
83  1.4402e-19
84  -9.9902e-318
85  0.0000e+00
86  0.0000e+00
87  0.0000e+00
88  8.5159e-26
89  3.6067e-322
90  7.1947e-24
91  3.2618e-319
92  2.1216e-25
93  0.0000e+00
94  0.0000e+00
95  0.0000e+00
96  0.0000e+00
97  0.0000e+00
98  0.0000e+00
99  0.0000e+00
100  0.0000e+00
101  0.0000e+00
102  0.0000e+00
103  0.0000e+00
104  0.0000e+00
105  0.0000e+00
106  0.0000e+00
107  0.0000e+00
108  0.0000e+00
109  0.0000e+00
110  0.0000e+00
111  0.0000e+00
112  0.0000e+00
113  0.0000e+00
114  0.0000e+00
115  0.0000e+00
116  0.0000e+00
117  0.0000e+00
118  0.0000e+00

