    1      2  2.4041e-16  4.8081e-16
    2      3  2.8024e-19  8.4071e-19
    3      6  6.1899e-17  3.7139e-16
    3      7  1.2575e-19  8.8027e-19
    4      8  1.1027e-13  8.8213e-13
    4      9  6.7775e-19  6.0997e-18
    5     10  5.2966e-18  5.2966e-17
    6     12  1.5913e-08  1.9096e-07
    6     13  4.6421e-15  6.0348e-14
    7     14  1.5268e-13  2.1375e-12
    7     15  5.1714e-09  7.7571e-08
    8     16  7.9812e-10  1.2770e-08
    8     17  1.7374e-14  2.9536e-13
    8     18  2.3591e-09  4.2463e-08
    9     19  3.2738e-09  6.2203e-08
   10     20  1.2567e-10  2.5135e-09
   10     21  1.7884e-10  3.7557e-09
   10     22  3.4754e-10  7.6459e-09
   11     23  9.6689e-11  2.2239e-09
   12     24  2.3761e-10  5.7026e-09
   12     25  3.6249e-10  9.0623e-09
   12     26  1.0037e-09  2.6097e-08
   13     26  1.1234e-15  2.9207e-14
   13     27  5.5092e-10  1.4875e-08
   14     28  2.7312e-09  7.6473e-08
   14     29  1.8507e-09  5.3671e-08
   14     30  1.2077e-08  3.6232e-07
   15     31  1.4309e-09  4.4358e-08
   16     32  1.7720e-08  5.6703e-07
   16     33  6.5379e-08  2.1575e-06
   16     34  4.8473e-08  1.6481e-06
   16     36  6.3033e-08  2.2692e-06
   17     35  3.7148e-08  1.3002e-06
   17     37  1.8349e-07  6.7891e-06
   18     36  1.0881e-16  3.9170e-15
   18     38  4.0438e-07  1.5367e-05
   18     40  2.5971e-07  1.0389e-05
   19     39  2.9527e-07  1.1516e-05
   19     41  2.2014e-07  9.0258e-06
   20     42  6.0403e-07  2.5369e-05
   20     43  2.9561e-07  1.2711e-05
   20     44  6.6026e-07  2.9051e-05
   20     46  2.4414e-06  1.1231e-04
   21     45  8.6778e-07  3.9050e-05
   22     46  2.0370e-20  9.3703e-19
   22     47  1.8907e-06  8.8862e-05
   22     48  7.8835e-07  3.7841e-05
   22     49  2.0660e-06  1.0123e-04
   22     50  3.2604e-06  1.6302e-04
   23     51  1.3115e-06  6.6888e-05
   24     52  1.1076e-07  5.7593e-06
   24     53  2.7059e-06  1.4341e-04
   24     54  7.8397e-06  4.2334e-04
   25     55  3.5992e-07  1.9795e-05
   26     56  2.2168e-06  1.2414e-04
   26     57  2.3706e-07  1.3513e-05
   26     58  4.6318e-08  2.6865e-06
   27     59  3.7850e-08  2.2331e-06
   28     60  3.8567e-08  2.3140e-06
   28     61  1.2884e-07  7.8590e-06
   28     62  7.6981e-07  4.7729e-05
   28     64  5.1039e-08  3.2665e-06
   29     63  1.2197e-06  7.6844e-05
   29     65  6.5902e-08  4.2837e-06
   30     64  3.0364e-20  1.9433e-18
   30     66  5.2877e-07  3.4899e-05
   30     67  3.7408e-07  2.5063e-05
   30     68  1.9878e-06  1.3517e-04
   30     70  2.9450e-06  2.0615e-04
   31     69  1.8676e-06  1.2886e-04
   31     71  3.3684e-07  2.3916e-05
   32     70  3.0178e-15  2.1125e-13
   32     72  8.9445e-07  6.4400e-05
   32     73  1.5607e-05  1.1393e-03
   32     74  8.7637e-06  6.4852e-04
   32     76  5.2140e-06  3.9626e-04
   33     75  2.0657e-06  1.5493e-04
   34     76  3.1454e-14  2.3905e-12
   34     77  1.9294e-05  1.4856e-03
   34     78  2.7781e-05  2.1669e-03
   34     80  2.8481e-05  2.2785e-03
   34     82  3.3687e-05  2.7624e-03
   35     79  7.3395e-06  5.7982e-04
   35     81  2.2485e-05  1.8213e-03
   36     82  2.7734e-13  2.2742e-11
   36     83  9.2195e-06  7.6522e-04
   36     84  2.3573e-06  1.9801e-04
   36     86  3.6503e-05  3.1393e-03
   37     85  1.3004e-05  1.1054e-03
   37     87  3.2671e-06  2.8423e-04
   38     86  4.1735e-20  3.5892e-18
   38     87  2.3922e-08  2.0812e-06
   38     88  6.7665e-06  5.9545e-04
   39     89  6.6916e-06  5.9555e-04
   40     90  1.8349e-05  1.6514e-03
   40     91  6.7085e-06  6.1048e-04
   40     92  3.3105e-05  3.0457e-03
   40     94  6.6298e-06  6.2320e-04
   41     93  4.0337e-06  3.7513e-04
   42     95  5.5035e-06  5.2283e-04
   42     96  9.5000e-06  9.1200e-04
   42     97  4.8893e-06  4.7426e-04
   42     98  2.5588e-06  2.5076e-04
   42    100  4.9987e-05  4.9987e-03
   44     99  1.8394e-05  1.8210e-03
   44    100  4.9107e-13  4.9107e-11
   44    101  9.2111e-05  9.3032e-03
   44    102  1.8190e-05  1.8554e-03
   44    104  8.9251e-05  9.2821e-03
   45    103  1.7708e-05  1.8239e-03
   46    104  2.1764e-18  2.2635e-16
   46    105  5.6402e-05  5.9222e-03
   46    106  7.7859e-05  8.2531e-03
   46    108  3.2762e-05  3.5383e-03
   46    110  1.4750e-04  1.6225e-02
   47    107  6.6409e-05  7.1058e-03
   47    109  7.4381e-05  8.1075e-03
   48    110  2.4968e-13  2.7465e-11
   48    111  3.4156e-05  3.7913e-03
   48    112  8.6936e-05  9.7368e-03
   48    113  4.4758e-05  5.0576e-03
   48    114  6.6746e-05  7.6091e-03
   48    116  2.5297e-06  2.9344e-04
   49    113  1.9698e-12  2.2259e-10
   49    115  2.6900e-05  3.0935e-03
   50    115  2.1463e-11  2.4682e-09
   50    116  5.8988e-13  6.8426e-11
   50    117  6.6653e-06  7.7984e-04
   50    118  3.7520e-06  4.4274e-04
   50    119  3.9776e-06  4.7334e-04
   50    120  8.9566e-05  1.0748e-02
   50    122  1.3963e-04  1.7035e-02
   50    124  1.2051e-04  1.4943e-02
   51    121  6.3115e-05  7.6369e-03
   51    123  6.3232e-05  7.7775e-03
   52    122  2.7588e-13  3.3657e-11
   52    124  5.5915e-15  6.9334e-13
   52    125  2.9628e-04  3.7035e-02
   52    126  8.5524e-04  1.0776e-01
   52    128  4.9957e-04  6.3945e-02
   52    130  6.9112e-06  8.9846e-04
   53    127  5.8210e-04  7.3926e-02
   53    129  3.0560e-13  3.9422e-11
   54    128  1.1398e-15  1.4590e-13
   54    129  1.5798e-04  2.0379e-02
   54    130  2.4432e-14  3.1762e-12
   54    131  1.1632e-07  1.5238e-05
   54    132  1.0871e-07  1.4350e-05
   54    134  4.5580e-08  6.1077e-06
   54    136  7.6079e-10  1.0347e-07
   55    133  1.2229e-07  1.6264e-05
   56    135  3.4782e-09  4.6955e-07
   56    136  4.0596e-19  5.5211e-17
   56    137  9.2341e-10  1.2651e-07
   56    138  2.8681e-10  3.9580e-08
   57    139  1.6353e-10  2.2730e-08
   58    140  3.2649e-10  4.5708e-08
   58    142  7.6049e-12  1.0799e-09
   59    141  9.1058e-12  1.2839e-09
   60    143  9.4948e-12  1.3578e-09
   60    144  1.5120e-11  2.1773e-09
   60    145  6.9535e-12  1.0083e-09
   60    146  1.4656e-11  2.1398e-09
   60    148  1.3977e-11  2.0686e-09
   60    150  6.9176e-12  1.0376e-09
   62    147  1.3562e-11  1.9936e-09
   62    148  2.0438e-19  3.0248e-17
   62    149  7.5171e-12  1.1201e-09
   62    150  2.3427e-18  3.5141e-16
   62    152  5.8734e-12  8.9276e-10
   62    154  3.6755e-12  5.6602e-10
   63    151  3.3675e-12  5.0850e-10
   63    153  2.9423e-12  4.5017e-10
   64    155  2.6644e-12  4.1299e-10
   64    156  8.4499e-13  1.3182e-10
   64    157  9.3664e-13  1.4705e-10
   64    158  9.3894e-13  1.4835e-10
   64    160  2.8900e-13  4.6240e-11
   65    159  1.4422e-13  2.2931e-11
   66    161  2.1430e-13  3.4503e-11
   66    162  1.1417e-13  1.8495e-11
   66    163  6.1255e-14  9.9845e-12
   66    164  9.6124e-14  1.5764e-11
   67    165  5.0551e-14  8.3409e-12
   68    166  8.6919e-14  1.4429e-11
   68    167  2.7946e-14  4.6670e-12
   68    168  1.8751e-14  3.1501e-12
   68    170  5.3407e-15  9.0792e-13
   69    169  2.2437e-14  3.7919e-12
   70    171  2.3701e-15  4.0529e-13
   70    172  1.7818e-15  3.0648e-13
   70    173  1.0901e-15  1.8859e-13
   70    174  1.2881e-15  2.2413e-13
   70    176  5.1432e-16  9.0520e-14
   71    175  5.5416e-16  9.6978e-14
   72    177  2.2503e-16  3.9830e-14
   72    178  4.1644e-17  7.4127e-15
   72    179  1.0539e-17  1.8866e-15
   72    180  4.3126e-18  7.7627e-16
   73    181  2.0969e-18  3.7953e-16
   74    182  1.0376e-18  1.8884e-16
   74    183  6.1522e-19  1.1258e-16
   74    184  8.9920e-19  1.6545e-16
   74    186  7.2639e-19  1.3511e-16
   75    185  3.3999e-19  6.2898e-17
   75    187  4.0002e-19  7.4803e-17
   76    188  6.7643e-19  1.2717e-16
   76    189  2.3664e-19  4.4725e-17
   76    190  5.8170e-19  1.1052e-16
   76    192  4.6175e-19  8.8655e-17
   77    191  4.6057e-19  8.7970e-17
   77    193  2.3342e-19  4.5050e-17
   78    194  1.9693e-19  3.8205e-17
   78    195  6.4073e-20  1.2494e-17
   78    196  2.6874e-20  5.2674e-18
    1      1  8.2058e-11  8.2058e-11
    2      4  1.2438e-01  4.9753e-01


