    1      2  1.2998e-16  2.5996e-16
    3      6  1.9789e-18  1.1874e-17
    3      7  1.0755e-20  7.5285e-20
    4      8  2.7148e-14  2.1719e-13
    4      9  5.8852e-19  5.2967e-18
    5     10  4.5960e-19  4.5960e-18
    6     12  1.8622e-08  2.2347e-07
    6     13  3.9203e-15  5.0964e-14
    7     14  8.3435e-15  1.1681e-13
    7     15  1.5903e-09  2.3854e-08
    8     16  9.4138e-10  1.5062e-08
    8     17  1.4311e-15  2.4329e-14
    8     18  4.9857e-10  8.9742e-09
    9     19  6.9554e-10  1.3215e-08
   10     20  2.0118e-10  4.0236e-09
   10     21  3.7475e-11  7.8698e-10
   10     22  7.6877e-11  1.6913e-09
   11     23  1.4796e-11  3.4030e-10
   12     24  1.5814e-10  3.7954e-09
   12     25  1.7671e-10  4.4178e-09
   12     26  6.9434e-10  1.8053e-08
   13     26  4.8035e-16  1.2489e-14
   13     27  5.0112e-10  1.3530e-08
   14     28  2.6813e-09  7.5075e-08
   14     29  1.2441e-09  3.6078e-08
   14     30  8.9236e-09  2.6771e-07
   15     31  9.3816e-10  2.9083e-08
   16     32  8.1079e-09  2.5945e-07
   16     33  5.6550e-09  1.8661e-07
   16     34  1.4023e-08  4.7677e-07
   16     36  2.4730e-08  8.9027e-07
   17     35  1.4367e-08  5.0284e-07
   17     37  1.2933e-07  4.7854e-06
   18     36  7.1218e-17  2.5638e-15
   18     38  2.5523e-07  9.6987e-06
   18     40  5.5565e-08  2.2226e-06
   19     39  6.9257e-08  2.7010e-06
   19     41  7.2446e-08  2.9703e-06
   20     42  1.7743e-07  7.4520e-06
   20     43  4.2817e-07  1.8411e-05
   20     44  8.3778e-07  3.6862e-05
   20     46  1.6918e-06  7.7823e-05
   21     45  3.6231e-07  1.6304e-05
   22     47  1.6709e-06  7.8532e-05
   22     48  1.1080e-06  5.3184e-05
   22     49  1.2090e-06  5.9243e-05
   22     50  1.9990e-06  9.9952e-05
   23     51  1.0494e-06  5.3517e-05
   24     52  1.9876e-07  1.0335e-05
   24     53  3.4142e-06  1.8095e-04
   24     54  7.9853e-06  4.3121e-04
   25     55  3.1875e-07  1.7531e-05
   26     56  1.6123e-06  9.0291e-05
   26     57  1.4336e-07  8.1713e-06
   26     58  8.1053e-08  4.7011e-06
   27     59  6.2659e-08  3.6969e-06
   28     60  3.0735e-08  1.8441e-06
   28     61  1.1080e-07  6.7591e-06
   28     62  5.7238e-07  3.5487e-05
   28     64  1.3880e-08  8.8832e-07
   29     63  7.1925e-07  4.5313e-05
   29     65  4.6289e-08  3.0088e-06
   30     64  2.1168e-20  1.3547e-18
   30     66  3.9200e-07  2.5872e-05
   30     67  2.9118e-07  1.9509e-05
   30     68  1.8340e-06  1.2471e-04
   30     70  1.9876e-06  1.3913e-04
   31     69  1.3950e-06  9.6257e-05
   31     71  2.2346e-07  1.5866e-05
   32     70  1.9427e-15  1.3599e-13
   32     72  7.5445e-07  5.4320e-05
   32     73  1.5454e-05  1.1282e-03
   32     74  7.3391e-06  5.4309e-04
   32     76  5.3755e-06  4.0854e-04
   33     75  2.0279e-06  1.5209e-04
   34     76  2.9207e-14  2.2197e-12
   34     77  1.9330e-05  1.4884e-03
   34     78  2.7992e-05  2.1833e-03
   34     80  3.9687e-05  3.1750e-03
   34     82  2.1085e-05  1.7289e-03
   35     79  8.0604e-06  6.3677e-04
   35     81  1.3987e-05  1.1329e-03
   36     82  1.5247e-13  1.2503e-11
   36     83  7.4664e-06  6.1971e-04
   36     84  1.1622e-06  9.7628e-05
   36     86  4.1498e-05  3.5688e-03
   37     85  1.4246e-05  1.2109e-03
   37     87  3.7720e-06  3.2816e-04
   38     86  3.7117e-20  3.1921e-18
   38     87  2.7620e-08  2.4029e-06
   38     88  4.8765e-06  4.2913e-04
   39     89  1.2049e-05  1.0723e-03
   40     90  4.7624e-05  4.2861e-03
   40     91  6.3791e-06  5.8050e-04
   40     92  2.0543e-05  1.8900e-03
   40     94  9.5400e-06  8.9676e-04
   41     93  1.1385e-05  1.0588e-03
   42     95  4.3991e-06  4.1792e-04
   42     96  2.3906e-06  2.2950e-04
   42     97  1.6519e-06  1.6024e-04
   42     98  6.3551e-06  6.2280e-04
   42    100  8.4647e-05  8.4647e-03
   44     99  3.3920e-05  3.3581e-03
   44    100  7.3831e-13  7.3831e-11
   44    101  1.6258e-04  1.6420e-02
   44    102  3.4537e-05  3.5228e-03
   44    104  2.1892e-04  2.2768e-02
   45    103  3.9164e-05  4.0339e-03
   46    104  3.1691e-18  3.2958e-16
   46    105  1.6571e-04  1.7400e-02
   46    106  1.7753e-04  1.8818e-02
   46    108  5.7446e-05  6.2042e-03
   46    110  3.1457e-04  3.4602e-02
   47    107  1.0836e-04  1.1595e-02
   47    109  1.6756e-04  1.8264e-02
   48    110  4.1273e-13  4.5400e-11
   48    111  6.8921e-05  7.6502e-03
   48    112  1.6250e-04  1.8201e-02
   48    113  7.9823e-05  9.0200e-03
   48    114  1.0591e-04  1.2074e-02
   48    116  4.5889e-06  5.3231e-04
   49    113  3.5131e-12  3.9698e-10
   49    115  3.6680e-05  4.2181e-03
   50    115  2.9265e-11  3.3655e-09
   50    116  6.2809e-13  7.2859e-11
   50    117  1.4912e-05  1.7447e-03
   50    118  6.3592e-06  7.5039e-04
   50    119  5.9399e-06  7.0685e-04
   50    120  1.2893e-04  1.5472e-02
   50    122  9.8812e-05  1.2055e-02
   50    124  7.9118e-05  9.8107e-03
   51    121  6.7744e-05  8.1971e-03
   51    123  3.9263e-05  4.8294e-03
   52    122  2.5284e-13  3.0846e-11
   52    124  3.6126e-15  4.4796e-13
   52    125  2.2145e-04  2.7681e-02
   52    126  6.3122e-04  7.9533e-02
   52    128  3.9645e-04  5.0746e-02
   52    130  5.0635e-06  6.5826e-04
   53    127  4.4687e-04  5.6753e-02
   53    129  2.5155e-13  3.2450e-11
   54    128  6.2872e-16  8.0476e-14
   54    129  1.2277e-04  1.5838e-02
   54    130  1.5117e-14  1.9653e-12
   54    131  1.3168e-07  1.7250e-05
   54    132  3.4956e-08  4.6142e-06
   54    134  1.3375e-08  1.7923e-06
   54    136  6.8297e-11  9.2884e-09
   55    133  2.7612e-08  3.6724e-06
   56    135  1.0803e-09  1.4584e-07
   56    136  1.0129e-19  1.3775e-17
   56    137  6.8233e-12  9.3479e-10
   56    138  1.7403e-11  2.4017e-09
   57    139  5.3345e-11  7.4150e-09
   58    140  1.0592e-10  1.4828e-08
   58    142  5.5670e-12  7.9051e-10
   59    141  5.4644e-12  7.7048e-10
   60    143  4.8333e-12  6.9116e-10
   60    144  2.6885e-12  3.8714e-10
   60    145  7.6387e-13  1.1076e-10
   60    146  1.6328e-12  2.3838e-10
   60    148  3.5109e-12  5.1961e-10
   60    150  8.7338e-13  1.3101e-10
   62    147  2.3540e-12  3.4603e-10
   62    148  2.3983e-20  3.5495e-18
   62    149  1.3140e-12  1.9578e-10
   62    150  3.7972e-19  5.6958e-17
   62    152  7.9151e-13  1.2031e-10
   62    154  5.3158e-13  8.1863e-11
   63    151  3.7385e-13  5.6451e-11
   63    153  4.3068e-13  6.5895e-11
   64    155  3.8299e-13  5.9363e-11
   64    156  8.3532e-14  1.3031e-11
   64    157  1.0208e-13  1.6026e-11
   64    158  7.6984e-14  1.2163e-11
   64    160  1.9591e-14  3.1345e-12
   65    159  8.9903e-15  1.4295e-12
   66    161  1.6334e-14  2.6299e-12
   66    162  8.1071e-15  1.3133e-12
   66    163  4.4654e-15  7.2785e-13
   66    164  6.5547e-15  1.0750e-12
   67    165  3.3711e-15  5.5623e-13
   68    166  5.4242e-15  9.0042e-13
   68    167  1.5496e-15  2.5877e-13
   68    168  9.1468e-16  1.5367e-13
   68    170  2.4157e-16  4.1067e-14
   69    169  1.0891e-15  1.8405e-13
   70    171  9.5381e-17  1.6310e-14
   70    172  6.4908e-17  1.1164e-14
   70    173  3.5152e-17  6.0813e-15
   70    174  3.8355e-17  6.6737e-15
   70    176  1.4054e-17  2.4734e-15
   71    175  1.4775e-17  2.5855e-15
   72    177  5.8141e-18  1.0291e-15
   72    178  9.4079e-19  1.6746e-16
   72    179  2.2140e-19  3.9631e-17
   72    180  8.8270e-20  1.5889e-17
   73    181  4.1318e-20  7.4785e-18
   74    182  1.1130e-20  2.0257e-18
    1      1  5.1284e-11  5.1284e-11
    2      4  1.1654e-01  4.6616e-01


