1  1.4141e-10
2  4.8217e-16
3  4.8798e-21
4  1.8190e-01
5  0.0000e+00
6  4.8611e-19
7  3.1472e-20
8  9.9267e-17
9  1.3157e-18
10  8.5815e-19
11  1.9235e-21
12  5.5017e-08
13  2.0245e-14
14  7.0118e-17
15  3.6662e-11
16  2.4711e-09
17  1.2257e-15
18  1.6238e-12
19  2.5058e-12
20  8.4325e-10
21  5.6197e-13
22  6.4123e-13
23  3.3192e-13
24  2.3143e-10
25  1.2502e-10
26  1.0504e-09
27  1.0019e-09
28  5.3662e-09
29  2.5983e-09
30  1.1653e-08
31  1.9136e-09
32  5.6395e-09
33  7.3591e-09
34  5.0533e-08
35  2.9861e-08
36  5.4736e-08
37  9.3751e-08
38  1.6825e-07
39  4.2189e-09
40  4.7307e-09
41  1.6301e-08
42  3.8719e-08
43  4.3325e-07
44  7.9174e-07
45  5.2096e-08
46  5.7682e-07
47  8.9401e-07
48  1.4971e-06
49  2.6513e-07
50  5.6961e-07
51  6.1362e-07
52  2.7425e-07
53  3.0962e-06
54  7.0528e-06
55  2.4262e-07
56  7.8382e-07
57  5.8224e-08
58  4.1783e-08
59  3.4916e-08
60  1.6525e-08
61  7.2129e-08
62  2.2608e-07
63  2.9352e-07
64  1.2280e-08
65  1.5374e-07
66  1.2489e-06
67  1.1172e-06
68  5.0775e-07
69  3.0189e-07
70  7.5264e-07
71  1.1163e-07
72  4.5242e-07
73  9.7140e-06
74  4.2967e-06
75  1.5746e-06
76  5.4903e-06
77  1.8781e-05
78  2.7103e-05
79  1.3722e-05
80  4.3434e-05
81  2.5042e-06
82  5.2366e-06
83  5.0787e-06
84  1.2730e-06
85  1.1853e-05
86  3.4550e-05
87  4.7624e-06
88  6.8089e-06
89  1.6129e-05
90  6.1793e-05
91  8.5122e-06
92  2.1874e-05
93  1.8407e-05
94  5.6464e-06
95  2.1396e-07
96  1.3847e-07
97  9.0792e-07
98  7.1062e-06
99  1.9258e-05
100  4.9020e-05
101  9.4969e-05
102  3.2467e-05
103  8.8523e-06
104  2.4312e-05
105  1.3129e-04
106  2.3989e-04
107  1.1685e-04
108  1.3993e-04
109  2.4128e-04
110  3.1430e-04
111  4.2499e-05
112  7.3660e-05
113  3.4447e-05
114  4.0181e-05
115  1.3682e-05
116  2.4955e-06
117  1.2148e-05
118  9.4030e-06
119  5.6413e-06
120  1.8508e-05
121  1.1563e-05
122  2.2591e-05
123  1.4832e-05
124  3.9188e-05
125  8.0281e-05
126  1.8417e-04
127  8.3792e-05
128  4.9335e-05
129  1.3817e-05
130  2.6331e-07
131  6.3594e-09
132  4.9692e-10
133  1.2375e-10
134  2.4505e-11
135  2.5128e-12
136  1.4880e-13
137  1.8266e-14
138  4.8217e-14
139  3.0654e-14
140  6.2654e-14
141  6.8756e-15
142  5.5090e-15
143  3.0697e-15
144  3.9084e-16
145  8.3944e-17
146  2.8622e-16
147  3.2159e-16
148  4.5123e-16
149  1.7238e-16
150  1.5057e-16
151  5.2584e-17
152  1.2776e-16
153  6.5318e-17
154  5.1570e-17
155  4.8279e-17
156  5.2399e-18
157  8.2062e-18
158  6.5113e-18
159  5.9324e-19
160  1.2241e-18
161  1.2396e-18
162  5.9966e-19
163  3.6724e-19
164  5.6255e-19
165  3.1166e-19
166  6.1093e-19
167  1.9202e-19
168  1.2009e-19
169  1.3878e-19
170  2.6883e-20
171  9.1288e-21
172  5.0888e-21
173  2.0185e-21
174  1.5415e-21
175  3.7568e-22
176  2.7629e-22
177  9.9734e-23
178  1.3868e-23
179  2.7707e-24
180  1.0284e-24
181  4.7000e-25
182  0.0000e+00
183  0.0000e+00
184  0.0000e+00
185  0.0000e+00
186  0.0000e+00
187  0.0000e+00
188  0.0000e+00
189  0.0000e+00
190  0.0000e+00
191  0.0000e+00
192  0.0000e+00
193  0.0000e+00
194  0.0000e+00
195  0.0000e+00
196  0.0000e+00
197  0.0000e+00
198  0.0000e+00
199  0.0000e+00
200  0.0000e+00
201  0.0000e+00
202  0.0000e+00
203  0.0000e+00
204  0.0000e+00
205  0.0000e+00
206  0.0000e+00
207  0.0000e+00
208  0.0000e+00
209  0.0000e+00
210  0.0000e+00
211  0.0000e+00
212  0.0000e+00
213  0.0000e+00
214  0.0000e+00
215  0.0000e+00
216  0.0000e+00
217  0.0000e+00
218  0.0000e+00
219  0.0000e+00
220  0.0000e+00
221  0.0000e+00
222  0.0000e+00
223  0.0000e+00
224  0.0000e+00
225  0.0000e+00
226  0.0000e+00
227  0.0000e+00
228  0.0000e+00
229  0.0000e+00
230  0.0000e+00
231  0.0000e+00
232  0.0000e+00
233  0.0000e+00
234  0.0000e+00
235  0.0000e+00
236  0.0000e+00
237  0.0000e+00
238  0.0000e+00
239  0.0000e+00
240  0.0000e+00
241  0.0000e+00
242  0.0000e+00
243  0.0000e+00
244  0.0000e+00
245  0.0000e+00
246  0.0000e+00
247  0.0000e+00
248  0.0000e+00
249  0.0000e+00
250  0.0000e+00
251  0.0000e+00
252  0.0000e+00
253  0.0000e+00
254  0.0000e+00
255  0.0000e+00
256  0.0000e+00
257  0.0000e+00
258  0.0000e+00
259  0.0000e+00
260  0.0000e+00
261  0.0000e+00
262  0.0000e+00
263  0.0000e+00
264  0.0000e+00
265  0.0000e+00
266  0.0000e+00
267  0.0000e+00
268  0.0000e+00
269  0.0000e+00
270  0.0000e+00
271  0.0000e+00
272  0.0000e+00
273  0.0000e+00
274  0.0000e+00
275  0.0000e+00
276  0.0000e+00
277  0.0000e+00
278  0.0000e+00
279  0.0000e+00
280  0.0000e+00
281  0.0000e+00
282  0.0000e+00
283  0.0000e+00
284  0.0000e+00
285  0.0000e+00
286  0.0000e+00
287  0.0000e+00
288  0.0000e+00
289  0.0000e+00
290  0.0000e+00
291  0.0000e+00
292  0.0000e+00
293  0.0000e+00
294  0.0000e+00
295  0.0000e+00
296  0.0000e+00
297  0.0000e+00
298  0.0000e+00
299  0.0000e+00
300  0.0000e+00
301  0.0000e+00
302  0.0000e+00
303  0.0000e+00
304  0.0000e+00
305  0.0000e+00
306  0.0000e+00
307  0.0000e+00
308  0.0000e+00
309  0.0000e+00
310  0.0000e+00
311  0.0000e+00
312  0.0000e+00
313  0.0000e+00
314  0.0000e+00
315  0.0000e+00
316  0.0000e+00
317  0.0000e+00
318  0.0000e+00
319  0.0000e+00
320  0.0000e+00
321  0.0000e+00
322  0.0000e+00
323  0.0000e+00
324  0.0000e+00
325  0.0000e+00
326  0.0000e+00
327  0.0000e+00
328  0.0000e+00
329  0.0000e+00
330  0.0000e+00
331  0.0000e+00
332  0.0000e+00
333  0.0000e+00
334  0.0000e+00
335  0.0000e+00
336  0.0000e+00
337  0.0000e+00

