1  3.0539e-10
2  5.1525e-16
3  1.3050e-21
4  1.6504e-01
5  0.0000e+00
6  1.6840e-19
7  8.0600e-21
8  1.6391e-21
9  5.4616e-19
10  3.4089e-19
11  6.9148e-22
12  2.1070e-07
13  1.4244e-13
14  6.1669e-18
15  9.4630e-17
16  5.0369e-09
17  6.0532e-16
18  1.8918e-18
19  2.9321e-18
20  5.4911e-09
21  1.2790e-14
22  4.1110e-18
23  6.1396e-13
24  3.7440e-09
25  4.8452e-10
26  5.0092e-10
27  2.7488e-10
28  2.4584e-09
29  2.2047e-09
30  5.8527e-09
31  4.5286e-09
32  1.5852e-08
33  6.2738e-09
34  2.2560e-08
35  4.3032e-09
36  7.6350e-09
37  1.1727e-08
38  2.2146e-08
39  3.8141e-09
40  3.1516e-10
41  5.3419e-10
42  2.1899e-07
43  6.3950e-09
44  1.1813e-08
45  3.1118e-09
46  1.0962e-08
47  1.4730e-07
48  6.5970e-07
49  1.8139e-08
50  3.0722e-08
51  2.0961e-07
52  3.5102e-06
53  3.6829e-07
54  1.6954e-07
55  6.3292e-09
56  2.3465e-06
57  1.1767e-07
58  1.3941e-06
59  1.2737e-06
60  3.2393e-07
61  2.3926e-07
62  1.6627e-07
63  7.1759e-07
64  2.6244e-06
65  1.3432e-06
66  6.7749e-07
67  9.5544e-07
68  3.9614e-08
69  3.7628e-08
70  9.1442e-08
71  5.0193e-07
72  1.9309e-06
73  5.3965e-06
74  1.5587e-06
75  1.0078e-06
76  3.4767e-06
77  9.6333e-06
78  1.4748e-05
79  7.9902e-06
80  3.8205e-05
81  4.0739e-06
82  3.3243e-07
83  7.8097e-06
84  3.8642e-05
85  3.8554e-06
86  1.6003e-06
87  1.0224e-05
88  1.6822e-04
89  1.6751e-05
90  2.6583e-05
91  5.0056e-05
92  9.7022e-06
93  1.4671e-05
94  3.6222e-04
95  1.9796e-05
96  1.2220e-04
97  4.8274e-05
98  1.9299e-05
99  1.3796e-04
100  1.2329e-04
101  1.9476e-04
102  8.7648e-04
103  1.3077e-04
104  2.4671e-04
105  1.7618e-04
106  6.9381e-05
107  3.8013e-05
108  2.0385e-04
109  4.6944e-05
110  3.5647e-05
111  9.4022e-06
112  2.8133e-05
113  7.6355e-06
114  2.8094e-05
115  6.3240e-06
116  7.6622e-06
117  7.1863e-06
118  8.9681e-07
119  2.0838e-07
120  5.2217e-07
121  1.5775e-07
122  1.3507e-07
123  1.1879e-07
124  3.8229e-07
125  1.1265e-06
126  1.9430e-06
127  1.2055e-06
128  9.6993e-07
129  2.3718e-07
130  3.1611e-08
131  1.0283e-09
132  4.5486e-11
133  4.5167e-14
134  4.5977e-16
135  1.6226e-17
136  6.4060e-16
137  4.3243e-18
138  7.4105e-18
139  1.0924e-18
140  1.3960e-19
141  1.4763e-20
142  5.9886e-20
143  1.1271e-21
144  3.8593e-21
145  7.1944e-22
146  1.1441e-22
147  2.5624e-23
148  1.3881e-24
149  9.3825e-25
150  2.8248e-23
151  9.3731e-24
152  9.6612e-24
153  2.8504e-24
154  1.8318e-24
155  1.0356e-24
156  0.0000e+00
157  0.0000e+00
158  0.0000e+00
159  0.0000e+00
160  0.0000e+00
161  0.0000e+00
162  0.0000e+00
163  0.0000e+00
164  0.0000e+00
165  0.0000e+00
166  0.0000e+00
167  0.0000e+00
168  0.0000e+00
169  0.0000e+00
170  0.0000e+00
171  0.0000e+00
172  0.0000e+00
173  0.0000e+00
174  0.0000e+00
175  0.0000e+00
176  0.0000e+00
177  0.0000e+00
178  0.0000e+00
179  0.0000e+00
180  0.0000e+00
181  0.0000e+00
182  0.0000e+00
183  0.0000e+00
184  0.0000e+00
185  0.0000e+00
186  0.0000e+00
187  0.0000e+00
188  0.0000e+00
189  0.0000e+00
190  0.0000e+00
191  0.0000e+00
192  0.0000e+00
193  0.0000e+00
194  0.0000e+00
195  0.0000e+00
196  0.0000e+00
197  0.0000e+00
198  0.0000e+00
199  0.0000e+00
200  0.0000e+00
201  0.0000e+00
202  0.0000e+00
203  0.0000e+00
204  0.0000e+00
205  0.0000e+00
206  0.0000e+00
207  0.0000e+00
208  0.0000e+00
209  0.0000e+00
210  0.0000e+00
211  0.0000e+00
212  0.0000e+00
213  0.0000e+00
214  0.0000e+00
215  0.0000e+00
216  0.0000e+00
217  0.0000e+00
218  0.0000e+00
219  0.0000e+00
220  0.0000e+00
221  0.0000e+00
222  0.0000e+00
223  0.0000e+00
224  0.0000e+00
225  0.0000e+00
226  0.0000e+00
227  0.0000e+00
228  0.0000e+00
229  0.0000e+00
230  0.0000e+00
231  0.0000e+00
232  0.0000e+00
233  0.0000e+00
234  0.0000e+00
235  0.0000e+00
236  0.0000e+00
237  0.0000e+00
238  0.0000e+00
239  0.0000e+00
240  0.0000e+00
241  0.0000e+00
242  0.0000e+00
243  0.0000e+00
244  0.0000e+00
245  0.0000e+00
246  0.0000e+00
247  0.0000e+00
248  0.0000e+00
249  0.0000e+00
250  0.0000e+00
251  0.0000e+00
252  0.0000e+00
253  0.0000e+00
254  0.0000e+00
255  0.0000e+00
256  0.0000e+00
257  0.0000e+00
258  0.0000e+00
259  0.0000e+00
260  0.0000e+00
261  0.0000e+00
262  0.0000e+00
263  0.0000e+00
264  0.0000e+00
265  0.0000e+00
266  0.0000e+00
267  0.0000e+00
268  0.0000e+00
269  0.0000e+00
270  0.0000e+00
271  0.0000e+00
272  0.0000e+00
273  0.0000e+00
274  0.0000e+00
275  0.0000e+00
276  0.0000e+00
277  0.0000e+00
278  0.0000e+00
279  0.0000e+00
280  0.0000e+00
281  0.0000e+00
282  0.0000e+00
283  0.0000e+00
284  0.0000e+00
285  0.0000e+00
286  0.0000e+00
287  0.0000e+00
288  0.0000e+00
289  0.0000e+00
290  0.0000e+00
291  0.0000e+00
292  0.0000e+00
293  0.0000e+00
294  0.0000e+00
295  0.0000e+00
296  0.0000e+00
297  0.0000e+00
298  0.0000e+00
299  0.0000e+00
300  0.0000e+00
301  0.0000e+00
302  0.0000e+00
303  0.0000e+00
304  0.0000e+00
305  0.0000e+00
306  0.0000e+00
307  0.0000e+00
308  0.0000e+00
309  0.0000e+00
310  0.0000e+00
311  0.0000e+00
312  0.0000e+00
313  0.0000e+00
314  0.0000e+00
315  0.0000e+00
316  0.0000e+00
317  0.0000e+00
318  0.0000e+00
319  0.0000e+00
320  0.0000e+00
321  0.0000e+00
322  0.0000e+00
323  0.0000e+00
324  0.0000e+00
325  0.0000e+00
326  0.0000e+00
327  0.0000e+00
328  0.0000e+00
329  0.0000e+00
330  0.0000e+00
331  0.0000e+00
332  0.0000e+00
333  0.0000e+00
334  0.0000e+00
335  0.0000e+00
336  0.0000e+00
337  0.0000e+00

