1  1.8538e-09
2  1.9276e-01
3  4.6827e-16
4  7.3042e-14
5  8.5995e-17
6  1.4795e-08
7  2.7905e-09
8  2.8574e-09
9  2.8765e-09
10  8.5970e-09
11  7.4967e-09
12  1.0864e-07
13  2.4511e-09
14  9.6744e-08
15  7.4718e-09
16  9.9645e-07
17  3.2101e-07
18  9.5533e-07
19  4.7604e-07
20  2.7812e-06
21  8.7660e-07
22  4.5427e-06
23  4.7045e-07
24  7.3226e-06
25  3.8790e-07
26  1.4114e-06
27  4.8222e-10
28  4.4804e-07
29  1.3663e-06
30  2.1197e-06
31  6.9601e-07
32  1.0266e-05
33  5.4472e-06
34  8.9564e-05
35  2.5428e-05
36  2.1074e-05
37  1.5406e-05
38  2.2133e-05
39  4.7262e-06
40  7.6914e-06
41  1.1553e-06
42  1.5079e-05
43  1.2576e-31
44  2.8263e-05
45  6.6299e-06
46  1.4177e-04
47  8.3065e-05
48  2.2046e-05
49  2.6971e-06
50  2.4609e-04
51  6.3014e-05
52  8.6296e-04
53  2.1493e-04
54  3.8580e-05
55  1.0426e-07
56  9.0133e-09
57  1.3347e-11
58  6.9347e-11
59  3.6262e-11
60  9.5231e-11
61  -9.1976e-316
62  3.7288e-11
63  1.1739e-11
64  1.3092e-11
65  3.5226e-13
66  1.9615e-12
67  2.3751e-13
68  6.4718e-13
69  9.5188e-14
70  2.4166e-14
71  1.2123e-15
72  1.0561e-15
73  6.6995e-17
74  2.0401e-16
75  6.8056e-17
76  1.0112e-16
77  3.3962e-17
78  2.0579e-17
79  6.0109e-19
80  1.3005e-20
81  0.0000e+00
82  0.0000e+00
83  0.0000e+00
84  0.0000e+00
85  0.0000e+00
86  0.0000e+00
87  0.0000e+00
88  0.0000e+00
89  0.0000e+00
90  0.0000e+00
91  0.0000e+00
92  0.0000e+00
93  0.0000e+00
94  0.0000e+00
95  0.0000e+00
96  0.0000e+00
97  0.0000e+00
98  0.0000e+00
99  0.0000e+00
100  0.0000e+00
101  0.0000e+00
102  0.0000e+00
103  0.0000e+00
104  0.0000e+00
105  0.0000e+00
106  0.0000e+00
107  0.0000e+00
108  0.0000e+00
109  0.0000e+00
110  0.0000e+00
111  0.0000e+00
112  0.0000e+00
113  0.0000e+00
114  0.0000e+00
115  0.0000e+00
116  0.0000e+00
117  0.0000e+00
118  0.0000e+00

