1  1.0572e-10
2  1.7939e-01
3  2.8713e-19
4  2.1900e-17
5  5.3712e-19
6  6.5024e-08
7  1.2846e-11
8  2.7053e-09
9  5.6512e-13
10  1.1266e-09
11  5.2310e-14
12  1.2354e-09
13  9.4518e-10
14  1.4120e-08
15  2.3496e-09
16  1.4131e-07
17  8.6283e-08
18  9.1725e-08
19  1.1890e-08
20  1.5775e-06
21  1.8266e-08
22  2.7328e-06
23  5.4128e-07
24  9.6534e-06
25  1.9729e-07
26  6.1926e-07
27  2.8647e-08
28  3.5147e-07
29  4.7880e-07
30  3.8814e-06
31  3.0912e-07
32  1.9995e-05
33  1.4239e-06
34  9.2023e-05
35  1.4884e-05
36  4.1079e-05
37  1.7124e-05
38  6.2714e-06
39  1.8701e-05
40  1.1701e-04
41  2.1045e-05
42  7.0007e-05
43  3.5961e-30
44  2.0696e-04
45  8.7572e-06
46  9.8359e-04
47  4.1579e-04
48  2.5938e-04
49  1.9992e-05
50  8.1014e-05
51  1.2487e-05
52  1.7292e-04
53  4.7198e-05
54  8.6232e-06
55  1.8363e-11
56  5.3000e-13
57  2.9510e-15
58  6.8993e-15
59  1.0931e-15
60  6.3448e-16
61  -1.8571e-315
62  7.7578e-17
63  1.3752e-17
64  8.5167e-18
65  6.8602e-20
66  3.1206e-19
67  3.5222e-20
68  1.0640e-19
69  1.5363e-20
70  2.0480e-21
71  4.2904e-23
72  1.2999e-23
73  0.0000e+00
74  0.0000e+00
75  0.0000e+00
76  0.0000e+00
77  0.0000e+00
78  0.0000e+00
79  0.0000e+00
80  0.0000e+00
81  0.0000e+00
82  0.0000e+00
83  0.0000e+00
84  0.0000e+00
85  0.0000e+00
86  0.0000e+00
87  0.0000e+00
88  0.0000e+00
89  0.0000e+00
90  0.0000e+00
91  0.0000e+00
92  0.0000e+00
93  0.0000e+00
94  0.0000e+00
95  0.0000e+00
96  0.0000e+00
97  0.0000e+00
98  0.0000e+00
99  0.0000e+00
100  0.0000e+00
101  0.0000e+00
102  0.0000e+00
103  0.0000e+00
104  0.0000e+00
105  0.0000e+00
106  0.0000e+00
107  0.0000e+00
108  0.0000e+00
109  0.0000e+00
110  0.0000e+00
111  0.0000e+00
112  0.0000e+00
113  0.0000e+00
114  0.0000e+00
115  0.0000e+00
116  0.0000e+00
117  0.0000e+00
118  0.0000e+00

