    1      2  3.1341e-16  6.2683e-16
    3      6  8.7045e-20  5.2227e-19
    4      9  4.9165e-19  4.4248e-18
    5     10  1.8374e-19  1.8374e-18
    6     12  1.7418e-07  2.0901e-06
    6     13  5.9773e-14  7.7705e-13
    7     14  2.9952e-18  4.1932e-17
    7     15  5.5029e-16  8.2544e-15
    8     16  6.0335e-09  9.6537e-08
    8     17  8.0327e-16  1.3656e-14
    8     18  1.1460e-17  2.0627e-16
    9     19  1.9785e-17  3.7592e-16
   10     20  5.7025e-09  1.1405e-07
   10     21  2.5808e-14  5.4197e-13
   10     22  1.3795e-17  3.0349e-16
   11     23  5.9733e-13  1.3739e-11
   12     24  2.8007e-09  6.7217e-08
   12     25  4.9723e-10  1.2431e-08
   12     26  1.0164e-09  2.6427e-08
   13     26  7.0695e-15  1.8381e-13
   13     27  5.1341e-10  1.3862e-08
   14     28  1.2866e-09  3.6026e-08
   14     29  1.7736e-09  5.1436e-08
   14     30  4.6978e-09  1.4093e-07
   15     31  4.5207e-09  1.4014e-07
   16     32  1.7991e-08  5.7571e-07
   16     33  7.5012e-09  2.4754e-07
   16     34  3.8857e-08  1.3211e-06
   16     36  4.6810e-09  1.6851e-07
   17     35  2.4921e-09  8.7223e-08
   17     37  9.6770e-09  3.5805e-07
   18     36  5.0773e-14  1.8278e-12
   18     38  1.8332e-08  6.9662e-07
   18     40  2.2956e-10  9.1823e-09
   19     39  3.1297e-09  1.2206e-07
   19     40  2.3726e-18  9.4902e-17
   19     41  4.7833e-10  1.9611e-08
   20     40  8.0727e-19  3.2291e-17
   20     42  2.3454e-07  9.8508e-06
   20     43  2.2940e-08  9.8643e-07
   20     44  4.1426e-08  1.8227e-06
   20     46  8.9989e-09  4.1395e-07
   21     45  1.9191e-09  8.6360e-08
   22     46  1.3114e-20  6.0326e-19
   22     47  1.8950e-07  8.9064e-06
   22     48  8.3228e-07  3.9949e-05
   22     49  1.1148e-08  5.4623e-07
   22     50  3.6145e-08  1.8073e-06
   23     51  1.6568e-07  8.4498e-06
   24     52  4.3085e-06  2.2404e-04
   24     53  6.9126e-07  3.6637e-05
   24     54  3.1828e-07  1.7187e-05
   25     55  1.3565e-08  7.4607e-07
   26     56  1.1198e-06  6.2707e-05
   26     57  1.1436e-07  6.5185e-06
   26     58  2.4130e-06  1.3996e-04
   27     59  1.6057e-06  9.4739e-05
   28     60  4.3320e-07  2.5992e-05
   28     61  8.3439e-07  5.0898e-05
   28     62  3.3854e-07  2.0989e-05
   28     64  2.2099e-06  1.4143e-04
   29     63  6.9256e-07  4.3631e-05
   29     65  9.4776e-07  6.1604e-05
   30     64  6.5270e-20  4.1773e-18
   30     66  5.7565e-07  3.7993e-05
   30     67  1.0665e-06  7.1457e-05
   30     68  2.9819e-07  2.0277e-05
   30     70  9.2315e-08  6.4621e-06
   31     69  6.0500e-08  4.1745e-06
   31     71  1.2722e-07  9.0327e-06
   32     70  4.5636e-16  3.1945e-14
   32     72  1.2575e-06  9.0537e-05
   32     73  7.1440e-06  5.2151e-04
   32     74  1.9937e-06  1.4753e-04
   32     76  3.7078e-06  2.8179e-04
   33     75  9.9494e-07  7.4620e-05
   34     76  6.8888e-14  5.2355e-12
   34     77  1.1073e-05  8.5264e-04
   34     78  1.6986e-05  1.3249e-03
   34     80  4.1005e-05  3.2804e-03
   34     82  1.8398e-07  1.5087e-05
   35     79  9.1528e-06  7.2307e-04
   35     81  4.1867e-06  3.3912e-04
   36     82  2.4432e-13  2.0034e-11
   36     83  7.4816e-06  6.2097e-04
   36     84  3.5924e-05  3.0176e-03
   36     86  4.7042e-06  4.0456e-04
   37     85  4.1241e-06  3.5055e-04
   37     87  8.7858e-06  7.6436e-04
   38     86  5.2133e-20  4.4834e-18
   38     87  6.4328e-08  5.5965e-06
   38     88  7.3171e-05  6.4390e-03
   39     89  2.7954e-05  2.4879e-03
   40     90  9.7915e-05  8.8123e-03
   40     91  3.5372e-05  3.2189e-03
   40     92  1.7036e-05  1.5673e-03
   40     94  4.6988e-05  4.4169e-03
   41     93  1.0511e-05  9.7757e-04
   42     95  1.0072e-05  9.5687e-04
   42     96  9.0767e-05  8.7137e-03
   42     97  4.2968e-05  4.1679e-03
   42     98  2.2997e-05  2.2537e-03
   42    100  1.4531e-04  1.4531e-02
   44     99  5.8479e-05  5.7895e-03
   44    100  7.3299e-12  7.3299e-10
   44    101  3.3605e-04  3.3941e-02
   44    102  8.2346e-04  8.3992e-02
   44    104  2.3129e-04  2.4055e-02
   45    103  1.2013e-04  1.2374e-02
   46    104  6.8675e-17  7.1422e-15
   46    105  2.4750e-04  2.5988e-02
   46    106  9.4349e-05  1.0001e-02
   46    108  2.5483e-04  2.7521e-02
   46    110  5.2448e-05  5.7693e-03
   47    107  4.1176e-05  4.4058e-03
   47    109  5.4102e-05  5.8971e-03
   48    110  8.9076e-13  9.7984e-11
   48    111  1.3404e-05  1.4879e-03
   48    112  2.5083e-05  2.8093e-03
   48    113  1.0191e-05  1.1516e-03
   48    114  4.5465e-05  5.1830e-03
   48    116  8.6071e-06  9.9842e-04
   49    113  4.4850e-13  5.0681e-11
   49    115  8.8751e-06  1.0206e-03
   50    115  7.0811e-12  8.1432e-10
   50    116  9.6978e-13  1.1249e-10
   50    117  9.6545e-06  1.1296e-03
   50    118  1.2398e-06  1.4630e-04
   50    119  2.8486e-07  3.3899e-05
   50    120  1.7625e-07  2.1150e-05
   50    122  4.0672e-08  4.9620e-06
   50    124  4.3267e-07  5.3651e-05
   51    121  4.7979e-08  5.8054e-06
   51    123  5.2288e-08  6.4314e-06
   52    122  9.6638e-16  1.1790e-13
   52    124  2.0164e-17  2.5003e-15
   52    125  1.8800e-06  2.3500e-04
   52    126  3.4038e-06  4.2888e-04
   52    128  1.4212e-06  1.8191e-04
   52    130  4.3850e-08  5.7005e-06
   53    127  1.7936e-06  2.2778e-04
   53    129  6.1273e-15  7.9042e-13
   54    128  1.6668e-17  2.1335e-15
   54    129  3.8323e-07  4.9437e-05
   54    130  2.7762e-16  3.6091e-14
   54    131  1.3672e-09  1.7911e-07
   54    132  5.9572e-11  7.8635e-09
   54    134  1.4242e-16  1.9085e-14
   54    136  7.7787e-16  1.0579e-13
   55    133  5.0873e-14  6.7661e-12
   56    135  4.2484e-17  5.7353e-15
   56    137  1.8531e-17  2.5387e-15
   56    138  4.8384e-17  6.6770e-15
   57    139  2.0934e-18  2.9098e-16
   58    140  5.9488e-19  8.3284e-17
   58    142  1.5224e-19  2.1619e-17
   59    141  4.1528e-19  5.8554e-17
   60    143  1.3709e-20  1.9604e-18
   60    144  5.4169e-20  7.8004e-18
    1      1  1.5176e-10  1.5176e-10
    2      4  1.6814e-01  6.7257e-01


