1  1.8236e-09
2  1.4243e-01
3  7.8225e-18
4  8.4122e-15
5  3.2216e-18
6  1.9759e-08
7  7.4949e-10
8  1.5380e-09
9  1.9160e-10
10  4.6649e-10
11  2.4963e-10
12  1.8087e-09
13  6.9983e-10
14  1.9772e-08
15  1.3958e-09
16  8.3401e-08
17  2.4578e-07
18  3.6384e-07
19  1.4965e-07
20  3.2937e-06
21  1.6502e-06
22  5.5461e-06
23  1.0805e-06
24  2.7212e-06
25  8.2200e-07
26  4.4660e-06
27  1.4689e-08
28  1.0379e-06
29  3.1013e-06
30  5.3468e-06
31  2.3425e-06
32  3.8875e-05
33  3.0181e-06
34  9.1386e-05
35  2.6673e-05
36  4.4523e-05
37  1.8668e-05
38  1.0804e-05
39  1.7285e-06
40  4.5519e-05
41  1.5504e-05
42  1.0025e-04
43  2.6156e-30
44  2.1063e-04
45  2.9571e-05
46  7.5192e-04
47  3.9520e-04
48  6.5745e-04
49  4.3595e-05
50  2.3444e-04
51  1.1024e-04
52  7.3829e-04
53  1.9226e-04
54  4.8824e-05
55  3.0708e-09
56  1.0079e-09
57  1.8883e-12
58  1.3894e-11
59  7.0761e-13
60  1.6193e-12
61  1.5674e-315
62  5.7945e-13
63  1.2086e-13
64  6.4413e-14
65  4.4362e-15
66  3.6422e-15
67  3.2770e-16
68  5.8930e-16
69  7.8823e-17
70  1.2971e-17
71  6.1986e-19
72  2.6071e-19
73  2.0270e-21
74  8.6230e-22
75  4.3335e-23
76  4.5161e-23
77  4.4180e-24
78  0.0000e+00
79  0.0000e+00
80  0.0000e+00
81  0.0000e+00
82  0.0000e+00
83  0.0000e+00
84  0.0000e+00
85  0.0000e+00
86  0.0000e+00
87  0.0000e+00
88  0.0000e+00
89  0.0000e+00
90  0.0000e+00
91  0.0000e+00
92  0.0000e+00
93  0.0000e+00
94  0.0000e+00
95  0.0000e+00
96  0.0000e+00
97  0.0000e+00
98  0.0000e+00
99  0.0000e+00
100  0.0000e+00
101  0.0000e+00
102  0.0000e+00
103  0.0000e+00
104  0.0000e+00
105  0.0000e+00
106  0.0000e+00
107  0.0000e+00
108  0.0000e+00
109  0.0000e+00
110  0.0000e+00
111  0.0000e+00
112  0.0000e+00
113  0.0000e+00
114  0.0000e+00
115  0.0000e+00
116  0.0000e+00
117  0.0000e+00
118  0.0000e+00

