1  9.8678e-04
2  2.0402e-01
3  4.3315e-09
4  3.6672e-07
5  2.4491e-07
6  1.4493e-07
7  1.8475e-06
8  1.0000e-05
9  2.7849e-08
10  9.2630e-06
11  5.6796e-07
12  5.6346e-07
13  1.8969e-09
14  1.6312e-07
15  7.5354e-09
16  3.4316e-07
17  2.1773e-07
18  3.1595e-08
19  9.4183e-10
20  7.0793e-10
21  1.0151e-10
22  2.2476e-09
23  1.8912e-11
24  3.7751e-11
25  1.4332e-12
26  7.5145e-11
27  1.3179e-12
28  2.1189e-10
29  6.2443e-12
30  2.9437e-11
31  6.8964e-12
32  5.2026e-11
33  1.0349e-11
34  1.1900e-10
35  1.3496e-11
36  3.2537e-11
37  3.6838e-11
38  5.8828e-12
39  3.3630e-12
40  2.2741e-11
41  2.8623e-12
42  3.9113e-11
43  3.2497e-37
44  7.0555e-12
45  1.0218e-12
46  1.1206e-11
47  1.8804e-12
48  9.3346e-12
49  1.1721e-12
50  1.6354e-11
51  9.6939e-13
52  3.9539e-10
53  1.8611e-12
54  2.1828e-09
55  9.1457e-10
56  4.3500e-11
57  1.2042e-12
58  2.2379e-12
59  3.8890e-13
60  1.0035e-12
61  4.6283e-142
62  1.4752e-13
63  2.4490e-14
64  4.5472e-14
65  1.6505e-15
66  5.2807e-15
67  2.1944e-15
68  6.6100e-15
69  2.2842e-15
70  5.1420e-15
71  5.0808e-16
72  4.8331e-15
73  1.5113e-15
74  4.7208e-15
75  1.5995e-15
76  1.8235e-14
77  1.0955e-14
78  2.3596e-14
79  1.3029e-14
80  2.4063e-14
81  5.0740e-14
82  -8.8030e-11
83  6.2564e-08
84  2.5525e-15
85  6.9922e-35
86  5.2378e-17
87  2.1716e-29
88  5.2960e-17
89  8.1889e-22
90  2.7316e-14
91  1.2277e-18
92  3.5323e-14
93  3.1133e-30
94  3.4397e-16
95  3.5558e-24
96  7.5049e-21
97  2.1053e-18
98  5.2099e-314
99  1.1215e-321
100  1.5699e-12
101  3.5500e-235
102  1.7649e-12
103  4.9469e-13
104  1.6043e-14
105  2.0341e-14
106  1.5933e-12
107  1.5207e-14
108  1.4158e-08
109  1.7810e-319
110  9.1984e-09
111  5.4143e-04
112  0.0000e+00
113  0.0000e+00
114  0.0000e+00
115  0.0000e+00
116  0.0000e+00
117  0.0000e+00
118  0.0000e+00

