    1      2  3.5426e-16  7.0852e-16
    3      6  6.4449e-20  3.8670e-19
    4      9  4.0309e-19  3.6278e-18
    5     10  1.2598e-19  1.2598e-18
    6     12  9.6676e-08  1.1601e-06
    6     13  3.1173e-14  4.0526e-13
    7     14  1.5838e-18  2.2173e-17
    7     15  1.5414e-16  2.3121e-15
    8     16  3.0367e-09  4.8587e-08
    8     17  4.7709e-16  8.1104e-15
    8     18  9.3496e-18  1.6829e-16
    9     19  1.3884e-17  2.6380e-16
   10     20  2.9033e-09  5.8065e-08
   10     21  9.9193e-15  2.0831e-13
   10     22  4.3784e-18  9.6325e-17
   11     23  3.4858e-13  8.0174e-12
   12     24  1.6028e-09  3.8468e-08
   12     25  2.4142e-10  6.0355e-09
   12     26  3.8761e-10  1.0078e-08
   13     26  3.3010e-15  8.5827e-14
   13     27  1.9730e-10  5.3272e-09
   14     28  8.0757e-10  2.2612e-08
   14     29  9.8336e-10  2.8517e-08
   14     30  2.5687e-09  7.7062e-08
   15     31  2.2930e-09  7.1082e-08
   16     32  8.8729e-09  2.8393e-07
   16     33  3.6676e-09  1.2103e-07
   16     34  1.7395e-08  5.9141e-07
   16     36  2.8226e-09  1.0161e-07
   17     35  1.6193e-09  5.6674e-08
   17     37  5.5162e-09  2.0410e-07
   18     36  4.2361e-14  1.5250e-12
   18     38  9.9883e-09  3.7956e-07
   18     40  1.4226e-10  5.6904e-09
   19     39  1.7114e-09  6.6745e-08
   19     40  2.2753e-18  9.1012e-17
   19     41  2.4784e-10  1.0161e-08
   20     40  8.3199e-19  3.3280e-17
   20     42  1.2505e-07  5.2520e-06
   20     43  4.0226e-09  1.7297e-07
   20     44  1.5229e-08  6.7006e-07
   20     46  7.3979e-09  3.4030e-07
   21     45  2.5527e-09  1.1487e-07
   22     46  2.7279e-20  1.2548e-18
   22     47  2.0405e-07  9.5903e-06
   22     48  3.7329e-07  1.7918e-05
   22     49  3.1341e-09  1.5357e-07
   22     50  1.7141e-08  8.5706e-07
   23     51  1.4898e-07  7.5978e-06
   24     52  2.9087e-06  1.5125e-04
   24     53  3.3488e-07  1.7748e-05
   24     54  2.7135e-07  1.4653e-05
   25     55  2.4420e-08  1.3431e-06
   26     56  1.2167e-06  6.8133e-05
   26     57  7.7405e-08  4.4121e-06
   26     58  7.3305e-07  4.2517e-05
   27     59  1.7998e-06  1.0619e-04
   28     60  5.1704e-07  3.1023e-05
   28     61  5.0932e-07  3.1069e-05
   28     62  2.7220e-07  1.6877e-05
   28     64  1.0584e-06  6.7736e-05
   29     63  6.6518e-07  4.1906e-05
   29     65  1.1053e-06  7.1842e-05
   30     64  1.7907e-19  1.1461e-17
   30     66  5.7822e-07  3.8162e-05
   30     67  8.3321e-07  5.5825e-05
   30     68  8.5920e-08  5.8426e-06
   30     70  4.3167e-07  3.0217e-05
   31     69  1.5673e-07  1.0814e-05
   31     71  1.4523e-06  1.0311e-04
   32     70  3.6248e-14  2.5373e-12
   32     72  3.1966e-06  2.3016e-04
   32     73  5.1383e-06  3.7510e-04
   32     74  2.8521e-06  2.1106e-04
   32     76  3.5748e-06  2.7169e-04
   33     75  9.8681e-07  7.4011e-05
   34     76  5.8786e-13  4.4677e-11
   34     77  1.3343e-05  1.0274e-03
   34     78  9.5738e-06  7.4675e-04
   34     80  3.5387e-05  2.8310e-03
   34     82  2.4398e-07  2.0006e-05
   35     79  4.6943e-06  3.7085e-04
   35     81  3.6736e-06  2.9756e-04
   36     82  2.0284e-11  1.6633e-09
   36     83  5.1248e-06  4.2536e-04
   36     84  4.2639e-05  3.5817e-03
   36     86  1.6266e-06  1.3989e-04
   37     85  3.2452e-06  2.7585e-04
   37     87  1.6498e-05  1.4353e-03
   38     86  9.7730e-18  8.4048e-16
   38     87  1.2079e-07  1.0509e-05
   38     88  1.6160e-04  1.4221e-02
   39     89  3.6318e-05  3.2323e-03
   40     90  4.2590e-05  3.8331e-03
   40     91  4.8367e-05  4.4014e-03
   40     92  9.4789e-06  8.7206e-04
   40     94  3.0067e-04  2.8263e-02
   41     93  4.3988e-05  4.0909e-03
   42     95  7.6349e-05  7.2532e-03
   42     96  3.1554e-04  3.0291e-02
   42     97  9.7745e-05  9.4812e-03
   42     98  6.6650e-05  6.5317e-03
   42    100  2.3592e-04  2.3592e-02
   44     99  2.3488e-04  2.3254e-02
   44    100  3.8539e-11  3.8539e-09
   44    101  2.8037e-04  2.8317e-02
   44    102  1.0648e-03  1.0860e-01
   44    104  5.4249e-04  5.6419e-02
   45    103  2.5756e-04  2.6528e-02
   46    104  3.9301e-13  4.0873e-11
   46    105  5.4275e-04  5.6989e-02
   46    106  1.2682e-04  1.3443e-02
   46    108  2.3501e-04  2.5381e-02
   46    110  1.6613e-04  1.8274e-02
   47    107  7.9566e-05  8.5135e-03
   47    109  1.1149e-04  1.2152e-02
   48    110  2.4010e-11  2.6411e-09
   48    111  1.7857e-05  1.9821e-03
   48    112  4.9668e-05  5.5628e-03
   48    113  2.2908e-05  2.5886e-03
   48    114  8.5426e-05  9.7386e-03
   48    116  1.8271e-05  2.1195e-03
   49    113  1.0082e-12  1.1393e-10
   49    115  1.9850e-05  2.2827e-03
   50    115  1.5837e-11  1.8213e-09
   50    116  6.6837e-14  7.7530e-12
   50    117  3.8847e-05  4.5451e-03
   50    118  7.9817e-06  9.4184e-04
   50    119  2.4105e-06  2.8685e-04
   50    120  6.0517e-06  7.2621e-04
   50    122  1.7590e-06  2.1460e-04
   50    124  6.5894e-07  8.1709e-05
   51    121  3.4598e-06  4.1864e-04
   51    123  7.1963e-07  8.8515e-05
   52    122  6.6105e-13  8.0648e-11
   52    124  2.0558e-15  2.5492e-13
   52    125  7.9829e-07  9.9786e-05
   52    126  5.9164e-07  7.4547e-05
   52    128  2.3083e-06  2.9547e-04
   52    130  7.5034e-08  9.7545e-06
   53    127  1.0324e-06  1.3112e-04
   53    129  8.2251e-15  1.0610e-12
   54    128  3.7949e-19  4.8575e-17
   54    129  5.9191e-07  7.6356e-05
   54    130  1.0288e-15  1.3374e-13
   54    131  3.6326e-09  4.7586e-07
   54    132  1.1318e-10  1.4940e-08
   54    134  2.7699e-15  3.7117e-13
   54    136  7.0598e-15  9.6014e-13
   55    133  3.7661e-13  5.0089e-11
   56    135  2.3141e-16  3.1240e-14
   56    137  3.5052e-17  4.8022e-15
   56    138  1.9619e-16  2.7074e-14
   57    139  1.3263e-17  1.8436e-15
   58    140  2.0487e-18  2.8682e-16
   58    142  6.8163e-19  9.6791e-17
   59    141  4.4573e-19  6.2848e-17
   60    143  1.8634e-20  2.6646e-18
   60    144  1.2045e-19  1.7345e-17
   60    145  2.1466e-20  3.1126e-18
    1      1  1.4684e-09  1.4684e-09
    2      4  1.1013e-01  4.4051e-01


